*---------------------------------------------------------------------------*
* Station name: SALZBURG-FLUGHAFEN                      
* Year: 2010
* Author: Pedro Alencar                                   -999.000: NIL VALUE
* Source: ECAD 
* Comments: 
* Longitude: 47.7892, latitude: 47.7892, altitude: 430 m.
*
* Column  Daily value
* 1       station number
* 2       year
* 3       day
* 4       irradiation                   (kJ m-2 d-1)
* 5       minimum temperature           (degrees Celsius)
* 6       maximum temperature           (degrees Celsius)
* 7       early morning vapour pressure (kPa)
* 8       mean wind speed (height: 2 m) (m s-1)
* 9       precipitation                 (mm d-1)
*
** WCCDESCRIPTION=GERMANY, SALZBURG-FLUGHAFEN                      
** WCCFORMAT=2
** WCCYEARNR=2010
*---------------------------------------------------------------------------*
   47.7892  13.0081    430.  -0.18 -0.55
14	2010	1	3196.8	1.3	5.7	0.7065	2.6	7.3
14	2010	2	1641.6	-3	4	0.4815	4.5	0.4
14	2010	3	3628.8	-5.9	-1	0.308	2.1	0
14	2010	4	6566.4	-8.7	-1.6	0.2834	2.1	0
14	2010	5	6393.6	-14.1	-4	0.2869	1	0
14	2010	6	3283.2	-9.4	-3.2	0.3245	0.6	0.1
14	2010	7	4320	-4.6	0.6	0.4697	1	0.5
14	2010	8	864	-5.7	-1.9	0.4154	2.1	0
14	2010	9	518.4	-2.4	-1.6	0.5013	2.1	0.2
14	2010	10	691.2	-2.7	-1.9	0.4181	2.1	0.2
14	2010	11	1900.8	-3.6	-2.1	0.4558	0.2	4.2
14	2010	12	5961.6	-9.3	-0.5	0.3696	1	0
14	2010	13	3888	-12.2	-5	0.3067	1	0
14	2010	14	5961.6	-7.8	0.1	0.3954	1	0
14	2010	15	3024	-10	-1.9	0.3373	2.1	0
14	2010	16	7257.6	-9.7	0.7	0.3809	1	0.2
14	2010	17	1728	-9.3	5.5	0.4466	4.5	5.6
14	2010	18	864	1.2	5.1	0.6969	2.1	1
14	2010	19	6307.2	-2	5.2	0.5418	1	0
14	2010	20	6825.6	-3.7	3.5	0.5035	1.5	0
14	2010	21	864	-2	0.1	0.5074	1.5	0
14	2010	22	1728	-0.9	0.3	0.5201	1	0
14	2010	23	7084.8	-2.8	0.5	0.4382	2.1	0
14	2010	24	5097.6	-4.8	-1.8	0.3881	2.1	0
14	2010	25	5529.6	-5	1.4	0.407	2.1	1.8
14	2010	26	3369.6	-6.1	-1.3	0.4138	2.1	1.2
14	2010	27	3196.8	-8.1	-5.6	0.3074	2.1	2.1
14	2010	28	1123.2	-7.4	0.9	0.3655	3.8	0.2
14	2010	29	5097.6	-1.7	2.7	0.4435	2.6	1.7
14	2010	30	4320	-1.8	0.7	0.4226	3.8	1.4
14	2010	31	5011.2	-4.9	-0.7	0.3432	2.6	0.6
14	2010	32	5616	-4.7	-0.3	0.3305	2.6	1.2
14	2010	33	6220.8	-4	2.2	0.3376	3.8	0
14	2010	34	777.6	-1.3	2	0.539	2.6	12.7
14	2010	35	7257.6	-1.1	5.2	0.5737	2.1	0
14	2010	36	3888	-3.8	1.6	0.5357	2.1	4.6
14	2010	37	2592	0.2	2.2	0.6331	1	8.9
14	2010	38	2937.6	0.2	2.1	0.571	3.2	0
14	2010	39	8121.6	-3.6	0.2	0.4208	3.2	0
14	2010	40	8985.6	-4.9	-1.9	0.3757	2.1	0
14	2010	41	1900.8	-5.7	-3.9	0.3895	2.6	3.9
14	2010	42	3974.4	-6.9	-3.9	0.3517	1	1.9
14	2010	43	3801.6	-8.4	-2.7	0.3315	1.5	0
14	2010	44	5875.2	-7.6	-1.1	0.3144	1	0
14	2010	45	2332.8	-4.8	-3.5	0.3372	2.1	0
14	2010	46	4060.8	-5.3	-2.7	0.3182	1.5	0
14	2010	47	12182.4	-14.1	1.3	0.2993	1	0
14	2010	48	11664	-8.4	4.6	0.4147	2.1	0
14	2010	49	5616	-4.2	4.9	0.5828	0.6	0.7
14	2010	50	6739.2	-2.8	2.5	0.556	2.6	2.3
14	2010	51	3974.4	0.6	3.4	0.4799	2.1	0
14	2010	52	12441.6	-1.1	6.7	0.381	3.2	0
14	2010	53	6652.8	-1.4	9	0.3768	2.6	0
14	2010	54	9072	1.7	12.9	0.4293	3.2	0
14	2010	55	10022.4	4	12.1	0.71	2.6	0
14	2010	56	10886.4	1	11.8	0.615	4.5	0
14	2010	57	1987.2	4.7	9.3	0.6108	5.2	6.6
14	2010	58	14342.4	-0.8	11.2	0.3272	2.6	0
14	2010	59	6220.8	1.7	17.2	0.4494	3.2	0
14	2010	60	14428.8	1.3	12.9	0.484	2.6	0
14	2010	61	6048	-1.2	7.9	0.6525	3.2	8.5
14	2010	62	12355.2	-0.9	6.2	0.5396	2.6	0
14	2010	63	3196.8	-0.8	2.7	0.4123	2.6	0
14	2010	64	5702.4	-3.1	2.1	0.3417	3.8	0
14	2010	65	2937.6	-4.7	-0.7	0.3958	3.2	2.4
14	2010	66	14169.6	-6.9	0.1	0.3186	2.1	0
14	2010	67	13824	-14.6	-2	0.2028	2.6	0
14	2010	68	12873.6	-14	-0.7	0.2113	4.5	0
14	2010	69	11664	-6.3	2.5	0.2818	7.5	0.4
14	2010	70	4838.4	-2.8	0.4	0.4758	2.6	0.6
14	2010	71	11232	-1.9	4	0.3955	2.6	0.1
14	2010	72	4060.8	-2.6	4.5	0.4712	3.8	0.4
14	2010	73	3628.8	0.7	4.8	0.4392	4.5	0.4
14	2010	74	3024	-0.7	4.4	0.6004	3.2	4.8
14	2010	75	3110.4	0.8	6.7	0.5912	4.5	0.3
14	2010	76	16156.8	0.8	11.8	0.544	3.2	0
14	2010	77	16761.6	1.8	16.8	0.5151	2.6	0
14	2010	78	15897.6	4	19.2	0.4776	3.2	0
14	2010	79	12528	5.4	19.9	0.6141	3.2	0
14	2010	80	5788.8	9	14.8	1.03	2.6	7.8
14	2010	81	10454.4	7.8	15.2	0.9219	2.1	0
14	2010	82	17625.6	1.1	16.8	0.7318	1.5	0
14	2010	83	19612.8	1.6	20.3	0.5359	2.6	0
14	2010	84	17280	6.1	22	0.5767	2.6	0
14	2010	85	15552	8	23.6	0.8964	6.7	3
14	2010	86	12355.2	4.8	14.4	0.6689	1.5	6
14	2010	87	8121.6	5.2	11.5	0.8344	3.2	1
14	2010	88	15897.6	6.9	17.3	0.8886	3.2	0.1
14	2010	89	15638.4	6.2	20.8	0.4792	6.7	1.4
14	2010	90	11750.4	5.6	16.1	0.6752	3.8	0
14	2010	91	6566.4	1.6	8.4	0.75	4.5	2.4
14	2010	92	20995.2	-0.6	11.3	0.4736	3.2	0
14	2010	93	19440	0.8	16	0.5068	4.5	0
14	2010	94	13305.6	5	14.2	0.7764	3.8	5.4
14	2010	95	5961.6	4.8	9.2	0.701	3.8	1.5
14	2010	96	21427.2	1.6	13.5	0.5615	2.6	0
14	2010	97	22032	-0.5	17.3	0.6279	2.6	0
14	2010	98	21772.8	0.5	18.2	0.6578	1	0
14	2010	99	19785.6	2.5	17.7	0.7411	3.2	0
14	2010	100	6739.2	6.6	13.5	0.751	3.2	1.1
14	2010	101	11577.6	1.7	8.2	0.6865	1.5	2.2
14	2010	102	11145.6	2	9.7	0.5736	2.6	0
14	2010	103	16761.6	-0.4	12.6	0.6871	2.1	20.8
14	2010	104	4320	4	7.6	0.8297	2.6	10.8
14	2010	105	10627.2	4.3	11	0.7014	2.1	0
14	2010	106	19699.2	1.9	14.8	0.6807	2.6	0
14	2010	107	20649.6	5.9	15.6	0.7224	2.1	0
14	2010	108	10454.4	2.1	16	0.8288	2.1	2.9
14	2010	109	19180.8	8	18.4	0.7579	3.8	0
14	2010	110	12441.6	7.4	17.8	0.8745	4.5	2
14	2010	111	10281.6	7.8	14.3	0.8159	2.1	0
14	2010	112	20736	2.9	14.6	0.5979	1.5	0
14	2010	113	20304	1.6	17	0.6907	1.5	0
14	2010	114	22723.2	4.2	18.7	0.7702	3.2	0
14	2010	115	23328	3.8	22.1	0.8202	1.5	0
14	2010	116	8985.6	11.2	18.8	1.2092	2.6	0.9
14	2010	117	14428.8	7.7	18.1	0.8621	1.5	0
14	2010	118	24883.2	6.1	21	0.7288	2.6	0
14	2010	119	24710.4	6.6	24.5	0.6528	3.2	0
14	2010	120	18662.4	11.5	24	0.9534	2.6	16.1
14	2010	121	14860.8	12.2	21.7	1.408	2.1	1.4
14	2010	122	15379.2	10.6	18.6	1.3113	3.2	10.6
14	2010	123	9504	8.6	12.8	1.0414	2.1	0.3
14	2010	124	5616	9.8	14.4	1.213	1.5	0.4
14	2010	125	7603.2	9.9	14.2	1.1246	3.8	0
14	2010	126	5529.6	9.1	13.3	1.1164	4.5	6
14	2010	127	8380.8	7.3	11.5	0.7897	2.1	0
14	2010	128	12355.2	4.6	15.6	0.877	1.5	0.2
14	2010	129	20995.2	6.6	18.9	0.8242	2.6	0
14	2010	130	15206.4	10.9	17.1	1.2294	2.6	1.4
14	2010	131	22118.4	8.6	22.6	0.9381	3.2	0
14	2010	132	7257.6	12.3	19.4	1.151	1	0.6
14	2010	133	6825.6	9.3	15.3	1.2719	2.1	13.9
14	2010	134	4752	8.1	10.4	0.9684	2.1	0.6
14	2010	135	3715.2	7.5	9.6	0.8792	2.6	4.1
14	2010	136	3715.2	5.8	9.1	0.7229	3.2	1.7
14	2010	137	11664	8.6	15.7	0.6934	4.5	1.2
14	2010	138	7776	6.6	12.9	0.8929	3.8	1.8
14	2010	139	9331.2	5.1	12.1	0.8263	2.1	8.9
14	2010	140	4233.6	6	10.9	0.9838	1.5	3.3
14	2010	141	3801.6	8.7	13	1.1817	1	27.3
14	2010	142	15120	10.4	20	1.3629	2.1	3.4
14	2010	143	20217.6	10	21.1	1.1115	3.2	0
14	2010	144	27043.2	10.9	24.9	0.901	3.8	0
14	2010	145	19353.6	12.5	26.6	0.9761	3.8	3.8
14	2010	146	16761.6	15.5	24.7	1.2918	3.2	0.9
14	2010	147	7516.8	13.8	18.5	1.4116	1	0.1
14	2010	148	22723.2	11	22.2	1.1507	3.2	0
14	2010	149	13824	13.4	20.9	1.5431	1	3.2
14	2010	150	13910.4	12.4	19.5	1.3213	3.2	23
14	2010	151	3974.4	6.1	13.1	1.087	3.2	16.2
14	2010	152	2851.2	6.1	11.3	0.9106	2.6	6.3
14	2010	153	2160	9.4	11.9	1.1789	2.6	31
14	2010	154	3628.8	8.9	14	1.1891	3.2	5.7
14	2010	155	21600	11.2	21.7	1.1024	2.1	0.5
14	2010	156	28684.8	10.9	26.7	0.91	3.2	0
14	2010	157	27907.2	11.3	28.9	0.8925	3.2	6.8
14	2010	158	10454.4	16	25.8	1.653	1.5	0
14	2010	159	21513.6	13.3	28.5	1.3323	2.1	0
14	2010	160	26697.6	16.2	30.9	1.2752	3.2	0
14	2010	161	24969.6	17.5	33.1	1.2549	3.2	0
14	2010	162	24364.8	17.7	30	1.387	3.2	0
14	2010	163	21945.6	16.5	28.8	1.8117	3.2	3.9
14	2010	164	4492.8	17.1	20.6	1.7387	1.5	22
14	2010	165	13737.6	14.4	21.8	1.576	2.1	0
14	2010	166	9244.8	13.3	18.4	1.4568	2.1	3.6
14	2010	167	4665.6	14	17.7	1.5107	3.8	3
14	2010	168	18316.8	13.7	20.5	1.5577	2.1	0.1
14	2010	169	12268.8	14.1	19.4	1.4664	2.1	19.8
14	2010	170	3628.8	10.6	14.5	1.322	1	21.8
14	2010	171	6739.2	8.3	12.1	1.0818	2.6	10.8
14	2010	172	4233.6	8.5	11.9	1.0694	1.5	1.1
14	2010	173	10627.2	9.8	16.6	1.061	2.1	0
14	2010	174	22204.8	10.4	20.7	0.8469	2.1	0
14	2010	175	20304	9.4	21.7	0.8645	2.6	0
14	2010	176	23673.6	12.7	25	1.0215	3.8	0.7
14	2010	177	25833.6	14	25.5	1.1492	2.1	0
14	2010	178	26870.4	13.3	25.7	1.041	2.6	0
14	2010	179	27216	11.5	26.2	0.9563	2.1	0
14	2010	180	27734.4	12.7	27.9	1.0225	2.6	0
14	2010	181	22032	16.4	27.1	1.5334	2.1	0.3
14	2010	182	26438.4	14.5	28.5	1.2542	2.6	0
14	2010	183	26006.4	15.4	29.8	1.2315	2.6	0
14	2010	184	27475.2	14.2	30.8	1.1153	2.6	0
14	2010	185	15984	18.4	28.5	1.6133	4.5	4.9
14	2010	186	10540.8	17.2	24.9	2.0667	3.2	6.4
14	2010	187	8208	17.1	21	1.5404	3.2	0.6
14	2010	188	22550.4	13.1	22.5	0.9158	2.1	0
14	2010	189	27216	11.4	26.6	0.9652	3.2	0
14	2010	190	26956.8	13.4	30.6	1.2139	2.6	0
14	2010	191	26611.2	14.5	31.4	1.202	2.6	0
14	2010	192	26265.6	15.8	32	1.2431	2.6	0
14	2010	193	24192	18.3	32.4	1.5814	3.8	30.1
14	2010	194	25488	18.1	29.5	1.5005	2.6	0
14	2010	195	25747.2	18.7	32.1	1.489	3.8	0
14	2010	196	17020.8	20.1	30.4	2.1816	2.1	0.3
14	2010	197	25142.4	19.6	31.4	1.9862	2.6	0.2
14	2010	198	16848	20.5	29.1	2.0927	2.1	22.1
14	2010	199	6739.2	15	20.5	1.5823	1	1.8
14	2010	200	21686.4	12.8	23.5	1.1857	2.6	0
14	2010	201	25833.6	12.7	27.5	1.3857	1.5	0
14	2010	202	25574.4	15.6	31	1.2847	2.6	0
14	2010	203	23846.4	18.7	31.3	1.7385	2.1	5.9
14	2010	204	6739.2	17.8	27.4	2.2715	2.1	26.5
14	2010	205	2678.4	12.5	18	1.4538	2.6	37.5
14	2010	206	16329.6	12.7	19.9	1.0179	3.8	0
14	2010	207	18489.6	10.7	20.8	1.2688	2.6	6.8
14	2010	208	7344	12.6	18.5	1.1997	2.6	1.7
14	2010	209	12960	14.2	23	1.4978	3.8	3.9
14	2010	210	9158.4	14.3	21	1.7538	2.6	3
14	2010	211	6048	12.9	16.3	1.5104	2.1	8.7
14	2010	212	23932.8	10.8	23.5	1.0938	2.6	0
14	2010	213	25142.4	12.6	28.1	1.1449	2.6	0
14	2010	214	18057.6	16.8	26.2	1.8173	2.6	28.8
14	2010	215	10022.4	15.7	21.2	1.7381	2.6	9.2
14	2010	216	24019.2	12.1	22.5	1.2817	1.5	0.4
14	2010	217	9158.4	14.4	19.8	1.5772	3.2	17.1
14	2010	218	3628.8	12.8	15.6	1.2616	2.6	9.1
14	2010	219	2160	12.3	14.9	1.4002	3.2	17.2
14	2010	220	19440	11.8	24.2	1.3601	3.2	2.4
14	2010	221	22982.4	12.7	24.2	1.187	2.1	0
14	2010	222	23846.4	12	27.1	1.2485	2.1	0
14	2010	223	16934.4	15.6	27.1	1.6232	2.6	0
14	2010	224	13132.8	14.9	23.1	1.5795	2.6	10.7
14	2010	225	5529.6	15.8	18.8	1.755	2.1	4.4
14	2010	226	15292.8	14.4	23.4	1.7441	2.1	0
14	2010	227	14428.8	14.7	24	1.3228	4.5	6.7
14	2010	228	13219.2	12.7	18.6	1.3495	2.1	7.5
14	2010	229	5270.4	13	17.1	1.5378	2.6	1.2
14	2010	230	8553.6	12.3	20.6	1.3827	2.1	0.9
14	2010	231	12960	14.3	23.6	1.5964	1.5	0
14	2010	232	16502.4	12.6	25.8	1.5771	1	0
14	2010	233	21254.4	15.6	28.3	1.6048	2.1	0
14	2010	234	21513.6	17.3	29.8	1.681	2.6	2.7
14	2010	235	17798.4	18.5	30.2	2.0069	3.2	20.9
14	2010	236	12096	17.8	25.4	1.9572	2.1	18.5
14	2010	237	20476.8	14.8	22.4	1.3908	1.5	0
14	2010	238	20131.2	15	30.5	1.6018	3.2	0
14	2010	239	3456	16.9	24.4	1.9923	3.2	14
14	2010	240	3283.2	12.8	17.9	1.4806	2.6	8.1
14	2010	241	10454.4	10.2	17.4	1.2136	3.2	11.4
14	2010	242	5184	7.6	14	1.0095	4.5	16
14	2010	243	3369.6	6.4	12.4	0.9664	3.2	3.8
14	2010	244	10281.6	8.4	16.2	1.0575	1.5	0
14	2010	245	21081.6	5.7	19.3	0.8543	2.6	0.5
14	2010	246	11750.4	11.8	18.9	1.2193	1.5	0.1
14	2010	247	6048	11.6	16.9	1.3631	1.5	7.7
14	2010	248	18316.8	7.4	18.3	0.9037	2.6	0
14	2010	249	20390.4	5.8	17.7	0.7856	3.2	0
14	2010	250	12441.6	7.3	19.9	1.1824	2.1	0
14	2010	251	13910.4	9.8	19.1	1.3151	3.2	12
14	2010	252	8294.4	12.1	18.7	1.3106	2.1	0.1
14	2010	253	12009.6	9.7	18.3	1.2294	2.1	0
14	2010	254	19008	10.3	21.4	1.2589	2.1	0
14	2010	255	18921.6	9.3	22.8	1.1111	2.1	0
14	2010	256	3628.8	10.2	16.9	1.1941	3.2	2.7
14	2010	257	11750.4	8.1	17.3	1.0709	2.1	0
14	2010	258	12873.6	13	22.9	1.2326	2.6	0.9
14	2010	259	10108.8	11.8	19.4	1.3452	1	2.4
14	2010	260	4492.8	12	15.7	1.2966	2.6	2.6
14	2010	261	10108.8	10.5	16.9	1.1118	2.1	0
14	2010	262	14601.6	10.3	16.2	1.0341	1	0
14	2010	263	17020.8	7	20.2	1.0735	2.6	0
14	2010	264	17020.8	8	22.1	1.1277	2.6	0
14	2010	265	16416	6.2	22.1	1.2414	2.1	0
14	2010	266	15465.6	9	23.4	1.3793	1.5	0
14	2010	267	15897.6	11.2	25.4	1.2179	2.1	13.5
14	2010	268	5961.6	10.4	17.9	1.3704	1.5	7.1
14	2010	269	6566.4	8.3	13	0.8585	2.6	0
14	2010	270	12873.6	4	14.3	0.8228	2.1	0
14	2010	271	5788.8	9	13	1.023	2.6	2.1
14	2010	272	4579.2	8.5	12.3	1.109	2.1	3.3
14	2010	273	8985.6	7.8	14.2	1.0099	1.5	1.5
14	2010	274	5702.4	9.7	14.5	1.2271	1	0.8
14	2010	275	7948.8	4.7	17.7	1.0367	1	0
14	2010	276	13910.4	6.1	18.6	1.1757	2.1	0
14	2010	277	14169.6	6.5	22.3	1.2125	2.6	0
14	2010	278	3024	7.9	14.5	1.236	1	8.4
14	2010	279	11577.6	12.4	18.9	1.4738	2.6	0
14	2010	280	7862.4	12.3	16.9	1.3943	2.1	0
14	2010	281	11923.2	10.9	17.7	1.3187	1.5	0
14	2010	282	12182.4	4.7	16.8	0.9545	1.5	0
14	2010	283	11491.2	2	15.4	0.8207	1	0
14	2010	284	12960	0	16.1	0.7746	1.5	0
14	2010	285	11059.2	0.9	13.5	0.8528	1.5	0
14	2010	286	3369.6	1.3	9.2	0.7898	1.5	0
14	2010	287	1728	5.1	9	0.8239	1.5	0
14	2010	288	5356.8	6.5	10.2	0.7905	1.5	0
14	2010	289	4060.8	6.2	9.3	0.8749	2.1	0.6
14	2010	290	2246.4	6	8.4	0.8426	3.8	2.3
14	2010	291	2419.2	5.1	7.9	0.8031	1.5	0
14	2010	292	8899.2	5.4	12	0.8432	0.6	5.8
14	2010	293	4665.6	4.8	9	0.7956	2.1	12.1
14	2010	294	6739.2	1.4	8.6	0.6541	3.2	0
14	2010	295	10281.6	-1.3	11.1	0.5629	2.6	0
14	2010	296	5788.8	4.8	13.3	0.7252	3.2	0
14	2010	297	1209.6	3	7.5	0.8164	2.1	14.9
14	2010	298	1468.8	0.4	5.8	0.725	0.6	16.9
14	2010	299	6912	0.1	7.2	0.6347	2.6	0
14	2010	300	10368	-1	10.3	0.6042	2.6	0
14	2010	301	6048	1.3	9.9	0.5728	3.8	0
14	2010	302	10022.4	4.9	16.7	0.8412	3.2	0
14	2010	303	9158.4	6.1	18	0.7872	3.2	0
14	2010	304	6134.4	5	20.2	0.4227	6.7	0
14	2010	305	2678.4	14.3	18.9	0.7734	4.5	0
14	2010	306	1814.4	8	14.7	1.141	2.1	0
14	2010	307	7603.2	8.5	15.9	1.0506	2.1	0
14	2010	308	7171.2	9.3	17.8	1.0235	2.1	0
14	2010	309	8121.6	5.9	17.8	1.0822	1	0
14	2010	310	6566.4	8.1	16.7	1.0213	2.1	0
14	2010	311	4406.4	7.6	14.8	0.9569	3.2	0.8
14	2010	312	2764.8	4.8	10.1	0.8778	2.1	0.1
14	2010	313	3888	0.2	7.6	0.6944	1	0
14	2010	314	5961.6	-0.9	11.8	0.6659	1.5	1.1
14	2010	315	5270.4	1.6	9.6	0.7092	2.1	0.8
14	2010	316	777.6	3.5	9.7	0.8281	3.8	10
14	2010	317	6739.2	5.6	16.2	0.9902	2.6	0
14	2010	318	7516.8	7	17.9	0.9814	4.5	0
14	2010	319	5616	6.5	14.4	0.923	2.1	0
14	2010	320	1555.2	4.9	9.1	0.8011	3.8	0.4
14	2010	321	2678.4	3	5.8	0.7192	1.5	0
14	2010	322	3283.2	4.5	7.8	0.7839	1.5	0.6
14	2010	323	1555.2	3.7	5.1	0.7777	1.5	6.8
14	2010	324	5616	-0.6	3.9	0.6607	1.5	0
14	2010	325	2678.4	0.1	4.4	0.6609	2.1	0
14	2010	326	1987.2	3.7	6.3	0.6889	2.1	0
14	2010	327	1382.4	1.2	5.2	0.6302	3.8	1.3
14	2010	328	1987.2	1.2	4	0.5819	2.6	0.4
14	2010	329	5702.4	-0.5	5.4	0.5757	2.1	0
14	2010	330	1036.8	-4.2	1.3	0.4726	2.6	0.5
14	2010	331	6393.6	-4.9	1.8	0.4146	2.1	0
14	2010	332	2332.8	-7	-1.3	0.4091	1.5	4.7
14	2010	333	2073.6	-2.1	1.6	0.468	2.6	0.4
14	2010	334	5097.6	-12.2	1.6	0.3544	1	0.3
14	2010	335	1468.8	-5.4	-1.7	0.4185	2.6	0.7
14	2010	336	1123.2	-3.2	-1.2	0.4576	1.5	0.3
14	2010	337	1728	-6.9	-2.9	0.3993	1	2.9
14	2010	338	4492.8	-5.3	-1.7	0.4012	1	0
14	2010	339	3628.8	-8	2.1	0.3148	4.5	0
14	2010	340	2764.8	-0.8	3.2	0.5531	1.5	1.9
14	2010	341	5529.6	-0.5	9.8	0.7319	2.1	0
14	2010	342	4492.8	1.4	11.5	0.7425	3.2	1.4
14	2010	343	1555.2	-0.9	7.5	0.5341	5.2	0.5
14	2010	344	2592	-1.5	1	0.504	3.8	6
14	2010	345	604.8	-1	5.1	0.5383	5.2	1.7
14	2010	346	1036.8	0.7	4.9	0.6051	4.5	6.4
14	2010	347	2851.2	-6.5	1	0.4393	4.5	3.5
14	2010	348	1382.4	-6.3	-4.5	0.3394	2.1	0.2
14	2010	349	1814.4	-5.9	-4.7	0.3132	3.8	0.5
14	2010	350	4147.2	-8.5	-4.5	0.2858	2.6	0
14	2010	351	1987.2	-9.4	-1.6	0.2557	5.2	0.1
14	2010	352	4492.8	-7.6	-2.1	0.3326	1.5	0
14	2010	353	5529.6	-8.9	2.3	0.2156	5.9	0
14	2010	354	4665.6	-1.4	4.1	0.4513	3.8	0
14	2010	355	4406.4	-0.6	4	0.4835	5.2	0
14	2010	356	2678.4	-1.7	5.4	0.6214	1.5	0
14	2010	357	2851.2	-4.3	14.4	0.6213	2.1	0.6
14	2010	358	518.4	0.7	10.5	0.8547	2.6	2.1
14	2010	359	2505.6	-4.2	1.6	0.489	5.9	0.1
14	2010	360	3196.8	-6.7	-4.2	0.3178	2.6	0
14	2010	361	3369.6	-6.7	-2.1	0.3309	1	0
14	2010	362	3024	-5.4	0.2	0.3432	3.8	0
14	2010	363	1728	-5.2	-1.2	0.4296	1.5	1.5
14	2010	364	2937.6	-3.5	-0.6	0.4784	1	0
14	2010	365	1382.4	-1.6	0	0.5072	1.5	0
