*---------------------------------------------------------------------------*
* Station name: SALZBURG-FLUGHAFEN                      
* Year: 1992
* Author: Pedro Alencar                                   -999.000: NIL VALUE
* Source: ECAD 
* Comments: 
* Longitude: 47.7892, latitude: 47.7892, altitude: 430 m.
*
* Column  Daily value
* 1       station number
* 2       year
* 3       day
* 4       irradiation                   (kJ m-2 d-1)
* 5       minimum temperature           (degrees Celsius)
* 6       maximum temperature           (degrees Celsius)
* 7       early morning vapour pressure (kPa)
* 8       mean wind speed (height: 2 m) (m s-1)
* 9       precipitation                 (mm d-1)
*
** WCCDESCRIPTION=GERMANY, SALZBURG-FLUGHAFEN                      
** WCCFORMAT=2
** WCCYEARNR=1992
*---------------------------------------------------------------------------*
   47.7892  13.0081    430.  -0.18 -0.55
14	1992	1	5616	-7	2.8	0.4086	2.6	0
14	1992	2	5011.2	-2	5.2	0.4663	3.2	0
14	1992	3	5875.2	-1.2	5.3	0.4887	3.8	0
14	1992	4	3628.8	-4	4.9	0.4103	2.6	0.3
14	1992	5	1036.8	0.6	5.2	0.6245	3.2	0.6
14	1992	6	1900.8	2.6	8.6	0.7183	2.6	0.2
14	1992	7	5702.4	0.8	9.6	0.6986	1.5	0
14	1992	8	5184	-1.3	7.9	0.5263	3.8	0
14	1992	9	4060.8	2.4	11.1	0.4626	5.2	0
14	1992	10	3456	-0.6	8.6	0.7074	2.1	0.7
14	1992	11	1209.6	1.1	3.8	0.7069	2.1	0
14	1992	12	4492.8	-0.3	1.9	0.5438	1.5	0
14	1992	13	3024	0.2	3.4	0.5774	2.1	0.1
14	1992	14	1987.2	0	2.7	0.5119	1	0.3
14	1992	15	3110.4	0.2	5.9	0.6464	2.1	0
14	1992	16	691.2	1.3	4	0.6652	2.1	0
14	1992	17	1555.2	1.1	5.4	0.4705	3.8	0
14	1992	18	3456	-0.3	3.6	0.4405	2.6	0
14	1992	19	2073.6	-0.1	4.1	0.5222	2.1	4.1
14	1992	20	691.2	-4	1.2	0.4854	4.5	1.8
14	1992	21	6220.8	-8.9	-3.2	0.2685	4.5	0
14	1992	22	6912	-10.8	0.6	0.3054	1	0
14	1992	23	5270.4	-9.4	1.8	0.3877	1.5	0
14	1992	24	4752	-8	1.9	0.4052	1	0
14	1992	25	1209.6	-4.2	-0.1	0.5167	1	0
14	1992	26	1123.2	-4.2	-2.3	0.4521	1	0
14	1992	27	2505.6	-3.8	-0.7	0.4248	1.5	0
14	1992	28	2419.2	-4.3	-1.1	0.3958	2.1	0
14	1992	29	7084.8	-6	6.2	0.437	1.5	0
14	1992	30	5875.2	-5.1	5.5	0.4835	1	0
14	1992	31	4665.6	-1	5.7	0.6295	2.1	0
14	1992	32	7603.2	-3.3	6.5	0.5898	2.1	0
14	1992	33	6739.2	-4	5.2	0.5488	1.5	0
14	1992	34	3801.6	-4.5	10.2	0.4873	4.5	3.1
14	1992	35	864	-1.5	3.9	0.5797	2.6	10.7
14	1992	36	604.8	0.3	5.4	0.6748	3.8	7.5
14	1992	37	2246.4	4.7	7.2	0.6055	3.8	0
14	1992	38	6998.4	2.4	9.8	0.6118	1.5	0
14	1992	39	8899.2	-2.2	11.3	0.6085	2.1	0
14	1992	40	9676.8	-4	11.8	0.5975	3.8	0
14	1992	41	4665.6	0.4	8.2	0.4983	3.2	0
14	1992	42	5270.4	0.8	7.9	0.5667	3.8	8.2
14	1992	43	1296	3	7.3	0.7843	4.5	0.4
14	1992	44	8985.6	4.8	14.3	0.9286	5.9	8
14	1992	45	3369.6	3.1	9.3	0.8719	2.1	2.2
14	1992	46	5529.6	-1	7.7	0.5126	3.8	5.1
14	1992	47	1209.6	1.7	6.9	0.6394	2.6	1.9
14	1992	48	1123.2	-1.5	3.4	0.5825	4.5	7.6
14	1992	49	2505.6	-5.5	-1	0.3992	2.1	1.6
14	1992	50	11664	-6.3	-0.8	0.3104	0.6	0
14	1992	51	8812.8	-7.2	-0.3	0.3104	1.5	0
14	1992	52	1814.4	-6	-0.1	0.4296	1.5	4.9
14	1992	53	2592	-0.6	4.5	0.654	1	3.3
14	1992	54	4924.8	-1.2	7.3	0.5475	3.8	0.7
14	1992	55	12268.8	-1	11	0.6192	1.5	0
14	1992	56	9763.2	-1.9	10.4	0.4965	2.1	0
14	1992	57	9849.6	-1	11.8	0.6277	1.5	0
14	1992	58	11750.4	-0.8	13.3	0.6657	2.1	0
14	1992	59	11923.2	-0.7	14.3	0.6618	1.5	0
14	1992	60	12441.6	1.1	14.4	0.7062	2.1	0
14	1992	61	13132.8	2.3	16.2	0.6417	2.1	0
14	1992	62	11664	2.7	14.4	0.5676	3.8	5.5
14	1992	63	10540.8	1	12.9	0.5888	3.2	0
14	1992	64	13219.2	6.1	15.7	0.7035	1.5	0
14	1992	65	13651.2	-1.4	17.4	0.7398	2.1	0
14	1992	66	3024	2.7	11.2	0.8982	1.5	5.3
14	1992	67	9936	3.2	11	0.5848	1.5	0
14	1992	68	12700.8	-2	12.8	0.6815	2.1	0
14	1992	69	13478.4	2	14.6	0.5252	2.6	0
14	1992	70	14342.4	0.7	15	0.5518	2.6	0
14	1992	71	6652.8	3.3	9.5	0.4805	4.5	1
14	1992	72	13564.8	-1.6	12.2	0.4631	2.6	0
14	1992	73	3196.8	5.6	10.7	0.769	3.2	12.7
14	1992	74	1209.6	0.7	14.4	0.9878	1.5	31.9
14	1992	75	1296	0.4	6.2	0.7276	2.6	26.6
14	1992	76	6048	-0.3	2.6	0.5843	3.2	0.5
14	1992	77	16848	0.1	8	0.5222	1.5	0
14	1992	78	11491.2	1.2	10.3	0.6615	1.5	0
14	1992	79	13651.2	-1	12.8	0.5848	1.5	1.8
14	1992	80	2073.6	5.4	10.1	0.9381	2.6	15.1
14	1992	81	3542.4	5.6	9.8	0.8929	3.2	10.7
14	1992	82	5702.4	2.2	9.3	0.7534	3.2	33.1
14	1992	83	8294.4	1.5	8.4	0.7387	2.6	19
14	1992	84	2678.4	1.8	6.9	0.7584	1	3.6
14	1992	85	8985.6	1.3	8.7	0.6192	2.1	0.1
14	1992	86	4665.6	-0.1	5.6	0.603	2.1	3
14	1992	87	8985.6	0.4	6.6	0.5888	3.2	0
14	1992	88	7430.4	0.7	5.1	0.5643	3.2	3.2
14	1992	89	6220.8	-1.9	2.8	0.5303	3.8	1.6
14	1992	90	16416	-1.3	12.2	0.5129	2.1	0
14	1992	91	12787.2	4.5	17.5	0.4853	5.9	0
14	1992	92	7776	4.1	14	0.7598	3.2	3.2
14	1992	93	12182.4	3.1	11	0.6632	1.5	0.4
14	1992	94	18144	2	16.6	0.6322	2.6	0
14	1992	95	6652.8	5.9	11.4	0.93	2.1	0.2
14	1992	96	1814.4	4.6	9.1	0.9217	3.8	6.2
14	1992	97	6566.4	0.6	5.7	0.6203	1	0.2
14	1992	98	12528	2.1	11.3	0.6474	2.1	0
14	1992	99	14428.8	-0.7	10.9	0.5445	3.8	0
14	1992	100	18057.6	2.3	12.5	0.566	3.2	0
14	1992	101	18662.4	-2	13.7	0.5088	2.6	0
14	1992	102	21081.6	0	13.9	0.509	2.1	0
14	1992	103	19353.6	2.7	16.7	0.5532	2.1	0
14	1992	104	5702.4	7.4	14.7	1.0396	3.2	2.1
14	1992	105	13737.6	6.2	14.6	0.6175	2.6	0
14	1992	106	7948.8	4.3	17.9	0.9506	5.9	1.9
14	1992	107	10972.8	4	8.2	0.5459	3.8	1.3
14	1992	108	9072	0.3	6.5	0.5612	3.8	0.2
14	1992	109	6998.4	1.7	7.7	0.6405	2.1	5
14	1992	110	1900.8	5.1	12	0.9237	3.8	6.6
14	1992	111	17884.8	5.6	11.5	0.5676	4.5	0
14	1992	112	23673.6	0.8	16.5	0.5714	2.1	0
14	1992	113	15292.8	3.5	19.8	0.89	4.5	9.7
14	1992	114	2419.2	8.1	13	1.0819	2.1	16.9
14	1992	115	21254.4	7	18.8	0.9661	2.6	0
14	1992	116	22982.4	10.4	26.9	0.88	2.1	0
14	1992	117	20908.8	11.8	24.5	0.9361	2.1	0
14	1992	118	9763.2	11.6	22.5	1.3393	2.6	2
14	1992	119	20995.2	9.2	24.5	1.0158	4.5	1.7
14	1992	120	4147.2	5.5	21.4	1.3404	2.1	13
14	1992	121	6652.8	4.6	10.3	0.8571	1.5	2
14	1992	122	24796.8	2.1	23	0.9588	2.1	0
14	1992	123	19958.4	8.3	22.2	1.073	3.2	0
14	1992	124	3628.8	9.6	17.3	1.3404	2.1	1
14	1992	125	5961.6	9.1	11.7	0.9704	3.2	0
14	1992	126	10281.6	8.8	15.7	0.9971	1	0
14	1992	127	13046.4	10.1	17.8	1.0186	1.5	0
14	1992	128	22291.2	8.6	20.7	0.8826	3.8	0
14	1992	129	14256	10.7	21.7	0.9931	1.5	0
14	1992	130	14342.4	12	19.1	1.0762	2.1	0.1
14	1992	131	12182.4	9.6	17.6	1.1046	3.8	0
14	1992	132	9244.8	9.3	21.2	1.2634	5.2	11.8
14	1992	133	26006.4	7.9	19.8	0.8855	1.5	0
14	1992	134	26438.4	8.6	25.3	0.9644	3.2	0
14	1992	135	26438.4	10.9	26.5	1.055	3.8	0
14	1992	136	26265.6	10.3	26.5	1.1411	2.6	0
14	1992	137	25315.2	10.5	25.7	1.0991	1.5	0
14	1992	138	17798.4	13.1	23.6	1.2428	2.6	0
14	1992	139	22204.8	8	20.3	0.8384	2.1	0
14	1992	140	26092.8	7	18.3	0.8042	3.8	0
14	1992	141	26352	6.1	20.4	0.6843	3.8	0
14	1992	142	26438.4	8	20.5	0.7465	2.6	0
14	1992	143	21859.2	8.2	24.2	0.8276	3.8	0
14	1992	144	23760	12	24.6	0.9449	4.5	0
14	1992	145	26438.4	14	25.7	0.9713	2.6	0
14	1992	146	27907.2	9.5	26.1	1.0379	2.6	0
14	1992	147	25833.6	10.1	24.3	0.9014	2.6	0
14	1992	148	27648	10.2	23.9	0.9511	2.6	0
14	1992	149	26352	7.6	22.9	0.8827	4.5	0
14	1992	150	27216	6.8	24.5	0.7813	3.8	0
14	1992	151	25401.6	9.1	23.7	0.9313	3.2	0
14	1992	152	24451.2	9.7	26.1	1.1263	3.2	1.2
14	1992	153	18662.4	14.4	24.8	1.4801	2.6	0.2
14	1992	154	23760	12.7	30.6	1.0849	3.8	0
14	1992	155	11577.6	16.7	27.6	1.9973	1.5	1.9
14	1992	156	17798.4	13.8	23.6	1.3134	2.6	0
14	1992	157	23241.6	14.4	27.6	1.415	5.2	0
14	1992	158	19785.6	12.1	21.9	1.3931	2.1	15.7
14	1992	159	26265.6	11.8	23.4	1.1655	3.8	0
14	1992	160	10800	9	20.8	1.2522	2.6	1.6
14	1992	161	9158.4	9.7	18.7	1.2131	1.5	1.1
14	1992	162	13219.2	12.8	21.2	1.335	2.6	0.1
14	1992	163	7689.6	10.5	16.3	1.3053	1.5	11.9
14	1992	164	1987.2	12	15	1.4684	2.1	34.4
14	1992	165	6480	12.7	18.1	1.5727	2.6	12.4
14	1992	166	13564.8	14.5	20.4	1.4333	2.1	0
14	1992	167	26438.4	11.6	25.5	1.0452	3.8	0
14	1992	168	25228.8	11.2	25.7	1.187	3.8	0
14	1992	169	7862.4	14	23.5	1.9438	2.1	10.1
14	1992	170	25142.4	13.5	22.7	1.0783	2.1	0
14	1992	171	18144	9.6	21.5	1.1468	3.8	0
14	1992	172	19094.4	12.8	26.7	1.6778	2.1	0
14	1992	173	15379.2	14.1	26	1.4517	2.6	0
14	1992	174	19440	15.6	25.7	1.5307	2.6	0
14	1992	175	16588.8	16.7	28.1	1.6223	2.1	0
14	1992	176	21513.6	16.2	25.6	1.5297	3.2	17.6
14	1992	177	6739.2	14.2	21.4	1.6077	1	1
14	1992	178	20908.8	14.2	23.3	1.2095	1.5	0
14	1992	179	25488	9	23.2	0.8771	2.6	0
14	1992	180	28252.8	8.6	23.7	0.8799	3.8	0
14	1992	181	28425.6	11.7	27.3	0.8826	2.6	0
14	1992	182	27475.2	14.9	29.2	1.1646	3.8	0
14	1992	183	24105.6	16.1	27.3	1.7619	2.1	0.6
14	1992	184	19440	16.8	24.7	1.5646	2.1	3.7
14	1992	185	23328	15.2	27	1.4237	2.6	0
14	1992	186	18057.6	14.8	26.9	1.7218	3.8	10.4
14	1992	187	10800	11.9	18.1	1.3114	1.5	14.2
14	1992	188	19440	12	22.9	1.5527	2.6	2.5
14	1992	189	10108.8	13.5	18.9	1.4528	3.2	5.4
14	1992	190	21686.4	13.3	23.8	1.3864	2.6	0
14	1992	191	24278.4	12.2	26.7	1.331	2.1	0.2
14	1992	192	13046.4	12	24.6	1.5329	3.2	5.5
14	1992	193	3974.4	14.7	21.1	1.884	1.5	6.2
14	1992	194	14688	11.5	21.5	1.3871	3.2	4.5
14	1992	195	16243.2	12.9	21.6	1.2384	2.1	0.2
14	1992	196	21513.6	11.7	24.8	1.2141	3.8	4.2
14	1992	197	5270.4	16	23	2.1046	1.5	13.7
14	1992	198	15120	15.3	24.4	1.5726	1	0
14	1992	199	26179.2	16.2	28.2	1.3089	2.1	3
14	1992	200	11664	16.6	28.1	1.9139	3.8	0
14	1992	201	25401.6	16.3	26.9	1.4164	1.5	0
14	1992	202	26697.6	14.3	31.7	1.5421	2.6	0
14	1992	203	25660.8	19	33.2	1.6194	2.6	4.3
14	1992	204	17366.4	17.2	32.2	2.4218	3.2	17.5
14	1992	205	18662.4	16.2	25.2	1.6816	3.2	0
14	1992	206	25660.8	14.9	28.1	1.5869	1.5	0.3
14	1992	207	18662.4	18.1	26.9	2.013	1.5	1.7
14	1992	208	21254.4	19.5	27.6	1.739	1	0
14	1992	209	24969.6	15.3	30.6	1.4536	3.8	0
14	1992	210	16156.8	17	28.5	1.4085	2.6	0
14	1992	211	24624	11.2	27.7	1.331	2.1	0
14	1992	212	23500.8	17.8	32.2	1.3908	4.5	0
14	1992	213	22464	19.3	31.9	1.605	3.2	18.8
14	1992	214	22809.6	17.7	31	1.7332	5.2	10.6
14	1992	215	17971.2	17.7	28.7	1.6743	3.2	2.7
14	1992	216	22204.8	18.7	32.8	2.0489	3.8	2.4
14	1992	217	8467.2	18	23.7	2.1891	3.2	3.1
14	1992	218	24624	14.6	28.7	1.5499	2.6	0
14	1992	219	23500.8	15.5	31.1	1.7415	1.5	0
14	1992	220	21513.6	21	31.8	1.8543	2.1	1
14	1992	221	22636.8	19.4	33.9	1.7424	2.1	0
14	1992	222	23932.8	20.7	35.3	1.6969	3.8	0
14	1992	223	16761.6	16	34.4	1.8552	3.8	12.6
14	1992	224	21686.4	14.7	24.8	1.2871	2.6	1.1
14	1992	225	19353.6	14.7	24.6	1.4619	2.1	0.1
14	1992	226	19353.6	16	25	1.3962	2.6	0
14	1992	227	11059.2	15.2	23.2	1.6215	3.8	13.8
14	1992	228	20649.6	13.7	22	1.2657	2.6	0
14	1992	229	22636.8	11.4	25.1	1.2351	1.5	0
14	1992	230	23068.8	15.2	28.6	1.4163	2.6	0
14	1992	231	22550.4	15	30.8	1.4213	2.1	0
14	1992	232	21168	19	32.1	1.5349	5.2	0.3
14	1992	233	20908.8	18.6	33.4	1.7775	2.1	0
14	1992	234	20995.2	20.2	30.5	1.8396	2.1	37.1
14	1992	235	15206.4	16.2	27.6	1.8884	2.6	0.6
14	1992	236	10886.4	17.7	24.3	1.837	2.6	6.1
14	1992	237	14169.6	15	25	1.6573	1.5	0
14	1992	238	21340.8	16.5	29.9	1.6176	3.2	0
14	1992	239	20908.8	17.7	33.3	1.6932	3.8	0.3
14	1992	240	19699.2	18.5	29.6	1.7621	3.2	0
14	1992	241	19008	17.8	31.9	1.723	2.6	0
14	1992	242	19180.8	19.6	33.7	1.4287	3.2	2.6
14	1992	243	8294.4	16.1	25.8	1.9551	1	0
14	1992	244	18057.6	13.8	29.3	1.3607	3.2	14.6
14	1992	245	8553.6	6.8	26.6	1.234	4.5	2.7
14	1992	246	20995.2	10.2	21.8	1.0168	2.6	0
14	1992	247	12960	12.5	23.8	1.2065	3.2	31
14	1992	248	3369.6	10.4	20.3	1.4109	4.5	12.7
14	1992	249	1209.6	7	11.2	0.8201	4.5	0.9
14	1992	250	10540.8	8.7	14.9	0.7467	3.2	0
14	1992	251	18057.6	5.1	21.6	0.9643	2.6	0
14	1992	252	6739.2	11.6	16.9	1.282	1.5	8.3
14	1992	253	9590.4	11.6	19	1.3716	1.5	0
14	1992	254	14947.2	11.2	22.4	1.5093	1	0
14	1992	255	12614.4	13	24.2	1.5406	2.1	0
14	1992	256	9417.6	12.8	20.8	1.4711	1.5	0
14	1992	257	15206.4	10.4	22.9	1.4572	2.1	0.1
14	1992	258	5097.6	14.3	19.9	1.6745	3.2	8
14	1992	259	9936	12.1	19.2	1.4205	1	0.9
14	1992	260	17625.6	11.4	23.9	1.391	3.8	0
14	1992	261	17107.2	9.3	23.1	1.3609	2.1	0
14	1992	262	16848	8.8	21.9	1.3586	1.5	0
14	1992	263	15811.2	8.3	21.6	1.2733	1.5	0
14	1992	264	12700.8	10.9	20.9	1.4795	1.5	0
14	1992	265	15120	11.3	23.7	1.4977	3.2	0
14	1992	266	15811.2	12.1	25.9	1.4259	3.8	0
14	1992	267	11750.4	10.3	21.3	1.3445	3.2	0
14	1992	268	2937.6	13.2	16.9	1.5719	0.6	0.9
14	1992	269	15120	12.7	24.3	1.616	1.5	0
14	1992	270	15638.4	12.1	25.1	1.3266	2.6	0
14	1992	271	15724.8	12.4	25.6	1.4479	3.2	0
14	1992	272	10972.8	9.7	23.7	1.4808	2.1	5.4
14	1992	273	2419.2	12	16	1.469	3.2	42.8
14	1992	274	864	11	12.8	1.3224	1	11.4
14	1992	275	4060.8	11.6	14.8	1.349	2.1	2.7
14	1992	276	12355.2	7.9	18.1	1.2418	1.5	0
14	1992	277	4579.2	9.4	14.1	1.1991	1.5	0
14	1992	278	4752	12.2	16	1.141	6.7	0
14	1992	279	7344	7.5	21.4	0.8548	3.8	0
14	1992	280	9158.4	12.6	19.6	1.1512	2.1	0.6
14	1992	281	2073.6	11.3	15.6	1.4328	2.1	8.7
14	1992	282	10022.4	10.7	17.5	1.3017	1.5	0
14	1992	283	11491.2	11.3	18.5	1.2184	2.1	0
14	1992	284	1468.8	9.5	15	1.2107	3.2	0.4
14	1992	285	2332.8	7.3	10.4	0.9654	2.1	0
14	1992	286	6393.6	7.6	12.6	0.8646	3.2	0
14	1992	287	12268.8	-0.2	11.8	0.673	2.1	0
14	1992	288	11318.4	-1.2	11.6	0.7251	2.1	0
14	1992	289	5097.6	4.1	12.9	0.8762	2.6	0.7
14	1992	290	1468.8	5.3	10.2	0.9486	1.5	5.7
14	1992	291	1296	2.5	6	0.7862	2.6	6.7
14	1992	292	1555.2	0.1	4.2	0.6776	1.5	6
14	1992	293	11145.6	-0.5	8.4	0.5672	3.2	0
14	1992	294	8467.2	2.1	10.8	0.7135	3.8	3.4
14	1992	295	1728	3.7	8.1	0.8726	1.5	16.7
14	1992	296	3283.2	3.3	8.5	0.6962	3.8	0.6
14	1992	297	5702.4	1.7	9.4	0.598	2.6	0.7
14	1992	298	4060.8	4.3	8	0.6895	3.8	3.9
14	1992	299	1555.2	3.6	6.8	0.787	4.5	21.3
14	1992	300	3542.4	5.6	10.4	0.6862	5.9	2.2
14	1992	301	4838.4	2.7	9.4	0.7692	3.2	2.3
14	1992	302	4665.6	6.5	13.5	0.9693	3.2	8.8
14	1992	303	2678.4	4.5	9.2	0.8722	3.8	2.7
14	1992	304	6048	3.5	9.6	0.7185	3.2	0
14	1992	305	1209.6	5	7.4	0.8909	1.5	2
14	1992	306	8121.6	2.9	11.2	0.8541	1	0
14	1992	307	2505.6	4.5	9	0.9253	2.1	0
14	1992	308	1036.8	3	8.1	0.8608	2.1	17.7
14	1992	309	1123.2	5.2	8.7	0.9481	2.1	15.9
14	1992	310	2246.4	5.6	9.4	0.9741	1	3.3
14	1992	311	4147.2	7	13.2	1.1117	2.6	0
14	1992	312	8812.8	0.5	15.8	0.8015	1.5	0
14	1992	313	1382.4	0.3	7.7	0.7725	1	3.1
14	1992	314	8467.2	3	10.8	0.8851	2.6	0
14	1992	315	6307.2	2.2	13.4	0.7086	3.2	2.9
14	1992	316	2851.2	5.3	11.8	0.8681	3.2	2.8
14	1992	317	3369.6	2.7	10.6	0.6061	5.2	2.3
14	1992	318	3024	1.9	5.1	0.6751	2.1	4.8
14	1992	319	6393.6	1.1	7	0.5957	3.2	1.1
14	1992	320	2851.2	-1.2	7.1	0.6418	3.2	3.3
14	1992	321	1382.4	3.5	6.4	0.8256	1.5	15
14	1992	322	1036.8	2.2	5.1	0.7299	3.2	1.5
14	1992	323	2764.8	1.9	5.5	0.5175	3.8	0
14	1992	324	1036.8	-0.1	8.8	0.575	4.5	11.6
14	1992	325	1036.8	2.5	8.5	0.6862	3.8	5
14	1992	326	864	1.2	4.9	0.6388	3.8	15.3
14	1992	327	777.6	3.1	14	0.8903	5.2	21.9
14	1992	328	2505.6	8	12.8	1.172	2.1	0.7
14	1992	329	6652.8	4.7	13.8	0.7934	3.8	0
14	1992	330	3715.2	4	12.8	0.7271	3.8	0
14	1992	331	518.4	6	11.4	0.8769	5.9	12.2
14	1992	332	3628.8	2.7	8.9	0.673	3.8	1.4
14	1992	333	604.8	1.9	9.7	0.7283	5.2	29.9
14	1992	334	1728	5.9	9.5	0.9769	1	10.6
14	1992	335	4924.8	5.6	12	0.9395	3.2	0
14	1992	336	4752	1.8	9.6	0.7233	3.8	0
14	1992	337	5616	1.6	12.4	0.7811	1	0
14	1992	338	691.2	5	14.2	1.0392	2.6	17.3
14	1992	339	3801.6	3	8.7	0.5643	3.2	0
14	1992	340	518.4	0.5	11.1	0.8482	2.1	25.8
14	1992	341	1296	0.4	2.3	0.6332	2.1	1
14	1992	342	2851.2	-2.4	2.1	0.4714	2.6	1.3
14	1992	343	1123.2	0.7	2.1	0.6287	1	0.2
14	1992	344	864	0.4	1.3	0.6303	2.1	4.8
14	1992	345	864	0.5	1.4	0.6218	1	0
14	1992	346	2764.8	0.1	3	0.6013	1.5	0
14	1992	347	259.2	-0.7	5.3	0.6272	3.2	11.6
14	1992	348	950.4	1.3	4.3	0.4931	5.2	0.3
14	1992	349	4320	1.6	9.3	0.6299	2.6	0
14	1992	350	5529.6	0.9	11	0.6707	3.8	0
14	1992	351	1987.2	-3.1	1.5	0.5533	1	0
14	1992	352	3801.6	-2.2	-0.1	0.5449	1.5	0
14	1992	353	2332.8	-2.8	-0.2	0.5256	1	0
14	1992	354	3888	-4.5	1.6	0.5166	1	0
14	1992	355	3628.8	-4.8	4.8	0.5377	2.6	0
14	1992	356	1468.8	0.4	5.4	0.5267	1.5	0.1
14	1992	357	2937.6	2.5	6.8	0.7319	2.1	0
14	1992	358	1468.8	-1.7	3.5	0.6	2.6	0
14	1992	359	3974.4	-1	2.8	0.5608	1.5	0
14	1992	360	1641.6	-3.3	-0.2	0.4515	2.6	0
14	1992	361	4060.8	-6	-2.7	0.3808	2.1	0
14	1992	362	2505.6	-6.2	-3.8	0.3752	2.1	0.2
14	1992	363	4579.2	-8.8	-1.1	0.3343	2.1	0
14	1992	364	5097.6	-10.6	-1.8	0.3155	1.5	0
14	1992	365	4924.8	-11.5	-0.5	0.3086	1	0
14	1992	366	4492.8	-10.3	-2.8	0.3146	1.5	0
