*---------------------------------------------------------------------------*
* Station name: SONNBLICK (TAWES)                       
* Year: 1991
* Author: Pedro Alencar                                   -999.000: NIL VALUE
* Source: ECAD 
* Comments: 
* Longitude: 47.0542, latitude: 47.0542, altitude: 3109 m.
*
* Column  Daily value
* 1       station number
* 2       year
* 3       day
* 4       irradiation                   (kJ m-2 d-1)
* 5       minimum temperature           (degrees Celsius)
* 6       maximum temperature           (degrees Celsius)
* 7       early morning vapour pressure (kPa)
* 8       mean wind speed (height: 2 m) (m s-1)
* 9       precipitation                 (mm d-1)
*
** WCCDESCRIPTION=GERMANY, SONNBLICK (TAWES)                       
** WCCFORMAT=2
** WCCYEARNR=1991
*---------------------------------------------------------------------------*
   47.0542  12.9575    3109.  -0.18 -0.55
15	1991	1	2592	-15.7	-6.1	0.2531	2.1	32
15	1991	2	5529.6	-15.6	-4.8	0.2676	9.2	4.6
15	1991	3	6220.8	-4.8	-2.3	0.4514	9.2	0
15	1991	4	8640	-8.8	-2.6	0.3678	7.5	11.1
15	1991	5	4838.4	-16.2	-8.8	0.2155	5.2	3.1
15	1991	6	8467.2	-13.8	-7.2	0.2558	5.2	0
15	1991	7	5356.8	-11.7	-7.7	0.2813	10.2	1.1
15	1991	8	6480	-12.1	-8.3	0.2507	5.9	0
15	1991	9	6307.2	-11.6	-5.2	0.2207	13.1	0
15	1991	10	6307.2	-8	-0.9	0.2813	12.1	0
15	1991	11	6220.8	-3.9	-0.4	0.4071	8.4	0
15	1991	12	3456	-9.6	-2.8	0.3694	3.2	9.2
15	1991	13	4320	-13.2	-9.3	0.2487	4.5	5.1
15	1991	14	5184	-13.1	-11.5	0.2286	9.2	2.5
15	1991	15	10022.4	-13.1	-10.4	0.1817	3.8	0
15	1991	16	9849.6	-15	-6.9	0.0982	6.7	0
15	1991	17	9936	-14.3	-8	0.094	2.6	0
15	1991	18	10022.4	-11	-5.9	0.1196	4.5	0
15	1991	19	10108.8	-9.7	-3.1	0.1288	3.8	0
15	1991	20	10368	-12.4	-6.2	0.1149	3.8	0
15	1991	21	9849.6	-13.4	-7.7	0.0986	3.2	0
15	1991	22	10886.4	-14.4	-9.1	0.122	6.7	0
15	1991	23	10800	-11.2	-5.5	0.1043	4.5	0
15	1991	24	10800	-10.9	-6.5	0.1268	4.5	0
15	1991	25	10713.6	-10	-3	0.1805	4.5	0
15	1991	26	10800	-7.7	-0.9	0.24	3.2	0
15	1991	27	11059.2	-11.2	-6.5	0.2319	5.9	0
15	1991	28	11664	-12.6	-8.4	0.0935	3.2	0
15	1991	29	10454.4	-13.5	-10.2	0.0839	4.5	0
15	1991	30	12009.6	-13.5	-10.4	0.1029	4.5	0
15	1991	31	12182.4	-14.3	-9.9	0.104	3.8	0
15	1991	32	12355.2	-14.9	-8.7	0.0868	2.1	0
15	1991	33	12528	-14.1	-9.5	0.0868	3.2	0
15	1991	34	12528	-16.6	-9.6	0.1138	1.5	0
15	1991	35	6825.6	-21.1	-16.2	0.1348	2.1	1.7
15	1991	36	6134.4	-27.7	-20.8	0.0825	2.1	4.4
15	1991	37	6998.4	-28	-23.9	0.0707	6.7	0.7
15	1991	38	13132.8	-25.7	-19.4	0.096	7.5	0.2
15	1991	39	7689.6	-20.9	-11.9	0.1631	7.5	4.5
15	1991	40	10800	-19.7	-13.2	0.1624	12.1	1.2
15	1991	41	4579.2	-16	-10.9	0.2082	7.5	3.6
15	1991	42	4406.4	-18.1	-12.1	0.1818	5.9	3.3
15	1991	43	10886.4	-22.7	-15.3	0.1295	2.6	2.8
15	1991	44	12268.8	-25.7	-20.9	0.0879	2.1	2.5
15	1991	45	13737.6	-25.2	-17.3	0.1054	3.2	2
15	1991	46	10713.6	-25	-17.1	0.0958	5.2	3.4
15	1991	47	4752	-18.8	-11.6	0.1803	1.5	18.5
15	1991	48	16329.6	-19.7	-10.4	0.1217	3.8	0
15	1991	49	15379.2	-11.7	-6.6	0.1041	2.6	0
15	1991	50	16243.2	-10.1	-4.9	0.3098	4.5	0
15	1991	51	16243.2	-8.8	-3.9	0.2472	7.5	0
15	1991	52	11145.6	-8.7	-5.4	0.2667	5.2	0
15	1991	53	6480	-12.3	-7.8	0.2737	2.6	1
15	1991	54	12528	-14.5	-4.8	0.2413	5.2	0
15	1991	55	12441.6	-5.7	-2.8	0.4283	1	0
15	1991	56	16329.6	-5.9	2	0.286	2.1	0
15	1991	57	17366.4	-7.5	-3.2	0.2792	4.5	0
15	1991	58	17107.2	-7.9	-3.5	0.3038	4.5	0
15	1991	59	14428.8	-11.6	-4.2	0.3206	6.7	0
15	1991	60	10454.4	-11.6	-8	0.2791	10.2	0
15	1991	61	16934.4	-11.2	-4.2	0.2982	2.1	0
15	1991	62	13132.8	-10.2	-4.4	0.3323	2.6	3.2
15	1991	63	19008	-9.8	-1.6	0.3717	10.2	0
15	1991	64	14515.2	-6.8	0.1	0.2912	6.7	0
15	1991	65	15292.8	-7.2	-2.1	0.4156	12.1	0
15	1991	66	9244.8	-6.9	-4.6	0.3823	11.1	3
15	1991	67	6393.6	-5.5	-3.5	0.4203	6.7	0
15	1991	68	3974.4	-6.9	-4	0.3911	5.9	3.2
15	1991	69	10022.4	-7.8	-4.6	0.3694	3.8	3.6
15	1991	70	15120	-8.1	-4.4	0.3679	3.2	0.2
15	1991	71	15120	-9.6	-4.1	0.3514	4.5	0
15	1991	72	20995.2	-10.3	-4.6	0.3355	2.6	0
15	1991	73	21081.6	-9.5	-1.9	0.3438	2.1	0
15	1991	74	19440	-9.6	-4.9	0.3407	4.5	0
15	1991	75	22204.8	-10	-1.4	0.3038	4.5	0
15	1991	76	19440	-7.7	-0.1	0.3206	3.8	0.5
15	1991	77	8208	-8.4	-6.5	0.3355	2.6	11.9
15	1991	78	18230.4	-9.5	-3.8	0.3568	5.2	5.8
15	1991	79	15897.6	-7.3	-3.4	0.3941	5.2	11.6
15	1991	80	13046.4	-7.2	-3.1	0.4001	16.4	1
15	1991	81	5788.8	-7.7	-4.2	0.3765	7.5	6.1
15	1991	82	3974.4	-7.7	-4.6	0.3708	5.9	4.2
15	1991	83	16588.8	-5.2	-3.3	0.4283	12.1	0
15	1991	84	8640	-4.9	-0.8	0.4459	11.1	12.7
15	1991	85	11577.6	-8.6	-4.5	0.3596	4.5	2.7
15	1991	86	9072	-12.8	-2.5	0.3269	2.6	2.9
15	1991	87	18144	-17.5	-12.3	0.1579	1.5	6.6
15	1991	88	14342.4	-20	-16.8	0.132	8.4	3.1
15	1991	89	15465.6	-18.5	-9.2	0.1994	5.2	0
15	1991	90	25747.2	-12.3	-6.1	0.2926	2.6	0
15	1991	91	15724.8	-13.2	-7.1	0.2715	3.8	0
15	1991	92	19267.2	-10	-0.5	0.3971	3.2	0
15	1991	93	14688	-6	-1.3	0.4481	2.1	2.1
15	1991	94	10713.6	-7.5	-5.4	0.3623	7.5	4.4
15	1991	95	5875.2	-9.5	-6.6	0.3202	4.5	5.6
15	1991	96	21168	-10.1	-7	0.3079	3.2	0.5
15	1991	97	24105.6	-9.6	-4.4	0.3401	3.8	4.6
15	1991	98	20390.4	-11.4	-7.1	0.2915	3.2	14.4
15	1991	99	23500.8	-10.7	-2.8	0.3541	5.2	1.1
15	1991	100	24019.2	-10.9	-5	0.3092	3.2	0
15	1991	101	26438.4	-13.3	-7.6	0.2651	3.2	0
15	1991	102	20304	-10.7	-5.5	0.3189	8.4	0
15	1991	103	13305.6	-10.7	-3.6	0.3433	5.2	0
15	1991	104	22809.6	-10.9	-4.6	0.3277	2.6	0.1
15	1991	105	27648	-9.3	-1	0.396	2.1	0
15	1991	106	28425.6	-8.5	-0.6	0.301	4.5	4.1
15	1991	107	14428.8	-19.4	-5.7	0.2193	5.9	17.7
15	1991	108	16934.4	-19.4	-14.3	0.1505	6.7	12.2
15	1991	109	20476.8	-20.1	-11.9	0.1599	2.1	2.3
15	1991	110	29116.8	-19.1	-11.3	0.1746	2.1	2.4
15	1991	111	12614.4	-17.8	-10.5	0.1884	4.5	2.5
15	1991	112	17539.2	-17.4	-11.3	0.1914	3.8	2.7
15	1991	113	14169.6	-15.8	-7.8	0.238	1.5	7.6
15	1991	114	28166.4	-18.5	-10.8	0.1887	3.8	0.2
15	1991	115	23500.8	-16.1	-9.4	0.2204	9.2	0.7
15	1991	116	22809.6	-13.6	-9.7	0.2409	16.4	0
15	1991	117	24105.6	-11.6	-3.9	0.3277	2.1	5
15	1991	118	23068.8	-10.7	-4.8	0.3277	4.5	1.6
15	1991	119	23932.8	-9.8	-3	0.3637	3.2	3.7
15	1991	120	17539.2	-9.9	-4.3	0.3447	10.2	4.7
15	1991	121	19353.6	-7.9	-4.4	0.3785	6.7	0.5
15	1991	122	14947.2	-8	-4.4	0.3732	5.2	7.7
15	1991	123	13219.2	-11	-4	0.3446	6.7	18.2
15	1991	124	7603.2	-12.5	-8.7	0.2701	1	9.3
15	1991	125	19353.6	-12.2	-7	0.2954	8.4	3.2
15	1991	126	19785.6	-11.2	-5.4	0.3075	5.2	5.5
15	1991	127	22723.2	-12.4	-7.9	0.2574	2.6	1.1
15	1991	128	23587.2	-11.2	-4.5	0.2913	3.2	10.2
15	1991	129	20044.8	-8.5	-5.5	0.3329	6.7	6.8
15	1991	130	18748.8	-8.3	-3.6	0.3726	7.5	23.9
15	1991	131	17020.8	-7.2	-3.8	0.3206	9.2	19.8
15	1991	132	22204.8	-9	-0.8	0.3993	4.5	25.8
15	1991	133	23328	-9.1	-5.4	0.3371	3.2	0
15	1991	134	30067.2	-10.6	-4.3	0.3145	4.5	7.5
15	1991	135	21600	-11.7	-5.3	0.2898	1.5	19.4
15	1991	136	23328	-14.7	-9.6	0.2145	1.5	13.2
15	1991	137	19872	-15.9	-10.7	0.1976	2.6	17.5
15	1991	138	19180.8	-12.4	-9.3	0.2381	1.5	12.7
15	1991	139	27216	-12.6	-9	0.2363	3.2	10
15	1991	140	28252.8	-11.6	-5.8	0.298	3.8	0
15	1991	141	28425.6	-9.7	0.4	0.4242	5.2	0
15	1991	142	29548.8	-4.5	0.8	0.5229	2.1	14.1
15	1991	143	21427.2	-7.7	-1	0.4295	2.1	21.8
15	1991	144	19785.6	-13.6	-7.7	0.2555	1.5	26
15	1991	145	26697.6	-14.2	-6.9	0.2575	5.2	14.5
15	1991	146	21600	-9.6	-5.3	0.325	2.1	32.8
15	1991	147	26697.6	-13.2	-8.8	0.2458	2.1	9.9
15	1991	148	22982.4	-11.8	-5.9	0.2977	3.8	0.2
15	1991	149	27993.6	-8.5	-0.6	0.3795	3.2	0
15	1991	150	30758.4	-7	-0.3	0.4201	3.2	0
15	1991	151	31363.2	-5.6	5.8	0.5785	3.2	0
15	1991	152	33868.8	-3.8	2.1	0.3905	3.8	0.6
15	1991	153	26092.8	-3.4	2.4	0.5361	5.2	0.6
15	1991	154	13564.8	-2.7	-0.5	0.5272	4.5	5.7
15	1991	155	14947.2	-6.8	0	0.447	3.8	18.8
15	1991	156	25833.6	-8.2	-0.8	0.4028	3.8	1.4
15	1991	157	22723.2	-5.8	-1.6	0.451	10.2	5
15	1991	158	21686.4	-7.4	-2.6	0.3963	7.5	2.1
15	1991	159	17712	-4.2	1.9	0.5393	2.6	8.3
15	1991	160	24019.2	-4.9	-0.6	0.4742	5.9	0
15	1991	161	21686.4	-1.2	4.1	0.6513	5.9	6.7
15	1991	162	23500.8	-4.2	0.8	0.491	4.5	0
15	1991	163	33091.2	-4.2	4.5	0.4942	6.7	0
15	1991	164	23846.4	1.6	6.4	0.74	12.1	2.1
15	1991	165	13996.8	-0.6	3.8	0.6789	11.1	2.3
15	1991	166	18576	0.8	3.2	0.7057	14.2	0
15	1991	167	13824	1.3	4.5	0.7072	21.2	2.6
15	1991	168	4060.8	-0.2	2.3	0.6592	20	20.9
15	1991	169	26524.8	-6.6	-0.1	0.4535	2.6	12.3
15	1991	170	23414.4	-6.1	4	0.5376	1.5	3.8
15	1991	171	16761.6	-5.7	-2.6	0.4405	8.4	2.3
15	1991	172	26524.8	-4	0	0.4644	5.9	0
15	1991	173	32486.4	-0.6	9.6	0.5811	5.9	0
15	1991	174	22118.4	2	6.5	0.7862	6.7	0.7
15	1991	175	23587.2	2	0	0.5452	3.8	1.3
15	1991	176	27734.4	1.7	8.8	0.7454	5.9	0
15	1991	177	22896	3.6	9.2	0.9033	6.7	11.4
15	1991	178	7430.4	-4.3	4.4	0.6071	13.1	16.4
15	1991	179	22982.4	-8	4.9	0.5019	2.6	17.8
15	1991	180	22118.4	-7.6	-1.9	0.4082	3.2	6.7
15	1991	181	27820.8	-7.9	-1.7	0.3895	3.8	0
15	1991	182	34214.4	-4.6	3.5	0.4461	3.2	0
15	1991	183	34646.4	0	6.3	0.4212	2.6	0
15	1991	184	18921.6	2.5	7.1	0.7826	2.6	0
15	1991	185	20995.2	2.4	9.8	0.9318	5.9	0
15	1991	186	23414.4	3.6	13.3	1.0833	2.6	1.1
15	1991	187	26092.8	4.2	11.5	0.9551	1.5	0
15	1991	188	33868.8	5	0	0.4388	2.1	0
15	1991	189	12528	4.3	11.7	1.04	2.6	7.1
15	1991	190	15379.2	3.2	0	0.6515	3.8	7.3
15	1991	191	17020.8	3.2	8.4	0.8758	5.2	0.2
15	1991	192	30499.2	4	0	0.5716	2.1	0
15	1991	193	26611.2	5.3	0	0.5839	2.6	3.2
15	1991	194	7862.4	1.4	11	0.8719	3.8	11.1
15	1991	195	4233.6	-0.4	0	0.5841	4.5	18.2
15	1991	196	14515.2	-0.7	11.3	0.7658	2.6	0.8
15	1991	197	32313.6	1.9	11.9	0.8851	4.5	7
15	1991	198	10627.2	-1.7	6.3	0.6993	2.6	17.8
15	1991	199	15379.2	-2	1	0.5715	3.2	4.1
15	1991	200	16675.2	0.6	7.9	0.8193	6.7	0
15	1991	201	9331.2	4.5	7	0.7625	5.2	15.3
15	1991	202	15897.6	3	0	0.6128	4.5	0.7
15	1991	203	25574.4	1.1	12.3	0.8338	2.6	0
15	1991	204	32486.4	1.8	10.6	0.635	2.6	0.6
15	1991	205	16243.2	3.6	6.9	0.8342	4.5	28.5
15	1991	206	6048	-3.4	3.8	0.6137	7.5	23.9
15	1991	207	20908.8	-4.4	0.6	0.5157	2.1	12.6
15	1991	208	7171.2	-3.6	-1.3	0.4951	3.2	8.2
15	1991	209	3628.8	-2.7	0	0.5481	2.6	8.3
15	1991	210	24624	0	6.5	0.7481	3.2	0
15	1991	211	20822.4	0.9	6.3	0.7036	8.4	0
15	1991	212	11750.4	2.5	5.5	0.7481	8.4	15.8
15	1991	213	12787.2	-1.3	2.8	0.6387	5.9	7
15	1991	214	15292.8	-0.7	1.4	0.6267	7.5	7.5
15	1991	215	6048	0.3	1.8	0.6592	2.1	5.2
15	1991	216	8640	1	2.9	0.7032	1.5	3.3
15	1991	217	15292.8	0.5	6.6	0.7878	2.1	0
15	1991	218	30844.8	1.6	8.9	0.6922	3.8	0
15	1991	219	30844.8	5.6	13.1	0.6695	2.6	0
15	1991	220	26438.4	7	11.5	0.8051	3.8	0.6
15	1991	221	22896	4	9.5	0.9548	3.2	4
15	1991	222	20217.6	4.2	11.7	0.9616	2.6	0
15	1991	223	26006.4	4.3	11.2	0.8116	5.9	3.4
15	1991	224	18144	3.4	10.9	0.8195	1.5	0
15	1991	225	25315.2	2.7	9.9	0.8207	3.2	0.2
15	1991	226	15984	-2.2	6.3	0.5949	4.5	1.8
15	1991	227	14342.4	-1.4	6.7	0.6726	3.2	2.3
15	1991	228	23328	-0.1	7.4	0.7299	3.2	0
15	1991	229	18489.6	1.9	8.8	0.7864	3.8	0
15	1991	230	15120	0.2	7.1	0.7775	4.5	0
15	1991	231	23500.8	-3.3	2.3	0.5067	5.2	0
15	1991	232	22118.4	-2	3.6	0.4079	5.9	0
15	1991	233	24624	-0.3	6.1	0.5944	3.8	0
15	1991	234	28252.8	2.7	10.4	0.6117	2.6	0
15	1991	235	15379.2	3.3	7.9	0.7728	3.8	13.5
15	1991	236	15724.8	3	6.4	0.7601	2.6	3.8
15	1991	237	13737.6	1.4	6.8	0.6223	4.5	0
15	1991	238	25660.8	1.6	8.2	0.7015	3.8	4.4
15	1991	239	10972.8	-1.2	2.9	0.5913	2.6	0
15	1991	240	17971.2	-2.5	5.1	0.49	2.6	0
15	1991	241	8553.6	-5.7	-1.8	0.4308	2.1	11.2
15	1991	242	28166.4	-6.8	4.1	0.1605	3.8	0
15	1991	243	26956.8	-0.2	6.7	0.3162	3.2	0
15	1991	244	23241.6	0.8	7.3	0.5794	1.5	0
15	1991	245	21340.8	0.6	7.2	0.7267	2.1	0
15	1991	246	24537.6	-0.7	6.2	0.5583	2.6	0
15	1991	247	25401.6	0.6	7.2	0.4602	3.2	0
15	1991	248	25142.4	1.3	4.8	0.5551	2.6	0
15	1991	249	18835.2	-0.8	5.8	0.6728	3.2	0
15	1991	250	19094.4	-3.5	1	0.5131	4.5	0
15	1991	251	16934.4	-5.8	0.2	0.4625	4.5	0
15	1991	252	24710.4	-2.8	5.4	0.3691	3.2	0
15	1991	253	24624	0.2	7.4	0.6334	2.1	0
15	1991	254	14515.2	1.9	6.5	0.7174	6.7	0
15	1991	255	8208	1	5.4	0.6763	6.7	1
15	1991	256	6566.4	1.1	2.2	0.5988	12.1	0.5
15	1991	257	15120	-0.2	2.6	0.5664	6.7	0
15	1991	258	9849.6	0.3	0	0.5745	1	0
15	1991	259	12614.4	-1.3	2.2	0.625	2.1	0
15	1991	260	6825.6	-0.6	3	0.6397	3.8	0
15	1991	261	15897.6	-1.5	1.2	0.5077	5.9	0
15	1991	262	20131.2	0.3	8.1	0.6185	2.6	0
15	1991	263	14169.6	-0.6	7.2	0.6811	2.1	0
15	1991	264	17193.6	0.6	0	0.5183	3.2	0
15	1991	265	13046.4	1.3	0	0.538	13.1	0
15	1991	266	12700.8	-2.3	0	0.5056	5.9	0
15	1991	267	21254.4	-2.5	5.4	0.5563	3.8	9.3
15	1991	268	21081.6	3	6.7	0.5955	18.7	1.4
15	1991	269	3024	0.5	4	0.6538	25.2	6.7
15	1991	270	4492.8	-5.7	1.7	0.4644	7.5	17.7
15	1991	271	7430.4	-7.7	-3.4	0.3679	10.2	2.2
15	1991	272	2073.6	-3.7	0.4	0.5036	12.1	13.6
15	1991	273	2419.2	-1	2.4	0.6171	21.2	5.2
15	1991	274	7776	-2.1	1.4	0.5837	11.1	0.2
15	1991	275	11750.4	-7.8	-1.4	0.4041	5.2	29.8
15	1991	276	19353.6	-7.7	0.2	0.2918	14.2	7.2
15	1991	277	18921.6	-2.4	8.2	0.5417	5.9	0.4
15	1991	278	18576	1.3	7.6	0.3776	5.9	0
15	1991	279	17193.6	-0.9	4.6	0.5516	12.1	0
15	1991	280	17280	-2.7	1.3	0.4529	16.4	3.1
15	1991	281	10540.8	-5	0.1	0.4747	7.5	1.7
15	1991	282	11318.4	-5.9	2.4	0.4945	2.6	0.1
15	1991	283	17020.8	-2.9	5.2	0.332	2.6	0.1
15	1991	284	16070.4	1.6	4.6	0.4426	15.3	2.7
15	1991	285	2592	0.4	3.3	0.6982	21.2	4.1
15	1991	286	5097.6	-4	0.5	0.5322	5.2	0.8
15	1991	287	9244.8	-5.5	-2.9	0.4299	5.9	0.1
15	1991	288	6998.4	-3.4	-1.8	0.4997	0.6	1.2
15	1991	289	8467.2	-4.1	8.5	0.6657	4.5	1
15	1991	290	10886.4	-6.3	0	0.407	16.4	0.7
15	1991	291	3628.8	-9.2	-2.4	0.3531	2.6	7.8
15	1991	292	4320	-11.4	-5.8	0.2812	1	14.7
15	1991	293	7776	-14.3	-11.1	0.1959	1	7
15	1991	294	8294.4	-15.3	-4.1	0.2491	2.6	7.1
15	1991	295	13219.2	-15.5	-8.5	0.1683	2.1	0.3
15	1991	296	8640	-13	-7.3	0.2545	5.2	3.3
15	1991	297	13737.6	-12	-3.4	0.329	5.9	0
15	1991	298	14342.4	-9	-4.6	0.305	3.8	0
15	1991	299	14515.2	-7	-0.9	0.3058	3.2	0
15	1991	300	14342.4	-5.9	1.2	0.2417	3.8	0
15	1991	301	13910.4	-5.9	2.7	0.3044	3.8	0
15	1991	302	13996.8	-7.1	-3.8	0.1182	5.9	0
15	1991	303	13910.4	-7.4	1	0.1448	5.2	0
15	1991	304	13651.2	-7	0.9	0.1611	4.5	0
15	1991	305	13305.6	-6	1.7	0.1357	6.7	0
15	1991	306	10195.2	-5.7	5.3	0.3252	5.2	21.4
15	1991	307	11750.4	-5.2	-1.3	0.3895	21.2	0.9
15	1991	308	2592	-6.2	-2.4	0.4223	5.2	18.9
15	1991	309	5529.6	-11.7	-2.4	0.3388	0	8.6
15	1991	310	6134.4	-13.5	-3.1	0.3009	0.2	18.5
15	1991	311	8380.8	-16.8	-4.8	0.2444	5.9	26.4
15	1991	312	9936	-6.9	-3.4	0.3335	7.5	0.1
15	1991	313	6566.4	-10.7	-4.5	0.2936	5.9	34.9
15	1991	314	6393.6	-16.8	-10.6	0.1934	1	11.8
15	1991	315	8899.2	-17	-4.8	0.1758	9.2	0.1
15	1991	316	9331.2	-6.9	-2.5	0.3062	9.2	0.7
15	1991	317	6825.6	-7.9	-4.8	0.3613	21.2	10.8
15	1991	318	3628.8	-14.2	-3.9	0.2838	2.6	19.7
15	1991	319	5443.2	-15	-10.1	0.203	21.2	6.5
15	1991	320	4147.2	-10.1	-0.9	0.3815	5.2	25.2
15	1991	321	7516.8	-15.3	-1.9	0.2844	2.6	14.5
15	1991	322	8035.2	-15.7	-6.8	0.2047	9.2	1.4
15	1991	323	7516.8	-10.4	-7.1	0.3	14.2	3.9
15	1991	324	2592	-7.3	-5.9	0.3545	7.5	9.3
15	1991	325	2592	-10.3	-6.5	0.3018	2.1	11
15	1991	326	2764.8	-9.3	-6.2	0.3243	3.2	7.4
15	1991	327	2851.2	-9.8	-6.3	0.3102	3.8	4.5
15	1991	328	3110.4	-11.8	-5.3	0.3047	5.2	5.6
15	1991	329	7862.4	-7.8	-2.7	0.3806	3.8	2.4
15	1991	330	8726.4	-9.4	-4.6	0.2786	2.6	0.5
15	1991	331	9244.8	-8.8	-2.1	0.1793	3.2	0
15	1991	332	8467.2	-6.1	0.7	0.3207	3.8	0
15	1991	333	8121.6	-7.4	-3	0.3696	5.2	0
15	1991	334	8726.4	-7.1	0.2	0.1421	11.1	0.1
15	1991	335	8121.6	-4	-0.7	0.2365	3.8	0
15	1991	336	8467.2	-6.5	-1.1	0.1708	10.2	0
15	1991	337	8380.8	-3.8	1.7	0.1698	2.6	0
15	1991	338	7948.8	-7	-1.2	0.1173	3.8	0
15	1991	339	6739.2	-16.6	-4.5	0.1918	7.5	8.2
15	1991	340	3456	-22.4	-15.9	0.1238	2.1	5.7
15	1991	341	3974.4	-22	-11.9	0.1574	5.2	3.1
15	1991	342	3542.4	-17.3	-15	0.1614	1	6.7
15	1991	343	7948.8	-20.8	-16.7	0.0933	5.9	0
15	1991	344	7862.4	-17.9	-10.5	0.157	5.9	0
15	1991	345	7689.6	-18.9	-8.4	0.1365	17.5	0
15	1991	346	7862.4	-13.5	-6.3	0.1125	5.9	0
15	1991	347	7776	-12.2	-3.5	0.1389	3.8	0
15	1991	348	7776	-7.5	0.8	0.1241	2.6	0
15	1991	349	7948.8	-6	-1.8	0.1099	12.1	0
15	1991	350	7516.8	-8.4	-4	0.1116	9.2	0
15	1991	351	6048	-10.5	-7.4	0.2207	6.7	3.1
15	1991	352	2851.2	-16.5	-8.3	0.2338	3.8	26.2
15	1991	353	3715.2	-17.5	-5.3	0.2509	3.8	17.4
15	1991	354	2419.2	-18.4	-3.6	0.2485	2.1	19.7
15	1991	355	3196.8	-19.5	-10.7	0.1818	6.7	32.4
15	1991	356	1382.4	-10.9	-5.4	0.278	3.8	46.6
15	1991	357	7689.6	-7.1	-2.4	0.2406	11.1	1
15	1991	358	3974.4	-17.4	-0.8	0.2888	2.1	21
15	1991	359	2851.2	-18.3	-16.3	0.1559	2.6	5.8
15	1991	360	5788.8	-18.9	-8.5	0.204	8.4	19.3
15	1991	361	2419.2	-15.8	-6.3	0.2554	2.6	23.2
15	1991	362	2678.4	-19.6	-15.6	0.1397	2.6	3.4
15	1991	363	7084.8	-19.1	-5.8	0.1835	5.2	0
15	1991	364	6566.4	-11.2	-6.5	0.2413	3.8	0
15	1991	365	7776	-13.4	-8.5	0.1115	5.9	21.7
