*---------------------------------------------------------------------------*
* Station name: SONNBLICK (TAWES)                       
* Year: 2008
* Author: Pedro Alencar                                   -999.000: NIL VALUE
* Source: ECAD 
* Comments: 
* Longitude: 47.0542, latitude: 47.0542, altitude: 3109 m.
*
* Column  Daily value
* 1       station number
* 2       year
* 3       day
* 4       irradiation                   (kJ m-2 d-1)
* 5       minimum temperature           (degrees Celsius)
* 6       maximum temperature           (degrees Celsius)
* 7       early morning vapour pressure (kPa)
* 8       mean wind speed (height: 2 m) (m s-1)
* 9       precipitation                 (mm d-1)
*
** WCCDESCRIPTION=GERMANY, SONNBLICK (TAWES)                       
** WCCFORMAT=2
** WCCYEARNR=2008
*---------------------------------------------------------------------------*
   47.0542  12.9575    3109.  -0.18 -0.55
15	2008	1	7430.4	-21	-17.8	0.1146	5.2	0.3
15	2008	2	7689.6	-19.9	-16.7	0.0767	9.2	0
15	2008	3	5529.6	-19.7	-11.8	0.1722	16.4	0
15	2008	4	5356.8	-12.3	-10	0.2507	18.7	2
15	2008	5	3110.4	-12.1	-8.9	0.2668	17.5	15.8
15	2008	6	5529.6	-11.8	-8	0.2798	11.1	9.5
15	2008	7	5356.8	-12.8	-6.3	0.2906	7.5	6.1
15	2008	8	7948.8	-14.5	-9.9	0.1344	10.2	0
15	2008	9	5097.6	-10.6	-5.4	0.1473	5.2	0
15	2008	10	7776	-10.2	-5.7	0.2487	10.2	0
15	2008	11	5184	-10.2	-6.2	0.3231	17.5	4.1
15	2008	12	1814.4	-8.9	-7.2	0.3302	13.1	17
15	2008	13	3628.8	-10.2	-7.5	0.3071	11.1	2.1
15	2008	14	7689.6	-11	-8.6	0.2762	13.1	0
15	2008	15	7430.4	-12.2	-9.5	0.2568	16.4	1.8
15	2008	16	3196.8	-11.1	-9.8	0.2651	17.5	8.7
15	2008	17	4579.2	-10.6	-9.4	0.2747	5.2	14
15	2008	18	8553.6	-11.6	-8.5	0.2737	7.5	6.1
15	2008	19	5616	-11.6	-3.3	0.2586	12.1	0
15	2008	20	6048	-5.6	-2.2	0.1603	9.2	0
15	2008	21	8553.6	-3.8	-1.9	0.1982	10.2	0
15	2008	22	4665.6	-17.7	-2.9	0.2599	6.7	20.5
15	2008	23	9244.8	-20.1	-11.2	0.17	14.2	0
15	2008	24	9244.8	-12.3	-2.3	0.2969	8.4	0
15	2008	25	7862.4	-13.8	-1.9	0.1558	6.7	0
15	2008	26	9763.2	-7.6	-3.1	0.1191	11.1	0
15	2008	27	3974.4	-10.4	-5	0.2673	10.2	21.9
15	2008	28	8985.6	-10.6	-4.7	0.2787	14.2	0
15	2008	29	10281.6	-6.2	-3.5	0.1578	8.4	0
15	2008	30	8208	-11.9	-2.4	0.2825	5.9	1.9
15	2008	31	7689.6	-12.9	-11.2	0.2308	8.4	0
15	2008	32	7689.6	-12.7	-8	0.2477	14.2	4.8
15	2008	33	5702.4	-16.4	-10.4	0.2047	8.4	11.9
15	2008	34	7344	-16.9	-10.5	0.2019	17.5	6.2
15	2008	35	4579.2	-11.3	-9.4	0.2672	16.4	12.7
15	2008	36	6998.4	-13.1	-8.6	0.2568	7.5	0.4
15	2008	37	7862.4	-11.6	-6.2	0.3027	5.9	16.4
15	2008	38	6739.2	-17	-10.7	0.1973	5.9	11.2
15	2008	39	12096	-18.6	-12.5	0.155	11.1	0
15	2008	40	12009.6	-13.8	-10.6	0.1512	11.1	0
15	2008	41	12009.6	-12.5	-8.6	0.0931	10.2	0
15	2008	42	12700.8	-14.2	-10.2	0.1152	6.7	0
15	2008	43	13132.8	-11.9	-8.3	0.1249	5.2	0
15	2008	44	13305.6	-11.8	-5.7	0.0979	5.2	0
15	2008	45	13305.6	-9.9	-7.2	0.154	5.2	0
15	2008	46	12700.8	-17.4	-7.2	0.1881	10.2	0
15	2008	47	14342.4	-20.2	-16.5	0.0533	15.3	0
15	2008	48	13478.4	-19.1	-11	0.1027	10.2	0
15	2008	49	13996.8	-13.5	-10.5	0.1073	8.4	0
15	2008	50	14342.4	-12.2	-5.5	0.2037	5.9	0
15	2008	51	14601.6	-8.1	-5.5	0.1396	3.8	0
15	2008	52	10886.4	-9.3	-6.8	0.3068	6.7	0
15	2008	53	9763.2	-9.7	-3.2	0.3623	8.4	1
15	2008	54	13305.6	-7.9	-3.4	0.2568	6.7	1.7
15	2008	55	15292.8	-6.5	1.4	0.1723	7.5	0
15	2008	56	15033.6	-4.4	-0.8	0.3432	4.5	0
15	2008	57	15984	-5.7	-3.9	0.3253	11.1	0.9
15	2008	58	14169.6	-8.3	-4.8	0.3483	5.9	0.9
15	2008	59	16243.2	-11.9	-6.4	0.153	7.5	0
15	2008	60	11232	-7.2	-3.4	0.3832	9.2	4.9
15	2008	61	6566.4	-11.8	-4.6	0.3198	7.5	31.9
15	2008	62	11059.2	-12.1	-6.2	0.2969	12.1	12.5
15	2008	63	18316.8	-7.2	-2.1	0.368	4.5	11.7
15	2008	64	8812.8	-16.5	-5.1	0.2471	8.4	14.9
15	2008	65	10540.8	-20.3	-16.2	0.1308	11.1	7.9
15	2008	66	15292.8	-23.3	-7.4	0.1743	5.2	0
15	2008	67	11404.8	-8.6	-3.7	0.3824	6.7	0.2
15	2008	68	14342.4	-10.6	-4.8	0.3324	4.5	0
15	2008	69	14947.2	-9.8	-6.2	0.3214	9.2	0.2
15	2008	70	9849.6	-11.5	-9	0.2665	17.5	26
15	2008	71	14515.2	-12.7	-9.7	0.2419	5.2	11.2
15	2008	72	13392	-12.7	-3.6	0.321	10.2	24.2
15	2008	73	16848	-14.9	-7.5	0.2419	8.4	11.2
15	2008	74	12528	-12.9	-4.4	0.3087	9.2	13
15	2008	75	20217.6	-9.3	-4.7	0.2967	10.2	0
15	2008	76	7689.6	-10.6	-4.4	0.3098	4.5	22.5
15	2008	77	16502.4	-11.3	-6.7	0.2942	4.5	5.3
15	2008	78	19180.8	-19.4	-9.8	0.1796	5.2	9
15	2008	79	20822.4	-20.2	-14.7	0.14	5.9	3.7
15	2008	80	15984	-19.8	-15.6	0.137	3.8	9.8
15	2008	81	15724.8	-19.4	-14	0.1508	15.3	15.4
15	2008	82	21168	-17.9	-12.7	0.1713	3.8	2
15	2008	83	15638.4	-17.3	-10.6	0.1915	3.8	10.7
15	2008	84	19180.8	-20	-8.7	0.1833	6.7	7.1
15	2008	85	12873.6	-21.1	-16.8	0.1232	4.5	13.6
15	2008	86	19008	-21	-12.5	0.1518	11.1	0.9
15	2008	87	18748.8	-14.6	-8.1	0.2442	3.8	7.5
15	2008	88	16588.8	-12.2	-7.5	0.278	9.2	3.2
15	2008	89	18921.6	-11.7	-7.7	0.2696	5.2	1.7
15	2008	90	24537.6	-10.4	-3.4	0.2151	10.2	0
15	2008	91	21600	-6.5	-2.5	0.3415	5.9	0
15	2008	92	13824	-7.2	-5.1	0.3785	6.7	5.7
15	2008	93	13996.8	-12.3	-6.8	0.2817	6.7	28.2
15	2008	94	17366.4	-14	-11.3	0.2152	5.9	11.5
15	2008	95	22032	-14.4	-11.5	0.2078	10.2	0.4
15	2008	96	25920	-15.2	-10.1	0.2129	5.9	0
15	2008	97	16070.4	-12.8	-9	0.2504	9.2	12.3
15	2008	98	17971.2	-14.6	-10	0.2214	9.2	14.8
15	2008	99	19612.8	-11.9	-6	0.2984	17.5	4.1
15	2008	100	20304	-7.6	-5	0.3742	13.1	0
15	2008	101	23328	-6.2	-2.6	0.4367	14.2	2.9
15	2008	102	13132.8	-5.7	-2.5	0.4512	17.5	14.7
15	2008	103	18662.4	-10.8	-3	0.35	3.2	3.9
15	2008	104	20217.6	-11.8	-6.1	0.2953	6.7	1
15	2008	105	24710.4	-10.6	-6.1	0.2509	5.2	3.9
15	2008	106	19526.4	-12.2	-8	0.2726	6.7	12.5
15	2008	107	24364.8	-13.9	-9.8	0.2346	4.5	8.4
15	2008	108	17884.8	-11.7	-8.2	0.2787	12.1	7.4
15	2008	109	14342.4	-9.1	-4.4	0.3651	12.1	6.9
15	2008	110	20217.6	-7.7	-3.9	0.3967	8.4	7.9
15	2008	111	22723.2	-8.7	-3.7	0.3847	10.2	0
15	2008	112	16243.2	-6	-3	0.4378	12.1	26.2
15	2008	113	19699.2	-7.9	-5.7	0.3674	7.5	25.1
15	2008	114	20563.2	-8	-5.5	0.3688	5.2	12.2
15	2008	115	21513.6	-9.9	-5	0.3494	4.5	12.3
15	2008	116	22982.4	-9.4	-4.9	0.3576	5.9	27.1
15	2008	117	23846.4	-9.8	-1	0.409	5.9	2.6
15	2008	118	31968	-9	-3.7	0.3651	6.7	0
15	2008	119	26352	-7	-2.1	0.4275	5.2	0.2
15	2008	120	19353.6	-7.9	-2.6	0.4137	3.8	7
15	2008	121	23846.4	-7.9	-4.1	0.3711	13.1	4.4
15	2008	122	18489.6	-7.9	-4.5	0.3847	5.2	4.2
15	2008	123	28771.2	-9.5	-4.4	0.3232	6.7	0.9
15	2008	124	19526.4	-7.6	-4.2	0.3819	3.8	0.6
15	2008	125	25315.2	-6.9	-3.2	0.4074	3.8	14.7
15	2008	126	18144	-10.1	-4.9	0.3446	5.9	8
15	2008	127	25833.6	-7.8	-4.9	0.3803	5.2	0.2
15	2008	128	33609.6	-8.8	-4.7	0.3688	5.2	0
15	2008	129	33609.6	-7.4	-2.7	0.336	3.8	0
15	2008	130	33350.4	-4.8	-0.7	0.3644	3.2	0
15	2008	131	33264	-4.4	-0.9	0.4375	2.6	0.8
15	2008	132	33436.8	-5.6	-1.5	0.4091	3.8	0
15	2008	133	33696	-6.3	0.2	0.3124	1	0
15	2008	134	33609.6	-5.7	1	0.36	3.8	0
15	2008	135	29548.8	-4	0.6	0.4154	3.8	0
15	2008	136	24796.8	-2.7	1.3	0.5109	5.9	0
15	2008	137	19267.2	-3.2	0.4	0.535	7.5	2.1
15	2008	138	11059.2	-1.6	-0.2	0.5722	14.2	15.9
15	2008	139	12441.6	-2.4	-0.7	0.5455	8.4	14.7
15	2008	140	24105.6	-4.4	0	0.52	2.1	11.7
15	2008	141	19440	-4.1	-0.4	0.518	5.9	4.3
15	2008	142	30758.4	-3.8	0	0.5316	2.6	0.6
15	2008	143	25056	-3.7	1	0.5536	0.6	9.2
15	2008	144	20304	-2.5	0	0.5298	2.6	1.4
15	2008	145	22204.8	-4.1	-0.1	0.4819	8.4	0
15	2008	146	17798.4	-1.4	2.7	0.6148	6.7	0.2
15	2008	147	22377.6	0.5	3.3	0.5605	12.1	0
15	2008	148	33696	2.2	5.4	0.6094	12.1	0
15	2008	149	20649.6	2.5	6	0.6455	12.1	0
15	2008	150	30412.8	2.5	6.4	0.621	11.1	0
15	2008	151	19353.6	-0.3	4.8	0.6753	9.2	3
15	2008	152	25228.8	-1.4	4.9	0.6169	2.1	0
15	2008	153	24883.2	0.9	6.8	0.7322	3.8	6.5
15	2008	154	17798.4	1.4	4.1	0.6998	5.9	2.2
15	2008	155	25142.4	0.8	6	0.7171	3.8	10.4
15	2008	156	13651.2	-0.1	1.6	0.6451	5.9	8.7
15	2008	157	14774.4	-0.1	2.7	0.6712	4.5	6.4
15	2008	158	14342.4	0.6	3.8	0.7159	2.6	4.9
15	2008	159	15724.8	-1.2	1.4	0.6155	5.2	15.9
15	2008	160	19008	-2.5	0.3	0.5639	4.5	2.2
15	2008	161	30758.4	-2.1	4.5	0.653	2.1	0.2
15	2008	162	25401.6	0.3	5.7	0.6895	1	4.1
15	2008	163	19008	0	6.7	0.6991	3.8	12.7
15	2008	164	16502.4	-1.8	0.2	0.5764	3.2	5
15	2008	165	18576	-7	-0.4	0.4557	8.4	9.6
15	2008	166	20390.4	-8.1	-3.3	0.3957	4.5	2.5
15	2008	167	20563.2	-7.5	-1.4	0.4351	5.2	2.5
15	2008	168	15292.8	-4	-0.7	0.5142	9.2	2.5
15	2008	169	12355.2	-1.6	1.4	0.6066	7.5	13.4
15	2008	170	20217.6	-1.5	2.2	0.6267	5.2	0.8
15	2008	171	29116.8	0.3	6.8	0.6617	5.2	2.2
15	2008	172	17712	1.2	7.1	0.7478	3.8	5.2
15	2008	173	24883.2	2.5	10.1	0.8589	3.2	0
15	2008	174	23500.8	5.2	10.7	0.9189	4.5	0
15	2008	175	21686.4	4.6	10.4	0.9844	4.5	10.1
15	2008	176	23932.8	4	10.3	0.7993	3.8	3.3
15	2008	177	23500.8	5.6	9.9	0.8432	8.4	1.6
15	2008	178	11923.2	4.6	9.3	0.8283	7.5	5.8
15	2008	179	19267.2	2.9	8.4	0.885	3.2	2.7
15	2008	180	29548.8	0.3	7.5	0.7509	4.5	0
15	2008	181	25660.8	3.7	9.2	0.8196	2.6	10.4
15	2008	182	20217.6	1.9	7.6	0.8484	5.2	1.4
15	2008	183	24710.4	3.4	9.5	0.8292	3.2	0
15	2008	184	20304	3.6	9.7	0.8603	5.9	5.9
15	2008	185	18489.6	3.1	8.2	0.8029	8.4	11.3
15	2008	186	16675.2	1.1	4.9	0.7577	3.8	1.3
15	2008	187	28771.2	0	5.6	0.5752	8.4	0
15	2008	188	11836.8	2.8	6.8	0.8428	8.4	10.6
15	2008	189	6048	0.3	4	0.7133	8.4	9.8
15	2008	190	14947.2	-1.5	1.4	0.6088	3.8	2.6
15	2008	191	27820.8	-2.8	4	0.6254	5.9	0
15	2008	192	31881.6	0.7	10.3	0.7224	2.1	0
15	2008	193	17107.2	3.9	9.7	0.8791	5.9	3
15	2008	194	6739.2	2.5	5	0.799	9.2	10.1
15	2008	195	5011.2	1.1	3.9	0.7313	13.1	12.7
15	2008	196	13996.8	-1.9	2.1	0.6155	5.2	16.5
15	2008	197	22377.6	-3.9	0	0.5297	6.7	0
15	2008	198	33782.4	-0.8	7.2	0.7224	5.9	0
15	2008	199	7084.8	0.4	5.3	0.7497	3.8	13.8
15	2008	200	18144	-0.8	2	0.6382	3.8	1.8
15	2008	201	21081.6	-1.2	5.5	0.6919	6.7	0
15	2008	202	12787.2	0.8	6.9	0.7805	4.5	27.3
15	2008	203	20217.6	-3.5	1.4	0.5659	5.9	7
15	2008	204	15379.2	-4.9	-2	0.469	12.1	19.7
15	2008	205	14860.8	-4.8	-2.3	0.4702	15.3	6.9
15	2008	206	21168	-2.9	1.1	0.5722	8.4	0
15	2008	207	18489.6	0.5	4.2	0.7235	6.7	0
15	2008	208	12355.2	2.8	4.7	0.799	4.5	8.2
15	2008	209	21427.2	2.5	8.5	0.8939	3.8	3.4
15	2008	210	20908.8	3.5	8.8	0.8784	2.1	0.2
15	2008	211	21081.6	4.3	7.6	0.8384	4.5	3
15	2008	212	28425.6	3.3	9.7	0.8515	3.2	9.6
15	2008	213	12960	2.8	8.6	0.8423	4.5	1.1
15	2008	214	16848	4.6	8.1	0.9097	3.8	13.9
15	2008	215	14428.8	3.2	8.4	0.9127	5.9	0.5
15	2008	216	17798.4	3.7	10.4	0.9546	4.5	0
15	2008	217	19353.6	4.4	9.2	0.9087	7.5	2.6
15	2008	218	19008	4.2	8.2	0.8814	5.2	0
15	2008	219	22723.2	4	10.3	0.9105	3.8	1.6
15	2008	220	22982.4	4	9.4	0.9123	6.7	12.5
15	2008	221	11750.4	-0.3	7.7	0.7723	5.2	20.9
15	2008	222	13737.6	-2.4	0.2	0.5639	4.5	3.6
15	2008	223	29462.4	-2	6	0.5646	5.9	0
15	2008	224	29721.6	3.6	6.9	0.7632	9.2	0
15	2008	225	8121.6	2.2	5.4	0.8018	15.3	0.5
15	2008	226	5702.4	3.9	5.2	0.8451	9.2	0.5
15	2008	227	14428.8	2.4	6.2	0.8138	8.4	6.6
15	2008	228	2678.4	-0.8	5	0.7108	6.7	25.1
15	2008	229	16761.6	-4.1	-0.7	0.5123	7.5	4.6
15	2008	230	20649.6	-3.2	0.6	0.5556	3.2	0.4
15	2008	231	15724.8	-1.3	4	0.6601	8.4	0
15	2008	232	28080	3.4	6.7	0.6388	8.4	0.2
15	2008	233	9331.2	1.3	5.8	0.5908	3.8	10.6
15	2008	234	20131.2	2.4	5.9	0.8135	8.4	0
15	2008	235	13478.4	3.1	5.8	0.814	9.2	0.2
15	2008	236	3369.6	-2.6	4.9	0.664	4.5	28.8
15	2008	237	27993.6	-6.2	1.3	0.439	7.5	0
15	2008	238	18403.2	-0.8	4.3	0.6377	3.2	0
15	2008	239	24710.4	-0.3	4.4	0.6941	3.8	0
15	2008	240	20304	-0.6	4	0.6424	4.5	0
15	2008	241	21168	0.2	4.3	0.7112	3.8	0
15	2008	242	21427.2	0.3	5.4	0.6073	4.5	0
15	2008	243	26438.4	3	7.3	0.6169	3.8	0
15	2008	244	22809.6	4.5	6.9	0.7691	3.2	6
15	2008	245	15724.8	2	7.1	0.7268	3.8	4.5
15	2008	246	12787.2	1.3	4.3	0.7471	7.5	0
15	2008	247	11577.6	2.1	4.8	0.751	8.4	2.5
15	2008	248	3801.6	2.2	3.3	0.7444	15.3	2.4
15	2008	249	6739.2	1.5	3.5	0.7313	14.2	0
15	2008	250	7257.6	2.8	5.6	0.7999	15.3	0
15	2008	251	2851.2	1.9	4.2	0.7604	10.2	22
15	2008	252	10713.6	-1.4	2.6	0.6382	3.8	0
15	2008	253	23068.8	-0.4	6.7	0.3982	4.5	0
15	2008	254	14169.6	4.2	9.5	0.892	3.2	12.5
15	2008	255	19958.4	2.2	9.1	0.812	7.5	1.2
15	2008	256	10886.4	3.2	7	0.8431	5.2	13.3
15	2008	257	6134.4	0.5	4.4	0.7287	5.2	4.1
15	2008	258	12009.6	-2.9	1	0.5701	3.2	0.6
15	2008	259	10368	-8.1	-2.5	0.3997	9.2	10.7
15	2008	260	10886.4	-8.4	-6.5	0.3389	10.2	5.1
15	2008	261	22809.6	-9.9	-3.3	0.2388	6.7	0
15	2008	262	19440	-5.1	-1.5	0.2635	7.5	0
15	2008	263	9676.8	-5.8	-2.9	0.4428	5.2	0
15	2008	264	11491.2	-8.7	-5.1	0.3537	12.1	0
15	2008	265	16156.8	-9.2	-5.2	0.3456	8.4	0
15	2008	266	12700.8	-9	-4.9	0.3559	5.2	0.6
15	2008	267	16761.6	-8.2	-2.7	0.4033	2.6	0.5
15	2008	268	15638.4	-8.5	-3.3	0.3897	4.5	8.3
15	2008	269	9417.6	-7	-5.7	0.3765	8.4	17.9
15	2008	270	10886.4	-7.2	-5.9	0.3708	9.2	3.1
15	2008	271	19958.4	-8.7	-5.1	0.361	5.9	0.5
15	2008	272	19958.4	-8.4	-3.4	0.1772	6.7	0
15	2008	273	19180.8	-4.4	0.1	0.3444	5.2	0.5
15	2008	274	8812.8	-5.4	-2.1	0.4447	9.2	0.5
15	2008	275	9676.8	-4.2	-1.8	0.49	13.1	0.5
15	2008	276	5270.4	-3.2	-1.9	0.5066	12.1	13.9
15	2008	277	5875.2	-10.8	-2.1	0.3661	5.2	29.5
15	2008	278	10800	-11.4	-9.2	0.2655	5.2	5.8
15	2008	279	18144	-11.6	-3.3	0.3215	6.7	0
15	2008	280	17798.4	-4.2	-0.8	0.4373	6.7	0.5
15	2008	281	12355.2	-3.1	-0.1	0.5435	5.9	0.5
15	2008	282	12268.8	-2.9	0.4	0.5354	3.2	0
15	2008	283	11491.2	-2.1	1.3	0.5875	4.5	0
15	2008	284	14860.8	-3	1.1	0.5074	3.8	0
15	2008	285	15984	-1.9	4.3	0.2665	3.2	0
15	2008	286	16416	0	4.8	0.4938	4.5	0
15	2008	287	14342.4	0.8	4.1	0.5611	4.5	0
15	2008	288	8640	0.6	3.3	0.6962	4.5	0.2
15	2008	289	10800	-0.4	2.2	0.6456	5.9	0
15	2008	290	7344	-1.1	0.4	0.5956	11.1	7.5
15	2008	291	14601.6	-8.1	-0.8	0.356	6.7	0
15	2008	292	15033.6	-6.5	2	0.2279	3.2	0
15	2008	293	14688	-4.6	-0.9	0.4642	6.7	0
15	2008	294	14515.2	-2.5	3.1	0.1873	5.2	0
15	2008	295	11923.2	-2.5	1.9	0.5141	2.6	0
15	2008	296	13392	-1.4	0.5	0.5204	6.7	0.5
15	2008	297	5875.2	-2.2	-0.7	0.5496	9.2	1
15	2008	298	13132.8	-2.7	0.6	0.5263	3.8	0
15	2008	299	11318.4	-3.3	-0.3	0.482	5.2	0
15	2008	300	13305.6	-1.7	1.4	0.2236	6.7	0
15	2008	301	9417.6	-2.2	2.1	0.4261	10.2	0
15	2008	302	5702.4	-4.4	-0.3	0.5091	13.1	16.1
15	2008	303	3196.8	-3.3	-0.8	0.5205	11.1	33.6
15	2008	304	5875.2	-10.9	-1.7	0.3704	13.1	14.4
15	2008	305	3801.6	-10.5	-4.1	0.3464	13.1	20
15	2008	306	8553.6	-4.2	-0.8	0.5034	14.2	0
15	2008	307	11232	-3.5	-1.8	0.4878	11.1	0
15	2008	308	6220.8	-5.2	-2	0.4451	17.5	0
15	2008	309	4233.6	-4.5	-2.1	0.4791	15.3	11.3
15	2008	310	6307.2	-5.9	-1.1	0.472	17.5	2.2
15	2008	311	7430.4	-7.3	-3.9	0.3988	9.2	8.4
15	2008	312	5011.2	-8.1	-4.4	0.3756	7.5	0
15	2008	313	5875.2	-6.6	-3.5	0.4158	5.9	1.4
15	2008	314	10627.2	-8.1	-5.7	0.3318	5.9	0
15	2008	315	10108.8	-5.9	-2.7	0.3734	9.2	0
15	2008	316	10108.8	-6.1	-0.7	0.3804	9.2	0
15	2008	317	4406.4	-6.6	-4.9	0.3942	10.2	9.8
15	2008	318	4838.4	-6.9	-5.3	0.3838	6.7	8.4
15	2008	319	8899.2	-6.9	-5.3	0.3838	5.9	0
15	2008	320	9763.2	-7.2	-2.9	0.2352	8.4	0
15	2008	321	9590.4	-6.3	-3.5	0.3271	7.5	14.3
15	2008	322	7603.2	-15.2	-5.1	0.2178	8.4	3.2
15	2008	323	6480	-12.6	-7.6	0.0965	2.6	0.3
15	2008	324	5270.4	-12	-5.3	0.3151	9.2	1.1
15	2008	325	6912	-7.4	-4.1	0.2668	8.4	2
15	2008	326	2937.6	-14.1	-4.9	0.2947	9.2	32.4
15	2008	327	3456	-21.1	-13.9	0.1456	3.2	22.4
15	2008	328	8899.2	-21.6	-19.5	0.1109	9.2	1.2
15	2008	329	3888	-20.3	-14	0.1531	7.5	4.3
15	2008	330	8899.2	-17.6	-14.6	0.1673	7.5	0.3
15	2008	331	7516.8	-19.7	-14.9	0.1496	10.2	0
15	2008	332	8294.4	-15.8	-8.3	0.2405	11.1	0
15	2008	333	2851.2	-14	-8.3	0.2585	20	0.2
15	2008	334	2592	-10.8	-8.2	0.2947	13.1	3.2
15	2008	335	3801.6	-11.7	-9	0.2784	8.4	23.5
15	2008	336	2851.2	-11.9	-5.2	0.3208	12.1	20
15	2008	337	4320	-12.6	-10.1	0.2544	5.9	5.4
15	2008	338	8467.2	-15.2	-11.8	0.1857	13.1	0.6
15	2008	339	7862.4	-13	-9.6	0.2219	15.3	7
15	2008	340	2160	-13.5	-9.4	0.2524	11.1	8.5
15	2008	341	5875.2	-14	-9.6	0.2454	4.5	10.1
15	2008	342	6739.2	-15.7	-13.5	0.1914	5.9	13.1
15	2008	343	7603.2	-16.9	-11	0.204	9.2	0
15	2008	344	7344	-11.7	-7.1	0.201	11.1	2
15	2008	345	1987.2	-12.8	-9.5	0.2585	17.5	18.1
15	2008	346	2851.2	-9.5	-7.4	0.3201	10.2	5.9
15	2008	347	4060.8	-7.9	-6.7	0.3535	5.9	3.8
15	2008	348	3974.4	-9.8	-7	0.3246	15.3	4.3
15	2008	349	3456	-9.8	-8.7	0.3036	10.2	6.5
15	2008	350	3196.8	-9.2	-7.4	0.3271	13.1	3.6
15	2008	351	3024	-7.6	-6.2	0.3646	13.1	14.8
15	2008	352	5356.8	-11.6	-7	0.3024	5.2	3.2
15	2008	353	2678.4	-15.1	-11	0.2196	13.1	0.3
15	2008	354	4492.8	-14.7	-9.9	0.2357	6.7	1.1
15	2008	355	3888	-17.2	-8.3	0.2273	11.1	2
15	2008	356	3801.6	-9.5	-7.6	0.3176	5.2	32.4
15	2008	357	3888	-9.9	-5.3	0.3454	9.2	22.4
15	2008	358	4838.4	-12.3	-8.1	0.2789	20	1.2
15	2008	359	7171.2	-11.4	-9.1	0.2637	9.2	9.2
15	2008	360	5097.6	-14.6	-11.2	0.2177	5.9	7.3
15	2008	361	7344	-19.3	-13.2	0.1652	6.7	0
15	2008	362	7603.2	-16.9	-13.3	0.1723	8.4	0
15	2008	363	7689.6	-17	-13	0.1756	11.1	0.2
15	2008	364	7516.8	-13.8	-9.9	0.1876	11.1	3.2
15	2008	365	7430.4	-16.1	-5.2	0.0924	6.7	10.1
15	2008	366	7257.6	-11.5	-5.1	0.2388	12.1	0.4
