*---------------------------------------------------------------------------*
* Station name: BAMBERG                                 
* Year: 1994
* Author: Pedro Alencar                                   -999.000: NIL VALUE
* Source: ECAD 
* Comments: 
* Longitude: 49.8753, latitude: 49.8753, altitude: 240 m.
*
* Column  Daily value
* 1       station number
* 2       year
* 3       day
* 4       irradiation                   (kJ m-2 d-1)
* 5       minimum temperature           (degrees Celsius)
* 6       maximum temperature           (degrees Celsius)
* 7       early morning vapour pressure (kPa)
* 8       mean wind speed (height: 2 m) (m s-1)
* 9       precipitation                 (mm d-1)
*
** WCCDESCRIPTION=GERMANY, BAMBERG                                 
** WCCFORMAT=2
** WCCYEARNR=1994
*---------------------------------------------------------------------------*
   49.8753  10.9217    240.  -0.18 -0.55
40	1994	1	2073.6	-1.4	7.9	0.6402	2.1	0
40	1994	2	1296	-2.1	5.2	0.6013	3.1	1.9
40	1994	3	2937.6	3.4	8	0.7782	2.4	7.5
40	1994	4	2937.6	5.6	8	0.8396	2.8	0.2
40	1994	5	2160	4	8	0.7759	3.4	8.4
40	1994	6	1382.4	5	6.8	0.8355	1.7	1.9
40	1994	7	1382.4	1.2	7.2	0.7422	0.3	0.8
40	1994	8	2505.6	0.8	6.5	0.6982	0.5	0
40	1994	9	1382.4	-0.1	4.4	0.6705	0.6	0
40	1994	10	1382.4	2.8	3.7	0.6941	1.5	0
40	1994	11	1468.8	2.8	4	0.7405	0.8	0.4
40	1994	12	2073.6	3.5	8	0.7901	2.9	1.1
40	1994	13	1468.8	6.3	12	0.846	2.7	3.1
40	1994	14	3456	4.8	8.4	0.7891	2.4	0.9
40	1994	15	3196.8	-1.3	6.6	0.6135	0.9	0
40	1994	16	1814.4	-1.9	3.2	0.57	0.6	1.3
40	1994	17	3888	-4.1	1.8	0.3989	2	0
40	1994	18	5961.6	-8.1	0.9	0.3607	1.2	0
40	1994	19	5788.8	-4.6	2.2	0.375	1.7	0
40	1994	20	1641.6	-2.2	0	0.4849	1.2	0
40	1994	21	3110.4	-5.8	0.1	0.4311	0.4	0
40	1994	22	1641.6	-5.3	1	0.4854	2.6	2.4
40	1994	23	1641.6	0.6	6	0.7121	3.5	5.6
40	1994	24	1728	2.5	6	0.6538	1.4	0
40	1994	25	1728	2.2	10.1	0.8595	2.5	5.4
40	1994	26	1728	2.2	9.9	0.7504	4.5	1.1
40	1994	27	2592	3	7.4	0.6544	4.1	5.6
40	1994	28	3456	-0.1	8.4	0.5341	6.6	0.3
40	1994	29	5270.4	-0.2	2.5	0.4648	4.3	1
40	1994	30	1900.8	0.5	5.5	0.6289	3	1.4
40	1994	31	4924.8	1.7	5.4	0.583	3.1	0
40	1994	32	3888	-1.2	4.9	0.5934	1.4	0.3
40	1994	33	1987.2	1.3	7	0.6738	1.3	4.5
40	1994	34	3196.8	0.5	4	0.6609	1.1	0.8
40	1994	35	4665.6	-0.1	8	0.6887	1.5	0
40	1994	36	6912	-1.1	8.6	0.6392	1	0
40	1994	37	2073.6	-3	2.5	0.576	0.3	0
40	1994	38	2160	2	4.6	0.6966	0.9	2.6
40	1994	39	2160	0.6	3.8	0.6944	1.7	8.6
40	1994	40	6134.4	0.3	6.5	0.6782	0.9	2.6
40	1994	41	2937.6	1.7	4.1	0.6696	2	1.9
40	1994	42	3110.4	0	3.5	0.5823	1.4	0
40	1994	43	5356.8	-0.3	3.5	0.5143	2	0.2
40	1994	44	6220.8	-8.7	0.3	0.2911	3.4	0
40	1994	45	9417.6	-8.7	-1.6	0.1917	5	0
40	1994	46	9763.2	-6.5	2.4	0.1893	3	0
40	1994	47	10022.4	-7.5	1.8	0.218	1.9	0
40	1994	48	9331.2	-12.4	-0.8	0.2425	0.9	0
40	1994	49	9849.6	-14.3	0.6	0.2086	0.8	0
40	1994	50	9590.4	-14	0.7	0.2527	0.6	0
40	1994	51	6739.2	-7.4	0.7	0.358	1.3	2.2
40	1994	52	7430.4	-5	2	0.4764	1.4	0.7
40	1994	53	2764.8	-5	3.5	0.5438	0.7	2
40	1994	54	4147.2	1.4	5.6	0.7222	1.6	3.8
40	1994	55	5184	1.5	8.5	0.7674	0.8	0.6
40	1994	56	3888	3.3	8.2	0.8452	0.6	0
40	1994	57	8121.6	-0.2	12.5	0.7367	1.7	0
40	1994	58	6480	0.6	15.5	0.8391	1.1	0
40	1994	59	6393.6	3.8	13	0.9254	0.8	2.3
40	1994	60	4406.4	3.8	12	0.9371	1.1	15.2
40	1994	61	4665.6	3.8	7.9	0.7586	1.6	1.9
40	1994	62	10886.4	4	10.1	0.7235	2	3.5
40	1994	63	9244.8	-0.2	8.5	0.5834	3.7	0
40	1994	64	12268.8	-3.6	13.2	0.5332	2.2	0.2
40	1994	65	11836.8	4.9	10.6	0.7062	2.2	0
40	1994	66	4233.6	2.3	8.9	0.691	2.9	0.2
40	1994	67	3542.4	7.8	10.3	1.0706	1.4	0.9
40	1994	68	5529.6	8	15	1.1659	1.1	0
40	1994	69	10540.8	3.4	14.1	0.8235	1.8	0
40	1994	70	13132.8	-2.7	14.6	0.6893	1.1	0
40	1994	71	3715.2	2.5	9.6	0.8817	1	0.6
40	1994	72	3801.6	3.6	9.2	0.788	4.4	6.5
40	1994	73	7603.2	5.2	11.5	0.6588	4.8	0
40	1994	74	3888	8	10.5	1.0034	4	12
40	1994	75	11491.2	2	8.8	0.7801	2.8	11
40	1994	76	13737.6	0.8	6.5	0.4363	5.6	0
40	1994	77	4579.2	1.2	5	0.6868	2.1	5.7
40	1994	78	4060.8	2.3	9	0.7482	4.3	2.4
40	1994	79	4147.2	-1	6.5	0.603	1.5	0.6
40	1994	80	9417.6	0.3	9.7	0.593	0.7	0
40	1994	81	13046.4	0.4	12.1	0.7799	1.4	3.4
40	1994	82	4320	7.2	14	0.9706	2.6	0.1
40	1994	83	8208	8.9	15.2	1.1246	4.3	4.7
40	1994	84	6652.8	3.5	15.5	0.9374	2.7	7.5
40	1994	85	15552	3.5	12.9	0.7825	4.3	0.4
40	1994	86	13737.6	0	7.6	0.5773	1.3	0
40	1994	87	12441.6	-3	12.3	0.5617	1.7	0
40	1994	88	5788.8	8	15.1	1.1562	2	0.4
40	1994	89	17539.2	8.4	19.2	1.1506	1.9	0
40	1994	90	8553.6	8.4	16	1.1642	2.5	2.7
40	1994	91	5356.8	6.2	14.6	0.9452	3.8	4.4
40	1994	92	16329.6	1.2	9.5	0.7059	2.7	1.5
40	1994	93	11750.4	-1	8.4	0.629	1.6	0.2
40	1994	94	4924.8	-1	7.3	0.6586	4.2	9.3
40	1994	95	17366.4	0.6	8.6	0.5767	2.6	0
40	1994	96	13305.6	0	8	0.6586	1.1	0
40	1994	97	14860.8	-2.4	9.8	0.5892	0.8	0
40	1994	98	10108.8	1.2	8.9	0.7701	1	4.5
40	1994	99	10195.2	2	8.8	0.7174	3.8	5.6
40	1994	100	13910.4	-1.6	8.4	0.6236	1.3	0.3
40	1994	101	7344	1.2	5.6	0.6937	1.7	3.5
40	1994	102	6912	3.1	8	0.8427	2	45.2
40	1994	103	5356.8	5.8	7.8	0.8692	3.8	5.3
40	1994	104	6739.2	0.4	6.6	0.628	2.5	0
40	1994	105	12096	-1.5	11.7	0.6499	1	0
40	1994	106	7948.8	3.5	12.8	0.8665	3.1	0.2
40	1994	107	5616	6.6	9.7	0.9207	4.3	1.9
40	1994	108	16502.4	4.4	10	0.5584	2.6	0
40	1994	109	20995.2	-2.4	13	0.5966	0.6	0
40	1994	110	19785.6	-1.4	14.8	0.6671	0.8	0
40	1994	111	13132.8	1.9	17.6	0.8808	0.6	0
40	1994	112	15465.6	4.2	20	1.0719	0.9	0.4
40	1994	113	22723.2	3.4	22.1	0.9567	1.4	0
40	1994	114	21081.6	3.8	22.1	0.9544	1.1	0
40	1994	115	19785.6	5.4	22.5	1.0504	1.3	0
40	1994	116	15552	9	18.1	1.07	2.2	0.1
40	1994	117	10108.8	7.6	16.8	1.15	1.1	0
40	1994	118	14169.6	7.1	20.3	1.2684	0.8	0
40	1994	119	21340.8	7.5	23.9	1.336	0.5	0
40	1994	120	21513.6	7.2	25.4	1.277	1.1	2.6
40	1994	121	23587.2	8	16.8	0.8343	3.3	0
40	1994	122	13132.8	0.4	12.8	0.7404	1.3	0
40	1994	123	24364.8	0	19.8	0.6825	2	0
40	1994	124	11059.2	3.6	15.9	1.0136	1.1	2.5
40	1994	125	20044.8	8.7	12.5	0.9834	2.8	0.2
40	1994	126	20390.4	2.4	17.2	0.908	0.7	0
40	1994	127	24537.6	7.7	21.1	0.9176	1.6	0
40	1994	128	25574.4	5.4	22.5	0.748	2.7	0
40	1994	129	24624	3.5	23.2	0.9337	1.1	0
40	1994	130	18921.6	10.2	19.6	1.0999	2	0
40	1994	131	23500.8	6.1	20	0.9606	1.9	0
40	1994	132	21513.6	6.6	22	0.9442	1.3	0
40	1994	133	21340.8	7.8	22.4	1.217	1.2	0
40	1994	134	16243.2	7.3	23.5	1.1009	1.9	0
40	1994	135	24710.4	11	22.7	1.3608	2	0.2
40	1994	136	24192	6.8	25.9	1.0954	1.4	3.6
40	1994	137	15984	12.4	19.5	1.5928	0.9	0.3
40	1994	138	14688	9.3	22.4	1.2589	2.1	0
40	1994	139	6825.6	11.1	18.3	1.4534	3.8	1
40	1994	140	19526.4	8.9	17.8	1.0562	1.5	0
40	1994	141	15724.8	10.8	19.5	1.3069	1.5	2.1
40	1994	142	25920	10.9	21.7	1.2956	2	3.5
40	1994	143	18489.6	9.4	19.1	1.3631	2.1	0.6
40	1994	144	21686.4	8.4	23	1.3538	0.8	7
40	1994	145	19612.8	12.9	19.8	1.5225	2.2	0.9
40	1994	146	17625.6	8	19.8	1.4436	0.9	1
40	1994	147	8640	8	13.9	1.1634	1.9	0.5
40	1994	148	14428.8	3.1	16.2	0.9468	0.5	0.8
40	1994	149	15811.2	8	16.6	1.0432	1.6	0
40	1994	150	26870.4	7.9	16.5	0.9086	1.9	0
40	1994	151	28339.2	1	21.4	0.7177	1.4	0
40	1994	152	27734.4	4.4	26.2	0.9897	0.7	0
40	1994	153	16070.4	9.5	30.1	1.5216	2.4	5.4
40	1994	154	24796.8	13	21.4	1.1365	2.8	0.1
40	1994	155	15811.2	11.3	16.9	1.0446	3.1	7.5
40	1994	156	12268.8	9.5	14.5	1.0929	3.6	2.9
40	1994	157	21340.8	6.5	17.5	0.9108	1.6	0.5
40	1994	158	17712	11.2	21.8	1.5746	1.2	0
40	1994	159	26870.4	10	25.4	1.2942	2.2	1.5
40	1994	160	15033.6	9.1	18.5	1.1033	3	0
40	1994	161	11923.2	6.6	15	1.0871	1.4	1.4
40	1994	162	15465.6	7	15.4	1.0101	1.8	0.6
40	1994	163	17193.6	7.9	20.7	1.0582	2.1	0
40	1994	164	20476.8	7.7	21.4	1.1416	2.4	0
40	1994	165	19180.8	13.5	22	1.562	1.4	0
40	1994	166	24019.2	7	20.3	1.0458	1.8	0
40	1994	167	14601.6	7.1	19.2	1.1936	2.2	6
40	1994	168	14083.2	10.8	17	1.396	1.5	2
40	1994	169	20044.8	8	25.5	1.295	1.5	0
40	1994	170	28512	10	27.9	1.2903	2.2	0
40	1994	171	23068.8	10.8	24.9	1.2044	1.5	0
40	1994	172	23155.2	15.5	25.4	1.6559	1.4	0
40	1994	173	20217.6	15.3	26.2	1.6134	2.8	0
40	1994	174	28944	15.6	23.4	1.2447	2.1	0
40	1994	175	29203.2	7.9	27.4	1.1894	0.8	0
40	1994	176	28598.4	11	31.5	1.336	1.3	1
40	1994	177	27907.2	17.5	31.6	2.0002	1.1	0
40	1994	178	23500.8	18	33.7	2.1275	2.2	0.1
40	1994	179	24883.2	21.8	34	2.6617	2	0
40	1994	180	15292.8	19.5	30.4	2.5842	1.5	28.5
40	1994	181	17280	18.3	25.2	1.8972	1.3	0
40	1994	182	26870.4	14.5	27.8	1.4782	1.5	0
40	1994	183	28425.6	15.5	30.6	1.7717	1	0
40	1994	184	27907.2	13.2	33	1.7489	0.6	0
40	1994	185	23241.6	15.5	35.3	2.0716	1.8	10.1
40	1994	186	17020.8	17.2	25.1	2.0043	1.1	0.2
40	1994	187	24019.2	15.4	27.8	1.6224	1.5	1.8
40	1994	188	19180.8	15.7	22.8	1.582	2.4	2.4
40	1994	189	25574.4	9	22.6	1.0756	2.2	0
40	1994	190	18403.2	11.1	24.2	1.4918	1.3	0
40	1994	191	27993.6	10	26	1.257	1.1	0
40	1994	192	26956.8	13.1	29	1.3695	1.8	0
40	1994	193	26697.6	15.8	29.7	1.4361	1.9	0
40	1994	194	25228.8	16.9	31.1	1.8759	1.3	0
40	1994	195	20995.2	13.3	31.2	1.6611	1.2	0.2
40	1994	196	20304	17	26.5	2.0792	1	0
40	1994	197	24278.4	14.9	29.9	1.7304	0.7	0
40	1994	198	18921.6	15.7	30.9	1.9699	0.8	0.2
40	1994	199	14169.6	17.9	26.5	2.2972	1.1	13.5
40	1994	200	10195.2	17.6	23.2	1.9858	1.1	16
40	1994	201	10454.4	17.6	24.5	1.743	1.4	0
40	1994	202	20649.6	17.7	28.3	1.6823	1.1	0
40	1994	203	27043.2	14	31	1.5777	0.8	0
40	1994	204	23846.4	13	32	1.1697	1.3	0
40	1994	205	26006.4	16	32	1.727	1.7	0
40	1994	206	24364.8	12.6	33.5	1.5467	0.8	4.5
40	1994	207	25228.8	17.5	31.5	1.9022	1	0
40	1994	208	23932.8	16.5	33.2	1.8797	1.1	0
40	1994	209	25056	16.7	33.4	1.8388	1	0
40	1994	210	21772.8	16.3	33.8	1.8388	1	0
40	1994	211	16156.8	15.2	32	1.8314	0.7	0
40	1994	212	21859.2	17	33.2	2.035	0.8	0
40	1994	213	23328	18.9	32.1	1.9537	1.6	0
40	1994	214	21859.2	18.2	29.8	1.9057	1.1	0
40	1994	215	23068.8	16.5	32	1.9345	1	0
40	1994	216	24364.8	17	34.5	1.9167	0.9	0
40	1994	217	23068.8	15.8	35.5	1.6426	1.1	6.2
40	1994	218	23068.8	19	31	2.0862	1.4	1.5
40	1994	219	14688	19	27.1	2.3342	1.8	0
40	1994	220	15984	16.6	26.2	2.2133	1.6	4.5
40	1994	221	22723.2	15.1	27	1.8426	0.6	0
40	1994	222	11664	15	29.8	1.9197	1.5	0.5
40	1994	223	18835.2	18.2	25.3	1.7933	2	5.1
40	1994	224	10022.4	15.2	19.7	1.8513	2	2.1
40	1994	225	17625.6	14	20	1.1996	2.9	0
40	1994	226	18835.2	5.1	18.7	0.8352	2.1	0
40	1994	227	22809.6	7.5	20.3	0.9835	1.5	0
40	1994	228	21600	4.8	24.6	1.0525	0.5	0
40	1994	229	17366.4	8.9	26.1	1.318	1.8	4.3
40	1994	230	10281.6	12	19	1.1783	3.6	0
40	1994	231	5443.2	13.4	17	1.5181	2.1	2.5
40	1994	232	18057.6	13	22.4	1.4358	1.9	0
40	1994	233	20563.2	7.8	25.7	1.3141	0.8	0
40	1994	234	18489.6	13.3	29.7	1.7149	0.7	12.8
40	1994	235	19008	16.6	27.7	2.1837	0.7	0.2
40	1994	236	13046.4	15.2	23.1	1.8822	0.8	1.4
40	1994	237	5184	13.8	17.2	1.5652	0.5	1.9
40	1994	238	16243.2	9.7	23.4	1.4103	1	0.3
40	1994	239	15724.8	14.8	24.5	1.6903	1.6	0
40	1994	240	11318.4	13.4	22.4	1.6587	1.8	0
40	1994	241	20822.4	9.2	19.8	1.1379	1.8	0
40	1994	242	16588.8	4.6	21.9	1.0493	0.6	0
40	1994	243	15552	10.9	26.6	1.5767	1.6	10.4
40	1994	244	13478.4	14.2	23	1.7973	1	0.1
40	1994	245	6307.2	13.5	20.4	1.5237	0.5	0.1
40	1994	246	9331.2	9.7	18.5	1.2214	1.4	0
40	1994	247	15638.4	6.5	22	1.1521	1.1	0
40	1994	248	5356.8	15.4	19.5	1.712	1.6	0.4
40	1994	249	8208	11.6	18.5	1.2985	1.4	4
40	1994	250	4492.8	14.9	18.3	1.7544	1.2	3.2
40	1994	251	4406.4	13.6	17.5	1.6232	0.7	5.2
40	1994	252	17452.8	9.4	18.1	1.0054	2.7	0.1
40	1994	253	11404.8	8.5	18.2	1.2092	2.2	10.8
40	1994	254	12096	11.8	18.9	1.3935	1.4	5
40	1994	255	8553.6	14.1	21.8	1.7461	1.5	2.4
40	1994	256	5356.8	11.7	17.2	1.4959	0.8	0.2
40	1994	257	8812.8	8.5	20	1.3956	1.5	7.4
40	1994	258	13651.2	11.6	16.8	1.1161	3	1
40	1994	259	10713.6	7.3	14.4	0.9349	3.3	0.5
40	1994	260	8035.2	5.3	12.9	0.7739	1.9	0
40	1994	261	3974.4	6.8	10.3	1.0684	1.4	4.7
40	1994	262	6048	8.8	13.5	1.2054	0.4	0.5
40	1994	263	14083.2	5	17	0.9968	1	0
40	1994	264	10972.8	7	18.5	1.1186	1.4	0
40	1994	265	14169.6	6.5	20.2	1.148	1.1	0
40	1994	266	14947.2	7.8	23.3	1.2174	1.7	0
40	1994	267	13651.2	10.2	24.8	1.5776	0.9	0
40	1994	268	13910.4	11.2	23.9	1.5826	0.4	0
40	1994	269	9936	9	21.5	1.4192	0.4	0.8
40	1994	270	13046.4	13	21.8	1.5875	1.2	0
40	1994	271	7603.2	7.8	17.9	1.2297	0.5	0
40	1994	272	9936	5.3	18.9	1.1565	0.5	0
40	1994	273	12096	4.9	20.9	1.2188	0.3	0
40	1994	274	8208	10.3	18.3	1.3024	0.9	0
40	1994	275	8380.8	9.5	17.7	1.3846	0.8	3
40	1994	276	3283.2	10.9	16.4	1.4204	1.8	16.9
40	1994	277	12182.4	2	11.7	0.7731	1.7	0
40	1994	278	7171.2	-0.5	8.1	0.7376	1.5	0.3
40	1994	279	9590.4	-0.7	9.2	0.6951	0.4	0
40	1994	280	11664	-2.4	11.2	0.577	0.9	0.5
40	1994	281	3628.8	3	7.7	0.7685	0.4	0
40	1994	282	7430.4	-0.6	11.6	0.7224	0.5	0
40	1994	283	10713.6	2.5	14.2	0.8893	0.3	0
40	1994	284	10281.6	0.6	15.2	0.8838	0.2	0
40	1994	285	10454.4	0.9	16.6	0.9024	0.4	0
40	1994	286	8640	-0.4	15.2	0.8851	0.4	0
40	1994	287	11404.8	0.2	21	1.0217	0.1	0
40	1994	288	10368	1.6	19.9	1.0964	0.2	0
40	1994	289	6134.4	7.5	15.2	1.1947	0.8	0
40	1994	290	11059.2	1.1	9.3	0.5571	2	0
40	1994	291	11404.8	-1.7	9.7	0.5041	1.7	0
40	1994	292	8294.4	-3.3	9.8	0.5245	1.5	0
40	1994	293	10108.8	-0.3	12.8	0.6752	2.4	0
40	1994	294	10368	3.9	15.5	0.8899	1.5	0
40	1994	295	4579.2	0.7	14.7	0.8089	1.5	1.8
40	1994	296	2419.2	8.1	10.8	1.0998	2.7	0.9
40	1994	297	5443.2	7	12.7	1.1175	1.6	1.2
40	1994	298	3542.4	5.5	12.9	1	2.1	0.6
40	1994	299	6825.6	7	11.5	0.9684	1.9	3.3
40	1994	300	5616	6.8	11.5	0.8344	2.4	0.1
40	1994	301	2160	6.2	9.3	0.9276	1.2	0.6
40	1994	302	6652.8	5.9	11.7	0.8376	1.8	8.1
40	1994	303	2160	7.3	13.9	1.1111	3.7	2.9
40	1994	304	4579.2	11	18	0.9895	2.4	0.5
40	1994	305	6739.2	5	15.4	0.9699	2.2	0
40	1994	306	4752	0.4	9.8	0.7991	0.4	0
40	1994	307	8380.8	0.9	14.8	0.8278	1	0
40	1994	308	8035.2	2	16.2	0.9356	0.8	0
40	1994	309	7171.2	4.2	18	1.0166	1	0
40	1994	310	5270.4	2.3	12.5	0.8954	0.3	0
40	1994	311	1900.8	2	8.2	0.7816	0.2	0.2
40	1994	312	1814.4	6.5	9.4	0.9937	0.5	0
40	1994	313	2937.6	8.4	12	1.0321	0.8	0
40	1994	314	1814.4	8.1	8.9	1.0315	0.8	2.1
40	1994	315	1728	6.6	9.1	0.9339	1.3	2.3
40	1994	316	1728	4	6.6	0.8014	1	0.4
40	1994	317	1728	4.4	7.8	0.9036	0.9	1.1
40	1994	318	1641.6	7.3	12.3	0.9806	2.2	3
40	1994	319	3542.4	9.7	12.9	1.0837	2.4	3
40	1994	320	5184	3.5	11	0.7844	2.5	1.2
40	1994	321	2160	1.5	8.5	0.7762	1.9	3.5
40	1994	322	1555.2	5	7.8	0.8744	2.3	11.4
40	1994	323	1555.2	-0.2	7.7	0.759	1	3
40	1994	324	1555.2	7.7	13	1.1806	1.2	0.1
40	1994	325	2592	7.6	13.5	1.0947	0.9	0
40	1994	326	4838.4	1.9	9.6	0.836	0.8	0.2
40	1994	327	1468.8	1.6	5.8	0.7643	0.5	0.1
40	1994	328	1468.8	5.5	10.1	0.9307	1.4	0
40	1994	329	2073.6	1.4	9.9	0.7664	1.6	0
40	1994	330	1382.4	5.2	8	0.8671	0.7	4.6
40	1994	331	1382.4	6.5	9.5	1.0078	0.3	0
40	1994	332	1382.4	6.4	7.7	0.8742	0.8	0
40	1994	333	3888	0.5	7	0.7271	0.2	0
40	1994	334	1382.4	1	3	0.6845	0.2	0
40	1994	335	3974.4	-2	5.7	0.6284	0.3	0
40	1994	336	4665.6	-5.3	2.6	0.4429	0.9	0
40	1994	337	4665.6	0.5	8.8	0.5702	2.3	1.8
40	1994	338	1382.4	4.6	10	0.9711	2.6	13.6
40	1994	339	2246.4	4	10.5	0.927	1.4	4
40	1994	340	4147.2	2.3	8.2	0.701	2.5	0
40	1994	341	4060.8	-2	6.2	0.6041	1.3	0
40	1994	342	3974.4	1	8	0.7158	2.9	2.2
40	1994	343	3801.6	2	10.1	0.8254	2.7	0.4
40	1994	344	1296	2	7.8	0.7794	1.3	1.5
40	1994	345	1296	7.2	12.6	0.9994	2.6	0
40	1994	346	2246.4	10	11.7	0.9479	3.8	0
40	1994	347	1296	10	10.9	0.9989	3.8	5
40	1994	348	4492.8	0	10	0.7064	3.1	2.2
40	1994	349	1296	-3.2	0	0.5163	0.6	0
40	1994	350	1296	-3.1	0.3	0.4909	1.1	0.5
40	1994	351	1296	0	1.9	0.5759	0.8	0
40	1994	352	1296	0	1.6	0.5568	3.1	0
40	1994	353	1296	1	5	0.7047	2	0
40	1994	354	1296	-0.1	3.6	0.6516	1.1	0
40	1994	355	1296	-1	3	0.5912	0.5	0
40	1994	356	1814.4	-1.5	2.6	0.5087	2.2	0
40	1994	357	1728	-0.6	1.8	0.4212	2.3	0
40	1994	358	1296	-4.8	-0.3	0.4104	1.4	0
40	1994	359	1296	-5.9	-1	0.4359	0.6	0
40	1994	360	1296	-1.7	0.1	0.5303	2.1	1.6
40	1994	361	1296	0	8.7	0.7584	4	12.7
40	1994	362	1296	8	11.5	1.1101	3.8	4.5
40	1994	363	2678.4	8.3	11.6	1.015	3.3	2.6
40	1994	364	1987.2	4.3	11	0.827	3.2	4.7
40	1994	365	1987.2	4.3	6.6	0.7289	3	1.9
