*---------------------------------------------------------------------------*
* Station name: BAMBERG                                 
* Year: 1987
* Author: Pedro Alencar                                   -999.000: NIL VALUE
* Source: ECAD 
* Comments: 
* Longitude: 49.8753, latitude: 49.8753, altitude: 240 m.
*
* Column  Daily value
* 1       station number
* 2       year
* 3       day
* 4       irradiation                   (kJ m-2 d-1)
* 5       minimum temperature           (degrees Celsius)
* 6       maximum temperature           (degrees Celsius)
* 7       early morning vapour pressure (kPa)
* 8       mean wind speed (height: 2 m) (m s-1)
* 9       precipitation                 (mm d-1)
*
** WCCDESCRIPTION=GERMANY, BAMBERG                                 
** WCCFORMAT=2
** WCCYEARNR=1987
*---------------------------------------------------------------------------*
   49.8753  10.9217    240.  -0.18 -0.55
40	1987	1	1296	5.8	7.1	0.8967	2.2	19.5
40	1987	2	1641.6	4.4	10	0.802	4.1	1.9
40	1987	3	5184	-7.7	4.5	0.4294	2	0.4
40	1987	4	1296	-8	0	0.4274	1.3	6.4
40	1987	5	1382.4	-0.3	3	0.5995	3.7	1.6
40	1987	6	1382.4	0.5	2.9	0.6355	3.9	4.2
40	1987	7	3801.6	-6.6	0.7	0.3984	2.3	0.2
40	1987	8	3369.6	-9.5	-4.1	0.2939	1.6	1.5
40	1987	9	1382.4	-5.7	-2	0.4184	1.5	0.6
40	1987	10	1382.4	-7.5	-3.5	0.3369	1.7	0.1
40	1987	11	4579.2	-16.9	-7.5	0.1656	3.5	0.1
40	1987	12	1468.8	-17.1	-13	0.1559	2.8	0.3
40	1987	13	3456	-18.6	-13.4	0.1406	1.5	0
40	1987	14	5443.2	-17.5	-6.5	0.1634	2.4	0
40	1987	15	1468.8	-12.6	-8.9	0.2157	3.5	2.5
40	1987	16	1555.2	-10.9	-7.9	0.2491	3.1	0
40	1987	17	1555.2	-9	-4.7	0.3148	1.9	0
40	1987	18	1555.2	-7.9	-4.8	0.3233	2.6	0
40	1987	19	1555.2	-8	-2	0.3752	1.4	0
40	1987	20	1641.6	-10.8	-4.1	0.3424	0.2	0
40	1987	21	1641.6	-6.5	-4.1	0.3956	0.8	0
40	1987	22	1641.6	-7.9	-4.8	0.3499	0.6	0.2
40	1987	23	1641.6	-4.8	0.7	0.4784	1.1	2
40	1987	24	1728	0.2	3	0.6515	0.7	0
40	1987	25	1728	-1.1	0.8	0.5439	2.1	0
40	1987	26	1728	-3	0.7	0.5281	3.2	2
40	1987	27	1814.4	-10.6	-2.4	0.361	0.9	0.3
40	1987	28	1814.4	-6.6	-0.7	0.4294	2	2.3
40	1987	29	6048	-13.8	-1.2	0.2541	1.5	0
40	1987	30	6652.8	-22.7	-8.7	0.1423	0.7	0
40	1987	31	6825.6	-23.2	-7	0.1439	0.5	0
40	1987	32	5875.2	-23.2	-6.5	0.1527	0.5	0
40	1987	33	7516.8	-20.7	-3.4	0.1871	0.3	0
40	1987	34	2937.6	-17.3	-3.9	0.2156	0.5	0
40	1987	35	1987.2	-3.9	1.5	0.4422	0.5	0
40	1987	36	2073.6	-1.4	2	0.5558	1	0
40	1987	37	2073.6	0	4.2	0.6113	3	1.6
40	1987	38	5097.6	2	6.9	0.621	3.5	2.2
40	1987	39	2160	-3	5.2	0.6219	1.9	4.1
40	1987	40	2246.4	4.8	7.9	0.9193	1.5	0
40	1987	41	2246.4	1.1	7.7	0.8028	2.1	3.6
40	1987	42	5097.6	-1.9	6.6	0.6874	0.5	0
40	1987	43	2332.8	-1.3	1.8	0.6035	0.8	0.4
40	1987	44	2332.8	0	2.6	0.6443	0.4	4.5
40	1987	45	2419.2	-0.2	3.5	0.6332	0.6	0
40	1987	46	2419.2	0.3	3.4	0.6633	1.4	3
40	1987	47	2505.6	-0.3	1	0.5703	1	0
40	1987	48	2505.6	-0.9	0.3	0.538	1.4	1
40	1987	49	2592	-2.8	-0.1	0.5001	2.3	3.1
40	1987	50	3542.4	-4.3	-0.1	0.4368	2.4	0
40	1987	51	2678.4	-1.3	1.5	0.5231	3.7	1.4
40	1987	52	2678.4	-0.8	1.7	0.5555	2.9	0.3
40	1987	53	2764.8	-0.8	1.5	0.5703	1.1	0.7
40	1987	54	9417.6	-5.8	1.6	0.3719	2.5	0
40	1987	55	11059.2	-10.6	1	0.2568	1.6	0
40	1987	56	10972.8	-9.8	2.4	0.3394	1.3	0
40	1987	57	2937.6	-6.2	2.7	0.4462	0.9	2.7
40	1987	58	2937.6	0	4.3	0.6919	2.7	11.6
40	1987	59	3024	3.2	8.1	0.8668	1.9	5
40	1987	60	3196.8	3	9	0.8693	1	5.2
40	1987	61	3196.8	-1	3.6	0.6443	1.3	25.5
40	1987	62	8726.4	-12.5	-1	0.2619	2.4	0
40	1987	63	11404.8	-16.6	-4.5	0.2137	0.4	0
40	1987	64	11059.2	-14.9	-1.5	0.2505	1.1	0
40	1987	65	9504	-14	-1.3	0.2408	0.9	0
40	1987	66	12960	-14.5	-2.5	0.2222	1.4	0
40	1987	67	12787.2	-12.7	-0.7	0.274	1.7	0
40	1987	68	12096	-11	0.2	0.2945	2.1	0
40	1987	69	11836.8	-8.9	3.2	0.3419	1.7	0
40	1987	70	13651.2	-7.9	3.2	0.3291	2.4	0
40	1987	71	14515.2	-7.7	1.8	0.3246	1.8	0
40	1987	72	14256	-10	2.6	0.2743	1.7	0
40	1987	73	15206.4	-6.8	4	0.3254	1.9	0
40	1987	74	12009.6	-8.9	6	0.4177	2	0.3
40	1987	75	5616	-1	2.7	0.4743	3.7	0.2
40	1987	76	3974.4	-1.6	0.8	0.5579	1.8	6.7
40	1987	77	4060.8	0.6	7	0.6976	3	2.8
40	1987	78	8208	-1	3.6	0.6309	2.1	2.2
40	1987	79	12614.4	-0.7	4.1	0.518	2.4	0.3
40	1987	80	13651.2	-1.8	6.4	0.5047	2.3	0
40	1987	81	5097.6	-2	4.7	0.5119	3.1	0.1
40	1987	82	4320	-2.7	4.6	0.6021	2.8	9
40	1987	83	4320	4	9.6	0.9087	2.5	0.8
40	1987	84	4406.4	6	10.4	0.9781	2.1	0.8
40	1987	85	10281.6	1.7	11.7	0.775	2.4	0.1
40	1987	86	9763.2	0.6	14.2	0.7307	3.8	1.5
40	1987	87	7430.4	4.3	11.2	0.8327	3.6	2.2
40	1987	88	13392	2.7	8.7	0.6592	3.1	0
40	1987	89	13737.6	-3.1	5.6	0.5417	1.3	0
40	1987	90	9849.6	-5.1	6.1	0.4625	1.3	0.1
40	1987	91	5356.8	0.4	4.7	0.6752	1.5	1.6
40	1987	92	7430.4	0.6	6.3	0.6336	1.2	0
40	1987	93	18230.4	-0.5	15	0.6723	3.4	0
40	1987	94	5875.2	2.1	12.6	0.6667	2.3	0
40	1987	95	18662.4	5.2	15.1	0.8056	2.8	0
40	1987	96	13305.6	0	15	0.829	1.4	7.4
40	1987	97	18316.8	1.4	20	0.8357	1.7	0.1
40	1987	98	12009.6	8.5	17.5	1.1071	1.4	0.6
40	1987	99	5184	5.5	12	0.9701	1.4	6.4
40	1987	100	9504	6.8	14.4	1.0472	2	5.5
40	1987	101	18144	-0.3	14.3	0.6409	1.9	2.5
40	1987	102	14169.6	3	10.3	0.7919	2.3	0.2
40	1987	103	9676.8	2	10	0.6917	0.7	0
40	1987	104	18662.4	-2.3	12.9	0.659	0.8	0
40	1987	105	9504	2.6	14.2	0.7601	0.7	0
40	1987	106	5529.6	3	11.6	0.8791	0.8	0
40	1987	107	17452.8	4.2	16.9	0.9419	0.8	0
40	1987	108	20563.2	1.6	20.8	0.9303	0.9	0
40	1987	109	15552	3.2	19	0.977	1.2	0.8
40	1987	110	15724.8	11.1	15.5	1.0375	3.2	0.4
40	1987	111	7689.6	5.3	11.3	0.9082	3	1.6
40	1987	112	12614.4	1.6	12.7	0.779	1.1	0
40	1987	113	23241.6	0	17.9	0.8004	1.2	0
40	1987	114	23328	0.3	21.6	0.8889	0.7	0
40	1987	115	21945.6	1.2	23.6	0.8775	1.2	0.4
40	1987	116	13996.8	10.5	19.9	1.2076	1.5	0
40	1987	117	24537.6	8	17.2	0.6121	2.3	0
40	1987	118	24537.6	7.4	20	0.7673	1.7	0
40	1987	119	24624	1.6	25.2	0.8139	1.3	0
40	1987	120	15897.6	4.2	23.6	1.0311	0.8	0
40	1987	121	21945.6	7.7	22.6	1.1522	1.2	0
40	1987	122	22809.6	6	24.8	1.2057	1.7	2.3
40	1987	123	8208	6	14.4	1.144	2.1	42.5
40	1987	124	6307.2	3.5	7.9	0.8148	2.2	0
40	1987	125	6393.6	7.4	9.3	0.9662	3.2	2.7
40	1987	126	6393.6	7.4	10.6	0.8031	3.6	0.4
40	1987	127	17366.4	5.4	14.3	0.8625	2.8	0
40	1987	128	25833.6	1.1	18.5	0.7385	1.8	0
40	1987	129	26438.4	0.7	21.4	0.8553	0.8	0
40	1987	130	21945.6	7.3	22.7	1.1922	3.1	5.6
40	1987	131	19440	3	13.2	0.8204	1.4	0
40	1987	132	6566.4	5	13.5	0.9451	2.8	6.4
40	1987	133	20563.2	5.8	12.6	0.8372	2.5	0.1
40	1987	134	19008	-0.4	13.4	0.5805	2.1	0.9
40	1987	135	7689.6	7.1	13.3	1.0321	2.6	8.4
40	1987	136	16675.2	5.2	12.8	0.849	2.1	0
40	1987	137	24364.8	1.1	16	0.7345	1.3	0
40	1987	138	10972.8	6.3	14.6	1.0748	0.8	0.3
40	1987	139	12009.6	5.1	17.5	1.0837	1.2	0
40	1987	140	16243.2	6.7	14.2	0.9989	2.8	0.8
40	1987	141	9331.2	5.4	7.5	0.8678	2.3	4.9
40	1987	142	12096	4.8	10.4	0.9599	1.5	6.8
40	1987	143	6912	6.4	11.5	1.0862	1.1	0.2
40	1987	144	19612.8	7	18.3	1.1113	0.9	0
40	1987	145	22809.6	5	21.2	1.024	1.3	0
40	1987	146	27561.6	7.3	23	1.1522	1	0
40	1987	147	18662.4	6.3	22	1.0641	1.9	0.8
40	1987	148	22723.2	10.3	19.5	1.1507	2.4	0
40	1987	149	9504	4.6	13.1	0.9767	2.1	5.9
40	1987	150	9158.4	8	14.9	1.0675	1.3	0.4
40	1987	151	9590.4	10.1	17.3	1.3467	0.9	14
40	1987	152	16502.4	11	18.5	1.3408	1.7	0
40	1987	153	15120	9.9	19.9	1.2692	1.8	5.2
40	1987	154	6652.8	12	15.1	1.4732	1.4	4.9
40	1987	155	12700.8	10.8	16.7	1.4139	1.2	3.5
40	1987	156	17366.4	8.9	18.2	1.3646	1.7	5.5
40	1987	157	17539.2	9.6	21.6	1.3452	2.3	4.5
40	1987	158	6739.2	14.6	17.3	1.7195	1.8	7.3
40	1987	159	12355.2	11.6	15.8	1.2058	2.8	0.1
40	1987	160	16070.4	7.8	17	1.0789	1.5	0
40	1987	161	20649.6	8.1	18.3	1.2429	1.5	0.3
40	1987	162	21686.4	5.2	25	1.2684	1.4	0.1
40	1987	163	17884.8	10.5	24.6	1.883	0.8	6
40	1987	164	23241.6	11.6	25	1.7009	2	8.8
40	1987	165	11750.4	13.7	17.7	1.4785	1.5	11.3
40	1987	166	9072	11.5	17	1.5091	1.8	17.9
40	1987	167	12182.4	8.6	15.3	1.215	3.1	0.4
40	1987	168	19958.4	8	16.2	1.1001	2.4	8.4
40	1987	169	12182.4	8.6	14.4	1.0846	2.4	0.1
40	1987	170	18576	8.7	18.8	1.194	1.6	3
40	1987	171	12614.4	10.2	18.7	1.3808	1.2	0
40	1987	172	8380.8	12.3	16.5	1.3928	1.3	0.3
40	1987	173	19353.6	9.5	20.1	1.2778	1.2	4.3
40	1987	174	15638.4	10.5	20.1	1.4411	2	1.7
40	1987	175	11577.6	12.1	19.4	1.5368	1.8	7.5
40	1987	176	20995.2	11.3	18.3	1.3283	1.4	0
40	1987	177	12009.6	8.1	20.3	1.5204	0.6	7.4
40	1987	178	21340.8	10.8	22.6	1.5757	0.9	0
40	1987	179	9590.4	11.8	22.8	1.6761	1.2	0
40	1987	180	26438.4	13.9	29.3	2.0345	0.9	0
40	1987	181	27216	15.1	32.2	2.1285	0.8	0
40	1987	182	19180.8	17.6	29.4	2.1094	2	0
40	1987	183	17452.8	16.6	25.6	1.5985	1.6	0
40	1987	184	27216	15	28.4	1.5287	1.3	0
40	1987	185	19872	16	26	1.5391	2	0.1
40	1987	186	29030.4	11.3	25.3	1.0079	2.2	0
40	1987	187	28857.6	10.5	27	1.1663	1.9	0
40	1987	188	24969.6	10.8	29.3	1.5453	1.1	0.3
40	1987	189	6652.8	18	22.1	2.1775	1.7	8.8
40	1987	190	23155.2	14	21.3	1.4716	2.5	0
40	1987	191	27475.2	8.8	22.2	1.2135	1.5	0
40	1987	192	28252.8	9.2	28.7	1.4215	1.6	0
40	1987	193	25574.4	13.8	27	1.4594	2.6	0
40	1987	194	25574.4	11.9	23	1.1745	2.2	0
40	1987	195	27820.8	10.8	26.6	1.2703	1.7	0
40	1987	196	17193.6	13.6	27.5	1.7869	1.2	1.8
40	1987	197	16588.8	18	27.1	2.1828	1.2	0.6
40	1987	198	21254.4	18.5	28	1.8502	2.1	2.1
40	1987	199	6480	14.5	19	1.695	1.5	16.2
40	1987	200	18576	12.4	20.8	1.4525	1.9	0
40	1987	201	18921.6	11.4	22.6	1.3544	2.1	0.2
40	1987	202	21945.6	14	23.5	1.771	2.5	0.6
40	1987	203	21859.2	13.5	22.9	1.5233	1.1	0.1
40	1987	204	24969.6	13.6	24.9	1.6711	1.5	0
40	1987	205	17798.4	12.4	25.1	1.6198	1.2	0
40	1987	206	8985.6	13	18.8	1.6057	1.4	3.7
40	1987	207	20044.8	9.1	15.9	1.1004	2.6	1.2
40	1987	208	9676.8	8.5	15	1.2129	2.6	9.9
40	1987	209	6220.8	11	15.5	1.2774	2.3	0.4
40	1987	210	9590.4	11.8	19	1.4678	1.1	0.3
40	1987	211	15724.8	14.3	22	1.789	1.9	1.5
40	1987	212	15379.2	12	20.1	1.3662	2.3	0.1
40	1987	213	10195.2	13.9	18.6	1.5497	2.8	2.2
40	1987	214	6048	11.5	16.1	1.4343	1.4	0.5
40	1987	215	9676.8	9.3	20.2	1.3408	1.2	3.5
40	1987	216	22550.4	11.9	18.8	1.2019	2.7	0.2
40	1987	217	19440	9.7	17	1.148	2.6	0.5
40	1987	218	21772.8	7	17.2	1.0155	1.8	0.4
40	1987	219	18576	2.7	17.7	0.9948	1.1	0.5
40	1987	220	17107.2	9.8	21	1.4678	1.6	0.5
40	1987	221	12355.2	7.4	18.2	1.3586	0.9	10.7
40	1987	222	15465.6	10.1	18	1.4096	2	0.8
40	1987	223	19872	7	20.6	1.2136	0.5	0
40	1987	224	11318.4	7	21.1	1.2655	0.3	0
40	1987	225	16502.4	13.8	23.2	1.4884	0.9	0
40	1987	226	18316.8	15	25.9	1.7519	1.7	0
40	1987	227	17193.6	15	21.1	1.3644	2.9	0
40	1987	228	15897.6	11.5	21.7	1.3771	0.8	0
40	1987	229	21859.2	12.7	29	1.648	0.7	1.3
40	1987	230	10108.8	15.7	22.1	2.0275	1.3	21.1
40	1987	231	14601.6	16	24.6	1.9974	1.4	0
40	1987	232	17884.8	14.5	25.2	1.827	0.5	0
40	1987	233	21513.6	11	27.1	1.6724	0.8	0
40	1987	234	22118.4	11	28.3	1.7131	1	0
40	1987	235	12182.4	12.6	24.7	1.9746	0.9	5.4
40	1987	236	16675.2	15.2	26.7	1.8314	1.7	0
40	1987	237	9590.4	14.4	23.2	1.6249	1.9	0
40	1987	238	14342.4	11.5	20.2	1.3488	2.6	0.1
40	1987	239	8726.4	11.8	18.6	1.5699	1.1	6.3
40	1987	240	5616	12.9	17	1.477	1.7	0.3
40	1987	241	5011.2	14.4	17.5	1.6471	1.2	0.1
40	1987	242	15897.6	12.6	23	1.6484	0.6	0
40	1987	243	19440	10	22.5	1.3468	1.1	0
40	1987	244	18576	8	25.5	1.4474	1.3	35.2
40	1987	245	9849.6	16	21.5	2.0302	0.9	4.5
40	1987	246	10108.8	14.3	21.4	1.8169	0.6	0
40	1987	247	15120	13.6	26.2	1.9254	0.4	0
40	1987	248	7689.6	15.9	21.4	1.8459	0.7	2.1
40	1987	249	15379.2	13	20.1	1.4855	1.8	0.3
40	1987	250	10022.4	11.4	19.6	1.4069	2.8	13
40	1987	251	14688	10.5	18.4	1.3315	1.5	0
40	1987	252	14774.4	6.8	20.6	1.2527	0.7	0
40	1987	253	12614.4	8.9	21.7	1.2675	1.3	2.2
40	1987	254	4320	12.1	17.1	1.5436	1.1	0.6
40	1987	255	15292.8	11.5	24.6	1.6951	2.2	0
40	1987	256	16243.2	15.2	25.5	1.7173	2.3	0
40	1987	257	10886.4	16.6	24.5	1.7145	2.5	0.1
40	1987	258	13392	12.6	21.2	1.4228	1.5	0
40	1987	259	14515.2	8.9	24	1.4575	0.7	0
40	1987	260	13478.4	11.3	27.5	1.8442	0.8	0
40	1987	261	10368	15.7	26.6	2.0043	1	0
40	1987	262	9331.2	15.6	21.9	1.8358	0.6	0
40	1987	263	12182.4	14.6	24.4	1.7878	2.4	0
40	1987	264	15120	10.8	27.6	1.6881	0.6	0
40	1987	265	14342.4	12.4	27.8	1.8085	1	0
40	1987	266	10195.2	15.4	24.4	1.9486	1.5	9
40	1987	267	13824	12.6	18.2	1.3979	2.3	7.3
40	1987	268	11491.2	8.7	16.7	1.1883	1	0.1
40	1987	269	3542.4	8.1	14	1.1448	1.3	0.1
40	1987	270	8294.4	5.5	12.9	0.9884	1.9	0.1
40	1987	271	11232	0.8	13.7	0.8251	0.9	0
40	1987	272	8467.2	0.1	12.2	0.7934	0.8	0
40	1987	273	12528	-0.3	14.8	0.7844	1.7	0
40	1987	274	14083.2	2.8	14.9	0.7836	2.2	0
40	1987	275	13824	3.8	14.4	0.7392	2.7	0
40	1987	276	13824	3.7	14.1	0.7521	2.1	0
40	1987	277	6134.4	0.9	13.4	0.8498	0.7	0
40	1987	278	11232	5.2	20.4	1.0337	1.6	0
40	1987	279	9504	7	22.5	1.391	1.3	1.2
40	1987	280	10281.6	9.2	15.8	1.086	2.3	0
40	1987	281	5529.6	7.3	13.5	1.046	3.5	3.8
40	1987	282	12700.8	5.4	14.8	0.9511	1.9	0
40	1987	283	12096	0.5	21.3	0.8469	1.9	0
40	1987	284	8726.4	9.3	19	1.3059	1.8	0.8
40	1987	285	2851.2	5.3	15	1.1402	2.8	0.7
40	1987	286	9244.8	4.3	14.4	0.9632	2	1.5
40	1987	287	5875.2	6.9	13.9	1.0838	2.1	5
40	1987	288	3715.2	8.6	17	1.2404	2.9	0.3
40	1987	289	6220.8	11.2	21.3	1.5313	0.9	0
40	1987	290	2592	9.6	12.6	1.2278	0.7	0.4
40	1987	291	7948.8	5.9	15.5	1.1057	0.6	0.1
40	1987	292	11059.2	0.7	15.4	0.8391	1.1	0
40	1987	293	5788.8	3	13.2	0.9067	1.2	0
40	1987	294	2419.2	2	12.2	0.9074	0.4	3.4
40	1987	295	2419.2	8.6	10.6	1.1229	0.8	9.4
40	1987	296	4147.2	5	11.7	0.9881	0.8	1.3
40	1987	297	5184	6.6	12.8	0.9981	1.4	0
40	1987	298	3715.2	3.6	9.8	0.8927	0.6	7.4
40	1987	299	4492.8	0.9	10.7	0.7468	1.5	0
40	1987	300	6048	1.7	11.9	0.7803	2.1	0
40	1987	301	6912	2.9	11.8	0.841	1.3	0
40	1987	302	5443.2	4.1	10.4	0.7946	1.7	0
40	1987	303	8553.6	1.6	10.1	0.7493	0.4	0
40	1987	304	2937.6	-0.8	9	0.7452	1	0
40	1987	305	2073.6	3.7	8.8	0.9035	1.3	1.7
40	1987	306	1987.2	8	11.4	1.1304	1	1.4
40	1987	307	3283.2	6.7	9.7	0.826	2	0
40	1987	308	5011.2	-1	9	0.6749	0.6	0
40	1987	309	6220.8	-2.4	8.6	0.6639	0.6	0.1
40	1987	310	1900.8	-1.2	3.5	0.6374	0.7	0
40	1987	311	1900.8	1.9	3.7	0.65	1.1	0
40	1987	312	1814.4	-0.6	2.1	0.6064	1.3	0
40	1987	313	1814.4	1.5	5.3	0.7171	1.2	0
40	1987	314	1814.4	1.1	7.7	0.7694	0.9	5.5
40	1987	315	3628.8	6.1	10.5	0.941	1.6	0.8
40	1987	316	2332.8	4.5	10.2	0.8308	4.1	3.7
40	1987	317	3542.4	4.5	9.5	0.8512	3.7	3.6
40	1987	318	4838.4	5	8.4	0.7848	3.2	1
40	1987	319	3628.8	1	7.2	0.7042	1.7	1.8
40	1987	320	2160	1.4	12	0.8633	3.4	5.3
40	1987	321	3024	6.3	9.7	0.8577	3.1	1.3
40	1987	322	1555.2	6.3	9.1	0.9139	2.1	0
40	1987	323	1555.2	7.1	8.5	0.8884	2	4.8
40	1987	324	3369.6	5.1	7.8	0.8485	3.9	4
40	1987	325	2419.2	3.5	7.1	0.8014	2.1	1.6
40	1987	326	1468.8	2.4	4.8	0.751	1.6	7.2
40	1987	327	2246.4	0.8	7	0.6863	1.7	0
40	1987	328	1468.8	-2	4	0.5583	2	1.8
40	1987	329	1468.8	-0.7	5.2	0.6609	1.9	6.7
40	1987	330	2419.2	-3.1	1.3	0.5607	1	0.2
40	1987	331	1382.4	-1.2	2	0.5975	2	0
40	1987	332	1382.4	1.8	3.2	0.6655	0.9	0
40	1987	333	2073.6	1	3.7	0.6078	0.9	0
40	1987	334	1987.2	0.1	4.8	0.5757	2	0
40	1987	335	1987.2	1.4	3.2	0.5263	2.7	0
40	1987	336	1382.4	0	1.7	0.4483	2	0
40	1987	337	1814.4	-1.6	2.1	0.4791	1.6	0
40	1987	338	4752	-4.9	2.8	0.5037	0.4	0
40	1987	339	3110.4	-5.4	2.1	0.4928	0.9	0
40	1987	340	1296	-0.3	2	0.5653	0.3	0
40	1987	341	1296	-2.3	0.2	0.4358	2	0
40	1987	342	4838.4	-8.9	-0.9	0.2974	0.9	0
40	1987	343	5184	-10.2	-1.9	0.2997	1.4	0
40	1987	344	1296	-14.1	-2.7	0.2629	1.3	0
40	1987	345	1296	-3	1.7	0.5361	1.3	0
40	1987	346	1296	-5.8	0.5	0.4375	0.7	0
40	1987	347	3024	-7.9	-0.6	0.348	1.7	0
40	1987	348	1296	-3.8	-2.4	0.4182	1.7	0
40	1987	349	1296	-2.4	0.9	0.5206	1.2	0.5
40	1987	350	1296	-1.6	4.1	0.6487	2.7	10.5
40	1987	351	1296	3.9	10.7	0.9506	1.8	26.1
40	1987	352	1296	6.5	14	1.1603	2.3	14
40	1987	353	1814.4	6.4	13	0.9981	2.8	4.3
40	1987	354	1296	6.2	7.6	0.9249	1.8	4
40	1987	355	1296	6.8	7.7	0.927	1.2	0.5
40	1987	356	1296	1	8.1	0.7944	0.9	0.2
40	1987	357	1296	-1.5	1	0.588	0.5	0
40	1987	358	1296	-2.7	1.4	0.5303	1.1	0
40	1987	359	1296	-4	0.5	0.5053	1.4	0.1
40	1987	360	1296	0.5	4.8	0.7022	1.5	0.3
40	1987	361	2764.8	3.5	8.1	0.7744	1.7	0
40	1987	362	1296	3.9	9.3	0.8086	1.5	0.2
40	1987	363	2764.8	6.3	9.3	0.899	1.7	0
40	1987	364	1814.4	5.4	9.7	0.8422	1.9	0.3
40	1987	365	1296	5.9	8.5	0.9035	1.2	0
