*---------------------------------------------------------------------------*
* Station name: BREMEN                                  
* Year: 1993
* Author: Pedro Alencar                                   -999.000: NIL VALUE
* Source: ECAD 
* Comments: 
* Longitude: 53.0464, latitude: 53.0464, altitude: 4 m.
*
* Column  Daily value
* 1       station number
* 2       year
* 3       day
* 4       irradiation                   (kJ m-2 d-1)
* 5       minimum temperature           (degrees Celsius)
* 6       maximum temperature           (degrees Celsius)
* 7       early morning vapour pressure (kPa)
* 8       mean wind speed (height: 2 m) (m s-1)
* 9       precipitation                 (mm d-1)
*
** WCCDESCRIPTION=GERMANY, BREMEN                                  
** WCCFORMAT=2
** WCCYEARNR=1993
*---------------------------------------------------------------------------*
   53.0464  8.7992    4.  -0.18 -0.55
42	1993	1	2332.8	-5.5	-2.1	0.4061	4.2	0
42	1993	2	3628.8	-8.9	-4.2	0.2847	4.7	0
42	1993	3	3369.6	-12	-6.1	0.2252	4.9	0
42	1993	4	1555.2	-12.4	-5.9	0.2173	5	0
42	1993	5	950.4	-10.6	2.7	0.3514	4.9	4.4
42	1993	6	950.4	2.1	7.6	0.8371	4.2	11.5
42	1993	7	950.4	0.2	7.4	0.7617	3.6	1.6
42	1993	8	2851.2	0.1	9	0.7099	6.3	0
42	1993	9	950.4	-0.4	9.9	0.7713	6.5	4.4
42	1993	10	950.4	6.1	10.8	1.0059	7.8	5.4
42	1993	11	1036.8	5.6	11.6	0.9603	10.1	9.3
42	1993	12	2678.4	1.5	7	0.5793	8.6	3.4
42	1993	13	2332.8	4.1	11.9	0.8148	9.1	1.2
42	1993	14	2073.6	4	14.6	0.8078	11	0.2
42	1993	15	1036.8	0.7	11.7	0.7487	7.2	0.9
42	1993	16	1987.2	9.4	13.8	1.0645	9.7	0
42	1993	17	3715.2	8.3	12.4	0.8792	7.5	0.5
42	1993	18	3801.6	1.6	9.2	0.6905	6.2	0
42	1993	19	1123.2	1.7	6.8	0.6703	7.1	2.1
42	1993	20	1123.2	4.5	10.3	0.9365	8.5	3
42	1993	21	3369.6	6.8	11.2	0.8375	9.9	2.3
42	1993	22	1209.6	5.7	12.7	0.7791	13.3	0
42	1993	23	1468.8	3.9	6.5	0.6986	9.5	2.7
42	1993	24	1209.6	5.2	12	0.804	15.5	3.4
42	1993	25	3024	0.4	6.2	0.6192	10.4	1.9
42	1993	26	1296	0.4	4	0.5942	11.5	6
42	1993	27	2678.4	-1	4.7	0.6074	4.5	1.1
42	1993	28	1296	-1.2	1.6	0.5827	3.1	5.3
42	1993	29	4838.4	-3.4	0.6	0.4744	5	0
42	1993	30	5616	-5.7	-1.9	0.36	5.6	0
42	1993	31	5875.2	-10.1	-0.2	0.346	1.3	0
42	1993	32	6048	-8.4	1.7	0.358	2.7	0
42	1993	33	1468.8	-9.5	1.1	0.4075	3	0.1
42	1993	34	1468.8	0.2	1.5	0.6303	3.6	0
42	1993	35	1555.2	-0.5	1.4	0.6186	3.7	0
42	1993	36	1555.2	0.4	3.1	0.6724	6.1	0.7
42	1993	37	1555.2	2.6	7	0.8256	6.3	0.2
42	1993	38	1641.6	2.7	5.4	0.7752	2.4	0
42	1993	39	1641.6	3.1	5.7	0.8112	2.2	0
42	1993	40	1641.6	2	5.5	0.791	1.9	0
42	1993	41	1728	0.6	3	0.6957	3.7	0
42	1993	42	2073.6	-0.1	2.9	0.6355	4.9	0
42	1993	43	1814.4	-0.5	1.3	0.6038	1.3	0
42	1993	44	1814.4	-1.2	1	0.5944	2.2	0
42	1993	45	1814.4	-1.8	-0.8	0.5445	4	0
42	1993	46	1900.8	-1.7	-0.2	0.5473	3.6	0.1
42	1993	47	1900.8	-0.6	5	0.6944	4	4.4
42	1993	48	1987.2	4.6	7.6	0.8659	7.2	0
42	1993	49	1987.2	2.6	6	0.7723	5.9	3.4
42	1993	50	3196.8	3	6.6	0.6794	10.7	3.5
42	1993	51	4147.2	0.9	5.8	0.6602	8.9	8.2
42	1993	52	7171.2	-0.2	4.9	0.5065	9.3	0.1
42	1993	53	9158.4	-6.4	3.8	0.3556	2.6	0
42	1993	54	8467.2	-3.6	1.7	0.3877	4.2	0
42	1993	55	9158.4	-7.8	1.2	0.3785	1.9	0
42	1993	56	9676.8	-8.1	2	0.3856	1.6	0
42	1993	57	3283.2	-3.4	3.4	0.5438	3.2	0.6
42	1993	58	4579.2	-2.4	3.8	0.5592	5.3	0
42	1993	59	2764.8	-2.4	2.3	0.5479	5.8	0
42	1993	60	9590.4	-2.3	5.4	0.5193	8	0
42	1993	61	8553.6	-1.3	3.7	0.4864	9.1	0
42	1993	62	10713.6	-4.6	3	0.4035	6.2	0
42	1993	63	3715.2	-1.5	2.7	0.5041	3.5	0
42	1993	64	2851.2	-2.4	4.2	0.613	4.3	0.8
42	1993	65	2851.2	3.5	6.3	0.8487	6.6	0.1
42	1993	66	2937.6	1.4	6.9	0.7314	3.2	0
42	1993	67	12873.6	-1.9	5.8	0.5344	4.5	0
42	1993	68	13046.4	-2.4	7.1	0.5354	4.1	0
42	1993	69	8035.2	-2.8	10	0.672	3.8	0
42	1993	70	3110.4	-2.3	2	0.5923	1.7	0
42	1993	71	8294.4	0	13.5	0.8564	1.2	0
42	1993	72	9936	1.6	15.8	0.8882	1.7	0
42	1993	73	12441.6	0.3	15.8	0.7961	2.3	0
42	1993	74	10713.6	5	17.6	1.0569	2.7	0
42	1993	75	4665.6	5.4	12.8	1.0164	6.4	2
42	1993	76	3456	7.5	11.9	1.0703	8.9	0.2
42	1993	77	3542.4	6.7	12.1	0.99	8.3	1.6
42	1993	78	11404.8	2.9	10.3	0.7404	8	0
42	1993	79	11836.8	1.6	10.9	0.7799	5	0
42	1993	80	10540.8	-1.3	16.1	0.7719	3.7	0
42	1993	81	3715.2	5.9	14.7	1.0515	4.2	4
42	1993	82	11232	4.4	10.7	0.7486	8	0.7
42	1993	83	12096	-0.4	9.6	0.6785	4	0.4
42	1993	84	8812.8	0.7	8.1	0.669	5.9	0
42	1993	85	14428.8	-2.1	8.7	0.4721	4.1	0
42	1993	86	13305.6	-0.8	6.6	0.474	2.8	0
42	1993	87	12614.4	-4.1	6.6	0.4815	3.3	0
42	1993	88	11059.2	-6.4	6	0.4817	2	0
42	1993	89	17884.8	-6.9	7.8	0.4166	1.1	0
42	1993	90	5875.2	-0.3	12	0.5643	4	0.9
42	1993	91	13219.2	6.2	19.7	0.9693	5.2	0
42	1993	92	4320	6.2	12.4	1.0302	2.3	0.1
42	1993	93	14083.2	1.6	10.9	0.7608	2.8	0
42	1993	94	4406.4	2.5	10.8	0.8798	2.6	3
42	1993	95	15120	0.2	12.8	0.7547	6.4	5.5
42	1993	96	5011.2	6.2	8.3	0.9474	5.5	9.6
42	1993	97	6739.2	5.1	8.1	0.8768	6.3	0
42	1993	98	5097.6	4.5	8	0.7703	3	0
42	1993	99	11318.4	5.1	10	0.759	4.9	0
42	1993	100	6912	1.1	8.5	0.5418	6.1	0
42	1993	101	16502.4	0.3	11.6	0.503	5.7	0
42	1993	102	12096	0.5	10.9	0.5493	5.2	0
42	1993	103	13910.4	2	12.6	0.6746	4.9	5
42	1993	104	12441.6	3.3	13.1	0.9347	4.1	1.8
42	1993	105	13651.2	5.4	14	0.8538	4	0
42	1993	106	17452.8	1	16.5	0.8348	1.9	0
42	1993	107	5011.2	5.3	12.1	1.0006	5.3	3.4
42	1993	108	6220.8	7.7	12.1	1.1335	6.1	6
42	1993	109	15120	5.5	11.8	0.8628	4.6	0.1
42	1993	110	12528	5.7	16.8	1.1334	4.2	0
42	1993	111	19008	7.7	23.1	1.2581	3.9	0.6
42	1993	112	15897.6	5.5	20.5	1.2567	2.6	3.2
42	1993	113	20649.6	7	19	1.1221	4.4	0
42	1993	114	20304	11.5	24.5	1.2777	4.3	0
42	1993	115	18144	11.7	24.1	1.2492	3.2	0
42	1993	116	15552	11.6	23.3	1.4333	2.8	0
42	1993	117	23328	10.6	25.8	1.106	4	0
42	1993	118	23068.8	11.8	26.5	1.1293	4.8	0
42	1993	119	22982.4	13.3	26.2	1.2411	5.5	0
42	1993	120	23414.4	11.5	25.4	1.081	4.2	0
42	1993	121	23587.2	11.1	24.4	1.2172	4.1	2.8
42	1993	122	19094.4	7.4	20.6	1.2773	3.7	0
42	1993	123	17971.2	6.1	12.9	0.9136	6	0
42	1993	124	22118.4	-0.7	13.5	0.6534	3.2	0
42	1993	125	20649.6	-2	13.5	0.6431	2.8	0
42	1993	126	21945.6	1.8	14.9	0.6917	4.6	0
42	1993	127	8035.2	8.6	15.8	1.221	4.9	0
42	1993	128	21254.4	7.4	20.8	1.141	5.1	0
42	1993	129	19785.6	9	25.3	1.2306	4.7	0
42	1993	130	24883.2	13.4	26.4	1.2527	5	0
42	1993	131	22118.4	10.6	26.7	1.2234	5.7	0
42	1993	132	22809.6	10.4	26.6	1.0844	3.3	0
42	1993	133	19267.2	12	26.1	1.4744	3.3	0.1
42	1993	134	6134.4	10.2	15.1	1.3307	3.3	0
42	1993	135	17971.2	7.1	19.9	1.3447	3.6	4.6
42	1993	136	22896	4.2	17.7	0.8497	3.5	0
42	1993	137	27129.6	7.4	22.1	0.8883	5.4	0
42	1993	138	24364.8	13.4	26.9	1.1073	5.3	0
42	1993	139	19699.2	12.9	24.3	1.455	2.8	0
42	1993	140	21772.8	7.8	26.3	1.2616	2.1	3.9
42	1993	141	8640	12.4	22.1	1.7495	4.2	14.6
42	1993	142	8035.2	10.7	15	1.2889	4.3	0
42	1993	143	10281.6	10.3	16.5	1.3053	2.8	0.1
42	1993	144	14083.2	13.3	20.2	1.6188	2.3	0
42	1993	145	23760	11.3	21.9	1.4903	3.1	0
42	1993	146	12614.4	11.2	19	1.2513	4.5	1.5
42	1993	147	6480	9.2	15.3	1.3817	3.8	15.1
42	1993	148	9936	9.8	15.9	1.3334	6	5.4
42	1993	149	17280	8.4	19.6	1.2933	5	0.1
42	1993	150	13996.8	7.9	20.9	1.4091	3	5.9
42	1993	151	19958.4	10.4	17.8	1.1892	6.9	0.2
42	1993	152	15897.6	10.2	19.8	1.1922	4.9	0
42	1993	153	18662.4	11.5	23.2	1.5825	2.8	23.4
42	1993	154	6566.4	12.5	16.3	1.4419	3.5	0
42	1993	155	27907.2	8.7	22.5	0.9912	2.4	0
42	1993	156	22464	9.7	24.9	1.2226	2.2	0
42	1993	157	25574.4	13	23.1	1.2197	2.8	0
42	1993	158	20476.8	6.9	22.9	1.3199	3	0
42	1993	159	23500.8	11.7	21.1	1.4528	3.1	0
42	1993	160	27734.4	8.4	26.6	1.2381	3.4	0
42	1993	161	26697.6	13.6	28.7	1.403	3.7	0.5
42	1993	162	22982.4	17.7	26.4	1.9058	3.8	5.5
42	1993	163	8121.6	13.2	18.7	1.4842	2.6	4.2
42	1993	164	12700.8	10.9	17.4	1.4833	4.4	0.2
42	1993	165	11577.6	7.9	16.8	0.9893	4.4	0
42	1993	166	21686.4	8.9	16.3	1.0057	5.1	0
42	1993	167	6652.8	6.2	15	1.1877	4.2	18
42	1993	168	15379.2	11.3	18.5	1.4045	5.3	5.5
42	1993	169	7430.4	9.2	17.2	1.3945	4.8	3.9
42	1993	170	6652.8	14	18.3	1.6315	4.4	1
42	1993	171	21859.2	9.8	18.9	1.2249	5.7	0
42	1993	172	16329.6	4.4	18	1.0367	2.6	0
42	1993	173	16761.6	5.6	18.7	1.1179	2.5	0
42	1993	174	20131.2	5.6	17.8	1.0303	3	1.6
42	1993	175	21081.6	6.5	16.1	0.9499	7.1	0.2
42	1993	176	17884.8	8.4	15.8	1.0719	6.6	0
42	1993	177	7776	5.1	15.8	1.0115	3.5	0.6
42	1993	178	12700.8	11.6	17.6	1.2947	5.9	0
42	1993	179	21427.2	10.2	20.5	1.3586	5.6	0
42	1993	180	25747.2	10.2	22.9	1.3351	2.3	0
42	1993	181	28857.6	10.3	23	1.3815	3	0
42	1993	182	29462.4	10.4	25.6	1.0304	2.5	0
42	1993	183	28425.6	12	25.8	1.5261	3.1	0
42	1993	184	17452.8	7.4	25	1.4161	5	0
42	1993	185	11491.2	14	24.1	1.6944	4.5	0
42	1993	186	6566.4	13.1	19.5	1.4806	3.7	8.9
42	1993	187	10454.4	8	16.6	1.1575	6.1	0.5
42	1993	188	12182.4	11.4	16.6	1.2294	8.5	0
42	1993	189	14083.2	8.3	21.6	1.3072	4.8	0
42	1993	190	26956.8	12	25.1	1.2798	5.3	1.3
42	1993	191	15379.2	9.4	19.7	1.3567	3.8	0
42	1993	192	18230.4	5.2	19.4	1.0575	2.9	0.3
42	1993	193	14860.8	6.5	18.7	1.1368	4.5	1.7
42	1993	194	12787.2	7.9	17.8	1.1408	4.3	2.2
42	1993	195	6480	7.8	15.3	1.2922	3	8.9
42	1993	196	10627.2	13.8	19.8	1.6812	1.7	1.1
42	1993	197	7084.8	14.4	19.1	1.8664	2.2	7.4
42	1993	198	12614.4	15.7	22.9	1.9669	4.6	0.2
42	1993	199	17884.8	12.1	21.9	1.4898	4	0.4
42	1993	200	9417.6	10.2	21.1	1.6336	1.8	29.5
42	1993	201	8899.2	12.2	18.6	1.6076	3.1	14.2
42	1993	202	13478.4	12.4	18.1	1.6442	6.7	5.8
42	1993	203	12096	9.7	19.8	1.5419	3.8	0.5
42	1993	204	9244.8	10.2	18.4	1.4326	4.7	6.9
42	1993	205	15379.2	16.8	22.8	2.0288	5.4	43.1
42	1993	206	12096	10.7	18.7	1.4367	4.4	7.6
42	1993	207	15465.6	11.3	17.2	1.3956	6.7	10.2
42	1993	208	7862.4	10.3	15	1.4476	5	18.9
42	1993	209	11145.6	14.2	19.3	1.8283	5	13.4
42	1993	210	6048	10.1	20	1.6574	2.5	0
42	1993	211	9849.6	15.6	23.4	2.0593	2.2	5.9
42	1993	212	13910.4	13	20.2	1.7355	3.6	1.8
42	1993	213	14083.2	10.1	19.2	1.4154	3	0.1
42	1993	214	22118.4	10.7	25.1	1.5154	2.5	0
42	1993	215	13392	12.2	20.2	1.6184	3	2.7
42	1993	216	13219.2	12.1	22.4	1.6315	2.9	0.6
42	1993	217	11577.6	10	23.6	1.643	2.9	0.9
42	1993	218	10454.4	12.7	19	1.6546	8	2.2
42	1993	219	12096	9.7	20.3	1.5499	3.3	1.3
42	1993	220	9590.4	12.8	20.8	1.7386	1.9	3.1
42	1993	221	15465.6	10.4	19.3	1.5518	4.1	2.9
42	1993	222	13046.4	10.9	18.3	1.4275	6.2	0.3
42	1993	223	14774.4	8.2	18.1	1.2238	5	5.7
42	1993	224	10800	14.8	21.6	1.7111	7	1
42	1993	225	20304	9.4	19.5	1.3315	4.3	0
42	1993	226	21081.6	8.2	24.4	1.24	4.5	0
42	1993	227	9763.2	13.8	25.1	2.2334	2.2	18.2
42	1993	228	11750.4	14	21.8	1.8226	3.9	0.3
42	1993	229	19699.2	9.9	19.2	1.274	3.4	0
42	1993	230	22032	5.3	20.6	1.1333	2.3	0
42	1993	231	22291.2	7.2	22	1.3279	1.5	0
42	1993	232	5184	10.1	20.5	1.4932	3.1	0.1
42	1993	233	6652.8	14.6	20.3	1.6323	3.6	0.6
42	1993	234	5097.6	10	15.1	1.4091	3	17.7
42	1993	235	15724.8	6	17.4	1.1814	3.9	0
42	1993	236	15897.6	7.5	17.2	1.2474	4	6.2
42	1993	237	10108.8	8.9	16	1.2989	3.4	5.6
42	1993	238	12614.4	10.9	18.5	1.3365	2	0
42	1993	239	9417.6	10	16.3	1.2691	2.6	0
42	1993	240	20390.4	8.2	19.3	1.084	3.1	0
42	1993	241	11836.8	4.5	17.1	1.126	3.2	0
42	1993	242	8380.8	11.7	16.4	1.3616	6	8
42	1993	243	10195.2	10.2	16.5	1.347	4.9	0
42	1993	244	16761.6	6.1	18.7	1.1939	2.1	0
42	1993	245	5011.2	9.2	16.2	1.4524	4	8.6
42	1993	246	6566.4	12.5	16.2	1.4373	5.4	0.2
42	1993	247	10972.8	9.1	15.2	1.2877	4.5	5
42	1993	248	17452.8	6.3	16.5	1.1043	4	0
42	1993	249	9417.6	5.2	15.8	1.1418	2.9	0
42	1993	250	17884.8	4.2	18.1	1.0862	1.4	0
42	1993	251	4147.2	8.7	13.1	1.2638	2.9	22.9
42	1993	252	6393.6	12.9	20.5	1.7845	1.7	11.8
42	1993	253	8380.8	10.9	18.6	1.6089	2.8	5
42	1993	254	14169.6	10	18.5	1.4442	3.4	5.1
42	1993	255	12441.6	7	19.5	1.2926	1.8	0
42	1993	256	3888	10.1	13.9	1.247	6.4	5.2
42	1993	257	8294.4	9.8	17.3	1.3956	4	3.2
42	1993	258	5356.8	11.3	16.9	1.4303	5.4	3.7
42	1993	259	3715.2	9.3	12.7	1.2853	3.2	3.9
42	1993	260	8812.8	6.6	12.8	1.0583	2.8	0.6
42	1993	261	12096	2.5	14.9	0.9781	1.2	0
42	1993	262	15379.2	2.6	15.9	0.9684	3.8	0
42	1993	263	13737.6	7.5	20.1	1.3239	4.4	0
42	1993	264	8812.8	12.2	21.5	1.7057	4.3	0.3
42	1993	265	3974.4	10.7	17.7	1.5528	2.9	15.7
42	1993	266	3369.6	12.3	15.8	1.4417	3.6	0.9
42	1993	267	3283.2	10.6	12.6	1.3237	4.1	13.3
42	1993	268	3283.2	10.8	12.6	1.3737	3.3	20.2
42	1993	269	3974.4	10.2	13.8	1.2891	6.5	1
42	1993	270	3196.8	10.1	12.9	1.2472	4.3	0
42	1993	271	11923.2	8.5	15.7	1.1988	3.2	0
42	1993	272	12009.6	5.7	15.3	1.1418	3.3	0
42	1993	273	8812.8	6	13.4	0.9861	6.1	0.2
42	1993	274	8208	6.2	14.7	1.0242	7	0.1
42	1993	275	5443.2	8.8	14.7	1.2404	3.7	4
42	1993	276	2851.2	11.2	12.4	1.369	3.5	20.8
42	1993	277	2851.2	11.3	14.1	1.3644	5.8	0
42	1993	278	6048	9.3	18.6	1.4801	3.3	3.6
42	1993	279	3196.8	10.9	15.6	1.4599	3	0.9
42	1993	280	9158.4	9.3	16.5	1.3377	3.7	0
42	1993	281	2678.4	7.7	15	1.2483	3	13.9
42	1993	282	6048	9.4	14.5	1.2709	4.3	0
42	1993	283	9504	7.9	15.2	1.2106	4.1	0
42	1993	284	5356.8	6.8	16.2	1.2879	3.1	9.4
42	1993	285	3628.8	9.9	19.6	1.391	7.6	0
42	1993	286	7171.2	10.9	17.8	1.3883	4.9	3.3
42	1993	287	2419.2	6.6	13.6	1.1982	4.6	27.2
42	1993	288	8640	0.9	10.6	0.8177	2.6	0
42	1993	289	7257.6	1.9	10.1	0.8226	3.9	0
42	1993	290	9244.8	-0.3	11	0.7059	3	0
42	1993	291	9936	-3.2	8.8	0.6051	2.6	0
42	1993	292	9676.8	-2.1	9	0.6102	3.5	0
42	1993	293	7084.8	-4	8.2	0.6326	2.5	2.4
42	1993	294	2505.6	4.7	9.7	0.9746	3.3	8.5
42	1993	295	3456	4.5	8	0.8654	5.5	0
42	1993	296	1987.2	4.4	7.5	0.8104	6.3	0
42	1993	297	6134.4	3.7	7.2	0.7738	4.7	0
42	1993	298	4665.6	1.5	11.2	0.881	2.8	0
42	1993	299	2419.2	0.7	11.9	0.8493	2.4	0
42	1993	300	1900.8	7	10.8	1.037	2	0
42	1993	301	1814.4	6.7	8.9	0.9201	2.4	0
42	1993	302	1814.4	4.8	7.7	0.8559	4.7	0
42	1993	303	3283.2	1.2	5.5	0.7379	3.3	0
42	1993	304	5875.2	-1.3	7.7	0.7224	2.1	0
42	1993	305	1728	-0.1	1.7	0.641	2.7	0
42	1993	306	4147.2	1.6	6.9	0.7696	3.3	0
42	1993	307	1641.6	2.3	3.5	0.7298	3.6	0
42	1993	308	4579.2	1.8	8.5	0.8284	3.6	0
42	1993	309	1555.2	1.2	5.4	0.7585	4.5	0
42	1993	310	1555.2	3.4	7.9	0.8211	6.4	0
42	1993	311	1555.2	4	7.4	0.8698	4.5	0.1
42	1993	312	1468.8	5.4	7.5	0.8871	4	0.3
42	1993	313	1468.8	5.2	8	0.9255	2.9	0.8
42	1993	314	2073.6	6.3	9	0.8899	4.9	4.3
42	1993	315	1382.4	4.9	9.7	0.9199	5.7	2.1
42	1993	316	4838.4	2.8	8.7	0.8452	3.9	0
42	1993	317	2073.6	3.3	9.1	0.8246	5.6	0
42	1993	318	1296	3.7	9.5	0.8866	6.5	14.2
42	1993	319	2246.4	2.4	6.9	0.7149	6.7	0.1
42	1993	320	2246.4	-1	3.9	0.5224	2.7	0
42	1993	321	5356.8	-4.7	4.8	0.5458	1.5	0
42	1993	322	5097.6	-3.7	1.3	0.5038	3.7	0
42	1993	323	4320	-5.8	0.7	0.4104	2.3	0.8
42	1993	324	1209.6	-3.1	1.3	0.5207	5.4	0.2
42	1993	325	1209.6	-7.7	-2.9	0.3462	6	0
42	1993	326	2073.6	-7.9	-2.5	0.3737	2.8	0
42	1993	327	3196.8	-9.2	-2.1	0.3651	3	0
42	1993	328	3283.2	-6.8	0.1	0.4057	2.8	0
42	1993	329	4060.8	-8.1	0.6	0.4123	2.4	0
42	1993	330	3715.2	-6.1	0.3	0.4541	2.2	0
42	1993	331	1036.8	-3.7	-1.8	0.4642	4.4	0
42	1993	332	1296	-2.2	1.3	0.5381	3.5	0
42	1993	333	1814.4	-4.8	1.2	0.4767	3.9	0
42	1993	334	3542.4	-6.9	-3.2	0.3654	5.6	0
42	1993	335	950.4	-7	-3.9	0.3789	4	1.7
42	1993	336	950.4	-3.9	8.9	0.7167	6.3	1.8
42	1993	337	950.4	7.8	9.4	1.0608	7.1	0.4
42	1993	338	950.4	5.7	9.8	0.9592	7.7	1.8
42	1993	339	1123.2	2.5	7.2	0.8112	6.2	0
42	1993	340	950.4	6.5	7.7	0.9377	5.3	0
42	1993	341	1123.2	3.1	6.8	0.7995	7.4	6.5
42	1993	342	1209.6	0.9	5.1	0.7123	6.7	16.7
42	1993	343	864	5.1	10.1	0.9181	13.8	9.1
42	1993	344	1209.6	3.3	7.5	0.816	6.2	1.4
42	1993	345	864	1	5.6	0.6966	8.9	7.1
42	1993	346	2073.6	1.3	5.7	0.7536	5.2	12.9
42	1993	347	864	0.5	7.7	0.8025	5	14.9
42	1993	348	864	-2.1	6.2	0.6374	4.6	0
42	1993	349	864	-0.2	3.5	0.6263	6.7	1.6
42	1993	350	1036.8	3.3	6.4	0.7853	9	5
42	1993	351	1987.2	2.6	6.1	0.7334	8.4	0
42	1993	352	864	2.2	10.1	0.8878	5.2	1.4
42	1993	353	864	7.4	13.4	1.1216	12.2	2.6
42	1993	354	864	1.1	7.9	0.7748	5.3	2.2
42	1993	355	1641.6	0.4	2.7	0.6423	3.3	1.1
42	1993	356	1036.8	0.4	3.8	0.6823	7.1	11.3
42	1993	357	2160	1.7	5.5	0.7036	6.5	1
42	1993	358	864	1.4	3.5	0.7069	5.1	3.4
42	1993	359	864	0	2.9	0.631	6.1	3.6
42	1993	360	864	0.2	2.5	0.6534	5	2.8
42	1993	361	864	0.5	2.3	0.649	3.6	3.8
42	1993	362	864	0	1.4	0.6299	2.1	0
42	1993	363	864	0.2	4.8	0.6874	5.7	5.9
42	1993	364	864	4.6	7.4	0.888	4.6	11.8
42	1993	365	1209.6	2.2	6.7	0.7973	4.7	5.2
