*---------------------------------------------------------------------------*
* Station name: BREMEN                                  
* Year: 1982
* Author: Pedro Alencar                                   -999.000: NIL VALUE
* Source: ECAD 
* Comments: 
* Longitude: 53.0464, latitude: 53.0464, altitude: 4 m.
*
* Column  Daily value
* 1       station number
* 2       year
* 3       day
* 4       irradiation                   (kJ m-2 d-1)
* 5       minimum temperature           (degrees Celsius)
* 6       maximum temperature           (degrees Celsius)
* 7       early morning vapour pressure (kPa)
* 8       mean wind speed (height: 2 m) (m s-1)
* 9       precipitation                 (mm d-1)
*
** WCCDESCRIPTION=GERMANY, BREMEN                                  
** WCCFORMAT=2
** WCCYEARNR=1982
*---------------------------------------------------------------------------*
   53.0464  8.7992    4.  -0.18 -0.55
42	1982	1	864	0.8	5.8	0.7585	1.7	1.7
42	1982	2	864	3.5	5.4	0.8224	4	4.8
42	1982	3	950.4	4.6	11.9	0.9705	7.5	0.4
42	1982	4	950.4	7.6	10.4	1.0096	7.6	7.3
42	1982	5	950.4	2.4	10	0.9193	5.3	9.8
42	1982	6	2937.6	-7.3	2.8	0.4352	7.6	0.1
42	1982	7	4060.8	-10.4	-5.5	0.2756	2.6	0
42	1982	8	2419.2	-12.4	-7.4	0.2481	4.3	0
42	1982	9	3024	-11.6	-6.6	0.2489	5.6	0
42	1982	10	4320	-15.6	-5.8	0.2409	1.2	0
42	1982	11	1036.8	-13.4	-4.1	0.2874	1.3	0
42	1982	12	3715.2	-11.3	-4.1	0.3393	1.3	0
42	1982	13	2419.2	-9.6	-3.3	0.3699	1.8	0
42	1982	14	3801.6	-10.3	-4.3	0.3252	2.3	0
42	1982	15	4060.8	-11.1	-1.1	0.3218	2.5	0
42	1982	16	3715.2	-3.7	3.4	0.4714	3.2	0
42	1982	17	3888	-5	1.1	0.4237	2.3	0
42	1982	18	3456	-10.2	-2.7	0.3472	1.7	0
42	1982	19	1123.2	-8.5	-2	0.4095	1.7	0
42	1982	20	3196.8	-5.4	0.8	0.4852	1.8	0
42	1982	21	1209.6	-6.4	1.3	0.4965	2	0.1
42	1982	22	1209.6	-0.6	1.2	0.6182	3.5	0.9
42	1982	23	1209.6	0.1	2.1	0.6484	1.4	0.1
42	1982	24	1209.6	-1.4	1.9	0.5911	2.5	0.7
42	1982	25	1296	1.1	2.4	0.6724	5.9	3.7
42	1982	26	1296	1.4	5.7	0.7563	7.7	5.7
42	1982	27	1296	-2.8	3.9	0.6104	4.7	0.3
42	1982	28	1296	-4.1	4.6	0.56	7.2	5.2
42	1982	29	2246.4	2.6	5.7	0.7478	7.3	4
42	1982	30	1382.4	3.8	7.7	0.9004	9.2	11.5
42	1982	31	6134.4	-1.1	6.7	0.635	5.5	0
42	1982	32	1468.8	-5.1	-0.4	0.4892	2	0
42	1982	33	1900.8	-4.2	-1.4	0.4575	5.1	0
42	1982	34	6048	-3.8	0.9	0.4341	6.7	0
42	1982	35	5961.6	-5.2	0.5	0.4422	5.5	0
42	1982	36	6220.8	-3.8	6.9	0.5603	2.9	0.2
42	1982	37	1555.2	1.4	6	0.7802	3.9	2.3
42	1982	38	1641.6	4	6.1	0.8401	4.1	3.9
42	1982	39	1641.6	2.6	6.1	0.8	4.2	0.5
42	1982	40	1641.6	0.2	6.4	0.6889	4	0
42	1982	41	5702.4	1.2	9.2	0.6986	3.4	0
42	1982	42	7084.8	1	10.8	0.8076	3.4	0.9
42	1982	43	5875.2	0.3	7.9	0.737	3.8	0
42	1982	44	7430.4	1.2	11.3	0.7703	3.9	0
42	1982	45	1814.4	0.9	5.9	0.7483	2.4	1.5
42	1982	46	1900.8	0.5	5.5	0.7123	4.8	0.1
42	1982	47	1900.8	0	2.1	0.5933	4.7	0
42	1982	48	1987.2	-0.4	1.6	0.5999	5.5	0
42	1982	49	7776	-1.8	3.3	0.5032	6.5	0
42	1982	50	7084.8	-2.9	0.8	0.4075	6.5	0
42	1982	51	9072	-5.1	4.2	0.4139	5.1	0
42	1982	52	9504	-6.1	5.1	0.4301	3.9	0
42	1982	53	9072	-5	6.1	0.4324	4.6	0
42	1982	54	5097.6	-4.5	2	0.4908	3.7	0
42	1982	55	2246.4	-10.3	-1.8	0.3775	1.6	0
42	1982	56	6393.6	-3.9	0.5	0.4802	2.5	0
42	1982	57	2332.8	-6.8	-2.8	0.4195	2.9	0
42	1982	58	3110.4	-6.6	4.4	0.468	3.2	0
42	1982	59	2419.2	1.3	7.3	0.8055	4.5	2.6
42	1982	60	6739.2	4	11.8	0.9264	7.9	11
42	1982	61	6048	3	7.2	0.7728	7.2	5.4
42	1982	62	2764.8	3.3	8.4	0.8511	8.8	6.5
42	1982	63	3542.4	2.8	8	0.7622	9.5	5.3
42	1982	64	9331.2	1	6.7	0.6356	6.9	0.1
42	1982	65	9590.4	-2.3	6.4	0.5949	3	0
42	1982	66	12787.2	-2.1	6.2	0.4816	5.2	0
42	1982	67	11836.8	-1.4	8.1	0.6136	3.2	0
42	1982	68	7948.8	-3.9	8.4	0.625	2.4	0
42	1982	69	3456	-0.1	6.6	0.6864	7.9	15.5
42	1982	70	7776	0.3	7.3	0.6494	8.1	2.4
42	1982	71	3196.8	0.3	6.7	0.7144	7.2	3.6
42	1982	72	10540.8	0.9	6.7	0.7296	6.5	0.9
42	1982	73	5184	0.4	8.6	0.7327	6.3	0
42	1982	74	10627.2	5.1	11.8	0.7406	7.3	0.1
42	1982	75	9849.6	3.2	9.3	0.6752	7.9	1.6
42	1982	76	8985.6	2.3	9.7	0.7665	5.6	1.9
42	1982	77	11750.4	0.7	9.6	0.7138	3.8	0
42	1982	78	11923.2	-1.2	9.5	0.6656	1.5	0
42	1982	79	3628.8	-0.6	6	0.6379	3.8	0
42	1982	80	8035.2	1.2	8.4	0.6966	3.2	0
42	1982	81	4406.4	1.4	8.9	0.705	1.5	0
42	1982	82	13737.6	0.7	10.2	0.7378	2.5	0
42	1982	83	10972.8	-2.1	10.2	0.7018	1.6	0
42	1982	84	12528	-1.1	11.9	0.6815	2.1	0
42	1982	85	13910.4	-2.1	15	0.7425	2.1	0
42	1982	86	13910.4	-3.3	18.2	0.6713	1.6	0
42	1982	87	12960	1.7	16.4	0.8634	2.8	0
42	1982	88	6825.6	-0.2	7.8	0.7056	2.8	0
42	1982	89	4147.2	2.4	7.4	0.6668	5	0
42	1982	90	18230.4	-1	11	0.6017	4.2	0
42	1982	91	18230.4	-1	15.4	0.6396	4.2	0
42	1982	92	17798.4	1.3	19	0.8552	2	1.2
42	1982	93	8380.8	3.8	12.5	0.8557	5.2	0
42	1982	94	15552	-1.2	15.7	0.7538	1.6	0
42	1982	95	16416	2.6	18.6	0.7024	3.5	0
42	1982	96	10972.8	5.7	21.8	1.0369	3.2	2.8
42	1982	97	6307.2	6.6	13	1.1138	5.9	4
42	1982	98	11145.6	1.2	11.8	0.7644	9.4	2.9
42	1982	99	12787.2	0.6	5.8	0.6148	9	1.7
42	1982	100	12960	1	7.6	0.7225	7.4	3.2
42	1982	101	14947.2	1	6.3	0.7299	7.9	1.9
42	1982	102	13910.4	0.2	6.3	0.6247	7.2	1.4
42	1982	103	17798.4	0.6	9.6	0.6235	4	0
42	1982	104	19008	-3.4	10.5	0.5672	2.1	0
42	1982	105	20131.2	-4.1	13.3	0.6106	1.8	0
42	1982	106	11664	1.8	14.1	0.8548	2.4	0
42	1982	107	14342.4	3.1	10.1	0.7891	5.8	0
42	1982	108	20649.6	-1.6	13.4	0.6498	3.8	0
42	1982	109	18230.4	0	11.5	0.7809	3.5	0
42	1982	110	12182.4	2.8	15.3	0.7943	1.7	0
42	1982	111	11404.8	4.9	11.7	0.8535	3.4	0
42	1982	112	20822.4	-1.1	15.4	0.6475	1.5	0
42	1982	113	13219.2	3.1	15	0.8058	4.4	3
42	1982	114	10022.4	5.5	12	0.9701	5.5	0
42	1982	115	20217.6	2.4	13.9	0.834	3.6	0.1
42	1982	116	16761.6	5.3	11.5	0.8593	7.5	0
42	1982	117	20822.4	6	14.1	0.9356	5.4	0
42	1982	118	13392	3.6	13.2	0.9474	5.6	0
42	1982	119	12009.6	0.8	8.7	0.7113	6.5	5.4
42	1982	120	11923.2	0.6	9.7	0.6962	6.1	2.9
42	1982	121	8035.2	2.5	9.6	0.9005	6.3	9.5
42	1982	122	15724.8	-0.2	9.1	0.6965	5.8	1.9
42	1982	123	9590.4	3.8	10.7	0.7946	7.3	0.3
42	1982	124	20995.2	6.4	14	0.858	6.3	3.4
42	1982	125	5788.8	4.4	7.3	0.8974	2.7	4.5
42	1982	126	18489.6	-1.2	10.2	0.64	4.4	0
42	1982	127	7776	3.4	9.7	0.8447	4.2	3.9
42	1982	128	13392	3.2	11.3	0.8761	6.5	0
42	1982	129	25747.2	-2.6	13.9	0.7025	2.9	0
42	1982	130	23328	-1.8	15.5	0.6442	1.9	0
42	1982	131	26697.6	0.3	15	0.8375	3.1	0
42	1982	132	25228.8	-1.6	14.6	0.745	2.6	0
42	1982	133	25488	-2.3	16.7	0.7309	2.4	0
42	1982	134	23155.2	1.4	18.7	0.9849	2	0
42	1982	135	27302.4	6.3	23.1	0.8854	3.2	0
42	1982	136	24624	12	27.3	1.2106	3.3	0.4
42	1982	137	6220.8	11.8	19.2	1.618	1.4	3.7
42	1982	138	12096	9.1	20.9	1.5669	1.4	23
42	1982	139	15724.8	10.1	17.8	1.321	3	0.3
42	1982	140	7084.8	11.8	16.6	1.4557	1.3	1.2
42	1982	141	9417.6	9.5	18.6	1.3616	2	3
42	1982	142	6393.6	13	15.9	1.5945	3.5	3
42	1982	143	9763.2	10.9	16.4	1.3267	3.5	7.1
42	1982	144	18576	9.6	16.7	1.2842	3.4	0.3
42	1982	145	21168	6.4	20.1	1.1862	4	0
42	1982	146	27475.2	12.1	24.1	1.3064	3.1	0
42	1982	147	27216	12.1	27	1.6798	3.1	5.4
42	1982	148	19440	10.6	17.7	1.3059	4.7	0
42	1982	149	28944	4	17.8	0.8729	3	0
42	1982	150	29030.4	7.6	21.3	0.9699	3.9	0
42	1982	151	29289.6	9.1	24.7	1.0959	4.1	0
42	1982	152	26870.4	12.9	27.9	1.5312	1.6	0
42	1982	153	27907.2	14.3	30.5	1.5411	2.3	0
42	1982	154	27216	16.1	31.4	1.6133	3.6	0
42	1982	155	24364.8	16	31.5	1.4667	2.5	0
42	1982	156	26006.4	16.4	29.5	2.0965	2.9	0
42	1982	157	27648	16.4	26.9	1.7824	3.9	0
42	1982	158	18144	13.2	24.4	1.6899	2.4	0
42	1982	159	16934.4	11.4	22.3	1.5333	3.4	0
42	1982	160	17280	10.2	18.6	1.1634	4.5	0
42	1982	161	21686.4	11.8	18.9	1.167	3.8	0
42	1982	162	8121.6	10.6	17	1.3555	4.4	4.8
42	1982	163	22896	10.2	20	1.4913	5.1	1.8
42	1982	164	21945.6	9.3	17.3	1.19	7.4	1.6
42	1982	165	18662.4	8.7	15.3	1.0509	4.8	2.4
42	1982	166	15552	7.7	15.4	0.9521	4.7	0
42	1982	167	6652.8	5.9	13.6	1.1101	1.7	4.4
42	1982	168	12787.2	3.1	14.9	0.8375	2.9	0
42	1982	169	18576	2.9	18.5	0.9642	2.6	10.1
42	1982	170	13824	9.8	18.2	1.453	3.4	5.8
42	1982	171	17452.8	12.1	18.7	1.5377	5	3.8
42	1982	172	14601.6	6.2	16.8	1.0032	2.6	0
42	1982	173	20649.6	8.3	21	1.2489	3.2	13.2
42	1982	174	19872	14.2	21.5	1.5923	5.9	0.5
42	1982	175	12355.2	12.8	19.9	1.6896	3.9	0.7
42	1982	176	20736	7.5	21	1.282	3	1.5
42	1982	177	24192	14.9	23.1	1.6672	2.8	1.9
42	1982	178	21081.6	13.5	20.1	1.6621	3	1
42	1982	179	15379.2	10	19.8	1.4722	3.8	4.2
42	1982	180	18230.4	10.3	18.8	1.4229	5.8	1.6
42	1982	181	22377.6	9.9	19.5	1.2863	6.5	0.6
42	1982	182	17107.2	7.3	19.8	1.2251	3.4	0
42	1982	183	22291.2	12.8	24	1.5425	2.8	8
42	1982	184	9244.8	14.7	21.6	1.9346	4.5	1.4
42	1982	185	20044.8	10	18.4	1.3263	6.2	3
42	1982	186	17280	10.5	18.6	1.3236	6.3	0
42	1982	187	11232	7.1	18.8	1.357	2	2.2
42	1982	188	23587.2	8	20.6	1.1884	2.4	0
42	1982	189	28080	9.1	24.7	1.3074	1.6	0
42	1982	190	28857.6	13.7	27.1	1.4116	3.2	0
42	1982	191	20304	15.5	25.3	1.7944	3.7	0
42	1982	192	22464	15.4	27.4	1.8826	3.4	0
42	1982	193	28425.6	15.7	26.2	1.5096	4.3	0
42	1982	194	25920	16	28.7	2.0217	3.5	0
42	1982	195	27561.6	17.7	29	2.0045	4.5	0
42	1982	196	17798.4	16.9	28.8	2.1394	3	2.7
42	1982	197	23587.2	14.2	24	1.5011	4.3	0
42	1982	198	25574.4	14	22.7	1.2428	3	0
42	1982	199	23500.8	7.7	22.5	1.1313	2.6	0
42	1982	200	13392	11.2	20.6	1.3171	3.3	0
42	1982	201	19526.4	11.9	25.2	1.5997	3.1	0
42	1982	202	22982.4	12.3	22.7	1.5177	3.9	0
42	1982	203	19699.2	9.2	22.7	1.3575	3.3	0
42	1982	204	16070.4	13.1	23.7	1.6693	2.9	0
42	1982	205	9417.6	13.4	23.7	1.6211	3.9	0
42	1982	206	7603.2	14.5	20.8	1.5724	3.7	0.3
42	1982	207	9417.6	14	20	1.6059	4.1	0
42	1982	208	13651.2	10.4	19.8	1.5256	2.9	6.7
42	1982	209	25747.2	10.8	24.9	1.4698	3.1	0
42	1982	210	26697.6	13	27.2	1.4327	3.3	0
42	1982	211	25488	14.4	28.6	1.2542	4.5	0
42	1982	212	26352	16.5	30.2	1.4891	5.5	0
42	1982	213	23241.6	14.4	30.4	1.433	3.4	0
42	1982	214	25660.8	16	30.7	1.4318	4.8	0
42	1982	215	24969.6	13.6	30.3	1.3154	4.9	0
42	1982	216	18057.6	16.8	30.5	1.6911	3.5	0
42	1982	217	19094.4	16.5	29	2.0437	3.5	13.6
42	1982	218	9676.8	15.9	25.3	2.0831	1.5	6.8
42	1982	219	17452.8	17.7	24.7	2.111	3.6	4
42	1982	220	5702.4	16.7	21.1	1.9621	2.7	0.5
42	1982	221	5616	14.5	19.4	1.7937	3.3	9.5
42	1982	222	17280	11.2	21.9	1.542	4.2	5
42	1982	223	21254.4	7.4	24.3	1.2949	2.6	0
42	1982	224	20044.8	12.6	28.8	1.7791	4.2	15.4
42	1982	225	14947.2	10.2	21.2	1.3182	4.5	0
42	1982	226	16416	13	19.8	1.4715	4.9	0
42	1982	227	5356.8	8.4	18.4	1.3974	2.4	1.6
42	1982	228	10972.8	13.1	21.8	1.6522	4.3	0
42	1982	229	12268.8	11.9	19.7	1.5238	3.6	5.8
42	1982	230	10195.2	8.4	23.4	1.2449	6.6	1.8
42	1982	231	20908.8	11.5	19	1.4192	5.3	0
42	1982	232	20736	8.9	18.4	1.0614	6.7	1
42	1982	233	13132.8	11	18.7	1.4	8.7	0.1
42	1982	234	7084.8	11.4	18.8	1.4399	4.8	1.1
42	1982	235	6825.6	13.1	19	1.6576	4.3	1.9
42	1982	236	17884.8	8.8	20	1.2781	3.5	2.8
42	1982	237	13392	11.6	19.4	1.4069	5.2	0
42	1982	238	4838.4	9	17.4	1.44	2.1	3.1
42	1982	239	16329.6	10.3	19.9	1.4056	4.5	0.3
42	1982	240	17280	6.7	20	1.2858	2	0
42	1982	241	18057.6	5.1	21.1	1.1596	1.9	0
42	1982	242	18576	8.3	24.7	1.3121	3.5	1.5
42	1982	243	15724.8	10.6	21.1	1.4927	3	1.6
42	1982	244	9244.8	10.1	17.2	1.3735	4.8	0.8
42	1982	245	16848	10.1	19.6	1.3157	4.3	0
42	1982	246	16588.8	7.2	20.9	1.1854	5.1	0
42	1982	247	14256	12.7	22.8	1.4809	4.8	0
42	1982	248	13305.6	6.5	19.2	1.2889	3.6	2.4
42	1982	249	7516.8	13.8	21.6	1.8402	3.3	0.5
42	1982	250	6134.4	12.4	18.4	1.4853	2.7	0
42	1982	251	10886.4	13.3	21.7	1.5177	5.2	0
42	1982	252	15638.4	6.4	20.5	1.1247	1.5	0
42	1982	253	15984	9.2	24.4	1.2418	3.7	0
42	1982	254	10454.4	11.9	23.4	1.5119	3.2	0
42	1982	255	15292.8	7	21.3	1.3866	2.7	0
42	1982	256	11577.6	9.1	21.5	1.4758	3.1	0
42	1982	257	12787.2	6.9	21.5	1.2778	1.1	0
42	1982	258	14860.8	7.1	27.3	1.4892	1.8	0
42	1982	259	12268.8	9.3	23	1.6499	1.1	0
42	1982	260	9158.4	8.5	21.8	1.5305	2	0
42	1982	261	11750.4	11.8	25.7	1.8358	1.6	0
42	1982	262	13564.8	11.8	25.9	1.7169	1.8	0
42	1982	263	7084.8	13.2	26.6	1.7166	4	3.8
42	1982	264	5702.4	12.8	22.4	1.6277	7.1	2
42	1982	265	11664	7.4	17.7	1.2057	3.9	0
42	1982	266	12268.8	4.4	17.2	0.9577	2.1	0
42	1982	267	10627.2	8.8	18.7	1.2882	4.3	0
42	1982	268	6393.6	10.2	19.3	1.1899	4.8	0
42	1982	269	6912	12.3	22.9	1.5674	5.1	4.8
42	1982	270	13564.8	9.4	19.3	1.2413	4.2	0
42	1982	271	12787.2	9.3	19.9	1.2947	3.5	0
42	1982	272	11318.4	7.7	22.7	1.1904	3.7	0
42	1982	273	4406.4	11.9	18.4	1.3929	2.7	0.5
42	1982	274	9417.6	10	19.1	1.4063	2.2	0
42	1982	275	8899.2	4.9	18.9	1.2249	1.6	0
42	1982	276	9590.4	10.5	19.4	1.2393	3.6	0
42	1982	277	5702.4	7.9	16.7	1.1147	3.2	0
42	1982	278	7257.6	7.8	16.2	1.0649	5	0
42	1982	279	2764.8	9.7	13.2	1.2431	3.2	10.4
42	1982	280	5270.4	8.2	12.7	1.1759	4.2	2.3
42	1982	281	2678.4	8.1	13.6	1.2076	3.9	7.9
42	1982	282	3715.2	10.4	13.3	1.2764	4.5	0.2
42	1982	283	6480	9	14.7	1.1654	3.9	0
42	1982	284	3196.8	6.3	13.3	1.1017	2.8	3.1
42	1982	285	2505.6	5.2	11.3	1.0469	3	9.7
42	1982	286	2419.2	4.6	12.1	1.054	4.7	4.6
42	1982	287	3196.8	6.8	13.8	1.1016	4.5	9.5
42	1982	288	4406.4	8.1	11.5	1.1017	7.2	2.8
42	1982	289	4060.8	6.5	12.5	1.056	3.6	0
42	1982	290	2246.4	6	11	1.0426	4	1.6
42	1982	291	7344	6	15.9	1.1372	3.6	1.2
42	1982	292	4579.2	9.5	15	1.2535	3.7	0
42	1982	293	5356.8	8.8	16	1.0645	6.4	0.5
42	1982	294	3283.2	10.3	14.1	1.3345	3.3	0.2
42	1982	295	8726.4	6.7	18.8	1.2364	3.2	0
42	1982	296	1987.2	7.6	13.4	1.2433	2.4	38.2
42	1982	297	4924.8	4.6	12.4	0.9982	4	0.8
42	1982	298	7776	1.9	12.4	0.8701	3.6	0
42	1982	299	4406.4	6.4	12.9	1.0307	3.6	0.1
42	1982	300	2937.6	4	14	1.0096	2.3	0
42	1982	301	2678.4	-0.6	11.4	0.8429	2.6	0
42	1982	302	2592	7.8	11.8	1.1017	3.5	0
42	1982	303	1728	4.5	8.7	0.8866	1.4	0
42	1982	304	1728	4	8.7	0.8714	2.1	0.1
42	1982	305	1728	5.2	15.2	1.0445	4.3	0.1
42	1982	306	1641.6	11.2	14.8	1.4512	3.2	0.1
42	1982	307	1641.6	9.9	12.4	1.2187	0.9	0.3
42	1982	308	5616	6.1	13	1.0596	1.7	0
42	1982	309	6739.2	1.8	8.1	0.6518	4.9	0
42	1982	310	6825.6	-1.5	5.6	0.4533	7.4	0
42	1982	311	6566.4	-1	5.8	0.3921	7.9	0
42	1982	312	1468.8	1.5	11.4	0.675	5.3	0.1
42	1982	313	4233.6	9.4	15	1.2352	5.5	0.5
42	1982	314	2851.2	6.9	13.3	1.0499	5.6	0
42	1982	315	2851.2	8.8	14	1.1582	5.7	0
42	1982	316	5270.4	6.2	14.3	0.9981	6.3	2.1
42	1982	317	3369.6	3.8	10.1	0.8682	5.9	1.4
42	1982	318	1296	0.8	6.9	0.7563	4.1	0
42	1982	319	1296	-3.2	4.5	0.6084	1.5	0
42	1982	320	1296	-3.3	6.1	0.6287	6.8	6.9
42	1982	321	2678.4	0.8	6.4	0.7273	5.9	10.7
42	1982	322	1209.6	4.4	11.3	1.0188	6.3	11
42	1982	323	4406.4	5.5	11.1	0.8097	9.7	4.1
42	1982	324	3283.2	3.6	9	0.7825	8.8	0.4
42	1982	325	2505.6	1.9	9.9	0.7798	5.8	0.3
42	1982	326	1123.2	3.8	8.5	0.8689	6.3	3.4
42	1982	327	1123.2	2.3	11.7	0.9213	4.8	0.6
42	1982	328	2073.6	4.2	13.5	0.8745	7.9	1
42	1982	329	1123.2	2.3	9.3	0.7283	7	2
42	1982	330	1123.2	4	8.5	0.8845	4.3	1.6
42	1982	331	1036.8	3.1	6.9	0.8198	1.8	1.2
42	1982	332	3024	2.6	6.4	0.7916	4.3	0
42	1982	333	1036.8	0	3.8	0.7007	2.4	0
42	1982	334	1036.8	1.2	2.4	0.6052	2.6	0
42	1982	335	3456	-0.6	3	0.5931	4.7	0
42	1982	336	3283.2	-2.7	2.1	0.544	3.5	0
42	1982	337	950.4	-3.8	-0.4	0.5186	2.1	0
42	1982	338	950.4	-1.2	0.7	0.588	3.1	0.3
42	1982	339	2160	0.3	5.3	0.6873	4.4	6.8
42	1982	340	950.4	0	5.6	0.7247	3.1	0.2
42	1982	341	950.4	-1.5	3.3	0.613	3.9	3.3
42	1982	342	2332.8	2.9	9.9	0.7303	5.4	0
42	1982	343	864	1.1	8.1	0.7633	6.2	7.8
42	1982	344	1641.6	4	10.9	0.7952	8.8	1
42	1982	345	864	2.4	6.3	0.7667	7.8	3.6
42	1982	346	1814.4	-0.9	4.2	0.6401	3.6	0
42	1982	347	864	-5.7	0.9	0.5072	1.9	0
42	1982	348	864	-1.9	0.8	0.5635	4.3	1.4
42	1982	349	864	0.3	12.3	0.8875	11	6.3
42	1982	350	1036.8	2.1	12.1	0.7864	12.5	1.4
42	1982	351	864	0.2	3.2	0.6078	5.6	1.8
42	1982	352	864	-1.6	2.2	0.612	2.8	0
42	1982	353	2332.8	-2	2.7	0.539	7.6	7
42	1982	354	1468.8	1.9	7.2	0.7014	7.5	0
42	1982	355	864	3.7	5.7	0.7088	10.1	1.2
42	1982	356	1468.8	-0.1	4.6	0.6753	3.7	0
42	1982	357	3024	-5	2.8	0.5131	2.6	0
42	1982	358	864	-0.1	1.8	0.5653	6.2	0.2
42	1982	359	864	0.3	4.9	0.7218	4	0.1
42	1982	360	864	4.4	7.5	0.9129	4.9	0.5
42	1982	361	1641.6	5.5	9	0.8659	8.4	3.4
42	1982	362	1900.8	1.9	6.1	0.6993	8	0.7
42	1982	363	2246.4	-0.1	5.8	0.6598	3.3	0
42	1982	364	864	0.4	4.9	0.6726	2.7	0
42	1982	365	864	-1.7	3.4	0.6173	3.9	1.6
