*---------------------------------------------------------------------------*
* Station name: BREMEN                                  
* Year: 1995
* Author: Pedro Alencar                                   -999.000: NIL VALUE
* Source: ECAD 
* Comments: 
* Longitude: 53.0464, latitude: 53.0464, altitude: 4 m.
*
* Column  Daily value
* 1       station number
* 2       year
* 3       day
* 4       irradiation                   (kJ m-2 d-1)
* 5       minimum temperature           (degrees Celsius)
* 6       maximum temperature           (degrees Celsius)
* 7       early morning vapour pressure (kPa)
* 8       mean wind speed (height: 2 m) (m s-1)
* 9       precipitation                 (mm d-1)
*
** WCCDESCRIPTION=GERMANY, BREMEN                                  
** WCCFORMAT=2
** WCCYEARNR=1995
*---------------------------------------------------------------------------*
   53.0464  8.7992    4.  -0.18 -0.55
42	1995	1	2419.2	-0.6	4	0.6493	6.9	3.8
42	1995	2	2592	-1	2.5	0.4838	6.7	0
42	1995	3	3974.4	-8.3	3	0.3923	2.7	0
42	1995	4	950.4	-9.6	-5.1	0.324	1.3	0
42	1995	5	3888	-8.9	-6	0.304	4.1	0
42	1995	6	3110.4	-9	-5.9	0.29	4.3	0
42	1995	7	950.4	-9.6	-5.2	0.3052	2.5	0.1
42	1995	8	950.4	-7.3	0.1	0.4029	4.6	7.7
42	1995	9	950.4	0.1	3.7	0.6586	4.2	13.5
42	1995	10	2246.4	1.2	6.6	0.6217	10	1.9
42	1995	11	3024	0.3	4	0.6063	6.6	4.1
42	1995	12	2332.8	-0.4	2.5	0.5274	5.6	0
42	1995	13	3628.8	-6.5	1.9	0.4542	2.1	0.3
42	1995	14	1036.8	-0.7	4.3	0.6609	3.3	0.8
42	1995	15	1036.8	4.2	7.2	0.8698	3.7	0.2
42	1995	16	4665.6	0.5	6.8	0.6823	4.9	0
42	1995	17	4579.2	-0.6	5.8	0.5229	4.6	0
42	1995	18	1123.2	1.4	5.3	0.5981	4.7	7.1
42	1995	19	4320	1.7	6.4	0.6773	4	0.7
42	1995	20	1123.2	3	7.6	0.6412	7	0.6
42	1995	21	2937.6	3.2	6.6	0.6755	6	5.8
42	1995	22	1900.8	3.7	8.2	0.8198	7.8	12.1
42	1995	23	2851.2	2.2	12.9	0.8526	10.5	10.4
42	1995	24	2419.2	1.9	7	0.6882	9.5	0.3
42	1995	25	1296	2.5	5.2	0.7241	2.9	9
42	1995	26	1296	1.7	11.8	0.7875	8.2	10.2
42	1995	27	2419.2	0.9	4.3	0.6261	7.2	9.6
42	1995	28	1296	0.1	9.3	0.7601	6.9	5.2
42	1995	29	1641.6	5.8	8.6	0.9035	4.8	4.9
42	1995	30	5097.6	-0.3	7.4	0.5987	4.8	0
42	1995	31	1382.4	-3.3	4.4	0.5023	4.7	0
42	1995	32	1468.8	4.1	11.8	0.9723	6.2	16.6
42	1995	33	3888	-0.4	7	0.6347	4	0.1
42	1995	34	1468.8	-1.5	5.8	0.535	4.1	0
42	1995	35	1555.2	5.5	9	0.8761	6.3	1.8
42	1995	36	4579.2	1.8	8.8	0.7925	4.2	0
42	1995	37	1555.2	6.9	10.3	0.9938	7.6	0.1
42	1995	38	1641.6	2.9	9.5	0.8435	8.4	21.5
42	1995	39	1641.6	-1.4	3.2	0.5804	3.3	2.5
42	1995	40	5875.2	-3.3	3.2	0.5601	2.9	0
42	1995	41	3196.8	-3	3.7	0.5202	2.2	3
42	1995	42	1728	0.1	8.8	0.7469	4	4.2
42	1995	43	6220.8	6.6	10.7	0.7955	8.5	0
42	1995	44	5097.6	3.5	12	0.8327	4.1	0.9
42	1995	45	3715.2	4.8	10.1	0.8262	5.5	5.1
42	1995	46	3542.4	4.8	12.3	0.9348	6.8	5.7
42	1995	47	4320	5	10.2	0.8451	7.4	7
42	1995	48	5270.4	3.2	8.9	0.7504	10.1	4.7
42	1995	49	4406.4	2.3	7.5	0.7275	4.8	2.9
42	1995	50	3196.8	2.5	8.7	0.7819	5.2	7
42	1995	51	6652.8	5	9.7	0.6769	6.6	0.1
42	1995	52	2073.6	3.2	10.5	0.8524	5.6	2.2
42	1995	53	9072	2.7	9.2	0.6614	7.7	0.1
42	1995	54	4060.8	2.6	6.8	0.6918	7	0.6
42	1995	55	2246.4	-0.6	5	0.6371	2.2	0.4
42	1995	56	4492.8	-1.7	6.4	0.6295	2.5	0
42	1995	57	2332.8	-2.8	3.1	0.5559	1.7	0.5
42	1995	58	7948.8	-2.2	7.5	0.5765	5.4	2.3
42	1995	59	2419.2	3.7	10.6	0.8498	8.7	1.8
42	1995	60	3024	6.4	11.5	0.7546	8.7	1.2
42	1995	61	6912	0.9	6.6	0.6072	6	0.8
42	1995	62	10195.2	0.5	7.8	0.5506	8.6	0
42	1995	63	8640	-0.5	7.4	0.618	4.9	0.3
42	1995	64	2851.2	-1.4	2.6	0.5552	5.6	6.4
42	1995	65	3283.2	1.6	5.3	0.6727	5.9	1.3
42	1995	66	9763.2	-1	7.5	0.5476	4.9	0
42	1995	67	6480	0.9	7.3	0.606	6.4	0
42	1995	68	10108.8	-0.1	9.5	0.6234	3.1	0
42	1995	69	13046.4	-2.4	10.2	0.5329	5.1	0
42	1995	70	12268.8	2.3	11.6	0.6087	6.6	0
42	1995	71	12960	1	12.3	0.6843	5.3	0
42	1995	72	7344	-0.3	8	0.6115	6	0
42	1995	73	9936	-2.8	4	0.3957	6	0.3
42	1995	74	3369.6	-3.3	2	0.5303	3.9	2.4
42	1995	75	7516.8	-1.5	6.9	0.5934	3.8	1.5
42	1995	76	3456	2.5	10	0.7703	8.1	13.2
42	1995	77	8985.6	3.2	9.8	0.687	9.9	2.1
42	1995	78	10108.8	3	8.2	0.6456	7	0.9
42	1995	79	6912	1.3	7.2	0.6289	9.6	7.2
42	1995	80	8726.4	0.4	7.2	0.6254	7.4	0.3
42	1995	81	3715.2	-3.3	6.8	0.5407	3.8	0
42	1995	82	15638.4	-0.5	13	0.6752	3.4	0
42	1995	83	7171.2	2.3	10.9	0.7112	5.4	5.9
42	1995	84	10368	3.6	9.9	0.6989	9.7	2.2
42	1995	85	9158.4	-1.3	8.1	0.6548	5.2	17.4
42	1995	86	10627.2	0.3	7	0.6426	7.8	1
42	1995	87	8035.2	-1.1	3.6	0.5751	6.5	3.2
42	1995	88	14342.4	-1.3	5.2	0.5204	5.2	0.5
42	1995	89	14688	-4.5	8.2	0.5306	2.4	0.8
42	1995	90	4147.2	-1.1	8.3	0.7273	4.4	3
42	1995	91	4233.6	6.7	10.1	1.0245	5.7	1.6
42	1995	92	15465.6	8.4	18.9	1.0458	8.6	0
42	1995	93	4838.4	6.7	11.4	0.9439	6.7	1.4
42	1995	94	10627.2	2.3	10	0.6895	6.5	0.3
42	1995	95	17884.8	-1.2	12.7	0.6247	2.1	0.1
42	1995	96	7257.6	6	12.2	0.9356	5.5	0.7
42	1995	97	5875.2	4.2	11.7	0.8762	8	1.3
42	1995	98	9244.8	3	8.4	0.5768	9.2	0
42	1995	99	5184	-2.3	7.1	0.5373	5.7	4.5
42	1995	100	4665.6	4.7	8.6	0.8798	4.1	0
42	1995	101	10713.6	5.9	13.2	0.9643	3.3	0
42	1995	102	7084.8	6.7	10.5	0.9492	5.4	0
42	1995	103	15552	3.3	12.7	0.8041	5.1	0
42	1995	104	17798.4	3.9	13.9	0.8433	2	0
42	1995	105	7084.8	1.7	10.7	0.8435	2.7	4.9
42	1995	106	10368	2.9	8.2	0.7249	5.5	1.9
42	1995	107	5011.2	2.5	6.7	0.7548	3.3	9.8
42	1995	108	8380.8	0.5	11.8	0.7839	6.2	1.2
42	1995	109	17193.6	-2	10.1	0.5875	2.5	2.3
42	1995	110	18403.2	1.8	10.6	0.6824	3.3	0
42	1995	111	18921.6	0.3	14.7	0.6632	4.5	0
42	1995	112	15811.2	6.9	19	1.1035	5.1	0.9
42	1995	113	19699.2	7.5	18.1	1.2552	3.8	0
42	1995	114	22464	7.9	24	0.9593	7.4	0
42	1995	115	20476.8	12.1	21.6	1.0733	7.6	0.4
42	1995	116	18576	8.4	18.6	1.0665	5.8	0.1
42	1995	117	15292.8	5.4	14.3	0.9353	5.1	0
42	1995	118	6480	5.4	8.8	0.6554	4.5	0
42	1995	119	22723.2	0	14.1	0.6531	3.3	0
42	1995	120	13219.2	4.9	16.6	0.7869	4.6	0
42	1995	121	22982.4	5.5	18.9	0.8802	3.3	0
42	1995	122	24364.8	6.6	20.1	0.8878	3.1	0
42	1995	123	24105.6	6.3	22	0.8867	2.3	0
42	1995	124	24796.8	5.1	22.1	0.9801	1.9	0
42	1995	125	22723.2	6	24.1	1.1448	1.3	0
42	1995	126	24278.4	7	19	1.1221	3.6	0
42	1995	127	21600	3.6	19.4	0.8676	1.8	0.1
42	1995	128	9417.6	9	15.5	1.0825	4.9	2
42	1995	129	10281.6	7.8	12.5	1.0411	5.7	2.2
42	1995	130	11750.4	7	13.3	0.8923	2.3	0
42	1995	131	11577.6	2.9	10.8	0.7433	3.5	0
42	1995	132	16848	4.9	14	0.7568	5.9	0
42	1995	133	9158.4	6.3	13.3	0.8959	7.8	0
42	1995	134	15724.8	4.8	11.4	0.7556	6.7	0.7
42	1995	135	15206.4	0.9	13.9	0.8336	3	4.3
42	1995	136	25142.4	0.3	13.8	0.6732	2.3	0
42	1995	137	8208	7.1	13.2	1.0534	4.3	21.9
42	1995	138	6307.2	6	9.7	0.8808	4.1	0.9
42	1995	139	23587.2	1.1	14.6	0.711	2.3	0
42	1995	140	21168	3	16.1	0.9167	2.1	1
42	1995	141	16848	6.9	12.1	0.6882	4	0
42	1995	142	27475.2	-0.7	16	0.6281	2.3	0
42	1995	143	22896	8	20.8	0.9667	2.6	0
42	1995	144	24969.6	11.5	24.8	1.2065	3.5	0.1
42	1995	145	17452.8	15	24.2	1.5256	2.2	0
42	1995	146	15465.6	14.5	19.9	1.4108	3.7	3.2
42	1995	147	9849.6	10.2	15.2	1.3497	3.1	10.4
42	1995	148	23328	7.8	24.8	1.3326	3.3	0
42	1995	149	12528	13.3	21.2	1.6708	2.7	2.9
42	1995	150	10713.6	6.2	17.5	1.0544	2	0.3
42	1995	151	15120	12.1	19	1.2526	4.1	1.7
42	1995	152	7171.2	11.6	15.9	1.2725	4.2	3.6
42	1995	153	13910.4	5	16.8	1.0293	2.4	3.7
42	1995	154	23241.6	6.1	19.5	1.0189	2.1	0
42	1995	155	9763.2	12.3	16.5	1.4419	2.2	1.6
42	1995	156	17020.8	7.6	19.6	1.2446	2.6	0
42	1995	157	11059.2	7.6	16.6	1.2412	3.2	0.5
42	1995	158	8380.8	10.5	14.6	1.2639	4.5	7.9
42	1995	159	19612.8	5.6	15.5	1.0183	6.9	1.7
42	1995	160	9590.4	8.2	13.9	1.0527	5.7	1.5
42	1995	161	14428.8	8.8	16.1	1.1834	5.2	1.9
42	1995	162	14601.6	8.1	16.4	1.1395	3.6	0.3
42	1995	163	16243.2	9	17.1	1.1107	2.2	0
42	1995	164	15984	10.2	18.8	1.2534	3.9	3
42	1995	165	6652.8	11	13	1.2751	6.5	7
42	1995	166	6652.8	10	13.5	1.2129	5	0.9
42	1995	167	7344	6.5	13.7	1.087	4	3
42	1995	168	9590.4	9.8	15.5	1.3014	4.6	5
42	1995	169	18662.4	11.6	19.7	1.3495	5.4	0
42	1995	170	18835.2	6.5	22.1	1.1559	2.9	0
42	1995	171	20044.8	10.3	25.5	1.5154	1.7	0
42	1995	172	17452.8	12.5	23.1	1.5059	5.3	0.4
42	1995	173	10540.8	8.7	14.8	1.0199	6.9	0.4
42	1995	174	16934.4	11.1	17.5	1.3024	4.4	0
42	1995	175	18576	5.1	21.3	1.0156	3.1	0
42	1995	176	27820.8	13.6	27.1	1.5027	4	0
42	1995	177	29116.8	10.9	28	1.3987	3.4	0
42	1995	178	29548.8	12.7	28.7	1.2673	4	0
42	1995	179	28771.2	15.6	27.3	1.4035	3	0
42	1995	180	29116.8	11.3	22.3	1.3947	4.9	0
42	1995	181	26524.8	11.5	26.1	1.4516	2.6	0
42	1995	182	23846.4	13.9	20.4	1.2501	3.8	0
42	1995	183	26784	6.2	24.2	1.1214	2.2	0
42	1995	184	13478.4	13.2	21.2	1.6264	3.2	10.2
42	1995	185	13305.6	11.2	18.2	1.2362	6.5	0
42	1995	186	20390.4	7.9	20.1	1.0378	3.9	0
42	1995	187	20563.2	12.8	24.8	1.4516	3.1	0
42	1995	188	25833.6	12.2	27.2	1.6497	2.8	0
42	1995	189	19612.8	15.8	28.9	1.806	3.3	0
42	1995	190	24883.2	18.4	30.1	1.9345	4.1	0
42	1995	191	26352	18.6	29.9	1.9949	4.9	0
42	1995	192	27302.4	14	28.6	1.6688	5.7	0
42	1995	193	20995.2	18.7	30.8	2.2422	2.9	0
42	1995	194	17971.2	18	26.8	2.0278	2.5	0
42	1995	195	20476.8	15.5	28.7	2.1505	2.7	1.6
42	1995	196	18662.4	14.3	25.8	1.6624	3.1	12.9
42	1995	197	13824	15	23.9	1.7822	3.5	0
42	1995	198	15465.6	11.5	22.1	1.5857	3.4	4
42	1995	199	7776	13.5	20.9	1.7831	4.2	1.9
42	1995	200	14947.2	18.1	25.8	1.9468	4.7	0
42	1995	201	17539.2	15.6	29.1	2.1025	1.6	0
42	1995	202	25056	17.3	31.2	2.0554	2.4	5.2
42	1995	203	20649.6	14.5	24.7	1.594	5.3	0
42	1995	204	23241.6	8.2	21.9	1.0593	1.9	0
42	1995	205	22636.8	9.2	25.5	1.3253	3.2	0
42	1995	206	26697.6	9.4	23.1	1.2545	2.7	0
42	1995	207	26784	11.8	27.6	1.1914	4.9	0
42	1995	208	15638.4	16.3	28	1.8641	3.7	0.3
42	1995	209	16588.8	16.4	25.5	1.9551	1.5	5.2
42	1995	210	24192	14.8	29.8	1.6931	3	0
42	1995	211	25401.6	16.2	31.3	1.3493	3.4	0
42	1995	212	26179.2	17.5	31.5	1.2886	4.7	0
42	1995	213	26179.2	16.6	29	1.4681	5.4	0
42	1995	214	24019.2	14.5	28.9	1.4251	4.1	0
42	1995	215	23500.8	13.1	28.1	1.4533	4	0
42	1995	216	13651.2	14.8	22.9	1.4779	3.7	0
42	1995	217	23673.6	9.8	28.3	1.6064	1.8	0
42	1995	218	23587.2	15.2	31.6	1.8382	3.5	0
42	1995	219	14688	15.6	21.8	1.3349	5.8	0
42	1995	220	22982.4	7.1	24.9	1.1076	3.6	0
42	1995	221	25056	8.3	25.6	1.0029	2.5	0
42	1995	222	24192	12.1	26.1	1.3245	3	0
42	1995	223	24624	11.7	30.7	1.1057	2.8	0
42	1995	224	23587.2	16.2	32.4	1.2733	3	0
42	1995	225	17280	13.9	29.1	1.7149	3.8	3.6
42	1995	226	16329.6	14.5	22.7	1.5192	3.9	0
42	1995	227	10713.6	10.8	22.4	1.4525	4.2	0
42	1995	228	12441.6	15	23.9	1.7146	2.9	0
42	1995	229	21340.8	10.2	27.8	1.5356	1.7	0
42	1995	230	22723.2	12.3	29.8	1.3197	2.4	0
42	1995	231	19180.8	14.6	31.1	1.5282	2.5	0
42	1995	232	20736	17.6	28.6	1.9463	4	0
42	1995	233	19353.6	15.3	29.5	1.8386	3.3	0
42	1995	234	19180.8	16.2	30.5	1.7468	2.1	0
42	1995	235	17366.4	16.7	31.7	1.8985	2.9	4.1
42	1995	236	10972.8	14.6	23.1	1.8039	2.5	10.7
42	1995	237	11404.8	13	21.9	1.6721	4.6	13.9
42	1995	238	9763.2	14.8	20.4	1.467	6.4	1.7
42	1995	239	12441.6	10.7	19.7	1.4664	5.3	6.9
42	1995	240	9158.4	8.1	19.7	1.2215	4.5	14.6
42	1995	241	13219.2	10.9	17.7	1.2536	5.2	4.2
42	1995	242	14947.2	8.3	18.3	1.1443	3.8	0.2
42	1995	243	16588.8	5	18.9	0.9357	4.5	0
42	1995	244	12268.8	13.1	18.2	1.3672	5.4	0.2
42	1995	245	15033.6	10.7	20.5	1.2567	1.7	0
42	1995	246	12528	7.5	18.5	1.3315	2.3	6.5
42	1995	247	4320	11.7	14.2	1.3421	8.4	40.7
42	1995	248	15552	11.4	19.8	1.3983	5	0
42	1995	249	11923.2	12.4	19.3	1.3668	3	0
42	1995	250	10886.4	10.4	21.4	1.3532	4.6	1.4
42	1995	251	12268.8	13	22.4	1.5976	6.4	12.8
42	1995	252	4060.8	14.6	17	1.488	7.3	0.1
42	1995	253	9417.6	11.7	21	1.4668	4.2	0
42	1995	254	5875.2	14.1	19.8	1.5816	4.4	0.9
42	1995	255	14601.6	10.1	21	1.3585	3	0
42	1995	256	3888	13.4	16.1	1.5084	2.9	27.3
42	1995	257	11836.8	11.5	19	1.4711	4.3	0.2
42	1995	258	12182.4	8.1	19.9	1.1975	2.1	0
42	1995	259	13046.4	7.6	20.2	1.2215	2.2	0
42	1995	260	12355.2	12.5	21.9	1.4696	2.2	0
42	1995	261	11664	11.4	21	1.5632	3.4	0
42	1995	262	11923.2	11.7	18	1.3494	4.5	0
42	1995	263	5443.2	11.9	14.9	1.2285	5.5	0
42	1995	264	7344	4.6	17.2	1.1465	2.5	0.8
42	1995	265	7084.8	9.5	18.1	1.3555	2.6	0
42	1995	266	3369.6	9.6	15.8	1.3644	2.1	0
42	1995	267	8640	8.5	17.7	1.2349	4.7	0
42	1995	268	9417.6	8.9	17.9	1.1978	3.3	0
42	1995	269	3196.8	11.5	15.1	1.3731	6.3	13.8
42	1995	270	5097.6	7.3	14.3	1.1001	5.9	5.7
42	1995	271	11750.4	6	12	0.8719	8.1	2.8
42	1995	272	8208	5.2	11.6	0.9144	6.6	5.6
42	1995	273	7776	3.2	10.7	0.8882	4.9	1.5
42	1995	274	4492.8	-1.4	12.7	0.812	3.2	1.7
42	1995	275	10108.8	7	16.9	1.1591	3.4	0
42	1995	276	6825.6	7.3	19	1.3295	2.9	0
42	1995	277	8121.6	13	22.1	1.6026	4.4	0
42	1995	278	4406.4	13.2	19.6	1.7508	3.1	2.2
42	1995	279	11145.6	7.4	18.2	1.1813	3.5	0
42	1995	280	5529.6	11.2	18.5	1.4169	3.9	0
42	1995	281	10800	12.9	22.4	1.653	2.8	0
42	1995	282	10713.6	10.5	24.6	1.6827	2.1	0
42	1995	283	10713.6	8.4	24.4	1.546	1	0
42	1995	284	2505.6	8	17.2	1.3992	2.2	0
42	1995	285	2505.6	12.8	16.6	1.6037	1.7	0
42	1995	286	2419.2	13.2	18.2	1.621	1.1	0
42	1995	287	2419.2	9.3	17	1.2993	1.6	0
42	1995	288	7948.8	11.4	19	1.4664	2.2	0
42	1995	289	6307.2	12.7	19.3	1.5252	1.9	0
42	1995	290	6307.2	9.3	18.9	1.366	3.4	0.2
42	1995	291	5356.8	7.1	15.3	1.0898	5	0.1
42	1995	292	4492.8	6.2	14.2	1.0445	6	0
42	1995	293	4406.4	6.2	14.3	0.9856	6.2	1.6
42	1995	294	6393.6	3.1	11.8	0.8675	2	0.1
42	1995	295	7776	-0.4	10.9	0.701	2.6	0
42	1995	296	8208	2.3	13.8	0.8821	2.7	0
42	1995	297	8553.6	7.2	19.4	1.2053	3.6	0
42	1995	298	5011.2	7	17.1	1.0824	3.9	0.2
42	1995	299	4406.4	5.1	14.8	1.0517	3.9	1.8
42	1995	300	1900.8	11.1	17.6	1.4373	4.6	1.2
42	1995	301	6220.8	3.8	13.8	0.9847	2.6	0
42	1995	302	6307.2	-1.1	12.3	0.7638	1.8	0
42	1995	303	5961.6	2	12.8	0.8748	1.9	0
42	1995	304	5788.8	-0.9	11.9	0.7856	4.1	1.2
42	1995	305	1728	4.5	11.7	0.9715	4.7	5.6
42	1995	306	4233.6	1.7	8.6	0.7755	4.6	11.7
42	1995	307	4924.8	1.1	8.5	0.5762	8	1.1
42	1995	308	6480	-0.7	4	0.4818	5.6	0
42	1995	309	7084.8	-6.1	5.5	0.4663	2.4	0
42	1995	310	2246.4	-2.8	8.1	0.5544	5.9	0.1
42	1995	311	1555.2	4.3	7.6	0.857	3	0.9
42	1995	312	1468.8	4.5	9.7	0.978	2.8	2.1
42	1995	313	1468.8	8.7	11.6	1.1774	3.1	0.8
42	1995	314	3801.6	6.1	10.6	0.9772	3	0
42	1995	315	1382.4	7.1	11.3	0.9651	3.3	0.1
42	1995	316	3283.2	6.3	9.3	0.8355	5.7	0
42	1995	317	1382.4	2.4	6.5	0.7301	4	0
42	1995	318	1296	-0.8	8.2	0.7643	1.7	0.1
42	1995	319	1296	7	10.2	0.9938	4.6	1
42	1995	320	1900.8	7.8	12	1.0238	6	3.8
42	1995	321	2851.2	-0.3	8.6	0.6821	4.1	0.1
42	1995	322	4579.2	-4.9	4.4	0.516	5.1	10.4
42	1995	323	3369.6	2.5	8.1	0.6857	7.1	9.3
42	1995	324	5270.4	-4.1	5.3	0.485	2.2	0
42	1995	325	5097.6	-4.1	2.8	0.4487	4.3	0
42	1995	326	3542.4	-3.1	4.7	0.5115	2.8	0
42	1995	327	1123.2	4.3	9.5	0.8951	3.9	0
42	1995	328	1123.2	8	10.3	0.9155	4.7	0
42	1995	329	3974.4	2.6	10.6	0.8476	3.5	0
42	1995	330	1900.8	1.2	7.4	0.7142	2.9	0
42	1995	331	3283.2	2.4	9.2	0.7744	1.8	0
42	1995	332	1296	-2.1	2.7	0.5495	3.2	0
42	1995	333	1036.8	1.4	2.9	0.6277	3.7	0
42	1995	334	1036.8	-0.7	2.5	0.5739	5.3	0
42	1995	335	1900.8	-2.3	0.5	0.4806	5.1	0
42	1995	336	950.4	-1.4	-0.2	0.4438	3.9	0
42	1995	337	3196.8	-1.9	1.8	0.4992	4.3	0
42	1995	338	950.4	-3.7	0.7	0.449	4.2	0
42	1995	339	1900.8	-4.9	-1.3	0.3113	6.8	0
42	1995	340	950.4	-6.8	-4.5	0.2969	6.2	0
42	1995	341	950.4	-5.3	-1.8	0.3903	5.2	0.1
42	1995	342	2419.2	-4	1.3	0.4706	2.7	0
42	1995	343	864	-4.6	1.4	0.5	2.6	0
42	1995	344	864	-1	1	0.5621	1.9	0
42	1995	345	864	-1.1	4.5	0.6562	2.8	0.2
42	1995	346	864	0.7	4.3	0.6509	4.1	0
42	1995	347	3283.2	-7.4	1.4	0.4214	1.8	0
42	1995	348	1900.8	-1.3	1.5	0.517	6.4	0
42	1995	349	3801.6	-4.4	-0.1	0.4093	4.9	0
42	1995	350	864	-5.7	-2	0.423	4.7	0
42	1995	351	864	-2.8	-1.7	0.4714	4.7	0
42	1995	352	864	-2.7	-1.1	0.4997	1.6	0.1
42	1995	353	864	-1.2	2.4	0.619	2.9	0.5
42	1995	354	2332.8	-3.4	3.1	0.4956	2.3	0.1
42	1995	355	1900.8	-3.8	0.4	0.4532	2.8	0
42	1995	356	864	-5.6	9.3	0.6493	4.7	13.7
42	1995	357	864	0.9	9.8	0.8489	4.9	0.6
42	1995	358	2678.4	-4.3	1	0.4278	3.5	0
42	1995	359	1814.4	-3.6	0.2	0.4856	3.9	0
42	1995	360	2073.6	-5.7	2.3	0.4532	4.3	0
42	1995	361	864	-6.6	-4.4	0.3856	1.7	0
42	1995	362	3715.2	-8.8	-2.1	0.3504	2.3	0
42	1995	363	3456	-9.7	-2.4	0.3152	2.1	0
42	1995	364	3628.8	-11.3	-4.1	0.2262	5.4	0
42	1995	365	864	-8.8	-6.9	0.271	6.4	0
