*---------------------------------------------------------------------------*
* Station name: BREMEN                                  
* Year: 2006
* Author: Pedro Alencar                                   -999.000: NIL VALUE
* Source: ECAD 
* Comments: 
* Longitude: 53.0464, latitude: 53.0464, altitude: 4 m.
*
* Column  Daily value
* 1       station number
* 2       year
* 3       day
* 4       irradiation                   (kJ m-2 d-1)
* 5       minimum temperature           (degrees Celsius)
* 6       maximum temperature           (degrees Celsius)
* 7       early morning vapour pressure (kPa)
* 8       mean wind speed (height: 2 m) (m s-1)
* 9       precipitation                 (mm d-1)
*
** WCCDESCRIPTION=GERMANY, BREMEN                                  
** WCCFORMAT=2
** WCCYEARNR=2006
*---------------------------------------------------------------------------*
   53.0464  8.7992    4.  -0.18 -0.55
42	2006	1	864	1.7	5.9	0.7457	2.7	0
42	2006	2	864	-2	3.8	0.6391	2.5	0.1
42	2006	3	950.4	-4	0	0.5277	1.3	0.1
42	2006	4	950.4	-1.1	0.5	0.5799	2.7	0
42	2006	5	950.4	-0.3	1.6	0.5892	5.2	0
42	2006	6	950.4	-1.7	0.4	0.5361	5.2	0
42	2006	7	950.4	-1.6	-0.1	0.5456	4.3	0
42	2006	8	950.4	-2.7	-0.5	0.4946	4.6	0
42	2006	9	3888	-7.2	-1.4	0.4045	2.9	0
42	2006	10	1900.8	-7.5	2.8	0.4628	3.4	0
42	2006	11	1036.8	1.5	4.7	0.6487	5.4	2
42	2006	12	1036.8	-1.5	3.8	0.6374	2.8	0
42	2006	13	1728	-4.6	2.1	0.5298	4.3	0
42	2006	14	4492.8	-4.4	3.1	0.5128	2.8	0
42	2006	15	4492.8	-6.6	0.9	0.436	2.9	0
42	2006	16	4579.2	-6.8	2.1	0.4319	2.9	0
42	2006	17	1123.2	-2.9	4.4	0.5806	4.2	3.1
42	2006	18	2505.6	0	4.4	0.6514	5.1	0.4
42	2006	19	1123.2	-2.2	5.3	0.6423	3.2	2.6
42	2006	20	1123.2	3.6	8	0.8666	4.8	4.6
42	2006	21	1728	-1.3	5.9	0.6417	6.5	2.1
42	2006	22	5270.4	-8	-1.3	0.3117	5	0
42	2006	23	5270.4	-10.1	-4.9	0.2506	4.6	0
42	2006	24	4060.8	-10.6	-1.2	0.3071	3.2	0
42	2006	25	1296	-5.2	1.4	0.4785	3.7	1.1
42	2006	26	1814.4	-2.3	0.6	0.4939	5.2	0.7
42	2006	27	4924.8	-8.6	-1.8	0.3156	2.3	0
42	2006	28	5616	-10.5	-1.6	0.2919	2.9	0
42	2006	29	2764.8	-12.4	1.5	0.3504	1.1	0
42	2006	30	1382.4	-1.7	4.9	0.6241	3	0
42	2006	31	2246.4	-0.5	2.5	0.5912	3.9	0
42	2006	32	1468.8	-3.2	-0.1	0.5253	1.8	0
42	2006	33	1468.8	-3.7	-0.7	0.5044	3.1	0
42	2006	34	1468.8	-0.7	1.9	0.6062	2.8	0
42	2006	35	1555.2	-3.3	1.7	0.5303	3	0.3
42	2006	36	2678.4	-7.8	-1.1	0.4043	1.9	0.1
42	2006	37	1555.2	-7.7	3.7	0.5172	3.4	1.9
42	2006	38	1641.6	3.7	6.5	0.8518	7.3	6.1
42	2006	39	2678.4	3	6.3	0.7489	8.4	4
42	2006	40	2160	-0.1	3.3	0.6378	8.2	1.8
42	2006	41	2419.2	0.4	4	0.6156	5	0
42	2006	42	1728	-3.5	2.5	0.5597	1.5	0
42	2006	43	5097.6	-3.8	4.7	0.5555	2.4	0
42	2006	44	7516.8	-2.5	4	0.5096	2.9	0
42	2006	45	4665.6	-4.2	3.8	0.5179	3.1	0.6
42	2006	46	1900.8	2.7	6.1	0.7861	5.1	3.5
42	2006	47	1900.8	1.7	6.6	0.7889	2.8	2
42	2006	48	2678.4	1	6.6	0.7537	3.9	1.9
42	2006	49	3196.8	1.3	8	0.7574	2.9	0
42	2006	50	4924.8	-2	7.1	0.6972	2.1	0
42	2006	51	2073.6	1.6	3.8	0.6454	5.4	0
42	2006	52	2073.6	0.9	2.9	0.6026	6	0
42	2006	53	2160	-0.8	1.3	0.4542	4.9	0
42	2006	54	5097.6	-4.2	3.3	0.4317	2.3	0
42	2006	55	9590.4	-2.7	5	0.4648	6.4	0
42	2006	56	2246.4	-2.4	-0.5	0.4451	5.5	0
42	2006	57	7430.4	-5	3.9	0.4344	4	0
42	2006	58	4752	-8	1.9	0.4296	1.9	0.8
42	2006	59	2419.2	-0.8	2	0.619	3.6	3.5
42	2006	60	5184	-1.4	2.8	0.5914	5.4	2.7
42	2006	61	5097.6	-1.7	2.5	0.5535	6.9	0.2
42	2006	62	7948.8	-4.7	2.7	0.4885	4	0
42	2006	63	10022.4	-5.8	3	0.4854	4.5	0
42	2006	64	5875.2	-6.8	3.3	0.4892	4.9	0.1
42	2006	65	8121.6	-6	5	0.5302	4.9	0.1
42	2006	66	3542.4	-3.9	1.9	0.4771	2.9	0
42	2006	67	3974.4	-3.9	3.1	0.4866	5.4	1.3
42	2006	68	3024	-0.2	1.4	0.5999	3.7	6.7
42	2006	69	4320	-0.7	3.2	0.6487	3.6	3.1
42	2006	70	5097.6	-6.4	-0.8	0.3935	6.9	0.2
42	2006	71	13824	-8	-1	0.3196	3.8	0
42	2006	72	13651.2	-9.7	1.2	0.3391	2.6	0
42	2006	73	13824	-8.3	1.4	0.3459	4.2	0
42	2006	74	9331.2	-6.4	1.9	0.4144	4.8	0
42	2006	75	3369.6	-1	1.8	0.5346	4.5	0
42	2006	76	4924.8	-0.8	2.7	0.5432	4.4	0
42	2006	77	3542.4	-2.4	0.3	0.498	2.3	0
42	2006	78	3542.4	-3.1	4.8	0.5913	3.5	0
42	2006	79	8553.6	-4	6.5	0.5216	4.9	0
42	2006	80	11836.8	-5.6	5.3	0.4351	3.1	0
42	2006	81	10800	-5.9	4.8	0.4755	2.5	0
42	2006	82	16934.4	-7.8	6.6	0.3977	2	0
42	2006	83	12096	-1.5	9.5	0.5041	5.6	1.1
42	2006	84	3888	3.5	7	0.843	2.9	21.3
42	2006	85	8380.8	4.5	16.4	1.1	5	7.4
42	2006	86	10022.4	8.2	18.1	1.2993	4.8	1.9
42	2006	87	10281.6	5.4	14.2	0.8596	6.1	0
42	2006	88	4060.8	2	9.2	0.7365	5.8	2.5
42	2006	89	4147.2	2.6	13.7	0.9207	4.9	5.6
42	2006	90	6825.6	6.3	12.6	1.0288	7.5	1.1
42	2006	91	8121.6	4.5	14.3	1.0254	4.6	6.1
42	2006	92	8035.2	4	11.5	0.917	4.5	3.2
42	2006	93	6307.2	2.3	8.5	0.7263	5	1.7
42	2006	94	13219.2	-0.3	8.8	0.6786	5.6	0.9
42	2006	95	14515.2	-2.3	8	0.5848	4.7	0.8
42	2006	96	11750.4	1.2	10.2	0.705	5.2	0.4
42	2006	97	11318.4	3.7	12.4	0.7961	4.8	2.3
42	2006	98	8985.6	1.6	11	0.8016	5.7	1.7
42	2006	99	15724.8	0.2	10.1	0.6786	6.6	0.3
42	2006	100	14601.6	-2.1	10.7	0.6561	4.1	0
42	2006	101	8294.4	-2.2	8.3	0.5703	3.5	1.8
42	2006	102	7084.8	2.5	11.4	0.9081	3.7	7.1
42	2006	103	6912	2.5	11.6	0.8842	5.8	2.3
42	2006	104	15292.8	0.8	13	0.7558	6.5	0
42	2006	105	16329.6	-0.8	13	0.6777	2.9	4.6
42	2006	106	7344	6.1	14.1	1.0499	3.8	1
42	2006	107	9676.8	3.1	13.9	0.8651	5	0.6
42	2006	108	9590.4	2.2	12.3	0.8557	4.5	1.5
42	2006	109	15552	2.3	15.9	0.8778	3.7	0.4
42	2006	110	6912	7.6	15.5	1.0065	2.4	0
42	2006	111	12096	8.9	18.5	1.0335	2.1	8.5
42	2006	112	5270.4	8.3	10.2	1.0851	3.9	5
42	2006	113	5356.8	2.5	10.6	0.8738	2.2	0
42	2006	114	13046.4	1	16	0.9095	2.1	0
42	2006	115	20131.2	6.5	22.7	1.1951	3	0.6
42	2006	116	10195.2	10.4	17.9	1.3704	3	0
42	2006	117	20822.4	5.7	15.9	0.9707	4.5	0
42	2006	118	17193.6	2.3	13.5	0.7774	4.5	5.4
42	2006	119	10713.6	3.8	9.5	0.8407	4	14.2
42	2006	120	13392	3.3	11.1	0.8223	3.6	1.5
42	2006	121	18576	1.4	13.9	0.7852	4.6	0.2
42	2006	122	19958.4	7.3	17.7	1.0425	3.3	0
42	2006	123	23673.6	9.2	24.3	1.1046	4.1	0
42	2006	124	24624	12.3	23.9	1.0783	5.4	0
42	2006	125	25574.4	12.3	22.8	0.9816	5.7	0
42	2006	126	23241.6	9.9	22.7	0.7958	4.4	0
42	2006	127	23846.4	8.4	23.3	0.8633	4.7	0
42	2006	128	22118.4	8.5	23.6	0.9472	4.9	0
42	2006	129	25747.2	9.2	23.8	1.0497	5	0
42	2006	130	25747.2	7.4	23.7	0.8645	3.6	0
42	2006	131	26006.4	5.2	23.5	0.9473	2.6	0
42	2006	132	21427.2	6.6	24.8	1.1757	2	0.1
42	2006	133	19094.4	7.2	22.1	1.149	2.5	0.2
42	2006	134	22118.4	3.6	14.8	0.7558	4.3	0
42	2006	135	18921.6	3.3	17.5	0.92	2.7	2.9
42	2006	136	17884.8	8.8	19.6	1.2455	5.9	0
42	2006	137	15465.6	8	19.3	1.2174	2.6	5.7
42	2006	138	18748.8	9.6	20.5	1.2815	5.7	5.1
42	2006	139	9158.4	9.5	14.8	1.2452	6.6	9.2
42	2006	140	8553.6	8.9	14.4	1.1775	6.1	9.2
42	2006	141	7948.8	10.1	15.2	1.2429	5.1	2.8
42	2006	142	16156.8	11.8	20.8	1.4621	5.9	8.3
42	2006	143	10022.4	4	13.5	0.925	6.2	1.8
42	2006	144	18835.2	4.7	15.1	0.9872	6.1	3.1
42	2006	145	6480	4.5	11.9	0.9781	3.8	1.2
42	2006	146	14688	3.2	15.7	1.0052	2.8	3.1
42	2006	147	8121.6	10.2	17.4	1.4185	4	7.2
42	2006	148	15638.4	9.9	15	1.1401	7.3	1.1
42	2006	149	15379.2	6.6	14.6	1.0472	4	7.4
42	2006	150	17107.2	6.3	12.9	0.9317	6.2	1.1
42	2006	151	15292.8	8	15.6	1.0924	6.5	0
42	2006	152	16761.6	6.7	13.4	1.0095	6	8.8
42	2006	153	18057.6	4.7	17.9	1.0569	2.8	0
42	2006	154	9417.6	7	16.9	1.1033	3.9	0
42	2006	155	13305.6	7	13.3	0.8923	6.1	0
42	2006	156	13651.2	8	14.8	1.0101	4.5	0
42	2006	157	20563.2	6.6	19.2	1.0851	3.7	0
42	2006	158	21859.2	5.1	20	1.0605	2.4	0
42	2006	159	28598.4	6	22.2	0.9964	2.2	0
42	2006	160	28166.4	7.6	24.7	1.1732	1.7	0
42	2006	161	29116.8	9.6	25.7	1.2095	2.2	0
42	2006	162	29635.2	14.3	26.4	1.3118	4.1	0
42	2006	163	29635.2	12.3	28.1	1.347	3.8	0
42	2006	164	29203.2	13.9	30.2	1.5352	2.4	0
42	2006	165	22464	14.1	23	1.6637	3.9	0.2
42	2006	166	16588.8	13.9	24	1.6839	3.1	0.1
42	2006	167	9072	12.3	17.5	1.3369	3.1	0.1
42	2006	168	12355.2	8.7	19.7	1.391	2.9	0.8
42	2006	169	24624	7.1	24.7	1.281	2.1	0
42	2006	170	17366.4	15.6	28.9	1.9559	3.4	0
42	2006	171	24105.6	13.6	25.5	1.589	3	0.1
42	2006	172	10368	15.3	19.3	1.4986	4.4	1.1
42	2006	173	21168	10.1	19.2	1.149	5.4	0
42	2006	174	9590.4	8.2	19.6	1.158	2.7	0
42	2006	175	24537.6	10.4	23.9	1.2306	2.2	0
42	2006	176	19958.4	13.5	28.7	1.6984	2.9	18.6
42	2006	177	9072	15.7	22.9	1.8551	4.3	0.1
42	2006	178	10108.8	11.9	19.4	1.4383	4.6	0
42	2006	179	12528	7.9	17.4	1.0821	2.6	0
42	2006	180	24019.2	8.2	21.9	1.1277	3.2	0
42	2006	181	29376	9.9	24.4	1.2306	3.1	0
42	2006	182	29462.4	11.4	26.3	1.3475	3.1	0
42	2006	183	29289.6	14.5	28.2	1.3442	3.9	0
42	2006	184	29289.6	14	29	1.1262	4.3	0
42	2006	185	29376	13.5	30.2	1.2028	3.9	0
42	2006	186	27216	17.7	32.8	1.7324	2.8	0
42	2006	187	16675.2	17.6	27.4	1.9858	2.4	0
42	2006	188	15465.6	15	26.3	1.8951	2.4	0
42	2006	189	17193.6	14.2	25	1.685	2.6	0.3
42	2006	190	16070.4	14.9	27.4	1.7537	4.2	0
42	2006	191	17971.2	15.4	25.1	1.5645	3.3	0
42	2006	192	17539.2	14.4	27.2	1.8636	3.4	3
42	2006	193	26870.4	9.8	25.1	1.3337	2.1	0
42	2006	194	27734.4	14.6	28.4	1.5613	3.7	0
42	2006	195	25315.2	10.3	22.7	1.1622	5.6	0
42	2006	196	28512	7.2	26.2	1.0821	3.4	0
42	2006	197	28684.8	12.7	27.3	1.0971	3.8	0
42	2006	198	28425.6	12.2	30.3	1.1848	2.5	0
42	2006	199	28425.6	12	30.4	1.3319	2.4	0
42	2006	200	27561.6	10.7	33.4	1.4558	2.3	0
42	2006	201	23155.2	18.6	36.2	1.857	3.4	1.7
42	2006	202	26092.8	15	30.9	1.817	4.4	0
42	2006	203	22550.4	13.1	31.8	1.6543	2.4	0
42	2006	204	19612.8	17.6	28.9	2.0209	3.9	0
42	2006	205	23068.8	15.6	28.7	1.8375	2.8	0
42	2006	206	26179.2	16.2	30.1	1.6976	3.4	0
42	2006	207	25833.6	17.3	33.2	1.6362	3	0
42	2006	208	18489.6	19.2	33	2.1929	2.4	6.3
42	2006	209	13132.8	18.9	28	2.1031	2.6	0.6
42	2006	210	20044.8	16.2	29.3	1.9056	3.2	0
42	2006	211	14342.4	15.5	29.6	1.9645	2.6	6.2
42	2006	212	18316.8	15	23.6	1.6092	3.5	0
42	2006	213	11059.2	12.9	24.8	1.7387	3.6	11
42	2006	214	16243.2	12.8	20.2	1.5183	5.2	0.2
42	2006	215	16675.2	12.3	22.4	1.5232	3.4	0
42	2006	216	19526.4	9.4	24.6	1.5479	2.4	9.7
42	2006	217	21254.4	9.9	25.6	1.6026	3.7	0.3
42	2006	218	20822.4	15.6	26.4	1.7129	5.2	0
42	2006	219	19699.2	15.8	25.9	1.8694	5.9	0
42	2006	220	9936	13	21.7	1.3451	5.4	0
42	2006	221	10108.8	11.5	22.4	1.5816	3.2	0.9
42	2006	222	14428.8	11	19.5	1.4019	3.3	3.5
42	2006	223	11664	10.3	18.9	1.4275	2.2	1.3
42	2006	224	13219.2	10	20.3	1.3757	1.6	0
42	2006	225	17712	7.5	22.7	1.3199	2	0.9
42	2006	226	5443.2	13.5	16.1	1.5805	4.7	21.7
42	2006	227	12700.8	13.5	19.8	1.5518	7.2	0
42	2006	228	14860.8	10.4	23.1	1.5426	2.2	7.4
42	2006	229	11491.2	11.8	24.1	1.6845	2.2	0
42	2006	230	10972.8	13.1	21.3	1.7635	2.5	2.5
42	2006	231	19180.8	12.7	26.3	1.6294	3.2	0
42	2006	232	13996.8	14.8	21.4	1.7419	3.7	7
42	2006	233	6048	12.4	18.9	1.6158	3	16.6
42	2006	234	7603.2	11.4	19.3	1.6199	5.2	5.3
42	2006	235	16934.4	12	21.2	1.528	3.6	0
42	2006	236	12873.6	11.2	24.2	1.6785	2.4	6.1
42	2006	237	9849.6	10.7	21.3	1.5979	1.4	0.8
42	2006	238	8467.2	10.9	19.2	1.5548	1.9	1.5
42	2006	239	13132.8	11.9	20.7	1.6102	4	7.1
42	2006	240	11145.6	11.2	18.1	1.4987	4.5	22.2
42	2006	241	14601.6	9.4	17	1.3187	5.4	3.8
42	2006	242	14947.2	8.7	17.8	1.2926	5.3	7.6
42	2006	243	14515.2	9.6	19.3	1.3315	4.7	0.7
42	2006	244	9158.4	15.8	20.8	1.7009	4.5	0
42	2006	245	10281.6	13.9	23.7	1.6682	3.4	0
42	2006	246	9504	17	22.5	1.8617	7.6	1.7
42	2006	247	10454.4	13.4	19.8	1.4337	7.6	0
42	2006	248	9244.8	11.6	20.1	1.5107	3.9	0
42	2006	249	9676.8	13.9	24.7	1.8775	3.1	0
42	2006	250	9676.8	12.3	20.2	1.5682	4.6	9
42	2006	251	13737.6	10.1	19	1.2409	5.3	0
42	2006	252	4060.8	8.9	17.7	1.2816	2	0
42	2006	253	17971.2	8.6	23	1.3087	3.6	0
42	2006	254	17625.6	11.3	25.5	1.3946	3.2	0
42	2006	255	16934.4	13.3	27.6	1.5839	2.8	0
42	2006	256	16675.2	13.9	27.9	1.6284	2.7	0
42	2006	257	16502.4	13.6	27.4	1.4685	3.2	0
42	2006	258	15897.6	12.9	25.5	1.4438	5.8	0
42	2006	259	12096	15.8	24.9	1.5742	4.8	0
42	2006	260	15206.4	14.2	25.9	1.7092	2.1	0
42	2006	261	3628.8	14.9	18.3	1.66	3	0
42	2006	262	9331.2	9.8	20.6	1.4664	4.2	0
42	2006	263	14947.2	9	20.4	1.2863	3.2	0
42	2006	264	15379.2	8.9	24.7	1.3374	3.7	0
42	2006	265	14947.2	12.7	26.9	1.4294	4.2	0
42	2006	266	14256	10.9	25.3	1.3064	3.1	0
42	2006	267	14601.6	12.2	24.9	1.3651	2.7	0
42	2006	268	12182.4	9.2	24.6	1.5189	2.2	5.8
42	2006	269	3715.2	15.2	19.8	1.7373	3.1	0.9
42	2006	270	8121.6	11.8	19.3	1.5173	2.6	0
42	2006	271	7776	10.6	21	1.488	2.6	0
42	2006	272	7084.8	10.9	22.1	1.5558	2.6	0.6
42	2006	273	6998.4	10.5	20.9	1.5319	2	0.1
42	2006	274	5788.8	9.5	20.3	1.4384	3.1	1.4
42	2006	275	7344	11.5	19.1	1.3716	6.1	0.2
42	2006	276	3801.6	8.8	16.4	1.268	3.6	0.1
42	2006	277	6825.6	9.7	18	1.3599	4.6	2.9
42	2006	278	7084.8	8.1	16.1	1.213	4	4.1
42	2006	279	2764.8	12.8	16	1.4747	6.7	1.7
42	2006	280	8208	9.8	15.8	1.1961	6.7	2.3
42	2006	281	6220.8	8.6	15.4	1.163	3.8	0
42	2006	282	10108.8	5.8	17.8	1.1754	2.4	0
42	2006	283	2592	12.8	17.6	1.5181	1.6	0
42	2006	284	10022.4	9.6	18.8	1.3263	3.7	0
42	2006	285	4492.8	8.2	17.3	1.3688	1.7	0
42	2006	286	2419.2	12.2	15.1	1.3891	2.6	0
42	2006	287	3801.6	9.8	13.9	1.1793	3.9	0
42	2006	288	2332.8	7.2	11.3	0.9917	3.8	0
42	2006	289	8640	6	16	1.0623	3.8	0
42	2006	290	9849.6	4.9	16.4	0.9867	3.2	0
42	2006	291	5702.4	4.4	16	1.057	2.1	0
42	2006	292	7430.4	9	18.2	1.3068	2.8	0.6
42	2006	293	4752	11.1	17.5	1.4164	3.5	1.6
42	2006	294	4147.2	11.1	17.9	1.4348	3.7	0
42	2006	295	5184	12.4	16.6	1.3358	5	3
42	2006	296	4752	14.5	19.7	1.6745	5.1	3.5
42	2006	297	3801.6	10.6	16.2	1.3514	6.2	6.4
42	2006	298	8294.4	8.1	15.5	1.1477	3.9	0.1
42	2006	299	5961.6	11.5	22.3	1.4228	5.2	0
42	2006	300	1900.8	10.3	18	1.2414	6.5	0
42	2006	301	2937.6	6.8	15	1.1986	4	3
42	2006	302	4665.6	5.4	15.1	1.1104	5.7	1.8
42	2006	303	1728	4.1	12.8	1.0059	2.8	0.1
42	2006	304	3024	7.2	13.5	1.055	7.2	13.1
42	2006	305	2332.8	-2.5	7.7	0.5819	7.3	6.6
42	2006	306	4233.6	-3.9	6.5	0.6041	3.8	1.6
42	2006	307	3369.6	-5	5.7	0.5828	2.2	0.6
42	2006	308	2332.8	4.1	10.6	0.9334	5.1	0.5
42	2006	309	1555.2	9.1	12.6	1.1167	7.7	0.3
42	2006	310	1555.2	9.8	12.7	1.1201	6.2	0
42	2006	311	2073.6	2.1	11.2	0.831	3.8	0
42	2006	312	1468.8	-1	12	0.8307	4.8	0.4
42	2006	313	4406.4	3.4	12	0.8404	7	3.1
42	2006	314	4320	3	9.9	0.8003	3.3	2.1
42	2006	315	2160	4.9	10.8	0.9127	6.7	9.6
42	2006	316	3801.6	4	8.9	0.81	7.3	6
42	2006	317	1382.4	5.1	12.4	1.0153	6.8	3.6
42	2006	318	1296	7.3	12.4	1.069	4.8	2.7
42	2006	319	2764.8	8.5	14.3	1.1851	4.7	0
42	2006	320	4233.6	7.9	16.2	1.1106	4.6	0
42	2006	321	1641.6	7.7	15.6	1.2049	4.1	0.9
42	2006	322	1641.6	1.8	11	0.8456	3.8	0
42	2006	323	1209.6	1	5.8	0.7405	2.3	8.4
42	2006	324	1209.6	1.5	7.9	0.7686	6.1	3.2
42	2006	325	2851.2	1.9	10.4	0.8595	4	2.7
42	2006	326	1987.2	1.1	7.4	0.7448	4.6	0.6
42	2006	327	1123.2	5.3	11.5	1.0135	5.5	7.4
42	2006	328	2851.2	7.8	11.6	1.0462	4.7	0.1
42	2006	329	1123.2	11.2	17.1	1.2092	6.6	0.3
42	2006	330	1900.8	5.8	13.2	0.973	3.4	0
42	2006	331	2678.4	3.3	13.3	0.9957	2.5	0
42	2006	332	4233.6	6	12.7	1.0454	2.9	0.3
42	2006	333	2160	4.4	11.4	0.969	2.9	0
42	2006	334	2851.2	2	8.8	0.8608	3.1	0
42	2006	335	2419.2	2	11	0.8321	3.9	0
42	2006	336	1123.2	7.4	11.1	0.9101	4.5	0.3
42	2006	337	3110.4	6.5	13.1	1.0291	5.8	1.4
42	2006	338	1296	6.8	9.7	0.9051	6.3	3.2
42	2006	339	1123.2	9	15.1	1.1668	7.8	2.5
42	2006	340	1555.2	7.5	11.4	0.9579	7.1	0
42	2006	341	950.4	5.9	9.7	0.8778	8.3	9.7
42	2006	342	1123.2	7.8	12.7	1.0231	7.2	4.5
42	2006	343	3456	1.1	8.5	0.7568	5	0
42	2006	344	3801.6	-0.4	7.3	0.7197	3.4	0.1
42	2006	345	864	3.7	8.2	0.8291	7.4	3.9
42	2006	346	3196.8	3.5	8.4	0.8198	5.3	0.4
42	2006	347	864	7.4	11.4	1.0136	7.3	0
42	2006	348	1036.8	9.8	11.2	1.0022	9	0
42	2006	349	864	2.9	10.1	0.7741	5.9	0
42	2006	350	864	1.5	8.3	0.7275	4.7	3.9
42	2006	351	1728	0.2	5.9	0.7072	4.2	1.3
42	2006	352	2851.2	-3.4	5	0.6345	1.9	0.1
42	2006	353	2764.8	-3.6	5.8	0.6351	1.5	0
42	2006	354	864	3.6	7.5	0.8155	3.7	1.1
42	2006	355	864	5.9	7.7	0.9482	1.8	0.1
42	2006	356	864	4.3	6.9	0.7819	1.6	0
42	2006	357	864	3.9	5.3	0.7887	1.2	0
42	2006	358	864	4.6	6.9	0.8177	2	0.2
42	2006	359	864	4.5	6.7	0.8456	2	0.2
42	2006	360	864	0.9	4.6	0.6476	1.8	0
42	2006	361	864	-0.3	1.7	0.5785	3	0
42	2006	362	864	0	5.8	0.7072	4.2	5.8
42	2006	363	1814.4	2.5	5.9	0.7587	3.4	0
42	2006	364	864	5.7	10.8	0.8506	7.1	7.4
42	2006	365	1728	7.4	10.5	0.9262	9.6	1.9
