*---------------------------------------------------------------------------*
* Station name: BREMEN                                  
* Year: 1981
* Author: Pedro Alencar                                   -999.000: NIL VALUE
* Source: ECAD 
* Comments: 
* Longitude: 53.0464, latitude: 53.0464, altitude: 4 m.
*
* Column  Daily value
* 1       station number
* 2       year
* 3       day
* 4       irradiation                   (kJ m-2 d-1)
* 5       minimum temperature           (degrees Celsius)
* 6       maximum temperature           (degrees Celsius)
* 7       early morning vapour pressure (kPa)
* 8       mean wind speed (height: 2 m) (m s-1)
* 9       precipitation                 (mm d-1)
*
** WCCDESCRIPTION=GERMANY, BREMEN                                  
** WCCFORMAT=2
** WCCYEARNR=1981
*---------------------------------------------------------------------------*
   53.0464  8.7992    4.  -0.18 -0.55
42	1981	1	2332.8	-0.3	7.1	0.6782	10.9	1.7
42	1981	2	864	1	7.7	0.7667	8.2	4.8
42	1981	3	1468.8	3.4	9.1	0.8369	10.7	11.6
42	1981	4	3110.4	-0.3	5	0.5861	6.7	2.4
42	1981	5	3369.6	-3.7	2.1	0.4899	6.3	2
42	1981	6	1296	-9.2	-0.3	0.4082	3	1
42	1981	7	3888	-12.4	-1.2	0.2903	3.3	0
42	1981	8	950.4	-12.3	-0.2	0.3449	3.6	0.2
42	1981	9	950.4	-0.8	4.4	0.6748	5.5	8.2
42	1981	10	2160	-0.4	4.3	0.6258	3.9	0.2
42	1981	11	3456	-4.8	2.6	0.4736	2.1	0
42	1981	12	1036.8	-3.9	0.1	0.4997	6.5	2.9
42	1981	13	3110.4	-4.6	1	0.4767	4.8	0.1
42	1981	14	1036.8	-4.1	3.8	0.5439	8.9	9.8
42	1981	15	2937.6	-2.2	4	0.5804	8.5	1.5
42	1981	16	3888	-2.4	0.2	0.4511	8.2	2.1
42	1981	17	1555.2	-2.2	3.2	0.5829	4.3	6.4
42	1981	18	1468.8	-4.2	1.4	0.4909	3.7	0.4
42	1981	19	1641.6	-4.3	3.7	0.538	6.8	4.9
42	1981	20	1641.6	-3.5	2.2	0.5012	4.8	0
42	1981	21	2073.6	-8.2	-1.5	0.3667	2.7	0
42	1981	22	2937.6	-6.8	1.3	0.4093	2.8	0.1
42	1981	23	1209.6	0.4	2.2	0.651	2.4	0.1
42	1981	24	1209.6	0.5	3	0.6516	3.8	0.2
42	1981	25	2073.6	0.2	4.1	0.642	6.1	1.9
42	1981	26	5529.6	-3.2	2.6	0.4663	2.9	0
42	1981	27	1296	-4.2	2.6	0.5187	2	0
42	1981	28	1296	0.8	3.4	0.7037	1.4	0
42	1981	29	1382.4	1.9	3.4	0.717	1.9	0.2
42	1981	30	1382.4	1.8	3.4	0.7071	4.5	0
42	1981	31	2678.4	-0.5	3.8	0.6538	4.1	0
42	1981	32	1468.8	-2.9	2.7	0.5884	5	0
42	1981	33	5097.6	0.4	8.6	0.6485	6.7	2.8
42	1981	34	2764.8	4.1	8.4	0.7133	10.3	3
42	1981	35	2246.4	1	5.2	0.6563	6.4	1.2
42	1981	36	4060.8	-0.4	2.3	0.5759	5.9	2.5
42	1981	37	1555.2	0.4	8.7	0.7775	6.2	1.3
42	1981	38	2851.2	5.7	10	0.8808	7.9	1.4
42	1981	39	2246.4	4.8	9.7	0.8659	8.4	0.8
42	1981	40	1641.6	3.6	6.2	0.8574	2.7	2.2
42	1981	41	1728	-0.1	5.3	0.6923	6.6	4.2
42	1981	42	5184	-3.9	2.7	0.503	6.1	0.3
42	1981	43	6220.8	-5.2	2.4	0.4357	3.1	0.1
42	1981	44	5356.8	-5.2	1.5	0.4055	2.6	0
42	1981	45	5011.2	-6.3	0.8	0.4193	1.3	0
42	1981	46	1900.8	-4.3	1	0.4657	2.7	0
42	1981	47	4233.6	-0.6	3.4	0.5881	2.6	0.4
42	1981	48	1987.2	0.2	3	0.6515	3.9	1.3
42	1981	49	4579.2	-0.6	1.7	0.5278	6	0.2
42	1981	50	2073.6	-1.2	0.7	0.552	5.2	2.6
42	1981	51	7689.6	-5.7	-0.6	0.3925	5.1	0
42	1981	52	4233.6	-13.6	-3.8	0.2822	0.8	0
42	1981	53	5961.6	-13.9	-1.2	0.3017	4.2	0
42	1981	54	6652.8	-3.7	1.2	0.4629	2.6	0.2
42	1981	55	2246.4	-2.8	0.8	0.5453	3.7	0.8
42	1981	56	2246.4	-0.5	1.4	0.5997	3.3	0
42	1981	57	9417.6	-2.1	3.4	0.4611	4.2	0
42	1981	58	10368	-3.3	3.7	0.3348	6.7	0
42	1981	59	6134.4	-4.5	2	0.3625	9.1	2.5
42	1981	60	2678.4	-1.6	4.2	0.6242	4	3.7
42	1981	61	2678.4	-1.8	3.9	0.646	2.9	4.9
42	1981	62	2764.8	-0.3	3.5	0.6378	5.2	0.1
42	1981	63	9158.4	-2.5	3.7	0.4786	4.4	0
42	1981	64	3456	-1.1	2.3	0.5743	4.6	0
42	1981	65	2851.2	-2.7	6	0.5988	4.4	0
42	1981	66	2937.6	3.6	12.8	0.989	7.6	1.6
42	1981	67	3024	10.5	13.5	1.2751	8	5.3
42	1981	68	3024	7.2	11	1.0742	6	3.1
42	1981	69	3715.2	3.2	8.2	0.7965	4.6	20.3
42	1981	70	3110.4	5.6	12.8	1.0931	7.2	16.8
42	1981	71	3196.8	6	10.7	1.065	3.5	14.5
42	1981	72	6307.2	6.6	11.6	1.0164	4.5	3.6
42	1981	73	3283.2	5.2	9	0.9175	4.7	3.2
42	1981	74	3369.6	5.2	7.3	0.875	2.9	1.9
42	1981	75	3369.6	2.8	6.1	0.7133	3.4	0.1
42	1981	76	6134.4	-1.3	5.9	0.6056	1.9	0.2
42	1981	77	8985.6	0	6.3	0.6203	5.3	1.6
42	1981	78	3542.4	3.7	7.7	0.8057	9.9	3.7
42	1981	79	9158.4	5.7	11.6	0.8291	6.7	0
42	1981	80	11318.4	4.5	15.6	0.7633	6.7	0
42	1981	81	14256	3.9	17.2	0.891	10.3	0.3
42	1981	82	9849.6	-0.6	10.4	0.7361	6.3	5
42	1981	83	5184	8.5	12	1.073	8.9	2.2
42	1981	84	3888	8.8	14.8	1.2445	5.4	12.8
42	1981	85	6739.2	6.8	14.5	1.0507	5.9	4
42	1981	86	17107.2	3.7	14.6	0.8112	4.7	0
42	1981	87	12441.6	5	13.8	0.8839	7.2	0
42	1981	88	7862.4	4.4	13.4	0.9002	5.9	0
42	1981	89	7689.6	5.4	14.4	0.9141	2.9	0
42	1981	90	5702.4	6	14.7	1.0299	5.2	0
42	1981	91	4233.6	9.3	16.3	1.1961	4.8	0
42	1981	92	4320	8.6	12.6	1.1366	2.1	0
42	1981	93	12614.4	3.2	15.3	0.9451	2.8	0
42	1981	94	4406.4	4.6	8	0.8398	5.5	0
42	1981	95	9676.8	3.6	10.1	0.783	3.9	0
42	1981	96	16848	1.5	12.2	0.7334	2.9	0
42	1981	97	17366.4	3.8	18.3	0.9869	2.8	0.4
42	1981	98	14515.2	4	13.7	0.9426	3.4	0
42	1981	99	19353.6	0	17.5	0.7671	1.5	0
42	1981	100	18748.8	2.5	19.7	0.8978	1.6	0
42	1981	101	19872	6.5	21.2	0.8539	5.3	0
42	1981	102	13046.4	10.1	22	1.3662	1.8	1.9
42	1981	103	18403.2	6.6	13.6	0.7905	5.1	0
42	1981	104	21340.8	0.9	17.2	0.5641	3.3	0
42	1981	105	22032	0.3	16.4	0.7795	3.4	0
42	1981	106	22377.6	3.2	11	0.5545	5.2	0
42	1981	107	17280	-1.2	8.7	0.4474	3.8	0
42	1981	108	19440	-2.7	10.5	0.4845	3.6	0.8
42	1981	109	9504	3.8	7.4	0.7274	6.9	1.7
42	1981	110	19612.8	-0.4	10	0.6278	4.8	0
42	1981	111	9158.4	-0.1	8.1	0.5041	7.8	0.4
42	1981	112	14428.8	0	7.6	0.5292	6.4	0
42	1981	113	18403.2	-4.5	7.2	0.4985	3.9	0
42	1981	114	21168	-6.2	8.7	0.3344	3	0
42	1981	115	16675.2	0.3	12.4	0.498	6.1	0
42	1981	116	15811.2	3.7	16.4	0.7387	7.2	0
42	1981	117	13046.4	3.8	13.6	0.7757	6.9	0
42	1981	118	11491.2	0.1	9.7	0.5802	5.3	0.3
42	1981	119	5616	1.7	9.9	0.8113	4.3	2.1
42	1981	120	5616	6.6	11.1	0.9767	6.8	1.6
42	1981	121	20822.4	2	9.6	0.6638	8.1	1.7
42	1981	122	21859.2	2.6	10.1	0.7469	7.8	1
42	1981	123	17193.6	-2.5	9.1	0.565	4.3	0.7
42	1981	124	9849.6	0.6	9.6	0.6938	4.8	3.5
42	1981	125	13219.2	4.4	13.2	0.9395	3.1	0
42	1981	126	15897.6	0.7	13	0.7731	3.4	0
42	1981	127	23587.2	4.8	18.7	0.9234	3.8	0
42	1981	128	15033.6	10.4	20.5	0.9992	5.9	0
42	1981	129	24883.2	9.4	23.9	1.1165	3.4	0
42	1981	130	26265.6	12.1	27.1	1.093	5.7	0
42	1981	131	25833.6	14	26.3	1.2722	7.8	0
42	1981	132	25056	13.6	26.4	1.3772	3.3	0
42	1981	133	25833.6	13.3	26.7	1.4939	3.9	4.1
42	1981	134	15552	10.1	20.7	1.3805	3.9	11.1
42	1981	135	9504	10.4	17.3	1.3124	2	0
42	1981	136	19353.6	8.9	22.2	1.3938	3	8.4
42	1981	137	9331.2	8.7	14.1	1.1582	1.6	3.6
42	1981	138	25920	6	18.4	0.866	3.1	0
42	1981	139	21859.2	8.6	23.8	1.1402	3.8	2
42	1981	140	26179.2	10.6	25.7	1.2897	4.1	0
42	1981	141	23241.6	15.2	26.8	1.5143	5.4	0
42	1981	142	8380.8	12.4	21.3	1.5141	3.6	0.6
42	1981	143	24364.8	7	20.3	0.9521	3.4	10.5
42	1981	144	16243.2	8.4	16.6	1.1873	4	4.5
42	1981	145	18662.4	6.2	17.7	1.0614	3.9	0
42	1981	146	20304	7.9	18.7	1.068	2.6	0.1
42	1981	147	6480	9.8	14.6	1.2635	3.2	30.7
42	1981	148	20304	8.6	16.6	1.0931	4.5	0.4
42	1981	149	17712	8.9	19.4	1.1125	1.5	0
42	1981	150	13305.6	10.6	20.3	1.3498	1.4	0
42	1981	151	20390.4	10.6	25.5	1.5297	3.9	26.2
42	1981	152	24192	14.9	25.2	1.8731	2.4	0
42	1981	153	23673.6	16.6	27.9	2.1166	3.5	4.5
42	1981	154	9244.8	13.2	20.5	1.5716	3.3	4
42	1981	155	13478.4	12.9	20.4	1.4193	3.6	0.1
42	1981	156	9244.8	8	17.3	1.2137	4.6	6.9
42	1981	157	18403.2	11.3	19.3	1.4237	3.1	0
42	1981	158	23932.8	9.8	19.1	1.1671	4.2	0.4
42	1981	159	14169.6	13.1	23.2	1.7474	3.7	0.6
42	1981	160	14256	13.9	21.8	1.5923	5	0
42	1981	161	19440	10.1	17.9	1.1815	6	0.1
42	1981	162	12355.2	7.2	17.7	1.2412	3.7	5.5
42	1981	163	20563.2	9.6	15.7	1.0236	6.1	0.1
42	1981	164	20390.4	3.6	17.4	0.7866	3.4	0
42	1981	165	11145.6	13	17.5	1.4711	5.6	0.2
42	1981	166	6652.8	13.5	19.1	1.5917	4.4	1.4
42	1981	167	19180.8	10.2	15.4	1.078	7.8	3.1
42	1981	168	15897.6	7.6	15.5	1.1698	5.1	10.8
42	1981	169	6652.8	9.4	12.5	1.0457	6.2	0
42	1981	170	7430.4	7.6	12.9	0.9981	4.2	0
42	1981	171	7430.4	5.7	13.7	0.9741	3.4	0.3
42	1981	172	8208	6.9	14.3	1.1111	5.4	3.5
42	1981	173	23068.8	8.3	19.1	1.2058	3.2	0
42	1981	174	26784	8.6	22.2	1.2581	2.7	0
42	1981	175	19699.2	11.6	22	1.2991	2.1	0
42	1981	176	19699.2	10.6	22.1	1.4482	2.7	5.9
42	1981	177	14947.2	11	19.8	1.3979	2.3	0.4
42	1981	178	12182.4	10.5	21.3	1.4795	1.9	2.3
42	1981	179	10108.8	14.1	19.6	1.7249	3	23.1
42	1981	180	6652.8	11.7	16.6	1.58	7.3	25.6
42	1981	181	7344	9.1	14.3	1.2363	7.7	2.2
42	1981	182	11923.2	11.5	18.7	1.3713	5.2	0.1
42	1981	183	20217.6	12.2	20.8	1.4433	3.4	3.7
42	1981	184	12614.4	12.1	20.1	1.535	4.2	5.7
42	1981	185	20822.4	10.4	19.4	1.3707	4.6	0
42	1981	186	18748.8	10.4	22.5	1.4761	2.4	0
42	1981	187	18835.2	14.5	23.2	1.5431	3	0
42	1981	188	24105.6	12.1	22.9	1.5177	2.9	0
42	1981	189	28166.4	12.8	26.3	1.4528	2.5	0
42	1981	190	26697.6	15.8	28.5	1.8109	4.2	0
42	1981	191	24537.6	17.2	30.2	2.0179	2.9	0
42	1981	192	10540.8	16.3	22.7	1.9688	2.9	3.1
42	1981	193	17107.2	14.7	19.4	1.5916	4.3	0
42	1981	194	11318.4	11.3	19.9	1.4337	2.8	0
42	1981	195	6480	12.1	16.8	1.4795	2.8	7.8
42	1981	196	10022.4	12.5	18.7	1.416	4.3	0
42	1981	197	13046.4	12.8	21.2	1.5092	2.8	7.9
42	1981	198	19612.8	11.2	18.3	1.2234	5.3	3.1
42	1981	199	19440	5.4	18.7	1.1387	2.3	3.5
42	1981	200	14342.4	7.6	16.5	1.1668	4.7	0.1
42	1981	201	8380.8	6.9	18.2	1.2784	2.4	0.4
42	1981	202	8812.8	13.1	18.6	1.6006	2.8	5.1
42	1981	203	20736	8.2	21.5	1.4	2.4	0
42	1981	204	14601.6	13.4	20.5	1.5816	3.2	1.5
42	1981	205	21340.8	11.2	19.3	1.2807	4.5	0
42	1981	206	10886.4	10	18.5	1.3469	2.3	1.3
42	1981	207	7516.8	10.7	17.4	1.2975	6.1	1
42	1981	208	9072	13.1	16.7	1.4384	7.1	0
42	1981	209	17193.6	11.5	22.9	1.5872	4.6	0
42	1981	210	13564.8	13.2	22.8	1.6692	3	0.8
42	1981	211	9849.6	11.1	17.4	1.1846	4.8	0
42	1981	212	19526.4	8.5	22	1.2115	1.8	1.6
42	1981	213	11404.8	14.9	19.9	1.6867	3.3	0.1
42	1981	214	8380.8	11.1	18.6	1.2313	2.1	0
42	1981	215	23673.6	10.2	24	1.3825	2	0
42	1981	216	23673.6	13.3	29.2	1.9158	1.6	0
42	1981	217	24451.2	16.3	29.2	1.7675	2.5	0
42	1981	218	24969.6	16.4	30.2	1.5702	2.9	0
42	1981	219	22032	16.1	31	2.1158	3.3	34.6
42	1981	220	10886.4	17.4	24.5	2.2026	1.9	0.5
42	1981	221	5616	17.1	21.5	1.9892	2.5	3.8
42	1981	222	5616	16.5	19.4	1.8694	3	0
42	1981	223	18748.8	12.5	21.7	1.5188	4.6	0
42	1981	224	20563.2	10.6	22.9	1.3141	2.3	0
42	1981	225	21168	9.9	25.6	1.4403	0.7	0
42	1981	226	12441.6	15.6	25.7	1.7736	1.9	0
42	1981	227	8640	14	23.6	1.8416	1.9	3.7
42	1981	228	19612.8	12.2	20	1.334	6.2	1.8
42	1981	229	12787.2	10.1	17.5	1.3082	5.5	1.1
42	1981	230	11404.8	9.3	20.4	1.2988	4.3	12.5
42	1981	231	8553.6	13.1	19	1.5665	4.8	8
42	1981	232	6480	12.9	16.8	1.535	6	7.9
42	1981	233	14515.2	10.9	18.7	1.3955	6.9	0.5
42	1981	234	7084.8	10.4	17.8	1.4303	4	4.1
42	1981	235	15638.4	9.1	18.8	1.2891	5.1	1.8
42	1981	236	18144	10.6	19.2	1.4045	4.2	0
42	1981	237	12614.4	9.1	20.3	1.303	4.2	3.2
42	1981	238	10800	13.6	18.7	1.6499	4.9	0.1
42	1981	239	8208	12.6	16.8	1.5536	5.6	1.5
42	1981	240	20044.8	8.4	18.9	1.2174	2.6	0
42	1981	241	11836.8	8.4	18	1.1217	2.9	0
42	1981	242	17625.6	5.8	19.2	1.0715	1.9	0
42	1981	243	12009.6	5.6	18.4	1.0509	2.1	0
42	1981	244	17020.8	6.4	19.4	0.9959	2.8	0
42	1981	245	16761.6	6.1	19.6	1.0963	2.2	0
42	1981	246	18489.6	4.3	20.6	1.1113	1.9	0
42	1981	247	16329.6	4.2	22.3	1.1405	0.6	0
42	1981	248	17798.4	5.1	21.9	1.1129	0.9	0
42	1981	249	17366.4	5.3	23.1	1.1484	0.4	0
42	1981	250	15984	8.7	24	1.2068	3.1	0
42	1981	251	7516.8	11.2	21.8	1.5746	2.9	3.6
42	1981	252	4060.8	12.7	20.5	1.7732	2	0.3
42	1981	253	13824	9.4	22.1	1.5368	2.2	0
42	1981	254	12009.6	13.6	21.6	1.7282	5	0
42	1981	255	3888	13.7	19	1.7082	3.3	1.7
42	1981	256	12268.8	8.7	18	1.2245	4.9	2.1
42	1981	257	6912	6.4	15.8	1.1618	3.8	4.9
42	1981	258	12441.6	8.4	19.3	1.265	2.6	4.8
42	1981	259	3715.2	12.3	15.9	1.4464	2.7	0.1
42	1981	260	4838.4	8.8	15.5	1.2735	3.2	0
42	1981	261	12268.8	11.5	20.1	1.5059	5.2	3.1
42	1981	262	12009.6	12.1	19.3	1.3716	4.3	1.4
42	1981	263	3542.4	11.7	18.6	1.5133	5.7	5.7
42	1981	264	10713.6	11.8	18.9	1.4631	3.5	2.9
42	1981	265	5270.4	10.1	18.6	1.5026	2.4	5.1
42	1981	266	7171.2	8.2	17.1	1.3307	3.8	5
42	1981	267	14083.2	7.4	18.3	1.1852	4.8	0
42	1981	268	11145.6	6.9	19	1.193	3.9	0
42	1981	269	9244.8	10.2	19.5	1.3326	4.9	0.3
42	1981	270	3196.8	10.7	18.2	1.463	2.8	0.9
42	1981	271	3628.8	6.1	15.7	1.1595	1.2	0
42	1981	272	10972.8	9.8	17.8	1.3555	3.2	0
42	1981	273	12873.6	4.5	17.8	1.0332	3.5	0
42	1981	274	12355.2	6.6	18.3	1.1979	4	0
42	1981	275	8208	11.3	17.9	1.4441	3.5	0.8
42	1981	276	9072	8.5	15.1	1.1477	5.2	0
42	1981	277	3974.4	6.3	11.5	0.9914	7.7	9.1
42	1981	278	6652.8	6	16.3	1.1392	4.3	0.2
42	1981	279	2764.8	8	15.1	1.2786	2.8	6.2
42	1981	280	10627.2	10.1	16.1	1.1144	9.1	0.4
42	1981	281	5097.6	8.1	15.7	1.1136	7.3	0.1
42	1981	282	6998.4	9.2	18.6	1.3167	6.1	4.1
42	1981	283	6739.2	6.6	12.5	0.9762	9.1	5.7
42	1981	284	5702.4	5.5	11.2	0.9772	6.7	5.4
42	1981	285	2505.6	4.9	8.2	0.8932	6.2	2.9
42	1981	286	5443.2	3.1	12	0.8838	7.7	2
42	1981	287	7689.6	0.8	10	0.7891	4.7	0.1
42	1981	288	4924.8	-2.2	8.6	0.6763	1.4	0
42	1981	289	8899.2	1.2	11.7	0.8196	3.1	0
42	1981	290	8121.6	3.2	11.2	0.7512	2.9	10.1
42	1981	291	2246.4	5.8	8.1	0.9381	4.2	0.7
42	1981	292	2160	5.2	10.6	0.969	4.7	7.6
42	1981	293	2160	7.4	13.1	1.1478	8.2	6.1
42	1981	294	3888	1.6	8.4	0.7936	3.6	0
42	1981	295	6220.8	1	9.2	0.7552	3.8	0
42	1981	296	7171.2	-2.9	9.3	0.6686	0.9	3.5
42	1981	297	6048	-1.6	9.3	0.7241	3.7	1.3
42	1981	298	3024	4.9	7.8	0.8619	4.6	0.9
42	1981	299	4233.6	-1.3	8.8	0.743	1.3	0
42	1981	300	1900.8	-1.2	4.8	0.6748	2.3	0.6
42	1981	301	6825.6	3.4	10.6	0.8111	4.7	0.4
42	1981	302	1814.4	3.9	10.2	0.9244	5.6	8.4
42	1981	303	5702.4	4.7	10.6	0.848	5.9	8.8
42	1981	304	3801.6	4.7	13.1	0.9344	9.5	1.6
42	1981	305	1728	5.6	12.2	1.0028	5.2	1.6
42	1981	306	3456	7.9	14.2	1.0922	8.6	1.9
42	1981	307	1641.6	2	11.7	0.9614	2.2	0.2
42	1981	308	2332.8	6.2	12.2	0.9419	5.1	0.2
42	1981	309	4579.2	3.9	9.4	0.7919	7.2	3.3
42	1981	310	4320	1.7	9	0.7238	4.9	2.4
42	1981	311	6912	-1.5	5.7	0.4904	3.9	0
42	1981	312	5529.6	-3.4	5.1	0.5328	3.2	0
42	1981	313	5961.6	-4.6	4.6	0.4827	2.2	0
42	1981	314	3801.6	-5.8	2.9	0.4561	3.9	3.7
42	1981	315	1382.4	2.4	4.7	0.7169	7.8	4.4
42	1981	316	1382.4	3	8.8	0.9005	4.3	0.5
42	1981	317	2246.4	3.1	8	0.8064	6.1	9.5
42	1981	318	4924.8	1.8	7.8	0.6622	5.4	0.5
42	1981	319	3801.6	-5	4.2	0.5044	1.6	0
42	1981	320	1296	-3	2.7	0.4895	4	0
42	1981	321	1468.8	-0.5	4.2	0.5585	4.5	1.9
42	1981	322	2073.6	4.2	10.3	0.8761	6.7	4.5
42	1981	323	5184	2.4	11.2	0.8396	4.6	2.4
42	1981	324	1209.6	1.2	15.2	0.9781	8.9	6
42	1981	325	1209.6	7.1	10.7	0.9914	6.8	1.3
42	1981	326	1123.2	7.4	12.8	1.124	7.3	0.1
42	1981	327	2678.4	11.1	13.1	1.1988	8.4	2.2
42	1981	328	3196.8	1.5	11.6	0.7573	12.2	7.2
42	1981	329	2073.6	0.6	2.8	0.6286	9.3	4.9
42	1981	330	1123.2	0.3	7.8	0.7834	5.6	11.3
42	1981	331	1036.8	6.3	9.7	0.9649	8.1	5.1
42	1981	332	3456	1.3	6.8	0.7018	5.5	0.4
42	1981	333	1728	1.8	7.5	0.7574	5.8	3.6
42	1981	334	1036.8	0.7	4.4	0.6825	4.7	2.8
42	1981	335	950.4	0.6	3.6	0.5899	5.9	0
42	1981	336	3369.6	-2.4	3.9	0.5483	2.4	0
42	1981	337	1123.2	-4.9	4.8	0.5783	4.7	8.5
42	1981	338	950.4	1.9	8.1	0.7674	8	6.4
42	1981	339	2073.6	-0.4	2.5	0.6197	6.5	3
42	1981	340	950.4	0.6	2.4	0.6332	4.5	0.8
42	1981	341	1814.4	-0.4	3	0.6309	5.4	1.4
42	1981	342	1209.6	-3.1	2	0.5518	3.4	0
42	1981	343	1209.6	-0.3	1.5	0.5807	6.2	0.4
42	1981	344	2678.4	-6	0.4	0.4575	4	0.8
42	1981	345	864	-3.3	0	0.509	4	2.4
42	1981	346	2332.8	-12.7	-1.3	0.3039	3.3	0.3
42	1981	347	2246.4	-12.9	-0.5	0.3295	5.7	0.1
42	1981	348	864	-7.1	-2.9	0.3457	5.8	2.3
42	1981	349	2505.6	-9.4	-1.9	0.3411	2.9	0
42	1981	350	864	-14.2	-6.2	0.262	1.4	0.2
42	1981	351	864	-9.9	-5.8	0.3049	2.8	0
42	1981	352	864	-8.7	-7.7	0.2901	5	0
42	1981	353	3369.6	-10.1	-4.4	0.2875	3.5	0.2
42	1981	354	2505.6	-16.5	-4.6	0.2548	1.2	0.1
42	1981	355	864	-17	-11.4	0.1937	4	0.9
42	1981	356	864	-11.5	-1.4	0.3472	3.1	1.7
42	1981	357	864	-2.4	0.5	0.5245	2.6	0.1
42	1981	358	864	-3.2	-0.4	0.5141	3.5	0
42	1981	359	864	-4	1.1	0.5111	3.7	0.3
42	1981	360	864	-4	-0.5	0.4611	2.7	0
42	1981	361	864	-6	-2.6	0.4	4.1	0
42	1981	362	1036.8	-7.7	-2.2	0.3809	3.6	0
42	1981	363	864	-5.3	3.4	0.5074	5.9	0.5
42	1981	364	1555.2	0.8	5.4	0.6487	4.8	1.8
42	1981	365	864	2.2	6.1	0.8053	5.9	4
