*---------------------------------------------------------------------------*
* Station name: ZUGSPITZE                               
* Year: 1998
* Author: Pedro Alencar                                   -999.000: NIL VALUE
* Source: ECAD 
* Comments: 
* Longitude: 47.4219, latitude: 47.4219, altitude: 2964 m.
*
* Column  Daily value
* 1       station number
* 2       year
* 3       day
* 4       irradiation                   (kJ m-2 d-1)
* 5       minimum temperature           (degrees Celsius)
* 6       maximum temperature           (degrees Celsius)
* 7       early morning vapour pressure (kPa)
* 8       mean wind speed (height: 2 m) (m s-1)
* 9       precipitation                 (mm d-1)
*
** WCCDESCRIPTION=GERMANY, ZUGSPITZE                               
** WCCFORMAT=2
** WCCYEARNR=1998
*---------------------------------------------------------------------------*
   47.4219  10.9867    2964.  -0.18 -0.55
58	1998	1	3888	-8.1	-3.6	0.2687	9.8	0
58	1998	2	3974.4	-8.5	-6.6	0.3294	13.9	4.3
58	1998	3	4665.6	-12.5	-4.5	0.2866	15.8	12.7
58	1998	4	6739.2	-13.4	-4.5	0.1959	13.8	5.7
58	1998	5	6393.6	-14.2	-8.8	0.1676	15.1	2.6
58	1998	6	1987.2	-12.8	-7.2	0.2633	12.3	26.4
58	1998	7	3974.4	-8.5	-5.3	0.3464	9.6	0
58	1998	8	7344	-10.2	-6.4	0.1832	12.7	0
58	1998	9	7516.8	-8.5	-4.3	0.1932	8.8	0
58	1998	10	7516.8	-4.8	-0.8	0.1542	5.2	0
58	1998	11	7603.2	-1.9	1.6	0.1753	6	0
58	1998	12	7516.8	0	6.1	0.2357	5.6	0
58	1998	13	6307.2	-5.9	1.4	0.1969	13.1	0
58	1998	14	4924.8	-8.1	-3.4	0.3225	7.4	1.6
58	1998	15	7430.4	-10.3	-5.6	0.2723	9.8	0
58	1998	16	2160	-9.2	-5.9	0.3398	9.3	22.8
58	1998	17	4579.2	-16.9	-9.1	0.1777	6	15.8
58	1998	18	6998.4	-15.9	-4.7	0.1677	10.3	0
58	1998	19	4233.6	-12.2	-8.9	0.263	13.6	19.7
58	1998	20	2332.8	-18.9	-12.2	0.1842	6.6	25.6
58	1998	21	2332.8	-19	-16.4	0.1523	4.5	6.9
58	1998	22	3628.8	-18.8	-12.3	0.1842	8.8	0.5
58	1998	23	8726.4	-13.3	-6.2	0.2072	6.5	0
58	1998	24	6393.6	-13.1	-6.6	0.1535	4.3	0.4
58	1998	25	8812.8	-14.3	-7.7	0.0714	6.4	0
58	1998	26	9158.4	-11.4	-7.3	0.0633	4	0
58	1998	27	9244.8	-12.2	-7.5	0.0724	3.1	0
58	1998	28	9417.6	-14.1	-9.2	0.0627	5.7	0
58	1998	29	7257.6	-15.8	-9.6	0.1314	6.7	0.2
58	1998	30	9676.8	-13.4	-7.6	0.132	7.9	0
58	1998	31	8640	-15.5	-12.7	0.1295	5.4	0
58	1998	32	9936	-14.2	-4.9	0.1186	6	0
58	1998	33	9849.6	-15.4	-11.7	0.1076	10.5	0.4
58	1998	34	10195.2	-16.3	-10.6	0.1149	9	0
58	1998	35	10368	-11.8	-4.4	0.0698	5.6	0
58	1998	36	10540.8	-11.5	-8.8	0.1103	4.5	0
58	1998	37	10713.6	-10.6	-8	0.1512	3.4	0
58	1998	38	9590.4	-13.6	-5.9	0.143	7.6	0.9
58	1998	39	9417.6	-16.7	-9.5	0.1495	5.7	0.3
58	1998	40	9936	-10.1	-1.8	0.2235	5.8	0
58	1998	41	11318.4	-2.2	2.8	0.2248	4.3	0
58	1998	42	11491.2	-2.4	1.2	0.2164	8	0
58	1998	43	10800	-3.9	-1.8	0.2329	7.7	0
58	1998	44	11664	-4.9	1.1	0.2818	7.7	0
58	1998	45	12009.6	-0.4	4.5	0.2833	5.9	0
58	1998	46	11664	-4.8	-0.2	0.2339	5.6	0
58	1998	47	10368	-5.6	2.1	0.2688	11.8	4.4
58	1998	48	5702.4	-12.6	-5.5	0.2437	8.1	5.8
58	1998	49	12700.8	-11.9	-0.2	0.1946	6	0
58	1998	50	12873.6	-7.2	-1.2	0.2194	9.6	0
58	1998	51	12960	-7	5.7	0.0991	6.4	0
58	1998	52	12182.4	-2.4	3.6	0.1595	8.4	0
58	1998	53	8380.8	-9.1	-2	0.3599	8	11.3
58	1998	54	6480	-10	-6.9	0.3233	5	0.3
58	1998	55	10800	-11.2	-5.4	0.2715	4.8	5.4
58	1998	56	4320	-7.1	-4.9	0.379	4.6	0.5
58	1998	57	14342.4	-8.2	0.4	0.2245	3.8	0
58	1998	58	14601.6	-5.5	-1.4	0.2464	9.3	0
58	1998	59	12528	-10.7	-4.8	0.2799	11.9	5.5
58	1998	60	4060.8	-14.4	-10.5	0.2329	8.4	11.8
58	1998	61	15292.8	-14.7	-9.5	0.1766	14.2	0
58	1998	62	10281.6	-10.4	-3.7	0.2883	13.5	0
58	1998	63	7948.8	-4.3	0.4	0.392	13.8	0
58	1998	64	4665.6	-15.1	-2.2	0.3151	11.9	6
58	1998	65	9244.8	-16.2	-4.7	0.2126	13	17.8
58	1998	66	7257.6	-6.6	-3.7	0.4085	13	10.7
58	1998	67	6566.4	-11.7	-6.6	0.303	8.9	26.4
58	1998	68	13219.2	-22.3	-11.3	0.1314	5.7	9.7
58	1998	69	9158.4	-22	-18.6	0.0962	6.3	2
58	1998	70	11664	-18.9	-10.3	0.1145	4	0.1
58	1998	71	4665.6	-15.4	-11.4	0.2156	4.1	7.4
58	1998	72	14083.2	-16.5	-12.9	0.1605	6.3	6.7
58	1998	73	4838.4	-15.5	-11.2	0.2165	8.3	15.6
58	1998	74	4838.4	-12.8	-11.2	0.2415	7.9	54.2
58	1998	75	4924.8	-11.3	-8.3	0.2908	7.4	9.7
58	1998	76	5011.2	-10.1	-6.4	0.3284	7.5	12.5
58	1998	77	19612.8	-10.3	-5.6	0.1445	7.5	5.4
58	1998	78	5097.6	-15.3	-7.8	0.2529	7	19.6
58	1998	79	5184	-16.3	-14.2	0.1851	9.4	41.7
58	1998	80	5702.4	-19.8	-13.5	0.1631	7.7	6.6
58	1998	81	9244.8	-20.3	-17.2	0.1351	5.9	7.1
58	1998	82	5356.8	-17.2	-13.4	0.1881	6.3	16.9
58	1998	83	19612.8	-19.1	-14.3	0.1392	3.8	0
58	1998	84	21168	-20.1	-9.1	0.0868	5.8	0
58	1998	85	21168	-11.2	-6.5	0.1253	5	0
58	1998	86	5616	-11	-4.2	0.3385	5.9	0
58	1998	87	19440	-5.3	3.8	0.324	3.5	0
58	1998	88	21254.4	-2.7	3.7	0.3485	4.3	0
58	1998	89	21427.2	-2.2	3.6	0.3857	2	0
58	1998	90	22464	-1.7	3.6	0.3534	4.2	0
58	1998	91	16070.4	-4.1	1	0.4746	3.6	2.7
58	1998	92	10195.2	-5.6	-3	0.4445	6	1.8
58	1998	93	10800	-5.7	1.1	0.4077	14.8	0.3
58	1998	94	10195.2	-6.3	-0.6	0.4454	11.3	2.2
58	1998	95	6998.4	-9.2	-4	0.3731	6.8	14.9
58	1998	96	12268.8	-10.8	-5.6	0.2934	7.8	6.5
58	1998	97	8899.2	-10	-5.2	0.3178	13.5	10.8
58	1998	98	14601.6	-11.2	-6	0.2972	7.8	0
58	1998	99	18057.6	-10.7	-4.1	0.2876	5.6	0.1
58	1998	100	19267.2	-10.3	-5.8	0.2868	12.5	5.6
58	1998	101	17712	-12.7	-7.3	0.2461	9	1.2
58	1998	102	8035.2	-14.6	-10.5	0.2333	6.3	7.8
58	1998	103	6566.4	-15.9	-8.7	0.2405	4.1	23.9
58	1998	104	17971.2	-17.4	-10.5	0.1936	6.5	4
58	1998	105	13132.8	-14.2	-7.7	0.199	14.7	2.4
58	1998	106	18921.6	-10.3	-5	0.3372	7.4	0.1
58	1998	107	12787.2	-11.6	-5.9	0.3	6	22.7
58	1998	108	8467.2	-13.8	-7.9	0.2675	4.9	7.1
58	1998	109	12096	-13.8	-10.7	0.2391	5.1	3.4
58	1998	110	26352	-13.3	-3.2	0.1445	5.2	1.5
58	1998	111	6998.4	-8	-5	0.376	7	2.5
58	1998	112	25142.4	-9.1	2.3	0.3852	4.1	0
58	1998	113	20304	-4.6	2.4	0.5131	4.3	6.1
58	1998	114	7776	-5.6	-2	0.4615	5.1	0.2
58	1998	115	24278.4	-7	0.4	0.3977	6.1	0
58	1998	116	23587.2	-2	4.1	0.4417	10.1	0
58	1998	117	20563.2	-3.3	2.7	0.5022	11	2
58	1998	118	8726.4	-7.6	-3.1	0.3941	4.6	4
58	1998	119	20563.2	-7.9	-1.5	0.4226	8.3	0
58	1998	120	28512	-7.4	1.3	0.3368	7.1	0.5
58	1998	121	13737.6	-5.2	-1.3	0.4713	5.4	3.6
58	1998	122	7516.8	-6.3	-4.4	0.4146	6.9	17.6
58	1998	123	17107.2	-6.9	-0.2	0.4514	3.4	19.4
58	1998	124	7603.2	-9	-3.8	0.3789	3.4	15.7
58	1998	125	26352	-11.2	-4.4	0.3095	6.2	0
58	1998	126	11232	-8.1	-3.3	0.4037	6	0.2
58	1998	127	29462.4	-6.6	2.2	0.3952	6.7	0
58	1998	128	28425.6	-1	6.2	0.4861	4.9	0
58	1998	129	25833.6	0.1	8	0.6283	3.6	0
58	1998	130	27648	0.4	7.4	0.5168	4.9	0
58	1998	131	26697.6	2.2	9	0.6637	2.5	0
58	1998	132	28857.6	2.1	7.4	0.6428	3	0
58	1998	133	27907.2	2.5	8.4	0.6479	2	0
58	1998	134	26006.4	0.2	6	0.6258	2.4	0
58	1998	135	29116.8	-3.6	5.6	0.3416	3.1	0
58	1998	136	27475.2	-6.1	0.3	0.3061	2.6	0.1
58	1998	137	8985.6	-9	-5	0.3618	2.9	7.2
58	1998	138	8121.6	-7.8	-4.7	0.3794	3.4	22.7
58	1998	139	9504	-5.4	-3	0.4434	3.4	1.6
58	1998	140	20217.6	-4.8	0.3	0.4973	2.9	0
58	1998	141	11059.2	-3.6	-1.5	0.5066	5.5	22.6
58	1998	142	9590.4	-6.6	-2.6	0.4345	6.9	1.1
58	1998	143	27388.8	-8.2	-3	0.3786	7.3	0
58	1998	144	14169.6	-5.9	-1.7	0.4615	5.8	0
58	1998	145	10108.8	-6.7	-2.6	0.4329	3.4	0.2
58	1998	146	15638.4	-4.7	-0.1	0.4867	5	7.7
58	1998	147	22377.6	-2.6	2.1	0.576	7.4	0.2
58	1998	148	23068.8	-2.3	2.4	0.4415	12	0
58	1998	149	13219.2	-1	1.5	0.5537	6.9	13.5
58	1998	150	20563.2	-2	2.5	0.616	3.4	2
58	1998	151	14947.2	-0.8	3.6	0.6355	5.5	4.9
58	1998	152	26265.6	-5.5	3.5	0.4487	6.6	0.1
58	1998	153	21513.6	0.1	8.7	0.6188	7.2	0.2
58	1998	154	22118.4	1.6	6.3	0.7779	9.3	7.6
58	1998	155	19612.8	0.5	8.1	0.7474	6.6	0
58	1998	156	27561.6	4.4	12.6	0.6766	8.5	1.2
58	1998	157	29289.6	5	13.3	0.6722	9	0
58	1998	158	17798.4	1.5	7.8	0.7659	7.5	21.5
58	1998	159	9936	-2.6	2	0.5978	2.8	2.2
58	1998	160	32486.4	-3.9	7.4	0.3119	4.7	0
58	1998	161	16848	-1.7	9.4	0.7241	5.8	26.7
58	1998	162	8553.6	-5.4	-0.5	0.4918	4.2	58.9
58	1998	163	7430.4	-7.5	-5.1	0.3818	7.6	63.1
58	1998	164	10540.8	-9.4	-2.3	0.3636	3.9	0.5
58	1998	165	21427.2	-9.9	-1.2	0.4043	6.3	8.9
58	1998	166	19353.6	-5	0.2	0.4969	5.2	12
58	1998	167	12960	-5.8	-1	0.466	6.8	1.9
58	1998	168	10540.8	-6.4	-3.3	0.4264	5	2.1
58	1998	169	7430.4	-4.6	-1.4	0.49	5.9	3.3
58	1998	170	8208	-2.2	1.5	0.5956	6	0.2
58	1998	171	30585.6	0.4	7.7	0.6528	5	0
58	1998	172	30758.4	4.6	12.1	0.6917	5.4	0
58	1998	173	19958.4	3.4	8.3	0.8881	6.6	3
58	1998	174	10281.6	0.9	4.3	0.7365	5.7	0
58	1998	175	19353.6	-0.2	7.2	0.6123	5.8	0
58	1998	176	22032	3.1	8.5	0.8574	6.4	4.5
58	1998	177	19353.6	2.6	9	0.7468	6.1	16.2
58	1998	178	22032	2.2	8	0.7377	6.4	23.5
58	1998	179	18489.6	2.5	6.2	0.8167	6.5	0.4
58	1998	180	16502.4	1.5	6.7	0.7697	6.1	0.1
58	1998	181	13910.4	2	6.8	0.8363	6.1	3.5
58	1998	182	20044.8	1.8	8.9	0.7595	8.4	7.6
58	1998	183	12182.4	1.8	8.5	0.8812	5.9	2.5
58	1998	184	7344	-1.1	3	0.6414	5.1	11.6
58	1998	185	12441.6	-2.8	1.5	0.5827	6	0.2
58	1998	186	7344	-1.9	0	0.5701	7.5	1
58	1998	187	17107.2	-0.4	5.5	0.6312	7.5	0
58	1998	188	10713.6	-1.2	3.7	0.6688	7.7	22.5
58	1998	189	7344	-7.1	-0.9	0.4546	7.5	55.1
58	1998	190	8812.8	-5.7	-0.9	0.4791	7.7	0
58	1998	191	13392	-2	1.6	0.6022	6.8	4.2
58	1998	192	11577.6	-0.3	2.3	0.6568	7.2	0.2
58	1998	193	16243.2	-1.1	5.4	0.5564	10.6	0.1
58	1998	194	26006.4	0.7	10.1	0.6367	9.2	16
58	1998	195	10800	-2.9	0.7	0.5639	4.9	0
58	1998	196	13219.2	-4.2	0.1	0.5205	3.5	0
58	1998	197	18835.2	-3.1	0.7	0.5206	8.8	3
58	1998	198	15552	0.2	4.6	0.7261	7	0.8
58	1998	199	22636.8	1.4	8.1	0.7542	7.9	0
58	1998	200	24537.6	3.4	10.4	0.736	7.5	0.4
58	1998	201	25747.2	5.1	15.3	0.6466	6	0.1
58	1998	202	27388.8	7.1	15	0.8027	8.5	0
58	1998	203	18489.6	5.7	11.5	0.871	5.6	3.7
58	1998	204	21254.4	5.2	11.8	0.976	4.2	10.8
58	1998	205	11232	3.6	8.3	0.9129	4.1	2.7
58	1998	206	13305.6	1.7	6.5	0.7616	5.4	4.5
58	1998	207	23760	2.5	9.6	0.7879	7	0.2
58	1998	208	14256	1.9	7.8	0.8199	7.5	17.8
58	1998	209	8726.4	-0.4	3.1	0.6736	5.3	2.7
58	1998	210	18576	-1.6	5.4	0.6236	7.4	0.7
58	1998	211	22982.4	4.3	10.4	0.8308	8.2	6.1
58	1998	212	19440	2.6	8.1	0.84	7.5	0.2
58	1998	213	24192	3.7	9.3	0.8224	9.3	4.7
58	1998	214	25660.8	3.6	10.6	0.7965	8.6	0
58	1998	215	13392	2.8	7.5	0.8196	10	1.6
58	1998	216	24105.6	4.5	13.9	0.7675	5.4	19.7
58	1998	217	10022.4	-0.1	5.1	0.724	2.8	4.6
58	1998	218	29116.8	-1.2	11.5	0.3084	3.2	0
58	1998	219	29030.4	5.5	14.3	0.3413	2.2	0
58	1998	220	28944	7.2	15.4	0.5084	3.2	0
58	1998	221	28684.8	7.4	13.6	0.8373	4	0
58	1998	222	28252.8	8.4	15.3	0.6382	4.3	0
58	1998	223	24019.2	8.3	14.2	1.1068	2.8	0
58	1998	224	23760	5.5	14.7	0.8152	3.9	1.4
58	1998	225	13305.6	4.4	9.8	0.9276	4.6	14.8
58	1998	226	23673.6	1.2	8.1	0.7744	8.4	0
58	1998	227	21427.2	5.3	12.6	0.8232	7.7	0
58	1998	228	18576	4.1	10.8	0.8468	3.8	0.1
58	1998	229	20563.2	4.6	10.7	0.8061	2.9	0.6
58	1998	230	6134.4	2.8	5.8	0.8055	3.6	32.1
58	1998	231	9331.2	1.1	4.8	0.6796	2.3	0
58	1998	232	16070.4	2.5	6.7	0.7124	3.2	0
58	1998	233	11750.4	1.4	3.7	0.7266	9.9	16.7
58	1998	234	6998.4	-1.5	2.3	0.629	9.5	15.5
58	1998	235	24105.6	-5.5	3.1	0.3862	9	0
58	1998	236	6480	-3.3	3.9	0.5558	11.6	15.3
58	1998	237	10022.4	-3.4	0	0.5018	5.6	1
58	1998	238	24883.2	-2.8	4.6	0.45	6.9	0
58	1998	239	6307.2	-5.3	0.4	0.5002	6.7	10.1
58	1998	240	9158.4	-8	-4.1	0.3736	3.4	0
58	1998	241	8726.4	-7.2	-3	0.41	4.4	0.2
58	1998	242	18835.2	-6.2	-0.3	0.428	5.9	0
58	1998	243	6825.6	-4.9	-0.3	0.4947	5.7	0
58	1998	244	7689.6	-2.5	3.9	0.6299	6.6	0.8
58	1998	245	18748.8	1.9	10.1	0.7104	6.3	17.2
58	1998	246	8294.4	1.7	6.3	0.7806	7.1	20
58	1998	247	19267.2	1.2	7.1	0.6985	7.1	2.2
58	1998	248	5875.2	-3.5	3.8	0.6177	8	30.3
58	1998	249	6739.2	-2.7	-0.3	0.5366	7.4	3.2
58	1998	250	14083.2	-4.4	5.6	0.6062	7.7	12.9
58	1998	251	6307.2	-0.4	3.3	0.6513	3.7	3.9
58	1998	252	21340.8	-0.6	9.1	0.4717	7.6	0
58	1998	253	17280	5.1	11.1	0.7988	6.8	0.4
58	1998	254	5529.6	0.3	5.4	0.7497	8.5	11.1
58	1998	255	5443.2	-6.1	1.7	0.4992	6.2	34.8
58	1998	256	8380.8	-10.5	-5.9	0.3033	5.3	7.4
58	1998	257	5875.2	-9.4	-7.3	0.2998	11.9	13.6
58	1998	258	5270.4	-7.9	-1.7	0.4066	10.6	15.1
58	1998	259	6393.6	-3.5	-1.2	0.5142	8.8	16.7
58	1998	260	5184	-6.7	-3.4	0.399	8.6	44.4
58	1998	261	5702.4	-5.7	-3.9	0.4195	4.7	4.4
58	1998	262	19612.8	-7.3	-1.6	0.2066	5.2	0
58	1998	263	19612.8	-5.3	1	0.381	5	0
58	1998	264	18662.4	-2.2	2	0.4185	6.2	0
58	1998	265	15552	-2.9	2.7	0.5156	4.5	0
58	1998	266	18921.6	-2.9	1.3	0.3919	5.6	0
58	1998	267	18662.4	-0.1	4.9	0.4502	5.3	0
58	1998	268	14774.4	0	4.1	0.4816	6.1	0
58	1998	269	13132.8	-0.8	4.3	0.4922	10.3	0.2
58	1998	270	7084.8	-1.2	2.8	0.6151	7.1	17.3
58	1998	271	5356.8	-3.4	-1	0.52	4.6	6.8
58	1998	272	8899.2	-3.5	-1.2	0.4988	5.8	0.5
58	1998	273	8294.4	-1.8	1.3	0.564	7.2	1.4
58	1998	274	4838.4	-3.5	0	0.5322	6.3	15
58	1998	275	12182.4	-5	-2	0.4579	4.1	0.7
58	1998	276	6134.4	-5.2	-2.7	0.4427	1.8	9.6
58	1998	277	7257.6	-5.1	-3.1	0.4512	5.6	6.8
58	1998	278	4147.2	-4.4	-0.7	0.5066	5.9	8.1
58	1998	279	9158.4	-2.6	0.4	0.5188	8.7	4.2
58	1998	280	4060.8	-4.3	-0.4	0.5142	5.2	11
58	1998	281	7948.8	-4.8	-0.9	0.4856	7.8	0.2
58	1998	282	13392	-5.1	-1.5	0.4312	8.3	0
58	1998	283	11318.4	-5.8	-2.4	0.4196	10.9	0.6
58	1998	284	8294.4	-4.4	-1.8	0.4474	13.5	6.4
58	1998	285	5097.6	-9.3	-2.7	0.375	11.1	28
58	1998	286	7948.8	-10.5	-7.5	0.2291	8	5.5
58	1998	287	3628.8	-7.9	0.7	0.4685	8.7	5.2
58	1998	288	6393.6	-3.3	0.3	0.4599	9.2	4.2
58	1998	289	12614.4	-0.8	1.6	0.5724	7.8	0
58	1998	290	13132.8	-1.6	1.5	0.4261	10.3	2.9
58	1998	291	4147.2	-4.2	-0.2	0.52	7.4	4.5
58	1998	292	3456	-8.1	-4	0.3853	4.3	18
58	1998	293	3369.6	-11.7	-7.5	0.2688	6.8	3.9
58	1998	294	9072	-10.9	1.7	0.2042	12	0
58	1998	295	12182.4	-2	1.7	0.1511	8.8	0
58	1998	296	10972.8	-0.3	3.3	0.3132	9.7	3.7
58	1998	297	8640	-7.5	1	0.3799	13.5	6
58	1998	298	5616	-9.7	0	0.4008	17.7	14.1
58	1998	299	6739.2	-11.6	-8.6	0.2641	12.4	19.2
58	1998	300	3628.8	-12	-7	0.256	16.9	10.9
58	1998	301	3024	-7.2	1.7	0.4942	22.7	1.2
58	1998	302	4492.8	-11.4	2.2	0.3216	14.2	15.7
58	1998	303	5702.4	-14.2	-9.5	0.2222	15.7	17.7
58	1998	304	3628.8	-13.4	-7	0.2563	15.1	3.2
58	1998	305	2851.2	-9.2	-2.9	0.3892	16.4	28.5
58	1998	306	9676.8	-10.6	-4.3	0.2691	14.5	0
58	1998	307	5616	-6.8	-3.8	0.375	15.9	0.3
58	1998	308	2678.4	-10.9	-3.8	0.3521	12.8	14
58	1998	309	6134.4	-13	-10.8	0.2115	11	1.4
58	1998	310	10454.4	-11.9	-8.2	0.2024	11.1	0.1
58	1998	311	10195.2	-12	-1.6	0.1066	4.1	0
58	1998	312	8035.2	-4.6	-1.7	0.1405	9.9	5.4
58	1998	313	2505.6	-4.6	0.1	0.518	11.9	5.9
58	1998	314	2505.6	-6.7	-0.3	0.472	9.7	31.1
58	1998	315	2419.2	-14.8	-6.2	0.2448	4.6	5.9
58	1998	316	8553.6	-15.2	-8.7	0.1641	8.4	1.3
58	1998	317	7171.2	-14.4	-9.3	0.2099	8.5	0
58	1998	318	2678.4	-13.1	-6.4	0.2802	13.2	22.3
58	1998	319	2332.8	-13.8	-12.4	0.2209	11	25.2
58	1998	320	2246.4	-14.7	-12.6	0.2091	8.3	25.8
58	1998	321	2246.4	-19.7	-14.6	0.1563	6.6	4.6
58	1998	322	8899.2	-19.9	-15.1	0.1069	5.2	0
58	1998	323	5702.4	-19.2	-17.6	0.132	5.5	2.7
58	1998	324	2160	-23	-18.9	0.114	3.8	4.3
58	1998	325	6912	-23.5	-18.4	0.1036	6.9	0.1
58	1998	326	8208	-19	-11.9	0.149	13.5	0
58	1998	327	5616	-12.6	-5.3	0.3047	7.7	1.6
58	1998	328	5961.6	-6.4	-3.8	0.3682	8.9	0
58	1998	329	2505.6	-8.7	-6.2	0.332	4.9	2
58	1998	330	2592	-13.5	-8.7	0.2543	5.5	5.7
58	1998	331	1987.2	-14.2	-10.7	0.2329	7.1	9.1
58	1998	332	7862.4	-14.1	-4.9	0.1578	3.7	0
58	1998	333	7516.8	-12.5	-9.6	0.1737	7.4	1.7
58	1998	334	3628.8	-12.4	-9.7	0.2527	9.2	0
58	1998	335	7430.4	-12.1	-7.7	0.1673	7	0
58	1998	336	4924.8	-10.9	-5.5	0.2868	5.8	0
58	1998	337	7344	-11	-8	0.2322	7.6	0
58	1998	338	4838.4	-16	-10.2	0.2008	5.7	7.6
58	1998	339	1987.2	-19.5	-16	0.1501	11.8	18.9
58	1998	340	1987.2	-21.1	-18.9	0.1225	11.6	29.8
58	1998	341	1987.2	-22.9	-19.3	0.1125	9.5	31.4
58	1998	342	6825.6	-20.9	-17.5	0.0951	9.2	0
58	1998	343	6739.2	-18.6	-9.2	0.0669	8.9	2.4
58	1998	344	1900.8	-10.6	-8.4	0.2977	9.6	17.3
58	1998	345	2592	-11.8	-8.5	0.2743	9.7	8.4
58	1998	346	5443.2	-12.7	-2.5	0.3143	9.2	18
58	1998	347	2505.6	-12.4	-2.1	0.3371	15.2	10.1
58	1998	348	1900.8	-12.6	-2.1	0.3521	12.9	5.4
58	1998	349	6220.8	-6.9	-1.1	0.3273	9.1	0
58	1998	350	5702.4	-12.3	-1.1	0.2073	8	3.9
58	1998	351	6652.8	-10.7	-1.6	0.2279	7.6	0
58	1998	352	6652.8	-4.3	-0.2	0.1865	8.8	0
58	1998	353	3369.6	-13.9	-2.6	0.2528	11.5	1.2
58	1998	354	2419.2	-15.7	-11.7	0.1721	7.7	5.7
58	1998	355	2592	-20.5	-11.9	0.1711	5.3	5.1
58	1998	356	4579.2	-20.4	-14.6	0.11	9.3	3.8
58	1998	357	6825.6	-16.6	-6.5	0.0835	5	0
58	1998	358	2592	-12.9	-5.4	0.2295	6.9	1.8
58	1998	359	6825.6	-14.8	-8	0.1357	5.6	0.2
58	1998	360	4924.8	-9.1	-5	0.2271	11.7	0.6
58	1998	361	5443.2	-5.4	-0.5	0.3738	15.1	0
58	1998	362	6652.8	-5.4	0.2	0.2574	8.2	0
58	1998	363	6307.2	-9.7	0.6	0.2225	5.3	0
58	1998	364	6998.4	-6.2	0.5	0.104	8.2	0
58	1998	365	6480	-11	-5.3	0.1754	15.7	0
