*---------------------------------------------------------------------------*
* Station name: ZUGSPITZE                               
* Year: 2005
* Author: Pedro Alencar                                   -999.000: NIL VALUE
* Source: ECAD 
* Comments: 
* Longitude: 47.4219, latitude: 47.4219, altitude: 2964 m.
*
* Column  Daily value
* 1       station number
* 2       year
* 3       day
* 4       irradiation                   (kJ m-2 d-1)
* 5       minimum temperature           (degrees Celsius)
* 6       maximum temperature           (degrees Celsius)
* 7       early morning vapour pressure (kPa)
* 8       mean wind speed (height: 2 m) (m s-1)
* 9       precipitation                 (mm d-1)
*
** WCCDESCRIPTION=GERMANY, ZUGSPITZE                               
** WCCFORMAT=2
** WCCYEARNR=2005
*---------------------------------------------------------------------------*
   47.4219  10.9867    2964.  -0.18 -0.55
58	2005	1	4924.8	-11.2	-7.3	0.2399	8.2	4.1
58	2005	2	1987.2	-16.4	-5.8	0.2465	10.6	27.8
58	2005	3	1987.2	-16.3	-12.1	0.1876	10.6	14.2
58	2005	4	6393.6	-12.1	-5.4	0.1863	9.7	0
58	2005	5	6912	-8.6	-6	0.2086	12.3	2.2
58	2005	6	1987.2	-12.2	-6.7	0.278	12.5	10.7
58	2005	7	7257.6	-11.5	0.1	0.2438	8.1	0
58	2005	8	7430.4	-5.9	1	0.1684	13.9	0
58	2005	9	3456	-8.9	-4	0.2906	12.4	0
58	2005	10	7516.8	-4.3	1.1	0.1467	8	0
58	2005	11	7689.6	-7	-3.3	0.1459	7.8	0
58	2005	12	7603.2	-8.7	-4.2	0.234	7.7	2.2
58	2005	13	3628.8	-15.9	-7.6	0.2414	7.5	3.3
58	2005	14	7862.4	-16.3	-8.6	0.087	9.3	0
58	2005	15	7776	-11	-5.2	0.0365	6.5	0
58	2005	16	8035.2	-5.9	-3.5	0.0863	4.1	0
58	2005	17	8208	-7.1	-2.3	0.1164	6	0
58	2005	18	3974.4	-15.9	-6.8	0.1491	10.1	16.9
58	2005	19	2246.4	-19.2	-15.2	0.1557	8	6.9
58	2005	20	2332.8	-17	-7	0.2439	15.5	10.3
58	2005	21	2332.8	-16	-6.8	0.2509	14.9	47.4
58	2005	22	2332.8	-18.6	-15.4	0.1519	7.8	11.2
58	2005	23	5443.2	-20.6	-16	0.1389	5.9	1.3
58	2005	24	2419.2	-23	-19.3	0.1131	6	42.6
58	2005	25	2764.8	-24.5	-22.7	0.0901	3	22.9
58	2005	26	3628.8	-25.9	-22.6	0.0842	5.4	2.4
58	2005	27	6307.2	-24.7	-20.3	0.0773	5.3	0.2
58	2005	28	6307.2	-24.5	-21.9	0.0812	4.5	0.2
58	2005	29	8467.2	-24.4	-17	0.0929	7.6	0
58	2005	30	9676.8	-19.4	-13.9	0.0815	5.3	0.5
58	2005	31	7171.2	-16.4	-9.5	0.2056	8.8	17.9
58	2005	32	2678.4	-19.9	-12.8	0.1604	8.9	27.5
58	2005	33	2764.8	-19.9	-14.4	0.15	11.2	33.7
58	2005	34	2764.8	-15.9	-11.6	0.2031	8.6	6.7
58	2005	35	10454.4	-12.7	-9.2	0.0849	5.5	0
58	2005	36	10540.8	-14.3	-9.7	0.0488	4.5	0
58	2005	37	9936	-15.2	-11.1	0.12	6.5	0
58	2005	38	10886.4	-14.2	-10.3	0.0932	5.8	0
58	2005	39	9763.2	-14.5	-10.5	0.2132	6.6	0.3
58	2005	40	9936	-13.8	-12.5	0.2022	3.8	0.3
58	2005	41	9331.2	-13.4	-9.7	0.2074	8.6	13.9
58	2005	42	3110.4	-10	-6	0.3315	11.9	17.6
58	2005	43	3196.8	-10.8	-4.5	0.3372	18.2	15.9
58	2005	44	3196.8	-18.9	-10.8	0.1856	11.3	26.7
58	2005	45	3283.2	-19.9	-18	0.1328	8.1	15
58	2005	46	5443.2	-22.4	-17.8	0.1202	5.4	13
58	2005	47	3369.6	-22	-19	0.1173	4.4	10.7
58	2005	48	12614.4	-19.4	-12.4	0.0992	5.7	0
58	2005	49	12700.8	-15.4	-10.7	0.121	3.8	0
58	2005	50	8812.8	-18.2	-13.6	0.1577	9.3	2.3
58	2005	51	8121.6	-19.7	-16.3	0.1455	3.6	11.9
58	2005	52	8553.6	-20.4	-15.5	0.1431	4.6	2.2
58	2005	53	11232	-20.3	-15.4	0.1383	6.1	0
58	2005	54	13132.8	-20.4	-16.9	0.125	5.7	0
58	2005	55	13910.4	-19.5	-15.6	0.1095	7.4	0
58	2005	56	13910.4	-18.5	-12.9	0.1189	3.1	0
58	2005	57	14256	-21.7	-15	0.1037	4	0
58	2005	58	4492.8	-27.7	-21	0.0783	5	6.3
58	2005	59	14774.4	-29.4	-21.1	0.0463	4.9	0
58	2005	60	15379.2	-21.5	-17.4	0.0472	6.1	0
58	2005	61	16070.4	-19.8	-14.4	0.0625	8.6	0
58	2005	62	7430.4	-17.8	-13.8	0.1215	7.6	3.6
58	2005	63	10108.8	-19.8	-16.3	0.1375	5	0.7
58	2005	64	11318.4	-20.8	-17	0.1237	4.5	8.3
58	2005	65	9331.2	-24.7	-20	0.0987	4.9	3.2
58	2005	66	8380.8	-25.4	-19.4	0.0963	7.7	5.9
58	2005	67	4924.8	-19.5	-16.1	0.148	10.8	27.9
58	2005	68	4492.8	-17	-15.4	0.1693	10.4	29.5
58	2005	69	13910.4	-17.8	-12.5	0.1263	7.3	4.5
58	2005	70	16934.4	-13.7	-11.1	0.1016	13	0
58	2005	71	5702.4	-17.9	-13.1	0.1575	13.2	16
58	2005	72	17798.4	-19.2	-9.1	0.1311	10.6	0
58	2005	73	17452.8	-10.6	-7.8	0.1067	13	0.2
58	2005	74	16329.6	-10.1	-6.1	0.3057	9.5	0
58	2005	75	19094.4	-6.9	-1	0.1734	8.6	0
58	2005	76	17539.2	-5.5	-1.8	0.294	12.8	0
58	2005	77	14774.4	-5.1	-2.2	0.4247	8.5	4.3
58	2005	78	5097.6	-4.9	-1.5	0.4827	9.3	8.3
58	2005	79	15724.8	-5.1	-2.9	0.4501	7.1	0
58	2005	80	19958.4	-6.4	-0.6	0.2926	6.1	0
58	2005	81	18921.6	-3	4.2	0.1468	4.8	0.7
58	2005	82	16934.4	-3.8	1.1	0.454	4.1	0.1
58	2005	83	18835.2	-3.3	0.3	0.4271	3.9	2.7
58	2005	84	7516.8	-8.2	-3	0.3706	6.1	9.8
58	2005	85	15984	-7.7	-2.8	0.3351	8.2	0
58	2005	86	13910.4	-5.6	-0.4	0.4214	3.7	36.8
58	2005	87	8726.4	-7.4	-4.1	0.3902	4.5	4.6
58	2005	88	13651.2	-7.4	-3.5	0.3422	4	2.2
58	2005	89	6652.8	-6.3	-3.7	0.4132	3.6	20.9
58	2005	90	7776	-11.6	-5.2	0.3051	3.8	8.1
58	2005	91	22896	-10.2	-6.9	0.1476	5	0
58	2005	92	23155.2	-8.1	-2.2	0.1375	6.6	0
58	2005	93	23241.6	-7.8	-0.6	0.2418	3.5	0
58	2005	94	23414.4	-7.4	0.6	0.2948	3.2	0
58	2005	95	20304	-9	-2.3	0.2809	3.9	0.4
58	2005	96	20390.4	-7.3	0.6	0.358	8.1	0
58	2005	97	10281.6	-5.8	-0.8	0.3833	11	0
58	2005	98	7776	-11.3	-4	0.3303	9.1	9.1
58	2005	99	6393.6	-13.8	-10.5	0.2386	3.4	39.7
58	2005	100	15897.6	-16.6	-11	0.1391	5.7	0.4
58	2005	101	16243.2	-11.5	-4.6	0.2568	10.4	0
58	2005	102	20217.6	-6.1	-3.2	0.4069	6.7	0.7
58	2005	103	11836.8	-7.3	-3.2	0.4095	3.4	0
58	2005	104	20044.8	-6.9	-1	0.3833	4.8	0
58	2005	105	23673.6	-6.9	-0.3	0.3654	6.7	0
58	2005	106	18316.8	-8.4	-3.3	0.324	10.5	0
58	2005	107	18662.4	-11.2	-5.5	0.2769	4.7	25
58	2005	108	6825.6	-8.5	-4.2	0.3499	5.7	4.7
58	2005	109	6912	-9	-4.4	0.3554	4.5	28.3
58	2005	110	6998.4	-10.1	-8.8	0.2959	6.5	32.7
58	2005	111	8640	-15.9	-10.1	0.2205	4.6	8.1
58	2005	112	26438.4	-12.8	-7	0.1529	5.7	0
58	2005	113	17020.8	-9.2	-3.5	0.3271	8.6	0.4
58	2005	114	14342.4	-5.3	-1.7	0.4201	10.6	1.6
58	2005	115	7171.2	-7.4	-3.2	0.3956	11.4	18.7
58	2005	116	11059.2	-7.7	-4	0.3833	8.8	0
58	2005	117	16070.4	-6.1	-0.5	0.436	9.6	7.9
58	2005	118	10281.6	-6.6	-3.3	0.419	8.1	1.7
58	2005	119	8035.2	-4.3	-0.8	0.5016	8.4	0.9
58	2005	120	17539.2	-2	2.8	0.5724	5.5	0
58	2005	121	21772.8	0.7	4.8	0.5881	5.2	0
58	2005	122	26006.4	1.7	8	0.5437	4.8	0.1
58	2005	123	9676.8	-4.3	3.4	0.5677	8.2	19.8
58	2005	124	13392	-6.2	-2.1	0.445	6.8	11.4
58	2005	125	7689.6	-6.8	-4.6	0.3917	5	22
58	2005	126	7689.6	-10.6	-6.6	0.3163	8.7	33.4
58	2005	127	12700.8	-10.2	-5.6	0.3341	11.6	32.5
58	2005	128	11404.8	-12.6	-9.9	0.2487	9.6	8.7
58	2005	129	7776	-10.9	-8.5	0.2784	8.7	12
58	2005	130	10886.4	-9.8	-5.1	0.3355	6.1	5.9
58	2005	131	18835.2	-11.4	-6.8	0.2581	5.3	0.1
58	2005	132	30240	-8.2	1.4	0.2425	6.2	0
58	2005	133	20822.4	-3.9	1.2	0.4263	6.4	0
58	2005	134	16675.2	-5.3	0.5	0.3996	10.3	1.3
58	2005	135	15724.8	-6.3	-1.1	0.4464	7.7	0
58	2005	136	9849.6	-5.1	-0.6	0.4905	7.3	6.9
58	2005	137	20908.8	-8.1	-0.7	0.3926	7.2	20.6
58	2005	138	8121.6	-8.2	-3.1	0.3972	5.2	39.6
58	2005	139	30412.8	-10.4	-1.9	0.2317	4.8	0
58	2005	140	29635.2	-4.2	2.2	0.3351	5.6	0.3
58	2005	141	24105.6	-0.2	5.1	0.5611	6.5	0
58	2005	142	21168	0	6	0.6971	7.8	0
58	2005	143	9676.8	-5.1	0.7	0.5148	6.3	21.3
58	2005	144	27820.8	-5.8	-0.6	0.3958	6	0
58	2005	145	31276.8	-3.1	5.7	0.3624	4.2	0
58	2005	146	28252.8	3.8	10.5	0.5666	3.5	0
58	2005	147	30931.2	4	12.2	0.5073	3	0
58	2005	148	30067.2	5.2	9	0.6655	3.6	0
58	2005	149	26092.8	5.2	11.1	0.6174	4.1	0
58	2005	150	22636.8	-2.5	9.1	0.6502	5.2	12.6
58	2005	151	25833.6	-5.6	-0.6	0.4085	7.3	0
58	2005	152	18662.4	-6.2	-0.4	0.4456	6.8	0
58	2005	153	17712	-2.5	3.3	0.5346	6.8	0
58	2005	154	30585.6	1.1	11.2	0.51	5.8	2.8
58	2005	155	8553.6	-2.1	2.9	0.6227	7.7	9
58	2005	156	10454.4	-4.4	-1.9	0.4797	6.4	2.9
58	2005	157	8899.2	-3.8	-2.3	0.4833	5.3	15.3
58	2005	158	7344	-11.3	-3.2	0.3513	5.8	14.2
58	2005	159	8553.6	-11	-7.6	0.2964	3.4	7.9
58	2005	160	7430.4	-10.4	-7.8	0.3042	2.8	9.2
58	2005	161	10195.2	-9.1	-5	0.3532	3.1	0.4
58	2005	162	12009.6	-6.5	-1	0.4355	6.4	0
58	2005	163	17193.6	-3.2	0.9	0.5506	12.4	6.6
58	2005	164	21859.2	-0.9	3.2	0.5245	10.1	0.2
58	2005	165	16761.6	0.3	4	0.6206	6.4	8.6
58	2005	166	9331.2	-1.2	2.8	0.641	3.6	10.2
58	2005	167	24278.4	-1.1	6.3	0.5966	3.8	0
58	2005	168	8208	1	4.1	0.7266	4.2	0.5
58	2005	169	17107.2	2.8	6	0.7276	4.6	0
58	2005	170	31190.4	4.2	8.5	0.3447	3.8	0
58	2005	171	31536	4.1	9.3	0.4905	3.5	0
58	2005	172	28425.6	4.9	7.3	0.6024	3.7	0
58	2005	173	15897.6	4.4	8	0.7866	4.2	0.2
58	2005	174	28252.8	4.7	12.3	0.8097	4.2	0
58	2005	175	28339.2	6.4	12.7	0.7977	4.5	0
58	2005	176	21772.8	3.9	10.9	0.813	3.6	9.4
58	2005	177	14947.2	2.7	8.1	0.8877	5.1	0
58	2005	178	18230.4	4.9	8.2	0.7961	5.8	0
58	2005	179	16848	5.9	9.1	0.829	5.7	0
58	2005	180	18662.4	2.6	8.7	0.6843	8	8
58	2005	181	9936	1.5	4.5	0.7502	6.3	12.8
58	2005	182	7430.4	-2.7	2.7	0.6049	8.1	9.2
58	2005	183	7430.4	-3.3	1.1	0.5582	6	3.8
58	2005	184	26092.8	0.4	9	0.7515	4	0
58	2005	185	23846.4	3	9.9	0.6653	6.8	17.2
58	2005	186	9590.4	-6.1	2.9	0.5272	6.3	10.2
58	2005	187	19785.6	-7.4	2	0.461	7	3.5
58	2005	188	8035.2	-4.9	1	0.5138	7.5	6.7
58	2005	189	11145.6	-4.6	0	0.5058	3.1	5.3
58	2005	190	19699.2	-3.2	0.4	0.5185	4.2	1.2
58	2005	191	7257.6	-2.8	1	0.5722	4.4	31.6
58	2005	192	7257.6	-0.5	1.6	0.6359	4.5	51.4
58	2005	193	8812.8	0.2	2.9	0.6765	4.3	3.8
58	2005	194	27302.4	0.4	7.3	0.6196	5.6	0
58	2005	195	29462.4	1.7	9.2	0.6029	3.9	0
58	2005	196	23846.4	4.2	10.1	0.7487	6.6	0
58	2005	197	17971.2	4	7.4	0.7874	9.7	0.9
58	2005	198	21340.8	3.4	8	0.7599	8.6	0
58	2005	199	20649.6	0.5	13.6	0.6732	8.2	24.7
58	2005	200	9590.4	-0.4	1.9	0.6387	8	1.6
58	2005	201	25228.8	-1.6	5.1	0.6239	8.6	4.7
58	2005	202	10886.4	-2.1	1.1	0.5833	8.7	0.4
58	2005	203	8899.2	-1.1	2	0.625	6.9	5
58	2005	204	11491.2	-1.9	2.3	0.6013	7	0.1
58	2005	205	7689.6	-1	4.3	0.6057	10	2.2
58	2005	206	18921.6	3.9	8.4	0.7934	11.6	11.9
58	2005	207	13824	3.9	9.1	0.9289	7.9	0.6
58	2005	208	24710.4	4.6	11.3	0.8655	6.8	4.2
58	2005	209	29289.6	8.7	16.3	0.8833	5.5	0
58	2005	210	24278.4	6.4	15.8	0.7922	8.1	2.1
58	2005	211	16502.4	1.1	8.8	0.8691	6.7	5.1
58	2005	212	8640	0	4.8	0.6971	3.4	0.8
58	2005	213	22723.2	0.3	8.4	0.7084	5.6	7.4
58	2005	214	9158.4	3.3	6.3	0.8428	7.4	24.4
58	2005	215	6652.8	-1.9	3.6	0.6498	5.5	13
58	2005	216	6652.8	-4.3	-1	0.4979	5.8	2.2
58	2005	217	21600	-4.5	2.1	0.5206	4.9	2.5
58	2005	218	7257.6	-3.2	1.5	0.5743	8.8	6.5
58	2005	219	6566.4	-6.2	-2.9	0.4318	6.4	24.8
58	2005	220	11232	-7.2	-2.9	0.4158	6.3	3.6
58	2005	221	24796.8	-4.8	0.6	0.4714	9.3	0
58	2005	222	14342.4	-0.4	2.3	0.6021	10.2	0.4
58	2005	223	10454.4	-2.1	3.9	0.6326	7.3	0
58	2005	224	19612.8	-2.3	6.1	0.6166	3.9	0.4
58	2005	225	6307.2	-1.2	1.6	0.6137	6.6	0.9
58	2005	226	16070.4	-3.5	4	0.5724	9.1	19.6
58	2005	227	6220.8	-5.3	-2.3	0.4569	5.6	32.3
58	2005	228	6220.8	-2.5	-0.3	0.5516	5.3	12.7
58	2005	229	23932.8	-0.5	7.2	0.6913	6.9	0
58	2005	230	25401.6	2.8	8.6	0.65	5	0
58	2005	231	19785.6	2.4	9.8	0.8377	3.3	40.1
58	2005	232	7689.6	-0.7	4.5	0.6586	3.9	7.9
58	2005	233	5961.6	0.4	2.5	0.6784	3.9	29.1
58	2005	234	5961.6	0.2	2.5	0.6736	5	45.8
58	2005	235	5875.2	-1.5	1.9	0.6137	7.4	7.5
58	2005	236	13478.4	-1.2	3.2	0.6306	4.1	0
58	2005	237	14169.6	1.1	6.4	0.6312	11	5.9
58	2005	238	9331.2	1	4.3	0.7318	7.7	0.3
58	2005	239	16761.6	-0.6	6.4	0.6546	5.7	5.7
58	2005	240	6998.4	-0.1	3.6	0.6863	5.1	2.1
58	2005	241	19267.2	2.2	8.7	0.6659	4.3	0
58	2005	242	19180.8	4.5	11.5	0.8255	2.6	0
58	2005	243	18576	4.9	11	0.8121	3	0
58	2005	244	17712	4.3	9.3	0.7013	4.2	0.3
58	2005	245	17107.2	3.6	7.3	0.6749	3.1	26.9
58	2005	246	16243.2	2.5	9.2	0.5551	2.3	1.5
58	2005	247	22032	2.3	8.4	0.5719	2	0
58	2005	248	18921.6	1.8	6.3	0.6202	5.8	0
58	2005	249	22204.8	2.8	7.2	0.5581	5.8	0
58	2005	250	20131.2	3	9.7	0.6512	5.3	0
58	2005	251	19180.8	3.3	8.1	0.824	6.5	0.3
58	2005	252	12096	2.4	6.2	0.7723	7.4	2.8
58	2005	253	5529.6	1.2	3.3	0.7112	5.3	2.5
58	2005	254	12009.6	1.6	5.1	0.7224	5.3	4.7
58	2005	255	12787.2	-0.7	2.5	0.6065	3.2	2.2
58	2005	256	12873.6	-0.8	6	0.5671	2.7	0
58	2005	257	13305.6	0.6	4.5	0.6605	4.9	0
58	2005	258	17452.8	-0.6	5.7	0.5798	8.6	0
58	2005	259	17712	-0.2	6.5	0.5284	9.2	9.1
58	2005	260	5184	-7.4	-0.3	0.4552	2.9	10.9
58	2005	261	11404.8	-7.2	-0.5	0.4414	9	0.3
58	2005	262	13392	-1.2	3.2	0.5517	6.9	0.2
58	2005	263	14515.2	-6	0.1	0.3541	4.4	0
58	2005	264	17539.2	-3.9	4.5	0.4808	4.2	0
58	2005	265	14601.6	-1	3.8	0.5138	2.1	0
58	2005	266	15552	-0.9	5.3	0.5154	3.3	0
58	2005	267	18316.8	-2.4	5.6	0.3635	4.1	0
58	2005	268	12355.2	-0.2	5.1	0.6048	4.2	0
58	2005	269	13996.8	0	5.2	0.6334	3.4	2.2
58	2005	270	4579.2	-2.1	1.3	0.5935	7.2	7.1
58	2005	271	8208	-1.1	1.4	0.6177	6.3	8.5
58	2005	272	5011.2	-7.5	0.3	0.4638	7.2	22.5
58	2005	273	8985.6	-10.6	-6.4	0.2737	6.2	0.1
58	2005	274	4406.4	-7.7	1.6	0.4686	7.3	18.3
58	2005	275	4320	-6.9	-0.4	0.4621	4.2	20.8
58	2005	276	6566.4	-5.4	-0.8	0.4474	8.1	0.6
58	2005	277	8294.4	-3.8	0	0.521	9.5	0.3
58	2005	278	11318.4	-2	0.3	0.5513	8	0.3
58	2005	279	13737.6	-1.4	1.2	0.5338	8.5	0
58	2005	280	11059.2	-2.3	0.8	0.4917	9.1	0
58	2005	281	13737.6	-1.5	2.9	0.5528	4.1	0
58	2005	282	12873.6	-2.9	2.4	0.486	4.4	0
58	2005	283	15379.2	0.2	5.1	0.2291	4.4	0
58	2005	284	13046.4	-3.6	0.6	0.4161	4.3	0
58	2005	285	14947.2	-3.7	1.3	0.1959	5.5	0
58	2005	286	14428.8	-3.2	2	0.2573	4.6	0
58	2005	287	14601.6	-1.6	4.6	0.1906	3.2	0
58	2005	288	14169.6	1.6	7.6	0.2459	3.2	0
58	2005	289	13996.8	-1.1	3.7	0.3289	4.2	0
58	2005	290	13910.4	-1.3	2.7	0.1607	4.1	0
58	2005	291	13651.2	-0.6	4.5	0.1547	2.9	0
58	2005	292	11145.6	0.2	6.3	0.3239	5.2	0
58	2005	293	4752	-0.3	2.5	0.5954	5.9	0
58	2005	294	11750.4	-2	3.3	0.4739	6.1	0
58	2005	295	11059.2	-1.4	4	0.5034	6.2	0
58	2005	296	6480	-3.5	0.8	0.4982	9	7.7
58	2005	297	11059.2	-4.7	1.7	0.3614	11	0
58	2005	298	9244.8	-0.6	3.8	0.2332	10.7	0
58	2005	299	8553.6	-1.2	5	0.5675	9.5	0
58	2005	300	12009.6	4.4	10	0.3147	6.6	0
58	2005	301	11836.8	5	9.9	0.2892	6.2	0
58	2005	302	11750.4	3.6	8.7	0.2456	6.1	0
58	2005	303	11491.2	2.8	9.4	0.2541	4.7	0
58	2005	304	11318.4	1.3	7.5	0.485	5	0
58	2005	305	2851.2	-3.7	4.9	0.5424	6.1	6.3
58	2005	306	6480	-5.9	1.8	0.4522	7.7	0
58	2005	307	7948.8	-0.8	3.5	0.5321	7.6	0.2
58	2005	308	5184	-2.2	4.3	0.3626	8	0
58	2005	309	2678.4	-6	-1	0.4437	3.6	5.5
58	2005	310	2592	-5.8	-1.2	0.4484	4.5	2.4
58	2005	311	9676.8	-5.9	-0.5	0.2703	5.7	0
58	2005	312	10022.4	-2.4	2.6	0.2462	5.9	0
58	2005	313	9849.6	-3.4	1.9	0.2545	5	0
58	2005	314	9676.8	-4.8	0.3	0.2694	6.6	0
58	2005	315	9676.8	-4	2.5	0.1909	6.6	0
58	2005	316	9417.6	-2.4	0.9	0.1735	7.5	0
58	2005	317	9072	-2.4	2.8	0.2604	3.3	0
58	2005	318	9331.2	-1.9	4.1	0.1323	3.9	0
58	2005	319	8899.2	-4.9	-0.7	0.3083	9.5	1.6
58	2005	320	2246.4	-13.5	-4.7	0.3042	9.1	19.9
58	2005	321	7257.6	-16.9	-13.4	0.1697	4	2
58	2005	322	2246.4	-17.4	-15.7	0.151	3.8	14
58	2005	323	6998.4	-20.2	-17.2	0.1133	4.9	0.9
58	2005	324	6048	-18.1	-12	0.1445	7.1	12.9
58	2005	325	2160	-17.8	-11.5	0.1926	2.2	41.9
58	2005	326	6825.6	-19.2	-17.2	0.1328	2.5	15.7
58	2005	327	8208	-20.3	-15	0.1101	7.6	0.4
58	2005	328	6652.8	-18.6	-14.5	0.1376	6.8	3.2
58	2005	329	2073.6	-18.9	-13	0.1764	12.5	6.4
58	2005	330	3715.2	-17.5	-13.1	0.1285	8.4	1.3
58	2005	331	6825.6	-18.2	-13.8	0.1458	6.8	0
58	2005	332	4492.8	-18	-14.7	0.1536	13.2	0
58	2005	333	1987.2	-15.2	-12.3	0.182	11.1	0.6
58	2005	334	6220.8	-15.4	-10.5	0.1875	2.3	0.4
58	2005	335	7430.4	-12.7	-6.1	0.066	3.7	0
58	2005	336	6912	-9.8	-5	0.1614	12.5	0
58	2005	337	2332.8	-11.6	-7.5	0.2906	9.8	11.5
58	2005	338	4838.4	-11.5	-7.4	0.2511	16.9	2.1
58	2005	339	2678.4	-12.6	-9.2	0.2531	6.3	11.8
58	2005	340	1987.2	-15.3	-11.4	0.2033	4.5	13.4
58	2005	341	2246.4	-15.9	-14.4	0.1735	6.6	13.6
58	2005	342	5270.4	-16	-12.6	0.178	7.5	4.8
58	2005	343	5097.6	-15.2	-10.3	0.1883	4.5	0.8
58	2005	344	6998.4	-13.7	-9	0.0771	6.6	0
58	2005	345	6998.4	-11.4	-4.3	0.105	10.2	0
58	2005	346	6652.8	-6.3	-1.9	0.2121	8	5.8
58	2005	347	5702.4	-10	-5.2	0.3281	6.7	0.1
58	2005	348	6825.6	-14.9	-6.9	0.1039	5.6	0
58	2005	349	6566.4	-14.6	-7.5	0.1553	8.3	6.6
58	2005	350	1900.8	-15.9	-9.1	0.2343	16.3	58.1
58	2005	351	1900.8	-21.6	-15.5	0.1346	3.7	51.7
58	2005	352	1900.8	-22.4	-19.7	0.1061	7.8	14.7
58	2005	353	2937.6	-20	-11.3	0.1737	9.1	8
58	2005	354	5961.6	-15.9	-11.2	0.1484	7.7	0
58	2005	355	6220.8	-15.8	-6.8	0.1239	6.1	0
58	2005	356	1900.8	-12.9	-8.3	0.2074	8.7	27
58	2005	357	1900.8	-12.2	-6.5	0.2922	8.1	9.8
58	2005	358	5616	-9.7	-5.6	0.3269	8.6	0
58	2005	359	6739.2	-16.1	-9.5	0.1601	6.5	0
58	2005	360	4579.2	-18.9	-14.8	0.144	3.7	1.3
58	2005	361	5529.6	-19.3	-16.1	0.1264	4.6	0.2
58	2005	362	3024	-24.4	-19.3	0.0989	4.8	3.9
58	2005	363	4406.4	-24.7	-23.1	0.0807	6.1	0
58	2005	364	6912	-24.1	-8.7	0.1138	6.6	10.3
58	2005	365	4233.6	-9.8	-6.6	0.2967	13.8	5.9
