*---------------------------------------------------------------------------*
* Station name: ZUGSPITZE                               
* Year: 2004
* Author: Pedro Alencar                                   -999.000: NIL VALUE
* Source: ECAD 
* Comments: 
* Longitude: 47.4219, latitude: 47.4219, altitude: 2964 m.
*
* Column  Daily value
* 1       station number
* 2       year
* 3       day
* 4       irradiation                   (kJ m-2 d-1)
* 5       minimum temperature           (degrees Celsius)
* 6       maximum temperature           (degrees Celsius)
* 7       early morning vapour pressure (kPa)
* 8       mean wind speed (height: 2 m) (m s-1)
* 9       precipitation                 (mm d-1)
*
** WCCDESCRIPTION=GERMANY, ZUGSPITZE                               
** WCCFORMAT=2
** WCCYEARNR=2004
*---------------------------------------------------------------------------*
   47.4219  10.9867    2964.  -0.18 -0.55
58	2004	1	6566.4	-12.5	-7.1	0.2384	5.3	1.8
58	2004	2	5702.4	-15.7	-10.2	0.2146	4.2	0
58	2004	3	7084.8	-14.2	-10.8	0.0609	5.1	0
58	2004	4	2764.8	-18.4	-10.8	0.1066	9.2	20.7
58	2004	5	1987.2	-16.2	-12.2	0.2039	10.2	12.6
58	2004	6	5616	-12.5	-6.5	0.2947	8.2	21.5
58	2004	7	1987.2	-12.3	-6.8	0.2847	7.7	10.2
58	2004	8	6566.4	-12.1	-5.4	0.2053	7.7	6.4
58	2004	9	2073.6	-13.3	-6.2	0.2919	11.1	29.7
58	2004	10	3196.8	-15.1	-11.5	0.2195	10.2	9.6
58	2004	11	3628.8	-12.7	-4.5	0.3131	14.8	3.9
58	2004	12	2419.2	-10.5	-6	0.3284	17.5	26.7
58	2004	13	2160	-10.9	-3.6	0.3513	22.8	29.9
58	2004	14	5702.4	-14.3	-5.8	0.2651	13.7	9.7
58	2004	15	2160	-17.2	-12.3	0.193	11.3	16.7
58	2004	16	2505.6	-17.2	-9.6	0.1829	18.3	0.7
58	2004	17	3542.4	-14.2	-9.2	0.2449	12.2	13.2
58	2004	18	2246.4	-16.5	-12.9	0.182	4.5	9.4
58	2004	19	6480	-17.2	-8.7	0.1355	8.2	2.3
58	2004	20	2332.8	-17.4	-8.6	0.225	10.1	37.7
58	2004	21	2332.8	-19.8	-16.6	0.1459	9.6	12.8
58	2004	22	7430.4	-21	-16.1	0.0921	8.8	0
58	2004	23	8726.4	-16.6	-13.4	0.084	5.9	0
58	2004	24	6739.2	-16.3	-10.3	0.1668	8.6	12.3
58	2004	25	2419.2	-18.7	-12.5	0.1798	6.2	4.7
58	2004	26	5011.2	-18.8	-10.2	0.1572	10.9	3.3
58	2004	27	2851.2	-18.5	-12	0.1795	6.4	6.4
58	2004	28	3283.2	-20.5	-18.4	0.1311	8.1	6
58	2004	29	3196.8	-22.3	-19	0.1158	11.4	14.1
58	2004	30	9590.4	-22.3	-9.3	0.1215	13.4	0
58	2004	31	9504	-9.8	-3.4	0.1716	15.2	0
58	2004	32	8726.4	-7.5	-3.5	0.1745	15.9	0
58	2004	33	7257.6	-7.4	-3.8	0.2497	13.6	0.8
58	2004	34	8726.4	-8.1	-0.8	0.1978	8.8	0
58	2004	35	7862.4	-2.3	0.3	0.0909	8.5	0
58	2004	36	10454.4	-4.2	0.1	0.1472	11.2	0
58	2004	37	9849.6	-4.2	0.3	0.2066	13.6	0
58	2004	38	2937.6	-13.6	-3.4	0.2834	12.8	14.8
58	2004	39	3024	-16.6	-12.7	0.1965	15.4	27.9
58	2004	40	3888	-19.4	-16.5	0.1476	10.5	6
58	2004	41	10281.6	-18.5	-12.3	0.1385	9.9	2.5
58	2004	42	3110.4	-14.6	-11.6	0.2209	11.1	28.4
58	2004	43	3196.8	-17	-11.4	0.2019	9.1	11.3
58	2004	44	3196.8	-12.2	-8.5	0.2784	6.9	0
58	2004	45	11664	-11.2	-7.2	0.2134	7.5	0
58	2004	46	12096	-11.4	-7.8	0.1861	7.9	0
58	2004	47	10281.6	-11.9	-6	0.1679	5.9	0
58	2004	48	12614.4	-10.7	-3.8	0.149	5.8	0.3
58	2004	49	3456	-17.2	-10	0.2099	5.7	3.9
58	2004	50	5184	-17.7	-13	0.1836	14.1	0
58	2004	51	12960	-13	-5	0.2601	14.6	0
58	2004	52	3628.8	-8.4	-4.4	0.3524	16.3	0
58	2004	53	4665.6	-5.5	-3	0.4328	11	0.5
58	2004	54	3715.2	-21.2	-4.9	0.2084	5.6	16.2
58	2004	55	7776	-23	-15	0.1199	4.5	5.1
58	2004	56	14083.2	-16.4	-10	0.1394	13.2	0
58	2004	57	11577.6	-18.3	-12.4	0.1576	6.1	0.8
58	2004	58	7430.4	-22.9	-16	0.1193	4.4	1.1
58	2004	59	9417.6	-23.1	-14	0.068	4.8	1.5
58	2004	60	4579.2	-22.4	-18.6	0.1149	4.2	13.2
58	2004	61	6134.4	-22.6	-19.4	0.1146	4.4	0.7
58	2004	62	4579.2	-20.4	-14.7	0.1342	6.8	10.4
58	2004	63	14860.8	-17.5	-12.9	0.1634	9.2	0
58	2004	64	13651.2	-15.6	-13.2	0.1565	9.1	0
58	2004	65	16588.8	-14.5	-8.3	0.1229	6	0
58	2004	66	5097.6	-12.4	-7.7	0.2851	7	3.9
58	2004	67	4924.8	-16.7	-11.4	0.19	3.9	8.4
58	2004	68	4492.8	-17.7	-15.6	0.1564	3.3	21.5
58	2004	69	13824	-19.8	-17	0.1148	3	0
58	2004	70	15120	-18.2	-13.2	0.1351	8.4	0
58	2004	71	10713.6	-15.3	-10.2	0.2158	13.3	1.5
58	2004	72	15811.2	-13.7	-2.9	0.1832	10	0
58	2004	73	14947.2	-5.6	-1	0.3498	11.9	0
58	2004	74	10800	-6.6	-3.9	0.3847	12.2	0
58	2004	75	19094.4	-7.6	-2.2	0.2294	8.4	0
58	2004	76	19008	-4.4	1.7	0.2048	6.6	0
58	2004	77	19353.6	-1.7	2.4	0.1692	6.8	0
58	2004	78	18835.2	-2.7	3.1	0.2356	5.7	0
58	2004	79	17280	-5.6	-0.3	0.3639	7.5	0.4
58	2004	80	5702.4	-5.7	-1	0.4344	16.3	0.8
58	2004	81	18057.6	-11.8	-0.9	0.2168	13.1	5.9
58	2004	82	10022.4	-13.5	-9.1	0.2451	6.9	11.9
58	2004	83	5443.2	-13.9	-11.8	0.2209	2.7	100.9
58	2004	84	5443.2	-14.8	-13.6	0.2019	6.1	34.7
58	2004	85	6652.8	-16.4	-12	0.1978	4.7	4.3
58	2004	86	14688	-17.6	-13.5	0.1788	3.3	0.5
58	2004	87	21513.6	-17	-12.2	0.1697	6.2	0
58	2004	88	21859.2	-14.1	-4.3	0.1981	5.9	0
58	2004	89	22464	-8.8	0.7	0.0951	4	0
58	2004	90	22204.8	-4.2	0.8	0.1619	7.5	0
58	2004	91	18921.6	-6.4	-0.9	0.3501	5.8	0
58	2004	92	21254.4	-7	-0.9	0.4198	6.1	0
58	2004	93	22982.4	-6.1	0.4	0.2874	9.4	0
58	2004	94	12960	-5.3	-1.2	0.4376	7.4	0.3
58	2004	95	15724.8	-6.9	-3.2	0.3906	8.3	9
58	2004	96	6220.8	-10.5	-6.2	0.3226	9.8	9.4
58	2004	97	8208	-13.6	-8.9	0.2487	11.8	7.3
58	2004	98	7776	-14.9	-12.8	0.1994	7.4	9.5
58	2004	99	11923.2	-15.5	-7.7	0.2469	7.4	1.6
58	2004	100	15206.4	-14.1	-8.6	0.2467	6.4	11.9
58	2004	101	13392	-11.5	-5.2	0.3226	4.1	21.9
58	2004	102	9244.8	-11.9	-6.4	0.303	3.8	10.5
58	2004	103	18921.6	-12.9	-8	0.232	6.6	5.1
58	2004	104	7948.8	-11.5	-7.9	0.2931	4.7	3.3
58	2004	105	24278.4	-12	-4.9	0.2586	7.7	0
58	2004	106	17280	-8	-5	0.3459	7	1
58	2004	107	24969.6	-8.5	-1.5	0.3162	5.7	0
58	2004	108	11318.4	-6	-2.9	0.4131	1.7	1
58	2004	109	17107.2	-5.7	-2.4	0.4212	6.8	2
58	2004	110	7948.8	-11.9	-5	0.3071	5.7	8.3
58	2004	111	24192	-10.7	-4.6	0.2752	5.2	0.1
58	2004	112	26352	-7.1	1.2	0.3443	5	0
58	2004	113	26524.8	-3.3	6.4	0.4305	3.6	0
58	2004	114	15379.2	-4	1.2	0.5185	2.5	19.4
58	2004	115	9417.6	-10.8	-3.2	0.3582	5	9
58	2004	116	7257.6	-11.4	-8.1	0.289	3.5	3.5
58	2004	117	28166.4	-10.5	-1.6	0.3269	8.1	0
58	2004	118	20044.8	-4.9	1.3	0.482	4	0.4
58	2004	119	20131.2	-4.2	1.3	0.4616	7.2	0
58	2004	120	26956.8	-4.4	0.8	0.407	10	0
58	2004	121	15984	-4.8	1.8	0.4654	8.3	0.1
58	2004	122	16848	-4.6	0.8	0.4997	2.7	3.5
58	2004	123	14428.8	-5.5	-1.3	0.4708	3.3	2.7
58	2004	124	20476.8	-6.2	-1.3	0.4308	8.2	0
58	2004	125	7689.6	-4.2	0	0.5029	8.9	0
58	2004	126	7689.6	-7.6	-2.7	0.4126	10.4	5.1
58	2004	127	10800	-9.9	-2.8	0.3575	6.5	3.3
58	2004	128	12355.2	-11.2	-7.2	0.2896	6.9	5.4
58	2004	129	19440	-11.8	-5.1	0.3104	6	2.9
58	2004	130	10022.4	-9.4	-8	0.3107	9.2	10.2
58	2004	131	7862.4	-9.4	-4.4	0.3646	4.9	0.5
58	2004	132	15897.6	-7.5	-1.8	0.4069	3.6	0.1
58	2004	133	22118.4	-5.9	-0.3	0.4426	3.8	31.6
58	2004	134	13305.6	-8	-4.7	0.3727	3.7	12.3
58	2004	135	14947.2	-8.2	-1.5	0.4008	2.9	0.6
58	2004	136	20995.2	-7.6	-1.1	0.4118	3.4	6.2
58	2004	137	8121.6	-9.6	-3.5	0.3633	7.7	18
58	2004	138	27216	-7.5	-0.9	0.3807	6.9	0
58	2004	139	28252.8	-2.3	1	0.4662	5.7	0
58	2004	140	21513.6	-1.8	1.2	0.538	6.9	0
58	2004	141	28425.6	-1.7	5.4	0.4957	5.4	2
58	2004	142	9590.4	-3.1	1.3	0.5493	7	11.4
58	2004	143	9676.8	-10	-1.2	0.3907	3.4	1.7
58	2004	144	12787.2	-13.2	-9.8	0.2412	6.9	12.9
58	2004	145	29721.6	-14.2	-3.6	0.231	4.1	0
58	2004	146	27734.4	-8.8	-1.1	0.2624	5.9	0
58	2004	147	21513.6	-3.9	-0.3	0.4348	5.5	0
58	2004	148	8380.8	-3.9	-1.5	0.496	6.5	7.8
58	2004	149	12182.4	-7.6	-3.6	0.3947	3.5	3.8
58	2004	150	29376	-7.9	2.1	0.3604	4	0
58	2004	151	29808	-2.7	3.8	0.3052	3.2	0
58	2004	152	10281.6	-5.4	1.4	0.4855	5.3	4
58	2004	153	15724.8	-5.5	2.2	0.4982	4.3	15.7
58	2004	154	7344	-4.5	-2.7	0.4638	5.6	16.3
58	2004	155	7344	-4.3	-2.5	0.466	7.1	56.9
58	2004	156	9590.4	-3.3	-0.1	0.5341	3.5	17.5
58	2004	157	7344	-5.2	-1.8	0.472	6.5	28.5
58	2004	158	18144	-5.6	0.9	0.4525	3.7	0.1
58	2004	159	27475.2	-1.3	3.1	0.4043	4.5	0
58	2004	160	30412.8	2.2	6	0.4831	5.3	0
58	2004	161	30067.2	3.7	11.7	0.6513	4.6	0
58	2004	162	27907.2	3.6	9.7	0.7919	5.1	0
58	2004	163	14169.6	0	5.2	0.6702	7.9	7.4
58	2004	164	7430.4	-4.5	0.4	0.5205	7.1	19.2
58	2004	165	8640	-5.7	-3.7	0.427	4.3	12.2
58	2004	166	20131.2	-5	0.4	0.4697	5.3	0
58	2004	167	16416	-3.1	5.6	0.3009	4.7	1.7
58	2004	168	10540.8	-6.4	1.7	0.5142	6.8	4.5
58	2004	169	28339.2	-5.5	3.5	0.4374	6.9	0.1
58	2004	170	10540.8	-1.8	0.4	0.5748	12.1	3.7
58	2004	171	19353.6	-2	3.5	0.6064	8.3	5.7
58	2004	172	7430.4	-6.1	-1.9	0.441	4.7	15.1
58	2004	173	14342.4	-6.5	0.1	0.4586	5.3	1
58	2004	174	15552	-1.2	2.2	0.6145	8.3	4.4
58	2004	175	17625.6	0.1	5.3	0.6083	11.2	6.6
58	2004	176	23155.2	-0.6	3.7	0.6423	8.2	0.8
58	2004	177	9676.8	-2.7	0.3	0.5541	6.7	5.6
58	2004	178	29635.2	-5.3	3.5	0.4349	7.6	0.1
58	2004	179	15292.8	2.2	6.2	0.6927	10.4	6.2
58	2004	180	11318.4	2.8	5.6	0.8246	8.9	1.2
58	2004	181	10540.8	-0.7	3	0.6573	6.3	0
58	2004	182	31104	-1	8	0.5181	6.9	0
58	2004	183	15206.4	0.3	5.7	0.6895	8.6	2.7
58	2004	184	8553.6	-2.4	0.3	0.5659	7.7	2.4
58	2004	185	21600	-4	2.6	0.5632	7.3	0
58	2004	186	27043.2	-2.5	6.4	0.6047	8.6	0.2
58	2004	187	19785.6	1.5	5.9	0.6608	10.5	7.6
58	2004	188	10454.4	1.6	4.2	0.7148	8.6	2.4
58	2004	189	20736	3.1	8.1	0.7001	10.6	0
58	2004	190	24451.2	0.8	8.4	0.6615	13.2	18.7
58	2004	191	13564.8	-3.4	2	0.5748	5.8	0.4
58	2004	192	12528	-4.4	-1.5	0.482	4.9	15.1
58	2004	193	11059.2	-5.9	-3.3	0.4172	7.3	5.5
58	2004	194	9763.2	-5	-2.4	0.4464	6.1	9.7
58	2004	195	7257.6	-4.7	-2.3	0.4531	5.1	9.1
58	2004	196	8380.8	-4.1	-0.1	0.5029	5.7	0
58	2004	197	7171.2	-2.2	3.5	0.6277	8.7	0
58	2004	198	22982.4	2.8	8.4	0.8274	5.8	0.9
58	2004	199	24364.8	3	9.1	0.6941	5.1	43.2
58	2004	200	22464	3.3	8.3	0.8297	5.7	44.8
58	2004	201	16675.2	3.2	8.5	0.8326	5.4	0.5
58	2004	202	22032	3.6	10.6	0.7864	9.3	12.3
58	2004	203	24278.4	4.4	10.9	0.8061	5	1.1
58	2004	204	20908.8	4.8	11.1	0.8762	6.4	1.2
58	2004	205	15292.8	3.5	8.5	0.7572	6.6	8.2
58	2004	206	6998.4	2.5	5.4	0.7941	3.4	28.1
58	2004	207	22032	-0.9	6.7	0.6847	3.3	0
58	2004	208	11750.4	-3.5	2.7	0.5935	5.7	9.1
58	2004	209	8726.4	-3.3	0	0.5415	3.7	0
58	2004	210	29894.4	-3.7	4.5	0.2076	5.3	0
58	2004	211	29376	2	8.1	0.3763	6.4	0
58	2004	212	18576	2.4	6.5	0.7637	5.3	0
58	2004	213	23068.8	3.2	10.3	0.8268	3.8	0
58	2004	214	17884.8	3.4	8.3	0.8511	4.8	0
58	2004	215	13737.6	3.8	7.7	0.9095	6.1	0
58	2004	216	14774.4	3.8	7.1	0.8098	5.6	0
58	2004	217	19526.4	3.6	9.2	0.7783	3.5	0
58	2004	218	19699.2	5	10.3	0.8899	3.9	13.5
58	2004	219	16502.4	2.8	8.4	0.8729	2.7	0
58	2004	220	13305.6	3.3	10.6	0.7984	2.5	20.5
58	2004	221	20217.6	3.5	8.2	0.7216	3.4	6.1
58	2004	222	23500.8	3.3	9.9	0.8086	3.4	0
58	2004	223	23155.2	5.2	13.6	0.825	5.4	0
58	2004	224	11232	6.1	9.9	1.0078	4.1	9.6
58	2004	225	20908.8	0.1	10.7	0.7981	6.4	19.9
58	2004	226	13651.2	-1.7	4	0.6573	8.3	7.4
58	2004	227	6220.8	-2	0.3	0.5743	10.1	8.3
58	2004	228	14256	0.2	4.6	0.6535	5.8	1.1
58	2004	229	21168	3.3	8.9	0.5647	8.3	6.8
58	2004	230	20044.8	3.9	7.7	0.7744	9.9	0
58	2004	231	16156.8	3.9	9.1	0.6966	12.1	0.2
58	2004	232	21600	5.1	9	0.8742	10.1	7.4
58	2004	233	6652.8	-0.8	5.9	0.7339	6.8	18.6
58	2004	234	5961.6	-4.1	-0.2	0.5167	7.6	4.8
58	2004	235	21945.6	-4.3	3.2	0.4813	7	0
58	2004	236	23414.4	2.6	9.3	0.4565	8.9	0
58	2004	237	9417.6	0.8	6.8	0.7216	9.9	8.9
58	2004	238	15379.2	0.1	4.9	0.7094	7.3	21.4
58	2004	239	5702.4	-3.2	0.2	0.5475	8.1	36.6
58	2004	240	18230.4	-2.8	2.2	0.5022	8.2	0
58	2004	241	21859.2	0.6	7.6	0.6469	6.8	1
58	2004	242	9849.6	-0.5	5	0.6969	5.4	4.3
58	2004	243	17625.6	-0.1	6.3	0.5647	8	7.6
58	2004	244	5443.2	-2.8	0.5	0.5562	6.5	1
58	2004	245	22636.8	-1.3	5.7	0.5154	11.1	0
58	2004	246	23414.4	2.5	10.3	0.5477	4.8	0
58	2004	247	18403.2	3.4	9.4	0.7976	4.1	0.3
58	2004	248	12528	2.7	5.9	0.7308	3.5	5.4
58	2004	249	22204.8	2.8	9.5	0.4534	4	0
58	2004	250	22636.8	4.3	11.2	0.527	2.4	0
58	2004	251	21340.8	3.4	12.6	0.4717	3.4	0
58	2004	252	22032	1.9	7.4	0.2213	4.1	0
58	2004	253	22032	2.5	10.7	0.4384	3.3	0
58	2004	254	20995.2	2.7	10.1	0.5093	5.6	0
58	2004	255	10108.8	2.6	8.6	0.8001	4.7	5.8
58	2004	256	5443.2	-2	4.8	0.649	8	10.1
58	2004	257	17625.6	-1.5	5.2	0.5376	11.6	0
58	2004	258	16243.2	1	5.3	0.582	6.7	15.4
58	2004	259	5270.4	-3.7	2.6	0.5753	4.5	5
58	2004	260	9504	-4	-0.7	0.4937	4	2.1
58	2004	261	20304	-2.2	9.2	0.4946	4.8	0
58	2004	262	20131.2	2.7	9.7	0.417	4.6	0
58	2004	263	17798.4	0.4	6.4	0.4599	5.4	0
58	2004	264	15465.6	0.3	5.2	0.5509	9	0
58	2004	265	11145.6	-5	2.9	0.4754	13	0
58	2004	266	5702.4	-7.3	-0.6	0.4427	11.2	11.4
58	2004	267	5616	-4.1	3	0.587	15.7	35.6
58	2004	268	7862.4	-8.7	-4.1	0.3675	6	15.4
58	2004	269	4665.6	-9.1	-5.9	0.3376	6.3	35.9
58	2004	270	4579.2	-8.2	-4.8	0.3685	6.3	7.2
58	2004	271	12700.8	-7.9	-1.5	0.3968	6.4	0.5
58	2004	272	8380.8	-4.6	-0.4	0.4933	6.9	0
58	2004	273	6134.4	-4	-0.1	0.4784	8.3	7.6
58	2004	274	5443.2	-2.3	-0.1	0.5541	7.4	2.4
58	2004	275	4320	-1.3	-0.1	0.5748	6.9	4.5
58	2004	276	11836.8	-2	0.6	0.5632	7.5	0
58	2004	277	12355.2	-2.4	0.8	0.4726	9	0
58	2004	278	14256	0.1	4.5	0.3605	8.8	0
58	2004	279	15897.6	3.4	7.3	0.4825	8	0
58	2004	280	13219.2	1.2	5.8	0.5809	6.1	1.8
58	2004	281	8726.4	0.1	3.6	0.6284	7.3	0.4
58	2004	282	11404.8	0.9	5	0.5814	10.1	7.5
58	2004	283	5788.8	-1.4	2.3	0.5997	10.1	3.9
58	2004	284	8294.4	-2.4	2.5	0.5764	5.6	4
58	2004	285	6480	-4.7	0.1	0.511	2.8	0
58	2004	286	8985.6	-5.7	1.6	0.3996	2.8	0
58	2004	287	10627.2	-4	-1.3	0.4375	4.7	0
58	2004	288	10022.4	-5.1	-2.8	0.429	6.8	2.6
58	2004	289	12009.6	-8.8	-3.5	0.3476	9.4	10.2
58	2004	290	8726.4	-11.4	-8.6	0.2604	6.4	7.4
58	2004	291	5356.8	-10.9	-8.1	0.2709	10.3	5.6
58	2004	292	11750.4	-8.8	-5.4	0.3088	12.6	0.3
58	2004	293	3801.6	-7.1	0.9	0.4717	13.2	3.4
58	2004	294	9763.2	0.8	5.5	0.6203	10.9	0.2
58	2004	295	4320	0.6	3.4	0.6845	6.6	2.6
58	2004	296	8899.2	-1.1	2.4	0.602	5.3	0.2
58	2004	297	10368	-0.6	4.9	0.4636	7.3	0
58	2004	298	12355.2	3.1	9.1	0.2259	9	0
58	2004	299	11145.6	-0.6	3.6	0.5175	9.5	0
58	2004	300	7084.8	-1.1	2.7	0.5827	13.7	0.8
58	2004	301	8380.8	-3.5	0.2	0.5361	12	0
58	2004	302	3715.2	-3.9	1.8	0.4075	12.3	0
58	2004	303	7862.4	-2.6	0.6	0.5282	9.7	0
58	2004	304	10540.8	-4.2	-1.7	0.3984	9.1	0
58	2004	305	5097.6	-3.7	4	0.488	8.2	3.8
58	2004	306	5529.6	0.1	2.7	0.649	11.2	0
58	2004	307	9244.8	0.7	4.1	0.5736	14.6	0
58	2004	308	2678.4	1.5	3.4	0.5101	11.5	0
58	2004	309	5961.6	1.2	3.8	0.5339	8.1	0
58	2004	310	2592	-6.2	1.6	0.4748	6	6.6
58	2004	311	5702.4	-11.4	-6	0.3012	6.6	2.7
58	2004	312	2592	-15	-9.2	0.242	5.5	35.5
58	2004	313	4665.6	-17.1	-14.5	0.1751	2.4	4.5
58	2004	314	5011.2	-17.3	-14.3	0.1697	4.5	1.2
58	2004	315	6307.2	-14.9	-7.3	0.2439	9.2	0.8
58	2004	316	8640	-11	-5.4	0.3099	11.8	0
58	2004	317	7084.8	-6	-0.7	0.4057	8.9	0
58	2004	318	2332.8	-16.5	-4.6	0.2603	6.7	28
58	2004	319	2332.8	-18.2	-15.2	0.1491	5.8	20.8
58	2004	320	7257.6	-16	-5.9	0.1008	9.6	0
58	2004	321	6739.2	-9.9	-4.8	0.2535	8.5	0
58	2004	322	2246.4	-6.9	-4.4	0.3571	9.9	0.1
58	2004	323	7862.4	-6.2	-3.8	0.1813	14.6	0.5
58	2004	324	2160	-18.8	-4.4	0.2066	14.7	38.7
58	2004	325	2851.2	-20.5	-17.7	0.1162	5	11.8
58	2004	326	7171.2	-20.3	-7.5	0.1839	10.2	5.5
58	2004	327	2073.6	-7.8	-5.9	0.344	11.3	10
58	2004	328	2073.6	-8.5	-6.7	0.3385	10.9	23.5
58	2004	329	8035.2	-13.8	-5.5	0.1353	5.4	0
58	2004	330	7776	-6.5	0.9	0.2536	4.6	0
58	2004	331	7948.8	-9.2	-3.4	0.1718	9.4	0.8
58	2004	332	1987.2	-11.5	-7.2	0.247	7.6	2.4
58	2004	333	4924.8	-9.2	-4.3	0.107	12	0.6
58	2004	334	1987.2	-8.9	-4.9	0.3281	9	0.1
58	2004	335	5961.6	-10.5	-5.9	0.3165	18.2	0
58	2004	336	6912	-11.9	-5.2	0.2438	9.7	0
58	2004	337	5961.6	-8.6	-3.5	0.2802	6.2	0
58	2004	338	4060.8	-9.5	-6.5	0.2913	8.3	0
58	2004	339	7171.2	-9.8	-2.7	0.207	4.3	0
58	2004	340	6480	-6	-0.1	0.2441	2.4	0
58	2004	341	4838.4	-6.6	-3	0.1412	6.8	0
58	2004	342	6998.4	-3.8	1.3	0.2565	6.5	0
58	2004	343	6998.4	-4	-1.6	0.2387	7.2	0
58	2004	344	6998.4	-3.8	-0.8	0.2013	8.9	0
58	2004	345	6998.4	-2.7	0.3	0.1064	5.4	0
58	2004	346	6998.4	-3.3	3.3	0.1955	4.8	0
58	2004	347	6912	-1.7	5.2	0.1872	3	0
58	2004	348	6912	-4.1	1.4	0.1495	2.3	0
58	2004	349	6825.6	-5.7	-2.1	0.1283	4.3	0
58	2004	350	6307.2	-7	-2.5	0.1375	5	0
58	2004	351	6566.4	-9.4	-5	0.2173	9.1	0.7
58	2004	352	3456	-11.8	-8.2	0.2805	12.9	3
58	2004	353	1900.8	-19.1	-11.8	0.1692	10.8	22.5
58	2004	354	1900.8	-16.2	-8.1	0.2265	9	21.4
58	2004	355	6825.6	-19.8	-11.5	0.0886	10.1	0
58	2004	356	6825.6	-14.1	-9.6	0.0518	3.5	0
58	2004	357	6566.4	-15.4	-10.8	0.0513	6.3	2.5
58	2004	358	2851.2	-10.9	-4.1	0.3376	12.3	1.7
58	2004	359	5270.4	-9.9	-3.9	0.1859	18.3	0
58	2004	360	6480	-10.4	-2.5	0.2302	13.7	0
58	2004	361	2937.6	-9.8	-7	0.3083	7.9	1.6
58	2004	362	1900.8	-13	-7.8	0.2634	3.4	0.3
58	2004	363	2332.8	-16.1	-9.4	0.2158	9	15.6
58	2004	364	1900.8	-18.3	-15.8	0.1464	5.1	3.6
58	2004	365	6912	-17.4	-4	0.092	6.6	0
58	2004	366	6912	-9.2	-3.1	0.1854	9.3	5.2
