*---------------------------------------------------------------------------*
* Station name: ZUGSPITZE                               
* Year: 1988
* Author: Pedro Alencar                                   -999.000: NIL VALUE
* Source: ECAD 
* Comments: 
* Longitude: 47.4219, latitude: 47.4219, altitude: 2964 m.
*
* Column  Daily value
* 1       station number
* 2       year
* 3       day
* 4       irradiation                   (kJ m-2 d-1)
* 5       minimum temperature           (degrees Celsius)
* 6       maximum temperature           (degrees Celsius)
* 7       early morning vapour pressure (kPa)
* 8       mean wind speed (height: 2 m) (m s-1)
* 9       precipitation                 (mm d-1)
*
** WCCDESCRIPTION=GERMANY, ZUGSPITZE                               
** WCCFORMAT=2
** WCCYEARNR=1988
*---------------------------------------------------------------------------*
   47.4219  10.9867    2964.  -0.18 -0.55
58	1988	1	1900.8	-9.2	-2.3	0.3863	6.9	5.2
58	1988	2	3715.2	-10.1	-2	0.2841	14.8	1.3
58	1988	3	4665.6	-11.2	-2.1	0.2936	12.8	1.2
58	1988	4	2764.8	-13.3	-5.7	0.259	18.9	13.1
58	1988	5	6220.8	-7	-2.2	0.2738	15.3	0.1
58	1988	6	6048	-7.4	0	0.3627	12.9	6.5
58	1988	7	3801.6	-16	-7.3	0.2459	9.7	4
58	1988	8	2073.6	-17.5	-14.1	0.1644	4.7	2.2
58	1988	9	7430.4	-15.6	-6.9	0.0466	5.6	0
58	1988	10	7171.2	-7.4	-1.9	0.0909	5.2	4.7
58	1988	11	2073.6	-13	-4.7	0.3133	7.1	14.8
58	1988	12	7603.2	-15.6	-5.5	0.1068	3.3	0
58	1988	13	7689.6	-8.9	-4.4	0.2044	8.2	0
58	1988	14	5184	-9	-5.2	0.298	12.2	0
58	1988	15	5702.4	-8.5	-5.8	0.2646	14	0
58	1988	16	7084.8	-8.1	-6	0.2415	7.4	0
58	1988	17	3542.4	-9.3	-7	0.2648	8.3	3.7
58	1988	18	8035.2	-8.9	-6.9	0.3071	10.7	0
58	1988	19	8208	-7.8	-1.9	0.145	5.9	0
58	1988	20	7948.8	-9	-4.3	0.3196	7.9	0
58	1988	21	2332.8	-12.8	-7.7	0.2778	5.1	20.5
58	1988	22	5702.4	-14	-7.3	0.2419	13.6	13.2
58	1988	23	3974.4	-19.6	-14	0.1544	8.9	8.5
58	1988	24	2419.2	-19	-7.3	0.2178	14.6	3.9
58	1988	25	2419.2	-10	-5	0.3342	12.7	8.6
58	1988	26	5616	-11.4	-9.8	0.2565	12.2	5
58	1988	27	6048	-11.6	-5.1	0.3226	12.3	0
58	1988	28	5788.8	-7	-3.5	0.3516	12.3	0
58	1988	29	6307.2	-8.4	-6.1	0.33	11.6	10.3
58	1988	30	2678.4	-15	-8.4	0.2474	8.1	25.2
58	1988	31	2678.4	-17.7	-14.7	0.1711	8.1	11.4
58	1988	32	5356.8	-17.8	-4.5	0.1933	9.3	1.8
58	1988	33	3542.4	-14	-7.4	0.268	15.4	6.3
58	1988	34	5702.4	-12.6	-8.8	0.2003	15.7	0
58	1988	35	8985.6	-11.7	-6.5	0.1598	14.3	0
58	1988	36	5616	-12.1	-8.6	0.2227	14.7	0.8
58	1988	37	4752	-10.2	-6	0.3123	12.9	1.2
58	1988	38	2937.6	-13.6	-8	0.2686	8.5	11.2
58	1988	39	3024	-18.7	-10.1	0.1986	15.5	26.6
58	1988	40	5097.6	-19.3	-6.9	0.212	14.6	6.2
58	1988	41	6393.6	-17.2	-8.3	0.225	13.2	4.2
58	1988	42	3110.4	-17.5	-12.2	0.1875	17.6	4.4
58	1988	43	5616	-16.5	-9.5	0.2182	9	27.1
58	1988	44	10972.8	-19.4	-14.2	0.1167	4.6	0.1
58	1988	45	11836.8	-14.9	-2	0.1035	4.3	0
58	1988	46	12009.6	-2.1	5.1	0.1294	4.3	0
58	1988	47	12268.8	-5.1	4.9	0.1395	5.1	0
58	1988	48	10886.4	-15.5	-4.3	0.2163	12.9	0.9
58	1988	49	8553.6	-17	-12.6	0.1708	8.4	9.2
58	1988	50	3542.4	-16	-12.8	0.1986	10.9	44
58	1988	51	3628.8	-17.3	-13.9	0.1798	6.9	18.7
58	1988	52	13132.8	-18.7	-10.7	0.092	5.1	0
58	1988	53	12960	-14.7	-10.7	0.1683	8.3	0
58	1988	54	9936	-16.4	-9.1	0.2043	8.5	23.3
58	1988	55	3801.6	-20	-16.4	0.1445	5.9	18.7
58	1988	56	3888	-21.1	-19.7	0.1208	5.1	37.6
58	1988	57	3888	-21	-19.2	0.1215	5.4	16.2
58	1988	58	3974.4	-21	-17	0.1349	5.4	10.2
58	1988	59	5011.2	-18.3	-11.7	0.1814	9.4	13
58	1988	60	6739.2	-21	-16.6	0.1373	11.6	10.6
58	1988	61	4147.2	-21.3	-18.9	0.1227	13.3	12.4
58	1988	62	4579.2	-21.1	-18.8	0.1256	8.7	14.9
58	1988	63	13996.8	-20.5	-13.3	0.0863	11.9	0
58	1988	64	11404.8	-15.2	-11.4	0.1427	9.9	0
58	1988	65	4752	-17	-9.8	0.209	5.4	4.1
58	1988	66	10368	-19.9	-14.3	0.1586	9.7	5.8
58	1988	67	5443.2	-17.3	-13.3	0.1844	10.7	45.2
58	1988	68	4492.8	-22	-15.9	0.1369	6.4	21.6
58	1988	69	15379.2	-22.5	-18	0.1138	4.4	1.8
58	1988	70	17193.6	-20.6	-14	0.0945	5.3	20.7
58	1988	71	4665.6	-16.1	-13.5	0.1922	11	28.3
58	1988	72	4752	-14.8	-11.2	0.2227	17.2	11.7
58	1988	73	4838.4	-13.5	-11.6	0.231	14.1	7
58	1988	74	4838.4	-13.9	-10.6	0.2367	13.8	10.9
58	1988	75	13824	-11.1	-7.3	0.2683	14.3	0
58	1988	76	9763.2	-9.9	-6.5	0.3132	14.9	7.5
58	1988	77	5011.2	-12.6	-9.2	0.2638	11.6	16.6
58	1988	78	5097.6	-14.4	-11.2	0.2264	7.2	24.9
58	1988	79	13564.8	-16.2	-4.8	0.22	10.2	21.8
58	1988	80	8812.8	-7.1	-4.5	0.3888	11.9	5.9
58	1988	81	5270.4	-6.3	-3.2	0.4296	13.6	18.1
58	1988	82	5356.8	-12.6	-5.1	0.3133	5.9	22.5
58	1988	83	8380.8	-13	-9	0.2643	10.4	31
58	1988	84	10108.8	-14.2	-8	0.2596	11.8	25.2
58	1988	85	5529.6	-9.8	-6	0.3374	17.5	41.9
58	1988	86	11836.8	-14.8	-9.6	0.228	12.7	7
58	1988	87	7344	-16	-12.9	0.1978	10.4	24.8
58	1988	88	5702.4	-15.6	-13.5	0.1962	7.5	11.9
58	1988	89	19612.8	-13.8	-8.9	0.2339	8.5	0
58	1988	90	13737.6	-11.3	-7.4	0.2711	9.2	1
58	1988	91	8035.2	-13.6	-3.9	0.3158	6.6	8.7
58	1988	92	10195.2	-14.2	-10.4	0.2357	7.5	2.5
58	1988	93	20476.8	-14.5	-8.2	0.221	8.6	0
58	1988	94	16156.8	-11.7	-5	0.2672	6.8	0
58	1988	95	11577.6	-8	-0.8	0.3706	3	0
58	1988	96	13046.4	-8	-1.7	0.4179	4.7	0
58	1988	97	17280	-6.9	-0.1	0.4154	6.6	0
58	1988	98	14342.4	-6.1	1.1	0.4729	5.9	0.3
58	1988	99	6393.6	-7.3	-5.7	0.376	8.8	11.6
58	1988	100	11232	-7.9	-6.2	0.3532	8.8	23.8
58	1988	101	17020.8	-10.9	-7.3	0.2888	9.2	1.2
58	1988	102	24796.8	-9.9	-3.1	0.2858	9.6	0
58	1988	103	17971.2	-6.2	-1.8	0.3955	7.4	20.5
58	1988	104	6652.8	-10.8	-4.9	0.3388	6.3	25.5
58	1988	105	25574.4	-14.2	-5	0.1211	4.8	0
58	1988	106	16502.4	-8.8	-4.9	0.3514	5.8	0.4
58	1988	107	25747.2	-7.9	1.2	0.4105	4.3	0
58	1988	108	21859.2	-5	2	0.4326	3.4	0
58	1988	109	14947.2	-4.4	0	0.5096	3.2	0.7
58	1988	110	26352	-4.4	4	0.4095	4.1	0
58	1988	111	17971.2	-6.1	2.4	0.4749	4.4	2
58	1988	112	17280	-6.8	-2.7	0.4253	5.8	0.1
58	1988	113	19958.4	-6.9	-2	0.4175	7.1	0
58	1988	114	9590.4	-6.1	-2	0.4484	8.1	0
58	1988	115	27648	-11.9	0.1	0.1142	3	0
58	1988	116	27648	-6.8	-1.1	0.2738	5.1	0
58	1988	117	16070.4	-8	-2	0.4005	5.3	0.1
58	1988	118	17625.6	-6.5	0.4	0.4149	5.3	0
58	1988	119	14515.2	-6.6	-1.6	0.4196	3.1	12.4
58	1988	120	20476.8	-6.7	3.8	0.5221	5.4	0
58	1988	121	13478.4	-4.5	3.4	0.5224	1.9	0.8
58	1988	122	25056	-4.5	0.2	0.454	8.9	0
58	1988	123	16934.4	-3.8	0.3	0.4623	9.9	0.6
58	1988	124	15897.6	-8.9	-3	0.3726	7.1	7.5
58	1988	125	17971.2	-6.4	-1.4	0.4352	8.3	0.6
58	1988	126	21340.8	-4.7	1.6	0.4855	5.9	1
58	1988	127	24192	-3.2	3	0.4853	5.3	0
58	1988	128	25488	0.9	7.5	0.3546	6.2	0
58	1988	129	13478.4	2.5	7.3	0.5456	6.2	0
58	1988	130	20822.4	-1.5	4	0.6153	2.8	8.3
58	1988	131	9676.8	-4.1	3	0.5694	2.3	3.4
58	1988	132	22896	-2.2	2.9	0.5515	5.1	0
58	1988	133	25574.4	-2.1	3.2	0.5023	5.1	0
58	1988	134	22550.4	-1.1	5.2	0.6303	3	6.5
58	1988	135	22464	-1.4	3	0.5568	4.5	0.2
58	1988	136	21945.6	-0.7	5.2	0.6035	2.6	0.7
58	1988	137	10886.4	-1.2	3	0.6521	3.6	13.1
58	1988	138	13305.6	-1.6	0.9	0.5956	6.1	4.4
58	1988	139	9072	-2.2	0	0.5639	5	12.2
58	1988	140	9590.4	-3.3	1.2	0.5659	4	6.2
58	1988	141	8208	-6.9	-2.1	0.4378	4.7	9.7
58	1988	142	13651.2	-9.3	-3.5	0.3751	2.6	1
58	1988	143	30585.6	-10.5	-1	0.2628	4.5	0
58	1988	144	28771.2	-6.2	1.6	0.3871	5.5	0
58	1988	145	29635.2	-3.8	5.4	0.4662	3.2	0
58	1988	146	30499.2	0	8.9	0.5455	2.6	0
58	1988	147	22723.2	-0.5	5	0.6753	2.9	2.7
58	1988	148	14515.2	-1	4.2	0.6652	4.1	1.2
58	1988	149	12182.4	-1.8	2	0.5847	5.4	0.5
58	1988	150	22723.2	-3.2	2.6	0.5859	6.4	5.2
58	1988	151	24624	-7.2	0	0.4498	7.4	19.3
58	1988	152	12268.8	-5.3	-0.1	0.501	6.6	23.3
58	1988	153	7344	-5.5	-3	0.4417	5.9	20.8
58	1988	154	7344	-6.4	-2.4	0.4367	9.1	3.4
58	1988	155	27043.2	-3	2.2	0.5104	7.4	0.2
58	1988	156	13824	-4.4	4.8	0.6075	7.5	30.5
58	1988	157	7344	-7	-4	0.4018	3.5	55.7
58	1988	158	13910.4	-7.3	1.1	0.4815	3.8	8.3
58	1988	159	20908.8	-5.9	0.1	0.4739	8.1	0.1
58	1988	160	24192	-6.5	2.6	0.4396	3.7	0
58	1988	161	29462.4	-3.5	5.5	0.4992	2.8	0
58	1988	162	22809.6	-1	3.5	0.642	5	2.2
58	1988	163	14169.6	-1	2.1	0.6359	7.4	8.6
58	1988	164	17107.2	-1.9	3.5	0.628	3.4	10.6
58	1988	165	14601.6	-1.1	1	0.6027	3.9	4.5
58	1988	166	30153.6	-1.6	6.8	0.6187	3.9	0
58	1988	167	11577.6	-1.6	1.5	0.5966	4.1	3.2
58	1988	168	12528	-1.1	2	0.625	3.6	10.8
58	1988	169	12096	-3.7	0	0.5229	2.6	0.6
58	1988	170	24364.8	-5	3.6	0.54	2.5	0
58	1988	171	10540.8	-3.5	-0.4	0.5297	4.7	14
58	1988	172	9331.2	-2.6	-0.2	0.5516	6.4	1.5
58	1988	173	10540.8	-3	0.4	0.5556	5.9	0.9
58	1988	174	8985.6	-4.2	-0.4	0.511	7.6	10.5
58	1988	175	10540.8	-3.6	0	0.5195	9.1	0
58	1988	176	31363.2	-4.3	5	0.445	3.1	0
58	1988	177	19785.6	-1.7	2.4	0.5766	2.2	12.4
58	1988	178	13996.8	-2.1	5.5	0.6631	3.1	9.2
58	1988	179	22723.2	-1	3.8	0.5949	4	1.3
58	1988	180	15984	0.4	6.3	0.7301	3.9	5.7
58	1988	181	15465.6	0	5.3	0.7096	4.2	2.2
58	1988	182	22896	2	6.7	0.7084	7.5	0
58	1988	183	17193.6	2.7	7	0.7508	10.8	6.4
58	1988	184	10713.6	-3.5	2.7	0.5935	6.2	0.4
58	1988	185	15724.8	-2.2	1.8	0.5721	9.7	5.4
58	1988	186	15724.8	-0.8	3.8	0.6605	10.5	0
58	1988	187	29376	2.4	10.6	0.6192	16.1	0.4
58	1988	188	25574.4	-1.6	7.8	0.6868	9.2	4.2
58	1988	189	13996.8	0.4	6.9	0.7934	5.4	2.2
58	1988	190	16329.6	-1.1	3.2	0.6592	5.1	7.6
58	1988	191	12096	-1.6	1.6	0.6049	6.3	0.4
58	1988	192	30758.4	-1.2	7.9	0.5593	6.9	0
58	1988	193	25142.4	3.1	11	0.844	5.1	8.6
58	1988	194	7948.8	-0.1	4.8	0.7235	5.6	10.5
58	1988	195	25401.6	-0.4	7.9	0.7031	8.3	24.4
58	1988	196	12182.4	-1.2	5.1	0.7032	5.5	21.3
58	1988	197	10454.4	-5.2	-1	0.4863	6.2	3.6
58	1988	198	7171.2	-4.5	-1.2	0.4955	6.9	8
58	1988	199	17193.6	-3.6	0.4	0.5435	8.6	7.4
58	1988	200	7084.8	-0.5	2.5	0.6568	9.1	1
58	1988	201	20563.2	-0.7	3.3	0.6041	8.3	0
58	1988	202	29635.2	1.9	8.8	0.3485	5.2	0
58	1988	203	26438.4	4.3	11.2	0.8116	3.6	0
58	1988	204	26179.2	4.5	11.6	0.8929	6.1	0
58	1988	205	24796.8	7	13.3	1.0039	7	0
58	1988	206	18144	0.3	9.5	0.7708	9.5	30.9
58	1988	207	30499.2	-1.2	10.3	0.4141	7	0
58	1988	208	30412.8	6	14.4	0.771	5.1	0
58	1988	209	6912	1.6	8.9	0.8519	6	16.5
58	1988	210	30412.8	-1	11.1	0.4551	9.7	0
58	1988	211	22291.2	1.4	9.4	0.8698	7.2	18.1
58	1988	212	25401.6	-2.8	6.2	0.6355	6.2	0
58	1988	213	24105.6	2.1	6.7	0.6523	7.9	0
58	1988	214	22723.2	4.4	10.8	0.7408	6.6	0.8
58	1988	215	24192	2.3	9.3	0.6638	10.9	4.3
58	1988	216	10108.8	0.3	6.1	0.7685	9.2	10.1
58	1988	217	7257.6	-1.7	5.8	0.5666	3.5	3.3
58	1988	218	29116.8	-1.9	5.2	0.2065	4.2	0
58	1988	219	29116.8	2.9	11.2	0.3215	2.8	0
58	1988	220	26179.2	5.7	11.9	0.6904	3.2	0
58	1988	221	23500.8	3.9	9.7	0.7902	4	6.6
58	1988	222	11923.2	1.9	4.8	0.7767	5.2	1.7
58	1988	223	25920	2.2	9.9	0.6003	5.3	0
58	1988	224	19612.8	3.8	10.1	0.8283	5.4	3.1
58	1988	225	20649.6	3	10.4	0.824	6.8	6.5
58	1988	226	19958.4	3	9.2	0.7906	7.3	0
58	1988	227	22550.4	5.1	11.4	0.8833	5	0.2
58	1988	228	15206.4	4.5	11.2	0.8384	3.4	2.9
58	1988	229	18921.6	2.8	10.2	0.9482	4.5	5.9
58	1988	230	20304	2	5.9	0.786	4.5	0.4
58	1988	231	26611.2	3.8	11.2	0.5181	6.1	0
58	1988	232	20822.4	5.8	11.1	0.9617	7.3	0.8
58	1988	233	7689.6	-1.9	7.1	0.7365	7.9	43.1
58	1988	234	6998.4	-3	0.4	0.5556	4.8	21.9
58	1988	235	5875.2	-4.7	-0.1	0.5123	3.2	9.5
58	1988	236	6480	-3.7	0.2	0.5375	3.5	1.8
58	1988	237	17712	-4.2	1.7	0.5298	7.2	6.8
58	1988	238	8467.2	-5.7	-0.8	0.4809	10.1	7.5
58	1988	239	9849.6	-6.5	-1.9	0.4389	9.4	9.7
58	1988	240	6652.8	-1.9	4.1	0.6616	9.2	6.4
58	1988	241	23673.6	2.8	11.4	0.5949	5.6	3.1
58	1988	242	5529.6	-1.4	7	0.7471	6.3	19.8
58	1988	243	22550.4	-3.2	3.2	0.5071	7.3	0
58	1988	244	18835.2	1.2	5.7	0.5632	6.6	0
58	1988	245	21427.2	1.2	6.6	0.6298	9	8.4
58	1988	246	5961.6	-5	3.1	0.5701	8.6	27.4
58	1988	247	11750.4	-6.8	0.6	0.4572	14	0.2
58	1988	248	8985.6	-0.1	3.2	0.6833	10.9	0
58	1988	249	11404.8	1.4	4.6	0.7502	8.3	2.8
58	1988	250	5702.4	0.8	3.4	0.7108	7.3	4.2
58	1988	251	21254.4	-2.7	1.4	0.2564	3.6	0
58	1988	252	21254.4	-1.4	5.4	0.2893	4.2	0
58	1988	253	18921.6	-1.2	2.8	0.5503	6.5	0
58	1988	254	18662.4	-0.6	5	0.5727	6.2	0
58	1988	255	16848	1.8	7	0.7777	6.1	3.8
58	1988	256	10627.2	0	2.7	0.6736	8.3	1.9
58	1988	257	5356.8	-6.2	0.9	0.5029	5.7	16
58	1988	258	5270.4	-8.1	-4.8	0.3774	3	8.1
58	1988	259	5270.4	-8	-5.9	0.3596	2	31.1
58	1988	260	8035.2	-7.8	-2.3	0.4116	2.5	3.2
58	1988	261	10540.8	-7.7	-3.4	0.3962	3.9	1.8
58	1988	262	13737.6	-7	-1.2	0.4196	4	0
58	1988	263	19180.8	-2.3	3.1	0.39	5	0
58	1988	264	19094.4	1	7.7	0.35	6.1	0
58	1988	265	18748.8	0.8	6.2	0.3925	3.8	0
58	1988	266	18576	-2.7	4.3	0.4079	5.5	0
58	1988	267	10627.2	-1.2	0.7	0.582	8.6	5.4
58	1988	268	14169.6	-3.4	-0.6	0.4433	10.1	0
58	1988	269	6220.8	-2.4	0.1	0.4663	10.9	0.5
58	1988	270	17107.2	-1	5	0.621	7.6	0
58	1988	271	17107.2	0.5	7	0.4954	8.1	0
58	1988	272	14947.2	2.8	6.3	0.5916	8.8	0
58	1988	273	8294.4	1.3	4.7	0.7274	8	0
58	1988	274	14601.6	-0.1	4.8	0.5716	6.7	0
58	1988	275	16502.4	0	5.4	0.4599	4.7	0
58	1988	276	16502.4	0.7	8.5	0.4071	4	0
58	1988	277	15897.6	1.4	6.8	0.5896	4.2	0
58	1988	278	5616	-2.9	2.1	0.5935	5.2	4.5
58	1988	279	8640	-3.9	0.1	0.4678	10.6	9.8
58	1988	280	8467.2	-6.5	-1.1	0.4615	14.3	1.5
58	1988	281	5356.8	-7.1	-0.7	0.4581	11.9	9.7
58	1988	282	5788.8	-11.7	-5	0.3258	12.1	3.8
58	1988	283	12268.8	-6.4	4.9	0.4165	15.5	0.7
58	1988	284	6134.4	-1.4	4.4	0.6673	10.5	0.7
58	1988	285	11059.2	0	3.1	0.6423	11.3	0.1
58	1988	286	8208	-0.4	2	0.628	9.4	8.3
58	1988	287	10368	-3.2	1.9	0.4604	9.4	0
58	1988	288	4924.8	-0.3	3	0.5928	12	0
58	1988	289	12268.8	1.4	5.8	0.5376	8.4	0
58	1988	290	11318.4	2.3	5.5	0.5491	5.5	0
58	1988	291	12268.8	3.3	6.6	0.6605	5.4	0
58	1988	292	8380.8	3.6	7	0.5343	7.6	0
58	1988	293	9763.2	0	6.4	0.5918	8.3	0
58	1988	294	5011.2	-3.9	2.7	0.5849	6.3	4.4
58	1988	295	3888	-4	-0.8	0.5072	4.6	0.5
58	1988	296	12009.6	-3.8	0.3	0.4838	4.9	0
58	1988	297	12182.4	-3.1	3.4	0.3521	4.3	0.3
58	1988	298	5270.4	-5.8	-2.4	0.4467	5.8	5.8
58	1988	299	6912	-7	-3.2	0.3933	4.8	0.1
58	1988	300	11577.6	-7.2	1.1	0.3027	6.5	0
58	1988	301	11232	0.4	6.4	0.3819	6.3	0
58	1988	302	11404.8	0.7	4.8	0.4913	6.6	0
58	1988	303	3715.2	-3.8	1	0.5516	7.7	15.8
58	1988	304	10108.8	-13.7	-3.8	0.24	5.8	0
58	1988	305	11059.2	-14.8	-10.8	0.1303	4.5	0
58	1988	306	10886.4	-12.6	-2	0.099	8.9	0
58	1988	307	2764.8	-9.5	-2.5	0.3907	9.1	25.4
58	1988	308	9763.2	-16.3	-9.5	0.1406	4.6	0.4
58	1988	309	10540.8	-15.4	-8.8	0.1016	9.1	0
58	1988	310	10368	-8.8	-4.3	0.0749	4.7	0
58	1988	311	10195.2	-8.5	-3.7	0.0582	6	0
58	1988	312	10022.4	-6	-1.9	0.105	5.5	0
58	1988	313	9849.6	-3.6	1.2	0.2519	3.7	0
58	1988	314	8380.8	-4.3	0	0.4227	4.8	0
58	1988	315	8812.8	-4.7	1.8	0.4341	4.2	0
58	1988	316	8640	-3.6	0.1	0.4677	4	0
58	1988	317	8380.8	-3	0.3	0.4484	5.3	2.6
58	1988	318	2332.8	-8.6	-2.4	0.4059	7.3	25.4
58	1988	319	2332.8	-13.2	-8.4	0.2659	8.6	25.9
58	1988	320	2246.4	-10	-8.3	0.306	7.7	19.6
58	1988	321	8294.4	-8.9	-4.1	0.2858	5.8	0
58	1988	322	8812.8	-6.3	-1.9	0.1399	8	0
58	1988	323	6480	-8.1	-2	0.3276	9.2	22.1
58	1988	324	2160	-14	-8.1	0.2633	7.7	18.5
58	1988	325	4320	-15.2	-12.3	0.2095	8.6	3.2
58	1988	326	2160	-24.3	-12.5	0.142	6.9	27.4
58	1988	327	7862.4	-25.4	-22	0.0587	5.5	3.6
58	1988	328	7430.4	-22.4	-15.8	0.1054	6.5	0.1
58	1988	329	8035.2	-16.3	-10.2	0.1455	5.6	0
58	1988	330	1987.2	-12.3	-6.8	0.2876	6.7	1.3
58	1988	331	7948.8	-9	-5.5	0.2378	6.8	0
58	1988	332	7862.4	-9.6	-7.6	0.1566	7.2	0
58	1988	333	6739.2	-10.2	-4.6	0.1158	12.1	0
58	1988	334	2678.4	-10.4	-5.4	0.3341	14.7	10.5
58	1988	335	1900.8	-7	-2.6	0.4195	9.2	4.2
58	1988	336	2851.2	-8	-5.1	0.3671	9.1	0
58	1988	337	1987.2	-9	-5.4	0.3384	6.6	24.2
58	1988	338	1987.2	-11.2	-9	0.2726	7.2	8.2
58	1988	339	1987.2	-12.5	-4.9	0.3075	19.2	17.6
58	1988	340	1987.2	-12.2	-4.2	0.3231	14.4	34.5
58	1988	341	1987.2	-17.2	-5.7	0.2524	7.7	47.6
58	1988	342	1900.8	-19.1	-15.7	0.1546	8.4	34.6
58	1988	343	1900.8	-18.9	-13.7	0.1696	7.2	17.1
58	1988	344	1900.8	-14.9	-10.4	0.2314	7.7	29
58	1988	345	1900.8	-12.6	-6	0.3024	9	50.9
58	1988	346	4147.2	-9.9	-6.5	0.2604	8.9	5.4
58	1988	347	1900.8	-14.9	-5.1	0.2833	7.3	38.7
58	1988	348	4060.8	-14.9	-11.7	0.2064	7.8	2.9
58	1988	349	3196.8	-15	-9.3	0.2386	9.4	51.5
58	1988	350	1900.8	-21.5	-14.4	0.1476	9.1	14.6
58	1988	351	6739.2	-22	-17.1	0.0598	7.5	0
58	1988	352	2160	-17.8	-14.1	0.12	6.4	8.5
58	1988	353	2419.2	-16.6	-13.3	0.1821	7.8	5.1
58	1988	354	1900.8	-13.3	-7.4	0.2756	14.5	37.4
58	1988	355	1900.8	-16.8	-12.8	0.1922	7.3	25.3
58	1988	356	3715.2	-18.5	-5.1	0.2157	9.5	2.8
58	1988	357	6220.8	-7.9	-4.9	0.2425	8	0
58	1988	358	3196.8	-6.9	-2.9	0.412	11.7	3.6
58	1988	359	2160	-8.7	-6.4	0.3467	13.2	15.6
58	1988	360	4665.6	-7.6	-4.5	0.3464	6.3	2.4
58	1988	361	6566.4	-6.2	-3.2	0.289	6	0
58	1988	362	6566.4	-9.6	-4.5	0.2919	6.6	0
58	1988	363	6048	-9.4	-3	0.2501	5.9	0
58	1988	364	6825.6	-3.4	2.2	0.2924	4.2	0
58	1988	365	6912	-6.3	-1.8	0.2129	6.8	0
58	1988	366	6998.4	-6.6	-3.4	0.1349	6.9	0
