*---------------------------------------------------------------------------*
* Station name: GRONINGEN-1                             
* Year: 2020
* Author: Pedro Alencar                                   -999.000: NIL VALUE
* Source: ECAD 
* Comments: 
* Longitude: 53.1831, latitude: 53.1831, altitude: 1 m.
*
* Column  Daily value
* 1       station number
* 2       year
* 3       day
* 4       irradiation                   (kJ m-2 d-1)
* 5       minimum temperature           (degrees Celsius)
* 6       maximum temperature           (degrees Celsius)
* 7       early morning vapour pressure (kPa)
* 8       mean wind speed (height: 2 m) (m s-1)
* 9       precipitation                 (mm d-1)
*
** WCCDESCRIPTION=GERMANY, GRONINGEN-1                             
** WCCFORMAT=2
** WCCYEARNR=2020
*---------------------------------------------------------------------------*
   53.1831  6.6    1.  -0.18 -0.55
164	2020	1	1296	-0.8	1.1	0.6053	3.3	0
164	2020	2	777.6	-0.8	6.1	0.7096	5.3	0
164	2020	3	604.8	2.6	8.9	0.8452	5.6	8.5
164	2020	4	691.2	-0.8	8.3	0.7271	4.5	0.3
164	2020	5	950.4	-1	7.3	0.7199	4	0
164	2020	6	691.2	2.9	6.5	0.743	4.8	0.1
164	2020	7	3283.2	2	8.3	0.7931	5.7	0.1
164	2020	8	1209.6	7.4	11.7	1.1191	4.7	1.9
164	2020	9	604.8	7.4	12.3	1.154	6	1.9
164	2020	10	1468.8	0.2	11.8	0.8319	4.9	2.5
164	2020	11	1987.2	-0.5	7.2	0.6602	6.5	0
164	2020	12	691.2	2.2	9.2	0.8057	7.5	4.3
164	2020	13	2073.6	2.1	9.4	0.8085	5.5	0
164	2020	14	1814.4	8.3	12.6	1.0874	9	11.3
164	2020	15	691.2	5.1	12	0.9237	8.2	3.8
164	2020	16	3369.6	4.2	9.1	0.8505	4.7	0
164	2020	17	1382.4	4.9	9.2	0.8541	5.6	1.2
164	2020	18	3024	1	7	0.7237	4.3	3.9
164	2020	19	3628.8	-0.8	8.3	0.7111	2.5	1.2
164	2020	20	2073.6	-1.2	7.4	0.725	3	0
164	2020	21	2937.6	0.5	6.9	0.7564	4	0
164	2020	22	2160	-0.8	8.5	0.7644	2.4	0.3
164	2020	23	2332.8	-0.6	4.8	0.6894	1.6	0
164	2020	24	1123.2	1.5	3.6	0.6972	3.8	0.2
164	2020	25	950.4	1.6	3.3	0.685	4.2	0.4
164	2020	26	3024	0.2	7.2	0.7404	3.9	0
164	2020	27	1900.8	6.5	9.3	0.9797	5.3	5.6
164	2020	28	777.6	1.7	7.2	0.7385	6.3	10.3
164	2020	29	2160	3.1	7.2	0.7491	6.4	6.3
164	2020	30	2851.2	5.6	11	0.941	8.4	0.7
164	2020	31	1728	7.5	11.8	1.0667	8.4	2.3
164	2020	32	2419.2	7.9	11.3	0.9795	8.6	3.1
164	2020	33	1296	6.4	8.2	0.9506	4	3.7
164	2020	34	2505.6	5.2	10	0.8451	6.5	0.5
164	2020	35	4924.8	3.3	7.3	0.7124	4.3	0.6
164	2020	36	6134.4	-3.5	7.8	0.6206	2.5	0
164	2020	37	2419.2	1	7.6	0.7059	2.3	0
164	2020	38	4924.8	2.3	7.9	0.6586	3.2	0
164	2020	39	3888	2.1	9.5	0.7744	4.6	0.4
164	2020	40	1555.2	6.8	11.2	0.9293	12.3	11.5
164	2020	41	3369.6	1.4	9.5	0.6749	9.8	4.6
164	2020	42	2073.6	2.7	5.8	0.6207	10.5	4.5
164	2020	43	3888	2.3	6.8	0.6169	8.3	1.5
164	2020	44	1123.2	1.3	5.7	0.7222	4.1	9.9
164	2020	45	3888	4.5	7.2	0.7771	3.6	0.2
164	2020	46	3542.4	6.5	12.5	0.9374	8.1	0.1
164	2020	47	1209.6	7.6	14	1.1001	10.5	24.1
164	2020	48	5097.6	6.2	10	0.8204	10.1	2.3
164	2020	49	5011.2	4.9	9	0.7684	8.7	7.8
164	2020	50	3715.2	3	7.4	0.7251	5.8	1.4
164	2020	51	3110.4	4.4	10.3	0.8923	8	6.5
164	2020	52	4492.8	4.1	8.5	0.7444	8.6	0.1
164	2020	53	1641.6	6.8	10.2	0.8762	10.5	7.9
164	2020	54	2073.6	4.8	10.5	0.9003	5.8	17.3
164	2020	55	1036.8	2.7	10.3	0.8708	6.8	21.8
164	2020	56	6652.8	1.4	8.4	0.6842	7.2	3.7
164	2020	57	5702.4	0.2	7.3	0.7191	3.3	4.3
164	2020	58	3110.4	0.1	4.2	0.6491	3.5	2.3
164	2020	59	6652.8	-0.3	6.9	0.6579	5.7	8.4
164	2020	60	6393.6	4.8	13.2	0.9063	8.9	7.7
164	2020	61	7689.6	2.6	9.4	0.7104	8.5	0
164	2020	62	3974.4	2.6	7.3	0.7908	3.4	6.7
164	2020	63	9417.6	0.5	9.5	0.75	3.6	1
164	2020	64	7430.4	-1.4	9.8	0.7339	2.9	0.4
164	2020	65	8121.6	-1.4	8.9	0.6631	4.3	0.1
164	2020	66	2937.6	4.3	6.2	0.7543	5.1	1.8
164	2020	67	10281.6	0.6	10.4	0.6772	4.7	0
164	2020	68	2505.6	6.5	9.5	0.922	6.7	2.1
164	2020	69	8553.6	5.5	10.8	0.9315	5	2.1
164	2020	70	2073.6	5.6	11.8	1.0231	8.4	14.5
164	2020	71	12182.4	6.5	13.8	0.9667	6.3	0.7
164	2020	72	10540.8	4.3	11.1	0.7353	9.9	1
164	2020	73	8553.6	-3	9.8	0.6236	6	2.3
164	2020	74	12441.6	-3.3	11.2	0.6077	3.6	0
164	2020	75	5184	7.6	12.6	0.9388	6.3	0
164	2020	76	10108.8	1	12.6	0.8494	2.1	0
164	2020	77	8985.6	0.2	12.9	0.7379	5.5	0
164	2020	78	4665.6	6.3	12	0.9271	5.8	0.2
164	2020	79	8294.4	6.2	10.5	0.9003	3	0.4
164	2020	80	7171.2	2.2	8.4	0.7035	4.3	0
164	2020	81	15033.6	0.5	8.9	0.5551	6	0
164	2020	82	17625.6	-1.1	7.8	0.4272	5.2	0
164	2020	83	17625.6	-1.4	9.2	0.3795	4.2	0
164	2020	84	16934.4	-1.5	10.8	0.3659	3.8	0
164	2020	85	17539.2	-1.6	12.4	0.3856	3	0
164	2020	86	17712	-1.6	11	0.4185	4.4	0
164	2020	87	16848	0.3	14.2	0.6418	5.3	0
164	2020	88	15897.6	4.5	10.1	0.7155	5.6	0
164	2020	89	16675.2	-3.5	5.8	0.3652	6.7	0
164	2020	90	11404.8	-4.2	9	0.5882	4	1.1
164	2020	91	19440	-3.2	8.6	0.4599	2.5	0
164	2020	92	7862.4	-3.4	8.6	0.5671	3.4	0.1
164	2020	93	10972.8	0.4	12	0.7203	5.8	0.5
164	2020	94	8380.8	-1.6	9.1	0.5912	2.9	0.1
164	2020	95	19526.4	-0.8	14.8	0.5808	3.5	0
164	2020	96	20390.4	3.5	19.6	0.6393	4.5	0
164	2020	97	19180.8	6.4	23.6	0.9878	4.2	0
164	2020	98	16848	5.7	17.6	0.9858	2.6	0
164	2020	99	17884.8	4.7	21.9	1.007	1.9	0
164	2020	100	19353.6	2.1	18.2	0.9171	2.7	0
164	2020	101	19180.8	1.9	13.8	0.7535	2.7	0
164	2020	102	19958.4	2.3	19.8	0.8027	1.7	0
164	2020	103	16934.4	2.7	21.3	0.9388	2.9	0
164	2020	104	14428.8	4.4	9.1	0.5512	6.3	0
164	2020	105	11404.8	-0.1	9.4	0.5872	3.8	0
164	2020	106	22118.4	0.1	16.2	0.7798	2.8	0
164	2020	107	20476.8	-0.3	16.4	0.7961	3.2	0
164	2020	108	22464	0.9	12.3	0.7209	3.3	0
164	2020	109	22204.8	1.1	18.8	0.7826	4.9	0
164	2020	110	23414.4	4.7	16.5	0.5875	6.9	0
164	2020	111	23328	2.7	17.4	0.554	6.7	0
164	2020	112	23241.6	6.1	18.4	0.6695	7.2	0
164	2020	113	23587.2	6.8	20.2	0.7883	6.1	0
164	2020	114	22377.6	5.4	22.5	0.8435	3.2	0
164	2020	115	22032	6.7	16.6	0.9311	4.1	0
164	2020	116	19872	0.9	14.2	0.7174	3.1	0
164	2020	117	20390.4	-0.2	14.7	0.7436	1.5	0
164	2020	118	22896	2.7	20.5	0.887	3.3	0
164	2020	119	6912	6.8	10.9	0.9313	3.7	1.6
164	2020	120	7516.8	7	13.4	1.0694	3.1	1.7
164	2020	121	17539.2	8.4	16	0.9796	5.3	0.8
164	2020	122	12182.4	6.6	12.5	0.9881	5.1	7.8
164	2020	123	12960	4.2	13.8	0.9408	4	0.1
164	2020	124	14169.6	5.1	14.8	0.9538	2.9	0
164	2020	125	18921.6	2	13.8	0.7667	3.2	0
164	2020	126	24710.4	-1.1	12.8	0.6383	3	0
164	2020	127	26438.4	-1.4	14.5	0.6796	2.1	0
164	2020	128	26179.2	-1.1	18.3	0.7928	1.4	0
164	2020	129	24969.6	1.1	21.7	0.8754	1.3	0
164	2020	130	25660.8	7.4	23.1	1.1076	2.5	0
164	2020	131	16848	6.7	19.2	1.0588	5.3	0
164	2020	132	22550.4	2.7	10.9	0.5926	6.3	0.5
164	2020	133	11750.4	0	12.6	0.7253	3.7	0.9
164	2020	134	17280	0.8	11.4	0.6306	4.2	0
164	2020	135	22118.4	-3	12.3	0.5532	2.8	0
164	2020	136	14774.4	-2.9	14.5	0.6638	3.1	0
164	2020	137	13651.2	2.9	17.1	0.908	3.8	0
164	2020	138	21945.6	0.5	18.8	0.803	4	0
164	2020	139	21427.2	6.5	20.7	1.089	4.7	0
164	2020	140	12009.6	10.7	20	1.3238	2.8	0
164	2020	141	19180.8	10.6	20.6	1.3629	2.3	0
164	2020	142	26870.4	9.3	25.3	1.2817	2.1	0
164	2020	143	10713.6	12.2	22.9	1.3822	4.3	3.7
164	2020	144	20390.4	10.6	18.9	1.0726	6.3	0.1
164	2020	145	10022.4	10.2	15.9	1.2308	4.9	2.8
164	2020	146	22032	5.3	17.2	1.0534	4	0
164	2020	147	28252.8	4.4	21.6	1.0772	1.6	0
164	2020	148	26697.6	7.7	19.1	1.1057	3.7	0
164	2020	149	29808	3.7	17.4	0.8783	3.5	0
164	2020	150	29030.4	1.5	20.9	0.9436	3.4	0
164	2020	151	29203.2	7.6	21.9	1.0223	3.6	0
164	2020	152	25315.2	9	21.4	1.0178	4.7	0
164	2020	153	27216	8.9	24.5	1.0631	4.3	0
164	2020	154	27129.6	12.5	27.4	1.2566	2.8	0
164	2020	155	23760	13	24.9	1.5746	3.3	0
164	2020	156	4752	8.8	14.4	1.2009	4.3	4.5
164	2020	157	12182.4	5.7	13.8	1.0256	4.6	9.5
164	2020	158	18316.8	6.2	16.2	0.917	6.5	2.7
164	2020	159	15552	8.7	17.8	1.1862	5.4	0.9
164	2020	160	18230.4	8.3	18.6	1.2017	2.9	0
164	2020	161	16243.2	5.4	16	0.8742	2.1	0
164	2020	162	11404.8	4.7	17.1	1.0553	2.8	0
164	2020	163	4838.4	13.1	16.3	1.5703	3.2	6
164	2020	164	20217.6	15.2	25	1.8554	4.3	0
164	2020	165	20217.6	16.7	27.1	2.2032	2.8	0.1
164	2020	166	11836.8	16.5	25.1	2.1824	1.9	11
164	2020	167	8812.8	15.8	21.1	1.8865	1.8	13.1
164	2020	168	16156.8	14	22.6	1.7219	1.9	0
164	2020	169	21686.4	14	23.4	1.6579	2.7	0
164	2020	170	6739.2	14.9	19.9	1.7859	1.8	4.7
164	2020	171	20390.4	11.3	23.2	1.6119	1.7	4.4
164	2020	172	22377.6	9.5	22	1.3581	3	0
164	2020	173	21254.4	8.9	24.8	1.4566	2.8	0.3
164	2020	174	28252.8	9.4	23.5	1.3267	2.6	0
164	2020	175	28598.4	8.4	25.8	1.324	2.3	0
164	2020	176	28857.6	12.6	27.1	1.457	3.1	0
164	2020	177	26956.8	15.2	29.2	1.7095	3.3	0
164	2020	178	28425.6	16.9	30.4	1.662	3.2	0
164	2020	179	15552	16.2	27.2	2.0987	2.9	5.4
164	2020	180	20995.2	11.8	22	1.2882	5.8	0
164	2020	181	13824	12	20.5	1.2545	6.9	0.3
164	2020	182	5270.4	12.9	17.2	1.5548	4.7	11
164	2020	183	17712	12.4	22.9	1.6329	4.3	0
164	2020	184	12528	9.5	21.3	1.4678	3.3	5.5
164	2020	185	16675.2	9.2	21.6	1.2931	5.3	0
164	2020	186	5356.8	13.8	17.5	1.6513	7.3	8.1
164	2020	187	10972.8	13.8	22.2	1.731	7	2.5
164	2020	188	19094.4	9	18.2	1.1668	5.8	1.4
164	2020	189	15379.2	6.6	18.1	1.147	3.8	1.8
164	2020	190	12009.6	11.1	17.4	1.3956	2	0.4
164	2020	191	5875.2	11.8	14.2	1.4363	4	22.3
164	2020	192	14774.4	7.2	17.6	1.1939	4	10
164	2020	193	18316.8	7.1	18.8	1.193	2.6	6.3
164	2020	194	26006.4	5.8	20.5	1.118	2	0
164	2020	195	27993.6	6.3	22.7	1.1214	1.3	0
164	2020	196	6220.8	7.6	17.6	1.3117	1.7	4.7
164	2020	197	13910.4	7.7	19.4	1.3336	1.4	0
164	2020	198	11404.8	8.9	19.8	1.3556	1.3	0
164	2020	199	14083.2	13.4	21.7	1.6226	1.4	0
164	2020	200	19958.4	12.3	25.5	1.7223	2	0
164	2020	201	18230.4	14.4	24.7	1.8841	3.1	1.1
164	2020	202	26438.4	8.2	20	1.1732	3	0
164	2020	203	19440	6.7	20.3	1.1438	3.3	0
164	2020	204	19353.6	7.6	19.7	1.1394	2	0
164	2020	205	19180.8	12.1	23.4	1.3997	3.6	0
164	2020	206	16588.8	11.3	23.6	1.5527	3.4	0.1
164	2020	207	11232	10.5	20.9	1.5854	3.6	17.6
164	2020	208	22204.8	12.2	22.3	1.5332	4.5	5.9
164	2020	209	9763.2	12.8	20.3	1.5044	3.7	2.4
164	2020	210	16156.8	12	20.6	1.4066	5.2	0.6
164	2020	211	14169.6	7.4	18.4	1.0851	4.5	0.2
164	2020	212	23932.8	5.5	23.2	1.2086	2	0
164	2020	213	26265.6	11.6	28	1.5908	2.5	0
164	2020	214	16329.6	11.6	26.9	1.7602	3	0.1
164	2020	215	20822.4	9.6	22.1	1.4747	3.3	3.6
164	2020	216	13910.4	8.1	20	1.3616	1.5	3.2
164	2020	217	21427.2	8.2	20.8	1.1214	2.3	0
164	2020	218	24624	13.5	26.2	1.4107	4	0
164	2020	219	24451.2	12.9	29.4	1.6285	2.2	0
164	2020	220	24710.4	14.2	32.1	1.6976	2	0
164	2020	221	22291.2	14.5	33.3	1.8647	1.7	0
164	2020	222	16934.4	18.2	30.2	2.1698	3.5	0
164	2020	223	22377.6	16.9	32.2	2.0618	3	0
164	2020	224	20131.2	18.3	33	1.9054	3.9	0
164	2020	225	22032	19.7	33	1.8146	3.4	0
164	2020	226	20649.6	18.9	32	1.8505	3.3	0
164	2020	227	11923.2	18.3	26.5	2.2712	1.8	2.5
164	2020	228	11664	16.7	26.2	2.1435	1.6	0.6
164	2020	229	16588.8	15.9	29.8	2.1672	2.1	2.4
164	2020	230	8640	13.2	22.8	1.8341	1.7	3.3
164	2020	231	16934.4	11.9	24.4	1.7474	2.4	1.1
164	2020	232	18921.6	11	26.3	1.5024	2.4	0
164	2020	233	11750.4	19.2	27.3	2.1633	3.6	1.5
164	2020	234	18144	15.6	30	1.8283	4.7	0
164	2020	235	15292.8	14.8	23	1.6787	6	1.4
164	2020	236	12009.6	12	20.4	1.5632	4.7	4.8
164	2020	237	11836.8	9	19.3	1.3866	3.5	5.6
164	2020	238	7516.8	8.2	18.5	1.347	4.5	3
164	2020	239	9331.2	13.6	20.6	1.7329	8.1	13.9
164	2020	240	11404.8	10.7	19.2	1.3412	2.4	1
164	2020	241	11232	11.5	21.4	1.6256	4.3	6.4
164	2020	242	13046.4	10.8	19.3	1.4694	5.3	0.7
164	2020	243	7603.2	13.5	20.5	1.6833	3.8	1.2
164	2020	244	16156.8	9.7	19.3	1.2039	2.6	0.1
164	2020	245	16502.4	6.6	20.5	1.163	1.7	0
164	2020	246	20908.8	4.1	21.2	1.0967	1	0
164	2020	247	2937.6	9	18.2	1.4624	4.3	20.8
164	2020	248	12614.4	13	21.8	1.6272	3.3	0
164	2020	249	13478.4	9.3	18.9	1.3017	4.1	2.4
164	2020	250	11232	7.7	19.4	1.3646	3.4	1.4
164	2020	251	12355.2	6.3	20.5	1.3207	3.3	0.6
164	2020	252	5270.4	14.1	21	1.8229	4.5	0.3
164	2020	253	3974.4	8.6	19.5	1.4737	4.3	1.7
164	2020	254	12873.6	6.7	18.6	1.1113	1.7	0
164	2020	255	13132.8	7.9	19	1.2325	2.2	0
164	2020	256	9244.8	7.5	19	1.2926	3.8	0.1
164	2020	257	14256	10.1	23.2	1.6086	4.4	0
164	2020	258	16243.2	8.9	26.9	1.6792	1.7	0
164	2020	259	15379.2	11.3	29.8	1.9318	1	0
164	2020	260	12873.6	12.1	22	1.5722	3.6	0
164	2020	261	15984	7.5	18.2	1.0815	3.6	0
164	2020	262	17020.8	4.8	19.6	0.9512	4	0
164	2020	263	16416	6.4	22	1.0514	4.3	0
164	2020	264	16243.2	6	21.4	1.1588	3.6	0
164	2020	265	15379.2	6.7	23.6	1.3413	1.6	0
164	2020	266	14601.6	4.1	22.6	1.2398	0.9	0
164	2020	267	11577.6	6.7	22.5	1.3777	3.9	6.7
164	2020	268	11664	10.3	18.5	1.2781	5.1	4.2
164	2020	269	11232	6.1	14.7	1.0082	4.3	2.6
164	2020	270	5788.8	3.1	15.2	1.0199	3.3	9.3
164	2020	271	4665.6	12.6	16.7	1.482	3.4	1.3
164	2020	272	2419.2	11.5	13.5	1.419	2.7	1.3
164	2020	273	2678.4	10.6	17.2	1.5229	2	13.7
164	2020	274	6739.2	12.7	18.5	1.5576	3	0.1
164	2020	275	5356.8	10.3	17.2	1.3825	3.5	3.1
164	2020	276	9590.4	6.4	18.2	1.229	4.7	0
164	2020	277	1555.2	9.4	15.4	1.2803	4.6	8.6
164	2020	278	6393.6	9.5	15.1	1.1433	5.2	0.3
164	2020	279	4060.8	9.8	12.8	1.1372	4.8	1.6
164	2020	280	4924.8	9.5	14.9	1.2919	5	8.3
164	2020	281	7344	7.4	16.1	1.2129	4.4	5.6
164	2020	282	1641.6	9.4	15.9	1.3453	5.8	20.8
164	2020	283	7516.8	4.6	15.1	1.069	3.6	4.1
164	2020	284	8640	4.2	13.3	0.9814	4	1.7
164	2020	285	3456	3.2	12.7	0.9937	3.3	13.5
164	2020	286	6480	4.9	14.5	1.0583	2.5	2.3
164	2020	287	8726.4	6.3	14	1.0534	3	0
164	2020	288	6566.4	7.4	12.1	0.9291	4.4	0
164	2020	289	4752	3	11.5	0.7844	3.3	0
164	2020	290	7603.2	1.3	12.2	0.8465	1.4	0
164	2020	291	8985.6	2.8	13.8	0.9191	1.2	0
164	2020	292	5529.6	5.1	12.6	0.9994	2.5	1.5
164	2020	293	3801.6	6	11.7	1.0108	2.8	0.4
164	2020	294	2246.4	6.5	14	1.048	4.3	0.3
164	2020	295	2332.8	12.5	18.2	1.5154	6.3	7.8
164	2020	296	6048	10.3	16.4	1.3011	6.3	0
164	2020	297	5270.4	6.7	15.8	1.2268	3.8	0.2
164	2020	298	3369.6	10.1	15.3	1.2763	6.1	0.4
164	2020	299	1987.2	9	15.5	1.2392	5.5	1.3
164	2020	300	3456	8.4	12.1	1.048	5.2	0.3
164	2020	301	3024	7.5	11.1	1.0302	6.1	3.3
164	2020	302	5184	8.5	13.2	1.1167	6.1	1.5
164	2020	303	3888	6	13.3	1.0667	5.4	8.4
164	2020	304	1382.4	13.2	14.5	1.4864	6.4	6.4
164	2020	305	2851.2	8.9	14.4	1.246	4.8	2.4
164	2020	306	4147.2	8.9	17.4	1.3144	6.7	1.8
164	2020	307	2592	9.4	19.4	1.3272	9.3	0.1
164	2020	308	6652.8	5.5	12.2	0.8972	6.2	1.3
164	2020	309	5702.4	1	12	0.8515	3.5	0.1
164	2020	310	3801.6	0.7	11.3	0.8413	2.9	0
164	2020	311	4838.4	5.5	13.1	1.0419	2.1	0
164	2020	312	5616	2.2	12.6	0.9365	1.7	0
164	2020	313	5616	2.3	12.6	0.9398	2	0
164	2020	314	2332.8	4.7	11.2	1.0044	2	2.2
164	2020	315	1728	4.6	6.9	0.9095	2.3	0.2
164	2020	316	1555.2	6.9	10.9	1.1054	2.3	0
164	2020	317	3369.6	6.1	12.4	1.0501	4.8	2.1
164	2020	318	3542.4	5	12	1.0093	3.8	0.2
164	2020	319	1468.8	6.3	13.8	1.1203	3.5	0.3
164	2020	320	3110.4	8.5	16.1	1.1575	6.5	8.6
164	2020	321	1641.6	7.3	12.1	1.0823	6.5	2.5
164	2020	322	1123.2	7.8	13.2	1.1545	7.2	2.2
164	2020	323	3801.6	10.1	13.8	1.1172	6.8	0.5
164	2020	324	2851.2	1.3	10.5	0.7612	5.5	3.3
164	2020	325	3974.4	2	9.1	0.752	3.7	2.5
164	2020	326	864	4.6	9.9	0.9372	7.2	0.6
164	2020	327	3715.2	1.2	11	0.8471	4.4	1.8
164	2020	328	4320	1.5	10.3	0.8076	4	0
164	2020	329	1641.6	4.1	9.5	0.889	4.5	0
164	2020	330	3628.8	3.7	8.3	0.8319	3.7	0
164	2020	331	2160	5	10.5	0.9592	1.9	0
164	2020	332	950.4	4.9	7.8	0.9097	2	0.6
164	2020	333	691.2	2.3	6.4	0.7834	3.5	0
164	2020	334	4665.6	-4.5	4.1	0.5239	2.3	0
164	2020	335	777.6	-5	8.2	0.6446	4.3	7.4
164	2020	336	1900.8	5.1	9.3	0.9238	3.9	2.2
164	2020	337	345.6	4.3	5.1	0.8199	2.5	0
164	2020	338	432	3.7	5.7	0.7942	5.2	2.3
164	2020	339	2246.4	2.8	8.5	0.7482	4.4	0.8
164	2020	340	2851.2	-1.1	6.3	0.6776	2.1	1.3
164	2020	341	1123.2	-1.4	5.7	0.6848	2.1	8.2
164	2020	342	691.2	3.1	6.5	0.8256	3.8	8.3
164	2020	343	950.4	1.9	4.5	0.7224	1.8	0
164	2020	344	1036.8	0.8	3.3	0.6728	2.4	0
164	2020	345	691.2	0.6	1.7	0.6308	2.8	0
164	2020	346	1987.2	0.2	4.3	0.6178	3.8	0
164	2020	347	777.6	2.8	5.9	0.8	2.5	1.3
164	2020	348	1468.8	2.8	7.7	0.8342	3.3	0
164	2020	349	1123.2	5.6	10.3	0.9723	5.3	4.2
164	2020	350	604.8	5.9	9.3	0.9912	3.5	1.5
164	2020	351	1555.2	6.4	9.4	1.0116	3.5	0
164	2020	352	1382.4	6.2	9.8	0.9756	5	5.2
164	2020	353	1728	5.7	9.1	0.9057	5.5	0
164	2020	354	2505.6	5.9	11.5	0.9556	5.5	0
164	2020	355	1728	6.4	9.7	0.9467	4.8	0
164	2020	356	950.4	4.3	10.4	0.9641	4.9	5.5
164	2020	357	777.6	2.5	12.1	0.9608	4.6	9.9
164	2020	358	345.6	4.9	7.6	0.9225	3.3	18.7
164	2020	359	1555.2	3	6.8	0.7448	3.4	6.6
164	2020	360	2851.2	-1.5	6.3	0.639	2.5	0.8
164	2020	361	1468.8	1	6	0.7222	7.1	1.1
164	2020	362	345.6	4	5.6	0.7826	9.2	16.6
164	2020	363	2332.8	-0.2	5.4	0.6923	2.3	0.4
164	2020	364	777.6	1.7	3.9	0.7172	3.1	4.4
164	2020	365	2764.8	2.2	6	0.7697	5	1.5
164	2020	366	1555.2	-3.3	4.2	0.5934	3.4	0
