*---------------------------------------------------------------------------*
* Station name: BEEK                                    
* Year: 2001
* Author: Pedro Alencar                                   -999.000: NIL VALUE
* Source: ECAD 
* Comments: 
* Longitude: 50.9331, latitude: 50.9331, altitude: 115 m.
*
* Column  Daily value
* 1       station number
* 2       year
* 3       day
* 4       irradiation                   (kJ m-2 d-1)
* 5       minimum temperature           (degrees Celsius)
* 6       maximum temperature           (degrees Celsius)
* 7       early morning vapour pressure (kPa)
* 8       mean wind speed (height: 2 m) (m s-1)
* 9       precipitation                 (mm d-1)
*
** WCCDESCRIPTION=GERMANY, BEEK                                    
** WCCFORMAT=2
** WCCYEARNR=2001
*---------------------------------------------------------------------------*
   50.9331  5.8167    115.  -0.18 -0.55
168	2001	1	691.2	1.8	7.6	0.7003	7.3	7.1
168	2001	2	2937.6	7	11.7	0.9397	7.6	1.3
168	2001	3	2592	4.7	9.2	0.8283	6.8	2.3
168	2001	4	1382.4	6.3	9.4	0.8596	7.8	0.5
168	2001	5	432	6.2	10.4	0.9848	7.2	15.9
168	2001	6	864	3.6	9.2	0.884	5.6	6.4
168	2001	7	1728	2.6	6.8	0.7515	5.6	0.1
168	2001	8	3196.8	1.3	6.4	0.7322	5	1.3
168	2001	9	1987.2	0.9	5.8	0.7146	3.3	0
168	2001	10	1036.8	0.3	3.8	0.6657	4.1	4.1
168	2001	11	1123.2	0.7	3.8	0.6681	6	3.8
168	2001	12	4924.8	-2.3	3.6	0.538	4.5	0
168	2001	13	5270.4	-3	1.7	0.4545	5	0
168	2001	14	5788.8	-4.1	1.6	0.4908	4.6	0
168	2001	15	5270.4	-4.6	1.5	0.3546	5.4	0
168	2001	16	5011.2	-5.7	1.8	0.392	2.5	0
168	2001	17	5011.2	-8	0.6	0.3952	1.4	0
168	2001	18	2246.4	-3.5	3.5	0.5682	1.5	1.9
168	2001	19	2160	0.3	2.9	0.6584	1.2	0
168	2001	20	1728	-2.3	1.1	0.5615	1.5	1.2
168	2001	21	3974.4	-4	2.9	0.5224	3.8	11.1
168	2001	22	1468.8	2.8	8.7	0.8544	5.3	9.9
168	2001	23	3024	6.4	11.7	0.99	7.2	1.4
168	2001	24	2419.2	4.3	12	0.9207	7.5	3.3
168	2001	25	1468.8	4	8	0.8319	5	4.3
168	2001	26	2592	2.7	6.6	0.7319	5.6	0.2
168	2001	27	1468.8	1.9	5.7	0.6976	6.4	9.5
168	2001	28	5356.8	-0.8	6.8	0.6668	2.8	0
168	2001	29	2332.8	-0.6	5.2	0.6849	1.5	0.4
168	2001	30	2764.8	-0.7	3.9	0.6652	2.1	0
168	2001	31	3283.2	-2.1	4.7	0.5772	1.9	0
168	2001	32	3628.8	-2	0.8	0.579	2.8	0.7
168	2001	33	1555.2	-0.2	1.4	0.6062	3.7	6.5
168	2001	34	950.4	0.3	7.3	0.7857	4.6	10.5
168	2001	35	950.4	4.2	10.4	0.9506	5.8	11.2
168	2001	36	2592	7.7	10.7	1.0233	9.3	7.3
168	2001	37	1900.8	9.5	12.8	1.0995	8.6	4.5
168	2001	38	4147.2	8.3	11.4	1.069	5	4.7
168	2001	39	5356.8	6.4	12.8	0.872	8.6	1.7
168	2001	40	6998.4	0.5	6.5	0.628	3	0.5
168	2001	41	5443.2	-2	7.3	0.6135	3.2	0
168	2001	42	3283.2	5.9	11.3	0.9045	7.6	0
168	2001	43	4492.8	8	14	1.1148	5.5	6.6
168	2001	44	3542.4	2.2	8	0.7552	5.5	1
168	2001	45	5961.6	0.6	7	0.7216	3.3	0
168	2001	46	9158.4	0	12	0.7291	1.5	0
168	2001	47	5702.4	0.2	7.6	0.7348	3.5	6.6
168	2001	48	1209.6	2.2	5.7	0.7455	4.8	0.4
168	2001	49	2764.8	-0.1	3.8	0.6284	2.5	0
168	2001	50	4060.8	1	5.5	0.6556	3.5	0.4
168	2001	51	4752	2.7	8.1	0.7891	3.3	0.2
168	2001	52	1382.4	2.6	7.2	0.8314	5.5	2.3
168	2001	53	4406.4	3.4	7	0.7694	4.8	0.9
168	2001	54	6998.4	0	5.3	0.6652	3.5	4.5
168	2001	55	7603.2	-5.5	1.1	0.4264	3.3	1
168	2001	56	11750.4	-6.1	3.5	0.4501	4.9	0
168	2001	57	8294.4	-1.7	3.9	0.5359	4.9	0
168	2001	58	6220.8	-1.6	4.8	0.4732	4	0
168	2001	59	7862.4	1.8	7.1	0.5707	3.1	0
168	2001	60	5443.2	1.2	5.6	0.6626	2.9	0.3
168	2001	61	6652.8	-0.2	6	0.6621	3.3	0
168	2001	62	2678.4	-0.8	0.4	0.5119	4.5	0
168	2001	63	3196.8	-0.4	3.5	0.6492	3.1	1.5
168	2001	64	5097.6	0.4	4.7	0.5725	3	0
168	2001	65	13132.8	-1.9	10.3	0.6102	3.6	0
168	2001	66	6652.8	3	15.4	1	3.9	4.7
168	2001	67	2592	7.5	12.5	1.1166	4.1	1.4
168	2001	68	5529.6	8.2	11.7	1.0639	6.2	2.5
168	2001	69	3974.4	8.7	13	1.1557	6	3.1
168	2001	70	4147.2	10	13.9	1.2569	5.7	2.3
168	2001	71	7344	4.5	14	0.9334	5.7	3.2
168	2001	72	5529.6	3.4	9.1	0.8274	7.4	5.5
168	2001	73	8553.6	3.6	9.5	0.7961	6	0.1
168	2001	74	6220.8	5	10.2	0.9494	1.6	2.1
168	2001	75	8035.2	7.1	12.7	1.0847	3.8	0
168	2001	76	3628.8	5.4	8.8	0.9377	2.7	0
168	2001	77	3801.6	3.1	9.9	0.8902	5.4	12.1
168	2001	78	8121.6	-1.3	5.3	0.5716	5.3	2.1
168	2001	79	8899.2	-2.5	4.3	0.45	5.2	0
168	2001	80	3369.6	0.7	10.2	0.8458	4.8	13.2
168	2001	81	4060.8	4.7	9.6	0.9611	3	1.7
168	2001	82	3456	6.6	14.3	1.1127	5.5	6.7
168	2001	83	6652.8	4.6	11.8	0.9673	4.2	9.1
168	2001	84	1382.4	1.9	4.7	0.7198	5.5	8
168	2001	85	3628.8	1.1	3.7	0.6099	2.9	0
168	2001	86	11059.2	2.5	7.2	0.6645	5.1	0
168	2001	87	12182.4	3.3	14.3	0.8602	6	1.7
168	2001	88	6825.6	2.2	10.2	0.8625	5	15.1
168	2001	89	8294.4	2.6	10.9	0.8564	3.5	5.9
168	2001	90	11836.8	3.9	14.4	0.8692	5.5	0
168	2001	91	15206.4	8.5	18.2	1.1633	3	0
168	2001	92	19612.8	6.3	22.2	0.9574	4.1	0
168	2001	93	9504	9.7	16.1	1.0702	5.6	0
168	2001	94	8035.2	4.6	12.6	0.8487	7	3.9
168	2001	95	9849.6	4.7	11.5	0.842	7.5	2.1
168	2001	96	7776	8.1	13.9	1.0755	8	1.6
168	2001	97	12096	6.6	12.9	0.905	5.4	1.4
168	2001	98	8208	4.9	11.5	0.8694	3.1	0.3
168	2001	99	5011.2	4.8	10.6	0.9349	3.8	0.3
168	2001	100	7430.4	6.5	10.8	1.0196	4.2	12.8
168	2001	101	4406.4	4.7	10.8	0.9486	3.1	2.5
168	2001	102	9590.4	0.9	8.7	0.6794	3.6	0
168	2001	103	9676.8	-0.3	7.7	0.5493	3.9	0.1
168	2001	104	15292.8	-2.5	5.4	0.4953	4.3	9.1
168	2001	105	8380.8	3	10.4	0.8633	5.4	12.3
168	2001	106	10454.4	4.2	10	0.8772	4	2.3
168	2001	107	8812.8	4.2	8	0.7153	3.8	0.1
168	2001	108	11145.6	1.2	8.3	0.6856	5.7	5.2
168	2001	109	15206.4	1.4	7.2	0.7225	5.1	1.2
168	2001	110	13478.4	1	8.4	0.7174	3.2	0.4
168	2001	111	15120	-0.2	10.6	0.6809	3.6	0
168	2001	112	21772.8	-0.1	12.5	0.6445	2	0
168	2001	113	11491.2	4.9	13.5	0.7326	1.7	0
168	2001	114	13910.4	2.5	15.7	0.8316	4.3	7.4
168	2001	115	9763.2	7.6	14.9	1.1334	5	1.9
168	2001	116	12700.8	7.6	14.6	1.0298	6.6	0.5
168	2001	117	7084.8	6.5	11.5	1.044	3.7	6.1
168	2001	118	12700.8	8.3	15.1	1.1265	6.2	3.3
168	2001	119	15033.6	7.8	16.7	1.168	3.5	7.4
168	2001	120	17452.8	9.1	19.8	1.2986	2.5	0
168	2001	121	6825.6	9.4	17.1	1.3534	3.9	0.5
168	2001	122	20736	8.6	22.2	1.2931	4.1	0
168	2001	123	15206.4	11	21.2	1.5715	3.8	5.1
168	2001	124	2505.6	7.9	11	1.0643	4.3	1.8
168	2001	125	15638.4	5.4	12.3	0.7836	7.5	0
168	2001	126	14688	3.5	13.5	0.8097	4.8	0
168	2001	127	23587.2	8.9	16.5	0.9389	5.5	0
168	2001	128	14860.8	7	16.4	1.0303	3.9	0
168	2001	129	25574.4	8.5	23.6	1.2751	4.3	0
168	2001	130	27043.2	12.6	24.6	1.1982	4.8	0
168	2001	131	26956.8	11.3	25.2	1.1095	3.3	0
168	2001	132	27216	11.7	24	1.1228	3.7	0
168	2001	133	25920	10.9	26	1.1022	2.5	0
168	2001	134	12614.4	10.5	21.2	1.5287	3.8	6.5
168	2001	135	24019.2	8.1	20.3	1.2616	3.4	3.6
168	2001	136	14601.6	11.6	18.4	1.3966	6.7	5.5
168	2001	137	18230.4	8.3	17.1	1.0123	7	0.8
168	2001	138	4579.2	7.6	12.9	1.0605	5.3	0.4
168	2001	139	15552	8	17.3	1.0528	3	0
168	2001	140	27907.2	5.2	18	0.9143	2.8	0
168	2001	141	27129.6	8.2	18.7	1.0785	4.9	0
168	2001	142	28166.4	7	19.7	0.9949	4.8	0
168	2001	143	28598.4	8.2	23	1.0266	3.9	0
168	2001	144	27993.6	11.7	24.9	1.1969	3.1	0
168	2001	145	27388.8	10.3	23.4	1.1691	3	0
168	2001	146	24451.2	9.9	25.6	1.0955	2.3	0
168	2001	147	17712	15.1	20.8	1.4175	4.7	0
168	2001	148	17366.4	15	25.1	1.639	6	0
168	2001	149	27907.2	13.1	23.5	1.1969	4.8	0
168	2001	150	21340.8	10.9	23.3	1.1877	1.9	0
168	2001	151	21427.2	10.9	18.7	1.0929	4.7	0
168	2001	152	18057.6	10.3	17.6	1.0822	4.4	1.1
168	2001	153	6220.8	7.4	13.7	1.1583	6.1	6.7
168	2001	154	17107.2	6.6	13	0.908	5.3	1.3
168	2001	155	13046.4	6.7	15.8	0.9868	4.1	0
168	2001	156	28166.4	8.4	22.1	1.0211	3.3	0
168	2001	157	19785.6	12.6	20.9	1.2569	4.9	0.2
168	2001	158	9072	10.3	16.2	1.2014	5.7	7
168	2001	159	15292.8	8.3	16.5	0.9926	3.4	0
168	2001	160	27302.4	5.3	17.8	0.8025	2	0
168	2001	161	16934.4	9.2	18.2	1.0805	2.4	3
168	2001	162	20649.6	8.8	17.5	1.0727	3.4	0.8
168	2001	163	20649.6	8.6	18.6	0.9957	3.6	0
168	2001	164	19267.2	8.7	20.3	1.1214	1.8	0
168	2001	165	22809.6	12.3	22.5	1.27	1.6	0
168	2001	166	16934.4	12.3	23	1.4313	4.7	0.3
168	2001	167	20736	11.4	21.7	1.4855	4.5	12.2
168	2001	168	10195.2	12.4	18.3	1.6025	4.4	17.5
168	2001	169	7862.4	10.1	15.3	1.247	4.2	0.7
168	2001	170	28166.4	8.5	18.4	1.0477	2.1	0
168	2001	171	28339.2	8.5	22.8	1.1186	3.7	0
168	2001	172	23500.8	9.7	20.6	1.1178	4.3	0
168	2001	173	17712	9	18.9	1.1141	4	0
168	2001	174	23328	7.9	21.2	1.1251	1.5	0
168	2001	175	24710.4	10.7	26	1.2849	1.5	0
168	2001	176	27648	15.3	26.9	1.4487	3.1	0
168	2001	177	28166.4	14.1	31.2	1.4823	3.3	0
168	2001	178	13996.8	17.6	25.3	1.7862	3.6	0.4
168	2001	179	22982.4	15.2	23.5	1.5022	4.6	0
168	2001	180	23673.6	16.2	24.8	1.637	3.3	0
168	2001	181	12528	15.4	23.8	1.6395	3.1	8
168	2001	182	21945.6	13.4	23.8	1.455	4.1	0
168	2001	183	10368	14.4	21.1	1.5012	1.8	0
168	2001	184	29894.4	13.6	26.7	1.4607	4.3	0
168	2001	185	30412.8	14.4	28.7	1.3094	5.4	0
168	2001	186	24364.8	17.1	31.6	1.7332	3.9	0
168	2001	187	19526.4	19.3	29.7	2.1477	2.8	7.2
168	2001	188	16502.4	16.6	23.9	1.9675	5.4	10.3
168	2001	189	3196.8	15.2	17.4	1.6472	6.2	3.8
168	2001	190	19180.8	12.8	22	1.4883	5	0
168	2001	191	19267.2	13.3	25.4	1.5918	5.7	1.8
168	2001	192	22118.4	13.6	19.9	1.276	8.8	1
168	2001	193	14688	12	20.1	1.348	6.2	0.3
168	2001	194	18748.8	11.8	19.9	1.2949	5.1	0
168	2001	195	6048	12.8	17.4	1.5941	2.5	10.4
168	2001	196	20044.8	10.6	21.1	1.3848	2.8	1.2
168	2001	197	19440	12.8	20.1	1.3827	2.3	1
168	2001	198	20736	12.1	23.6	1.429	3	1.4
168	2001	199	16070.4	14.2	21.1	1.5724	6.2	4.9
168	2001	200	11577.6	13.8	19	1.6763	5.4	10.1
168	2001	201	9158.4	9.8	17.5	1.3735	4.7	3.7
168	2001	202	14515.2	9.7	20.7	1.3456	4.3	0
168	2001	203	17798.4	15.8	26.1	1.7076	2.8	0
168	2001	204	19180.8	17	24.2	1.8408	3	0
168	2001	205	23155.2	14.8	26.1	1.7519	2	0
168	2001	206	25747.2	15.9	27.2	1.7202	2.6	0
168	2001	207	19008	15.6	29.3	1.9526	2.5	0
168	2001	208	18057.6	17.1	30.1	2.0058	2.3	9.8
168	2001	209	23414.4	17.8	27.4	2.0252	2.9	0
168	2001	210	25056	15.9	26.9	1.7554	1.9	0
168	2001	211	23760	16.9	29.5	1.8162	3.8	0
168	2001	212	20304	15.6	27	1.8711	4.3	0
168	2001	213	23414.4	12.7	23.8	1.4862	2.4	0
168	2001	214	19353.6	13.7	29.6	1.7565	3.1	13.6
168	2001	215	14860.8	17.2	23.4	1.9023	4.6	0.2
168	2001	216	17884.8	13.9	21	1.5129	5	1.6
168	2001	217	17280	14.1	21.7	1.5154	5.2	4.7
168	2001	218	10108.8	15.4	21.7	1.8344	5	3
168	2001	219	10108.8	16	20.4	1.7737	6.2	10.2
168	2001	220	15984	13.6	20.2	1.5381	7.4	7.3
168	2001	221	15033.6	12.6	22.4	1.6175	4.9	1.6
168	2001	222	14256	11.2	18.9	1.4011	3.5	5.7
168	2001	223	19785.6	9.5	21.4	1.2972	4	0
168	2001	224	17539.2	13.1	24	1.3651	6	0
168	2001	225	13737.6	17.5	24.4	1.8561	5.4	0
168	2001	226	23587.2	15.6	30.6	1.8617	1.8	0
168	2001	227	21859.2	17.9	32.9	1.9745	2.8	0
168	2001	228	11664	13.2	24.3	1.6846	4.7	8.3
168	2001	229	23846.4	11.4	24.6	1.3189	2	0
168	2001	230	18921.6	15.4	27.8	1.9315	2.8	5.9
168	2001	231	18144	16.3	24.2	1.6831	5.6	0.7
168	2001	232	12700.8	15.2	21.3	1.57	3	0
168	2001	233	19180.8	15.1	26.8	1.7819	1.7	0
168	2001	234	19699.2	15.6	28.4	1.7152	1.9	0
168	2001	235	17884.8	16.9	28.8	1.7504	1.7	0
168	2001	236	20563.2	17.9	30.1	1.9057	2	0
168	2001	237	20995.2	17.6	33.2	1.8774	1.4	0
168	2001	238	19612.8	18.1	34.2	1.8949	3	0
168	2001	239	16588.8	13.2	21.8	1.4378	4.5	2.9
168	2001	240	21600	9.9	20.5	1.1904	2.3	0
168	2001	241	21081.6	10	23.1	1.1847	3.6	0
168	2001	242	6825.6	11.2	18.4	1.2946	2.4	0.8
168	2001	243	11059.2	12.2	20.4	1.5732	3.4	1.6
168	2001	244	8121.6	9.7	19	1.3229	2.5	0.7
168	2001	245	6566.4	8.8	17.5	1.39	5	2.3
168	2001	246	4060.8	13.6	17.4	1.6883	4.5	18.9
168	2001	247	9849.6	11.5	16.4	1.4483	4.5	9.6
168	2001	248	9763.2	11.7	17.8	1.391	3.8	0.9
168	2001	249	6048	11.2	17.5	1.5353	3.5	17.9
168	2001	250	5270.4	12.2	17	1.4607	5.5	0.3
168	2001	251	9158.4	8.1	16.1	1.1283	5.6	9.4
168	2001	252	12096	8.6	13	1.1648	5.7	8.5
168	2001	253	9072	9.8	15.7	1.3247	5.3	1.9
168	2001	254	10281.6	9.3	16	1.2429	5.4	0.3
168	2001	255	6048	12.6	18	1.4758	5	0.6
168	2001	256	7862.4	10.9	16.4	1.3423	6.1	8.5
168	2001	257	7948.8	10.1	15.9	1.2867	3.6	0
168	2001	258	7430.4	9.2	15.8	1.2742	5.2	6
168	2001	259	9331.2	8.5	14.4	1.2296	3.9	9
168	2001	260	8899.2	7.3	14.7	1.1935	3	12.8
168	2001	261	10713.6	5.9	14.6	1.0605	2.7	0
168	2001	262	4060.8	9.9	13	1.1756	6.5	13.6
168	2001	263	4060.8	11.5	15.4	1.3866	6.3	1.1
168	2001	264	8726.4	8.6	17	1.3143	3.7	3.6
168	2001	265	9417.6	6.6	15.9	1.2134	2.9	0.2
168	2001	266	7516.8	8.2	15.8	1.2751	2.9	0
168	2001	267	12268.8	8.3	17.2	1.2952	1.4	0
168	2001	268	9504	8.7	16.7	1.3057	2.3	0
168	2001	269	11664	7.6	17.5	1.2639	3.2	3.6
168	2001	270	4838.4	12.2	17.7	1.5279	5.7	0.3
168	2001	271	12441.6	10.7	20.7	1.4607	2.8	0
168	2001	272	9072	10.3	20.6	1.5251	3	3.7
168	2001	273	12009.6	13.6	20	1.5666	4.7	1.2
168	2001	274	3974.4	15.8	19.2	1.7174	7.7	7
168	2001	275	6739.2	13.6	24	1.8199	6.7	12.9
168	2001	276	5875.2	13	17.3	1.5133	3.7	2.3
168	2001	277	10108.8	10.4	17.3	1.344	5.1	0
168	2001	278	10368	10.2	19.4	1.3619	2.6	0
168	2001	279	9849.6	12.2	20.1	1.5216	4.8	3.4
168	2001	280	8726.4	13.4	18.5	1.448	5.4	0
168	2001	281	7948.8	12.7	17.4	1.2985	8	0.1
168	2001	282	5270.4	12	15.7	1.2492	6.7	0
168	2001	283	10972.8	9.1	17.1	1.2499	5.8	0
168	2001	284	10281.6	10.6	18.4	1.3688	5.2	0
168	2001	285	10972.8	8.1	22	1.3156	2.4	0
168	2001	286	8726.4	12	23.8	1.5973	1.9	0
168	2001	287	7776	12.9	21.4	1.6408	3.9	0.4
168	2001	288	8640	12.6	22.3	1.6124	3.8	0
168	2001	289	9936	9.7	17.9	1.2451	2.8	0
168	2001	290	7430.4	9	18.9	1.4005	2.8	0
168	2001	291	7516.8	10.4	20.2	1.4932	2.7	5.9
168	2001	292	8294.4	12.5	21.1	1.6621	2.9	0
168	2001	293	5356.8	11.7	19.3	1.4421	2.8	0
168	2001	294	5529.6	13	16	1.3358	5.4	0
168	2001	295	7862.4	8.9	16.4	1.2137	5.2	0
168	2001	296	1987.2	9.4	15	1.3061	3.2	6.1
168	2001	297	5529.6	9.5	15	1.2962	4.3	1.7
168	2001	298	5011.2	11.5	15.9	1.4093	4.5	0
168	2001	299	8035.2	10.2	16.3	1.2926	4.7	0
168	2001	300	3196.8	9.8	15	1.2659	4.8	5.3
168	2001	301	2160	7.2	12.7	1.174	2	9.5
168	2001	302	4752	7.8	13.6	1.1828	5.2	0
168	2001	303	7257.6	11.5	19.1	1.2848	7.5	0
168	2001	304	2592	6.8	17	1.1136	6.2	2.4
168	2001	305	6739.2	4.3	12	0.9207	2.9	0
168	2001	306	7776	3.1	12.9	0.9542	2.1	0
168	2001	307	6825.6	2.4	12.6	0.9222	1.7	0
168	2001	308	5875.2	1.5	11.1	0.8684	2.4	0
168	2001	309	5961.6	3.2	11.2	0.802	2.8	0
168	2001	310	1036.8	4.8	10.4	0.9286	6.8	1.9
168	2001	311	1641.6	8.4	11.4	1.1091	5.9	1.9
168	2001	312	2160	1.8	10.6	0.8625	6.3	19
168	2001	313	5616	-1.3	6	0.644	3.7	1.3
168	2001	314	6307.2	-2.4	5.8	0.6078	1.3	0
168	2001	315	1468.8	-1.1	5.3	0.6113	3.7	0
168	2001	316	864	4.8	9.6	1.005	2.9	4.3
168	2001	317	2505.6	2.6	9	0.8389	4	1.3
168	2001	318	4492.8	-1.5	6.7	0.6408	3.3	0
168	2001	319	6134.4	-3.4	2.8	0.5739	1.6	0
168	2001	320	1728	-1	5.8	0.7189	1.4	0.2
168	2001	321	2678.4	1.4	6.2	0.7376	3.5	0
168	2001	322	3542.4	1	5.9	0.7197	2.4	0
168	2001	323	3801.6	0.6	7.5	0.767	2	0
168	2001	324	1728	4.3	7.5	0.9005	3.1	0.1
168	2001	325	1987.2	5.9	8.3	0.7864	7.2	0
168	2001	326	604.8	1.3	8.6	0.7995	7	13.7
168	2001	327	4492.8	1.1	6	0.7011	3.5	0.8
168	2001	328	604.8	2.6	7.1	0.8457	4.5	6.8
168	2001	329	950.4	7	10.3	1.1093	4	5.2
168	2001	330	518.4	4.1	9.3	0.9417	2.7	8.9
168	2001	331	2160	0.5	6.2	0.7457	4.7	3.6
168	2001	332	3110.4	3.4	8.2	0.8297	4.7	0.3
168	2001	333	864	3.7	10	0.9317	6.5	14.7
168	2001	334	777.6	9.8	12.5	1.3114	4.2	8.9
168	2001	335	1641.6	8.9	13.4	1.2584	4.6	3.2
168	2001	336	1728	7	9.3	1.0615	2	0
168	2001	337	950.4	8.5	10.3	1.1314	1.8	0.2
168	2001	338	864	7.1	10.5	1.0187	5.5	5.4
168	2001	339	1641.6	4.9	11.8	0.9552	6.9	0.5
168	2001	340	2073.6	1.9	9.6	0.7809	4.5	0
168	2001	341	2764.8	-1.4	4.2	0.6693	2	0
168	2001	342	4406.4	-2.2	4.8	0.6175	2.6	0
168	2001	343	4492.8	-3	2.6	0.5299	3.3	0
168	2001	344	3196.8	-2	3.2	0.5297	2.7	0
168	2001	345	950.4	-2.4	3.1	0.6204	1.3	0
168	2001	346	691.2	1.9	2.8	0.7235	3.3	0
168	2001	347	1555.2	-4.4	3.3	0.4637	4.9	0
168	2001	348	4147.2	-7	-2.1	0.3097	3.8	0
168	2001	349	2592	-7	-0.2	0.3935	3	0
168	2001	350	3542.4	-2.7	2.2	0.528	3.8	0
168	2001	351	1036.8	-2.7	-0.2	0.5331	2.8	0
168	2001	352	864	-0.9	1.9	0.6336	2.1	0.2
168	2001	353	864	1.7	3.8	0.7221	4.9	1.1
168	2001	354	4060.8	-3.1	3.2	0.5212	3.2	0.2
168	2001	355	259.2	0.4	4	0.6729	8.8	18.7
168	2001	356	1036.8	-0.9	1.7	0.6164	4.6	4.5
168	2001	357	4406.4	-7.7	-0.9	0.4	2.3	0
168	2001	358	604.8	-5.6	5.3	0.5439	9.3	2.6
168	2001	359	432	2.2	6.1	0.7724	7.3	11.3
168	2001	360	604.8	-1.9	2.3	0.6075	4.6	7.6
168	2001	361	1382.4	-4.3	5.6	0.6148	6.8	6.9
168	2001	362	2246.4	2.9	8.9	0.7241	9.1	1.3
168	2001	363	691.2	-0.9	3	0.6263	4.3	4.8
168	2001	364	1036.8	-3.2	1.3	0.5245	4.9	0
168	2001	365	1987.2	-3.9	-0.4	0.5115	4	0
