*---------------------------------------------------------------------------*
* Station name: BEEK                                    
* Year: 1997
* Author: Pedro Alencar                                   -999.000: NIL VALUE
* Source: ECAD 
* Comments: 
* Longitude: 50.9331, latitude: 50.9331, altitude: 115 m.
*
* Column  Daily value
* 1       station number
* 2       year
* 3       day
* 4       irradiation                   (kJ m-2 d-1)
* 5       minimum temperature           (degrees Celsius)
* 6       maximum temperature           (degrees Celsius)
* 7       early morning vapour pressure (kPa)
* 8       mean wind speed (height: 2 m) (m s-1)
* 9       precipitation                 (mm d-1)
*
** WCCDESCRIPTION=GERMANY, BEEK                                    
** WCCFORMAT=2
** WCCYEARNR=1997
*---------------------------------------------------------------------------*
   50.9331  5.8167    115.  -0.18 -0.55
168	1997	1	4579.2	-17.5	-12.3	0.1579	4.1	0
168	1997	2	3888	-18.5	-8.9	0.1806	2.9	0
168	1997	3	2246.4	-11.5	-5.3	0.2856	5.4	0.2
168	1997	4	1555.2	-6.2	-4	0.3724	4.7	0
168	1997	5	1814.4	-5.6	-3.8	0.3752	3.1	0
168	1997	6	2160	-11.1	-3.6	0.3064	2.9	0
168	1997	7	1987.2	-11.3	-4.4	0.2981	2.8	0
168	1997	8	4233.6	-12.5	-5.4	0.2736	3	0
168	1997	9	3542.4	-8.6	-4.9	0.3209	3.8	0
168	1997	10	1209.6	-6.9	-3.7	0.3585	2	0
168	1997	11	2678.4	-7.8	-1.6	0.3623	1.6	0
168	1997	12	2764.8	-8	3.3	0.3908	3.3	0
168	1997	13	4838.4	-2	6.7	0.5571	2	0
168	1997	14	5011.2	-2.5	8.3	0.5041	1.7	0
168	1997	15	5356.8	-2.6	7.9	0.4805	2.6	0
168	1997	16	5184	-2.2	8.9	0.5282	1.8	0
168	1997	17	5184	-0.6	9.1	0.5627	4.1	0
168	1997	18	1900.8	-1	6.7	0.7272	3.2	0
168	1997	19	1296	-1.4	6.3	0.7214	3.5	3.3
168	1997	20	432	1	4.8	0.7524	3	0.2
168	1997	21	2419.2	0.6	4.1	0.6657	4.9	0
168	1997	22	3542.4	1.6	12.5	0.8039	5.3	0
168	1997	23	4579.2	2.8	9.3	0.8723	3.1	0
168	1997	24	950.4	2.6	6.1	0.8334	1.8	0
168	1997	25	4406.4	-1.5	3	0.6451	2.6	0
168	1997	26	691.2	-0.6	1.8	0.6382	3.1	0
168	1997	27	1296	-1.6	-0.1	0.5513	1.5	0.3
168	1997	28	1728	-3.9	1.1	0.5461	1.3	0
168	1997	29	1209.6	0.4	2.2	0.6578	2.3	0
168	1997	30	1814.4	1.1	3.1	0.6326	2.3	0
168	1997	31	3456	1.1	5.2	0.7046	1.5	0.2
168	1997	32	2505.6	-1.8	3	0.5424	2.6	0
168	1997	33	5529.6	-2.8	1.8	0.5126	3.7	0
168	1997	34	1900.8	-0.7	2.2	0.6193	3.4	0.5
168	1997	35	2332.8	0.2	5.4	0.6649	8.5	4.3
168	1997	36	2160	0.2	5.3	0.6998	4.9	10.9
168	1997	37	6307.2	0.9	8.1	0.6906	5.6	0
168	1997	38	4492.8	2.7	9	0.6661	5.6	0.4
168	1997	39	1987.2	5.1	8.5	0.9779	2.5	0.6
168	1997	40	3628.8	6.7	11.4	0.9785	5	0
168	1997	41	4579.2	5.4	11.3	0.8564	8.9	1.7
168	1997	42	6134.4	1.2	7.9	0.6592	7.4	2.3
168	1997	43	864	6.3	11.7	1.0325	9.9	14.5
168	1997	44	1641.6	2.1	9.9	0.7852	10.2	19.1
168	1997	45	4406.4	1.8	6.4	0.7042	4.8	0
168	1997	46	5443.2	0.2	7.6	0.6944	3	0
168	1997	47	6912	1.9	7	0.6462	3.5	0
168	1997	48	3110.4	3.5	8.6	0.7785	6	0.2
168	1997	49	3801.6	4.5	11.8	0.8557	9.2	9.7
168	1997	50	5529.6	2	9.2	0.6728	8.5	0.7
168	1997	51	6220.8	4.7	10.1	0.7307	9	0.6
168	1997	52	1209.6	8.1	9.9	0.9637	9.3	1.7
168	1997	53	3715.2	5.2	11.8	0.9539	4.5	0
168	1997	54	5961.6	3.4	12.6	0.8684	6.3	0
168	1997	55	1814.4	7.4	12.1	1.0136	9.3	14.2
168	1997	56	2073.6	9.6	13.7	1.068	11.8	5.2
168	1997	57	6134.4	5	10.7	0.7853	10.5	6.3
168	1997	58	4492.8	5	9.5	0.7946	5.1	3.7
168	1997	59	10368	5.6	16	0.6601	6.8	0
168	1997	60	9244.8	4.8	13.6	0.9535	5.6	0.3
168	1997	61	6307.2	8.2	14.6	1.1313	7.4	4.5
168	1997	62	9158.4	6.4	10.9	0.874	2.4	2.9
168	1997	63	5875.2	6.2	14.7	1.1506	3.9	1.1
168	1997	64	5961.6	5.3	11.9	0.9268	4.4	0
168	1997	65	1468.8	5.8	8.3	0.9646	2.9	0.9
168	1997	66	11491.2	4.2	15.1	0.9468	2.3	0
168	1997	67	11923.2	4.6	14.9	0.9412	2.5	0
168	1997	68	13392	4.3	15.4	0.8746	3.7	0
168	1997	69	13478.4	3.3	16.9	0.7535	1.8	0
168	1997	70	11232	3	11	0.9313	2.5	0
168	1997	71	11404.8	2.9	16.8	0.9961	2.7	0
168	1997	72	7257.6	7.9	13.8	1.1037	4.8	0
168	1997	73	2332.8	7.1	9.8	0.9838	5.2	1.2
168	1997	74	3024	8	10.9	1.1116	5	0.5
168	1997	75	3283.2	9.3	11.9	1.1749	5.4	0
168	1997	76	9763.2	6	14	1.0184	3.5	0
168	1997	77	4579.2	5.5	12.6	1.036	5.4	3
168	1997	78	3196.8	3.3	8.5	0.8262	6.3	6.7
168	1997	79	5184	2.3	6.7	0.6737	3.8	0.1
168	1997	80	8553.6	2.4	8.6	0.7314	4.5	0.5
168	1997	81	15984	-1.1	8.4	0.5792	2.5	0
168	1997	82	2678.4	3.2	8.2	0.7324	4.1	1.7
168	1997	83	5702.4	5.9	9.5	0.9454	1.2	0
168	1997	84	3801.6	3.5	9.8	0.9189	2.3	2
168	1997	85	9849.6	2.8	13.5	0.8882	6.8	0.2
168	1997	86	16329.6	10.2	15.1	1.0967	7.5	0.3
168	1997	87	11750.4	3.7	12.6	0.834	6.8	5
168	1997	88	6912	2.8	8.6	0.7141	4.6	0
168	1997	89	8899.2	4	12.4	0.8368	2.4	0
168	1997	90	17712	1.5	15.2	0.8344	1.7	0
168	1997	91	17798.4	3.1	18	0.8783	2.1	0
168	1997	92	19008	4	15.7	0.8139	1.8	0
168	1997	93	5616	4.4	11.2	0.8673	4.5	0.4
168	1997	94	15033.6	2.9	9.2	0.5816	4.9	0
168	1997	95	1209.6	4.1	10.7	0.9057	7.4	13.4
168	1997	96	16416	1	10.3	0.5839	5.3	0
168	1997	97	21427.2	-1.7	10.2	0.5048	3.3	0
168	1997	98	21081.6	0.7	13.7	0.4974	3.6	0
168	1997	99	17280	2.8	17.2	0.5399	1.2	0
168	1997	100	19008	2.8	17	0.7191	2.1	0
168	1997	101	7430.4	3	10.9	0.6886	5.5	0
168	1997	102	8467.2	2.2	9.4	0.6638	4	0
168	1997	103	22550.4	0.9	12.4	0.6354	2	0
168	1997	104	5270.4	4.6	12.6	0.8598	4	0.1
168	1997	105	13046.4	2.2	10.1	0.6234	4.6	0
168	1997	106	12873.6	0.3	10.4	0.6881	2.4	0
168	1997	107	20390.4	0.5	12.8	0.6257	3.2	0
168	1997	108	22204.8	2	12.7	0.7385	3.3	0
168	1997	109	12873.6	2.5	9.1	0.6269	4.8	0
168	1997	110	22896	1.2	8.8	0.4884	5.3	0
168	1997	111	24364.8	-2	10.9	0.4112	2.4	0
168	1997	112	14688	2.9	10	0.6171	3.3	0.7
168	1997	113	22982.4	0.5	12.8	0.5475	2.1	0
168	1997	114	22636.8	2.7	16.6	0.6232	5.4	0
168	1997	115	13219.2	4.5	16.1	0.8387	3	5.8
168	1997	116	7430.4	8.1	13.7	1.1856	2.2	5.8
168	1997	117	4147.2	9.5	13.5	1.2744	3.4	18.6
168	1997	118	6480	9.2	15	1.1988	7.7	1
168	1997	119	3542.4	9.1	11.7	1.1342	6	7.8
168	1997	120	16156.8	8.2	15.1	1.109	3.5	0
168	1997	121	23760	6.2	17.1	1.0954	2.3	0
168	1997	122	25315.2	7.4	23.1	1.125	2.1	0
168	1997	123	24105.6	9.3	24.8	1.1452	3.4	0
168	1997	124	10454.4	13.3	21.3	1.5972	5.9	7.9
168	1997	125	8726.4	11.2	16.2	1.4093	5.8	15.8
168	1997	126	3628.8	3	13	0.9971	5.1	24.4
168	1997	127	17712	2	10.3	0.7556	3.3	0
168	1997	128	18662.4	2.1	11.3	0.7455	6.5	0.5
168	1997	129	17193.6	6.7	12.9	0.9927	6.8	7.3
168	1997	130	19958.4	6.6	15.7	1.0067	6.6	0.3
168	1997	131	9331.2	10.9	15.1	1.2717	5.3	2.4
168	1997	132	19872	8.2	17.8	1.0772	5	0.2
168	1997	133	21340.8	6.3	19.9	1.1144	2.5	0
168	1997	134	4147.2	8.3	13.7	1.2591	2.2	8.1
168	1997	135	20736	7.1	19.6	1.2705	4.4	0
168	1997	136	18576	10.9	25.4	1.6434	2.3	0
168	1997	137	20390.4	13.1	27.2	1.6256	2.4	0.2
168	1997	138	8726.4	14.6	19.6	1.7719	2.7	12.3
168	1997	139	24019.2	11.9	23.6	1.562	2.5	0
168	1997	140	14083.2	9.7	20	1.4506	3.9	13.2
168	1997	141	15206.4	9.2	16.4	1.2995	4.7	5.3
168	1997	142	6998.4	8.5	15	1.1853	5	0.1
168	1997	143	20649.6	7.4	15.3	0.9799	3.4	0
168	1997	144	26611.2	6	14.4	0.8083	4.2	0
168	1997	145	28598.4	5.5	17.2	0.7785	3.6	0
168	1997	146	23155.2	6.5	18.7	0.8599	2.5	0
168	1997	147	13996.8	9.5	14.1	0.9403	4.6	0
168	1997	148	17452.8	6.6	15.6	0.8978	3	0
168	1997	149	26956.8	6.5	19.9	0.9701	2.9	0
168	1997	150	28684.8	8	19.7	0.9646	4.4	0
168	1997	151	29894.4	8.5	18.6	0.7599	6.3	0
168	1997	152	15811.2	7.2	18.1	0.9066	6.6	0
168	1997	153	24451.2	10	21	1.108	5.2	0
168	1997	154	29376	9.8	22.5	0.9349	2.7	0
168	1997	155	28512	9.3	24.8	0.9705	2	0
168	1997	156	26179.2	12.3	25.4	1.1084	4.5	0
168	1997	157	20304	15.8	26.7	1.5124	2	0
168	1997	158	19699.2	16.6	29.4	1.9626	4.4	1.1
168	1997	159	15120	12.6	23.6	1.6797	4	6.6
168	1997	160	29376	11.9	23	1.3138	3.1	0
168	1997	161	27820.8	13.7	26.2	1.4195	5.1	0
168	1997	162	13219.2	15	27	1.9363	3.9	17.1
168	1997	163	13910.4	14	21.3	1.5925	4	0.4
168	1997	164	20131.2	14.3	23.4	1.7821	3.3	18.1
168	1997	165	14083.2	13.5	20.9	1.6851	4.2	3
168	1997	166	12009.6	10.6	17.1	1.3124	3.3	0.3
168	1997	167	24537.6	8.6	19.3	1.0981	3.5	0
168	1997	168	12355.2	11.5	17.5	1.0884	3.8	0
168	1997	169	26006.4	9.4	18.4	1.047	2.6	0
168	1997	170	21513.6	9.5	21	1.1596	2.7	0.3
168	1997	171	18835.2	10.9	18.2	1.274	5.9	5.8
168	1997	172	17193.6	11	18.6	1.3283	6	2.7
168	1997	173	22204.8	10	19.1	1.307	6.9	1.8
168	1997	174	7603.2	11.7	14.9	1.3121	5.7	3.8
168	1997	175	13651.2	9.8	16.3	1.1107	3.7	1
168	1997	176	16675.2	6.2	18.2	1.1358	3	1.9
168	1997	177	12096	11.9	18.3	1.5427	3.4	5.6
168	1997	178	13996.8	10.9	18	1.3973	3.2	2.6
168	1997	179	20995.2	10.8	21	1.299	4.2	0.7
168	1997	180	7344	10.6	17.7	1.4672	3	12.5
168	1997	181	8726.4	12.8	17.8	1.58	4	1
168	1997	182	17625.6	11.9	19.2	1.482	4.5	1.3
168	1997	183	10540.8	11.6	18.8	1.4319	4.3	3.2
168	1997	184	22032	10.8	20.3	1.3232	4.3	0
168	1997	185	20822.4	11.2	20.9	1.4026	3.1	6.2
168	1997	186	14428.8	12	21.4	1.6137	2.3	4.9
168	1997	187	9244.8	11.5	16.5	1.421	2.9	0.3
168	1997	188	13564.8	13.7	21.4	1.7027	2.7	0
168	1997	189	9158.4	13.9	19.5	1.6137	2.7	0
168	1997	190	7344	12.7	17.6	1.5477	3.1	0
168	1997	191	26352	11.3	23.6	1.5527	3.2	0
168	1997	192	26784	13.5	27.1	1.5218	2	0
168	1997	193	21081.6	17.4	26.4	1.9409	2.5	0
168	1997	194	22118.4	16.4	26.9	1.8857	2	0
168	1997	195	14515.2	15.5	23.3	1.9116	2	8.9
168	1997	196	18921.6	14.2	22.1	1.6642	2.8	0
168	1997	197	11232	14.2	21.4	1.7298	3.4	1.9
168	1997	198	10195.2	14.6	20.7	1.7337	2.1	6.5
168	1997	199	12614.4	13.3	20.4	1.7632	3.4	12.1
168	1997	200	19612.8	14.3	23	1.7171	4.1	1.7
168	1997	201	15638.4	12.6	21	1.6048	2.5	2
168	1997	202	11404.8	12.5	21.9	1.7831	2.6	4.9
168	1997	203	10368	14.3	20.8	1.8029	2.1	0
168	1997	204	25660.8	10.9	24.4	1.4918	1.6	0
168	1997	205	12528	14	23.8	1.7223	2	1.3
168	1997	206	11577.6	14.5	19.5	1.6253	5.1	6.1
168	1997	207	22204.8	12.4	23	1.5369	4.5	0.5
168	1997	208	15033.6	12.2	20.9	1.4855	5.4	0.4
168	1997	209	24710.4	11.1	24.1	1.4268	2.7	0
168	1997	210	25228.8	13	25.3	1.5057	1.5	0
168	1997	211	18835.2	14.8	28.8	1.7466	3.5	0
168	1997	212	7171.2	13	17.8	1.4853	5.7	1.4
168	1997	213	4492.8	13.2	17.1	1.6508	4	7.3
168	1997	214	15724.8	16	23.6	2.0058	2.6	4.2
168	1997	215	6998.4	13.2	20.1	1.7599	1.2	0.7
168	1997	216	12009.6	15.7	23.7	2.0163	3	0
168	1997	217	22464	14.1	26	1.8497	4.3	0
168	1997	218	25920	16.3	27.5	1.6261	4.8	0
168	1997	219	24796.8	15.7	27.9	1.6163	4.6	0
168	1997	220	24278.4	15.9	28.7	1.6393	2.2	0
168	1997	221	23328	15.2	29.6	1.6763	1.8	0
168	1997	222	23760	16.8	30.1	1.6709	3.2	0
168	1997	223	24883.2	16.8	30.7	1.6133	4.9	0
168	1997	224	20390.4	16.6	30.8	1.5793	2	0
168	1997	225	19353.6	17.3	30.3	1.7947	1.9	0
168	1997	226	19699.2	16.5	25.7	1.8733	3.4	0
168	1997	227	20304	13.6	25.5	1.6344	2.2	0
168	1997	228	21600	14.3	26.5	1.7226	2.2	0
168	1997	229	19785.6	15.5	28.3	1.8884	1.7	0
168	1997	230	20476.8	15.1	28.5	1.6684	1.9	0
168	1997	231	22032	14.1	26.9	1.5888	3	0
168	1997	232	17712	14.3	26	1.7905	1.4	0
168	1997	233	18576	15.8	29	1.8386	2.2	0
168	1997	234	6220.8	19.9	22.7	2.0986	2.3	1
168	1997	235	17020.8	19.2	28.7	2.375	2.3	0
168	1997	236	20044.8	20.8	31.3	2.321	3.5	0.7
168	1997	237	17366.4	18.9	32.8	2.327	3.8	0
168	1997	238	6652.8	15.3	21.3	1.9319	1.5	4
168	1997	239	13996.8	14.4	26.4	2.0815	3.5	11.6
168	1997	240	5616	13.9	18.3	1.6081	3.8	3.7
168	1997	241	13392	11.7	19.7	1.3894	6	0.5
168	1997	242	7862.4	11.7	21.5	1.5657	4.5	0
168	1997	243	18057.6	12.8	27	1.7862	3.1	0
168	1997	244	14688	15.2	24	1.8217	3.2	22.5
168	1997	245	8380.8	13.4	19.3	1.6525	1.8	4.4
168	1997	246	17020.8	10.7	23.2	1.5816	1.5	0
168	1997	247	13564.8	15.7	24.1	1.8326	3.8	0
168	1997	248	7862.4	15	19.2	1.6551	2.1	0
168	1997	249	15120	11.3	20.5	1.4614	3.3	0
168	1997	250	5011.2	12.2	17.5	1.5181	4.1	2
168	1997	251	12355.2	11.3	20.9	1.5533	4.3	0
168	1997	252	11664	11.4	19.3	1.376	4.3	0
168	1997	253	17193.6	9	17.5	1.0645	2.1	0
168	1997	254	15120	7.8	22.6	1.1904	3	0
168	1997	255	7603.2	14	18.7	1.4854	5.8	1.9
168	1997	256	14947.2	7.1	16.2	0.9858	5.5	0
168	1997	257	16070.4	6.2	17.8	1.0228	3.6	0
168	1997	258	14947.2	6.8	19.3	1.0657	3	0
168	1997	259	17107.2	7.3	23.4	1.1844	2.7	0
168	1997	260	15206.4	12	23	1.3579	3.1	0
168	1997	261	15206.4	11.9	25	1.5686	3.4	0
168	1997	262	6220.8	7.6	18.1	1.2	3.7	0
168	1997	263	17107.2	4.3	17.1	0.8742	3.5	0
168	1997	264	16243.2	5.2	18.3	0.9234	3.6	0
168	1997	265	16416	5.4	20.8	0.9638	2.8	0
168	1997	266	15465.6	6.2	19.6	1.1296	3	0
168	1997	267	5270.4	9.1	16.3	1.2323	2.9	0
168	1997	268	14428.8	8	21.5	1.2067	3.6	0
168	1997	269	14860.8	8.3	23.5	1.2269	2.9	0
168	1997	270	4752	7.3	13.1	1.2186	2.2	0
168	1997	271	6998.4	7.9	15.6	1.3369	1.3	0
168	1997	272	8899.2	7.1	19.6	1.347	1.5	0
168	1997	273	4147.2	12.2	18.3	1.4884	2.3	0
168	1997	274	2678.4	16.3	21.1	1.9378	4.8	0
168	1997	275	3974.4	10.4	17.1	1.2097	4.3	0
168	1997	276	6825.6	10.3	15.3	1.137	2.2	0
168	1997	277	6220.8	8.2	17.7	1.1781	4.3	0
168	1997	278	4838.4	8.4	16.3	1.2187	3.2	0
168	1997	279	11664	6.9	24.7	1.3625	3.4	0
168	1997	280	5529.6	11.5	21.3	1.5273	6.5	1.3
168	1997	281	3283.2	12.1	18.2	1.4961	8	4.4
168	1997	282	3110.4	12.8	19.4	1.5898	9	29.3
168	1997	283	6998.4	11.7	17.2	1.2986	8.5	21.8
168	1997	284	4579.2	9.3	13.6	1.1891	5.7	5.8
168	1997	285	7430.4	7.3	13.9	1.1366	3.6	3.2
168	1997	286	4752	6.5	10	1.0142	4.3	2.5
168	1997	287	6998.4	5.2	12	0.9827	3.8	3.6
168	1997	288	3888	5.4	9.2	0.9711	3.7	6.1
168	1997	289	8467.2	2.8	12.3	0.9046	2.3	0
168	1997	290	8640	8.3	17.9	1.265	4.3	0
168	1997	291	9590.4	7.2	21	1.3017	2.3	0
168	1997	292	9590.4	9.8	21.2	1.4245	2.3	0
168	1997	293	1036.8	3.8	12.3	0.979	4.2	0.2
168	1997	294	9849.6	0.8	10	0.6187	5.4	0
168	1997	295	9763.2	-1.8	9.7	0.6401	2.2	0
168	1997	296	7516.8	-1.6	10.8	0.7039	1.6	0
168	1997	297	7171.2	4.8	9.8	0.7973	2.6	0
168	1997	298	3456	2.9	10.6	0.8465	3.4	0
168	1997	299	6220.8	5.7	11.4	0.9571	1.6	0.2
168	1997	300	8208	-1.2	8.2	0.5574	4.7	0.2
168	1997	301	9331.2	-3.1	5.9	0.4529	4.5	0
168	1997	302	8553.6	-4.2	7.6	0.4421	3.8	0
168	1997	303	8553.6	-2.3	10.8	0.5296	3.8	0
168	1997	304	8294.4	-1	9.4	0.7009	3	0
168	1997	305	5529.6	-1.9	4.6	0.6601	1.5	0
168	1997	306	2419.2	-1.7	1.5	0.6066	1.1	0
168	1997	307	4752	-1.9	9	0.7405	3.2	0
168	1997	308	6998.4	1.3	9.6	0.7558	4.3	2.4
168	1997	309	3196.8	9	14.6	1.2307	4.5	0.1
168	1997	310	2419.2	10.2	13.8	1.3311	3.4	14.5
168	1997	311	2332.8	8.8	15	1.1692	7.6	0
168	1997	312	4060.8	7.4	12.4	0.975	6.3	0.7
168	1997	313	5011.2	8.2	12.3	0.9981	7.4	0.7
168	1997	314	4060.8	7.4	11.3	0.9749	7.3	0
168	1997	315	1987.2	4.3	10.2	0.9168	4.1	1.9
168	1997	316	2160	3.6	8.4	0.9067	2.1	0.1
168	1997	317	2419.2	0.7	8	0.8084	3.5	0
168	1997	318	3283.2	1.4	8.5	0.7908	4.1	0
168	1997	319	1814.4	6.6	10.6	1.0385	5.8	3
168	1997	320	1987.2	6	12.9	1.1353	2.4	0
168	1997	321	5616	2.1	10.6	0.8714	3.5	0
168	1997	322	5788.8	0.3	10.2	0.7543	3.4	0
168	1997	323	5184	0.3	7.6	0.632	3.8	0
168	1997	324	1900.8	1	9.2	0.7904	4.4	6.8
168	1997	325	3196.8	2.3	10.8	0.8932	3.3	0.4
168	1997	326	3628.8	1.6	9.7	0.885	1.9	0
168	1997	327	2851.2	-0.3	5.1	0.7261	1.9	0
168	1997	328	3801.6	-1.8	5	0.6378	3.5	0
168	1997	329	4147.2	1.2	8.5	0.7508	3.2	0
168	1997	330	3628.8	2.2	10.7	0.81	3.6	0
168	1997	331	864	4.3	6.6	0.8278	3.7	3.6
168	1997	332	1296	4.7	9.4	0.9546	4.5	4.9
168	1997	333	1382.4	7.6	10.7	1.0662	5	0.2
168	1997	334	691.2	5.3	8.9	0.9679	4.7	2.4
168	1997	335	4233.6	0	6.5	0.7096	2.7	0
168	1997	336	1036.8	0.5	2.6	0.5672	5.5	0
168	1997	337	2419.2	-1	2.5	0.5548	5	0
168	1997	338	691.2	-1.3	1.8	0.5849	3.5	0
168	1997	339	2246.4	-4.7	1.6	0.5182	3.1	0
168	1997	340	1987.2	0.1	3.7	0.5746	6.5	0.4
168	1997	341	3974.4	1	6.1	0.6145	4.6	0
168	1997	342	1209.6	2.3	8.4	0.7238	6	0.7
168	1997	343	1987.2	7.3	9.9	1.0162	6.1	4.3
168	1997	344	604.8	9.1	12.6	1.1687	9.3	7.6
168	1997	345	1123.2	9.1	13.4	1.2001	7.2	6
168	1997	346	864	4.2	9.2	0.9123	5.9	10.3
168	1997	347	3196.8	4	8.2	0.8754	3.8	0.1
168	1997	348	1900.8	2.8	7.2	0.8023	4.3	3.8
168	1997	349	1209.6	-1.2	3.1	0.5563	6.8	0
168	1997	350	3456	-4.5	-0.9	0.3607	8.9	0
168	1997	351	950.4	-4.5	4	0.48	8	0
168	1997	352	864	2	12.4	0.8629	4.3	0.4
168	1997	353	1209.6	4	10.8	0.9263	4.5	0.8
168	1997	354	1900.8	0.5	4.4	0.7214	1.6	0.4
168	1997	355	259.2	2	3.4	0.7418	3.8	10.7
168	1997	356	432	2.1	3.6	0.7422	1.9	0.1
168	1997	357	777.6	2.1	6.8	0.814	3	1.2
168	1997	358	518.4	6.6	11.9	1.1201	6.9	6.2
168	1997	359	1209.6	7.9	13.6	1.0706	9	4.8
168	1997	360	1728	5.5	9.8	0.8689	10.2	2.3
168	1997	361	950.4	5	7.1	0.8817	5.2	1.9
168	1997	362	1555.2	3.9	5.9	0.8054	5.7	4.7
168	1997	363	777.6	1.6	5.2	0.7639	5.2	4.1
168	1997	364	2678.4	2	8.4	0.7251	4.8	0
168	1997	365	604.8	6.6	10.3	1.0059	5.9	2.9
