*---------------------------------------------------------------------------*
* Station name: BEEK                                    
* Year: 1999
* Author: Pedro Alencar                                   -999.000: NIL VALUE
* Source: ECAD 
* Comments: 
* Longitude: 50.9331, latitude: 50.9331, altitude: 115 m.
*
* Column  Daily value
* 1       station number
* 2       year
* 3       day
* 4       irradiation                   (kJ m-2 d-1)
* 5       minimum temperature           (degrees Celsius)
* 6       maximum temperature           (degrees Celsius)
* 7       early morning vapour pressure (kPa)
* 8       mean wind speed (height: 2 m) (m s-1)
* 9       precipitation                 (mm d-1)
*
** WCCDESCRIPTION=GERMANY, BEEK                                    
** WCCFORMAT=2
** WCCYEARNR=1999
*---------------------------------------------------------------------------*
   50.9331  5.8167    115.  -0.18 -0.55
168	1999	1	2332.8	4	12	0.7505	3.7	0
168	1999	2	1382.4	5	9.8	0.8542	6.4	2.4
168	1999	3	691.2	4.5	8.6	0.8544	8	8
168	1999	4	864	5.5	13.6	1.0953	7.8	5.8
168	1999	5	3369.6	10.1	15.5	1.2552	6.1	0
168	1999	6	3801.6	8.9	14.8	0.9573	6.8	0
168	1999	7	1900.8	4.8	10.8	0.9519	5.7	8.6
168	1999	8	3196.8	4.2	7.2	0.7782	7.1	3.2
168	1999	9	1900.8	-0.5	4.3	0.6096	3.8	12.9
168	1999	10	1728	-1.6	0.3	0.5478	3.8	0
168	1999	11	1382.4	-3.7	-0.2	0.4502	5.4	0
168	1999	12	3024	-4.2	1	0.4892	6.8	9.3
168	1999	13	2419.2	-0.5	3.7	0.6446	6.8	2.4
168	1999	14	1728	3.5	6.8	0.7667	7.5	1.7
168	1999	15	1468.8	5.3	8.2	0.8268	9.8	0.9
168	1999	16	691.2	6.5	10.2	0.9552	10	7.4
168	1999	17	1382.4	2.5	7.5	0.8285	4.4	5.7
168	1999	18	4924.8	2	7.8	0.7708	5.2	0
168	1999	19	4147.2	4.2	11	0.7825	8.8	0
168	1999	20	2592	6.6	12.7	0.9588	5.8	0
168	1999	21	1555.2	6.6	9.3	0.9616	2.6	0.1
168	1999	22	864	5.7	7.8	0.9843	2.3	0.2
168	1999	23	1555.2	2.3	6.7	0.8169	3.6	0
168	1999	24	691.2	2.9	7.7	0.846	5.5	1.3
168	1999	25	1987.2	6	12.7	1.0454	9.2	17.3
168	1999	26	3801.6	3	6.8	0.7621	6.1	3.8
168	1999	27	2592	2.7	7.2	0.7908	6.5	6.1
168	1999	28	864	2.9	6.4	0.8085	5	6.7
168	1999	29	3283.2	-4.2	3	0.4445	4.1	0
168	1999	30	6134.4	-5.6	1.7	0.4131	1.8	0
168	1999	31	4924.8	-2.9	2.8	0.4201	1.8	0
168	1999	32	950.4	0.6	5.9	0.725	2.6	0.6
168	1999	33	950.4	4.5	7.2	0.9066	3	0
168	1999	34	1814.4	3.5	7.3	0.8519	5.7	0
168	1999	35	518.4	7	10.1	1.035	8	0.4
168	1999	36	1987.2	1.5	8.2	0.7077	6.9	3.6
168	1999	37	2851.2	0.9	4.5	0.6899	4.7	5.3
168	1999	38	3456	-0.9	4.8	0.668	5.3	6.4
168	1999	39	6652.8	-1.5	2	0.56	5	1.5
168	1999	40	2937.6	-2.7	1.2	0.5322	2.6	0
168	1999	41	3456	-3.2	1.2	0.5566	3.8	3.1
168	1999	42	3628.8	-5.5	0.7	0.4662	2.8	0
168	1999	43	7084.8	-8.8	0.3	0.3926	1.6	0
168	1999	44	7344	-10.8	-0.2	0.3328	2.7	0
168	1999	45	5270.4	-4.7	-0.5	0.4644	2.6	0.2
168	1999	46	3715.2	-1.8	2.3	0.5786	6.1	0.9
168	1999	47	5529.6	1.8	7.4	0.6954	7.6	3.1
168	1999	48	5097.6	-0.7	4.7	0.6422	6	2.7
168	1999	49	3888	0.2	7.1	0.7696	2.4	1.9
168	1999	50	777.6	6.6	9.6	1.0687	6.6	5.3
168	1999	51	5356.8	3.7	9.5	0.7891	3.5	4.3
168	1999	52	1987.2	2.5	8.2	0.8042	7.3	11.9
168	1999	53	5184	0.1	5	0.6899	6.6	11.4
168	1999	54	5184	0.1	4.1	0.6965	4.5	17.7
168	1999	55	6134.4	-1.6	4.8	0.6035	2.3	0.1
168	1999	56	9849.6	-3.7	5.8	0.5471	4.3	0
168	1999	57	5443.2	2.9	11.2	0.7637	6.8	0
168	1999	58	4752	0.7	8.8	0.737	5.7	0.5
168	1999	59	8553.6	3.4	10	0.8044	7.6	0
168	1999	60	1036.8	6.5	10.8	1.0532	10.2	17.4
168	1999	61	1382.4	9.5	12.6	1.2369	9	2.5
168	1999	62	6048	6.4	12	0.9651	8.1	5.7
168	1999	63	4492.8	4.9	8.7	0.8099	5	0.3
168	1999	64	4147.2	3.1	7.1	0.7991	4.3	2.9
168	1999	65	6652.8	2.1	7	0.7437	6	0.4
168	1999	66	4233.6	1.2	4.2	0.6602	6.5	2.3
168	1999	67	7171.2	2.8	8.7	0.7993	5.6	10.9
168	1999	68	2246.4	2	6.2	0.7534	4.4	3.3
168	1999	69	5011.2	-0.5	7.6	0.709	2	0.5
168	1999	70	12700.8	-3	9.9	0.6493	3.6	0
168	1999	71	12528	2.2	18.4	0.9639	3.3	0
168	1999	72	10627.2	8.2	16.9	1.0314	3.2	0
168	1999	73	8640	6.1	12.3	1.0117	1.9	0
168	1999	74	11404.8	3.3	12.2	0.8538	2.3	0
168	1999	75	14860.8	0.6	12	0.7062	2.9	0
168	1999	76	12614.4	4.7	11.3	0.7612	2.7	0
168	1999	77	10540.8	2.2	12.4	0.7871	3.4	5.5
168	1999	78	7344	3.3	9.4	0.7661	3.7	0
168	1999	79	8121.6	2.5	8.9	0.705	3.6	0
168	1999	80	2851.2	4.7	7.8	0.8369	6.8	4.7
168	1999	81	3456	3.8	6.3	0.7701	4.7	12.4
168	1999	82	1468.8	3.9	9.4	0.9385	5.8	7.9
168	1999	83	7776	5.3	11.7	0.9206	4.5	0
168	1999	84	13910.4	3.8	16.2	0.8957	5.1	0
168	1999	85	5184	6.6	13.9	1.1104	4.3	4.7
168	1999	86	12960	5	10.8	0.8093	4.3	0
168	1999	87	14515.2	3.3	10.8	0.7737	3.5	0
168	1999	88	18316.8	0.7	15.2	0.7052	2.9	0
168	1999	89	12355.2	6.3	16.6	0.9188	3.5	0
168	1999	90	16243.2	8.4	18.3	1.0255	2.9	0
168	1999	91	17452.8	7	19.4	0.9246	5.1	0
168	1999	92	16502.4	7.6	21.2	1.0651	3.1	0
168	1999	93	8467.2	7.8	16.1	1.215	3.4	2.2
168	1999	94	9936	8.7	14.5	1.16	3.6	0.7
168	1999	95	4838.4	7.8	13.8	1.2425	4.2	8.5
168	1999	96	10368	10.3	19	1.3821	6.3	0.6
168	1999	97	6480	6.8	11.2	0.9981	5	2.7
168	1999	98	10108.8	4	12.2	0.9067	3.2	0
168	1999	99	18748.8	2.7	16.4	0.9762	2.8	0
168	1999	100	11404.8	9.1	15	1.223	5.2	1.5
168	1999	101	12268.8	6.1	12.1	0.8894	4.8	0.6
168	1999	102	10281.6	6	12.8	0.99	7	7.4
168	1999	103	12096	2.4	9.6	0.7945	6.5	5.1
168	1999	104	5788.8	0.4	5.8	0.7097	5	10.2
168	1999	105	10800	1.1	8	0.7268	3.8	1.5
168	1999	106	13996.8	0.5	9.2	0.6818	2.9	1.3
168	1999	107	15897.6	-0.3	11.5	0.6819	1.9	0
168	1999	108	15379.2	3.7	10.5	0.7259	2.1	0
168	1999	109	15984	2.3	10.3	0.7921	2.1	6.9
168	1999	110	16934.4	1.3	15	0.8015	5.2	1.4
168	1999	111	16848	9.9	17.1	1.2056	6	2.7
168	1999	112	11404.8	7.4	15.2	1.1372	5.7	2
168	1999	113	18403.2	6.3	16.7	1.0439	3.5	0
168	1999	114	11318.4	7.8	13.9	1.0648	4.5	0
168	1999	115	19353.6	5.4	16.9	0.9935	2.6	0
168	1999	116	18489.6	11.1	21.3	1.2873	4.5	0.1
168	1999	117	15897.6	9.3	16.5	1.1594	4.8	0
168	1999	118	15552	10.4	18.5	1.2329	4.3	0
168	1999	119	17625.6	6.7	16.4	1.0065	4.6	0
168	1999	120	24537.6	5.1	20.7	0.8918	2	0
168	1999	121	22032	6.2	20	0.9638	2.5	0
168	1999	122	24624	7	18.8	0.9364	2.9	0
168	1999	123	25056	4.4	20.5	0.8226	3.1	0
168	1999	124	18921.6	8.3	18.7	0.8347	5.9	0
168	1999	125	4233.6	9.4	13.5	1.108	5	4.4
168	1999	126	8121.6	11.3	19	1.5993	2.3	13.1
168	1999	127	21772.8	9.6	21.6	1.5045	3.3	1.1
168	1999	128	20649.6	10.1	18.6	1.2086	5.3	2.5
168	1999	129	25142.4	10.1	21	1.1644	3.8	0
168	1999	130	9676.8	11.3	19.5	1.4154	4	17.6
168	1999	131	13564.8	10.2	17.3	1.3354	5	0.6
168	1999	132	18576	10.7	18.1	1.2617	4.9	8.5
168	1999	133	17193.6	9.5	17	1.1253	5.4	0.2
168	1999	134	17884.8	8.6	17.9	1.2166	3.5	7.9
168	1999	135	20822.4	7.6	14.7	0.967	3.6	0.2
168	1999	136	19785.6	4.8	14.5	0.827	3	0
168	1999	137	20563.2	8.7	18.3	0.8965	6.4	0
168	1999	138	8035.2	11.1	18	1.1085	5.3	0
168	1999	139	17798.4	9.2	21	1.2513	3.6	2.3
168	1999	140	15206.4	10.6	18.9	1.391	3.2	0.6
168	1999	141	22118.4	10.5	21.3	1.299	4.4	0
168	1999	142	15379.2	6.9	17.1	0.9668	4.3	0
168	1999	143	26438.4	6.9	19.3	1.1294	4.8	0
168	1999	144	11664	11.9	18.9	1.363	3.8	0
168	1999	145	19008	10	19.7	1.1807	3.8	0
168	1999	146	28166.4	7.2	22	0.9295	2.4	0
168	1999	147	27648	11.1	27.9	1.1994	3.8	0
168	1999	148	16761.6	14.6	25.7	1.4842	4	0
168	1999	149	24796.8	13.3	30.6	1.4996	3.8	0.1
168	1999	150	20736	14.9	28.5	1.8915	3.5	17.6
168	1999	151	16675.2	11.3	18.5	1.3538	2.2	0
168	1999	152	19353.6	11.4	22.8	1.4603	2.2	0.7
168	1999	153	19267.2	14.8	28.5	1.834	6.1	0.7
168	1999	154	21254.4	11.8	23.2	1.3978	6.4	2.9
168	1999	155	11750.4	11.8	17.4	1.3943	6.8	10.8
168	1999	156	13219.2	10	17.4	1.2527	5	12.6
168	1999	157	22032	9.9	17.2	1.163	7.1	2.5
168	1999	158	16070.4	7.9	19.4	1.2331	3.5	5.4
168	1999	159	21081.6	9.9	17.1	1.0665	5.6	0.5
168	1999	160	25660.8	9.3	18.5	1.0311	4.2	0
168	1999	161	24710.4	11.4	19.8	1.2567	3	0.1
168	1999	162	5702.4	9.5	13.3	1.1717	3	0.1
168	1999	163	20822.4	9.4	19.2	1.1559	1.8	0
168	1999	164	18403.2	12.7	21	1.4758	2.7	0.5
168	1999	165	20217.6	14.2	24.2	1.5548	2.9	0
168	1999	166	25315.2	14	24.9	1.5341	2.4	0
168	1999	167	26956.8	13.6	25	1.3857	2.1	0
168	1999	168	20649.6	12	24.7	1.4535	3.8	0
168	1999	169	22550.4	11	18.2	1.0623	3.8	0
168	1999	170	30067.2	9.1	22.5	1.0039	1.8	0
168	1999	171	6307.2	11.3	16.8	1.3616	5.3	9.9
168	1999	172	12787.2	8.8	14.5	1.2049	3.1	8.4
168	1999	173	21686.4	7.6	16.9	1.0256	2.3	0
168	1999	174	20131.2	7.3	19.3	1.007	1.6	0
168	1999	175	20736	10.1	20	1.1448	1.8	0
168	1999	176	29030.4	9.4	21.3	1.1148	2.6	0
168	1999	177	27648	9.3	24.9	1.2851	3.4	0.9
168	1999	178	13910.4	12.9	22.9	1.6792	4.9	3.1
168	1999	179	20563.2	11.5	18.5	1.2433	5.7	2
168	1999	180	9244.8	14.9	20.7	1.6891	5.7	5.5
168	1999	181	12268.8	13.7	20.4	1.6692	3.8	1.8
168	1999	182	12441.6	11.3	19.2	1.4365	3.4	4.1
168	1999	183	25833.6	13.3	24.9	1.6997	3.5	0
168	1999	184	25920	14.7	28.8	1.8712	4.5	0
168	1999	185	16761.6	15.8	27.3	2.0283	2.6	35
168	1999	186	17712	16	22.3	1.9043	3.8	3
168	1999	187	10281.6	14.2	20.7	1.692	2.3	0
168	1999	188	16329.6	13.4	22.6	1.7516	2.6	0
168	1999	189	16848	14.5	22.6	1.6424	3.7	0
168	1999	190	25920	13.5	24.7	1.5673	4	0
168	1999	191	23328	14.6	27.2	1.653	4.4	0
168	1999	192	26265.6	18	28.4	1.8162	4.1	0
168	1999	193	23414.4	18.7	28	1.9473	2.5	0
168	1999	194	20476.8	16.9	25.5	2.0607	3.6	0
168	1999	195	14860.8	13.9	21.7	1.567	5.3	5.3
168	1999	196	16156.8	13.2	20.7	1.3501	3.9	0
168	1999	197	20476.8	13.4	22.6	1.3807	3.4	0
168	1999	198	27216	12.9	26.3	1.5256	2.4	0
168	1999	199	26870.4	16.1	30.7	1.6659	1.6	0
168	1999	200	20304	17.9	29.6	2.112	3.7	1.5
168	1999	201	19699.2	17.4	26.9	2.0239	5.8	5
168	1999	202	14515.2	13.8	20.3	1.281	7.5	0
168	1999	203	11750.4	12.6	19.6	1.4984	5.3	1.9
168	1999	204	14083.2	12.1	18.8	1.3323	3.3	0
168	1999	205	22982.4	13	25.5	1.5597	2.4	0
168	1999	206	22118.4	14.9	27.5	1.7089	2.2	0
168	1999	207	24105.6	14.6	23.3	1.5746	5.1	0
168	1999	208	26870.4	12.3	24.4	1.2639	5.3	0
168	1999	209	26956.8	12	26.8	1.2369	4.4	0
168	1999	210	26611.2	12.4	28.5	1.176	3.8	0
168	1999	211	24969.6	14.6	29.9	1.2593	2.7	0
168	1999	212	24796.8	16.1	30.3	1.1919	2.3	0
168	1999	213	25142.4	15.5	30.4	1.2579	2.3	0
168	1999	214	23328	16.5	31.2	1.2689	2.2	0
168	1999	215	14688	16.9	26.3	1.4937	2.8	0
168	1999	216	20995.2	15.2	27.6	1.7299	2.2	0
168	1999	217	20563.2	17.8	26.8	1.9887	4.3	8.4
168	1999	218	21945.6	15.5	27.4	1.6587	2.7	0
168	1999	219	15292.8	15.9	24.7	1.7358	5	4.7
168	1999	220	12441.6	14.4	26.4	1.7226	3.7	0.2
168	1999	221	15379.2	14.5	23.1	1.5599	3.2	0.3
168	1999	222	11318.4	15.2	22.5	1.956	3.8	14.4
168	1999	223	9331.2	12.3	18.4	1.4109	2.2	0.2
168	1999	224	13910.4	10.4	18.8	1.2283	1.6	0
168	1999	225	22291.2	9.4	22.1	1.233	2	0
168	1999	226	6998.4	13.8	18.4	1.6446	5	13.8
168	1999	227	15724.8	13	19.4	1.508	6.1	4
168	1999	228	14428.8	12.5	20.4	1.5883	3.8	4.5
168	1999	229	11404.8	11.3	17.8	1.3898	3.8	0.8
168	1999	230	11577.6	12.8	20.7	1.5807	6.2	7.8
168	1999	231	14256	12.7	19	1.4208	8.3	1.8
168	1999	232	10022.4	12.1	18.6	1.5154	4.5	3.9
168	1999	233	13046.4	9.1	18.3	1.2997	2.1	0
168	1999	234	20822.4	7.9	18.3	1.0843	2.8	0
168	1999	235	22550.4	8.9	22	1.2096	3.7	0
168	1999	236	13132.8	10.9	25.2	1.447	2.8	0
168	1999	237	15552	15.7	29.4	1.9099	3.3	1.6
168	1999	238	12182.4	16.8	24.7	1.9312	3.9	0.1
168	1999	239	14342.4	14.8	21.8	1.5959	3.2	0
168	1999	240	17280	13.7	22.2	1.5612	2	0
168	1999	241	20131.2	11.5	23	1.4349	1.7	0
168	1999	242	14947.2	13.5	24.3	1.6133	2.4	0
168	1999	243	9417.6	12.5	20.4	1.4201	1.8	0
168	1999	244	5875.2	14.6	19.9	1.6905	1.3	0
168	1999	245	17884.8	13.5	23.7	1.5406	2.7	0
168	1999	246	19180.8	11.7	24.9	1.2809	4.2	0
168	1999	247	14169.6	14.2	25.5	1.6882	3	0
168	1999	248	18316.8	13.1	27.5	1.5694	2.2	0
168	1999	249	10454.4	15.6	24.1	1.7576	2.6	0.1
168	1999	250	15984	14.8	25	1.8094	3.8	0
168	1999	251	17452.8	14.2	25.6	1.7398	2.2	0
168	1999	252	16588.8	14.7	27.4	1.7928	3	0
168	1999	253	14342.4	17	28.6	2.0499	2.9	0
168	1999	254	17971.2	16.2	30.9	1.5941	3.2	0
168	1999	255	15897.6	18.4	30.8	1.9445	2.8	0
168	1999	256	12700.8	16.3	29	2.2784	2.3	1.4
168	1999	257	12960	16.7	25.9	2.1745	2.4	0
168	1999	258	4924.8	12.9	21	1.7937	2.8	3.1
168	1999	259	15638.4	8.9	20.8	1.2313	4	0
168	1999	260	3369.6	12	16.6	1.4978	3.3	8.7
168	1999	261	16329.6	9.9	20.3	1.3541	3	0
168	1999	262	8640	11.7	23.1	1.5081	3.7	0.5
168	1999	263	6739.2	13.2	20.1	1.5139	3.4	0.9
168	1999	264	10540.8	11.7	19.9	1.3625	5	0.3
168	1999	265	6048	14.8	21.1	1.7461	4.3	4.9
168	1999	266	13564.8	15.8	23.1	1.6694	5.3	10.9
168	1999	267	12787.2	14.9	23.9	1.6193	4.9	0
168	1999	268	10368	14.7	21.1	1.6178	4.3	0
168	1999	269	7862.4	12.2	18.9	1.5173	5.2	4.9
168	1999	270	5875.2	12.3	19.5	1.5155	6.2	0.6
168	1999	271	7257.6	13.4	18.2	1.5238	6	3.9
168	1999	272	2764.8	13.8	16.7	1.5749	6.3	6.7
168	1999	273	2937.6	13.6	16	1.5805	5.4	12.6
168	1999	274	5356.8	12.3	15.2	1.2725	8.3	1.9
168	1999	275	3628.8	9.2	17.6	1.3514	7.1	14.2
168	1999	276	8640	8.2	13.5	1.0778	7.5	0
168	1999	277	5702.4	8.5	12.4	1.1253	5	1.3
168	1999	278	9072	6.8	13.8	1.0891	3	2.3
168	1999	279	7084.8	4.5	12.9	0.9669	2.5	0
168	1999	280	10108.8	5.8	14.3	0.9479	4.2	0
168	1999	281	1382.4	10.2	13.8	1.3171	5.8	7.5
168	1999	282	1814.4	12.5	15	1.5082	5.3	1.4
168	1999	283	2246.4	13	15.1	1.5218	6.1	1.3
168	1999	284	1987.2	10.1	15.1	1.3846	3.5	1.3
168	1999	285	9936	5.5	15.6	1.0692	1.5	0
168	1999	286	10022.4	3.9	13.5	0.9556	1.4	0
168	1999	287	5875.2	2.9	13.7	0.9848	1.1	0
168	1999	288	8899.2	7.1	14.6	1.0778	3.3	0
168	1999	289	11577.6	5	13.7	0.9397	3.5	0
168	1999	290	11491.2	2.1	11.8	0.7385	5.6	0
168	1999	291	11059.2	1.5	10.5	0.7011	5.8	0
168	1999	292	10627.2	0.9	10.1	0.6411	5.8	0
168	1999	293	9158.4	2	9.7	0.6198	7.5	0
168	1999	294	2505.6	5.9	10.4	0.834	4.9	0.1
168	1999	295	2592	9.5	14.2	1.207	4.1	4.6
168	1999	296	8208	9.9	17.6	1.3196	4.7	0
168	1999	297	3024	9.8	14.9	1.1614	5.8	1.1
168	1999	298	5875.2	10.4	15.9	1.1936	6.1	0
168	1999	299	2851.2	11.1	14.8	1.3123	4.9	0.3
168	1999	300	5961.6	7.1	14.5	1.1389	5.3	0
168	1999	301	3283.2	6	15.5	1.1738	2.5	0
168	1999	302	7948.8	5.6	17.6	1.1873	2.4	0
168	1999	303	6393.6	9.4	20.7	1.3669	4.1	2.6
168	1999	304	5616	8.4	14.6	1.0981	6.5	0
168	1999	305	5961.6	7.4	17.6	1.1149	6.3	0.9
168	1999	306	1641.6	5.4	16.5	1.2288	3.6	10.5
168	1999	307	7344	4	12.4	0.9564	2.9	0
168	1999	308	7862.4	1.3	11.7	0.8224	2	0
168	1999	309	4579.2	4.8	12.3	0.8792	5.5	0.5
168	1999	310	2937.6	6.9	9.6	0.8397	8	0
168	1999	311	691.2	4.1	9	0.8447	5	0.8
168	1999	312	1382.4	2.9	9.7	0.9257	2.7	4.1
168	1999	313	1209.6	6.3	10.3	1.0723	3.9	7.3
168	1999	314	4492.8	6.7	9.2	0.9296	6	0.4
168	1999	315	2764.8	1.5	8.1	0.7138	5.3	0
168	1999	316	5443.2	-0.8	7	0.6563	2.7	0
168	1999	317	5616	-1.4	4.9	0.6724	1.7	0
168	1999	318	1900.8	2	9.4	0.8515	3.2	2
168	1999	319	6566.4	-2.6	3.9	0.5508	2.3	0
168	1999	320	5788.8	-4.7	2.9	0.4978	3.8	1.3
168	1999	321	1468.8	1.2	4.8	0.7274	4.9	2.5
168	1999	322	1900.8	0.4	3.2	0.647	5.3	1.2
168	1999	323	2073.6	0.2	3.1	0.647	4.7	1.4
168	1999	324	2160	-2.5	2.9	0.5765	4.8	1.5
168	1999	325	4147.2	-4.2	0.8	0.5072	2.1	0
168	1999	326	1296	-0.7	3.3	0.6309	6.4	3.1
168	1999	327	1123.2	3	6.9	0.8517	3.9	0.9
168	1999	328	777.6	4.9	7.8	0.9097	4.7	0
168	1999	329	2246.4	5.4	8.9	0.9308	6	1.8
168	1999	330	4665.6	4.3	10.7	0.8497	5.9	0
168	1999	331	691.2	4.2	9.2	0.8731	6.3	1.2
168	1999	332	3196.8	5.6	12.4	0.8719	5.8	0
168	1999	333	2851.2	6	10.1	0.8176	5.9	0
168	1999	334	1123.2	6.4	9	0.9034	7.7	0
168	1999	335	432	6	10.9	0.9949	7.3	2.4
168	1999	336	2332.8	3.7	8.1	0.7427	6.6	0.4
168	1999	337	1123.2	4.6	11	0.8038	11.1	4.5
168	1999	338	2160	1.3	6.1	0.621	6.1	0.7
168	1999	339	1814.4	-0.5	5.6	0.6972	4.2	0.4
168	1999	340	432	1.4	7.4	0.761	9.5	1.7
168	1999	341	345.6	6.8	8.8	0.9519	9	7.7
168	1999	342	2160	5.2	10.1	0.8794	7.8	0
168	1999	343	3110.4	5.9	10.2	0.8929	8.2	4.6
168	1999	344	777.6	4.6	7	0.8021	7.5	0
168	1999	345	691.2	3.9	11.7	0.9201	8.9	9.7
168	1999	346	604.8	4.8	10.5	0.9631	7	21.7
168	1999	347	2678.4	4.3	6.5	0.7712	8.1	4.3
168	1999	348	1555.2	0.7	4.8	0.6774	5	1.1
168	1999	349	1728	-2.2	1	0.5556	3.7	2.3
168	1999	350	2160	-4.4	2.6	0.5493	4	0.8
168	1999	351	604.8	2.1	6.1	0.7616	9	10.6
168	1999	352	1987.2	1.1	6	0.7169	2.2	0.1
168	1999	353	2160	-0.9	2.5	0.628	3.3	0.2
168	1999	354	3196.8	-1.9	1.7	0.5884	3.5	0.2
168	1999	355	2246.4	-2.3	2.4	0.558	3.7	0
168	1999	356	3024	-4.6	3.4	0.386	4.3	0.6
168	1999	357	1555.2	1.7	6.1	0.7106	6.3	3.9
168	1999	358	950.4	2.3	9.5	0.7984	9.3	9.6
168	1999	359	2073.6	4.3	9.7	0.7911	11.2	3.5
168	1999	360	1468.8	2.2	6.9	0.7437	6.7	19.5
168	1999	361	1468.8	1.1	4.9	0.6895	5.5	1.7
168	1999	362	950.4	0.9	3.8	0.7018	2.9	2.2
168	1999	363	1382.4	0.9	4	0.6923	4.1	1.2
168	1999	364	1728	0.8	4.2	0.6874	5.6	3.6
168	1999	365	950.4	2.3	4.5	0.7327	3.2	0
