*---------------------------------------------------------------------------*
* Station name: BEEK                                    
* Year: 1992
* Author: Pedro Alencar                                   -999.000: NIL VALUE
* Source: ECAD 
* Comments: 
* Longitude: 50.9331, latitude: 50.9331, altitude: 115 m.
*
* Column  Daily value
* 1       station number
* 2       year
* 3       day
* 4       irradiation                   (kJ m-2 d-1)
* 5       minimum temperature           (degrees Celsius)
* 6       maximum temperature           (degrees Celsius)
* 7       early morning vapour pressure (kPa)
* 8       mean wind speed (height: 2 m) (m s-1)
* 9       precipitation                 (mm d-1)
*
** WCCDESCRIPTION=GERMANY, BEEK                                    
** WCCFORMAT=2
** WCCYEARNR=1992
*---------------------------------------------------------------------------*
   50.9331  5.8167    115.  -0.18 -0.55
168	1992	1	1641.6	1.6	4.9	0.7173	8.7	0
168	1992	2	2505.6	2.1	5.3	0.7165	9.8	0
168	1992	3	1296	-0.5	5.4	0.6121	9.3	0
168	1992	4	1036.8	4.4	7.5	0.8663	7.2	11.5
168	1992	5	345.6	4.6	10.2	0.988	6.7	4.9
168	1992	6	518.4	4.1	10.1	0.9175	6.7	0.8
168	1992	7	3456	0.6	5.2	0.6546	6.2	0
168	1992	8	1900.8	3.8	10.4	0.7461	7.7	0.8
168	1992	9	1382.4	5.1	12.4	0.9701	6.2	5.4
168	1992	10	1036.8	-0.1	5.1	0.6801	4.6	0
168	1992	11	1296	-2.7	0.6	0.5603	1.5	0
168	1992	12	1728	0.5	2.6	0.6833	2.1	0.4
168	1992	13	1209.6	1.4	3.8	0.6481	1.5	0.2
168	1992	14	777.6	2.2	4.4	0.7198	3.1	0
168	1992	15	691.2	4.4	6.4	0.816	2.6	0
168	1992	16	777.6	2.5	5.6	0.7018	3.1	0
168	1992	17	1641.6	3.5	6.5	0.7151	2.6	0
168	1992	18	1296	1.9	4.5	0.6763	3.1	0
168	1992	19	432	2.7	5.9	0.8138	5.7	5
168	1992	20	864	-3.6	5.3	0.5913	7.2	1.2
168	1992	21	5356.8	-5	-0.5	0.3195	6.7	0
168	1992	22	4665.6	-6.6	-1.4	0.3455	4.1	0
168	1992	23	4406.4	-6.5	-0.3	0.409	3.1	0
168	1992	24	5529.6	-7	0.8	0.4426	1.5	0
168	1992	25	4838.4	-8.3	1.2	0.4561	1.5	0
168	1992	26	1382.4	-4.1	2.3	0.5665	1.5	0
168	1992	27	2419.2	-3.1	1	0.5603	3.1	0
168	1992	28	1641.6	-4.3	-0.9	0.5048	3.6	0
168	1992	29	6220.8	-3.1	3.9	0.5787	4.6	0
168	1992	30	1987.2	-1.9	0.1	0.5722	3.6	0
168	1992	31	2246.4	-2.3	-0.4	0.5536	3.1	0
168	1992	32	2332.8	-3	-0.6	0.5356	0.5	0
168	1992	33	2073.6	-3.3	-0.9	0.5238	2.6	0
168	1992	34	3974.4	-1	6.5	0.67	6.7	0.6
168	1992	35	691.2	0.2	7	0.7748	4.1	7.2
168	1992	36	950.4	1.2	7.4	0.8221	5.1	2
168	1992	37	2160	4.3	7.3	0.8758	4.6	0
168	1992	38	5529.6	1.6	9.9	0.8085	3.1	0
168	1992	39	7257.6	-1.5	11.4	0.7213	2.6	0
168	1992	40	5356.8	-0.3	9.7	0.7088	7.2	0
168	1992	41	4147.2	4.7	7.2	0.7918	8.7	0.4
168	1992	42	1123.2	5.8	8.8	0.9813	5.7	4.2
168	1992	43	2419.2	8.5	12.7	1.1877	5.7	0.6
168	1992	44	4665.6	4.5	11.9	0.9673	5.7	1.6
168	1992	45	4492.8	3.4	8.2	0.8021	8.2	0
168	1992	46	1900.8	4.9	10.6	0.8959	8.2	3.6
168	1992	47	5443.2	0.2	5.6	0.6471	7.7	3.8
168	1992	48	3974.4	-3.6	1	0.4556	5.1	0
168	1992	49	10368	-5.2	0.9	0.4071	2.1	0
168	1992	50	5702.4	-4.9	2	0.4506	2.6	0
168	1992	51	3110.4	-0.2	3.4	0.6652	2.1	1
168	1992	52	6739.2	-2.1	5.5	0.6216	3.6	0
168	1992	53	5702.4	-0.4	5	0.6056	7.2	0
168	1992	54	950.4	4	6.4	0.8313	7.2	1.6
168	1992	55	3369.6	5.3	9	0.951	2.6	0
168	1992	56	6393.6	3.5	10.4	0.8982	2.6	0
168	1992	57	5356.8	3.5	10.8	0.8498	4.6	0
168	1992	58	9072	3.3	12.2	0.9065	2.6	0
168	1992	59	9504	4.7	15.1	0.9263	4.1	0
168	1992	60	10454.4	4.5	16.5	0.8373	4.6	0
168	1992	61	10800	5	15.8	0.7687	5.1	0
168	1992	62	8294.4	4.2	10.2	0.7411	6.7	2
168	1992	63	4752	4.1	9.3	0.8044	7.7	0
168	1992	64	5356.8	5.8	12.4	1.0742	3.1	0
168	1992	65	9849.6	1.1	17.9	0.9492	3.6	3.3
168	1992	66	6652.8	3	10.5	0.8268	5.1	2.6
168	1992	67	12355.2	2	14.7	0.7795	3.1	0
168	1992	68	6652.8	4.6	12.1	0.9113	2.6	0.2
168	1992	69	7776	4.5	11	0.9381	2.1	0
168	1992	70	12009.6	2.8	11.9	0.8308	6.7	2.5
168	1992	71	6998.4	1.6	7.5	0.7268	6.7	0.9
168	1992	72	950.4	4.5	9.2	0.9317	12.3	9.8
168	1992	73	2678.4	4.3	10.2	0.9066	10.3	8.5
168	1992	74	8121.6	2.2	6.4	0.6145	7.2	0
168	1992	75	3196.8	1.7	6.2	0.7131	3.6	2.7
168	1992	76	10800	0.8	8	0.6607	3.1	0
168	1992	77	8208	5.1	13.1	1.0164	3.6	0
168	1992	78	13132.8	4.4	16.2	0.9889	2.1	0
168	1992	79	9331.2	5.9	12	0.9376	3.6	0
168	1992	80	4492.8	7.6	11.5	1.0715	7.7	0.8
168	1992	81	6220.8	5.5	11.5	0.8651	8.7	3.6
168	1992	82	2764.8	3.2	11	0.9478	7.2	13.2
168	1992	83	5788.8	2.1	7.3	0.8113	3.6	14.3
168	1992	84	9763.2	1.3	7.8	0.7268	7.2	0.1
168	1992	85	4665.6	2.9	6.3	0.7124	5.1	0.3
168	1992	86	3888	2.9	4.9	0.759	4.6	3.8
168	1992	87	4752	1.7	7.7	0.7857	3.1	0.3
168	1992	88	8726.4	0.3	5.5	0.6621	4.6	1.2
168	1992	89	6912	1.8	7.4	0.7124	3.1	0.2
168	1992	90	12268.8	4.7	12.2	0.8069	5.7	0
168	1992	91	6134.4	4.9	10.8	0.8596	4.1	2.3
168	1992	92	13046.4	2.8	11	0.7857	3.6	0
168	1992	93	7603.2	2.5	9.9	0.7866	4.6	0
168	1992	94	7516.8	3.7	9.5	0.8476	3.6	1.7
168	1992	95	10108.8	1.6	8.6	0.6938	3.1	0
168	1992	96	15292.8	-0.9	10.5	0.6536	2.6	0
168	1992	97	13219.2	3.5	11.3	0.7513	4.1	0
168	1992	98	15379.2	4.9	15.2	0.7756	3.6	0
168	1992	99	16761.6	4	15.4	0.7095	4.6	0
168	1992	100	19267.2	3.4	15	0.6861	3.6	0
168	1992	101	18748.8	2.6	15.2	0.7293	3.1	0
168	1992	102	17971.2	3.7	17.8	0.7998	1.5	0
168	1992	103	14688	5.3	15.3	0.9639	5.7	0.4
168	1992	104	10454.4	4	9.2	0.8476	7.7	11.5
168	1992	105	15811.2	6.1	14.2	0.818	8.2	0.1
168	1992	106	5961.6	2.3	9.9	0.8001	8.2	4.1
168	1992	107	5875.2	1.7	6.6	0.6738	5.7	1.9
168	1992	108	5961.6	1.5	6.9	0.7587	4.6	3.6
168	1992	109	3196.8	6.4	13.2	1.1864	4.6	2.8
168	1992	110	9936	3.4	12.8	0.842	4.6	0
168	1992	111	20563.2	0.2	11.6	0.6777	2.1	0
168	1992	112	19353.6	2.5	18.7	0.7535	2.1	0
168	1992	113	9676.8	7.8	14.5	1.0332	3.1	0
168	1992	114	7171.2	8.1	12.8	1.1253	3.6	1
168	1992	115	9676.8	7.4	16.6	1.1209	5.1	0
168	1992	116	8726.4	9.3	15.3	1.2576	4.6	3
168	1992	117	11404.8	10.4	18.1	1.3144	6.2	8.6
168	1992	118	16156.8	8	14.5	1.0534	6.7	3
168	1992	119	7171.2	7.1	13	1.1203	5.1	8.1
168	1992	120	14601.6	4.2	12.9	0.9571	4.1	2.1
168	1992	121	21340.8	2.7	14.4	0.8681	5.7	0.2
168	1992	122	6566.4	4.4	12.4	0.9254	6.2	7.4
168	1992	123	14342.4	3.8	12.8	0.8754	3.6	0
168	1992	124	14774.4	4.4	12.9	0.8515	2.6	0
168	1992	125	23760	2.8	15.3	0.8058	2.6	0
168	1992	126	20908.8	4.5	18.2	0.8993	2.1	0
168	1992	127	17798.4	6.5	16.9	1.0578	2.6	0
168	1992	128	13305.6	9.9	19.4	1.2655	5.7	0
168	1992	129	7862.4	7	14.4	1.0414	7.2	0.9
168	1992	130	5788.8	6.8	11.6	1.0117	8.2	6.3
168	1992	131	15206.4	6.9	14.4	1.0635	4.1	3.4
168	1992	132	11577.6	5.3	12.8	1.0475	4.1	6.3
168	1992	133	16416	5.2	16.1	0.9354	7.2	0
168	1992	134	25660.8	8.1	22.9	1.3014	3.1	0
168	1992	135	26352	12.9	29.5	1.4324	3.6	0
168	1992	136	24883.2	14.1	30.5	1.6124	2.6	0
168	1992	137	25401.6	9.6	22.1	1.0971	5.7	0
168	1992	138	22464	6	17.8	1.03	4.1	0
168	1992	139	26611.2	8.4	22.5	1.1219	5.1	0
168	1992	140	27734.4	10.2	23.5	0.9391	5.7	0
168	1992	141	27561.6	11.8	24.4	0.9954	5.1	0
168	1992	142	25660.8	11	24.2	0.9847	3.1	0
168	1992	143	26524.8	12.9	24.8	1.1519	3.6	0
168	1992	144	24364.8	14	26.6	1.2365	5.1	0
168	1992	145	13824	13.1	25	1.4964	2.1	0
168	1992	146	20908.8	13.9	26.7	1.5694	2.6	0
168	1992	147	24192	12.5	25.5	1.404	4.1	0
168	1992	148	19612.8	13	24.1	1.0878	6.2	0
168	1992	149	24105.6	15.2	26.7	1.1632	6.7	0
168	1992	150	11145.6	14	19.4	1.1011	5.7	0.2
168	1992	151	15897.6	11.4	22.9	1.5236	2.6	3
168	1992	152	17452.8	13.2	24.3	1.5767	2.1	0
168	1992	153	18403.2	15.7	25.4	1.7386	3.1	0.5
168	1992	154	8467.2	13	20.7	1.6674	3.1	6.5
168	1992	155	21772.8	12.8	21.5	1.4064	4.1	0
168	1992	156	5184	10.7	16	1.3776	3.1	14.1
168	1992	157	8899.2	11.2	16.5	1.344	3.1	17.7
168	1992	158	4492.8	11.1	14	1.3655	3.6	0.3
168	1992	159	19612.8	10.9	20.6	1.4117	2.6	0
168	1992	160	4147.2	11.4	16.1	1.4925	2.1	13.8
168	1992	161	19958.4	8.7	21.3	1.4647	2.1	0
168	1992	162	20476.8	11.5	22.9	1.4696	3.1	0
168	1992	163	22118.4	10.4	18.8	1.1619	4.6	0
168	1992	164	19612.8	10.4	18.5	1.2164	4.1	0
168	1992	165	25488	10.6	22.8	1.3289	2.6	0
168	1992	166	21513.6	12.9	24.9	1.5479	2.1	0
168	1992	167	27734.4	12.8	26.3	1.3393	2.1	0
168	1992	168	15033.6	12	21.4	1.4428	6.7	0
168	1992	169	29030.4	9.4	21.2	1.1459	6.2	0
168	1992	170	9676.8	8	15	1.0574	4.1	0
168	1992	171	16156.8	8	17	1.1294	3.1	1
168	1992	172	10800	12.3	22.9	1.7684	5.7	27.1
168	1992	173	5875.2	8.8	16.1	1.3855	3.1	8.3
168	1992	174	24537.6	7.8	20.3	1.3135	2.1	0
168	1992	175	24537.6	11.2	22	1.4337	4.6	0
168	1992	176	11836.8	12.8	20	1.4528	4.6	0
168	1992	177	8380.8	12.8	19.8	1.6102	3.1	2.8
168	1992	178	24796.8	12	23.2	1.5072	3.1	0
168	1992	179	27129.6	14.5	25.9	1.5833	2.1	0
168	1992	180	28771.2	12.4	27	1.3289	2.6	0
168	1992	181	28252.8	14.2	28.4	1.3148	3.1	0
168	1992	182	25315.2	15.9	29.3	1.6147	4.1	0
168	1992	183	20736	15.3	24	1.6674	5.1	0.1
168	1992	184	18748.8	14.2	23.4	1.7549	2.6	0
168	1992	185	16675.2	14.7	23.2	1.7714	3.6	2.5
168	1992	186	16416	14.8	21	1.843	4.1	7.6
168	1992	187	12182.4	14	21.8	1.9045	3.1	28.6
168	1992	188	17539.2	13.2	21	1.6161	5.1	1.8
168	1992	189	27475.2	11.8	22.3	1.3587	4.1	0
168	1992	190	26870.4	11.7	24.5	1.4516	2.1	0
168	1992	191	19353.6	14.6	25.3	1.6056	1.5	0
168	1992	192	13392	13.9	21.1	1.7174	3.1	0.2
168	1992	193	16502.4	11.3	20.2	1.4832	4.1	0.1
168	1992	194	16156.8	13.5	20.1	1.7003	5.7	6.9
168	1992	195	12960	12.2	20.3	1.5682	7.2	3.5
168	1992	196	3888	14	17.1	1.729	6.7	13.9
168	1992	197	17884.8	11.3	22.3	1.5666	1.5	0
168	1992	198	24019.2	15.4	26.8	1.9982	2.1	0
168	1992	199	10108.8	15.6	20.6	1.9493	5.7	8.5
168	1992	200	15984	13.3	21.1	1.6068	5.1	0
168	1992	201	26611.2	14.3	27.9	1.7484	3.6	0
168	1992	202	24796.8	16.6	29	2.0776	2.1	0
168	1992	203	17366.4	14.7	26.4	1.9801	4.6	0.7
168	1992	204	21081.6	13.2	23.3	1.6118	4.1	0
168	1992	205	24019.2	12.1	25.5	1.5166	2.6	0
168	1992	206	19958.4	15.7	28	1.935	3.1	2.4
168	1992	207	17539.2	14.9	24	1.8274	2.6	0
168	1992	208	25056	14	24.4	1.5771	3.6	0
168	1992	209	15552	10.8	21.7	1.4021	4.6	1.3
168	1992	210	24364.8	10.2	22.2	1.2689	2.6	0
168	1992	211	25315.2	10.8	26.4	1.3266	3.1	0
168	1992	212	22809.6	14.5	30.3	1.5952	3.1	0
168	1992	213	18921.6	15.9	27.2	1.8485	2.1	0
168	1992	214	17452.8	16.4	30.8	2.1512	4.1	2.9
168	1992	215	16070.4	16.1	24.7	1.9619	3.6	0
168	1992	216	14601.6	13.9	24.4	1.7715	5.7	0.6
168	1992	217	20822.4	13	22.6	1.4652	5.1	0
168	1992	218	24969.6	11.2	26.6	1.3517	3.6	0
168	1992	219	23500.8	13.4	26.4	1.7166	3.6	0
168	1992	220	22377.6	14.1	30.2	1.8641	3.6	0
168	1992	221	20390.4	18.5	31.3	2.4509	3.6	8.8
168	1992	222	23155.2	17	30.6	1.9124	4.1	6.5
168	1992	223	5011.2	13.4	19	1.7471	5.7	3.6
168	1992	224	15120	12.3	23.3	1.7705	4.6	9
168	1992	225	13478.4	14	20.5	1.6119	7.2	4.9
168	1992	226	6048	13.1	16.5	1.5973	7.7	16.3
168	1992	227	13478.4	11.6	18.9	1.523	5.7	8.8
168	1992	228	14169.6	10.8	19.6	1.3801	2.6	0
168	1992	229	13996.8	10	22.9	1.4201	4.6	0
168	1992	230	14515.2	12.8	19.2	1.616	4.6	6.3
168	1992	231	11836.8	13.2	21.9	1.8029	2.6	0
168	1992	232	17712	14.8	26.2	2.0703	2.1	0
168	1992	233	9763.2	17.2	25	2.148	4.6	0.2
168	1992	234	12700.8	14.4	23.2	1.7549	3.1	0
168	1992	235	15897.6	13.1	25	1.8925	3.1	6
168	1992	236	19094.4	12.6	18.8	1.3538	4.6	1.8
168	1992	237	12528	12.9	22.3	1.6679	6.7	13.6
168	1992	238	8035.2	18.3	22.2	2.0623	6.7	0.9
168	1992	239	7689.6	16.6	22.5	2.0884	3.6	0.1
168	1992	240	14169.6	17.8	23.9	1.9677	7.7	0
168	1992	241	12441.6	15.4	25.4	1.914	4.1	3.6
168	1992	242	7862.4	11.6	18	1.5469	3.6	14.7
168	1992	243	8208	11.1	18.2	1.3988	6.7	1.7
168	1992	244	8121.6	10.7	16.3	1.4066	4.6	12.5
168	1992	245	12873.6	9.2	15.6	1.2083	7.2	2.2
168	1992	246	5529.6	11.3	15.9	1.4313	7.7	9
168	1992	247	8726.4	11.3	17	1.4027	7.7	1.4
168	1992	248	8208	8.7	14.3	1.2337	6.2	4.6
168	1992	249	13478.4	5.7	15.5	1.0728	5.1	5.3
168	1992	250	17712	5.1	18	1.0337	4.1	0
168	1992	251	9072	10.9	19.9	1.3979	4.6	0.2
168	1992	252	11232	8	15.9	1.229	5.1	0.9
168	1992	253	16934.4	7.6	18.5	1.2158	3.1	0
168	1992	254	14860.8	6.7	21.1	1.2056	3.1	0
168	1992	255	13046.4	9.9	24.2	1.611	4.6	1.1
168	1992	256	14601.6	7.3	18.2	1.1481	2.6	0
168	1992	257	12441.6	8.2	20.8	1.2369	3.6	0.1
168	1992	258	9417.6	11.8	16.8	1.4652	5.1	4.2
168	1992	259	13824	12.5	19.1	1.5597	6.7	1.4
168	1992	260	10800	10	19.5	1.4413	3.6	0
168	1992	261	15724.8	7.9	21.5	1.42	4.1	0
168	1992	262	6307.2	11.7	20.6	1.6315	3.1	0
168	1992	263	8467.2	11.2	19.2	1.5354	4.1	0
168	1992	264	7948.8	12.3	18.6	1.4901	2.6	0
168	1992	265	11232	11.5	22.4	1.6587	3.6	0
168	1992	266	5875.2	13.4	21.4	1.647	3.6	0
168	1992	267	10454.4	11.5	17.6	1.3401	6.7	0.1
168	1992	268	10627.2	9.4	18.5	1.2573	4.6	0
168	1992	269	13824	10.5	22.6	1.4479	3.1	0
168	1992	270	13824	10.9	24.9	1.5154	3.1	0
168	1992	271	13046.4	11.6	26	1.6466	3.1	0
168	1992	272	12528	12.5	22.1	1.5775	3.6	0
168	1992	273	8294.4	14.2	19.2	1.5187	2.6	0
168	1992	274	6220.8	12.3	18.4	1.5851	3.1	0.6
168	1992	275	9417.6	9.3	16.8	1.3059	3.6	0
168	1992	276	7430.4	8.3	15.5	1.2388	2.1	0
168	1992	277	9072	10.3	17.4	1.3757	4.1	0.9
168	1992	278	9936	8.8	15.6	1.1074	8.2	0.2
168	1992	279	2332.8	7.6	10.9	1.0267	7.2	0
168	1992	280	691.2	7.6	10.7	1.1473	5.7	15.5
168	1992	281	1296	10.2	11.7	1.3072	4.6	1.5
168	1992	282	3369.6	9.3	12.9	1.1882	1.5	0
168	1992	283	3888	6.3	12.7	1.0323	2.6	1.1
168	1992	284	9331.2	4.1	12.2	0.9315	4.1	0
168	1992	285	8899.2	1.3	13.2	0.8862	2.1	0.2
168	1992	286	10972.8	2.1	11.4	0.7186	5.1	0
168	1992	287	11145.6	-0.4	10	0.6192	3.6	0
168	1992	288	7776	-0.5	10.9	0.6986	6.2	0.3
168	1992	289	7257.6	3.7	9.7	0.8142	6.7	4.8
168	1992	290	8208	1.8	8.9	0.7149	5.7	0
168	1992	291	9244.8	-0.6	9.1	0.6869	4.1	0
168	1992	292	8467.2	1.2	9.6	0.6905	6.2	0.3
168	1992	293	8985.6	2.7	12.7	0.7668	6.2	0
168	1992	294	6480	3.7	14.2	0.8919	4.1	0
168	1992	295	1814.4	4	8.2	0.8659	4.1	2.7
168	1992	296	4838.4	3.1	8.5	0.8113	5.1	0
168	1992	297	1209.6	3.5	8	0.8452	5.1	3.8
168	1992	298	5788.8	3.6	8.4	0.8132	6.7	5.1
168	1992	299	1555.2	3.4	11.9	0.9736	7.7	22.8
168	1992	300	6307.2	3.8	10.1	0.8682	5.1	0
168	1992	301	3024	4.3	9.2	0.8662	4.6	8.6
168	1992	302	2592	3.9	7.9	0.8448	6.2	5.8
168	1992	303	2592	2.7	8.4	0.8155	7.2	6.8
168	1992	304	5875.2	0.8	10.1	0.8458	2.1	0
168	1992	305	1900.8	1.9	3.8	0.7497	2.1	0
168	1992	306	7776	-1.7	9	0.6744	3.6	0
168	1992	307	4406.4	1.3	10.3	0.7836	9.3	2.7
168	1992	308	3369.6	5.1	10.1	0.8973	6.2	0
168	1992	309	3888	5.1	10.5	0.9413	5.1	0
168	1992	310	950.4	8	11.2	1.1587	6.2	0.9
168	1992	311	3628.8	6	12.7	1.0924	4.6	0
168	1992	312	1036.8	5.7	10	1.04	6.2	1
168	1992	313	5702.4	4.9	11.1	0.9542	3.1	1.1
168	1992	314	1987.2	2.2	10.6	0.8648	4.6	0.1
168	1992	315	3801.6	6.6	11.3	0.9948	7.7	6
168	1992	316	1123.2	5.7	14.1	1.0847	9.8	10.3
168	1992	317	2073.6	3	6.8	0.7448	7.2	2.7
168	1992	318	3196.8	1.8	5.3	0.7248	5.1	0.9
168	1992	319	4147.2	0.7	5.2	0.6796	3.6	0
168	1992	320	950.4	3.2	8.9	0.9099	4.1	4.1
168	1992	321	777.6	6.7	8.5	0.9599	6.7	2.4
168	1992	322	777.6	2.5	7	0.7713	8.7	17.1
168	1992	323	2937.6	1.6	8.3	0.7908	7.7	1.9
168	1992	324	2851.2	4	9.3	0.7821	7.2	1
168	1992	325	3196.8	1.8	6.1	0.7212	5.7	0
168	1992	326	1728	2.3	11.9	0.9679	4.1	3.6
168	1992	327	950.4	11.5	12.9	1.3771	7.2	11.5
168	1992	328	2160	7.2	12.6	1.0238	6.7	0
168	1992	329	1123.2	7.9	11.7	1.1259	4.6	1
168	1992	330	3628.8	9.8	12.6	1.0234	9.8	3.6
168	1992	331	2332.8	5.9	14.3	1.0376	9.3	1.5
168	1992	332	3542.4	3.5	9	0.8464	6.2	2.5
168	1992	333	3196.8	2.9	12	0.8984	4.6	0.9
168	1992	334	864	3.1	11.3	0.9847	4.1	2.8
168	1992	335	3974.4	9.6	13.5	1.1426	6.2	0
168	1992	336	3801.6	4.7	11.3	0.8684	7.2	1.3
168	1992	337	1123.2	6.3	12.8	1.0358	9.8	8.7
168	1992	338	3715.2	3.8	9.9	0.8325	8.2	3.1
168	1992	339	518.4	0.4	5.5	0.7098	6.7	10.9
168	1992	340	2419.2	1.4	5.3	0.7301	5.7	0
168	1992	341	3369.6	1.4	5.9	0.7061	5.7	2.3
168	1992	342	1296	1.8	9.2	0.8307	6.2	3.4
168	1992	343	864	3.2	6.4	0.86	2.1	0
168	1992	344	1036.8	2.3	4.7	0.7458	3.6	0
168	1992	345	259.2	2.3	3.2	0.6923	2.6	0
168	1992	346	1382.4	2	5.7	0.7483	6.2	10.8
168	1992	347	2505.6	4.2	7.8	0.86	5.7	9
168	1992	348	1641.6	2.4	7	0.8028	6.7	0.5
168	1992	349	1209.6	6.1	9.3	0.9664	6.7	0.1
168	1992	350	3283.2	-0.4	8.3	0.7131	3.1	0
168	1992	351	2332.8	2.7	10	0.8331	4.1	0
168	1992	352	2419.2	2.1	8.4	0.8342	3.1	0
168	1992	353	2764.8	3.3	10	0.7919	6.2	4.4
168	1992	354	691.2	5	9.8	0.9983	4.1	4.5
168	1992	355	1036.8	1.4	5.7	0.7878	3.1	7
168	1992	356	604.8	1.5	3	0.7184	2.6	0
168	1992	357	518.4	1.4	3.3	0.7091	2.1	0.9
168	1992	358	345.6	1.6	4.2	0.7524	2.1	0.2
168	1992	359	691.2	1.8	4.3	0.7604	4.1	0
168	1992	360	1123.2	-1.2	1.8	0.6057	4.6	0
168	1992	361	864	-3.2	-0.5	0.5176	4.6	0
168	1992	362	3110.4	-4.2	-0.1	0.501	5.1	0
168	1992	363	3715.2	-4	0	0.4591	5.7	0
168	1992	364	3715.2	-6.1	1.1	0.3458	3.6	0
168	1992	365	3628.8	-6.2	3	0.375	1.5	0
168	1992	366	3283.2	-7.1	1.4	0.4013	2.1	0
