*---------------------------------------------------------------------------*
* Station name: BEEK                                    
* Year: 2007
* Author: Pedro Alencar                                   -999.000: NIL VALUE
* Source: ECAD 
* Comments: 
* Longitude: 50.9331, latitude: 50.9331, altitude: 115 m.
*
* Column  Daily value
* 1       station number
* 2       year
* 3       day
* 4       irradiation                   (kJ m-2 d-1)
* 5       minimum temperature           (degrees Celsius)
* 6       maximum temperature           (degrees Celsius)
* 7       early morning vapour pressure (kPa)
* 8       mean wind speed (height: 2 m) (m s-1)
* 9       precipitation                 (mm d-1)
*
** WCCDESCRIPTION=GERMANY, BEEK                                    
** WCCFORMAT=2
** WCCYEARNR=2007
*---------------------------------------------------------------------------*
   50.9331  5.8167    115.  -0.18 -0.55
168	2007	1	1468.8	3.6	12.7	0.8665	7	7.4
168	2007	2	1468.8	3.7	6.3	0.7849	4.7	3.5
168	2007	3	1382.4	4.4	7.9	0.8217	7.3	0
168	2007	4	1296	7.1	9.8	0.9506	7.3	4
168	2007	5	777.6	7	9.6	0.9738	6.8	1.4
168	2007	6	604.8	8.1	11.2	1.0787	5.4	8
168	2007	7	3110.4	6.7	9.8	0.8942	7.7	0.1
168	2007	8	1641.6	7.9	11	1.0052	8.7	2.6
168	2007	9	1209.6	11	13.8	1.0932	9.4	0.3
168	2007	10	2332.8	5.5	13.5	0.9018	9.4	2.4
168	2007	11	345.6	5	10.4	0.8404	10.6	10.8
168	2007	12	1900.8	5.8	11.6	0.9331	8.1	0.3
168	2007	13	950.4	9.7	11.6	1.1148	7.9	0.3
168	2007	14	4665.6	3.5	11.1	0.8075	5.3	1.2
168	2007	15	4838.4	2.6	8.5	0.7158	5.1	0
168	2007	16	3024	5.4	9.5	0.8778	7	0.2
168	2007	17	2332.8	8.3	12.1	1.0445	8.5	3.2
168	2007	18	518.4	8.6	14.5	1.1017	11.9	15.3
168	2007	19	3283.2	8	12.5	1.0231	5.9	11.5
168	2007	20	1296	6.3	13.4	1.0082	9.2	2.7
168	2007	21	2764.8	4.4	8.5	0.7328	8.9	2.6
168	2007	22	1814.4	-3	5	0.5517	5.2	0.4
168	2007	23	3801.6	-6.2	-0.7	0.3269	4.9	0
168	2007	24	2073.6	-5	-1.1	0.4393	2.2	0
168	2007	25	3974.4	-5.9	0.4	0.3993	3.9	0
168	2007	26	2246.4	-5.9	2.5	0.4586	5.2	1
168	2007	27	2764.8	1.8	5.7	0.7351	2.7	0.7
168	2007	28	1209.6	3.8	5.9	0.7681	6	2.5
168	2007	29	1468.8	5.9	8.3	0.9679	2.7	0.9
168	2007	30	1814.4	6.3	8.5	0.9777	1.8	0.2
168	2007	31	4924.8	5.1	8.5	0.8494	5.3	0.2
168	2007	32	864	5.3	9	1.0016	2.3	0.8
168	2007	33	1036.8	5.9	8.9	0.9571	3.2	0
168	2007	34	6220.8	-0.5	9.4	0.7553	1.9	0
168	2007	35	4924.8	-2.2	8.1	0.6947	2.3	0
168	2007	36	1036.8	0.4	3.4	0.6656	3.2	1.1
168	2007	37	4665.6	-0.7	5.4	0.6657	2	5
168	2007	38	2419.2	-2.5	0.9	0.5591	1.3	0.3
168	2007	39	2073.6	-4	7.5	0.6169	6.8	5.9
168	2007	40	5443.2	2.6	6.7	0.6808	4.8	0.3
168	2007	41	2073.6	1.9	8.4	0.7931	4.4	1.8
168	2007	42	2678.4	7.2	10.5	0.9426	7.6	4.3
168	2007	43	4233.6	6.2	11.6	0.9458	8.3	6.7
168	2007	44	1814.4	6	8.8	0.8439	5.6	2.3
168	2007	45	1296	5.8	7.2	0.8515	3.9	8.7
168	2007	46	8812.8	3.3	11	0.7993	3.1	0
168	2007	47	6652.8	-0.5	17.1	0.6565	3.5	0
168	2007	48	6393.6	2	13.2	0.6364	4.4	0
168	2007	49	4147.2	3.2	7.7	0.7828	2.4	0
168	2007	50	3283.2	4.2	7.7	0.8104	2.5	0
168	2007	51	8208	3.5	14.9	0.8838	2.9	0
168	2007	52	3542.4	4.8	12.5	0.93	5	2.6
168	2007	53	7776	3.9	12.4	0.834	4.8	0
168	2007	54	5529.6	7.3	14.2	1.0061	5	2.1
168	2007	55	4924.8	7.1	12.5	0.9927	7.2	5.1
168	2007	56	3715.2	6	9.4	0.9244	6.2	13.3
168	2007	57	1728	4.9	7.7	0.8684	3.8	3
168	2007	58	2419.2	3.8	11.3	0.9462	5.8	6.3
168	2007	59	4147.2	7.1	11.8	0.9106	9.3	9
168	2007	60	8553.6	6.2	10.9	0.8347	8.1	8.6
168	2007	61	9676.8	4.9	10	0.7332	4.5	2.4
168	2007	62	1728	3.8	9.6	0.8534	6.8	12.5
168	2007	63	10454.4	3.7	14	0.795	4.4	0
168	2007	64	9158.4	6.5	12.6	0.8215	7.1	4.1
168	2007	65	4579.2	7.5	11.9	0.914	10.3	3.4
168	2007	66	7171.2	4.2	11.6	0.8519	5.5	0.9
168	2007	67	9936	3.8	12.8	0.8535	3	0
168	2007	68	3369.6	1.7	9.5	0.8001	5.1	8
168	2007	69	12873.6	1.2	11.5	0.7374	3.8	0
168	2007	70	13651.2	3.5	14.9	0.8605	3	0
168	2007	71	14774.4	2.2	16.7	0.7568	3.3	0
168	2007	72	12009.6	3.4	15.1	0.8401	3.6	0
168	2007	73	14947.2	1.9	12.4	0.7183	2	0
168	2007	74	14947.2	1	14.7	0.711	1.5	0
168	2007	75	8380.8	1.5	12.7	0.8268	4.1	0
168	2007	76	1555.2	7.1	11	0.967	6.1	0.2
168	2007	77	3715.2	1.4	9.2	0.6946	8.4	5.3
168	2007	78	7689.6	0.2	6.4	0.6579	3.5	3.4
168	2007	79	10454.4	-1.5	8.3	0.6548	3.9	0.2
168	2007	80	8208	0.9	7.5	0.668	4	0.1
168	2007	81	1555.2	2.4	7	0.6661	4.8	3.3
168	2007	82	2160	3	5.3	0.6903	5.4	1
168	2007	83	2678.4	3.9	9.7	0.8692	4.5	0.3
168	2007	84	15379.2	4.8	12.5	0.7619	5.3	0
168	2007	85	17539.2	4.4	17	0.7714	5.7	0
168	2007	86	17020.8	6	16.2	0.7129	5.5	0
168	2007	87	16588.8	5.8	17.6	0.7968	2.5	0
168	2007	88	11664	5.2	14.7	0.9538	3.6	1
168	2007	89	6480	4.2	13.3	0.9589	2.2	2.1
168	2007	90	11836.8	5.9	15.2	0.8783	5.3	0
168	2007	91	17798.4	4.6	17.5	0.7106	5.2	0
168	2007	92	17280	4.9	18.2	0.7345	4.3	0
168	2007	93	6825.6	3.4	9.2	0.7062	5.4	0
168	2007	94	20563.2	1.3	11.6	0.5882	6.2	0
168	2007	95	18057.6	0.2	14.2	0.7309	1.7	0
168	2007	96	18403.2	2.9	18.5	0.9257	2.8	0
168	2007	97	10368	4.4	11.2	0.7403	3.9	0
168	2007	98	20044.8	1.7	16.1	0.7635	1.4	0
168	2007	99	16329.6	4.9	16.5	0.8485	3.6	0
168	2007	100	9763.2	5.4	16.3	0.9349	3.2	0
168	2007	101	13305.6	6.3	16.8	0.9793	2.4	0
168	2007	102	20131.2	7.3	22.2	1.1732	4.1	0
168	2007	103	17971.2	9.7	24.1	1.2497	3.8	0
168	2007	104	20649.6	10.2	26.1	1.1857	3.9	0
168	2007	105	22118.4	11.3	27.1	0.9551	3	0
168	2007	106	22118.4	9.4	26.6	0.9479	2.5	0
168	2007	107	14947.2	6.6	17.3	0.9776	3.8	0
168	2007	108	15465.6	3.2	14.4	0.7584	1.8	0
168	2007	109	22377.6	2.8	17.6	0.7834	3.3	0
168	2007	110	22464	3.8	13.9	0.7382	3.3	0
168	2007	111	23241.6	0.4	15.2	0.6134	3.2	0
168	2007	112	23068.8	4.1	22.1	0.7831	1.9	0
168	2007	113	19180.8	6.7	24.1	0.9436	3	0
168	2007	114	19267.2	11.1	24.1	1.1454	2.5	0
168	2007	115	17452.8	14.1	27.9	1.2909	3	0
168	2007	116	22377.6	11.2	26.3	1.1879	2.8	0
168	2007	117	23673.6	9.2	26.8	1.0304	3	0
168	2007	118	23328	10.4	27	1.0981	2.9	0
168	2007	119	23760	11.4	23.3	1.1671	5.2	0
168	2007	120	26006.4	8	21.8	0.7107	5.8	0
168	2007	121	25833.6	7.5	22.3	0.7277	5.7	0
168	2007	122	26352	7.8	21.4	0.6307	5.5	0
168	2007	123	25142.4	5.9	21.8	0.7748	4	0
168	2007	124	16588.8	7.3	23.2	0.9	4.6	0
168	2007	125	21945.6	9.1	22.3	1.1222	4.5	0
168	2007	126	19094.4	5.6	19.5	1.075	3.9	0
168	2007	127	3110.4	11.7	15.7	1.3937	7.8	8.9
168	2007	128	11059.2	11.5	15.6	1.2096	7	1.1
168	2007	129	4147.2	9.9	14.1	1.3031	4	6.9
168	2007	130	8640	13.2	19.3	1.4206	6.8	0.5
168	2007	131	11577.6	10.4	17.4	1.1105	8.5	1.8
168	2007	132	12960	10.8	17.6	1.2455	6.8	6.3
168	2007	133	11750.4	11.9	23.4	1.4918	4.5	8.7
168	2007	134	13478.4	11.8	18.3	1.2302	6.8	1.1
168	2007	135	19612.8	8.7	16.6	1.0967	3.9	1.9
168	2007	136	10627.2	8.5	15.9	1.1784	4.5	11.1
168	2007	137	8121.6	7	13.9	1.138	2	3.9
168	2007	138	19785.6	6.9	22.6	1.3408	5.3	0.9
168	2007	139	24105.6	11.9	19.2	1.2879	3.7	8.1
168	2007	140	11664	11	19.6	1.389	3.2	0.4
168	2007	141	14774.4	14	22.6	1.8689	2.7	0
168	2007	142	15552	14.1	23.5	1.8632	2.8	0
168	2007	143	27475.2	13.9	22	1.3147	3.2	0
168	2007	144	25747.2	12.1	25.9	1.4698	3	0
168	2007	145	20476.8	14.6	25	1.7291	2	8.1
168	2007	146	6220.8	13.7	18	1.6726	3.3	0.8
168	2007	147	9849.6	11.5	17.6	1.3567	4.1	1.8
168	2007	148	7776	11	13.7	1.1757	2	2.2
168	2007	149	8812.8	6.1	13.3	0.926	4	0
168	2007	150	23932.8	4.7	20.6	0.892	4.5	0
168	2007	151	17625.6	11.6	19.1	1.4109	3.2	4.9
168	2007	152	11923.2	11.6	19.6	1.4691	2	0.3
168	2007	153	20131.2	10.5	23.1	1.452	2.7	0
168	2007	154	20304	12.8	22.5	1.5925	3	0
168	2007	155	21254.4	12.9	23.2	1.5711	3.5	0
168	2007	156	23932.8	14.8	24.5	1.6446	4.4	0
168	2007	157	23414.4	13.3	24.5	1.6133	4.5	0
168	2007	158	22896	15.6	28.2	1.9409	4.3	0
168	2007	159	18662.4	17.8	30.2	2.3524	2.5	0.8
168	2007	160	10281.6	14.9	21.6	1.9468	2.5	38
168	2007	161	13651.2	13.9	22.8	1.9169	2.1	2.5
168	2007	162	23414.4	13.3	26.6	1.9779	2	9.4
168	2007	163	7257.6	14.1	19.6	1.7632	3	0
168	2007	164	25228.8	14	23.8	1.6133	3.8	0
168	2007	165	14169.6	14.9	24.7	1.9597	2.4	31.9
168	2007	166	13910.4	15.4	21.4	1.6693	5.1	1.5
168	2007	167	17539.2	13.7	20.4	1.611	5.9	6.3
168	2007	168	25228.8	13.7	23.2	1.505	4.5	5.4
168	2007	169	13737.6	15.2	22.3	1.8142	4.2	4.3
168	2007	170	27993.6	13.3	26.7	1.7273	3.1	1.1
168	2007	171	15811.2	17.6	24.1	1.9185	3	5
168	2007	172	7430.4	13.9	17.9	1.5336	2.8	0
168	2007	173	19267.2	12.6	21.9	1.5529	5	0.9
168	2007	174	14947.2	13.6	20.6	1.6356	5.2	4.4
168	2007	175	14083.2	14	21.3	1.5119	4.1	0.3
168	2007	176	14515.2	12.3	19.8	1.3662	5.5	1.8
168	2007	177	10627.2	9.5	15.4	1.1979	4.9	3
168	2007	178	20908.8	8.1	17.6	1.0667	5.7	0
168	2007	179	19094.4	12	18.9	1.2271	5.5	0
168	2007	180	8985.6	14	17.5	1.4475	7.4	1.8
168	2007	181	11491.2	13.6	20.6	1.5772	4.8	0
168	2007	182	19699.2	16.5	25.2	1.771	6.2	0
168	2007	183	17712	14.6	20.7	1.6127	5.8	8.5
168	2007	184	12182.4	13.3	19.1	1.5816	5.5	3.2
168	2007	185	10800	11.9	16.9	1.4583	5.2	19.1
168	2007	186	10886.4	12.8	19	1.5516	5.4	5.2
168	2007	187	11318.4	13.4	19	1.3425	8.1	0.5
168	2007	188	18316.8	10.9	21.2	1.3115	4.8	0
168	2007	189	25401.6	9.3	22.6	1.2308	2.3	1.5
168	2007	190	20131.2	11.4	20.1	1.4475	3.5	3.6
168	2007	191	18748.8	9.9	19.3	1.4109	4	8.2
168	2007	192	10195.2	11.4	16.8	1.3821	4.6	0.1
168	2007	193	9763.2	13.5	19.7	1.6223	5.5	0.1
168	2007	194	15811.2	17	26.1	2.0283	4.1	0.3
168	2007	195	22636.8	17.8	27.1	1.8441	4.7	0
168	2007	196	24624	16.6	32.9	1.8374	4.1	0
168	2007	197	20476.8	18	29.6	1.8241	3.7	2.3
168	2007	198	24537.6	15.6	24	1.5908	5.4	3.1
168	2007	199	20822.4	13.6	24.7	1.5279	3.3	0.2
168	2007	200	11750.4	12.5	22.6	1.5024	2.4	0
168	2007	201	11577.6	14.6	23.2	1.8967	3.4	14.6
168	2007	202	20822.4	11.8	22.8	1.4789	2.5	3.5
168	2007	203	20736	12.2	21.5	1.4758	4.3	3
168	2007	204	5356.8	11.8	18.5	1.4273	4.6	2.2
168	2007	205	11577.6	12.1	19.5	1.5417	6.1	12
168	2007	206	22809.6	11.7	23.5	1.467	4.8	0
168	2007	207	17625.6	15.5	24	1.6318	6.4	0
168	2007	208	19958.4	14.3	22.6	1.4626	6.2	0.5
168	2007	209	13564.8	14.7	21.2	1.6845	4.3	16.9
168	2007	210	6652.8	10.2	17.3	1.3354	5	18.2
168	2007	211	15897.6	8.2	17.5	1.1704	3.4	2.9
168	2007	212	20563.2	7.4	19.1	1.1101	2.3	0
168	2007	213	25660.8	8.7	24.1	1.1734	2.7	0
168	2007	214	8812.8	13.8	20.9	1.6418	2.5	9.1
168	2007	215	23068.8	12.4	22.4	1.4089	1.9	0
168	2007	216	25315.2	11.7	26.6	1.4614	2.7	0
168	2007	217	26352	14.1	30.2	1.4913	3.3	0
168	2007	218	18835.2	16.6	28.4	1.9586	3.7	1.2
168	2007	219	11491.2	14.7	21.7	1.7529	2.1	0.7
168	2007	220	5529.6	13.7	17.7	1.4963	3.8	0.1
168	2007	221	1296	12.6	15.8	1.5851	3.9	58.7
168	2007	222	3283.2	14.5	18.3	1.7881	2.9	0.4
168	2007	223	22118.4	12.3	21.2	1.4855	1.9	0
168	2007	224	18576	10.5	23.3	1.5573	1.8	8
168	2007	225	20649.6	12.2	22.2	1.45	3.6	0.6
168	2007	226	19353.6	11.7	26	1.5431	5.6	0.8
168	2007	227	8726.4	17.3	24.1	2.0715	8.8	2.1
168	2007	228	12182.4	12.3	19.8	1.4755	6	3.5
168	2007	229	16156.8	10.8	19.3	1.2985	4.9	2.7
168	2007	230	17625.6	10.1	21.1	1.2744	3.2	0
168	2007	231	10540.8	14.6	22.8	1.6579	3	2.6
168	2007	232	7948.8	13	19.2	1.6629	4.8	5.9
168	2007	233	11750.4	12	19.4	1.621	2.3	22.3
168	2007	234	5270.4	15.2	18.8	1.7801	3.5	5.6
168	2007	235	12960	13.9	22.2	1.7365	2.3	0.7
168	2007	236	17020.8	12.3	25	1.6956	1.6	0
168	2007	237	9417.6	14.9	22.4	1.9961	2	0
168	2007	238	14342.4	13.5	22.6	1.7778	3	0
168	2007	239	13046.4	11.2	18.9	1.3669	1.9	0
168	2007	240	13651.2	9.6	17.6	1.2446	2.7	0
168	2007	241	17107.2	8.4	18.4	1.1364	3.7	0
168	2007	242	13392	5.6	18.6	1.1565	2.6	0
168	2007	243	5788.8	13.8	18.2	1.616	3.6	3.8
168	2007	244	12355.2	13.5	20	1.5617	3.2	0
168	2007	245	8208	13.8	20.4	1.5577	4.7	0
168	2007	246	11836.8	10.9	18.4	1.3488	4.4	8.2
168	2007	247	13824	7.9	15.9	1.1136	3.2	1.2
168	2007	248	7516.8	4.6	14.5	1.0834	2.8	1.4
168	2007	249	9417.6	12.6	19.8	1.6368	3.2	1
168	2007	250	7948.8	11.6	19	1.5279	3	0.9
168	2007	251	8553.6	9.9	19.7	1.4796	2.7	0
168	2007	252	9504	10.6	17.7	1.3382	2.7	0
168	2007	253	5443.2	11	17.2	1.3821	4.3	3.4
168	2007	254	10972.8	10.4	18.5	1.3644	2.8	0.2
168	2007	255	12700.8	7.8	17.8	1.2404	1.3	0
168	2007	256	10800	8.9	18.1	1.2984	2.8	0
168	2007	257	14428.8	7.3	20.6	1.305	2.5	0
168	2007	258	14860.8	8.6	18.8	1.1744	1.5	0
168	2007	259	11664	8.7	22.2	1.3148	5.1	0
168	2007	260	7257.6	11	20.1	1.5349	3.8	9.1
168	2007	261	10454.4	6.3	15	1.102	3.2	7.8
168	2007	262	12182.4	6.4	15.7	1.0264	5.7	0.6
168	2007	263	10627.2	9.4	18.9	1.1608	6.5	0
168	2007	264	14947.2	11.7	20.6	1.2649	4.8	0
168	2007	265	15379.2	8.9	22.2	1.3232	1.8	0
168	2007	266	12441.6	10.5	23.3	1.5381	3.3	0
168	2007	267	8121.6	9.9	20.6	1.4711	6.2	1.6
168	2007	268	10800	7.6	16.3	1.1033	5.5	0.1
168	2007	269	5270.4	7.4	13.6	1.1798	2.8	1.5
168	2007	270	2764.8	7.8	12.5	1.165	5.3	23
168	2007	271	9244.8	8.7	16.1	1.2803	2.9	4.6
168	2007	272	1641.6	8.7	12.7	1.2342	4.4	3.4
168	2007	273	11664	7.6	16.8	1.2493	2.6	0
168	2007	274	2764.8	10.3	13.8	1.3495	3.8	15.6
168	2007	275	3283.2	12.8	14.9	1.5496	2.7	0
168	2007	276	5270.4	13.3	19	1.7782	1.8	3.6
168	2007	277	10368	11	19.2	1.5598	1.6	0
168	2007	278	10972.8	7.2	16.6	1.2249	2.6	0
168	2007	279	13305.6	6.6	16.5	1.1698	3.6	0
168	2007	280	12700.8	5	18.7	1.1654	1.5	0
168	2007	281	8380.8	5.6	15	1.1392	1.6	0
168	2007	282	5529.6	6.3	15	1.1789	1.9	3.4
168	2007	283	9072	8.6	16.5	1.2639	2.3	1
168	2007	284	5184	7.3	12.6	1.1984	1.8	0
168	2007	285	2764.8	9.9	15	1.3711	3	0
168	2007	286	10540.8	6.4	15.9	1.0862	2.9	0
168	2007	287	11664	4.1	17.4	0.9803	2.3	0
168	2007	288	10368	5.9	19.9	1.1891	4.3	0
168	2007	289	9763.2	10.8	19.3	1.3156	5.7	0
168	2007	290	2332.8	8.3	15.4	1.207	5.3	2
168	2007	291	6739.2	5.9	12.8	0.9984	2.5	0.8
168	2007	292	5184	4.4	10.8	0.8555	2.4	0
168	2007	293	10454.4	0.3	9.9	0.7113	2.3	0
168	2007	294	2937.6	1.6	10	0.8482	2.7	1.7
168	2007	295	10022.4	0.4	9.1	0.737	3.4	0
168	2007	296	9676.8	-0.4	7.9	0.6631	4.7	0
168	2007	297	3283.2	-0.6	8.7	0.7181	4.7	0
168	2007	298	3369.6	6.1	9.7	0.9477	3.7	0
168	2007	299	2332.8	7	9.4	0.9129	2.8	0
168	2007	300	1987.2	6.9	9.5	0.9238	2.3	0
168	2007	301	4492.8	7.4	10.8	0.924	5.8	0
168	2007	302	864	7.5	9.6	1.0461	4.8	28.2
168	2007	303	4320	2.9	11.3	0.9175	2.3	1.9
168	2007	304	6912	1.8	12.2	0.9213	3.3	0
168	2007	305	2592	5.8	12	1.0256	2.8	0
168	2007	306	1555.2	10	12.4	1.3025	2.6	1.1
168	2007	307	1987.2	9.5	13.2	1.2886	2.1	0.5
168	2007	308	2764.8	8.2	11.5	1.0204	1.9	0
168	2007	309	2764.8	7.2	10.5	0.9767	3.6	1.8
168	2007	310	3369.6	5.3	10.1	0.9559	2.9	0.9
168	2007	311	604.8	5.9	10.3	0.9499	5.3	0.5
168	2007	312	1728	6.3	11.2	1.0378	5.4	8
168	2007	313	4579.2	2.1	6.9	0.7664	4.5	5
168	2007	314	1555.2	4.2	10.2	0.934	4.9	15.9
168	2007	315	1987.2	2.5	10.5	0.8708	5	7.7
168	2007	316	4924.8	1.5	8.6	0.7789	3.3	0
168	2007	317	1382.4	2.7	6	0.8	5.1	7.4
168	2007	318	3888	0.7	4.4	0.6238	4.3	0
168	2007	319	4665.6	-2.1	3.3	0.568	2.6	0
168	2007	320	2937.6	-3	4.3	0.57	2.9	0
168	2007	321	4579.2	-0.7	6.6	0.6645	3	0
168	2007	322	5529.6	-2.9	8.6	0.6448	3.2	0
168	2007	323	1900.8	-0.1	6.5	0.661	3.3	1.3
168	2007	324	1900.8	5.4	12.9	0.8344	3.9	2.5
168	2007	325	1296	6.4	13	0.9621	5.1	0.2
168	2007	326	4579.2	3.6	12.5	0.9467	3.9	0
168	2007	327	604.8	-0.9	9.3	0.7587	3	0.1
168	2007	328	5097.6	-1.4	6.7	0.6652	4.5	0.5
168	2007	329	1468.8	3.9	8.8	0.881	4.5	2.7
168	2007	330	2592	2.4	6.5	0.7385	2.8	0.2
168	2007	331	1900.8	4.1	6.5	0.8549	2.1	0
168	2007	332	3369.6	2	7.1	0.7099	3.7	0
168	2007	333	1036.8	2.8	6	0.761	7	3.1
168	2007	334	864	2.2	8.4	0.8282	6.9	2.2
168	2007	335	3974.4	6.7	10.2	0.9285	8.6	9.1
168	2007	336	691.2	6.3	10.6	0.9506	10.6	6
168	2007	337	2851.2	4.9	8.4	0.8114	5.6	7.1
168	2007	338	1987.2	3.7	9.9	0.9087	4.9	0.4
168	2007	339	1555.2	9.8	12.6	1.1297	9.3	1.5
168	2007	340	604.8	8.2	13.4	1.1907	9	13.1
168	2007	341	2073.6	5.9	13.4	0.9828	8.3	12.5
168	2007	342	2419.2	4.8	7.3	0.7785	8.2	2.1
168	2007	343	2419.2	6.5	9	0.8854	7.8	1.9
168	2007	344	432	4.8	7.4	0.913	4.4	4.1
168	2007	345	2678.4	-0.1	6.4	0.6739	3.9	0.1
168	2007	346	1382.4	-0.9	4.5	0.6679	2.1	0
168	2007	347	1987.2	-1.4	4.2	0.6693	2.3	0
168	2007	348	1036.8	-3	1.9	0.5048	3.3	0
168	2007	349	2592	-4.1	2.3	0.4291	4.9	0
168	2007	350	4060.8	-4.7	1.8	0.4671	4	0
168	2007	351	3542.4	-4.5	1	0.4515	5.9	0
168	2007	352	3888	-4.6	1.5	0.4801	4.9	0
168	2007	353	4060.8	-5.1	4	0.5166	3.9	0
168	2007	354	950.4	-5.7	-2.8	0.4462	2.4	0
168	2007	355	3801.6	-6.6	-0.4	0.4673	1.1	0
168	2007	356	4406.4	-5.8	5.5	0.4775	2.8	0
168	2007	357	777.6	-1.4	2.7	0.5636	3	0
168	2007	358	3110.4	-2.8	5.5	0.6062	3.4	0
168	2007	359	2332.8	1.2	5.6	0.5612	6.3	0
168	2007	360	950.4	1.7	4.2	0.7249	5.3	1.5
168	2007	361	1900.8	1	6.3	0.7299	6.4	0
168	2007	362	3456	2.7	8.4	0.8064	7.4	0
168	2007	363	777.6	1.6	6.7	0.7314	8.5	3.2
168	2007	364	1814.4	3.7	7.1	0.825	3.8	1.7
168	2007	365	777.6	3.3	5.5	0.8279	2	2.3
