*---------------------------------------------------------------------------*
* Station name: BEEK                                    
* Year: 2009
* Author: Pedro Alencar                                   -999.000: NIL VALUE
* Source: ECAD 
* Comments: 
* Longitude: 50.9331, latitude: 50.9331, altitude: 115 m.
*
* Column  Daily value
* 1       station number
* 2       year
* 3       day
* 4       irradiation                   (kJ m-2 d-1)
* 5       minimum temperature           (degrees Celsius)
* 6       maximum temperature           (degrees Celsius)
* 7       early morning vapour pressure (kPa)
* 8       mean wind speed (height: 2 m) (m s-1)
* 9       precipitation                 (mm d-1)
*
** WCCDESCRIPTION=GERMANY, BEEK                                    
** WCCFORMAT=2
** WCCYEARNR=2009
*---------------------------------------------------------------------------*
   50.9331  5.8167    115.  -0.18 -0.55
168	2009	1	950.4	-6.6	-2	0.4356	1.4	0
168	2009	2	691.2	-3.8	0.1	0.5016	2.8	0
168	2009	3	5270.4	-8.1	0.3	0.4123	2.2	0
168	2009	4	950.4	-1.9	0.1	0.4635	4.5	0.2
168	2009	5	1209.6	-9.3	-0.9	0.3975	5.1	7.2
168	2009	6	5529.6	-16.1	-7.8	0.2204	2.8	0
168	2009	7	1209.6	-16.2	-2.8	0.2709	3.5	0
168	2009	8	2419.2	-10.9	-2.2	0.3671	2.5	0
168	2009	9	3974.4	-15.5	-4.5	0.2776	1.6	0
168	2009	10	4924.8	-13.2	-1.8	0.2854	2.4	0
168	2009	11	5356.8	-6.8	4.2	0.3278	5.9	0
168	2009	12	3369.6	0.7	5.9	0.4412	8.9	0
168	2009	13	950.4	3	6.7	0.7077	6	2.8
168	2009	14	518.4	2	3.7	0.7347	3.2	0.1
168	2009	15	5011.2	-0.9	5.6	0.5788	2.5	0
168	2009	16	2937.6	-3.3	4.6	0.538	3.3	0
168	2009	17	2937.6	2.9	8.3	0.8092	6.8	0.7
168	2009	18	950.4	2.2	8.1	0.7579	8.5	5.3
168	2009	19	1987.2	2.2	10.8	0.7741	8.3	1.2
168	2009	20	5011.2	1.6	6.6	0.6551	6.1	0.6
168	2009	21	2764.8	0.3	5.6	0.6343	4.1	0
168	2009	22	2332.8	1.5	5.8	0.6347	7.8	1.7
168	2009	23	1036.8	2.6	8.3	0.8098	6.9	14
168	2009	24	3456	0	4.7	0.6657	4.2	0
168	2009	25	5443.2	-0.4	5.9	0.5955	4.5	0
168	2009	26	4579.2	-2.6	5.2	0.5772	2.1	0
168	2009	27	4752	-5.5	3.1	0.5318	1.8	0
168	2009	28	7257.6	-6.4	4.8	0.4726	2.3	0
168	2009	29	6825.6	-4.1	2.6	0.4917	2.9	0
168	2009	30	6825.6	-3.4	3.2	0.4792	4.7	0
168	2009	31	6998.4	-2.9	1.3	0.4265	6.3	0
168	2009	32	3628.8	-2.7	-0.3	0.4052	6.5	0
168	2009	33	1555.2	-2	3.9	0.4843	6.1	0.2
168	2009	34	1296	-0.3	4.9	0.5335	2.1	2.2
168	2009	35	1555.2	-0.6	1.5	0.4671	1.7	0.2
168	2009	36	2678.4	-0.5	8.9	0.6102	4.4	1.3
168	2009	37	5961.6	2.2	10.3	0.7038	3.4	0
168	2009	38	691.2	-1.2	3.5	0.4913	2.4	0
168	2009	39	2678.4	-1.8	3.2	0.4757	3.8	0
168	2009	40	1814.4	1.1	7.1	0.606	6.4	12.5
168	2009	41	518.4	0.8	9.2	0.6453	6.8	14.8
168	2009	42	4233.6	-0.1	5	0.5393	3.4	2.3
168	2009	43	5184	-0.8	4.3	0.513	2.8	0
168	2009	44	3369.6	-1	3.1	0.4878	2.8	0.2
168	2009	45	8985.6	-3	2.9	0.4505	2.8	0
168	2009	46	5184	-4.2	2.7	0.4281	5.1	3.9
168	2009	47	1987.2	1	7	0.6017	3	5.7
168	2009	48	1209.6	-0.7	6.5	0.5568	4.1	7.7
168	2009	49	6825.6	-2.8	2.6	0.4489	2.6	0
168	2009	50	4147.2	-3.5	3.1	0.4456	3.7	1
168	2009	51	1123.2	2.3	5.6	0.5996	3.1	1.3
168	2009	52	5443.2	3	6.4	0.632	2.8	0.1
168	2009	53	1555.2	4.7	6.8	0.6799	3.5	1.2
168	2009	54	1382.4	4.3	6.2	0.6567	3.2	1.2
168	2009	55	2419.2	3.1	5	0.6038	1.6	0
168	2009	56	6998.4	0.2	7.2	0.5892	4	0
168	2009	57	3628.8	5.3	8.3	0.7309	4.2	0.6
168	2009	58	1555.2	5.1	7.5	0.7062	5	1.4
168	2009	59	6566.4	4.1	10.6	0.759	3.5	0
168	2009	60	9072	1.9	13.6	0.8854	3.4	0.2
168	2009	61	5529.6	1.4	9.1	0.7365	2.7	0.1
168	2009	62	10108.8	0.6	10.6	0.6546	5.8	0
168	2009	63	4060.8	4.3	8.5	0.7207	5.8	3.3
168	2009	64	3369.6	2.8	6.3	0.7437	3.6	1.8
168	2009	65	2332.8	0.7	6.7	0.6767	5.1	4.1
168	2009	66	7516.8	-1.9	9.6	0.6678	4.9	0
168	2009	67	6566.4	4.4	11.1	0.8116	7.4	6
168	2009	68	5616	0.7	8.2	0.663	5.7	1.7
168	2009	69	1987.2	4.2	8.2	0.834	6.5	5.9
168	2009	70	6048	2.6	9.3	0.708	3	0
168	2009	71	1036.8	4.6	9.6	0.8974	5.6	2.7
168	2009	72	10108.8	5.5	11.7	0.8933	2.3	0
168	2009	73	7516.8	6.8	14.8	1.0742	4.3	0.3
168	2009	74	6652.8	6.5	11.6	0.8518	3.8	0
168	2009	75	4233.6	3.4	9.4	0.7976	1.6	0
168	2009	76	10368	1.4	12.9	0.8296	3	0
168	2009	77	13824	-1.7	11.5	0.5716	2.8	0
168	2009	78	13737.6	1.2	10.9	0.5909	3.5	0
168	2009	79	16848	-2.1	9.2	0.4727	2.8	0
168	2009	80	16416	-2	11.9	0.4954	1.8	0
168	2009	81	10540.8	-0.8	12	0.6546	3.7	0
168	2009	82	3628.8	2.9	10.2	0.8058	5.6	8.1
168	2009	83	8121.6	0.5	7.6	0.6528	4.5	3.5
168	2009	84	5961.6	1.9	8.8	0.7685	6.1	10.4
168	2009	85	3196.8	2.7	8.5	0.8092	7.4	7.4
168	2009	86	10713.6	4.6	10.1	0.7898	6.3	2.2
168	2009	87	8553.6	5.1	10.3	0.8614	6.2	1.3
168	2009	88	11059.2	1.5	10	0.7074	3.4	1.1
168	2009	89	19008	-1.4	11.8	0.5748	2	0
168	2009	90	18835.2	0.5	13.2	0.6244	2.8	0
168	2009	91	18835.2	1.1	15.5	0.6784	5.8	0
168	2009	92	18576	5.2	18.6	0.9465	4.7	0
168	2009	93	18057.6	6.3	22	1.1125	2.1	0.6
168	2009	94	12787.2	8.7	15.8	1.1538	2.6	0
168	2009	95	9936	7.8	15.2	1.0846	2	0
168	2009	96	12441.6	5.2	20.6	1.0107	2.8	0
168	2009	97	7516.8	9.1	15.4	1.111	3.7	0.7
168	2009	98	9590.4	8.1	13.3	1.0285	7.2	1.8
168	2009	99	11664	10.6	19.2	1.3199	3.8	0
168	2009	100	17798.4	12.4	24.6	1.1057	3.3	0
168	2009	101	14947.2	11	21.2	1.0781	2.8	0.2
168	2009	102	10972.8	8.2	18.6	1.2439	1.7	0
168	2009	103	10627.2	8.3	18.1	1.2581	2.1	0
168	2009	104	17798.4	7.6	20.5	1.2495	3.2	0
168	2009	105	15379.2	9.2	23.3	1.2176	3.2	9.1
168	2009	106	10281.6	8.9	17.5	1.1975	3.5	2.9
168	2009	107	950.4	9.4	10.5	1.1984	2.8	23.2
168	2009	108	12441.6	7.5	14.9	1.1563	3.2	2
168	2009	109	19612.8	6.4	17	1.0578	3.1	0
168	2009	110	19612.8	5.2	18.7	1.0334	2.8	0
168	2009	111	22809.6	5.6	19.6	0.9474	2.8	0
168	2009	112	18921.6	4.4	15.9	0.8675	2.9	0
168	2009	113	17107.2	2	14.1	0.8068	2.1	0
168	2009	114	23760	4.1	18	0.8159	4.4	0
168	2009	115	16156.8	8.6	17.9	1.0493	4.5	0.6
168	2009	116	16243.2	10.7	19.1	1.3538	2.7	6.4
168	2009	117	17971.2	9	15.6	0.9861	5.9	1.2
168	2009	118	7257.6	6.3	12.7	0.9255	3	1.6
168	2009	119	19180.8	2.8	17	0.9141	2.2	0
168	2009	120	22550.4	5.7	18.3	0.9808	2.3	0
168	2009	121	22118.4	7.6	21.3	1.1836	1.7	0
168	2009	122	24278.4	7.5	18.8	1.1029	2.8	0
168	2009	123	12096	5.8	14.7	0.9357	3.3	0
168	2009	124	16588.8	2.6	14.5	0.7456	2	0
168	2009	125	3974.4	7.3	13.6	1.1	5.2	1.7
168	2009	126	4838.4	9.7	14.9	1.129	5.5	0
168	2009	127	21945.6	9.2	20.2	1.2195	4.3	0
168	2009	128	12355.2	5.5	16.8	0.9935	4.9	3.3
168	2009	129	16070.4	3.6	17.3	0.8851	2.2	0.1
168	2009	130	24364.8	6.8	20.9	1.0911	3.2	0
168	2009	131	7862.4	9.3	14.7	1.219	5	6.8
168	2009	132	8380.8	7.3	14	1.0764	6.7	3
168	2009	133	19958.4	8.8	20.7	1.2905	3.9	0
168	2009	134	12268.8	12.1	20.7	1.5646	2.8	3.9
168	2009	135	8467.2	8.3	18	1.3295	4.1	2.3
168	2009	136	19612.8	7.5	19	1.1405	5	1.4
168	2009	137	13219.2	11.4	18.2	1.3283	4.8	5.2
168	2009	138	22118.4	9.5	19.1	1.0908	4.9	0
168	2009	139	23414.4	8.4	22.7	1.1291	3	0
168	2009	140	23932.8	10.4	22.1	1.1807	1.7	0
168	2009	141	20044.8	11	22.7	1.2841	2.7	0
168	2009	142	26006.4	8.6	19.5	0.9932	3.1	0
168	2009	143	25488	7.4	23.2	1.0418	3	0.2
168	2009	144	26697.6	12.1	26.1	1.3686	2.5	0
168	2009	145	19180.8	12.5	27.6	1.5687	3.5	0
168	2009	146	14342.4	8.9	23.4	1.4299	6.1	3.9
168	2009	147	13305.6	8.3	15.5	1.0996	5.9	0.7
168	2009	148	11577.6	11.1	19.7	1.4154	4.2	0
168	2009	149	29894.4	7.8	20.7	0.925	4.2	0
168	2009	150	28598.4	8.8	22.6	1.0153	5.3	0
168	2009	151	22809.6	10.2	23.1	1.249	3.8	0
168	2009	152	25747.2	12	26.3	1.395	4.5	2.5
168	2009	153	28252.8	10	24.1	1.2034	3.8	0
168	2009	154	22032	8.4	18.1	0.9885	4	0
168	2009	155	12787.2	6.9	13.7	0.8012	3	0
168	2009	156	13996.8	5.7	15	0.8666	2.1	0
168	2009	157	11836.8	5	15	0.9816	4.2	0.3
168	2009	158	11491.2	7.4	16	1.1265	3.3	3.6
168	2009	159	20736	8.7	19.3	1.1177	3.9	0.3
168	2009	160	18230.4	12.9	21.1	1.3931	7.1	0.9
168	2009	161	12614.4	12	18.6	1.4237	3.9	14.5
168	2009	162	6825.6	9.3	15.1	1.3061	3.6	20.7
168	2009	163	26265.6	8.5	19.4	1.0663	3.5	0
168	2009	164	27043.2	6.8	23	1.083	1.5	0
168	2009	165	12528	13.7	21.2	1.6323	2.5	2.6
168	2009	166	8380.8	10.3	17.4	1.4389	2.3	1.3
168	2009	167	15379.2	10.7	19.4	1.3498	3.5	0.9
168	2009	168	27907.2	8.5	24.9	1.253	2.8	0
168	2009	169	23932.8	14	23.5	1.4687	3.5	0
168	2009	170	20304	9.8	19.7	1.0894	3.8	0
168	2009	171	16156.8	9.6	19.1	1.1596	3.4	0.3
168	2009	172	16502.4	8.9	18.7	1.2451	3.4	6.5
168	2009	173	14860.8	8.1	17.8	1.1035	2.8	0
168	2009	174	25056	9	22.1	1.2526	4.7	0
168	2009	175	30240	11.5	24.9	1.1895	5.6	0
168	2009	176	27216	12.7	26.4	1.5209	4.1	0
168	2009	177	23932.8	14.1	27	1.811	3.2	0
168	2009	178	13132.8	15.4	25.6	2.0944	2.4	1.9
168	2009	179	13737.6	14.8	25.5	2.0261	1.4	0
168	2009	180	20217.6	15.7	27.5	1.8542	1.7	0
168	2009	181	20908.8	15.8	28.5	1.9174	2.2	0
168	2009	182	26265.6	16.6	28.6	1.9705	2.7	0
168	2009	183	26524.8	16.8	30.4	1.9186	2.9	0
168	2009	184	23760	17.6	27.7	1.9215	3.3	0.2
168	2009	185	23673.6	13.7	26.7	1.5597	2.3	0
168	2009	186	20476.8	14.4	28.1	1.8401	2.1	7.3
168	2009	187	19440	14.9	22.9	1.6787	3	4.7
168	2009	188	19526.4	14	21.2	1.4469	6.3	4.2
168	2009	189	9158.4	12.3	16.8	1.5056	4.3	12.6
168	2009	190	15897.6	11.3	19.8	1.4644	3.2	9.1
168	2009	191	6825.6	10.8	15.5	1.2691	4	0.1
168	2009	192	9331.2	12.3	19.6	1.4842	4.7	0.2
168	2009	193	12355.2	13.5	23	1.6537	4.2	3.5
168	2009	194	23328	11	24.1	1.3822	3	0
168	2009	195	22377.6	16	26.1	1.8924	4.1	1.2
168	2009	196	25228.8	15.4	25.1	1.5171	5.1	0
168	2009	197	25920	13.6	26.6	1.4327	2.1	0
168	2009	198	21686.4	14.4	22.2	1.4069	6.2	6
168	2009	199	12096	13.6	21	1.3803	5.1	1.1
168	2009	200	16675.2	13.3	20.7	1.5285	5.1	7.9
168	2009	201	18316.8	14	21.5	1.42	4.6	0
168	2009	202	19353.6	15.3	29.1	1.8965	3.2	0.1
168	2009	203	19872	16.5	27.6	1.9322	5.7	18.2
168	2009	204	9936	15.6	20.8	1.8781	2.6	8.8
168	2009	205	20908.8	12.6	22.4	1.5376	5.5	8.9
168	2009	206	18230.4	12.2	21.1	1.4572	4.3	0.2
168	2009	207	22204.8	10.7	24.4	1.3422	3.4	0
168	2009	208	17798.4	12.4	27.2	1.5216	4.8	0.3
168	2009	209	22377.6	11.9	23	1.3536	4	0
168	2009	210	18748.8	15.7	26.2	1.5096	3.9	4.2
168	2009	211	19958.4	9.9	21.7	1.1473	5.6	0
168	2009	212	20563.2	9	22	1.1431	2.3	0
168	2009	213	19008	12.7	26.3	1.3578	2.5	0
168	2009	214	6912	14.8	19.9	1.7605	2.7	10
168	2009	215	23673.6	11.6	21.6	1.3582	2.1	0
168	2009	216	25833.6	9.5	25.1	1.1634	2.3	0
168	2009	217	24883.2	13.1	27.6	1.2164	2.2	0
168	2009	218	24019.2	16.2	29.6	1.4771	2.6	0
168	2009	219	19180.8	16.7	29	1.9172	2.3	0.5
168	2009	220	9331.2	14.7	21.7	1.7111	2.7	0
168	2009	221	17107.2	13.8	23.3	1.6637	1.8	0
168	2009	222	17366.4	13.8	24.7	1.6711	1.8	0
168	2009	223	9072	12.8	22.6	1.6785	3.2	0.5
168	2009	224	9590.4	12.6	23.5	1.7778	4.1	15.9
168	2009	225	8640	14.8	19.9	1.7605	2.1	1.9
168	2009	226	22636.8	11.2	22.4	1.3947	1.7	0
168	2009	227	23846.4	11.5	28.2	1.4107	4	0
168	2009	228	16588.8	15.5	24.2	1.8501	2.5	0
168	2009	229	20563.2	13	22.4	1.6178	3.1	0
168	2009	230	22723.2	11.1	25.8	1.4202	2.3	0
168	2009	231	22809.6	15.3	31.1	1.5892	2.3	0
168	2009	232	17712	17.2	36	1.9457	4.9	1.8
168	2009	233	18316.8	13.3	22.6	1.3764	3.4	0
168	2009	234	19267.2	9.9	22.7	1.24	2.3	0
168	2009	235	22550.4	12.8	26.6	1.2144	3.3	0
168	2009	236	20217.6	12.3	29.9	1.4237	3.2	0.2
168	2009	237	9504	12.7	22	1.6616	2.4	5.7
168	2009	238	19785.6	12.5	25.3	1.4389	3.9	0
168	2009	239	17020.8	15.2	26.8	1.6384	4.3	0
168	2009	240	16329.6	14	20.7	1.2858	5.6	1.9
168	2009	241	18144	9.2	19.9	1.0754	4	0
168	2009	242	17366.4	8.6	20.9	1.1396	3.7	0
168	2009	243	20563.2	10.2	27	1.1554	3.8	0
168	2009	244	5443.2	14	23.7	1.6517	5.1	6
168	2009	245	12960	13.1	20.8	1.4466	5	0.3
168	2009	246	10540.8	11.7	17.7	1.3197	8.7	6.8
168	2009	247	8294.4	11.3	15.6	1.2171	5.9	1.1
168	2009	248	13219.2	8.9	18.6	1.1625	4.6	0.1
168	2009	249	11318.4	9.5	19.2	1.3066	4	0
168	2009	250	17798.4	11.1	25.1	1.4101	3.1	0
168	2009	251	18921.6	12.9	29.2	1.4691	3.2	0
168	2009	252	16070.4	12.4	26.6	1.7425	3.3	1.1
168	2009	253	3542.4	11.8	16.9	1.4046	4.6	0.4
168	2009	254	12787.2	9.4	19.5	1.2493	5	0
168	2009	255	12614.4	11	20	1.3542	4.2	0
168	2009	256	8294.4	8.9	16.9	1.2783	3.2	0.6
168	2009	257	6998.4	10.9	16.5	1.3937	5	8.2
168	2009	258	10886.4	9.8	19.4	1.4607	3.9	0.9
168	2009	259	2764.8	12.8	17.6	1.5009	5.8	0
168	2009	260	16156.8	9.3	19.6	1.2493	5.2	0
168	2009	261	14947.2	8.4	22.5	1.3323	3.6	0
168	2009	262	12614.4	15	24.7	1.8964	1.6	0.6
168	2009	263	10886.4	12.1	22.9	1.6574	2.9	0
168	2009	264	12787.2	9.5	20.7	1.337	1.6	0
168	2009	265	14601.6	8.8	22.9	1.2949	3.7	0
168	2009	266	4233.6	10.9	19.5	1.5354	3.6	0.3
168	2009	267	6480	9.9	19.2	1.4229	1.9	3.8
168	2009	268	13392	5.8	18.6	1.1642	1.3	0
168	2009	269	14428.8	5.9	19.7	1.1223	1.8	0
168	2009	270	14342.4	6.4	20.8	1.1979	1.4	0
168	2009	271	6912	7.2	17.7	1.2123	2.7	0
168	2009	272	4320	12.7	17.9	1.4411	3.1	0
168	2009	273	6307.2	12.3	19.9	1.5533	2.5	0.1
168	2009	274	4320	7.5	17.6	1.2493	2.8	1.5
168	2009	275	5788.8	5.2	14.7	0.9661	3.1	0
168	2009	276	3456	7.2	14.4	0.9707	8.6	0
168	2009	277	4924.8	7.9	14.7	1.1238	4.7	1.9
168	2009	278	2505.6	9.1	14.5	1.2722	2.4	13.2
168	2009	279	4147.2	12.3	18.5	1.6426	4.5	6.5
168	2009	280	5097.6	15.4	21.5	1.8441	4.6	14.9
168	2009	281	9417.6	6.9	17.7	1.2147	3.2	1.2
168	2009	282	11491.2	6.5	15.5	1.0492	3.9	13.4
168	2009	283	3974.4	9.6	15.7	1.3453	3.8	12.5
168	2009	284	3196.8	9	15.1	1.2793	4.3	4.4
168	2009	285	8380.8	7.3	14.5	1.0553	3.5	0.4
168	2009	286	9849.6	3.1	13.8	0.8401	3	0
168	2009	287	11318.4	-0.7	9.5	0.6272	3	0
168	2009	288	11750.4	-2.5	10.2	0.6276	2.8	0
168	2009	289	6048	3	12.9	0.8655	4.8	2.7
168	2009	290	8812.8	3	12.3	0.8375	3.2	1.7
168	2009	291	7430.4	-0.8	11.1	0.7755	2.8	0.2
168	2009	292	7603.2	3.6	12.1	0.7216	3.6	0
168	2009	293	9244.8	1.3	14.6	0.8014	3.7	0
168	2009	294	7344	6.5	19.4	0.9991	4.3	0
168	2009	295	4492.8	6.2	14	1.0499	2.3	1.1
168	2009	296	5097.6	5.1	15	1.0957	3.1	0.1
168	2009	297	2592	7.3	14.5	1.1335	5.6	2.3
168	2009	298	5270.4	9.7	15.6	1.2283	5.8	0
168	2009	299	2764.8	9.5	14.2	1.1515	4.9	0
168	2009	300	4492.8	7.4	15.3	1.0873	2	0
168	2009	301	6825.6	6.3	16.6	1.0945	2.1	0
168	2009	302	2851.2	6.5	14.2	1.1806	2.2	0
168	2009	303	6480	6.3	15.2	1.1222	3.4	0
168	2009	304	6307.2	6.4	15.1	1.0319	2.5	0.1
168	2009	305	3456	10	16.1	1.3659	5.6	13.4
168	2009	306	3196.8	4.6	12.3	0.9727	4.1	1.2
168	2009	307	5616	4.3	10.9	0.8973	6.3	14.3
168	2009	308	2851.2	6.5	10.5	0.9428	6.1	0.8
168	2009	309	1900.8	7.2	9.4	0.941	7.5	2.3
168	2009	310	3974.4	5.5	11	0.916	6.5	0
168	2009	311	3110.4	4.3	10.4	0.9128	5.3	5.1
168	2009	312	7084.8	2.6	9.4	0.8039	3.5	0
168	2009	313	1036.8	4.6	6.9	0.8544	4.2	0
168	2009	314	1728	4.5	8.2	0.8906	3.1	0.5
168	2009	315	2160	2.1	8.7	0.7891	4.6	0
168	2009	316	1296	2.7	10.6	0.8505	5.7	1.1
168	2009	317	2851.2	10.4	16.3	1.1939	7.7	1.3
168	2009	318	2764.8	11	15.9	1.1247	9	1.5
168	2009	319	950.4	7.9	12.2	1.0341	6	1.7
168	2009	320	1814.4	8.1	15.4	1.144	4.9	0
168	2009	321	1987.2	8.1	12.1	1.0005	5.8	0
168	2009	322	4233.6	8.1	12.2	0.9543	9.8	0
168	2009	323	6652.8	8.4	14.8	1.0099	7.4	0
168	2009	324	4406.4	10	17	1.082	6.2	0
168	2009	325	2851.2	10.9	16.6	1.1625	4.1	0.4
168	2009	326	3715.2	6.6	14.4	0.9261	9.2	7.8
168	2009	327	432	7.5	12.3	0.9994	11.2	12.2
168	2009	328	864	8.5	13.1	1.0871	7.8	6.6
168	2009	329	1123.2	8	12.6	0.9889	9.6	2.3
168	2009	330	2073.6	7.2	10.4	0.8829	9.3	6.3
168	2009	331	1900.8	6.3	8.6	0.8365	8.5	9.5
168	2009	332	1296	6.7	10	0.9113	9.5	6.5
168	2009	333	2073.6	7.2	11.2	0.8256	8.3	0
168	2009	334	3110.4	2	8.6	0.7213	3.2	0
168	2009	335	1468.8	0.6	6	0.7043	2	0
168	2009	336	1900.8	3.9	7.6	0.7442	5.3	0.6
168	2009	337	2505.6	3.7	10.8	0.8455	7.2	1.5
168	2009	338	1728	2.3	5.2	0.6951	6.8	1.9
168	2009	339	950.4	4	10.2	0.8671	7.4	8.1
168	2009	340	1036.8	6.2	12.5	0.9984	7.4	2
168	2009	341	2764.8	5.2	10.4	0.8778	5.6	0
168	2009	342	1036.8	4.5	9.5	0.9113	4.6	6.5
168	2009	343	1382.4	3.1	9.5	0.8684	5.3	2.9
168	2009	344	1468.8	7.4	10.7	1.0245	4.5	10.9
168	2009	345	691.2	2.2	7.9	0.7876	4.9	1
168	2009	346	691.2	2.1	3.7	0.6696	4.7	0.4
168	2009	347	2332.8	-2.3	2.1	0.5035	5.3	0.2
168	2009	348	4665.6	-6.5	0.5	0.4165	3.4	0
168	2009	349	5356.8	-7.2	0.4	0.39	2.6	0
168	2009	350	1814.4	-4.1	-0.8	0.439	2.5	0.1
168	2009	351	1468.8	-4.4	-0.1	0.3834	4.6	0
168	2009	352	1641.6	-7.4	-1.8	0.3563	4.5	0.4
168	2009	353	3888	-13.5	-5.5	0.2054	3.8	0
168	2009	354	691.2	-8.1	0.2	0.3651	8.2	6.3
168	2009	355	2160	-4.8	2.9	0.4447	5	0.2
168	2009	356	1209.6	0.2	2.6	0.6219	4.1	6.1
168	2009	357	4147.2	-4.2	3.2	0.5067	4.1	0
168	2009	358	3196.8	-4.8	4.1	0.542	3.5	2.4
168	2009	359	432	0.2	4	0.6539	6.4	9.6
168	2009	360	3974.4	1.7	6.9	0.6976	7.5	0
168	2009	361	691.2	1.7	4.8	0.6556	8	0.9
168	2009	362	864	-0.5	4.1	0.6192	4	0.2
168	2009	363	950.4	-1	8.4	0.7325	3.6	10.7
168	2009	364	864	1.2	10.1	0.8576	4.2	6.3
168	2009	365	259.2	-1.1	1.3	0.6031	3.3	1.6
