*---------------------------------------------------------------------------*
* Station name: HELGOLAND                               
* Year: 1997
* Author: Pedro Alencar                                   -999.000: NIL VALUE
* Source: ECAD 
* Comments: 
* Longitude: 54.1764, latitude: 54.1764, altitude: 4 m.
*
* Column  Daily value
* 1       station number
* 2       year
* 3       day
* 4       irradiation                   (kJ m-2 d-1)
* 5       minimum temperature           (degrees Celsius)
* 6       maximum temperature           (degrees Celsius)
* 7       early morning vapour pressure (kPa)
* 8       mean wind speed (height: 2 m) (m s-1)
* 9       precipitation                 (mm d-1)
*
** WCCDESCRIPTION=GERMANY, HELGOLAND                               
** WCCFORMAT=2
** WCCYEARNR=1997
*---------------------------------------------------------------------------*
   54.1764  7.8931    4.  -0.18 -0.55
468	1997	1	3369.6	-3.7	-2.2	0.3639	6.1	0
468	1997	2	2332.8	-5.4	-3.5	0.334	8.2	0
468	1997	3	1900.8	-6.1	-0.8	0.3601	15.7	0
468	1997	4	3888	-3.1	-0.8	0.3814	14.4	0
468	1997	5	1296	-5.4	-2.9	0.3776	5.6	0
468	1997	6	777.6	-5.1	-3.1	0.3926	2.2	0
468	1997	7	777.6	-4.9	-2.9	0.4168	3.7	0
468	1997	8	777.6	-4.4	-1.9	0.4215	4.3	0
468	1997	9	777.6	-4	-1.6	0.4327	6.8	0
468	1997	10	1641.6	-3	-1.3	0.428	7.1	0
468	1997	11	2332.8	-2	-0.9	0.4177	6.7	0
468	1997	12	864	-2.9	2.4	0.54	12.1	0.2
468	1997	13	864	2.2	3.7	0.6796	11	0
468	1997	14	2332.8	3.1	4.3	0.613	7.3	0
468	1997	15	3542.4	0.2	4	0.6255	6.5	0
468	1997	16	4320	-1.1	2.7	0.5438	4.8	0
468	1997	17	4579.2	1.4	4.2	0.5752	6	0
468	1997	18	950.4	2	4.2	0.725	8.7	0
468	1997	19	950.4	1.1	3.6	0.6729	4.5	0.3
468	1997	20	2592	1.1	5.3	0.684	3.1	0.3
468	1997	21	950.4	-0.8	1.9	0.585	5.3	0
468	1997	22	1814.4	0	5.5	0.6402	11	0
468	1997	23	1036.8	3.3	5.3	0.7723	5.8	1.2
468	1997	24	1036.8	1.4	3.7	0.6825	5.6	0.6
468	1997	25	1036.8	1.4	3	0.6657	4.6	0
468	1997	26	5616	-0.3	1.8	0.5032	7.9	0
468	1997	27	4233.6	-2.1	3.7	0.5568	3.7	0.1
468	1997	28	3196.8	3	5.4	0.7339	8.3	0
468	1997	29	4147.2	3.1	6.1	0.7463	6.8	0
468	1997	30	1468.8	3.2	4.7	0.705	6.7	0
468	1997	31	2678.4	1	4.6	0.5752	7.7	0
468	1997	32	3456	-2.4	1.5	0.5322	4.3	0
468	1997	33	4147.2	0.3	1.9	0.5425	9.2	0
468	1997	34	5443.2	0.7	4.6	0.6578	7.1	0.9
468	1997	35	1296	1.2	4.7	0.6645	16.3	5.2
468	1997	36	6566.4	2.7	5.1	0.6944	6.4	0
468	1997	37	1382.4	2.5	4.7	0.6562	10.7	0
468	1997	38	1382.4	3.6	5.4	0.7158	12	0.9
468	1997	39	4233.6	2.9	4.2	0.6145	10.7	0
468	1997	40	2073.6	1.3	4.8	0.654	11.6	0.4
468	1997	41	1468.8	3.7	6.2	0.7561	12.3	3.5
468	1997	42	6134.4	3.6	5	0.681	14.8	2.6
468	1997	43	1555.2	3.3	5.7	0.7748	7.6	10.9
468	1997	44	2246.4	3.4	6	0.7515	11.6	0.4
468	1997	45	6048	3	4.9	0.705	12	0.1
468	1997	46	7430.4	1.4	4.6	0.6138	6.3	0
468	1997	47	1641.6	0.8	2.5	0.6125	10.8	0
468	1997	48	1728	1.2	3.9	0.6679	13.6	12.7
468	1997	49	5097.6	3.7	6.6	0.8019	13.5	1.2
468	1997	50	6825.6	3.4	4.5	0.6725	12.6	4.4
468	1997	51	7862.4	4	5.7	0.7336	15.1	1.3
468	1997	52	5097.6	4.3	6.7	0.7765	14.9	0.5
468	1997	53	1900.8	4.1	5.9	0.8285	10.1	0
468	1997	54	3196.8	4.4	7	0.824	8.9	0
468	1997	55	4924.8	5.1	7.7	0.836	11.8	7.1
468	1997	56	8467.2	4.7	8.7	0.8142	15.2	1.5
468	1997	57	2073.6	3.5	5.5	0.7664	6.4	8.1
468	1997	58	7084.8	3.3	5.4	0.6917	6.5	0
468	1997	59	5702.4	4.2	7.1	0.8029	10.5	2.6
468	1997	60	7862.4	3.7	6.8	0.7809	8.4	0
468	1997	61	2160	5	8.1	0.8447	14.2	1.5
468	1997	62	8899.2	3.7	5.7	0.7686	9.6	0
468	1997	63	8380.8	1.7	4.4	0.7072	5	0
468	1997	64	4924.8	4.2	6.3	0.8519	6.7	1.6
468	1997	65	11491.2	3.3	7	0.7931	6.3	0
468	1997	66	5270.4	2.8	7.5	0.7843	6.5	0
468	1997	67	2937.6	4.1	6.7	0.825	6.1	0
468	1997	68	11491.2	1.8	5.4	0.751	4	0
468	1997	69	12182.4	4	8.1	0.8348	5.6	0
468	1997	70	2592	2.6	5.2	0.7832	4.5	0.1
468	1997	71	2592	2.5	4.5	0.7693	7	0
468	1997	72	7689.6	3.5	6.1	0.8428	8.6	0.8
468	1997	73	2678.4	4.6	5.8	0.8578	8.4	0.2
468	1997	74	3715.2	3.2	6	0.7887	8.1	0.1
468	1997	75	3542.4	1	4.6	0.6201	5.1	4.2
468	1997	76	8553.6	0.9	4.2	0.5137	4.9	0
468	1997	77	3196.8	2.3	3.9	0.6639	12.4	12
468	1997	78	2937.6	1.9	4.8	0.668	9.3	1.1
468	1997	79	3542.4	0.2	4.2	0.5655	5.9	2.2
468	1997	80	8208	2.3	4.3	0.6811	5.6	0
468	1997	81	11577.6	2.9	6	0.6546	4.8	6.5
468	1997	82	3110.4	1.3	4	0.68	12.7	1.1
468	1997	83	7344	2	5.8	0.6783	8.3	0
468	1997	84	13132.8	2.8	6.2	0.6737	7.1	0
468	1997	85	3196.8	4.1	7.6	0.8419	10.6	2.7
468	1997	86	12355.2	5	7.2	0.8189	11	15.6
468	1997	87	11923.2	1.5	7.1	0.6976	15.1	0.2
468	1997	88	15292.8	4.4	6.9	0.7847	10.4	0
468	1997	89	10800	4.7	7.1	0.8633	7.4	0
468	1997	90	16934.4	4.9	7.5	0.8435	7.8	0
468	1997	91	17020.8	5.4	8	0.8829	7.2	0
468	1997	92	14860.8	5	8.8	0.915	4.8	0
468	1997	93	9590.4	3.5	7.5	0.7856	10.5	1.5
468	1997	94	15897.6	1.7	6.9	0.5979	13	2.7
468	1997	95	5270.4	1.8	7.3	0.769	12.4	0.5
468	1997	96	17712	2.8	5.7	0.4965	10.6	0
468	1997	97	18662.4	2.1	6.8	0.5035	2.8	0
468	1997	98	4233.6	4.5	7.7	0.7059	4.7	0
468	1997	99	15984	5.2	9.4	0.8279	5	0
468	1997	100	7948.8	4.1	8.1	0.8189	8.5	0.3
468	1997	101	15465.6	5.1	7.5	0.7348	14.5	0.7
468	1997	102	16675.2	4.8	8	0.7111	9.8	0
468	1997	103	5529.6	3.7	6.4	0.8139	8.6	0.2
468	1997	104	11232	5.2	8.2	0.775	12.9	0
468	1997	105	20649.6	5.1	8.3	0.6082	10.1	0
468	1997	106	18144	4.3	8.3	0.8207	4.9	0
468	1997	107	20304	4	9	0.687	5	0
468	1997	108	16070.4	5.5	8.4	0.8083	10.4	0
468	1997	109	18144	4.5	7.6	0.6285	6.1	0
468	1997	110	22118.4	3.2	7.4	0.472	7	0
468	1997	111	10368	3.8	6.6	0.6455	9.2	0.3
468	1997	112	14688	4	8.1	0.6378	7.4	0
468	1997	113	19267.2	3.8	8.5	0.6895	8.8	0
468	1997	114	4492.8	7.3	8.8	0.9144	14.2	1.7
468	1997	115	13219.2	5.8	8.7	0.764	6.3	0
468	1997	116	22550.4	5.9	10.3	0.8096	7.3	0
468	1997	117	17020.8	7.3	11.7	0.9374	7.4	0
468	1997	118	5097.6	7.2	9.9	1.0795	6.9	16.2
468	1997	119	4665.6	6.8	8.7	1.033	7.5	0.5
468	1997	120	11145.6	5.8	8.8	0.9404	8	0
468	1997	121	9849.6	5.4	10.5	1.0044	6	0
468	1997	122	22377.6	8.2	11.1	1.0547	7.4	0
468	1997	123	17625.6	6.1	9.4	0.8538	6	0
468	1997	124	7862.4	6.7	12.6	1.0427	8.1	4.5
468	1997	125	8294.4	8.8	12.1	1.1885	7.1	9
468	1997	126	4924.8	5.2	9.8	0.7875	10	0
468	1997	127	18748.8	4.3	8.1	0.7108	7.7	8.2
468	1997	128	18230.4	2.3	10	0.7462	8.2	0
468	1997	129	15811.2	7.7	10.2	0.949	8.4	0.6
468	1997	130	17539.2	7.5	11.2	1.0337	8.1	0
468	1997	131	12873.6	8.9	13.5	1.1961	6.7	4.7
468	1997	132	24105.6	9.2	12.8	1.1541	4.9	1.5
468	1997	133	24278.4	8.9	14.2	1.1017	5	0
468	1997	134	5702.4	9.9	13.4	1.1501	4.6	0.5
468	1997	135	20563.2	8.8	13.2	1.141	6.2	0
468	1997	136	21254.4	10.7	16.4	1.2716	8.9	0
468	1997	137	23328	11.6	18.6	1.4399	7	0
468	1997	138	23414.4	11.3	18.6	1.5109	5.3	1.3
468	1997	139	10713.6	10.7	14.7	1.4084	3.7	15.3
468	1997	140	14083.2	10.4	15.9	1.4051	2.9	1.5
468	1997	141	5356.8	8.8	12.5	1.1789	7.4	2.2
468	1997	142	5356.8	8	9.8	0.9458	6.5	0.1
468	1997	143	23760	7.5	11.4	0.8869	5.1	0.3
468	1997	144	26179.2	6.7	12.4	0.8215	4.8	0
468	1997	145	26265.6	8.2	12.1	0.8552	3.9	0
468	1997	146	5443.2	8.2	10.9	1.0119	7.2	1.6
468	1997	147	7516.8	8.2	11.3	0.9894	10.4	0
468	1997	148	25574.4	8.4	13.2	1.113	7.1	0
468	1997	149	9331.2	8.2	11.1	0.9948	9.2	0
468	1997	150	26524.8	9	13.8	1.1717	4.3	0
468	1997	151	22118.4	10.6	15	0.886	4.4	0
468	1997	152	27648	10.8	16.3	1.101	7.8	0
468	1997	153	28166.4	12.3	17.7	1.2944	5.6	0
468	1997	154	26870.4	10.9	17.7	1.2536	4.5	0
468	1997	155	19699.2	10.2	13.4	1.1339	4.4	0
468	1997	156	28080	10.4	19.5	1.3072	6.7	0
468	1997	157	26784	14.8	20.7	1.5012	9.2	0
468	1997	158	23760	14.6	20.3	1.4134	9.5	0
468	1997	159	13392	13.4	20.1	1.695	5.2	10.5
468	1997	160	26524.8	12.3	15.7	1.453	5.6	0
468	1997	161	23760	11.1	15.6	1.2858	4.3	0
468	1997	162	26179.2	14	19.8	1.4612	9.1	0.1
468	1997	163	13132.8	14.7	18.9	1.7386	5.1	1.4
468	1997	164	16329.6	14	18.2	1.736	3	1.6
468	1997	165	12960	13.3	16.5	1.5738	4.4	0.8
468	1997	166	8899.2	11.8	14.4	1.1897	7.6	0
468	1997	167	19180.8	11.5	14.7	1.009	8.3	0
468	1997	168	25142.4	10.9	15.5	1.0307	8	0
468	1997	169	27820.8	11.1	15.8	1.0785	5.9	0
468	1997	170	25574.4	11.1	18.1	1.1785	6.1	0
468	1997	171	19612.8	13.7	17.2	1.42	6.2	2.2
468	1997	172	12700.8	11.6	16.8	1.4557	7.4	9.3
468	1997	173	16156.8	12.3	16.2	1.3306	6	0.6
468	1997	174	19180.8	12	15.7	1.4073	6.7	0.6
468	1997	175	7257.6	11.5	13.9	1.1736	11.2	0
468	1997	176	14256	11.5	14.6	1.0957	6	0
468	1997	177	7516.8	13.1	15.5	1.3187	11.8	0.9
468	1997	178	13737.6	13.7	18.1	1.5877	7.5	5.3
468	1997	179	24105.6	12.9	17.7	1.5105	5.9	0.9
468	1997	180	20908.8	14.1	19.4	1.6188	7.6	22.9
468	1997	181	10281.6	14.7	17.3	1.6523	6.5	0
468	1997	182	23241.6	13.3	17.5	1.4678	5.8	0
468	1997	183	25228.8	13.8	18.9	1.5039	5.8	0.4
468	1997	184	23414.4	14.3	18.5	1.546	5.4	0
468	1997	185	25488	14.8	18.2	1.5746	3.6	0
468	1997	186	26784	13.8	18	1.4253	5.4	0
468	1997	187	17020.8	13.4	16.5	1.443	7.5	0.1
468	1997	188	18144	13.9	17.8	1.6006	7.5	0
468	1997	189	20563.2	14.5	17.4	1.4842	7.6	0
468	1997	190	26956.8	14.2	18	1.5167	7.5	0
468	1997	191	28252.8	15.2	21.1	1.7058	3.6	0
468	1997	192	28080	16.4	22	1.7103	4	0
468	1997	193	28339.2	16.7	22.1	1.6643	3.1	0
468	1997	194	25833.6	16.8	22.9	1.7113	2.9	3.9
468	1997	195	17452.8	17.3	22.4	2.012	4.5	0.6
468	1997	196	23587.2	17	20.9	1.7933	4.1	0
468	1997	197	10368	16.3	19.8	1.7985	4.8	7.8
468	1997	198	6652.8	16.1	17.9	1.7414	3.5	3.4
468	1997	199	10627.2	15.7	19	1.7407	7	14.2
468	1997	200	20736	14.3	19.5	1.5573	6	9.3
468	1997	201	15984	15.4	20.2	1.7094	6.6	0
468	1997	202	5356.8	16.9	18.9	1.884	5.7	1.3
468	1997	203	25228.8	17.8	23.1	1.8239	5.7	0
468	1997	204	14688	16.8	20.5	1.9317	3.6	8.9
468	1997	205	17625.6	16.1	20.7	1.775	4.3	0.5
468	1997	206	7171.2	16.6	19.7	1.8306	4.2	1.9
468	1997	207	20649.6	15.7	19.2	1.7319	6	6.2
468	1997	208	17452.8	15.4	18.5	1.6201	11.2	0
468	1997	209	19440	15.7	19.3	1.6574	8.4	0.3
468	1997	210	24278.4	15.7	19.1	1.7264	4.9	0
468	1997	211	16243.2	16.4	21	1.8086	6.1	8.8
468	1997	212	20563.2	13.9	18	1.448	8.3	0.3
468	1997	213	21254.4	15.4	19	1.6264	5.6	0
468	1997	214	10540.8	16.6	19.8	1.8989	5.5	0.7
468	1997	215	16588.8	16.8	19.7	1.5909	7.2	0
468	1997	216	24710.4	16.5	19.4	1.438	7	0
468	1997	217	24969.6	16.4	21.7	1.7825	4.7	0
468	1997	218	24796.8	18.6	22.9	1.9312	6.5	0
468	1997	219	24019.2	18.8	23.8	1.8964	6.7	0
468	1997	220	22636.8	18.8	23.1	2.0789	5.7	0
468	1997	221	22982.4	19.4	24.4	2.1507	4.4	0
468	1997	222	23846.4	19.9	25.4	2.1411	5.1	0
468	1997	223	23673.6	20.3	25.4	2.0561	8	0
468	1997	224	22204.8	20.1	25.4	2.0161	6.6	0
468	1997	225	22550.4	19.9	26.8	2.1191	4.8	0
468	1997	226	16761.6	19.7	24.3	2.3486	6.5	0
468	1997	227	20908.8	19.1	22.4	2.1024	5.2	0
468	1997	228	21254.4	18.6	23	1.9862	3	0
468	1997	229	20908.8	20.3	24.1	2.1636	4.6	0
468	1997	230	21859.2	20.3	25.1	2.2578	3.8	0
468	1997	231	12528	19.4	22.9	1.9792	4.4	0
468	1997	232	21513.6	19.8	25.4	2.0799	6.9	0
468	1997	233	20995.2	20	24.9	2.1425	4.8	0.3
468	1997	234	8121.6	19.2	21.6	2.1293	4.2	0.4
468	1997	235	14342.4	18.5	22.3	2.0336	2.9	0
468	1997	236	17020.8	20	24.6	2.3918	4.9	0
468	1997	237	15465.6	19.2	25.9	2.3465	4.5	6.1
468	1997	238	12873.6	19.2	22.2	2.0228	5.3	0
468	1997	239	14083.2	18.3	22.3	2.0687	6.1	5.7
468	1997	240	4060.8	17.1	21.5	2.0116	7.7	12.9
468	1997	241	6825.6	16.2	19.5	1.7352	9.2	1.7
468	1997	242	11145.6	17.1	19.6	1.622	6.3	0
468	1997	243	14342.4	17.4	21	1.8658	6.5	0
468	1997	244	15552	18	21.3	1.8958	5.6	23.1
468	1997	245	10713.6	15.2	19.4	1.617	5.4	0.2
468	1997	246	17884.8	16.1	20.5	1.5119	4	0.3
468	1997	247	7948.8	16.5	20.8	1.76	5.4	3.8
468	1997	248	12700.8	16.2	20.1	1.3105	5.2	0
468	1997	249	14601.6	15.2	19	1.324	10.2	3.2
468	1997	250	11836.8	15	18.3	1.5329	10.6	0.8
468	1997	251	8467.2	15.9	18.3	1.5382	13.9	0.6
468	1997	252	11145.6	11.5	17.3	1.0487	16.3	2.1
468	1997	253	9590.4	13	16.4	1.1026	11.7	0
468	1997	254	10886.4	14.8	17.4	1.3157	8.8	0.2
468	1997	255	10022.4	15.5	18.3	1.6342	13.2	7.4
468	1997	256	11491.2	10.5	16.3	1.1825	14	9.8
468	1997	257	11491.2	10.6	15.4	1.0323	12.5	6.2
468	1997	258	7257.6	12.6	17.3	1.2902	12.7	0
468	1997	259	13305.6	15.4	18.5	1.4851	10.9	0.1
468	1997	260	13046.4	14.2	18.2	1.3793	9.2	0.2
468	1997	261	4147.2	12.6	15.4	1.1177	3	0.1
468	1997	262	12960	12.4	15.1	0.8798	6.8	0
468	1997	263	9331.2	12.1	15.3	0.9239	6.4	0
468	1997	264	11923.2	11.5	15.1	0.9612	4.3	0
468	1997	265	13132.8	12.5	16.7	1.0955	5.3	0
468	1997	266	2851.2	13.7	15.2	1.2164	8.7	0
468	1997	267	13737.6	13.7	16.6	1.3585	3	0
468	1997	268	13996.8	13.5	17.5	1.4069	3.3	0
468	1997	269	3888	13.3	15.5	1.3436	5.3	0
468	1997	270	9244.8	12.6	15.4	1.3252	3	0
468	1997	271	13305.6	13.4	16.3	1.2988	4.8	0
468	1997	272	3196.8	15.1	16.8	1.5385	6.8	2.9
468	1997	273	6825.6	13.7	16.4	1.1619	5.9	0
468	1997	274	2505.6	13.3	16.9	1.337	10.2	1.5
468	1997	275	9590.4	10.4	14.6	0.9846	16.3	0.5
468	1997	276	5270.4	11.2	15.5	1.1021	9.9	0.4
468	1997	277	5875.2	14.9	16.3	1.4868	13.3	0
468	1997	278	3801.6	15.5	17	1.6235	9.4	0
468	1997	279	6048	14	16.5	1.4019	7.3	2.1
468	1997	280	3715.2	13.3	17.4	1.5502	10.4	5.3
468	1997	281	2937.6	13.1	16	1.5387	13	21.3
468	1997	282	3456	14.9	17.7	1.7027	13.8	13.7
468	1997	283	6652.8	11	15.8	1.2439	18.1	3.6
468	1997	284	8121.6	10.7	14.2	1.0391	14.1	3.5
468	1997	285	5702.4	9.2	13.2	0.8905	11.2	8.3
468	1997	286	5616	7.5	12.1	0.8959	11	5.1
468	1997	287	5788.8	8.6	12.2	0.8821	6.8	3.2
468	1997	288	9676.8	8.2	10.3	0.8167	6.8	0
468	1997	289	7862.4	6.7	9.3	0.6862	5.8	0
468	1997	290	1900.8	8.6	13.3	1.2157	9.9	0.1
468	1997	291	8985.6	12	14.5	1.3382	8.2	0
468	1997	292	2073.6	13.2	14.2	1.4563	5.8	0
468	1997	293	7257.6	7.7	13.2	0.7586	9.4	0
468	1997	294	8553.6	6.5	9.2	0.5518	4.4	0
468	1997	295	4924.8	7.4	11.8	0.8123	9.1	0.9
468	1997	296	5702.4	7.8	11.2	0.7831	11.5	1.4
468	1997	297	5097.6	5.2	8.6	0.7161	11.4	3.8
468	1997	298	3715.2	5.6	11.1	0.6917	10.7	1
468	1997	299	2246.4	5.1	8.3	0.6376	7	0
468	1997	300	8208	3.7	6.8	0.4703	3.2	0
468	1997	301	6912	4.1	8	0.544	5.1	0
468	1997	302	5097.6	7.9	10.3	0.7508	7.8	0
468	1997	303	7776	6.3	8.9	0.5217	5.5	0
468	1997	304	7430.4	7.6	10.5	0.9439	3.7	0
468	1997	305	1382.4	4.9	8.5	0.9515	5.9	0.3
468	1997	306	4924.8	7.8	11.9	1.0082	7.6	0
468	1997	307	6652.8	4.5	10.6	0.6239	11.3	0
468	1997	308	6307.2	3.8	6.6	0.6367	18.7	0
468	1997	309	1296	3	10.1	0.9126	12.5	3.7
468	1997	310	1296	8.9	11.5	1.1938	8.7	1.7
468	1997	311	1641.6	9.7	12.9	1.271	14.1	0.9
468	1997	312	4838.4	9.8	12	1.0944	11.9	2.4
468	1997	313	4579.2	8.9	11.6	1.048	13.5	0
468	1997	314	2678.4	8.7	10.7	1.0102	13	0.4
468	1997	315	3715.2	8.4	10.6	0.9611	12.1	0.6
468	1997	316	1123.2	8	9.8	0.9914	5.6	0
468	1997	317	3456	7.7	10.8	0.9567	7.1	0.1
468	1997	318	3024	6	8.9	0.8468	9.2	7.3
468	1997	319	1036.8	7.7	10.4	1.1281	8.2	0.1
468	1997	320	1036.8	6.4	9.5	0.9403	11.5	0
468	1997	321	4406.4	5.4	7.7	0.7961	16	0
468	1997	322	3369.6	3.8	7.6	0.7416	18.5	0
468	1997	323	4752	0.7	4.3	0.5704	20.3	0
468	1997	324	3283.2	1.5	4	0.5881	19.3	0.1
468	1997	325	1296	3	4.8	0.7267	12	0
468	1997	326	950.4	3.2	4.5	0.7081	8.4	0
468	1997	327	950.4	3.7	5.7	0.7345	4.4	0
468	1997	328	864	2.7	5.6	0.7067	9.7	0
468	1997	329	864	1.4	3.2	0.6633	13.6	0
468	1997	330	864	1.5	4.3	0.6471	15	0
468	1997	331	864	1.4	3.9	0.6505	16.4	0
468	1997	332	864	1.8	4.3	0.7072	13.7	2.1
468	1997	333	864	3.9	8.6	0.932	9.5	2
468	1997	334	777.6	4	8.7	0.9097	6.3	4.8
468	1997	335	2764.8	3.5	7.8	0.6752	5.9	6.8
468	1997	336	3542.4	0.9	5.4	0.651	6.4	0
468	1997	337	777.6	1.9	4.4	0.651	9.7	0.2
468	1997	338	3110.4	0.5	3.8	0.535	6.4	1.6
468	1997	339	1814.4	3.6	7.1	0.8132	9	0.2
468	1997	340	777.6	4.5	8.5	0.9289	14.6	11.4
468	1997	341	777.6	3.7	8.7	0.9004	10.5	0
468	1997	342	777.6	4	6.6	0.748	12.6	0.3
468	1997	343	864	6.6	8.4	0.9533	11.6	4.5
468	1997	344	691.2	7.7	9.7	1.068	12.2	10.1
468	1997	345	1382.4	7.4	9.4	1.0796	8.3	7.4
468	1997	346	691.2	6.1	8.5	0.9302	10	0.2
468	1997	347	1728	6.2	8	0.857	7.3	3.6
468	1997	348	1036.8	3.3	7.7	0.7133	12	0.3
468	1997	349	691.2	1.9	4.4	0.5974	15	0
468	1997	350	2592	-4.8	2.5	0.4326	17.4	0
468	1997	351	3110.4	-6.2	-1.8	0.3546	20.3	0
468	1997	352	1987.2	-4.8	0.4	0.4264	17	0
468	1997	353	691.2	-1.9	2.9	0.5765	13.5	0.6
468	1997	354	2505.6	1.7	5.7	0.7643	7.7	0.2
468	1997	355	691.2	1.7	4.2	0.7022	10.5	0
468	1997	356	691.2	1.7	2.6	0.6491	4.9	0
468	1997	357	691.2	1	3.7	0.6584	4.3	2.2
468	1997	358	691.2	3.5	8.3	0.919	9.7	8.1
468	1997	359	1728	7	9.3	0.964	15.7	3.8
468	1997	360	691.2	6.2	8	0.9276	15.6	7.1
468	1997	361	2592	5.7	7.1	0.8937	7.3	1.5
468	1997	362	1036.8	5.1	6.5	0.8666	8.4	2.3
468	1997	363	2764.8	3.6	5.9	0.7884	6.8	0.6
468	1997	364	950.4	3.8	5.4	0.7972	9.4	0.1
468	1997	365	691.2	5.4	7.6	0.9192	9.9	0.7
