*---------------------------------------------------------------------------*
* Station name: HELGOLAND                               
* Year: 1981
* Author: Pedro Alencar                                   -999.000: NIL VALUE
* Source: ECAD 
* Comments: 
* Longitude: 54.1764, latitude: 54.1764, altitude: 4 m.
*
* Column  Daily value
* 1       station number
* 2       year
* 3       day
* 4       irradiation                   (kJ m-2 d-1)
* 5       minimum temperature           (degrees Celsius)
* 6       maximum temperature           (degrees Celsius)
* 7       early morning vapour pressure (kPa)
* 8       mean wind speed (height: 2 m) (m s-1)
* 9       precipitation                 (mm d-1)
*
** WCCDESCRIPTION=GERMANY, HELGOLAND                               
** WCCFORMAT=2
** WCCYEARNR=1981
*---------------------------------------------------------------------------*
   54.1764  7.8931    4.  -0.18 -0.55
468	1981	1	1641.6	1.2	6.6	0.646	16.6	1
468	1981	2	777.6	1.5	6.6	0.767	10.7	7.9
468	1981	3	1123.2	4.9	7.3	0.8377	11.8	1.7
468	1981	4	2678.4	0.4	5.6	0.5835	9.9	2.6
468	1981	5	2160	-0.3	3.8	0.5615	9.1	4.3
468	1981	6	2851.2	-1.7	2.3	0.5183	3.1	0.6
468	1981	7	3974.4	-2.1	2.5	0.434	6	0
468	1981	8	777.6	-2.8	2.6	0.5399	9.1	1.3
468	1981	9	777.6	2.4	5.5	0.786	9.4	3.1
468	1981	10	3801.6	2.2	5	0.6483	6.7	0.1
468	1981	11	2678.4	1.5	4.2	0.5623	4.8	0
468	1981	12	864	0.9	4	0.634	11.2	3.8
468	1981	13	2246.4	0.2	3.2	0.5457	8.2	2.1
468	1981	14	864	0.2	6.4	0.6966	13.8	7.4
468	1981	15	2160	-0.7	5.4	0.5354	14.1	1.5
468	1981	16	3369.6	-1	3.1	0.4878	11.7	1.1
468	1981	17	950.4	-1.2	1.7	0.5911	9.7	4.1
468	1981	18	1468.8	-3	0.6	0.4702	6.1	1
468	1981	19	950.4	-3.2	3.7	0.56	9.4	4.1
468	1981	20	4665.6	-1.6	0.2	0.4877	6.4	0
468	1981	21	1382.4	-2.2	0.4	0.4749	7.5	0
468	1981	22	1036.8	0.4	2.3	0.6264	7.2	0
468	1981	23	1036.8	1.9	4.3	0.7479	5.6	1
468	1981	24	1036.8	3.2	4.8	0.7725	8.5	0.8
468	1981	25	3715.2	1.6	5	0.6424	8.9	0.6
468	1981	26	5443.2	1.1	3.6	0.5571	5.2	0
468	1981	27	1123.2	-0.7	3.4	0.6466	5.5	0
468	1981	28	1123.2	2.8	4.2	0.7693	4.5	0.3
468	1981	29	1123.2	2.9	4.4	0.7775	6.6	0.1
468	1981	30	1209.6	2.9	4.4	0.7616	8.6	0
468	1981	31	1209.6	2.7	4.2	0.7275	8.8	0
468	1981	32	1209.6	3	4.7	0.7724	9	0
468	1981	33	4147.2	2.1	5.5	0.7537	10.5	15.1
468	1981	34	2332.8	4.2	7.1	0.8303	13.6	2.3
468	1981	35	4147.2	1.9	4.9	0.6548	8.6	1.4
468	1981	36	3196.8	-0.3	4.3	0.614	7.7	3.7
468	1981	37	1382.4	1.8	6.5	0.756	8.1	3.9
468	1981	38	1382.4	4.6	6.5	0.8336	9.5	3.9
468	1981	39	2332.8	4.3	6.8	0.7974	10.4	0.8
468	1981	40	1468.8	2.9	5	0.7779	4	7.8
468	1981	41	1468.8	0.4	4.2	0.6489	8.9	12.5
468	1981	42	5875.2	-1.2	3.4	0.4896	8.3	0.1
468	1981	43	7084.8	-1.1	2.5	0.4371	3.5	0
468	1981	44	2073.6	-1.6	0.5	0.4285	2.2	0
468	1981	45	1641.6	-0.7	1	0.4447	3.7	0
468	1981	46	1641.6	0.2	3.6	0.5675	5.7	0
468	1981	47	1641.6	2.2	3.7	0.7173	5.1	0.3
468	1981	48	3628.8	0.5	3.4	0.6118	7.3	0
468	1981	49	5270.4	0.3	2.1	0.5264	10.6	0
468	1981	50	2937.6	-1.5	1.4	0.4992	10.1	0.5
468	1981	51	6307.2	-3.4	-0.9	0.3914	8.6	0.1
468	1981	52	8121.6	-3.2	-0.3	0.4139	3.7	0
468	1981	53	6307.2	-3.1	-0.6	0.4536	8	0
468	1981	54	1900.8	-1.2	0.4	0.5044	5.2	0
468	1981	55	1987.2	-0.7	1.3	0.5682	6.8	0.3
468	1981	56	1987.2	-0.2	1.4	0.5999	5.1	0
468	1981	57	9158.4	-0.9	2.5	0.5503	6.3	0
468	1981	58	10368	-0.5	3.4	0.4681	10.1	0
468	1981	59	5616	-2.3	1.7	0.4424	14.1	2
468	1981	60	2160	-1.4	1.6	0.5908	8.3	2.3
468	1981	61	2160	0.5	1.8	0.6507	7.5	1.8
468	1981	62	2246.4	-1.4	1.9	0.5475	10.1	0.4
468	1981	63	7084.8	-1.9	3.1	0.5424	5	1
468	1981	64	6220.8	0.7	3.1	0.6236	7.4	0
468	1981	65	2332.8	1	3.6	0.6561	7.3	0.5
468	1981	66	2419.2	3	7.4	0.8578	10.6	9.2
468	1981	67	2419.2	4.9	8.1	0.9385	10	5.8
468	1981	68	3024	3.5	5.7	0.7887	7.5	0
468	1981	69	5961.6	2.3	4.3	0.7043	6.3	20.6
468	1981	70	2592	3.4	7.4	0.8877	5.9	6.2
468	1981	71	2592	2.4	4.7	0.7563	5.9	6.9
468	1981	72	5529.6	2.9	5	0.7941	3.3	1.1
468	1981	73	5011.2	2.2	6.9	0.8113	3	0.1
468	1981	74	2764.8	2.1	3.9	0.735	3.4	0.2
468	1981	75	2764.8	2.1	3.3	0.6454	3.7	0.7
468	1981	76	11404.8	1.1	3.9	0.5924	2.6	0
468	1981	77	8208	1	4	0.6143	8.5	10.5
468	1981	78	2937.6	2.2	5.8	0.7644	10.1	3
468	1981	79	5443.2	4.6	6.2	0.8339	9.3	0.7
468	1981	80	5529.6	4.8	9.2	0.8812	9.4	0.8
468	1981	81	9590.4	2.6	10.7	0.8114	12.5	0.3
468	1981	82	10886.4	2	7.3	0.7149	9.7	7.1
468	1981	83	4233.6	4.6	7.6	0.8848	9.8	0.5
468	1981	84	7171.2	4.2	8.3	0.913	7	10
468	1981	85	6393.6	5	8.4	0.9515	6.2	2.7
468	1981	86	15379.2	4.7	8.2	0.8485	4.9	0
468	1981	87	10108.8	4.7	8	0.8236	9.3	0
468	1981	88	10454.4	4.5	8.4	0.8196	8.1	0
468	1981	89	8467.2	4.7	7.7	0.853	5.2	0
468	1981	90	8035.2	4.7	9.2	0.8283	8.6	0
468	1981	91	3542.4	6	8.1	0.9144	9	0
468	1981	92	3542.4	6.6	8.6	0.9494	3.4	0
468	1981	93	3628.8	5	8.6	0.8988	4.7	0
468	1981	94	3628.8	4.2	5.6	0.8054	5.9	0
468	1981	95	16675.2	4.8	7.8	0.8303	4.3	0
468	1981	96	13219.2	3.7	8.4	0.8817	3	0
468	1981	97	16329.6	5.5	10.7	0.9391	3.3	0.6
468	1981	98	13824	3.7	9.3	0.8998	4.3	0
468	1981	99	6652.8	4.8	9.9	0.8616	3	0
468	1981	100	3888	3.7	7.5	0.9001	2.5	0
468	1981	101	17452.8	4	12.4	0.902	6	0
468	1981	102	5443.2	6.8	13	1.1457	2.3	0
468	1981	103	19699.2	5.6	8.6	0.7159	7.7	0
468	1981	104	19612.8	5.3	9.4	0.841	4.6	0
468	1981	105	13737.6	5	8.7	0.9019	4.4	0
468	1981	106	20736	6.3	8.8	0.5927	6.4	0
468	1981	107	21427.2	4.6	8.5	0.6893	5	0
468	1981	108	16848	5.3	7.9	0.7697	5.9	0
468	1981	109	10972.8	4.9	7.3	0.7342	11.6	0
468	1981	110	20822.4	4.9	7.9	0.7207	5.1	0
468	1981	111	13824	3.7	7.5	0.6092	9.9	0.4
468	1981	112	20563.2	1.7	5.5	0.5455	7.5	0.4
468	1981	113	22032	-0.4	4.7	0.5278	5	0
468	1981	114	20131.2	1.4	6.1	0.4235	3	0
468	1981	115	10540.8	3.7	7.6	0.6022	10.4	0
468	1981	116	15292.8	5.2	9.5	0.7487	12	0
468	1981	117	21945.6	4.6	8	0.7539	10.4	0
468	1981	118	18403.2	4.2	7.7	0.6893	4.6	0.2
468	1981	119	5184	4.3	8	0.8878	6	3.3
468	1981	120	9244.8	5.2	8	0.8768	7.8	0.4
468	1981	121	18489.6	3.3	7.2	0.7454	12.2	1.2
468	1981	122	21513.6	3.5	7.4	0.7019	9	1.1
468	1981	123	13219.2	3.2	6.9	0.6738	7.9	0.3
468	1981	124	6220.8	4.5	7	0.7809	7.5	0.3
468	1981	125	17539.2	5.7	9.6	0.9317	2.4	0
468	1981	126	12614.4	5.4	10.1	0.9065	3.6	0.1
468	1981	127	22291.2	6.4	12.5	1.0052	4.5	0
468	1981	128	14083.2	9.4	13.5	1.0269	7.8	0
468	1981	129	22032	8.8	15.9	1.2187	4.8	0
468	1981	130	24019.2	10.4	16.3	1.2398	7.1	0
468	1981	131	20131.2	11.1	16	1.3026	9.5	0
468	1981	132	23846.4	11.3	19.5	1.4678	6	0
468	1981	133	23068.8	10.2	16	1.28	6.8	0.1
468	1981	134	16934.4	8.6	14.3	1.1891	4.9	0.9
468	1981	135	5184	9.7	12.1	1.2377	3.3	0
468	1981	136	13564.8	9.6	16.3	1.357	3.4	3.7
468	1981	137	5270.4	8.9	11.9	1.109	2	1.3
468	1981	138	21859.2	9.7	13.6	1.1638	3.1	0
468	1981	139	16243.2	10.7	16.4	1.2561	4.1	2.2
468	1981	140	24624	10.6	17.6	1.2856	5.1	0
468	1981	141	19612.8	12.6	17.8	1.3284	7.3	0
468	1981	142	13564.8	10.4	15.3	1.3037	5.5	0.6
468	1981	143	23500.8	9.8	15.4	1.2389	4.4	7.2
468	1981	144	13478.4	9.4	12	1.1571	5.5	8.8
468	1981	145	18230.4	8.9	13.7	1.1639	4.9	1.6
468	1981	146	26870.4	9.5	14.7	1.0578	4	0
468	1981	147	5443.2	10.4	13.4	1.2806	5.1	0.8
468	1981	148	17625.6	9.8	12.6	1.1961	5.4	8
468	1981	149	26784	9.8	15.5	1.1259	1.9	0
468	1981	150	16329.6	11.4	15.6	1.3447	2.4	0.2
468	1981	151	18662.4	11.3	18.5	1.4722	4.5	0.1
468	1981	152	11059.2	11	15.5	1.4599	3.9	0
468	1981	153	20390.4	11	19.5	1.5576	5.1	0
468	1981	154	12614.4	11.8	16.2	1.421	3.7	0
468	1981	155	23241.6	11.6	15.5	1.2871	5.2	1.3
468	1981	156	10972.8	11.2	13.8	1.3032	6.9	2.2
468	1981	157	24105.6	11.2	15.2	1.3036	5.1	0
468	1981	158	23760	12.2	14.6	1.336	5.7	0.1
468	1981	159	10281.6	12.2	16.1	1.451	5.3	0
468	1981	160	18057.6	13.5	16	1.3575	6.7	0.4
468	1981	161	22032	12.4	14.2	1.2358	8.5	0.6
468	1981	162	5702.4	11.5	14	1.31	7.5	1.1
468	1981	163	23760	10.3	13.9	0.8886	8.6	0
468	1981	164	10368	9.6	14.2	1.0022	5.9	0.6
468	1981	165	12182.4	12.7	14.5	1.4469	8.4	0.1
468	1981	166	8467.2	12.5	14.2	1.4388	7.4	4.5
468	1981	167	16070.4	9.7	13.1	1.0774	12.7	1.8
468	1981	168	8726.4	10.5	12.6	1.1153	8.7	0.7
468	1981	169	5702.4	9.2	11.4	1.014	8.3	0.1
468	1981	170	9590.4	9.2	12.3	0.8771	5.8	0
468	1981	171	8035.2	10.1	11.8	0.9804	7.3	0.2
468	1981	172	17452.8	9.7	14.8	1.168	9	0.2
468	1981	173	24796.8	12.1	15.8	1.321	5.3	0
468	1981	174	26524.8	12.7	17.7	1.4491	3.3	0
468	1981	175	27388.8	13.6	18.4	1.4163	3.1	0
468	1981	176	24624	13.1	15.8	1.3151	5.6	0
468	1981	177	6912	12.1	14.9	1.2365	4.2	3.9
468	1981	178	12441.6	12.4	15.7	1.3936	4.1	0
468	1981	179	5702.4	12.7	14.7	1.3937	6.2	6.3
468	1981	180	5702.4	11.9	13.9	1.4121	13	54.9
468	1981	181	6566.4	10.6	13.6	1.2271	10.9	0.5
468	1981	182	5702.4	12.3	14.5	1.3053	8.6	0
468	1981	183	14515.2	12.7	16.7	1.4701	5.2	3.2
468	1981	184	15379.2	12.8	15.8	1.4652	6.6	2
468	1981	185	27302.4	13.2	15.9	1.3898	7.3	0
468	1981	186	24192	13.5	18.4	1.4842	4.1	0
468	1981	187	20044.8	14.7	17.9	1.6287	5.2	0
468	1981	188	25315.2	14.9	17.7	1.6472	3.7	0
468	1981	189	26784	14.9	20.7	1.7298	3.6	0
468	1981	190	25660.8	16.9	21.8	1.7712	5.9	0
468	1981	191	13046.4	15	19.7	1.7803	4.8	0.5
468	1981	192	11232	14.9	18.2	1.7676	4.3	2.2
468	1981	193	16502.4	15.2	16.8	1.616	7.6	0
468	1981	194	16502.4	14.1	16.7	1.3979	5.4	0
468	1981	195	13910.4	14.6	16.9	1.4653	6	0.5
468	1981	196	18576	13.4	16.8	1.4056	7.1	0.5
468	1981	197	7430.4	14.5	17.5	1.6342	6	23.2
468	1981	198	22896	13.4	15.6	1.2369	9.2	0
468	1981	199	24537.6	13.2	16.1	1.2489	5.8	0.6
468	1981	200	12441.6	13.1	15	1.2174	6.2	0.1
468	1981	201	11404.8	13.4	17.2	1.4411	4.5	0
468	1981	202	21081.6	14.1	17.7	1.4073	2.6	0
468	1981	203	19267.2	13.7	19.2	1.4948	2.8	1.8
468	1981	204	15379.2	15.1	18.2	1.5707	5.4	1.7
468	1981	205	17625.6	13.3	17.4	1.4283	7.2	10.7
468	1981	206	11059.2	13.6	17.2	1.4329	3.4	0
468	1981	207	8121.6	14.1	16.3	1.4491	9.6	0
468	1981	208	5184	13.9	15.7	1.2778	8.9	0
468	1981	209	7084.8	14.1	17.4	1.644	5.8	0
468	1981	210	13478.4	14.7	17.4	1.603	5.8	4.4
468	1981	211	7257.6	13.8	15.8	1.1265	7.9	0
468	1981	212	18489.6	13.3	17.3	1.2327	3.7	0
468	1981	213	10454.4	13.6	16.1	1.3157	5.4	0.4
468	1981	214	20217.6	12.8	16.8	1.0761	2.2	0
468	1981	215	24710.4	12.7	19.2	1.3575	2.6	0
468	1981	216	24278.4	16.6	21.7	1.7936	2.5	0
468	1981	217	21427.2	16.7	22	1.8385	2.7	0
468	1981	218	21513.6	17.3	20.2	1.9654	4.9	0
468	1981	219	22464	17.8	20.1	1.9245	6.8	0
468	1981	220	19699.2	17.3	20.7	1.755	4.6	0
468	1981	221	4752	17	19.5	1.9258	1.8	0
468	1981	222	6134.4	16.8	19.2	1.8134	5.1	0
468	1981	223	15206.4	15.6	18.6	1.5382	5.4	0
468	1981	224	22982.4	14.5	19.3	1.3651	2.3	0
468	1981	225	15552	15.4	20.3	1.5719	2	0
468	1981	226	6220.8	18.2	20.2	1.9547	4.4	0
468	1981	227	13824	17.2	20.2	1.8516	3.4	0.9
468	1981	228	20217.6	13.2	19	1.3705	10.8	3.2
468	1981	229	11577.6	11.4	16.3	1.1385	8.6	0.3
468	1981	230	4924.8	14.3	17.2	1.644	9.6	10.7
468	1981	231	8899.2	13.9	17	1.3849	7.2	15.7
468	1981	232	7516.8	13.2	15.7	1.4137	9.4	16.9
468	1981	233	15465.6	12.4	16.7	1.3898	10.1	2.7
468	1981	234	8208	13.2	16.7	1.3581	5.7	1.7
468	1981	235	19699.2	12.5	17.7	1.4056	7.5	0
468	1981	236	16329.6	13.9	17.3	1.3275	6	0
468	1981	237	13910.4	14.5	17.3	1.5877	7.8	0
468	1981	238	9244.8	14.7	16.7	1.4785	7.6	0.1
468	1981	239	11664	14.2	16.9	1.3761	7.7	0
468	1981	240	17366.4	13.8	16.4	1.1656	4.4	0
468	1981	241	15033.6	13.5	17	1.2115	3.8	0
468	1981	242	18576	14.1	18.1	1.3523	2.5	0
468	1981	243	12960	13.2	16.8	1.1581	2.9	0
468	1981	244	18316.8	14.3	18.2	1.3652	4.9	0
468	1981	245	17280	14.6	17.5	1.4755	4.8	0
468	1981	246	16848	14.6	17	1.3625	4	0
468	1981	247	17193.6	13.3	17.6	1.3849	1.2	0
468	1981	248	17107.2	14.6	19.5	1.4557	2.3	0
468	1981	249	16675.2	16	19.5	1.7243	2.9	0
468	1981	250	15206.4	15.6	20.4	1.6898	5.4	0
468	1981	251	12873.6	16.8	19.8	1.7849	5.5	0
468	1981	252	10972.8	15.8	18.5	1.6798	3.3	0
468	1981	253	14774.4	15	19.2	1.6356	4.7	0
468	1981	254	11664	15.8	18.6	1.7831	9.1	0
468	1981	255	4060.8	14.7	17.5	1.6812	6.1	0.4
468	1981	256	9417.6	13.1	16.5	1.261	9	5.4
468	1981	257	4752	11.4	15	1.3339	8.4	10.7
468	1981	258	13132.8	14.1	17.1	1.5399	4.2	0
468	1981	259	3196.8	14.5	16.3	1.5028	4.1	0
468	1981	260	10195.2	12.8	16.1	1.3808	8.4	5.7
468	1981	261	9331.2	14	17.8	1.5697	10	7.2
468	1981	262	11404.8	13.7	16.9	1.4585	7.7	10.3
468	1981	263	3024	14.1	16.8	1.4901	12.6	4
468	1981	264	12182.4	14.3	16.8	1.4114	8.7	0
468	1981	265	4147.2	14.6	16.6	1.5045	6.5	1.3
468	1981	266	12787.2	13.8	16.2	1.2433	8.5	2
468	1981	267	13651.2	12.8	17	1.2861	11.9	0
468	1981	268	8726.4	13.5	15.8	1.3655	10.3	0
468	1981	269	5702.4	13.6	17.8	1.4607	9.5	0.1
468	1981	270	4752	13.8	17.4	1.4868	7.4	1.9
468	1981	271	9417.6	13.2	15.9	1.3401	3.9	0
468	1981	272	12182.4	13.3	16.3	1.2442	5.2	0
468	1981	273	11404.8	12.8	16.9	1.2313	9.9	0
468	1981	274	11750.4	13.2	17	1.4227	8.8	0
468	1981	275	5356.8	13.9	16.3	1.5256	7.6	4
468	1981	276	9676.8	11.3	15.7	1.2365	11.2	0.1
468	1981	277	3715.2	9.8	14	1.1414	13.8	3.2
468	1981	278	8035.2	11.9	14.3	1.3252	8.7	0.3
468	1981	279	2332.8	12.2	14.5	1.4388	7.5	7.9
468	1981	280	8121.6	8.9	15.5	0.9654	18.6	6.2
468	1981	281	2246.4	11.4	14.3	1.363	14.9	3.8
468	1981	282	6480	12.7	16	1.4046	12.6	5.8
468	1981	283	5702.4	10.8	14	1.1364	16.8	10.4
468	1981	284	5702.4	8.6	12.6	0.9578	14.3	10.2
468	1981	285	3542.4	6.1	12	0.8173	10	8.4
468	1981	286	6739.2	6.4	11.7	0.8518	12.6	4.4
468	1981	287	7344	6.7	9.7	0.7282	9	0.5
468	1981	288	7430.4	6.1	10.6	0.6917	3.8	2.2
468	1981	289	7603.2	8.2	11.4	0.8596	8	13.1
468	1981	290	8208	7.3	11.5	0.8957	5.3	0
468	1981	291	1900.8	7.7	10.2	0.9262	9.7	0
468	1981	292	1814.4	7.5	11.7	1.087	10.7	15.1
468	1981	293	1814.4	7.6	11.8	1.0102	8	34
468	1981	294	7603.2	6.2	10.3	0.8615	8.2	0
468	1981	295	2505.6	6.1	9.2	0.8794	7.7	0
468	1981	296	7603.2	7.2	9.8	0.8208	3.5	0.3
468	1981	297	7084.8	7.7	11	0.9749	7.8	0.2
468	1981	298	2160	7.5	9.2	0.9772	9.8	1.1
468	1981	299	4838.4	6.4	9.2	0.9413	4.8	0
468	1981	300	2937.6	5.6	8	0.9285	7.8	6.3
468	1981	301	5270.4	6.8	10.1	0.8843	8.7	2
468	1981	302	2246.4	6.9	11.1	0.8949	11.9	6.4
468	1981	303	4752	6.7	10.6	0.986	10.6	17.8
468	1981	304	4924.8	7.4	12.3	0.9718	13.9	2
468	1981	305	1900.8	10.3	12	1.2187	10	1.8
468	1981	306	4320	10.1	13	1.1017	12.8	0.1
468	1981	307	1382.4	9	11.6	1.1892	6.5	0.7
468	1981	308	4838.4	9.4	11.5	1.0368	10.6	0.2
468	1981	309	4147.2	6.7	10.5	0.8152	13.2	1.8
468	1981	310	3542.4	6.7	10.1	0.7601	9	1.5
468	1981	311	6393.6	4.8	8.2	0.6289	8.3	0
468	1981	312	6048	3.6	5.1	0.6167	6.6	0
468	1981	313	5443.2	2.3	5	0.5792	4.3	0
468	1981	314	1987.2	3	6	0.7158	10.9	8.2
468	1981	315	1123.2	5.8	9.8	1.0048	12.7	4.6
468	1981	316	1814.4	7.6	10.1	0.9426	7.3	3.4
468	1981	317	1123.2	5	9.2	0.7864	11	8.1
468	1981	318	4665.6	4.4	9.3	0.674	9	0.2
468	1981	319	2937.6	3.3	6.4	0.6386	5.3	0
468	1981	320	1036.8	1.9	5.2	0.5987	12.5	0
468	1981	321	1036.8	3.2	6.2	0.743	11.7	4.2
468	1981	322	1036.8	5.6	9.7	0.9527	14.1	3.1
468	1981	323	4579.2	7.4	9.7	0.9014	10	1.8
468	1981	324	950.4	6.5	11.9	1.0117	14.6	6.6
468	1981	325	1728	7.7	9.9	0.9508	11.1	0.5
468	1981	326	950.4	8.1	10.3	1.0814	11.2	0
468	1981	327	950.4	7.2	11.1	1.0199	14.2	4.1
468	1981	328	1900.8	4.3	7.7	0.7291	20.5	3.8
468	1981	329	2851.2	1.6	6.4	0.5773	15.3	1.2
468	1981	330	864	3.8	7.9	0.8141	8.2	7
468	1981	331	864	6.8	8.7	0.9697	10.8	10.1
468	1981	332	2246.4	4.4	7.8	0.7436	6.9	8.7
468	1981	333	1468.8	5.3	8.1	0.8044	8.7	1.4
468	1981	334	777.6	1.7	6.4	0.6691	7.6	9.8
468	1981	335	777.6	2.3	5	0.6347	11.6	0
468	1981	336	2764.8	1.9	4.4	0.6356	2.5	0
468	1981	337	777.6	2.3	7.9	0.8167	8.9	6.7
468	1981	338	1814.4	1.8	8	0.6495	10.2	3.7
468	1981	339	1814.4	1.3	4.7	0.5607	10.2	2.6
468	1981	340	2160	2.9	5.7	0.6893	7.9	1.7
468	1981	341	2764.8	0.3	5.7	0.5607	8.2	0.7
468	1981	342	1382.4	-0.6	2	0.5656	5.4	1.4
468	1981	343	691.2	-0.6	4	0.5042	9.1	5.2
468	1981	344	2505.6	-1	3.9	0.5428	5.9	0.2
468	1981	345	691.2	-0.7	1.9	0.5616	5.9	0
468	1981	346	2678.4	-0.4	2.3	0.4254	6.7	2.4
468	1981	347	1814.4	0.1	5.2	0.5026	10.7	2.1
468	1981	348	691.2	-1.4	1.5	0.3925	11.5	0
468	1981	349	3024	-1.5	0.9	0.4005	5.2	0
468	1981	350	1123.2	-3.7	-0.1	0.4731	4.7	3.7
468	1981	351	1641.6	-5.4	-2.8	0.361	5.1	0.1
468	1981	352	1123.2	-7.5	-5	0.3449	4.2	0
468	1981	353	3283.2	-7.3	0.8	0.3511	4.9	0
468	1981	354	3369.6	-4.8	-1.8	0.3833	4.1	0
468	1981	355	2419.2	-6.6	-3.7	0.3626	7.7	0
468	1981	356	691.2	-7.2	-2.9	0.3738	8.8	0
468	1981	357	691.2	-3.4	0.8	0.5334	5	0.5
468	1981	358	691.2	-1.7	0.3	0.5167	3.9	0.1
468	1981	359	691.2	-1.3	1.6	0.5312	3.8	0.2
468	1981	360	1123.2	-4.2	-1	0.4089	4	0
468	1981	361	691.2	-4.2	-2.1	0.4167	5.8	0
468	1981	362	691.2	-3.2	-0.3	0.4945	6.8	0
468	1981	363	691.2	-2.5	3.1	0.5745	10.2	1.4
468	1981	364	950.4	2.7	5.5	0.7288	10.6	2.1
468	1981	365	691.2	1.7	5.5	0.7431	8.5	5.4
