*---------------------------------------------------------------------------*
* Station name: HELGOLAND                               
* Year: 1990
* Author: Pedro Alencar                                   -999.000: NIL VALUE
* Source: ECAD 
* Comments: 
* Longitude: 54.1764, latitude: 54.1764, altitude: 4 m.
*
* Column  Daily value
* 1       station number
* 2       year
* 3       day
* 4       irradiation                   (kJ m-2 d-1)
* 5       minimum temperature           (degrees Celsius)
* 6       maximum temperature           (degrees Celsius)
* 7       early morning vapour pressure (kPa)
* 8       mean wind speed (height: 2 m) (m s-1)
* 9       precipitation                 (mm d-1)
*
** WCCDESCRIPTION=GERMANY, HELGOLAND                               
** WCCFORMAT=2
** WCCYEARNR=1990
*---------------------------------------------------------------------------*
   54.1764  7.8931    4.  -0.18 -0.55
468	1990	1	777.6	-0.7	1	0.488	3.9	0
468	1990	2	777.6	-0.1	0.9	0.4717	4.7	0
468	1990	3	777.6	0.5	1.7	0.4896	8.8	0
468	1990	4	777.6	-0.4	4.4	0.5787	9.6	1.2
468	1990	5	777.6	3.9	6	0.8517	6.2	0
468	1990	6	777.6	3	5	0.7562	8.2	0.9
468	1990	7	777.6	2.8	5.5	0.7724	9.2	2.2
468	1990	8	1036.8	4.9	7.2	0.9005	6.8	2.4
468	1990	9	777.6	4.2	7.1	0.8576	7.7	0
468	1990	10	777.6	4.6	7.2	0.8912	10.1	0.3
468	1990	11	864	6.3	7.4	0.9416	10.8	1.3
468	1990	12	2937.6	3.5	7.4	0.8188	8.8	0
468	1990	13	1555.2	3.6	6	0.8342	7.8	0.1
468	1990	14	1036.8	1.9	3.8	0.7197	6.2	0.4
468	1990	15	864	2.4	8.3	0.84	13.2	1.2
468	1990	16	1900.8	7	9.1	1.0005	10.4	0.7
468	1990	17	1814.4	5.5	8.4	0.8083	14	0.6
468	1990	18	2937.6	3.7	7.5	0.7092	11	4.4
468	1990	19	950.4	5.1	6.8	0.8291	11.8	2.8
468	1990	20	2505.6	5.8	7.3	0.835	9.2	1.2
468	1990	21	950.4	6.6	7.9	0.9575	8.1	0
468	1990	22	1036.8	6.5	8	0.9474	9.6	0.8
468	1990	23	1036.8	6.5	8.8	0.9213	11.9	8.8
468	1990	24	1814.4	1.5	7.3	0.6941	11	8.3
468	1990	25	1036.8	3.3	9.9	0.8866	15.4	13.5
468	1990	26	1296	3	7.1	0.6914	17.1	4.2
468	1990	27	3974.4	3.1	6.3	0.743	10.7	0.2
468	1990	28	1468.8	3.4	8.4	0.7612	13.7	2.9
468	1990	29	2937.6	4.3	6.8	0.7611	9.8	0
468	1990	30	1987.2	5	7.9	0.7907	9.9	0.3
468	1990	31	1209.6	7.1	8.9	0.847	10.4	0.5
468	1990	32	4233.6	6.8	9.5	0.9207	8.2	1.3
468	1990	33	3369.6	5.9	7.5	0.8436	10.8	1.6
468	1990	34	1296	5.6	6.7	0.85	9.8	15.7
468	1990	35	2419.2	5.6	7.5	0.8156	10.5	0
468	1990	36	6393.6	5.8	7.7	0.817	8.8	0
468	1990	37	6652.8	5.6	8.1	0.8028	7	0
468	1990	38	1382.4	7	9.7	0.9442	12.3	11.7
468	1990	39	2505.6	4.7	10.7	0.8404	15.5	3.6
468	1990	40	5875.2	5	7.9	0.7714	9.8	0
468	1990	41	4406.4	4.6	7.9	0.7513	10.6	3.4
468	1990	42	5011.2	3.8	7.4	0.7001	10.9	3.6
468	1990	43	2592	3.5	6	0.7456	13.9	6.2
468	1990	44	5702.4	3.6	6.2	0.6928	9.4	12.8
468	1990	45	2246.4	3.1	6.5	0.6192	7.9	0.9
468	1990	46	3974.4	3.3	5.6	0.7049	5.2	5.5
468	1990	47	7171.2	3	6	0.6316	10.8	0.3
468	1990	48	2851.2	3.5	6.7	0.7113	10.5	2
468	1990	49	4579.2	5.1	7.5	0.9066	6.6	0
468	1990	50	3110.4	3.7	9.8	0.9154	9.2	0
468	1990	51	3110.4	8.3	10.1	1.0465	10.9	0
468	1990	52	5875.2	7.2	10.2	0.9893	10.7	0.3
468	1990	53	8035.2	5.7	8.7	0.8629	8.3	0
468	1990	54	8726.4	6	9.1	0.8526	6.3	0
468	1990	55	6134.4	7.2	11.1	0.9851	9.8	0
468	1990	56	8899.2	7.1	10.8	0.9948	12.2	4.3
468	1990	57	2073.6	3.5	9.2	0.8044	18.8	12.2
468	1990	58	5875.2	2.9	6.8	0.6559	16.3	0.9
468	1990	59	4838.4	3.3	6.8	0.7176	13.8	1
468	1990	60	2678.4	1.2	5.8	0.5731	11.3	4.7
468	1990	61	7948.8	0.6	5.2	0.459	12.7	7.9
468	1990	62	8467.2	2.8	6.8	0.7224	8.1	0
468	1990	63	7430.4	5.8	7.6	0.8044	10.7	0.5
468	1990	64	2592	6	7.5	0.8761	13	0.9
468	1990	65	2332.8	6.7	7.5	0.9175	12.9	5.9
468	1990	66	2937.6	6.3	8.1	0.9238	9	1.2
468	1990	67	3628.8	6.5	8	0.9066	8.7	0.1
468	1990	68	8985.6	2.6	7.4	0.6802	12.1	2.8
468	1990	69	2505.6	3.8	8.3	0.8536	9.1	3.6
468	1990	70	8985.6	7.3	8.9	0.9715	10.9	0
468	1990	71	11664	5.9	8	0.8383	9.8	0
468	1990	72	7430.4	5.2	7.9	0.7573	4.2	0.9
468	1990	73	11664	6.1	8.6	0.9539	5.2	0
468	1990	74	10454.4	5.9	9	0.8881	6.3	0
468	1990	75	13478.4	6.6	9.5	0.9252	5.7	0
468	1990	76	13824	7.2	11.7	0.9697	4	0
468	1990	77	14342.4	7.9	11.6	0.9532	4.3	0
468	1990	78	4320	8.1	11	1.0953	7.5	18.2
468	1990	79	14083.2	6.5	9	0.8959	5	0
468	1990	80	3024	7.2	9.8	1.0204	8.6	0
468	1990	81	12787.2	7.3	9.6	0.9175	10.6	0
468	1990	82	10886.4	7.1	8.6	0.8808	12.2	0
468	1990	83	3110.4	5.6	8.9	0.8761	12.9	5.1
468	1990	84	11059.2	3.6	7.8	0.6684	12.5	1.4
468	1990	85	15292.8	5.1	8.8	0.7684	8.2	0
468	1990	86	16675.2	5.3	8.5	0.6962	7.5	0
468	1990	87	14428.8	4.9	7.8	0.6703	4.8	0
468	1990	88	15984	4.8	8.2	0.7257	4.4	0
468	1990	89	14774.4	6.7	9.5	0.9715	6	0
468	1990	90	17452.8	7.6	11.6	1.0392	3.4	0
468	1990	91	17280	7.5	12.8	1.0411	4.1	0
468	1990	92	15120	8.9	13.1	1.023	6.2	2.5
468	1990	93	10368	5	10.7	0.7535	11.1	0.5
468	1990	94	16156.8	3.5	6.6	0.5251	11	0.4
468	1990	95	18748.8	2.5	7.1	0.516	4.2	0
468	1990	96	18662.4	4.7	8.4	0.5534	4.3	0
468	1990	97	17625.6	5.6	8.7	0.6981	6.5	0
468	1990	98	19353.6	4.4	7.7	0.544	7.5	0
468	1990	99	19785.6	3.2	5.9	0.3888	3.4	0
468	1990	100	6825.6	3.2	8.6	0.7055	8.5	8.5
468	1990	101	17625.6	5.3	9.3	0.8075	10.5	1.6
468	1990	102	9417.6	6.4	9.3	0.9551	5	0
468	1990	103	8380.8	6.7	10.7	1.0118	5.7	0.2
468	1990	104	9331.2	6.1	9.6	0.849	7.6	2.4
468	1990	105	7862.4	4.4	8.3	0.7948	12	5.6
468	1990	106	18144	4.4	8.6	0.7353	9	2.2
468	1990	107	15897.6	4.1	8.2	0.7367	7.6	0.3
468	1990	108	20822.4	5.4	10.4	0.788	6.9	0
468	1990	109	7603.2	5.9	8.1	0.8512	7.6	0.1
468	1990	110	12268.8	7.3	12	0.9948	10.6	0
468	1990	111	17798.4	8	13.1	1.031	10.6	0
468	1990	112	22032	8.3	13.5	0.9902	8.9	0
468	1990	113	21772.8	8.2	13.6	0.9511	8.7	0
468	1990	114	19180.8	9.3	14.1	1.0303	7.7	0
468	1990	115	21600	10	12.7	0.9933	5.4	0
468	1990	116	13737.6	8.9	12.6	1.0835	6	8
468	1990	117	19008	4.4	9.8	0.736	12.3	0.8
468	1990	118	14601.6	5.5	9.2	0.7282	8.2	0
468	1990	119	14688	8.7	11.5	1.0993	5.8	0
468	1990	120	23414.4	8.9	13.2	1.1711	4.4	0
468	1990	121	24624	9.2	12.5	1.0908	5.4	0
468	1990	122	24710.4	10.9	17.8	1.2249	5.6	0
468	1990	123	25056	12.1	18.1	1.2342	5.5	0
468	1990	124	25142.4	11.7	18.2	1.2223	3.8	0
468	1990	125	24969.6	12.7	19.8	1.3652	5	0
468	1990	126	25056	12.9	20.3	1.3394	4.8	0
468	1990	127	22550.4	11.6	19.2	1.4853	6.4	0.9
468	1990	128	16243.2	11.4	14.6	1.3016	3.3	0
468	1990	129	16934.4	11.1	14.6	1.3334	4.3	0
468	1990	130	18403.2	12	15.6	1.45	3.7	3.5
468	1990	131	21427.2	9.9	12.8	1.1141	6.2	0.5
468	1990	132	17020.8	10.3	13.9	1.1565	8.2	33.2
468	1990	133	17193.6	9.6	12.6	1.1486	3.9	0
468	1990	134	10281.6	9.9	11.8	1.1817	7.4	0
468	1990	135	23328	10.2	14.4	1.1147	5	0
468	1990	136	22723.2	11.6	14.4	1.3166	7.3	0.1
468	1990	137	14774.4	10.6	12.4	1.0032	8.3	0
468	1990	138	16848	10	12.5	0.7867	5.9	0
468	1990	139	23241.6	9.7	14.9	0.8146	4.8	0
468	1990	140	23155.2	11.8	16	1.0787	8.3	0
468	1990	141	24969.6	10.3	14.2	1.0113	6.7	0
468	1990	142	9158.4	10.2	12.8	0.8405	4.8	0
468	1990	143	25574.4	10.1	13.1	0.928	4.2	0
468	1990	144	25142.4	10.1	14.2	1.0188	7.9	0.4
468	1990	145	22723.2	8.8	13.6	0.8373	9.5	0.1
468	1990	146	18403.2	9.1	12.8	0.7712	8	0
468	1990	147	21340.8	9.3	13	0.8478	9.4	0
468	1990	148	27043.2	9	12.8	0.9381	8.4	0
468	1990	149	27820.8	9.4	13.2	0.8964	2.7	0
468	1990	150	9331.2	10	14.8	0.9638	3	0
468	1990	151	18921.6	11.1	15.2	1.2238	4.6	0
468	1990	152	24192	9.6	17.4	1.1593	4.8	1.4
468	1990	153	19440	12.5	16.7	1.3943	9.6	2.7
468	1990	154	14860.8	11.9	15.5	1.284	7	10.8
468	1990	155	5616	11.8	13.3	1.3074	6.6	14.9
468	1990	156	25833.6	11.6	15	1.2053	5.6	0
468	1990	157	12182.4	11.4	16.9	1.3059	5.3	0.5
468	1990	158	5616	12.2	14.8	1.3293	5.5	2.1
468	1990	159	7689.6	11.3	14.9	1.0993	2.9	4.6
468	1990	160	7948.8	10.8	13.1	1.215	5.3	1.3
468	1990	161	8640	11.9	13.9	1.308	8	0
468	1990	162	6220.8	12.1	14.3	1.2581	5.7	0
468	1990	163	6566.4	12.2	14.3	1.1405	4.4	0
468	1990	164	6220.8	12.1	14	1.1708	5	0
468	1990	165	8726.4	11.9	14.2	1.0207	5	0
468	1990	166	10713.6	11.9	14.6	1.1101	4.4	0
468	1990	167	10713.6	11.3	14.8	1.1708	6	0.1
468	1990	168	17712	11.9	14.6	1.2318	5.8	0
468	1990	169	21686.4	12.5	18	1.4019	2.8	0
468	1990	170	10195.2	14.4	18.8	1.5846	4.6	9.1
468	1990	171	9158.4	14.3	17.7	1.6887	3.4	0.8
468	1990	172	24278.4	14.3	17.6	1.3937	6	3.8
468	1990	173	11836.8	13.4	17.1	1.4192	11.1	1.5
468	1990	174	24019.2	13.1	16.3	1.3866	8.7	7.6
468	1990	175	26006.4	12	16.4	1.3749	5.1	2.6
468	1990	176	8726.4	13.3	16.7	1.5839	6.1	0
468	1990	177	17712	14.8	19.1	1.7359	4.2	0
468	1990	178	12787.2	15.2	18.1	1.7599	4.4	2.4
468	1990	179	18662.4	14.3	16.8	1.5879	5.5	0
468	1990	180	24451.2	13.3	18.2	1.2688	4	0.5
468	1990	181	16848	15.4	19.2	1.755	7.8	2.3
468	1990	182	19008	13.1	18.1	1.3983	7.8	8.3
468	1990	183	19872	11.8	15.2	1.1283	11.1	7.8
468	1990	184	27129.6	10.9	15.2	1.0057	4.2	0
468	1990	185	22723.2	12.1	17.6	1.1976	5.9	0
468	1990	186	12873.6	13	16.4	1.2863	10.5	6.8
468	1990	187	9072	13.2	15.2	1.3587	15.3	5.5
468	1990	188	12355.2	11.7	15.7	1.2684	8.7	0.6
468	1990	189	6134.4	14.3	17	1.6336	8.4	0.7
468	1990	190	10886.4	13	16.4	1.3197	10.3	2.6
468	1990	191	21513.6	11.2	16.2	1.2058	10.8	0.2
468	1990	192	21600	13.3	16.8	1.3669	10.4	0
468	1990	193	27216	13.8	16.8	1.3196	5.4	0
468	1990	194	24796.8	12	16.5	1.1035	8.2	0
468	1990	195	26784	12.9	17	1.2902	5.4	0
468	1990	196	26697.6	14.8	18.3	1.2223	2.8	0
468	1990	197	17884.8	14	18.3	1.4299	5.5	0
468	1990	198	8985.6	13.9	17.4	1.456	10.3	0
468	1990	199	5443.2	13.7	15.7	1.3197	10.4	0
468	1990	200	17712	13.6	16.4	1.3795	7.6	0
468	1990	201	24883.2	15.1	19.4	1.6315	6.5	0
468	1990	202	19440	14.6	17.8	1.3609	8.4	0
468	1990	203	25488	13.9	17.6	1.1616	10.2	0
468	1990	204	23328	13.2	16.8	1.2092	10.8	0.4
468	1990	205	9331.2	14	16.6	1.2675	7.8	0
468	1990	206	15120	13.9	18.5	1.5632	5.8	0
468	1990	207	25488	15	19.8	1.5478	3.4	0
468	1990	208	25833.6	16.7	20.5	1.6475	7.3	0
468	1990	209	18835.2	17.6	22.5	1.8029	7.1	2.3
468	1990	210	22032	16.4	19.7	1.7571	3.8	0
468	1990	211	25228.8	16.4	22.2	1.7881	3.2	0
468	1990	212	22896	17.7	22	1.9195	2.8	0
468	1990	213	25747.2	16.7	20.6	1.6527	3.4	0
468	1990	214	25401.6	17.2	22.8	1.6106	4.4	0
468	1990	215	25747.2	19.2	25.5	1.9408	6.2	0
468	1990	216	22723.2	19.5	24.8	2.0772	4.9	0
468	1990	217	16588.8	16.2	20	1.4723	7.7	2.8
468	1990	218	18316.8	13.2	17.7	1.2797	8	6.2
468	1990	219	20649.6	13.5	18.2	1.133	6.6	4
468	1990	220	4838.4	14.6	16.9	1.3403	8.5	2.1
468	1990	221	5616	16	17.9	1.678	6.2	4.5
468	1990	222	19526.4	16.4	18.3	1.6023	7.7	0
468	1990	223	14083.2	16.3	20.7	1.8286	4.8	0
468	1990	224	19958.4	16.8	21.4	1.8322	2.7	0
468	1990	225	19699.2	17.8	22	2.0414	3.8	0.2
468	1990	226	21254.4	17.5	22.1	1.8444	4.8	0
468	1990	227	13996.8	17.5	20.7	1.7439	7.2	4.6
468	1990	228	16761.6	17.3	19.8	1.5997	11.2	1.1
468	1990	229	12355.2	13.5	17.7	1.3806	12.2	25.2
468	1990	230	14601.6	11.6	17.4	1.3028	6.9	6.7
468	1990	231	16848	14.3	18.2	1.439	7.3	13.7
468	1990	232	9763.2	13.2	17	1.5427	17.1	34.9
468	1990	233	13824	13.8	17.6	1.5141	14.2	0.9
468	1990	234	10195.2	15.3	17.6	1.5696	7.9	0.1
468	1990	235	19958.4	14.6	17.2	1.3171	6.7	0
468	1990	236	18921.6	13.7	18.7	1.3057	3.3	0
468	1990	237	18748.8	16.3	20.4	1.643	4.4	0
468	1990	238	17366.4	15.6	18.7	1.465	3.8	0
468	1990	239	19180.8	15.7	20	1.4902	3.5	0
468	1990	240	17107.2	18.3	22.2	1.8016	4.7	0
468	1990	241	19785.6	18.5	22.3	1.8901	5.1	0
468	1990	242	10972.8	16.8	21	1.7659	6.4	0
468	1990	243	10800	13.9	18.3	1.2061	2.6	7
468	1990	244	6480	13.9	18.1	1.5252	3.4	0.2
468	1990	245	4838.4	14.7	18.2	1.5696	4.7	1.1
468	1990	246	3801.6	15.6	17.4	1.687	4.7	6.5
468	1990	247	8467.2	13.6	17.1	1.3412	7	10.8
468	1990	248	14774.4	12.8	16.8	1.1601	8	0.6
468	1990	249	6912	14	16.7	1.289	8.8	27.3
468	1990	250	6739.2	11.9	15.5	1.2527	6.7	4.7
468	1990	251	11404.8	13.7	17.2	1.2271	10.7	0.9
468	1990	252	10022.4	12.3	16	1.3543	11.6	6.7
468	1990	253	12787.2	13	16.7	1.3326	10.2	10.4
468	1990	254	15206.4	15	17.1	1.4572	5.4	0
468	1990	255	6048	14	17	1.3542	6.5	0.3
468	1990	256	6307.2	13.9	16.4	1.1522	6.7	0.1
468	1990	257	11318.4	14.4	16.6	1.1959	7.1	0.1
468	1990	258	3888	13.1	14.9	1.0538	9.9	0
468	1990	259	16502.4	12.7	16.3	1.0555	3.8	0
468	1990	260	4579.2	11.4	15.1	1.1253	7.1	12.6
468	1990	261	11750.4	11.4	15.6	1.1438	10.5	3.8
468	1990	262	6220.8	11.6	16.2	1.1898	14.6	10.6
468	1990	263	5616	9.3	13.3	0.9499	14.1	34.7
468	1990	264	10281.6	7.9	13	0.9483	19.8	4
468	1990	265	4147.2	10.7	13.2	1.0753	9.2	3.9
468	1990	266	8380.8	10.5	15	1.2069	6.9	8.8
468	1990	267	5529.6	9.3	13.7	1.193	11.4	17.7
468	1990	268	8121.6	10	12.5	1.0268	10.1	4.2
468	1990	269	9331.2	10.6	14	0.9718	4.7	2.2
468	1990	270	4752	10.6	12.9	0.9786	6.7	1.9
468	1990	271	2678.4	10.6	14.6	1.2389	11.7	0.1
468	1990	272	6739.2	13.7	15.7	1.4033	9.4	1.4
468	1990	273	2592	12.4	15.9	1.5317	7.3	2.8
468	1990	274	11232	12.7	15.9	1.2047	8	0
468	1990	275	4406.4	12.7	15.8	1.3306	7.5	0
468	1990	276	8208	13.1	16.4	1.4413	9	4.2
468	1990	277	8726.4	11.6	14.4	1.0473	10.4	0.7
468	1990	278	2332.8	11.1	15.7	1.3667	14	5.4
468	1990	279	2851.2	15	15.9	1.5076	14	0.5
468	1990	280	7516.8	9	15	1.0509	16.9	3.4
468	1990	281	3628.8	8.8	12.5	0.8329	10.3	1.1
468	1990	282	6048	11.2	13.4	1.1718	14.3	0
468	1990	283	3888	12.8	14.6	1.3623	9.8	7
468	1990	284	2419.2	12.1	14.8	1.3866	9.6	0
468	1990	285	10368	12.4	15.1	1.3196	7.6	0
468	1990	286	8380.8	12.7	14.9	1.3397	8	0
468	1990	287	7862.4	13.5	16.3	1.5399	3.8	0
468	1990	288	6048	13.8	16.6	1.5181	7.7	0
468	1990	289	6998.4	13.9	16.5	1.4664	6.2	0
468	1990	290	1900.8	12.7	13.9	1.3731	8.1	1.3
468	1990	291	1900.8	12.8	13.8	1.4647	6.1	0
468	1990	292	8121.6	12.5	15	1.4925	3.5	0
468	1990	293	1814.4	10.6	13.1	1.1931	10	0
468	1990	294	8812.8	8.5	10.6	0.7619	13	0
468	1990	295	8726.4	7.4	9.6	0.7542	15.1	0
468	1990	296	8553.6	7	12	0.7119	15.3	0
468	1990	297	8035.2	6.1	9.9	0.7398	11.7	0
468	1990	298	7603.2	7.9	11	0.9342	8.7	0
468	1990	299	6307.2	8.2	11.2	0.9861	12.2	0.4
468	1990	300	6566.4	9.3	12.3	1.0483	11.5	0.1
468	1990	301	3110.4	10.3	12.2	1.1868	16.3	21.5
468	1990	302	3196.8	7.8	11.2	0.9848	10.4	7.6
468	1990	303	5011.2	7.2	11	0.9471	11.6	2.4
468	1990	304	4665.6	8.1	11	0.9881	14	14.2
468	1990	305	2505.6	8.3	11.8	0.9726	11.5	5.2
468	1990	306	3628.8	7.9	11	0.946	7.5	9.9
468	1990	307	3628.8	5.9	10.2	0.7638	7.8	3.9
468	1990	308	3110.4	6.6	7.7	0.7183	9.9	0
468	1990	309	5788.8	6.1	7.3	0.6671	7	0.3
468	1990	310	1555.2	5.1	10.4	0.8222	5.8	0.1
468	1990	311	1209.6	8.7	10.9	0.8475	6.9	0
468	1990	312	3974.4	6.8	10.7	1.004	3.9	0
468	1990	313	2505.6	5.5	7.9	0.9221	7	0
468	1990	314	1382.4	4.5	7.6	0.8536	6.8	1.6
468	1990	315	1123.2	7.4	10.7	1.1051	3.5	0.2
468	1990	316	1728	9.2	11.6	1.1972	3.1	1
468	1990	317	1296	8.5	11.1	1.1259	9.7	4.4
468	1990	318	1382.4	10.6	11.2	1.2247	8.7	10
468	1990	319	2937.6	10.5	11.6	1.158	5.9	0.7
468	1990	320	1036.8	10.2	12.7	1.2566	13.1	14.2
468	1990	321	1036.8	8.9	12.5	0.9514	11.2	1.2
468	1990	322	1728	6.7	10.1	0.8593	13.3	15.8
468	1990	323	950.4	5.5	9.1	0.8279	10	18.2
468	1990	324	950.4	4.8	8	0.8456	10.3	8.8
468	1990	325	1296	5.1	6.1	0.7547	6.4	0
468	1990	326	4406.4	3.7	6.4	0.7526	4.4	0
468	1990	327	1900.8	2.8	5.7	0.7034	9.3	7.6
468	1990	328	2505.6	2.6	6.1	0.6917	13.1	0.1
468	1990	329	3801.6	4.4	6.5	0.7109	13.6	2.5
468	1990	330	864	4.3	7.3	0.8205	11.4	12.2
468	1990	331	864	2.1	4.5	0.6192	5.5	0
468	1990	332	3801.6	3.4	6.2	0.6364	4.2	0.2
468	1990	333	2937.6	6.2	9.4	0.8778	9.6	1.9
468	1990	334	3628.8	3.2	6.9	0.4551	7.6	0.2
468	1990	335	1555.2	4	8.6	0.7635	5.9	0.8
468	1990	336	1209.6	7.5	9.1	0.8754	6.8	0.3
468	1990	337	777.6	8.7	9.7	0.9884	10.3	1.2
468	1990	338	2160	2.9	9.2	0.6003	13	1.1
468	1990	339	3715.2	5	7.1	0.5347	4.9	0
468	1990	340	1382.4	5.2	8.6	0.7956	9.3	0
468	1990	341	864	3.7	7.6	0.7299	13.2	0
468	1990	342	864	2	4.1	0.5323	10.7	0
468	1990	343	864	0.7	3.6	0.5635	12.5	0
468	1990	344	691.2	1.5	4.8	0.605	17.6	0
468	1990	345	691.2	3.5	5.5	0.6064	9.1	5.6
468	1990	346	691.2	4.4	7.3	0.7956	14.7	2.2
468	1990	347	950.4	2.4	5.7	0.6528	11.7	0
468	1990	348	864	1	6.8	0.6298	5.6	0.1
468	1990	349	691.2	3	7.1	0.7614	7.9	0
468	1990	350	1728	1.4	4.1	0.6476	4.6	0
468	1990	351	691.2	1	3.2	0.5402	5.3	0
468	1990	352	691.2	-0.4	1.1	0.5202	9.4	0
468	1990	353	691.2	-0.2	4.4	0.5757	5.3	1
468	1990	354	691.2	2.7	6.2	0.7385	11.2	6.6
468	1990	355	2764.8	5.2	7.8	0.6579	7.2	0
468	1990	356	691.2	4.1	8.1	0.8471	9.2	0.2
468	1990	357	691.2	6.7	8.1	0.9057	9.3	0
468	1990	358	691.2	5.5	6.8	0.8595	8.3	0.1
468	1990	359	691.2	4.8	6.4	0.791	13.8	1
468	1990	360	1209.6	3.8	6.2	0.7762	17	15.6
468	1990	361	1728	4.3	8.1	0.7108	15	5.6
468	1990	362	3196.8	2.9	6.6	0.7027	15.1	5.5
468	1990	363	1296	4.1	8.4	0.8369	12.7	4.3
468	1990	364	2678.4	4.5	6.8	0.7482	12.2	0.3
468	1990	365	691.2	4.3	7	0.8394	10.5	1.6
