*---------------------------------------------------------------------------*
* Station name: HELGOLAND                               
* Year: 2001
* Author: Pedro Alencar                                   -999.000: NIL VALUE
* Source: ECAD 
* Comments: 
* Longitude: 54.1764, latitude: 54.1764, altitude: 4 m.
*
* Column  Daily value
* 1       station number
* 2       year
* 3       day
* 4       irradiation                   (kJ m-2 d-1)
* 5       minimum temperature           (degrees Celsius)
* 6       maximum temperature           (degrees Celsius)
* 7       early morning vapour pressure (kPa)
* 8       mean wind speed (height: 2 m) (m s-1)
* 9       precipitation                 (mm d-1)
*
** WCCDESCRIPTION=GERMANY, HELGOLAND                               
** WCCFORMAT=2
** WCCYEARNR=2001
*---------------------------------------------------------------------------*
   54.1764  7.8931    4.  -0.18 -0.55
468	2001	1	777.6	0.8	5.5	0.651	15.7	4.8
468	2001	2	1814.4	5.2	7.4	0.8398	10.9	0.7
468	2001	3	2592	5.4	8.2	0.8494	10.8	2.8
468	2001	4	777.6	4.5	6.9	0.8148	13.1	2.3
468	2001	5	777.6	5.8	7.6	0.9025	12.9	7.5
468	2001	6	2505.6	5.9	7.1	0.8224	11.5	0.1
468	2001	7	950.4	5.5	6.5	0.8226	13.1	0
468	2001	8	777.6	4.3	6.4	0.7864	11.3	2.2
468	2001	9	1814.4	5.2	7.1	0.7745	7.7	3.2
468	2001	10	1036.8	2.8	6.3	0.6845	4.9	0
468	2001	11	3888	1.4	6.4	0.5652	5.6	0
468	2001	12	2246.4	0.1	6.4	0.6864	4.5	0
468	2001	13	1987.2	-0.4	4.7	0.6634	2.5	0
468	2001	14	864	0.9	5.7	0.6347	7	0
468	2001	15	1036.8	-0.9	1.2	0.5436	9.3	0
468	2001	16	2246.4	-1.3	0.9	0.5239	10	0
468	2001	17	3715.2	-1.3	0.1	0.462	10.3	0
468	2001	18	1382.4	-1.4	1.6	0.5231	8.8	1.3
468	2001	19	950.4	-0.3	1.6	0.5764	7.5	0.9
468	2001	20	950.4	-0.5	1.2	0.5452	8	0.2
468	2001	21	950.4	0.1	1.2	0.5764	7.9	0
468	2001	22	1036.8	-0.2	1.9	0.5653	15.5	2.6
468	2001	23	1036.8	1.6	5.9	0.743	12.1	5.7
468	2001	24	3196.8	5.2	8.9	0.8742	13.1	0.6
468	2001	25	1382.4	4.6	6.3	0.8098	9.5	2
468	2001	26	1468.8	3.9	5.9	0.7794	10.1	1.1
468	2001	27	1123.2	3.4	5.1	0.7034	6.8	0
468	2001	28	1123.2	2.5	3.8	0.6663	5	0
468	2001	29	1123.2	2.8	4.5	0.6823	4.2	2.5
468	2001	30	2678.4	2.4	6.2	0.7806	3.3	0
468	2001	31	2592	2.6	4.8	0.6767	4.8	0.4
468	2001	32	4752	0.4	4.7	0.5871	7.4	0
468	2001	33	1209.6	-3.2	1	0.4511	9.6	0
468	2001	34	1296	-3.6	-1.4	0.3814	13	0
468	2001	35	1296	-3.3	-1.3	0.4594	14.5	7.4
468	2001	36	1296	-3.5	5.2	0.6433	11.6	7.1
468	2001	37	1382.4	4.3	8.3	0.9257	10.2	10.9
468	2001	38	4147.2	5.9	8.1	0.9213	9.7	10.7
468	2001	39	1382.4	2.6	7.9	0.843	8.3	8.2
468	2001	40	5961.6	1.8	4.3	0.5779	6.6	0
468	2001	41	2764.8	-0.1	3.7	0.6261	7.5	0.8
468	2001	42	1468.8	3.5	8.1	0.8943	13.4	1.4
468	2001	43	1555.2	4.8	8.3	0.9418	8.7	4.3
468	2001	44	7516.8	4.7	6.6	0.8759	7	0
468	2001	45	3456	2	5.3	0.7775	5.2	0
468	2001	46	1641.6	0.2	3.3	0.6793	4.8	0
468	2001	47	1641.6	1.5	4.5	0.7426	4.5	0
468	2001	48	1728	1.9	4.3	0.7021	5.6	0
468	2001	49	6912	4	7.2	0.791	9.1	0
468	2001	50	1814.4	4.3	5.9	0.7816	9.6	0.1
468	2001	51	1814.4	4.8	5.8	0.8282	10.1	0.2
468	2001	52	5529.6	4.6	6.3	0.7918	11.9	1.7
468	2001	53	5443.2	2	5.6	0.6575	13.4	2.5
468	2001	54	6912	-2.3	3.8	0.4451	7.9	0
468	2001	55	3369.6	-3.2	3.3	0.4783	7.4	0.6
468	2001	56	5702.4	0.3	3.6	0.6188	7.6	1.1
468	2001	57	6652.8	-1.4	3.7	0.5777	4.9	0
468	2001	58	8294.4	0.9	3.4	0.5421	9	0
468	2001	59	2073.6	0.1	2.9	0.6264	9	0
468	2001	60	2160	0.5	2.1	0.6108	10.3	0
468	2001	61	3283.2	-1.9	0.7	0.4387	7.3	0
468	2001	62	4320	-2.9	0.1	0.3861	6.3	0
468	2001	63	8899.2	-0.7	2.3	0.5244	9.9	0
468	2001	64	11318.4	0	3.4	0.5249	4.7	0
468	2001	65	11836.8	1.6	4.1	0.5998	8.2	0
468	2001	66	2419.2	1	4.6	0.6425	12	0.1
468	2001	67	2419.2	4.3	6.2	0.8785	6.6	2.6
468	2001	68	4924.8	5.3	7.7	0.9289	7.4	0.2
468	2001	69	2505.6	5.4	6.9	0.9445	6.1	0.8
468	2001	70	2592	5.2	6.9	0.9286	6.1	7.7
468	2001	71	8380.8	4.2	8.3	0.894	9.6	0.2
468	2001	72	5270.4	3.7	5.6	0.8085	9.1	6
468	2001	73	7603.2	4.1	5.9	0.8023	7.7	0.4
468	2001	74	8467.2	3.1	6	0.8198	5.3	0.5
468	2001	75	9072	3.1	6.4	0.6856	4.4	0
468	2001	76	6912	2	4.3	0.605	10.9	0.1
468	2001	77	2851.2	0.9	3.2	0.6799	15.3	11.8
468	2001	78	2937.6	-2.3	1.6	0.548	13.8	1.2
468	2001	79	9936	-2	1.4	0.4424	4.7	0
468	2001	80	13996.8	-0.8	1.1	0.4756	10.7	0.1
468	2001	81	3024	-0.4	1.7	0.5828	12.2	0
468	2001	82	3110.4	1.1	2.9	0.6634	13.4	0.3
468	2001	83	3110.4	1.5	3	0.6178	10.8	0
468	2001	84	4838.4	1.4	3	0.5512	14.8	0
468	2001	85	13996.8	1.4	3.8	0.5156	11.8	0
468	2001	86	15724.8	-0.7	2.8	0.4549	13.7	0
468	2001	87	6134.4	-0.5	4.3	0.5605	17.7	3
468	2001	88	3369.6	2.3	5.8	0.7915	10.2	3.1
468	2001	89	4060.8	3.5	6.1	0.8428	4.9	0.2
468	2001	90	8294.4	4	8.3	0.8878	8	1.3
468	2001	91	8985.6	4.4	7.8	0.9318	6.3	0
468	2001	92	14256	5.1	10.8	0.983	6.7	0
468	2001	93	10281.6	5.2	9.2	0.9238	8.1	0
468	2001	94	8726.4	4.9	9.4	0.9308	10.8	4.6
468	2001	95	13478.4	4.6	7.2	0.8541	9.4	4.8
468	2001	96	4147.2	5.1	7.4	0.9225	8.7	1.7
468	2001	97	13305.6	4.8	7.8	0.9162	6.3	0.4
468	2001	98	11577.6	4.5	7.4	0.9036	5.8	0.2
468	2001	99	15724.8	4.2	8.4	0.8589	5.5	0.6
468	2001	100	3888	5.7	7.8	0.9351	7.5	0.9
468	2001	101	12960	4.6	7.8	0.8151	8.9	0.2
468	2001	102	15638.4	2.1	6	0.5794	11.8	0.2
468	2001	103	18748.8	2.5	4.5	0.4318	10.2	0
468	2001	104	5356.8	0.8	4	0.472	7.3	5.3
468	2001	105	4579.2	1.6	6.5	0.7997	8	2.2
468	2001	106	4147.2	4	5.7	0.8026	8.2	0.4
468	2001	107	6566.4	3.7	6.4	0.7701	8.8	16.1
468	2001	108	12700.8	0	7.1	0.6775	9.1	5.2
468	2001	109	18057.6	2	6.3	0.6738	5.5	2
468	2001	110	12528	3.1	6.7	0.7448	4.7	0.7
468	2001	111	20390.4	4.4	7.7	0.7973	7	0
468	2001	112	20822.4	4.8	8.8	0.8692	4.1	0
468	2001	113	22377.6	5	9.4	0.8832	5.5	0
468	2001	114	17971.2	5.4	11	0.902	6.6	0.4
468	2001	115	4492.8	6.1	9.5	1.0153	4.2	1.9
468	2001	116	7776	6.4	9.4	1.0436	5.8	2.5
468	2001	117	14083.2	6.5	10.3	1.0356	3.5	0.3
468	2001	118	12614.4	6.5	9.2	1.0188	6.2	4.9
468	2001	119	19612.8	7	11.7	1.0337	5.9	0.1
468	2001	120	15465.6	6.5	15.1	1.2036	4.8	0.2
468	2001	121	11404.8	6.3	8.8	0.9774	7.8	0
468	2001	122	21513.6	6.5	10.5	0.9871	6.3	0
468	2001	123	19699.2	7.7	12.1	1.0725	8.6	0.7
468	2001	124	12614.4	6.6	10.4	0.965	9.9	0
468	2001	125	18576	5.9	9.1	0.7979	9.2	0
468	2001	126	25228.8	7.6	10.5	0.9324	8.2	0
468	2001	127	18144	7.8	10.7	0.9684	7.2	0
468	2001	128	10886.4	7.7	12.3	1.0307	4.9	0
468	2001	129	25833.6	8.9	16	0.9814	8.2	0
468	2001	130	25488	9.7	19.2	1.2	6.8	0
468	2001	131	25920	10.8	16.3	1.163	4.4	0
468	2001	132	26092.8	10.1	16.4	1.1101	2.6	0
468	2001	133	23846.4	10.2	15.1	1.1698	3.9	0
468	2001	134	17280	7.9	11.7	1.0775	6.6	0
468	2001	135	12009.6	9.7	13.4	1.2106	5.5	0.2
468	2001	136	9158.4	9.8	13.2	1.2201	7	7.1
468	2001	137	17625.6	8.8	13.9	1.1007	7.4	5.9
468	2001	138	15897.6	6.6	11.5	0.8979	10.7	0
468	2001	139	22723.2	9.1	11.1	0.9758	8.6	0
468	2001	140	22291.2	8.6	12	1.0015	5.5	0
468	2001	141	23414.4	9.1	11.9	0.9895	6.2	0
468	2001	142	26697.6	9.2	12.7	0.9935	5.5	0
468	2001	143	27216	10.6	14.9	1.1186	3.8	0
468	2001	144	22809.6	9.4	14.1	1.0199	6.7	0
468	2001	145	26956.8	9.1	13.5	1.0034	6.3	0
468	2001	146	17539.2	9.6	16.6	1.0993	2.7	0
468	2001	147	8899.2	12	14.8	1.3207	6.1	5.1
468	2001	148	5529.6	12	13.7	1.3926	7.5	0.7
468	2001	149	26352	11.5	14.1	1.3143	11.4	0
468	2001	150	24537.6	11.1	14.5	1.3438	5.1	6
468	2001	151	14860.8	10.8	13.9	1.3191	6.4	8.4
468	2001	152	16070.4	9.9	13.6	1.2404	8.6	2.1
468	2001	153	7084.8	8.8	12.7	1.148	9.5	3.9
468	2001	154	7603.2	9.1	10.6	0.9839	14.7	0
468	2001	155	5616	9.1	11.2	1.1154	9.8	0.7
468	2001	156	19785.6	10.9	15.1	1.3465	4.9	0
468	2001	157	16588.8	11.8	17.1	1.3973	3.6	2
468	2001	158	17625.6	9.3	14	1.1227	12.6	2
468	2001	159	25228.8	8.5	12.9	0.9385	6.1	0.5
468	2001	160	26179.2	8.5	12.2	0.829	3.4	0
468	2001	161	24710.4	10.9	14.7	0.9155	4.6	0
468	2001	162	18921.6	10.3	12.8	1.0201	7.6	0.3
468	2001	163	23068.8	9.9	13.2	0.9793	9.3	0
468	2001	164	23414.4	9.9	13.6	0.827	3.1	0
468	2001	165	27561.6	10	14.4	0.9938	3.9	0
468	2001	166	12009.6	11.3	16	1.3267	6.5	5.1
468	2001	167	17712	13.4	17.7	1.5879	3.6	1.5
468	2001	168	6652.8	12.9	15.3	1.4785	7.5	8.3
468	2001	169	16934.4	12.2	14.5	1.2705	9.1	0
468	2001	170	15292.8	11.6	14	1.1223	6.7	0
468	2001	171	11318.4	12.7	17.3	1.3795	6.5	0
468	2001	172	23673.6	11.5	14.9	1.2733	7.9	6.7
468	2001	173	22291.2	10.6	15.8	1.2884	10.3	0.3
468	2001	174	9158.4	11.2	13.6	1.2515	8.4	0
468	2001	175	22636.8	10.9	14.9	1.1594	4.1	0
468	2001	176	23414.4	12.1	16.2	1.2576	4.7	0
468	2001	177	27388.8	13.2	17.7	1.455	3.7	0
468	2001	178	14083.2	16	21	1.7648	7.8	0
468	2001	179	24796.8	15.3	18.3	1.6621	5.7	0.2
468	2001	180	25920	15.5	19.4	1.7319	5.2	0
468	2001	181	8467.2	15.2	18.5	1.7824	6.9	3.7
468	2001	182	24537.6	14.5	17.1	1.488	8.5	0
468	2001	183	26784	14.2	18.1	1.4849	5.9	0
468	2001	184	18921.6	15.1	19	1.7469	4.1	0
468	2001	185	28944	17.2	22.4	1.8213	8.3	0
468	2001	186	28598.4	18	24.4	2.0104	6.9	0
468	2001	187	26870.4	19	24	2.0989	7.7	0
468	2001	188	18057.6	18.7	22.2	2.0159	6.9	0.4
468	2001	189	10713.6	16.4	19.8	1.8871	6.1	0
468	2001	190	15465.6	15.8	18.4	1.7135	9.4	0
468	2001	191	14428.8	15.7	19.8	1.7649	6.5	13.3
468	2001	192	14860.8	12.5	16.9	1.3866	12.3	21.9
468	2001	193	22204.8	12.1	17.3	1.2863	10.9	18.2
468	2001	194	15984	13.1	17.1	1.4741	9.1	9.9
468	2001	195	17539.2	14.4	17.9	1.5766	5.1	5.7
468	2001	196	24710.4	14.2	17.7	1.4118	6.3	0
468	2001	197	23068.8	13.7	16.8	1.2807	2.7	0.6
468	2001	198	24019.2	14	17.8	1.3532	5.3	0.1
468	2001	199	18144	14.6	18.6	1.5469	8.9	22.7
468	2001	200	16502.4	15.6	19.7	1.6732	6.9	9.8
468	2001	201	22032	15.1	18.8	1.6587	6.1	0
468	2001	202	15897.6	14.8	18.7	1.5236	7.1	0.6
468	2001	203	21427.2	15.9	19.6	1.8055	5.2	0
468	2001	204	15206.4	15.5	19	1.7298	3.2	1.4
468	2001	205	24364.8	16.5	20.5	1.935	4	0
468	2001	206	24710.4	16.3	19.6	1.8078	4.4	0
468	2001	207	26611.2	16.6	20.4	1.7861	4.4	0
468	2001	208	25228.8	18	23.1	1.9801	4	4.6
468	2001	209	22723.2	17.4	21.4	1.9341	3.4	0
468	2001	210	24105.6	17	20.7	1.8473	4.1	0
468	2001	211	21686.4	16.7	20	1.6852	7.1	0.1
468	2001	212	5097.6	14.3	16.9	1.4691	5.1	5.8
468	2001	213	22377.6	14.8	18.6	1.253	5.2	0
468	2001	214	21600	14.4	21.3	1.4086	8.4	2.9
468	2001	215	8553.6	16.8	20.2	1.8712	10.8	0
468	2001	216	16761.6	16.1	18.5	1.6761	7.9	0.3
468	2001	217	14342.4	14.2	17.5	1.4208	8.9	3.8
468	2001	218	14256	15.4	19	1.6656	6.4	18.7
468	2001	219	19008	14.6	18.5	1.4855	5.7	9.7
468	2001	220	13564.8	15	18.8	1.6535	13.1	7.4
468	2001	221	20736	15.1	17.9	1.3309	9.4	5.5
468	2001	222	13219.2	13.2	17.1	1.3069	6.8	5.6
468	2001	223	19008	12.6	18	1.2154	8.8	1.3
468	2001	224	4665.6	16	17.4	1.8035	12.5	15.7
468	2001	225	4665.6	16.6	18.5	1.9031	8.9	0.3
468	2001	226	17366.4	18	21.1	2.1111	5.4	0
468	2001	227	21081.6	18.2	24.6	2.2641	5.5	0
468	2001	228	13737.6	17.2	21.4	1.9445	9.3	0.8
468	2001	229	21859.2	16.5	19.8	1.7058	6.1	0
468	2001	230	19094.4	17.5	21.4	1.7597	8.1	0
468	2001	231	13132.8	17.9	21.1	1.9688	7.4	0.5
468	2001	232	14860.8	16.7	20.5	1.8187	6	0
468	2001	233	22118.4	15.9	19.8	1.5515	3.1	0
468	2001	234	20476.8	18.3	22.2	1.9675	5.3	0
468	2001	235	10540.8	18.7	21.9	1.9974	6.5	0
468	2001	236	15033.6	19	22.1	2.1733	4.5	0
468	2001	237	19785.6	19.4	23.7	2.208	5	0
468	2001	238	11750.4	18.1	23	2.125	6.6	11.9
468	2001	239	15724.8	14.6	18.2	1.3411	11.2	1.2
468	2001	240	11059.2	14.1	16.8	1.2096	12.3	0
468	2001	241	16848	14.7	18.1	1.3224	5.7	0
468	2001	242	14256	16.4	19.9	1.5186	8.7	1.2
468	2001	243	10886.4	16	19.3	1.653	5.4	2.3
468	2001	244	11664	15.3	18.7	1.4318	8.9	0.3
468	2001	245	5616	15.4	18.6	1.5479	10.2	0.3
468	2001	246	3801.6	13.6	17.2	1.3805	5.9	6.8
468	2001	247	13564.8	14.5	17.3	1.3532	5.8	2
468	2001	248	8726.4	14.6	17.3	1.3575	8.1	4.7
468	2001	249	7948.8	13.8	16.7	1.3153	6.7	2.6
468	2001	250	9504	12.7	16.5	1.3113	10.1	27.2
468	2001	251	10281.6	10.4	16.8	1.1357	14.9	8.3
468	2001	252	6566.4	10.7	16	1.1786	15.4	5.4
468	2001	253	5011.2	12.9	16.5	1.3699	14.5	32.3
468	2001	254	5270.4	11.7	14.9	1.3121	9	16.6
468	2001	255	12268.8	12.5	16.5	1.2863	7.6	7
468	2001	256	11836.8	13.3	15.9	1.2615	10	0.4
468	2001	257	9072	12.4	16	1.2131	8.4	0.6
468	2001	258	8208	10.8	15.6	1.2278	10.7	41.2
468	2001	259	10368	10.8	15.1	1.1483	3.8	2
468	2001	260	4406.4	12.6	15.4	1.3412	5.6	13.9
468	2001	261	5356.8	11.7	13.9	1.2847	5.3	26.3
468	2001	262	4838.4	11.8	15.7	1.2882	14.1	1.9
468	2001	263	3024	12.2	14.4	1.3121	13.3	3.1
468	2001	264	4320	12.3	14.6	1.3712	8.8	17.6
468	2001	265	5356.8	12.7	14.4	1.3336	4	0
468	2001	266	9504	12.8	14.9	1.344	7.3	1.4
468	2001	267	8553.6	11.9	14.8	1.347	12.6	0.5
468	2001	268	7344	11.7	14.7	1.3036	8.7	1.9
468	2001	269	4924.8	12.8	14.5	1.3735	4.9	0
468	2001	270	5356.8	12.1	15.5	1.387	3.9	8.8
468	2001	271	3456	12.2	15.5	1.4547	4.6	0
468	2001	272	11664	14.7	17.1	1.6418	7.2	4.7
468	2001	273	7689.6	15.1	16.6	1.6546	6.6	1.7
468	2001	274	7603.2	15.1	17.1	1.5715	13	2.3
468	2001	275	2505.6	13.2	16.3	1.5251	10.5	8.7
468	2001	276	8985.6	14.8	16.2	1.5124	12.2	4.7
468	2001	277	8121.6	13.6	16	1.446	11.7	9.8
468	2001	278	9504	13.1	16.5	1.4628	8.3	0
468	2001	279	8899.2	13.4	16.5	1.5109	8.7	9.9
468	2001	280	6393.6	14.6	16.2	1.5552	9.5	0.1
468	2001	281	7344	14	16.1	1.3498	14.2	0
468	2001	282	4752	13.5	15.6	1.3732	15.3	12.1
468	2001	283	4492.8	12.9	15.2	1.3456	13.7	3.8
468	2001	284	6739.2	13.3	16.1	1.42	7.9	0
468	2001	285	9331.2	15	16.4	1.5854	8.2	0
468	2001	286	7257.6	14.2	16.5	1.5677	4.4	0
468	2001	287	7776	15.2	18	1.6978	4.4	0
468	2001	288	6998.4	15.2	16.8	1.6342	5.5	0
468	2001	289	7862.4	12.9	16.2	1.3567	5	0
468	2001	290	7516.8	12.6	14.5	1.3336	8.5	0
468	2001	291	3715.2	13	15.2	1.4142	12.9	0
468	2001	292	1814.4	12.2	14.9	1.3956	9	0.1
468	2001	293	6393.6	12.4	13.9	1.3144	12.7	0
468	2001	294	1728	10.7	12.5	1.2282	10.8	0.1
468	2001	295	1987.2	12.3	14	1.4051	7.4	0.9
468	2001	296	1728	11.1	12.8	1.2988	12.8	2.9
468	2001	297	1641.6	11.2	13.4	1.3719	11.2	0.1
468	2001	298	1641.6	11.8	13.7	1.3247	7.6	0
468	2001	299	3024	12.2	14.8	1.3602	11.7	1.1
468	2001	300	4665.6	12.8	14.7	1.3511	11.8	3
468	2001	301	5184	11.9	14.2	1.0957	12.7	0.1
468	2001	302	1468.8	11.6	14.6	1.2198	13.8	3.8
468	2001	303	6393.6	14.5	16.5	1.4421	15.1	0
468	2001	304	3456	9.1	15.1	1.1001	15.5	4.2
468	2001	305	4320	9.5	12.9	0.8905	13.5	0
468	2001	306	2332.8	12.4	13.9	1.1633	7.9	0
468	2001	307	1382.4	11.4	13.5	1.1546	8	1.8
468	2001	308	2851.2	9.9	12.6	1.0001	9.9	1.7
468	2001	309	3110.4	6.3	10.4	0.7466	11.3	12.5
468	2001	310	3456	8.6	12.7	0.9995	14	4.6
468	2001	311	1987.2	8.4	10.7	0.8215	8.9	5
468	2001	312	1209.6	2.9	10.1	0.6773	9.6	0.6
468	2001	313	5011.2	4.4	7.1	0.5329	10.8	1.1
468	2001	314	1382.4	3.8	8.8	0.773	9.5	0.3
468	2001	315	3024	7.9	12.2	1.0587	9.4	1.5
468	2001	316	1123.2	6.5	11.9	0.9651	9.3	2.7
468	2001	317	2764.8	4.2	7.9	0.6472	8.7	2.6
468	2001	318	5443.2	4.2	6.8	0.623	7.5	0
468	2001	319	2073.6	4.8	11.3	0.8821	10.9	0.1
468	2001	320	4579.2	9.3	10.8	1.0464	6.4	0.3
468	2001	321	1641.6	8.7	10.9	1.0896	5.8	0
468	2001	322	1728	9.1	10.5	1.0412	5.8	0
468	2001	323	2332.8	6.6	10.5	0.8792	6.1	0.3
468	2001	324	1296	6.6	10.8	0.9219	7.3	0.9
468	2001	325	950.4	9	11.4	1.1191	14.7	11.3
468	2001	326	1382.4	2.9	10.8	0.7136	14.5	2
468	2001	327	3456	4.8	6.9	0.5551	9.2	0.7
468	2001	328	864	5.8	8.9	0.9436	5.1	1.3
468	2001	329	864	8.6	10.3	1.1707	6.2	3.2
468	2001	330	2851.2	6.4	9.8	0.8096	6	0.1
468	2001	331	2764.8	5.5	7.9	0.7848	9.3	5
468	2001	332	2764.8	5.2	8.9	0.7436	8.1	2.9
468	2001	333	864	7.4	9.2	1.0286	9.5	2.2
468	2001	334	777.6	7.3	8.6	0.9937	14.3	1.3
468	2001	335	777.6	7.3	11.2	1.1434	13.3	6
468	2001	336	3456	5.6	10.5	0.9252	6.3	1
468	2001	337	777.6	4.6	6.9	0.8912	8.4	1.5
468	2001	338	777.6	4.9	10.4	1.005	13.3	10.2
468	2001	339	1987.2	6.3	10.2	0.916	10.7	6.3
468	2001	340	2592	5.5	7.4	0.781	8.1	0
468	2001	341	3801.6	4.2	7.4	0.6822	4.2	0
468	2001	342	1209.6	2.6	5.5	0.7181	6.1	0
468	2001	343	691.2	2.8	5.2	0.618	4.2	0
468	2001	344	691.2	5.1	9.3	0.9137	5.7	0
468	2001	345	2678.4	4.9	8.3	0.9353	3.9	0
468	2001	346	950.4	2.8	6	0.8028	6.7	0
468	2001	347	1036.8	-0.6	5.1	0.546	8.5	0
468	2001	348	2678.4	-1.4	5.6	0.5117	3.1	0.1
468	2001	349	1641.6	0.7	6.8	0.6791	7.1	0
468	2001	350	3542.4	1.1	7.6	0.65	5.6	0
468	2001	351	3628.8	4.5	6.8	0.7573	6.5	0
468	2001	352	1209.6	5.7	8.1	0.8454	7.6	0.6
468	2001	353	1209.6	1	8.1	0.6845	13.7	4.8
468	2001	354	1209.6	0.1	6.8	0.5241	11.8	14.4
468	2001	355	691.2	1.6	8.4	0.7238	13	7.2
468	2001	356	950.4	-2.1	1.8	0.4231	7.5	0
468	2001	357	1468.8	-3.2	4.9	0.4289	10.6	3.7
468	2001	358	691.2	2.5	8.2	0.84	12	6.3
468	2001	359	1555.2	3.4	8.3	0.7216	12.4	3.4
468	2001	360	1555.2	1.2	5.9	0.6381	9.8	2
468	2001	361	691.2	1.8	6.8	0.7059	11.7	9.8
468	2001	362	950.4	1.6	6.6	0.6879	12.9	8.3
468	2001	363	2160	-0.2	3.8	0.5565	7	6.2
468	2001	364	864	-2.7	0.3	0.4702	7.9	2.5
468	2001	365	3456	-2	4.2	0.5425	5.7	1.9
