*---------------------------------------------------------------------------*
* Station name: HELGOLAND                               
* Year: 2008
* Author: Pedro Alencar                                   -999.000: NIL VALUE
* Source: ECAD 
* Comments: 
* Longitude: 54.1764, latitude: 54.1764, altitude: 4 m.
*
* Column  Daily value
* 1       station number
* 2       year
* 3       day
* 4       irradiation                   (kJ m-2 d-1)
* 5       minimum temperature           (degrees Celsius)
* 6       maximum temperature           (degrees Celsius)
* 7       early morning vapour pressure (kPa)
* 8       mean wind speed (height: 2 m) (m s-1)
* 9       precipitation                 (mm d-1)
*
** WCCDESCRIPTION=GERMANY, HELGOLAND                               
** WCCFORMAT=2
** WCCYEARNR=2008
*---------------------------------------------------------------------------*
   54.1764  7.8931    4.  -0.18 -0.55
468	2008	1	777.6	1.4	4.1	0.5807	5.3	0
468	2008	2	1555.2	1.2	3.1	0.5492	11.2	0
468	2008	3	777.6	-2.2	1.6	0.4782	17.4	0
468	2008	4	777.6	-2.1	-0.1	0.4624	18.6	0.6
468	2008	5	777.6	-0.8	6.2	0.6602	13.8	5.2
468	2008	6	2937.6	4	6.1	0.7876	9.1	0
468	2008	7	2160	3.2	7	0.764	14.3	2.8
468	2008	8	2073.6	5.5	6.7	0.8283	11.9	0
468	2008	9	1036.8	5.6	6.7	0.8028	13.2	0
468	2008	10	2160	5.5	8	0.8367	15.2	5.9
468	2008	11	864	6.7	8.3	0.9637	8.2	6.7
468	2008	12	1123.2	5.1	8	0.8447	10.5	0
468	2008	13	1123.2	4.1	6.8	0.7828	11.3	0
468	2008	14	864	3.2	7	0.7201	12.7	0
468	2008	15	1036.8	6.4	7.9	0.8802	14.2	7
468	2008	16	1728	5.9	8.5	0.8426	14.2	0
468	2008	17	950.4	3.4	6.7	0.8226	9.8	8
468	2008	18	1382.4	6.2	9	0.9599	11.7	5.1
468	2008	19	1382.4	5.9	9	0.9398	10.4	0
468	2008	20	950.4	5.9	7.1	0.9289	6.8	3.5
468	2008	21	950.4	0.5	6.6	0.7484	7.3	21.2
468	2008	22	4147.2	3.4	6.8	0.6938	8	0.5
468	2008	23	1036.8	4.2	7.5	0.8604	11.3	0.8
468	2008	24	1036.8	5.8	8	0.8752	12.1	0.6
468	2008	25	2592	5.5	7.9	0.824	15.1	0
468	2008	26	1123.2	5.3	8.2	0.8465	14.6	4.5
468	2008	27	1123.2	5.3	8.1	0.8829	10.8	0
468	2008	28	1123.2	6.1	6.7	0.9033	6.4	0
468	2008	29	1296	5.7	6.3	0.8413	8.9	1.7
468	2008	30	1209.6	5.1	6.4	0.7809	10.6	0.6
468	2008	31	1209.6	1.9	5.8	0.6759	17.1	4.8
468	2008	32	2678.4	3.3	6.6	0.6779	17.8	4.5
468	2008	33	2419.2	0.3	5.6	0.5663	11.4	1.6
468	2008	34	3369.6	3.2	4.6	0.6056	13.9	0
468	2008	35	1900.8	3.8	6.4	0.685	11.9	0.2
468	2008	36	1296	3.9	7.8	0.8326	12.9	6.2
468	2008	37	2764.8	5.4	7.4	0.836	10.2	0
468	2008	38	5270.4	5.2	6.6	0.7891	8.4	0
468	2008	39	4406.4	5.7	7.1	0.8264	7.1	0
468	2008	40	6998.4	5.3	7.3	0.6967	6.2	0
468	2008	41	6393.6	4.7	7	0.7401	4.4	0
468	2008	42	4060.8	1.3	7	0.7724	3.1	0
468	2008	43	1555.2	1.5	4.5	0.7274	4.6	0
468	2008	44	1555.2	3.2	5.6	0.7359	3.2	0
468	2008	45	1641.6	2.5	5.7	0.7042	5.4	0
468	2008	46	8121.6	1.8	3.8	0.4707	7.1	0
468	2008	47	8121.6	1.2	3.2	0.4438	4.3	0
468	2008	48	3024	1.6	5.4	0.6045	10.1	0
468	2008	49	1728	5.2	6.6	0.8448	9.3	0
468	2008	50	2160	4.4	6.5	0.8188	6.2	0
468	2008	51	1814.4	0.8	4.6	0.7344	3.3	0
468	2008	52	1814.4	3.7	7.5	0.8183	12	0.8
468	2008	53	1900.8	6.6	8.5	0.9254	15.7	2
468	2008	54	5616	6.1	7.7	0.8454	12.1	0
468	2008	55	1987.2	6.4	7.4	0.8652	10.6	3.6
468	2008	56	8899.2	5	6.7	0.8048	8	0
468	2008	57	4060.8	6.1	8.2	0.9004	12.5	4.5
468	2008	58	8553.6	5.7	7.4	0.8058	13.5	0
468	2008	59	5097.6	5.5	7.1	0.878	7.4	0
468	2008	60	5529.6	4.2	8	0.8659	10.2	9.2
468	2008	61	3542.4	4.8	7.9	0.7757	17.5	5.4
468	2008	62	5270.4	5.6	7.7	0.8505	12	2
468	2008	63	6739.2	1.7	6.3	0.6912	12.2	8.9
468	2008	64	8208	1.1	6.1	0.5455	12.6	0
468	2008	65	8121.6	1.3	5.8	0.4963	11.6	0.3
468	2008	66	2419.2	5.6	6.9	0.875	11.5	1.1
468	2008	67	2419.2	5.2	7	0.8565	8	1.5
468	2008	68	5443.2	4	7.4	0.7874	10.6	0.8
468	2008	69	2505.6	5	7.3	0.8312	10.6	5.4
468	2008	70	9244.8	5.2	8.7	0.8083	11.9	1.6
468	2008	71	4320	5.6	7.7	0.831	12.7	4.3
468	2008	72	4406.4	3.1	7.4	0.7365	14.8	11.2
468	2008	73	9676.8	4.7	7.4	0.7692	12.9	0.9
468	2008	74	10627.2	5.4	7.3	0.8331	10.5	1.2
468	2008	75	2764.8	5.4	6.8	0.8471	4.8	0
468	2008	76	3456	4.4	7.1	0.7901	9.1	0.1
468	2008	77	10108.8	2.5	6.4	0.5455	12.7	3.5
468	2008	78	12787.2	1.9	7	0.6126	10.4	1.3
468	2008	79	13651.2	1.8	7.2	0.5811	9.5	0.6
468	2008	80	3888	2.4	6.1	0.6869	9.8	12.4
468	2008	81	5443.2	2.8	5.9	0.7	7.3	3.3
468	2008	82	5788.8	-1.6	4.6	0.5039	12.3	0
468	2008	83	13651.2	-2	3.6	0.3885	8.7	9.3
468	2008	84	11404.8	-0.3	4.1	0.5605	8.3	2.2
468	2008	85	9158.4	0.1	4.1	0.5615	9.3	2.4
468	2008	86	13996.8	0.9	5.4	0.5744	7.4	0.9
468	2008	87	15120	1.5	6.2	0.6196	3.7	0
468	2008	88	10627.2	4.3	7.3	0.756	9.6	5.8
468	2008	89	13824	6	7.4	0.8534	10.1	0.5
468	2008	90	8553.6	6.7	10.9	0.9055	10.3	8.5
468	2008	91	6998.4	4.7	7.9	0.8971	4.5	0
468	2008	92	10022.4	4.9	9.5	0.9035	8	5.7
468	2008	93	5011.2	6.4	7.7	0.9144	9.8	0.4
468	2008	94	5270.4	4.7	7.8	0.8464	7.8	0
468	2008	95	4147.2	5.2	7.1	0.8784	6.3	3.1
468	2008	96	13996.8	3.5	8	0.7717	5.2	2
468	2008	97	15897.6	2.9	6.3	0.653	5.7	0
468	2008	98	17452.8	2.6	7	0.559	2.4	0
468	2008	99	19094.4	4.6	7.7	0.68	3.3	0
468	2008	100	19180.8	5.2	8.5	0.6839	4.3	0
468	2008	101	19008	5.6	9.3	0.8158	4.8	0
468	2008	102	3974.4	3.9	6.6	0.7454	7.2	0.5
468	2008	103	18230.4	5.7	9.7	0.8929	6.8	0
468	2008	104	19872	6.2	9.5	0.9127	5.3	0
468	2008	105	16156.8	5.1	9.3	0.8325	4.4	0
468	2008	106	15984	5.3	8.4	0.7334	4.9	0
468	2008	107	12873.6	3.3	7.8	0.6886	5.1	4.8
468	2008	108	7689.6	5.7	8.2	0.8283	5.4	0
468	2008	109	20390.4	6.3	10.2	0.7852	9	0
468	2008	110	14515.2	5.2	9.8	0.7875	10.7	0
468	2008	111	18662.4	5.5	10.6	0.8391	8.4	0
468	2008	112	22032	6.9	11.2	0.8403	11	0
468	2008	113	22291.2	7.1	11.7	0.825	12	0
468	2008	114	22291.2	6.4	12.7	0.9048	7.9	0
468	2008	115	10281.6	7.9	11.7	1.0412	5.6	14.7
468	2008	116	21686.4	7.7	10.5	1.0626	4.7	0
468	2008	117	10022.4	6.7	11.9	1.0536	5.1	0.1
468	2008	118	14860.8	9.5	14.6	1.1106	7.4	0
468	2008	119	8553.6	8.2	11.8	1.0797	5.7	8.7
468	2008	120	10281.6	7	11.7	1.0807	4	0.2
468	2008	121	19353.6	8.8	13.7	1.1201	8.8	1.5
468	2008	122	20649.6	8.8	13.3	1.0659	4.7	2.1
468	2008	123	24019.2	8.4	12.5	1.1	3.2	0
468	2008	124	19785.6	6.5	10.5	1.0426	3	0
468	2008	125	24278.4	7.6	15.5	1.1289	4.2	0
468	2008	126	24451.2	10.3	15.2	1.1481	5	0
468	2008	127	24710.4	10.7	15.5	1.1897	4.3	0
468	2008	128	24883.2	10.6	15.1	1.2741	3.4	0
468	2008	129	19785.6	7.6	13.9	1.1996	3.9	0
468	2008	130	25142.4	11.6	19.2	1.3106	6	0
468	2008	131	25401.6	12	17.9	1.2733	6.9	0
468	2008	132	25488	11.6	19.8	1.336	5.2	0
468	2008	133	25315.2	12.7	18.1	1.4154	4.1	0
468	2008	134	20044.8	11.1	16.6	1.2492	7.6	0
468	2008	135	25401.6	9.7	15	0.9893	6.8	0
468	2008	136	26006.4	10.8	14.9	1.126	4.6	0
468	2008	137	25142.4	10.9	14.8	1.1556	6	0
468	2008	138	5270.4	10.1	12.1	0.8846	6.9	0.1
468	2008	139	20822.4	9.2	13.4	0.8295	6	0.5
468	2008	140	22291.2	8.3	13.2	0.7998	6.7	0.4
468	2008	141	22723.2	8.7	13	0.8311	4.7	0.5
468	2008	142	26006.4	9.6	13.8	0.8792	5.1	0
468	2008	143	26870.4	11.5	15.3	1.0903	5.6	0
468	2008	144	24451.2	11.7	17.7	1.1861	6.3	0
468	2008	145	26784	12.2	18.2	1.1386	7.7	0
468	2008	146	18057.6	11.7	15.6	1.1238	9.9	5.6
468	2008	147	13219.2	11.2	13	1.1565	10.2	0
468	2008	148	10281.6	10.7	15.6	1.0878	11.4	0
468	2008	149	16156.8	13.1	16.7	1.2522	11.3	1.8
468	2008	150	15552	12.8	18	1.3106	8.1	0
468	2008	151	24624	13.4	19.9	1.4572	8.3	0
468	2008	152	25142.4	12.8	19.1	1.448	4.2	0
468	2008	153	12268.8	12.5	16.6	1.489	5.4	0
468	2008	154	26438.4	13.9	20.1	1.5866	4.2	0
468	2008	155	23241.6	13.9	22.8	1.7062	6.2	4.2
468	2008	156	10454.4	13.2	18.8	1.4344	6.5	0
468	2008	157	27993.6	12.9	21.1	1.4705	6.9	0
468	2008	158	27043.2	13.5	21.9	1.4762	6.6	0
468	2008	159	21686.4	14.3	21.5	1.4744	6.7	0
468	2008	160	28080	14.6	23.7	1.55	5	0
468	2008	161	26092.8	12.7	18.8	1.4653	4.8	0
468	2008	162	19267.2	13.4	17.2	1.4064	6.9	0.4
468	2008	163	19958.4	11.5	16.9	1.2293	9.2	2
468	2008	164	24278.4	10.6	15.1	1.0371	7.9	1.3
468	2008	165	22377.6	10	14.4	1.008	8.1	1
468	2008	166	25660.8	10.1	14.9	0.9701	8.5	0.9
468	2008	167	24624	9.9	14.8	1.0036	9.4	0.2
468	2008	168	24192	11.4	15	1.1065	8.3	1.3
468	2008	169	26179.2	11.5	16	1.0212	3.7	0
468	2008	170	18835.2	14.6	17.9	1.3468	6.4	0.2
468	2008	171	16070.4	13.6	18.2	1.4795	7.7	2.7
468	2008	172	24278.4	13.8	16.8	1.4237	8.5	0
468	2008	173	24192	13.7	17.5	1.2036	5.4	1.5
468	2008	174	19094.4	15.4	20.5	1.6845	7.7	1.5
468	2008	175	19353.6	12.4	15.7	1.1533	13	1.2
468	2008	176	26006.4	11.8	16.3	0.9771	4.3	0
468	2008	177	20476.8	13.7	19.6	1.3815	6.9	0
468	2008	178	26092.8	14.6	19.5	1.514	6.4	0.9
468	2008	179	21340.8	13.1	16.7	1.3707	9.7	9.5
468	2008	180	18057.6	14	17.3	1.5981	8.7	0
468	2008	181	11577.6	15.3	18.7	1.664	6	0.1
468	2008	182	28166.4	14	17.9	1.448	7.6	0
468	2008	183	28252.8	14.2	19.9	1.4169	5	0
468	2008	184	26956.8	17	23.3	1.7198	9.8	2
468	2008	185	14860.8	15.2	23	1.8542	6.1	25.8
468	2008	186	5616	14.1	15.4	1.5586	10.6	25.3
468	2008	187	20304	14.8	18.6	1.5947	3.8	1
468	2008	188	16934.4	14.8	20	1.6272	3.5	7.4
468	2008	189	15206.4	14.5	18.9	1.4808	9.2	4.4
468	2008	190	19267.2	12.6	17.5	1.3669	10	1.4
468	2008	191	15206.4	13.2	17.4	1.4064	10.4	0
468	2008	192	14601.6	14.7	19.4	1.7081	5.3	1.9
468	2008	193	16934.4	15.5	18.6	1.6692	5.6	2.7
468	2008	194	12960	13.5	17.2	1.376	9	6.7
468	2008	195	20736	13.1	17.5	1.4064	8.6	0.5
468	2008	196	22032	14.9	18.7	1.5093	7.9	0
468	2008	197	6912	16.6	18.6	1.8086	8.8	0.2
468	2008	198	12355.2	14	17.2	1.3452	8.8	0
468	2008	199	9590.4	13.6	17.9	1.376	6.8	13.9
468	2008	200	11836.8	13.6	18.1	1.5467	7.9	10.1
468	2008	201	11577.6	14.6	17.9	1.6051	9.7	5.1
468	2008	202	19699.2	12.5	16.7	1.2117	13	9.2
468	2008	203	17712	13.6	17.7	1.4205	12.9	5.5
468	2008	204	11836.8	14.7	16.7	1.425	7.8	0
468	2008	205	5270.4	15.5	17.5	1.5183	3.3	0
468	2008	206	26265.6	15.7	20.4	1.6331	5.9	0
468	2008	207	17712	17	22	1.8557	8.4	0
468	2008	208	25315.2	17.5	23.2	1.9797	8.1	0
468	2008	209	25315.2	17.9	25.3	2.1117	6.5	0
468	2008	210	25660.8	18.9	25.2	2.091	7	0
468	2008	211	21427.2	18.2	25	2.0345	8.2	11.5
468	2008	212	23760	17.8	21.1	1.9853	3.8	0
468	2008	213	25056	19.1	24	1.9512	7.5	0
468	2008	214	8812.8	17.8	21.1	1.8048	7	8.3
468	2008	215	17539.2	17.4	20.6	1.7769	6.8	0.9
468	2008	216	17020.8	16.1	20.4	1.8002	7.3	31.7
468	2008	217	19353.6	13.9	18.7	1.4436	11.2	0.4
468	2008	218	18057.6	16.3	19	1.5119	8.5	2.7
468	2008	219	8208	16.1	20.7	1.8806	5.8	2.6
468	2008	220	9936	17.2	21.1	2.015	4.5	25.9
468	2008	221	10972.8	15	18.1	1.5608	7.2	24.1
468	2008	222	16243.2	15.7	18.1	1.3458	9.8	3.3
468	2008	223	11836.8	16.2	19.4	1.7501	12.2	5.7
468	2008	224	14515.2	15.4	19.5	1.6522	9.1	0
468	2008	225	11750.4	17.3	19.6	1.6957	9.1	3.7
468	2008	226	15897.6	15.1	18.9	1.4511	15.5	5.9
468	2008	227	12009.6	14.6	18.2	1.4715	11.6	0.8
468	2008	228	21945.6	15.2	19.1	1.4064	3.8	0
468	2008	229	19872	14.7	18.9	1.3565	2.3	0.4
468	2008	230	18230.4	16.5	20.4	1.505	4.9	1
468	2008	231	7948.8	16.2	18.4	1.6564	8.5	0
468	2008	232	9763.2	16.4	20.2	1.7849	9.4	7.9
468	2008	233	10886.4	15.5	18.8	1.6212	12.6	8.6
468	2008	234	7948.8	15.4	18.3	1.6674	10.1	15.2
468	2008	235	7516.8	15.5	18.3	1.6342	6.6	3.4
468	2008	236	6912	13.1	17	1.384	9.1	28
468	2008	237	12873.6	15.4	18.8	1.4409	7.3	1.1
468	2008	238	10454.4	15.4	19.1	1.6905	7.4	0.3
468	2008	239	4060.8	16.7	18.7	1.8605	8.7	0.8
468	2008	240	4060.8	16.9	18.1	1.7972	10.4	0
468	2008	241	7776	16.8	19	1.7816	9.6	0.4
468	2008	242	5184	16.2	18.4	1.6761	7.7	0
468	2008	243	19180.8	14.8	18.8	1.4711	3.3	0
468	2008	244	19094.4	17.1	20.8	1.5964	10.7	0.5
468	2008	245	6912	16.1	19.3	1.638	9.8	0.3
468	2008	246	5356.8	14.7	18.2	1.5696	11	2.8
468	2008	247	5702.4	12.7	16.7	1.3866	13.5	6.7
468	2008	248	6048	13.8	17.5	1.3495	14.6	0
468	2008	249	8035.2	15	18.8	1.5573	10.4	4.7
468	2008	250	13392	16.5	19.5	1.6898	8.2	0
468	2008	251	9763.2	14.4	18.4	1.4901	8.2	6
468	2008	252	7862.4	15.3	19.9	1.7282	12.7	4.1
468	2008	253	14601.6	15.5	19	1.5922	7.1	0.1
468	2008	254	13219.2	16.9	18.9	1.7202	6.6	0
468	2008	255	15638.4	17	20.2	1.7973	8.6	0
468	2008	256	16416	13.6	18.3	1.4118	16	0
468	2008	257	16243.2	12	16.2	0.9964	14.4	0
468	2008	258	12614.4	13.1	15.6	1.0943	8.6	0
468	2008	259	8208	13.8	16.4	1.217	8.2	0
468	2008	260	4579.2	12.1	14.6	1.0562	5.6	0.1
468	2008	261	13305.6	11.9	15	1.0477	4.9	0
468	2008	262	14860.8	13.2	15.5	1.1106	4.2	0
468	2008	263	8726.4	11.9	15.2	1.0545	2.9	0
468	2008	264	7516.8	13	17.5	1.3499	3.8	0
468	2008	265	10022.4	14.2	15.9	1.2644	4.4	0
468	2008	266	9331.2	13	14.7	1.1701	7.1	0.4
468	2008	267	2851.2	12.9	15.5	1.3749	10.7	0.2
468	2008	268	9590.4	13.7	16.9	1.3543	9.8	0
468	2008	269	12787.2	13.1	15.8	1.3151	7.5	0
468	2008	270	9158.4	12.4	17.1	1.391	2.2	0
468	2008	271	9763.2	13	16.6	1.4123	5.4	0.1
468	2008	272	7084.8	11.8	16.4	1.1249	6.8	0.9
468	2008	273	8121.6	10.6	15	1.0041	7.7	33.5
468	2008	274	5184	11	14.7	1.2148	12.7	11.5
468	2008	275	7603.2	9.2	14.2	1.0303	14.1	40.2
468	2008	276	2764.8	9.1	13.2	1.0995	11.4	56.8
468	2008	277	4924.8	9.8	13.5	1.0406	10.8	17.3
468	2008	278	6566.4	8.8	12.1	0.8724	13.8	5.3
468	2008	279	2332.8	9.9	13.2	1.1017	12	8.5
468	2008	280	11059.2	10.5	13.8	0.9481	4.5	0
468	2008	281	7603.2	11.4	15.5	1.3712	8.4	0
468	2008	282	2246.4	13.1	15.1	1.3981	8.4	0.7
468	2008	283	9158.4	12.9	15.2	1.1854	5.7	0
468	2008	284	5529.6	12.8	15	1.2532	11.2	0
468	2008	285	10368	13.3	15.8	1.3732	10.5	0
468	2008	286	2073.6	13.2	14.6	1.4595	8.1	0.4
468	2008	287	3196.8	12.1	15.7	1.4912	8.6	1.2
468	2008	288	2592	13.1	15.2	1.2898	7.1	2
468	2008	289	2246.4	12.2	14.7	1.3866	10.9	7.6
468	2008	290	2505.6	9.2	13.6	0.9966	12.2	8.8
468	2008	291	5616	10.1	13.4	0.9648	11.9	1
468	2008	292	3542.4	10.8	13.9	1.1614	11.5	0.9
468	2008	293	2592	12.3	14.2	1.2318	12.1	0
468	2008	294	6393.6	10.8	14.7	1.1333	14.3	2.8
468	2008	295	3196.8	10.5	14.3	1.122	12.3	0.7
468	2008	296	5356.8	9.1	12.6	0.883	10.4	4.5
468	2008	297	7344	10.1	12.6	1.0738	12.3	0.2
468	2008	298	1641.6	9.7	12.6	1.1259	13	3
468	2008	299	7171.2	11.1	12.6	1.0128	11.6	0.4
468	2008	300	1555.2	10.6	12.9	1.2404	14.3	7.1
468	2008	301	3715.2	7.3	12.5	0.8532	10.5	6.8
468	2008	302	1468.8	6.4	9.3	0.8065	7.7	3.8
468	2008	303	3888	6.1	9.3	0.7038	7.1	0.5
468	2008	304	3369.6	6	8.5	0.6621	4.1	1.5
468	2008	305	6566.4	5.9	8.8	0.7692	6.7	0
468	2008	306	1382.4	7.2	9.4	0.8863	12.5	1
468	2008	307	1382.4	8.5	9.7	1.028	10	0
468	2008	308	1296	8.2	10.2	1.1512	9.6	0.1
468	2008	309	1296	8.8	9.9	1.0924	5.1	0
468	2008	310	1296	8.8	10.8	1.1259	10.3	0.3
468	2008	311	1209.6	9.9	11.2	1.2092	8.6	0
468	2008	312	1209.6	10.2	11.5	1.2076	7.3	0.2
468	2008	313	5270.4	9.9	11.8	1.0648	9.8	0.5
468	2008	314	3456	9.5	11.4	0.9862	15.7	5.8
468	2008	315	2419.2	9.8	13.8	1.0924	16.2	16.8
468	2008	316	3283.2	9.5	11.3	1.0964	12.5	4.8
468	2008	317	1728	7.4	10.6	0.9408	14.2	6.3
468	2008	318	3888	8.2	11.2	0.9621	9.4	4.9
468	2008	319	1036.8	8.7	12.2	1.1885	12.9	0.3
468	2008	320	1036.8	10.9	12.2	1.2106	12.4	0.3
468	2008	321	2592	8.3	11.4	0.8625	13.8	0.3
468	2008	322	4060.8	7.3	9.9	0.7147	7.1	0.7
468	2008	323	1555.2	6.1	10.7	0.8703	14.2	2.2
468	2008	324	950.4	7.7	11.3	0.9967	14	2.3
468	2008	325	950.4	5.1	11.4	0.8288	15.2	7.1
468	2008	326	1641.6	0.2	8	0.6469	12.4	8.6
468	2008	327	1382.4	2	6.2	0.5568	10.5	4.9
468	2008	328	2073.6	2.3	7.7	0.5756	8.6	0.3
468	2008	329	3456	2.3	6.1	0.5525	7.5	0.3
468	2008	330	1728	4.5	7.9	0.5876	5.5	0
468	2008	331	864	7.4	9.9	0.9748	9.9	0
468	2008	332	864	7.4	9.3	1.0211	14	0.3
468	2008	333	864	4.6	7.8	0.834	10.1	0.1
468	2008	334	777.6	2.8	6.9	0.699	4	0.1
468	2008	335	777.6	3.4	6.9	0.7931	6.1	1.9
468	2008	336	1468.8	3.4	5.4	0.7443	5.1	0
468	2008	337	1382.4	4.1	7.2	0.7573	6	3.1
468	2008	338	777.6	2.6	5.6	0.6633	6.5	5.4
468	2008	339	777.6	3.2	6.4	0.7396	11.8	1.2
468	2008	340	777.6	5.9	7.2	0.8447	7.2	6.7
468	2008	341	1555.2	4.8	7.7	0.8084	4.3	0.6
468	2008	342	1382.4	5.5	8.6	0.7938	8.5	0.9
468	2008	343	691.2	4.8	8.2	0.8321	12.4	0.6
468	2008	344	691.2	3.8	6	0.7967	8.1	6.6
468	2008	345	1123.2	3.3	6	0.7149	6.2	3.8
468	2008	346	1900.8	2	3.9	0.6343	8.3	0
468	2008	347	864	1.3	4.2	0.6476	7.7	0
468	2008	348	691.2	0.4	4.2	0.6345	15	0
468	2008	349	2505.6	4	5.9	0.7474	13.2	0
468	2008	350	691.2	3.8	4.8	0.7225	6.1	0
468	2008	351	691.2	1.4	4.4	0.6772	3.5	0
468	2008	352	691.2	1.9	7.7	0.7568	6.9	0.8
468	2008	353	691.2	5.2	7.1	0.8689	11	3.4
468	2008	354	2246.4	5.6	8	0.8297	10.7	2.5
468	2008	355	1728	5.7	8.7	0.8223	14.9	0
468	2008	356	864	6.2	8.9	0.915	11.1	0.1
468	2008	357	2592	7.3	9.1	0.9347	12	0
468	2008	358	691.2	7.1	7.9	0.9844	5.5	0.1
468	2008	359	1468.8	4.3	8.1	0.8246	9.3	0
468	2008	360	691.2	3.4	5.5	0.7217	8.7	0
468	2008	361	2851.2	0.9	3.7	0.5263	8.3	0
468	2008	362	2073.6	1.4	3.9	0.5322	3.2	0
468	2008	363	1123.2	2.5	3.5	0.591	7.3	0
468	2008	364	1382.4	-1	2.7	0.5263	11.2	0
468	2008	365	1900.8	-2.2	-0.2	0.4926	7.8	0
468	2008	366	2246.4	-1.1	1.6	0.5226	5.3	0
