*---------------------------------------------------------------------------*
* Station name: HELGOLAND                               
* Year: 2020
* Author: Pedro Alencar                                   -999.000: NIL VALUE
* Source: ECAD 
* Comments: 
* Longitude: 54.1764, latitude: 54.1764, altitude: 4 m.
*
* Column  Daily value
* 1       station number
* 2       year
* 3       day
* 4       irradiation                   (kJ m-2 d-1)
* 5       minimum temperature           (degrees Celsius)
* 6       maximum temperature           (degrees Celsius)
* 7       early morning vapour pressure (kPa)
* 8       mean wind speed (height: 2 m) (m s-1)
* 9       precipitation                 (mm d-1)
*
** WCCDESCRIPTION=GERMANY, HELGOLAND                               
** WCCFORMAT=2
** WCCYEARNR=2020
*---------------------------------------------------------------------------*
   54.1764  7.8931    4.  -0.18 -0.55
468	2020	1	3110.4	1.1	6.9	0.7237	5.3	0
468	2020	2	777.6	1.5	6.1	0.7617	8.4	0.4
468	2020	3	432	6.1	7.8	0.8782	9.3	5.4
468	2020	4	604.8	5.9	8.4	0.7386	10.8	2.7
468	2020	5	1814.4	5.8	7	0.8168	6.3	0.1
468	2020	6	604.8	5	6.9	0.8291	8.1	0.1
468	2020	7	1641.6	5.6	7.7	0.8896	8.2	1.2
468	2020	8	3369.6	6.7	8.6	0.9841	7.6	0.7
468	2020	9	1123.2	6.6	9.6	1.0471	5.6	14.6
468	2020	10	432	6	9.1	0.915	6.7	1.5
468	2020	11	1296	5.7	7.3	0.8128	9.6	0.7
468	2020	12	1555.2	5	8	0.8708	9.6	8
468	2020	13	1555.2	5	7	0.8413	9.6	3.5
468	2020	14	1555.2	7	11	1.0325	9.6	3.5
468	2020	15	0	6.9	11	0.9376	9.6	1.2
468	2020	16	691.2	5.9	7.7	0.889	7.1	0
468	2020	17	2678.4	6.6	8.4	0.9119	6.5	0.8
468	2020	18	2073.6	4.9	7.2	0.7598	8.5	5.6
468	2020	19	2332.8	5	7.9	0.7521	7.2	0
468	2020	20	3974.4	6.3	7.2	0.8859	5.9	0
468	2020	21	1555.2	5.9	7.1	0.8224	7.3	0.5
468	2020	22	950.4	5.8	7.9	0.9118	5.3	0.1
468	2020	23	259.2	5.2	6.8	0.86	4.6	0.1
468	2020	24	1123.2	4.7	5.8	0.8608	7.2	1
468	2020	25	777.6	4	5.9	0.8256	7.1	0.4
468	2020	26	691.2	2.4	6.5	0.7637	6.7	1.4
468	2020	27	2332.8	6.3	7.7	0.9413	6.6	6.6
468	2020	28	1468.8	4.3	6.7	0.7765	8.5	16.3
468	2020	29	1728	4	7.3	0.7573	9.1	15.6
468	2020	30	2678.4	5.9	8.4	0.9308	10	1.3
468	2020	31	1728	7.2	8.4	0.9625	9.6	8
468	2020	32	2332.8	7.5	8.8	0.9856	10	0.2
468	2020	33	2764.8	5.7	7.6	0.831	5.1	1
468	2020	34	2332.8	6.1	8.1	0.8772	7.7	0.7
468	2020	35	3888	3.9	7.3	0.691	8.4	2.2
468	2020	36	6480	3.2	7.2	0.6279	5.7	0
468	2020	37	5616	6.5	7.3	0.8255	5	0
468	2020	38	2246.4	5	6.8	0.7427	4.5	0
468	2020	39	2246.4	4	7.3	0.7664	6.9	0.6
468	2020	40	2678.4	5.5	9.5	0.8912	13.1	17.1
468	2020	41	1555.2	4.9	8.4	0.7723	12.9	2.3
468	2020	42	4060.8	2.6	6.8	0.6661	14.7	12.7
468	2020	43	3283.2	2.5	6.6	0.6085	13.7	1.2
468	2020	44	4320	2	6	0.7074	6.9	8.5
468	2020	45	2246.4	3.8	6.5	0.7402	4.5	2.4
468	2020	46	4320	6.2	10.3	0.9487	8.5	1.1
468	2020	47	2678.4	6.8	10.7	1.004	10.6	18.2
468	2020	48	2851.2	6.6	8.2	0.8233	11.9	0.3
468	2020	49	8208	4.5	7.4	0.7639	10.7	15.5
468	2020	50	4924.8	4.4	7.1	0.7534	9.2	1.7
468	2020	51	432	4.3	8.1	0.853	9.3	7.7
468	2020	52	3196.8	3.8	7.7	0.7534	11.1	7.7
468	2020	53	5097.6	6.8	8.6	0.8614	13.3	2
468	2020	54	2937.6	4.5	7.6	0.7692	10.2	8
468	2020	55	1728	1.9	8.5	0.8047	8.2	15.5
468	2020	56	2851.2	3.4	7.5	0.7199	11.7	3.6
468	2020	57	7776	2.5	6.4	0.6714	4.7	2.1
468	2020	58	10368	3	5.1	0.6691	6	1.2
468	2020	59	7344	2.5	6.8	0.6553	8.6	9.1
468	2020	60	10022.4	3	10	0.8515	8.4	4.2
468	2020	61	6652.8	5.7	7.5	0.7599	10.8	0.3
468	2020	62	9676.8	4.6	6.6	0.8092	5.1	6.2
468	2020	63	8035.2	5.2	7.4	0.7921	4.2	0.2
468	2020	64	12355.2	4.9	7.8	0.8044	4.4	0.1
468	2020	65	12787.2	4.5	6.7	0.7819	6.1	0
468	2020	66	11750.4	4.6	5.9	0.772	9.6	1.2
468	2020	67	5011.2	4.3	7.6	0.7173	5.5	0
468	2020	68	12441.6	7.1	8.1	0.9077	8.7	3.4
468	2020	69	5443.2	6.4	8.3	0.9334	5.6	4.2
468	2020	70	10713.6	5.4	9.1	0.9474	9.7	5.1
468	2020	71	4924.8	6.9	8.7	0.8884	7.8	0.6
468	2020	72	15379.2	4.2	9.1	0.743	12.3	1
468	2020	73	11923.2	3.6	7.8	0.6592	10.5	1
468	2020	74	11836.8	2.5	7.2	0.6041	4.7	0
468	2020	75	15120	6.7	9.9	0.8972	8.4	0
468	2020	76	7516.8	6.3	8.9	0.866	4.7	0
468	2020	77	8726.4	6.2	8.4	0.8995	6.8	0.3
468	2020	78	7344	5.7	8.2	0.9181	6.8	3.5
468	2020	79	5356.8	5.6	9.1	0.8616	3	0
468	2020	80	14774.4	4.4	7.6	0.7011	6.5	0
468	2020	81	13910.4	3.1	6.4	0.4885	10.3	0
468	2020	82	18835.2	3.6	6	0.4988	9.3	0
468	2020	83	18662.4	2.4	7.1	0.4542	6.5	0
468	2020	84	18489.6	3.1	7.4	0.5058	5.7	0
468	2020	85	16588.8	4.2	7.9	0.544	5.6	0
468	2020	86	18748.8	4.9	8.4	0.5866	6.4	0
468	2020	87	18316.8	4.5	8.7	0.7307	7	0
468	2020	88	17625.6	5.5	8.4	0.7485	9.7	0
468	2020	89	18489.6	2.9	6.1	0.4632	12.2	0.4
468	2020	90	19526.4	3.6	7.5	0.6433	8.1	1.5
468	2020	91	15897.6	3.3	7.2	0.5147	4.8	0.2
468	2020	92	19872	5.4	7.7	0.8156	7	0.7
468	2020	93	10368	5.5	8	0.7875	9.2	0.5
468	2020	94	13737.6	4.3	7.6	0.6428	8.2	0.2
468	2020	95	18576	5.9	10.3	0.8312	4.9	0
468	2020	96	19958.4	6.7	12.6	0.863	5.6	0
468	2020	97	22809.6	7.8	14.4	0.9638	5.4	0.1
468	2020	98	22550.4	7.3	11.6	1.0052	3.3	0
468	2020	99	22982.4	8.2	12.8	1.0149	3.9	0
468	2020	100	20995.2	6.2	10.7	0.8954	4.9	0
468	2020	101	20304	5.3	9.2	0.7436	3.8	0
468	2020	102	21513.6	6	11.3	0.8852	3.1	0
468	2020	103	19785.6	7.2	12.2	0.9621	4.4	0
468	2020	104	23068.8	4.4	8.2	0.5631	13.2	0
468	2020	105	20649.6	4.9	9	0.6387	8.7	0
468	2020	106	20044.8	6.6	9.7	0.8882	6.9	0
468	2020	107	23587.2	6.6	11.1	0.9426	4.9	0
468	2020	108	19785.6	5.9	9.4	0.7433	5.2	0
468	2020	109	23241.6	7	11.9	0.8041	7.1	0
468	2020	110	26524.8	6.9	12.1	0.7475	7.5	0
468	2020	111	27043.2	7.4	13.1	0.7735	8.1	0
468	2020	112	27388.8	8	12.7	0.8666	9.5	0
468	2020	113	26611.2	8.4	13.1	0.9158	7.9	0
468	2020	114	3283.2	8.5	14.8	1.0543	4.3	0
468	2020	115	2332.8	7.8	10.9	0.9045	7.5	0
468	2020	116	19180.8	7.3	12.3	0.9443	5.8	0
468	2020	117	26611.2	7.5	10.1	0.7357	3.1	0
468	2020	118	14428.8	8	14.4	1.0234	3.9	0
468	2020	119	21600	6.9	9.9	0.8593	4	3.1
468	2020	120	10800	8	10.2	1.0395	4.3	5.3
468	2020	121	5788.8	7.6	12.2	1.036	5.1	3.3
468	2020	122	18835.2	7.6	12.4	1.0184	5.2	7.2
468	2020	123	18403.2	7.7	12.2	1.0394	5.2	1.7
468	2020	124	23414.4	8.1	12.1	0.9758	4.2	0
468	2020	125	23587.2	7.5	11.6	0.8096	6.7	0
468	2020	126	29289.6	7.3	11.5	0.8014	6.9	0
468	2020	127	30240	7.6	11.3	0.8396	6.2	0
468	2020	128	29289.6	8.6	11.9	0.9357	4.6	0
468	2020	129	23587.2	8.3	14.2	1.0134	3.3	0
468	2020	130	29203.2	7.6	14.5	1.1448	3	0.1
468	2020	131	26697.6	6.8	12.7	0.9532	8.8	0
468	2020	132	22636.8	6.1	9.5	0.624	8.8	0
468	2020	133	30758.4	5.2	10.4	0.7509	7.4	1.2
468	2020	134	23241.6	6.1	10	0.6993	8.2	0.2
468	2020	135	27302.4	6.3	11.2	0.6656	5.9	0
468	2020	136	29462.4	7.5	11.9	0.914	7.3	0
468	2020	137	22723.2	9.1	12.5	1.0483	6.6	0
468	2020	138	22032	9.3	12.9	1.0826	6.8	0.1
468	2020	139	27993.6	10.8	12.9	1.2348	6.3	0.5
468	2020	140	15120	10.7	14	1.2761	4.5	0
468	2020	141	24537.6	9.6	14.9	1.2535	1.9	0.1
468	2020	142	26956.8	8.8	16.2	1.2742	3	0
468	2020	143	25228.8	12.1	14.6	1.3317	5.2	5
468	2020	144	11664	12	13.7	1.2	6.6	0
468	2020	145	28425.6	11.2	13.9	1.2057	7.9	0
468	2020	146	23155.2	8.9	12.8	1.0129	7.6	0
468	2020	147	14860.8	8.6	13	1.0613	2.1	0
468	2020	148	23241.6	10.1	13.8	1.1591	5.4	0
468	2020	149	24883.2	10.2	13.6	1.0161	7.2	0
468	2020	150	34300.8	10.2	13.8	1.0789	5.4	0
468	2020	151	35251.2	12	16.9	1.2658	3.8	0
468	2020	152	33091.2	13.1	18.4	1.2688	4.9	0
468	2020	153	27734.4	13.3	19.5	1.2479	5.4	0
468	2020	154	32140.8	14.5	20.3	1.4287	3.9	0
468	2020	155	29721.6	13.5	20.1	1.5093	6	6.1
468	2020	156	21686.4	11	14.6	1.2847	6.6	2.4
468	2020	157	8899.2	8.6	13.9	0.9734	7	9.3
468	2020	158	20304	9.4	14.4	0.9744	7.2	0.3
468	2020	159	26352	10.5	14	1.0968	5.8	4.1
468	2020	160	20131.2	10	15.2	1.1368	4.6	0
468	2020	161	33177.6	10	14.6	0.9003	3.6	0
468	2020	162	32486.4	11.7	15.6	1.2487	5.2	1.1
468	2020	163	18576	13.5	16.4	1.477	6.8	9.7
468	2020	164	8380.8	13.5	17.6	1.6055	6.3	0.7
468	2020	165	19440	14.5	19.2	1.7632	7.1	1
468	2020	166	24537.6	14.7	17.6	1.6132	5.7	0
468	2020	167	16070.4	14.1	20.1	1.4409	5.7	0
468	2020	168	35164.8	14	20.6	1.5381	2.7	0
468	2020	169	33955.2	13.8	20	1.615	3.6	0
468	2020	170	4406.4	15.5	22	1.771	4.5	0.1
468	2020	171	26697.6	14.9	18.3	1.66	4.1	0.1
468	2020	172	21772.8	14.4	18.6	1.5558	3.7	0
468	2020	173	32140.8	14.3	20.7	1.5975	3.4	4.3
468	2020	174	33004.8	14.8	20	1.6073	3.1	0
468	2020	175	36028.8	13.5	20.6	1.4751	2.1	0
468	2020	176	35942.4	15.1	22	1.6851	3.7	0
468	2020	177	35683.2	17.7	24.2	1.8809	5.3	0
468	2020	178	35251.2	18	25.6	2.0073	5	0
468	2020	179	33264	17.5	22.4	2.0012	3.2	3.6
468	2020	180	19958.4	15.3	18.6	1.5044	5.4	0.5
468	2020	181	22377.6	13.1	18.3	1.3004	7.7	6.3
468	2020	182	22118.4	14.1	16.6	1.4283	8.2	0.1
468	2020	183	21686.4	14.9	19.5	1.646	4.9	0.1
468	2020	184	25315.2	13.5	18	1.3939	3.6	0
468	2020	185	19785.6	14.4	17.6	1.4163	5.2	2.8
468	2020	186	14601.6	14.8	16.5	1.6868	8.9	7
468	2020	187	8812.8	13.1	18	1.482	9	5.8
468	2020	188	20476.8	11.6	15.9	1.1783	10	1.2
468	2020	189	24105.6	12.4	15.9	1.1931	7.2	2.8
468	2020	190	17971.2	12.6	16.6	1.1121	4.6	0
468	2020	191	30844.8	12	15	1.1593	3.7	12.6
468	2020	192	13651.2	12.4	15.7	1.1854	7	1
468	2020	193	19612.8	13	16.8	1.1846	6.3	0
468	2020	194	33609.6	13.7	17.6	1.2607	4.8	0
468	2020	195	35164.8	14.9	19.2	1.3781	3.7	2.2
468	2020	196	28857.6	14.3	17.3	1.5059	4.6	8.8
468	2020	197	11750.4	14	17.9	1.3756	4	0
468	2020	198	24796.8	14	18.9	1.364	1.9	0
468	2020	199	33523.2	13.9	19.9	1.442	1.7	0
468	2020	200	29721.6	17.7	21.7	1.8101	2.8	0.6
468	2020	201	26784	14.1	20.5	1.6367	4.2	4.4
468	2020	202	23673.6	14.1	18.4	1.2545	5.2	0.7
468	2020	203	32140.8	13.4	17.9	1.2252	4.8	0
468	2020	204	27216	14.4	18.2	1.1845	4.1	0
468	2020	205	25228.8	14.9	19.1	1.3931	4.1	0.6
468	2020	206	11836.8	15.6	19.1	1.6221	5.6	0
468	2020	207	22723.2	16.2	20.2	1.7946	3.8	17.3
468	2020	208	17884.8	15.2	18.9	1.6498	5.7	0.4
468	2020	209	26265.6	16.8	19.1	1.6434	5.3	1.3
468	2020	210	15033.6	15.7	18.2	1.4273	8	0.5
468	2020	211	23328	13.3	17	1.2553	8.7	1
468	2020	212	15206.4	14.8	19.4	1.4214	4.7	0
468	2020	213	27475.2	15.3	20.5	1.6383	2.9	0
468	2020	214	29030.4	17.1	22.4	1.8387	6.9	0
468	2020	215	20304	16.2	19.8	1.6692	4.7	0.3
468	2020	216	23155.2	14.7	18.9	1.3374	3.6	0
468	2020	217	23673.6	14.2	18.7	1.2706	3.3	0
468	2020	218	27129.6	17	21.5	1.6043	6.1	0
468	2020	219	21945.6	18.9	25.1	1.8736	3.4	0
468	2020	220	27388.8	18.4	25.8	1.9381	3.3	0
468	2020	221	29030.4	19.4	25.5	2.1967	3	0
468	2020	222	24710.4	19.5	24.6	2.2234	4.2	0
468	2020	223	25660.8	19.9	26.7	2.1698	5.5	0
468	2020	224	26179.2	20	26.3	2.2917	6.1	0
468	2020	225	27388.8	19.9	25.8	2.1116	7.1	0
468	2020	226	27043.2	20.2	26	2.0027	6.5	0
468	2020	227	25488	19.4	23.8	2.0345	5	0
468	2020	228	22723.2	19.1	22.8	2.1283	4.2	0
468	2020	229	26438.4	20.5	25.9	2.1851	3.8	0.1
468	2020	230	23673.6	19.3	23.6	2.1945	2.3	1.7
468	2020	231	10281.6	19.2	22.3	1.9801	3.6	0
468	2020	232	23932.8	18.7	23.1	1.8504	4.1	0
468	2020	233	22723.2	19.9	23.8	2.1703	4.8	1.5
468	2020	234	14688	19.9	23.7	2.0594	5.7	0
468	2020	235	17452.8	16.4	21.5	1.7277	7.5	46.8
468	2020	236	17539.2	13.3	19.9	1.5469	6.5	20.6
468	2020	237	18835.2	14	18.8	1.4715	4.4	10.9
468	2020	238	15724.8	13.6	18.4	1.38	5.8	17.3
468	2020	239	12614.4	14.2	19.4	1.6621	11	9.5
468	2020	240	15984	13.8	18	1.1908	6.2	0.3
468	2020	241	14601.6	15.5	20.1	1.628	7.3	9.2
468	2020	242	10108.8	14.5	18.1	1.4991	5.1	6.4
468	2020	243	9763.2	15.8	19.1	1.493	5	0
468	2020	244	18576	14.3	18.3	1.2585	3.8	0
468	2020	245	16070.4	15.1	18.7	1.1728	4.9	0
468	2020	246	22204.8	15.3	19.6	1.4333	2.6	0
468	2020	247	17971.2	14.1	18.2	1.5399	7.3	11
468	2020	248	4665.6	16.4	19.1	1.42	6.2	1.5
468	2020	249	14947.2	12.2	17.8	1.1922	7.5	6.2
468	2020	250	16070.4	13.2	16.7	1.1714	5.3	3.2
468	2020	251	13392	13.8	17.9	1.223	6.1	2
468	2020	252	16588.8	16.4	19.3	1.8169	7.2	0
468	2020	253	10972.8	15.8	18.4	1.6745	8.4	1
468	2020	254	7344	14.1	17.2	1.1009	5.5	0
468	2020	255	16502.4	15.6	17.7	1.2301	6.3	0
468	2020	256	15724.8	15.9	17.9	1.442	8.5	0.8
468	2020	257	10972.8	16	19	1.6774	8.3	0
468	2020	258	14515.2	17.3	21	1.8822	3.6	0
468	2020	259	17712	17.8	21.2	1.9688	2.3	0
468	2020	260	14774.4	14.7	19.4	1.5916	7.1	0
468	2020	261	2332.8	14	15.7	1.0121	6.3	0
468	2020	262	17971.2	13.3	16.3	1.1097	5.7	0
468	2020	263	18489.6	14.4	17.7	1.2022	7.1	0
468	2020	264	14860.8	14.5	17.9	1.3609	5.8	0
468	2020	265	17884.8	12.8	19.1	1.4661	3.3	0
468	2020	266	17625.6	13.8	19.4	1.528	1.6	0
468	2020	267	16588.8	15.3	19.7	1.6175	5.3	19.9
468	2020	268	13219.2	15	18.2	1.3394	9	0.2
468	2020	269	13046.4	13.1	16.2	1.149	6	0.6
468	2020	270	10540.8	12.1	16.4	1.1684	5.1	3.1
468	2020	271	6739.2	12.9	17.2	1.5548	5.7	1.8
468	2020	272	3024	13.9	16.8	1.5851	4.3	0.7
468	2020	273	3456	12.8	15.9	1.3719	4.9	1.2
468	2020	274	6307.2	14.1	17	1.5349	4.7	0.2
468	2020	275	8640	14.1	17.1	1.4868	9.8	1.7
468	2020	276	9417.6	13.4	16.4	1.4045	8.3	0
468	2020	277	4492.8	13	16.7	1.4506	12.3	1.7
468	2020	278	4406.4	12.6	15.1	1.1701	8.4	0
468	2020	279	9158.4	12.9	15	1.1936	7.9	1.5
468	2020	280	9072	12.6	15	1.3239	8.2	1.4
468	2020	281	6048	11.1	15.7	1.1978	7.1	19.6
468	2020	282	6220.8	11.3	16.1	1.3154	9.4	15.2
468	2020	283	2764.8	9.7	14.4	0.9981	7.5	7.1
468	2020	284	9849.6	8.6	12.4	0.9007	7	13.7
468	2020	285	5788.8	9	14.8	1.0022	6.5	4.9
468	2020	286	8726.4	10.5	14.3	1.0069	4.8	0
468	2020	287	7603.2	11.5	13.3	1.0789	6	0
468	2020	288	10108.8	10	12.3	0.967	10.4	0
468	2020	289	8985.6	9	10.9	0.856	8.7	0
468	2020	290	8726.4	9.1	11.7	0.8947	4	0
468	2020	291	10800	10.5	13.1	1.0233	3.8	1.3
468	2020	292	10368	10	13.2	0.9007	8.5	0.6
468	2020	293	6912	9.2	12.6	0.9771	6	2.2
468	2020	294	6048	9.1	14	1.1153	7.5	0.2
468	2020	295	2419.2	12.8	16.9	1.535	8.2	5.1
468	2020	296	1900.8	13.2	15.1	1.3543	10.7	0.2
468	2020	297	8121.6	12	14.3	1.2087	7.5	4.2
468	2020	298	7430.4	12.2	14.2	1.2429	8.5	0.2
468	2020	299	5788.8	11.6	15.3	1.2942	8.7	1.8
468	2020	300	2160	10.8	11.9	1.0873	8.8	0
468	2020	301	4233.6	10.3	11.9	1.0826	10.9	1.6
468	2020	302	6998.4	10.6	13.1	1.1099	10.6	4.1
468	2020	303	6393.6	7.4	12.9	0.9791	8.7	7.3
468	2020	304	4924.8	11.7	14.2	1.4465	7.7	1.2
468	2020	305	1468.8	12.5	14	1.4295	5.3	1.7
468	2020	306	2419.2	11.8	15.9	1.344	8.6	2.1
468	2020	307	4665.6	11.4	16.8	1.3821	10.6	1.6
468	2020	308	3283.2	7.2	13.2	0.8704	10.8	5.1
468	2020	309	6912	8.2	12.2	0.8953	8.6	1.8
468	2020	310	5529.6	10.5	12.3	1.0774	7.9	0.8
468	2020	311	2160	10.5	12.9	1.2363	3.6	0
468	2020	312	2937.6	7.6	10.9	0.9567	4	0
468	2020	313	6912	9.3	11.5	1.0838	7	0
468	2020	314	5616	6.8	10	1.0466	6.7	0
468	2020	315	1296	6.1	7.7	0.9548	5.1	0
468	2020	316	691.2	6.5	10.6	1.0684	3.6	0
468	2020	317	864	9.2	12.1	1.1404	6.7	1.3
468	2020	318	2851.2	9.2	12.3	1.1222	6.6	1.4
468	2020	319	4665.6	10.8	13	1.1692	5.1	0.2
468	2020	320	2419.2	8.8	14.2	1.1388	7.5	6.4
468	2020	321	3974.4	10	12.3	1.1392	10.5	4.6
468	2020	322	1641.6	10.3	13	1.246	9.9	0.1
468	2020	323	1123.2	11.2	13.5	1.2617	9.7	0.6
468	2020	324	2160	5.1	11.9	0.7764	12.8	5.1
468	2020	325	3110.4	5	9	0.711	12.8	2.2
468	2020	326	3801.6	6.7	11.8	1.0501	12.8	12
468	2020	327	1382.4	9.2	11.7	0.9357	12.8	1.6
468	2020	328	3974.4	7.4	10.7	0.8288	9.1	0.3
468	2020	329	3974.4	8.3	10.1	1	9.1	0
468	2020	330	2332.8	6.5	9.1	0.899	7.4	0.2
468	2020	331	4233.6	8.1	10.8	0.9342	5.4	0
468	2020	332	3888	7.1	9.7	0.9034	4.6	0
468	2020	333	3110.4	2.6	7.7	0.8019	7.7	0
468	2020	334	1641.6	3.7	5.7	0.6149	3.4	0
468	2020	335	1555.2	3.2	7	0.7377	7.9	5
468	2020	336	777.6	5.9	9.5	0.9559	5.6	0.7
468	2020	337	777.6	4.6	6.8	0.7324	5.6	0.3
468	2020	338	777.6	4.8	6.4	0.8092	8	1.3
468	2020	339	1209.6	3.5	7.3	0.7532	10.1	0.4
468	2020	340	777.6	2.7	6.9	0.7224	6.5	3.4
468	2020	341	777.6	5.5	6.9	0.853	6.2	2.9
468	2020	342	777.6	5.4	7.5	0.8775	6.9	1.5
468	2020	343	1728	5.3	6.8	0.7692	5.1	0
468	2020	344	691.2	3.4	6.6	0.7849	5.3	0
468	2020	345	691.2	3.3	5.1	0.7174	4.2	0.5
468	2020	346	691.2	3.7	5	0.725	9.5	0
468	2020	347	691.2	3.4	5.6	0.7664	8.5	0
468	2020	348	691.2	5.1	7.9	0.9192	5.6	0.3
468	2020	349	950.4	6.5	9.7	0.9607	7.6	6.4
468	2020	350	691.2	7.5	9.1	1.0614	5.8	3.7
468	2020	351	2678.4	6.4	9.2	0.9942	6.1	1.2
468	2020	352	691.2	8.1	9.1	1.0497	7.3	5.1
468	2020	353	2073.6	7	8.9	0.9616	8.2	0
468	2020	354	3024	7.3	10.1	0.9893	6.8	0
468	2020	355	864	8.3	9.8	1.036	6.3	0
468	2020	356	1036.8	6.3	8.4	0.9334	8.1	8
468	2020	357	1468.8	8	9.8	0.98	6.9	0.6
468	2020	358	691.2	4.8	8	0.8264	5.4	9.4
468	2020	359	950.4	4.7	7.4	0.7504	8.3	0
468	2020	360	3024	3.2	6.2	0.5637	3.7	0.4
468	2020	361	691.2	4.3	6.7	0.7765	10.1	1
468	2020	362	691.2	4.1	6.5	0.7836	13.4	7.6
468	2020	363	691.2	3.8	5.6	0.7515	4.9	3.3
468	2020	364	691.2	2.2	6.3	0.7365	4.6	8.2
468	2020	365	691.2	4	7.3	0.8029	8.6	8.6
468	2020	366	777.6	4.2	6	0.7728	7.3	12.7
