*---------------------------------------------------------------------------*
* Station name: SCHLESWIG                               
* Year: 1983
* Author: Pedro Alencar                                   -999.000: NIL VALUE
* Source: ECAD 
* Comments: 
* Longitude: 54.5289, latitude: 54.5289, altitude: 43 m.
*
* Column  Daily value
* 1       station number
* 2       year
* 3       day
* 4       irradiation                   (kJ m-2 d-1)
* 5       minimum temperature           (degrees Celsius)
* 6       maximum temperature           (degrees Celsius)
* 7       early morning vapour pressure (kPa)
* 8       mean wind speed (height: 2 m) (m s-1)
* 9       precipitation                 (mm d-1)
*
** WCCDESCRIPTION=GERMANY, SCHLESWIG                               
** WCCFORMAT=2
** WCCYEARNR=1983
*---------------------------------------------------------------------------*
   54.5289  9.5492    43.  -0.18 -0.55
470	1983	1	345.6	1.1	3.1	0.6894	5.5	1.5
470	1983	2	1728	1.9	5.4	0.722	5	5
470	1983	3	259.2	1.3	8.5	0.8314	5.6	8.5
470	1983	4	259.2	5	9.3	0.8802	7.5	12.8
470	1983	5	1296	1.9	9.6	0.882	5	2.5
470	1983	6	518.4	6	11	0.9095	9.4	4
470	1983	7	2073.6	2.9	6	0.7133	6.6	2.9
470	1983	8	2592	3.4	5.9	0.6893	5.9	0.6
470	1983	9	1296	4	7.2	0.7728	8.6	5.2
470	1983	10	1209.6	5	6.6	0.8205	7.1	0.6
470	1983	11	1900.8	6.4	8.7	0.915	7	0.1
470	1983	12	518.4	4.6	7.5	0.8254	6.2	0
470	1983	13	432	2.4	6.3	0.7167	7.5	3.6
470	1983	14	864	0.2	3.2	0.6493	5.1	6.4
470	1983	15	2073.6	0.4	5	0.6157	6.6	8.4
470	1983	16	2246.4	1.4	6.2	0.7136	7	6.7
470	1983	17	604.8	4.9	7.2	0.8442	9.4	3.7
470	1983	18	2678.4	0.8	6.8	0.6013	12.4	3.3
470	1983	19	2419.2	-3	2.1	0.4849	4.3	0
470	1983	20	2937.6	-3.4	4.4	0.5195	5.5	1.2
470	1983	21	777.6	4.2	7.4	0.8205	9.4	1.4
470	1983	22	2332.8	4.8	7.2	0.8226	6.9	0
470	1983	23	950.4	3	6	0.6906	4.4	0
470	1983	24	3542.4	-0.3	3.8	0.5268	4.3	6.1
470	1983	25	604.8	3.1	5.8	0.8224	6.2	0
470	1983	26	2937.6	4.8	7.2	0.8413	7.6	0.5
470	1983	27	1209.6	4.6	9.3	0.8183	9.7	1
470	1983	28	2332.8	4.1	6.7	0.825	6.2	10.4
470	1983	29	3110.4	4.5	7.8	0.6989	10.3	0.7
470	1983	30	1814.4	1.4	5	0.661	6.3	6.7
470	1983	31	4665.6	0.4	5.6	0.6213	4.5	12.2
470	1983	32	1987.2	0	6.7	0.6292	10.2	9.7
470	1983	33	4320	0	4.3	0.5992	7	5
470	1983	34	5011.2	-2.1	3.1	0.5575	4.3	0.9
470	1983	35	6220.8	-4.3	3.9	0.4938	4.1	0.3
470	1983	36	1468.8	-1.4	1.5	0.5764	5.3	9
470	1983	37	3283.2	0.4	2	0.6131	3.3	1.5
470	1983	38	1296	-1.1	0.8	0.5621	5.8	6.4
470	1983	39	2246.4	-2.9	-1.1	0.438	7	6.6
470	1983	40	5097.6	-3.3	0.5	0.4854	3.5	0.3
470	1983	41	4838.4	-3.4	0.3	0.4582	1.5	0
470	1983	42	6912	-3.1	0.3	0.3806	3.3	0.7
470	1983	43	6912	-7	-0.9	0.324	4.3	0
470	1983	44	8380.8	-10	-2.2	0.3063	2	0
470	1983	45	2937.6	-5.8	1.2	0.4594	2.1	0
470	1983	46	6652.8	-3.4	1.2	0.3947	2.7	0
470	1983	47	2419.2	-4.6	1.1	0.4677	2.3	0
470	1983	48	9504	-4.5	1.5	0.4983	2.3	0
470	1983	49	3628.8	-4.1	2.9	0.4737	4.4	0
470	1983	50	6825.6	-0.9	3.4	0.5818	3	0.1
470	1983	51	8294.4	-2.1	3	0.4482	4.4	0
470	1983	52	9676.8	-4.6	0.9	0.3682	3	0
470	1983	53	7776	-5.1	4.4	0.4586	3.4	0
470	1983	54	9849.6	-4.8	3	0.4234	2.5	0
470	1983	55	9331.2	-2.6	5.3	0.4042	2.9	0
470	1983	56	9763.2	-3.9	7	0.5057	2.3	0
470	1983	57	1900.8	-1.7	1.2	0.528	2.6	0.9
470	1983	58	1900.8	0.4	5.1	0.7295	1.5	3.9
470	1983	59	2678.4	2.4	5	0.7484	3.3	1.2
470	1983	60	2419.2	0.6	3.6	0.661	2.3	0
470	1983	61	5616	-1.8	2.5	0.6204	2.1	0.2
470	1983	62	3542.4	-2.1	0	0.549	3.2	0
470	1983	63	6912	-0.8	6.7	0.6645	4	0.5
470	1983	64	2160	1	5.6	0.7043	7.5	6.9
470	1983	65	2592	4.9	7.1	0.8693	8.5	5.3
470	1983	66	6998.4	5.1	7.4	0.7799	8.7	2.2
470	1983	67	4838.4	3.7	7.5	0.8365	6.9	0
470	1983	68	4147.2	3.1	7.8	0.8188	6.6	0
470	1983	69	4320	5.1	8.4	0.8958	7.7	1.4
470	1983	70	11836.8	0.2	7.3	0.4714	7.4	0
470	1983	71	13564.8	-3.5	7	0.3882	2.5	0
470	1983	72	11750.4	-0.5	8.2	0.4184	3.7	0
470	1983	73	4665.6	1.6	11.6	0.7794	3.7	3.5
470	1983	74	6998.4	2.9	9.8	0.8714	2.8	0
470	1983	75	3456	2.4	5.8	0.7288	3.5	0
470	1983	76	1555.2	2.8	7.2	0.8023	4.9	6.1
470	1983	77	2332.8	5.6	7.6	0.9742	4.4	1.2
470	1983	78	5184	4.1	7.8	0.7732	2.6	0.5
470	1983	79	1728	3.4	7.3	0.831	2.8	7
470	1983	80	7516.8	3.9	7.4	0.7299	5.9	7.1
470	1983	81	5356.8	-0.4	4.6	0.6468	5.5	13.9
470	1983	82	8380.8	-1	6.2	0.6261	4.3	13.9
470	1983	83	1900.8	2.4	7	0.7601	6.4	2
470	1983	84	11577.6	0.3	6.1	0.6072	4.9	1.7
470	1983	85	15292.8	-0.9	7.8	0.5867	3.4	1.1
470	1983	86	6825.6	0.2	4.1	0.6063	4.1	6.3
470	1983	87	15638.4	-1.8	6.9	0.5651	2.7	1.1
470	1983	88	7171.2	-0.4	4.8	0.6013	2.2	3.5
470	1983	89	9417.6	0	8.2	0.6715	4.9	2.1
470	1983	90	8726.4	2.5	8.1	0.7925	3.4	1.3
470	1983	91	12009.6	3.5	12.1	0.825	3.2	0
470	1983	92	3628.8	2.6	6.4	0.7243	6.1	5.1
470	1983	93	4838.4	0.8	4.6	0.6157	5.4	0.1
470	1983	94	13132.8	-0.4	8.2	0.5894	3.3	0.1
470	1983	95	10022.4	3.6	8.4	0.7385	2.8	0.8
470	1983	96	2332.8	2.4	4.5	0.7197	4.7	4.9
470	1983	97	13737.6	1.8	8.3	0.7264	4.8	0.4
470	1983	98	8294.4	2.3	7.7	0.7413	2.6	7.6
470	1983	99	16156.8	2.1	9.6	0.7216	3.9	0
470	1983	100	15552	-0.1	10.3	0.7377	3.3	10.4
470	1983	101	6220.8	5	10	0.8704	3	9.5
470	1983	102	2505.6	3	7.5	0.772	4.2	2.1
470	1983	103	12873.6	-0.7	7.8	0.6302	5	1.9
470	1983	104	9417.6	2.6	10.4	0.8224	4.3	1.3
470	1983	105	6652.8	4.5	10	0.8964	4.9	0.2
470	1983	106	18057.6	3.3	15	0.7997	3.3	0
470	1983	107	15724.8	8.1	18.3	0.9398	4.1	5
470	1983	108	14860.8	10.9	18.3	1.3113	3.2	0.2
470	1983	109	7344	8	16.3	1.033	4.2	0
470	1983	110	13392	6.4	11.3	0.7723	4.1	0
470	1983	111	16588.8	6	19.2	0.9474	3.5	0.1
470	1983	112	4752	4.4	12.4	0.9915	4.9	0.8
470	1983	113	22118.4	0.4	13.3	0.8226	3.5	0
470	1983	114	12355.2	5.1	12.6	1.0108	2.3	0.6
470	1983	115	8640	7.2	13.7	1.0748	2	0.9
470	1983	116	11318.4	8.1	14.5	1.1907	3.3	11.7
470	1983	117	1641.6	7.2	10.9	1.1166	5.2	7.4
470	1983	118	16329.6	6.7	13.8	0.9482	4.8	0
470	1983	119	3283.2	7.1	10.9	0.9866	3	11.3
470	1983	120	12441.6	5.1	11.2	0.9098	3.8	0
470	1983	121	17193.6	1.9	11.9	0.7956	5.2	23
470	1983	122	7516.8	5.9	12.8	1.0337	2.9	2.9
470	1983	123	7084.8	4.8	10.6	0.9139	3.1	12.9
470	1983	124	9676.8	6	12.2	0.9702	2.8	0.9
470	1983	125	22464	3.9	15.2	0.9167	2.7	0
470	1983	126	24883.2	4.8	15.9	0.9043	3.8	0
470	1983	127	12700.8	6.9	14.9	0.9902	4.1	14.7
470	1983	128	6220.8	10.1	12.8	1.2296	1.9	5.5
470	1983	129	14688	9	14.9	1.229	2.4	1.9
470	1983	130	11059.2	7.6	12.4	0.8712	3	1.1
470	1983	131	12787.2	6.4	14	1.0694	2.8	3.5
470	1983	132	8812.8	7.7	14	1.0258	4.7	8.7
470	1983	133	15811.2	7.4	14.9	0.9935	4.1	2.5
470	1983	134	15379.2	7.7	16.4	1.0543	3	0.6
470	1983	135	14688	8.9	18.3	1.338	3.5	0.2
470	1983	136	5011.2	9.5	14.1	1.2169	3.3	0
470	1983	137	14256	9.6	17.7	1.3267	4.2	2.8
470	1983	138	11232	8.3	13.3	1.0742	4.7	0.2
470	1983	139	12528	7.1	17.9	1.1004	2.3	2.9
470	1983	140	19353.6	7.9	18.2	1.1107	2.7	0.9
470	1983	141	13651.2	11.5	19.5	1.5124	3.2	15.6
470	1983	142	17452.8	9	14.6	1.0095	4.4	0.1
470	1983	143	20908.8	7.3	18	1.0236	2.4	4.8
470	1983	144	2937.6	9.9	11.4	1.1917	5.9	13.6
470	1983	145	3628.8	10.6	12.6	1.2828	4.3	0.9
470	1983	146	4233.6	10.4	13.4	1.3224	2	1
470	1983	147	6566.4	9.2	12	1.1366	3.7	0.2
470	1983	148	13564.8	8.6	13.8	0.9835	2.1	0
470	1983	149	14083.2	6.1	15.1	1.1111	2	8.9
470	1983	150	16070.4	8.6	16	1.129	3.1	0.2
470	1983	151	21168	7.4	19.1	1.0493	2	0
470	1983	152	22377.6	9.7	23.8	1.276	3.4	0.3
470	1983	153	17539.2	11.1	19.5	1.3716	4.3	12.3
470	1983	154	9676.8	10.1	13.5	1.1616	4.6	0.1
470	1983	155	7257.6	9.1	15.6	1.3621	2.3	5
470	1983	156	13910.4	9.4	15.6	1.2163	4.7	0
470	1983	157	30067.2	6.8	16.4	0.7779	4	0
470	1983	158	30844.8	8.1	20	0.849	3	0
470	1983	159	25488	10.8	25.4	0.9539	2.8	2.5
470	1983	160	16934.4	13.7	21.2	1.6323	4.4	1.2
470	1983	161	20217.6	10.4	17.2	1.119	4.6	0
470	1983	162	23500.8	8.4	20.2	1.1559	3.4	0.1
470	1983	163	15465.6	12.8	20.7	1.4855	3.2	0
470	1983	164	13219.2	11.1	19.3	1.3111	2.5	0
470	1983	165	20044.8	9.1	17.9	1.252	4.2	0.3
470	1983	166	21427.2	6.9	15.9	0.9966	4.5	1.7
470	1983	167	11318.4	9.6	13.7	1.0406	5.6	0.1
470	1983	168	16243.2	8.7	18.1	1.1517	3.8	1.5
470	1983	169	29808	10	22.2	1.0781	3.6	0
470	1983	170	29203.2	9	23.7	1.2625	2.9	0
470	1983	171	29635.2	11.6	26.1	1.2171	2.2	0
470	1983	172	29721.6	14	26.6	1.4029	3.8	0
470	1983	173	29980.8	12.2	19.5	1.2589	5.3	0
470	1983	174	28684.8	11.8	25.6	1.2057	2.9	0
470	1983	175	21254.4	14.9	26.2	1.6662	3.2	0.1
470	1983	176	29116.8	10	19.3	1.1157	4.8	0
470	1983	177	26179.2	8.4	19.9	1.0963	4.3	1.7
470	1983	178	17798.4	10.5	17.1	1.1978	4.7	4.3
470	1983	179	19785.6	8.5	14.1	1.0302	5.6	4.1
470	1983	180	5097.6	9.4	15	1.2919	4.2	10.4
470	1983	181	25315.2	10.1	18.5	1.1233	3	0.2
470	1983	182	14256	9.2	16.7	1.0886	3.6	0
470	1983	183	15638.4	9.1	18.7	1.1898	4.9	0.2
470	1983	184	22550.4	9.2	18.2	1.1901	4.2	0
470	1983	185	15638.4	12.6	18.8	1.4072	3.6	0
470	1983	186	28771.2	11.1	24.6	1.3065	2.1	0
470	1983	187	27648	12.2	24	1.2857	4.2	0
470	1983	188	23846.4	16.1	25.3	1.8278	4.9	0.2
470	1983	189	10281.6	17.2	22.9	1.7092	2.7	0
470	1983	190	26784	17.2	26.2	1.4769	2.8	0
470	1983	191	27388.8	15	29.3	1.6244	2.9	0
470	1983	192	27043.2	17	29.6	1.6844	2.2	0
470	1983	193	27561.6	16.8	28.3	1.8554	4.5	0
470	1983	194	20908.8	14.9	20.5	1.5167	6.9	0
470	1983	195	28684.8	12.8	22	1.4089	4.8	0
470	1983	196	19180.8	12	23.5	1.6635	4.9	0
470	1983	197	24796.8	12.7	20.3	1.2746	4.3	0
470	1983	198	26006.4	9.5	22.4	1.1222	2.4	10.6
470	1983	199	15552	17.1	22.4	1.9766	5.1	0
470	1983	200	23414.4	12.6	19.4	1.1076	4.7	0.2
470	1983	201	18921.6	8.9	15.6	0.8831	6.5	0.2
470	1983	202	17193.6	7.2	17.8	1.0425	5.2	0
470	1983	203	26870.4	11.9	23.2	1.5225	5	0
470	1983	204	27388.8	11.2	28.8	1.5172	2	0
470	1983	205	26956.8	14.8	27.8	1.5677	3.4	0
470	1983	206	25488	15.9	24.3	1.7145	3.8	0
470	1983	207	22204.8	16.4	28.6	1.6321	3.5	0
470	1983	208	22982.4	17.1	26.5	1.877	5.1	0
470	1983	209	20736	14.9	20.3	1.467	5.2	0.4
470	1983	210	5875.2	13.2	18.9	1.603	5.6	2.8
470	1983	211	21686.4	13.1	19.2	1.2832	6.1	0
470	1983	212	23241.6	9.6	25.4	1.298	2.1	0
470	1983	213	15897.6	16.8	29	1.5328	5.5	0
470	1983	214	22809.6	12.6	19.5	1.3115	4.8	0
470	1983	215	22550.4	8.7	19.5	1.0607	4.2	0
470	1983	216	10454.4	10.5	20.6	1.3409	4.2	0
470	1983	217	18921.6	9.3	21.9	1.0797	4.4	0.4
470	1983	218	18921.6	14.6	22.6	1.562	2.9	0.1
470	1983	219	18748.8	12.6	23.5	1.4264	1.7	0
470	1983	220	23155.2	12.3	24.9	1.562	1.9	0
470	1983	221	23932.8	13.5	26	1.4709	2.3	0
470	1983	222	24796.8	12.9	26.8	1.5263	2.1	0
470	1983	223	25056	10.1	24.5	1.3803	3.8	0
470	1983	224	9072	12.8	18.9	1.3848	5.5	0.6
470	1983	225	21945.6	10.5	21	1.233	5.4	0
470	1983	226	18576	10.1	19.4	1.1229	3.7	0
470	1983	227	21513.6	13.3	23.6	1.399	4	0
470	1983	228	17625.6	13.6	22.3	1.5818	5.7	2.2
470	1983	229	20822.4	12.5	21.3	1.3074	2.7	0
470	1983	230	13737.6	9.4	21.5	1.2622	2.3	0
470	1983	231	20304	13.4	24.5	1.6621	3.9	0
470	1983	232	17193.6	17.2	29	1.9181	3.6	0
470	1983	233	19958.4	16.4	25.1	1.8579	3.9	0
470	1983	234	15984	16	27.1	1.9512	2.1	0
470	1983	235	17539.2	15.5	24.4	1.815	2.6	0
470	1983	236	18748.8	12.7	25	1.6735	1.7	0
470	1983	237	15206.4	15.7	24.6	1.8141	2.1	0
470	1983	238	20476.8	12	22.2	1.363	3.3	0
470	1983	239	18921.6	14	23	1.5947	4.4	0
470	1983	240	22118.4	12.1	20.8	1.2893	4.9	0
470	1983	241	21686.4	7.3	24.5	1.2269	2.1	0
470	1983	242	21254.4	7.9	22	1.2393	2.4	0
470	1983	243	20044.8	8.6	24.3	1.2332	2.5	0
470	1983	244	16848	14.7	29.3	1.5305	2.5	11.7
470	1983	245	11059.2	16.7	23	1.7807	2.7	1.1
470	1983	246	8208	13.4	20.7	1.3781	6	9.6
470	1983	247	13996.8	13.4	18.3	1.3309	6.5	9.6
470	1983	248	5961.6	12.6	15.7	1.3221	7.7	5.7
470	1983	249	12441.6	8.1	15.2	1.0406	6.5	10.7
470	1983	250	9763.2	8.2	14.2	1.1297	6.9	2
470	1983	251	9849.6	10.1	15.8	1.193	3.6	2.9
470	1983	252	5529.6	11.2	17.6	1.3928	3.5	0.2
470	1983	253	4579.2	11.7	18	1.4338	3.1	3.4
470	1983	254	10454.4	10.3	16.7	1.1283	3.8	2.7
470	1983	255	4147.2	10.4	13.6	1.2751	3.3	13.8
470	1983	256	4579.2	10.2	13.6	1.3224	4.6	17.1
470	1983	257	5097.6	8.1	16.4	1.3532	2.9	5.8
470	1983	258	4579.2	11.7	18.5	1.4741	4.2	1
470	1983	259	8208	11.8	16.5	1.2576	4.2	0.8
470	1983	260	7603.2	9.9	15.2	1.3655	3.6	2.2
470	1983	261	6307.2	10.1	14.9	1.2887	4.9	5
470	1983	262	12873.6	11.4	17.4	1.2944	5	0.1
470	1983	263	8899.2	9.9	16.3	1.2951	4.2	0.2
470	1983	264	8467.2	9.7	17	1.1633	2.6	5.5
470	1983	265	11750.4	8.7	15	1.1377	4.7	0.6
470	1983	266	13824	7.9	16.8	1.061	2.3	0
470	1983	267	9331.2	9.4	18.8	1.2856	5.9	0.5
470	1983	268	12182.4	7.6	15.3	1.1215	4	0
470	1983	269	9417.6	10.5	17.5	1.3731	4.5	0
470	1983	270	9849.6	12.9	19.8	1.6153	4.7	0
470	1983	271	12355.2	9	17	1.1221	3	0
470	1983	272	11491.2	7.6	15.4	1.0439	4.3	0
470	1983	273	13046.4	5	12.8	0.7521	5.6	0
470	1983	274	13564.8	1.8	12.9	0.6667	3	1.1
470	1983	275	2160	6.6	14.9	1.1996	3.6	1.8
470	1983	276	1814.4	12.4	15.2	1.5131	3.9	0.4
470	1983	277	8121.6	14.1	22.1	1.7627	4.2	0
470	1983	278	5961.6	12.6	19	1.47	7.5	8.8
470	1983	279	8208	8.2	14	1.0298	6.3	0.7
470	1983	280	1555.2	8.1	13.9	1.246	4.6	18
470	1983	281	7171.2	7.3	13.4	1.0927	4.1	11.8
470	1983	282	9849.6	4.9	13.2	0.9324	3.9	2.1
470	1983	283	1123.2	6.4	13.6	1.1779	4.6	17
470	1983	284	4060.8	7.6	11.4	1.0086	5	8.7
470	1983	285	6825.6	7.4	13.3	1.0676	5.4	7.5
470	1983	286	8812.8	10.9	15.8	1.0255	5.3	0
470	1983	287	7257.6	8.4	14.2	1.0703	5.9	0.7
470	1983	288	2160	6.5	12.6	0.9524	3.8	1.5
470	1983	289	5011.2	9	13.1	1.0001	7.6	0.3
470	1983	290	5011.2	7.5	12.9	1.0818	6.3	5.8
470	1983	291	1641.6	6.1	12.7	1.0843	5.9	7.3
470	1983	292	7257.6	8.2	13.2	0.9257	8.2	2.4
470	1983	293	4838.4	4	11	0.8912	4.1	2.4
470	1983	294	8726.4	2.5	11.4	0.8383	3.8	0
470	1983	295	2073.6	3.3	9.4	0.7278	2.9	0
470	1983	296	8380.8	4.3	8.9	0.7404	4.9	0
470	1983	297	7344	2.4	10.4	0.7495	2.8	0
470	1983	298	2246.4	2.4	7.5	0.73	4.7	6.2
470	1983	299	2851.2	6	12.4	1.0582	7	0
470	1983	300	1296	8.6	11.1	1.154	5.7	1
470	1983	301	6134.4	2.8	10.7	0.7776	3.9	0.1
470	1983	302	7862.4	0.7	8.8	0.6256	2.1	0
470	1983	303	5616	0	8.1	0.7181	6.2	1.9
470	1983	304	4233.6	6.5	10.4	0.8733	7	0.2
470	1983	305	2073.6	7.4	11.6	1.0916	6.1	2.8
470	1983	306	6825.6	4.8	12.1	0.8843	2.6	0
470	1983	307	3110.4	4.5	9.7	0.8772	2.5	0
470	1983	308	1468.8	3.9	9	0.945	3.1	0.9
470	1983	309	1296	7.5	9.7	1.0943	2.6	0.1
470	1983	310	2073.6	7.3	9.7	1.0648	2.1	0
470	1983	311	2419.2	6.3	9.9	1.0147	2.3	0
470	1983	312	1900.8	5.9	9.9	0.9903	2.4	0
470	1983	313	4579.2	5.6	14.2	1.0847	1.9	0.3
470	1983	314	1468.8	5	9.2	0.9578	1.2	0
470	1983	315	5961.6	0.4	9	0.632	3.3	0
470	1983	316	5788.8	-1.1	5	0.4852	1.3	0.6
470	1983	317	2678.4	-2.6	4.9	0.6175	1.9	0.2
470	1983	318	2246.4	-5	5.1	0.4844	3.8	6.1
470	1983	319	4924.8	3.2	8	0.7365	4.3	0
470	1983	320	2678.4	-1.3	6.6	0.6726	2.3	0.8
470	1983	321	4233.6	-0.6	5.5	0.583	1.7	0.1
470	1983	322	1987.2	0.4	7.8	0.737	3.6	1.5
470	1983	323	2332.8	-0.2	7.4	0.751	3.6	2.9
470	1983	324	2073.6	2.1	7.5	0.7224	5.8	1.5
470	1983	325	4320	-1.2	3.5	0.4847	4.5	0
470	1983	326	3801.6	-1.5	5.9	0.587	4.6	2
470	1983	327	3628.8	1.4	5.9	0.5712	1.9	0.1
470	1983	328	2851.2	-0.3	5.7	0.675	2.4	0
470	1983	329	518.4	-1.1	9.6	0.8193	4.7	23.4
470	1983	330	691.2	8.4	11.9	1.2022	6.3	12.2
470	1983	331	518.4	5.3	10.1	0.9769	4.8	13.8
470	1983	332	950.4	1.4	5.3	0.6369	3.9	0
470	1983	333	1209.6	-1.8	4.9	0.6218	3.2	2.2
470	1983	334	3283.2	-3.4	0.6	0.4523	3.1	0
470	1983	335	2937.6	-6.9	-1.2	0.4076	1.5	0
470	1983	336	2851.2	-2.8	-0.5	0.4224	2.7	0
470	1983	337	2851.2	-3	1	0.409	4.9	0
470	1983	338	1468.8	-1.5	2	0.5226	4.9	0
470	1983	339	1468.8	0.6	6.7	0.7299	5.8	0
470	1983	340	2505.6	1.4	6	0.6369	4.4	0.1
470	1983	341	3283.2	-1.1	3.2	0.501	3	0
470	1983	342	259.2	-0.5	3	0.642	6	5.2
470	1983	343	259.2	2.8	4.4	0.7748	4.4	28.7
470	1983	344	1555.2	-6.4	4.5	0.4675	4.5	1
470	1983	345	3110.4	-7	-1.2	0.4016	2.3	0
470	1983	346	2505.6	-4.8	-1.3	0.3905	2.5	0
470	1983	347	2851.2	-8.5	-3.8	0.309	3	0
470	1983	348	3024	-6.5	-0.6	0.4185	4	0
470	1983	349	2851.2	-5.8	-0.2	0.3969	3.1	0
470	1983	350	2764.8	-5.7	-1.4	0.3715	4.1	0
470	1983	351	1641.6	-6.5	0.1	0.4393	3.3	0
470	1983	352	432	-1.7	1.1	0.5859	1.4	0.2
470	1983	353	345.6	0	1.5	0.6258	3.8	4.7
470	1983	354	691.2	1.2	5.6	0.7093	2.7	0.6
470	1983	355	345.6	2.6	4.5	0.7484	2.4	4.5
470	1983	356	604.8	2.5	6	0.7696	4.3	8.6
470	1983	357	1036.8	3.2	6.7	0.8082	4.9	0.7
470	1983	358	1209.6	-0.3	3.3	0.5992	2.9	13.5
470	1983	359	518.4	2.7	9.4	0.8536	7	0
470	1983	360	950.4	1.7	6.5	0.7124	5.1	0
470	1983	361	432	0.4	8.9	0.8	7.4	8.5
470	1983	362	345.6	7.1	9.5	1.0614	8.3	3.2
470	1983	363	1814.4	2.7	7.5	0.8518	3.8	1.6
470	1983	364	2160	3.5	7.3	0.7174	6.7	0.2
470	1983	365	432	2.8	6.6	0.7601	7.7	8.6
