*---------------------------------------------------------------------------*
* Station name: SCHLESWIG                               
* Year: 1998
* Author: Pedro Alencar                                   -999.000: NIL VALUE
* Source: ECAD 
* Comments: 
* Longitude: 54.5289, latitude: 54.5289, altitude: 43 m.
*
* Column  Daily value
* 1       station number
* 2       year
* 3       day
* 4       irradiation                   (kJ m-2 d-1)
* 5       minimum temperature           (degrees Celsius)
* 6       maximum temperature           (degrees Celsius)
* 7       early morning vapour pressure (kPa)
* 8       mean wind speed (height: 2 m) (m s-1)
* 9       precipitation                 (mm d-1)
*
** WCCDESCRIPTION=GERMANY, SCHLESWIG                               
** WCCFORMAT=2
** WCCYEARNR=1998
*---------------------------------------------------------------------------*
   54.5289  9.5492    43.  -0.18 -0.55
470	1998	1	950.4	4.4	7.1	0.8912	3.2	0.3
470	1998	2	518.4	3.7	6.6	0.8107	3.8	3.7
470	1998	3	691.2	4.9	8.1	0.8805	5.6	20
470	1998	4	1555.2	2.6	6.3	0.7385	7.2	11.4
470	1998	5	691.2	1.1	5.8	0.7118	7	16.9
470	1998	6	1900.8	1.5	6.4	0.7455	3.7	1.3
470	1998	7	691.2	3.5	8.7	0.8659	5.5	8
470	1998	8	1468.8	3.2	6.1	0.7574	4.7	19.4
470	1998	9	259.2	3	9.1	0.9005	3.5	8.7
470	1998	10	2592	6	11.1	0.946	4.5	0
470	1998	11	3369.6	3.1	9.2	0.7273	3.6	0
470	1998	12	2419.2	3.1	7	0.7876	3.8	0
470	1998	13	2851.2	3.5	7.8	0.8303	2	0
470	1998	14	2505.6	3.9	10.4	0.779	4.3	0.7
470	1998	15	2505.6	3.5	7.4	0.7918	6.3	6.5
470	1998	16	604.8	5	7.2	0.8754	4.7	2.5
470	1998	17	1555.2	3.1	5.9	0.7748	5.8	4
470	1998	18	1728	2.8	6.5	0.7574	5.7	3.3
470	1998	19	604.8	2.3	4.6	0.7744	2.7	8.1
470	1998	20	518.4	-0.5	4.2	0.5795	5.9	0.1
470	1998	21	1728	-1.5	0	0.4512	2.8	0
470	1998	22	4147.2	-2.8	1.4	0.4761	1.6	0
470	1998	23	864	-3.4	1.6	0.5436	2.2	0.7
470	1998	24	691.2	0	2.4	0.5198	7	0
470	1998	25	3369.6	-3.6	2.3	0.4953	2.4	0
470	1998	26	1641.6	-4.4	0.6	0.4678	2.8	0
470	1998	27	1123.2	-3.1	2.8	0.556	4.3	0.8
470	1998	28	3715.2	-0.3	4.8	0.6035	3.3	0
470	1998	29	5443.2	-4.1	4.8	0.5515	2.5	1.3
470	1998	30	1987.2	-0.1	5.9	0.5568	5.4	0.1
470	1998	31	5875.2	-8.3	0.1	0.2392	3.5	0
470	1998	32	5011.2	-9	-3.2	0.221	2.8	0
470	1998	33	1123.2	-7.5	0.2	0.4201	5	3.7
470	1998	34	6220.8	-3.4	2.4	0.4537	4.8	0.4
470	1998	35	1123.2	0.8	4.3	0.6899	6.3	1.5
470	1998	36	1814.4	2.5	6.1	0.8138	4.8	1
470	1998	37	1728	3.2	5.4	0.7806	4.4	0.3
470	1998	38	1728	0.3	4.1	0.6371	4.4	2.3
470	1998	39	3542.4	2	6.2	0.737	5.1	0.7
470	1998	40	950.4	4.1	6.1	0.7816	7.3	0
470	1998	41	950.4	4.5	6.8	0.8485	5.8	0
470	1998	42	777.6	5.5	7.4	0.8775	7.4	8.4
470	1998	43	604.8	7.1	8.4	1.0224	7.7	2
470	1998	44	1209.6	6.8	8.1	1.012	4.8	0.1
470	1998	45	5356.8	6.7	11.2	1.0176	5.4	0.2
470	1998	46	1382.4	7.3	8.5	1.001	5.4	0
470	1998	47	2419.2	6.6	10.2	0.9584	8.5	2.9
470	1998	48	5702.4	-1.3	6.9	0.65	4.2	0.6
470	1998	49	2937.6	5.1	8.9	0.9713	5.1	0
470	1998	50	2764.8	3.3	7.6	0.8368	4.2	0
470	1998	51	1641.6	5	9.3	0.9207	3.9	0
470	1998	52	5011.2	5.9	11.5	0.9781	4.2	5.5
470	1998	53	2160	4.9	10.3	0.9599	4.7	0
470	1998	54	4320	3.1	7.4	0.8253	6.2	1.4
470	1998	55	2246.4	6.7	9.5	1.0794	5.7	0.3
470	1998	56	5097.6	5.7	11	1.043	4.2	0
470	1998	57	1641.6	5.7	7.5	0.8086	6.5	1.5
470	1998	58	2160	5.7	7.6	0.7919	10	6.4
470	1998	59	6134.4	1	7.4	0.6762	6.2	4.8
470	1998	60	5443.2	-1.2	2.3	0.5595	4	8.2
470	1998	61	7603.2	-2	6.5	0.6178	6.9	5.9
470	1998	62	777.6	4.9	10.3	1.0225	7.3	26.9
470	1998	63	1296	4.2	11.5	0.9339	8.2	2.7
470	1998	64	5097.6	0.6	5.7	0.6739	5.8	9.6
470	1998	65	8640	-0.6	6.3	0.5473	4.3	0.8
470	1998	66	1123.2	-0.9	3.3	0.6464	2.9	9.8
470	1998	67	9072	-2.3	3.1	0.4906	5.1	0.2
470	1998	68	13046.4	-3.7	5.8	0.4944	4	0.2
470	1998	69	10195.2	-3.2	5.8	0.5504	2.5	0.3
470	1998	70	10195.2	1	6.7	0.531	4.4	0.6
470	1998	71	11577.6	-1.3	4.9	0.487	4.1	0.1
470	1998	72	3024	-2.3	6.4	0.6445	5.4	0.6
470	1998	73	10627.2	0.9	7.8	0.625	5.4	0.3
470	1998	74	6220.8	3.7	10.7	0.9035	4.1	0.2
470	1998	75	4838.4	6	11.4	1.0456	4.8	0.1
470	1998	76	4406.4	5.5	9.8	0.9945	4.7	0
470	1998	77	9417.6	3.2	10.1	0.8016	5.9	0.8
470	1998	78	11664	-0.4	8	0.6013	6.2	0
470	1998	79	11059.2	0.1	6.2	0.5208	5.1	0
470	1998	80	15811.2	-2.2	8.9	0.466	3.5	0
470	1998	81	9417.6	2.6	9	0.6914	2.3	0
470	1998	82	15897.6	0.4	5.9	0.5437	5.5	0
470	1998	83	15465.6	-2.4	8.7	0.4825	2.2	0
470	1998	84	12960	0.2	10.7	0.4409	3.3	0
470	1998	85	15638.4	1.3	11.3	0.5153	4.6	3.8
470	1998	86	10713.6	4.9	12.4	0.9188	4.6	0.2
470	1998	87	2678.4	5	12	1.0648	1.7	0.5
470	1998	88	15292.8	8.9	17.5	1.152	3.3	0
470	1998	89	12960	8	18	0.8677	3.6	0
470	1998	90	7689.6	8.5	14.1	1.1238	4.3	0
470	1998	91	3369.6	4.7	8.6	0.9287	3.3	4.3
470	1998	92	2764.8	1.2	4.9	0.7452	6.2	9.8
470	1998	93	1123.2	1.7	9.5	0.9092	5	16.3
470	1998	94	6220.8	6.4	11.8	1.028	3.8	6.2
470	1998	95	6739.2	7.6	11.8	1.1064	3.2	11.5
470	1998	96	9072	6.5	12.4	1.0879	2	0.5
470	1998	97	10540.8	4.5	11.2	0.9763	3	1.3
470	1998	98	3369.6	4.1	6.8	0.8278	3.7	0.1
470	1998	99	3196.8	3.9	5.5	0.7515	4.2	1.2
470	1998	100	7257.6	4.4	9.1	0.8662	5.2	0
470	1998	101	4233.6	4.9	7.7	0.9162	3.6	3.6
470	1998	102	13305.6	3.6	9.2	0.7495	5.8	0.1
470	1998	103	10540.8	3	9	0.7665	4.8	3
470	1998	104	9763.2	0.3	7.7	0.6586	4	2.6
470	1998	105	11145.6	2	10	0.6169	3.6	1.9
470	1998	106	8726.4	1.9	7.9	0.8054	4.4	2
470	1998	107	13824	1.1	11.5	0.6871	3.4	0
470	1998	108	17107.2	1.8	11	0.7015	3	0
470	1998	109	19008	1.9	13.3	0.7616	3	0
470	1998	110	10281.6	1.5	12.9	0.8223	2.2	6
470	1998	111	13305.6	8.5	14.7	1.16	2.1	0
470	1998	112	18403.2	4.9	11.6	0.9487	4	0
470	1998	113	17366.4	6.5	15.4	1.1372	4.3	0
470	1998	114	8553.6	7.9	14.9	1.1851	3.5	2.1
470	1998	115	11491.2	7.7	16.4	1.1949	4	9
470	1998	116	11491.2	8.9	14.9	1.1971	2.2	3.4
470	1998	117	4492.8	8.3	10.3	1.1356	3	3.6
470	1998	118	8467.2	7.6	13.2	1.0712	2.9	2.7
470	1998	119	2505.6	8.2	9.9	1.1281	3.2	15.7
470	1998	120	19785.6	8	19.7	1.344	3.8	0.1
470	1998	121	22723.2	9.8	19	1.2781	3.9	0
470	1998	122	23414.4	8.1	20	1.1373	2.9	0
470	1998	123	22118.4	5.7	19.1	0.9926	4.4	0
470	1998	124	22982.4	4.4	15.7	0.8864	5	0
470	1998	125	11491.2	5.8	11.6	0.9781	4.3	3.4
470	1998	126	7257.6	5.6	12.3	1.0176	6	4.3
470	1998	127	5184	8.4	13.6	1.1148	5.6	0.1
470	1998	128	22723.2	11.7	18.4	1.196	4.3	0
470	1998	129	23241.6	11	25	1.2777	3.2	0
470	1998	130	24537.6	12.1	24.4	1.4862	2.7	0
470	1998	131	23500.8	11.8	18.8	1.2501	4.9	0
470	1998	132	21945.6	10.3	16.1	1.0459	6	0
470	1998	133	27734.4	9.3	14.4	0.8324	7	0
470	1998	134	28598.4	6.5	15	0.7869	5	0
470	1998	135	27388.8	6.8	19.8	0.9154	3.7	0
470	1998	136	27302.4	5.7	16.9	0.9098	3	0
470	1998	137	27648	5.8	19.1	0.8082	3	0
470	1998	138	25142.4	6.5	22.8	0.9159	1.9	0
470	1998	139	19267.2	7.6	19.1	1.1786	3.9	0
470	1998	140	18489.6	6.5	16	0.9067	4.4	0
470	1998	141	16761.6	3.9	13.4	0.7843	5.1	1.7
470	1998	142	17452.8	4.1	14.7	0.8132	4.1	0
470	1998	143	12268.8	3.2	15	0.8316	4	0
470	1998	144	6739.2	8.3	12.4	1.0802	4.1	1.2
470	1998	145	12614.4	9.4	14.4	1.1275	3.9	3.8
470	1998	146	12614.4	9.1	16.8	1.2377	1.8	0.8
470	1998	147	15379.2	9.9	17.8	1.265	2.1	3.8
470	1998	148	12700.8	8.4	16.2	1.3005	3.5	0.5
470	1998	149	25401.6	12.3	21.1	1.4618	5	0
470	1998	150	14860.8	12.1	18.1	1.3713	5	0.1
470	1998	151	9590.4	11.1	18.9	1.4477	2	0
470	1998	152	9936	11.9	16.6	1.3469	3.5	0
470	1998	153	21772.8	11.7	19.7	1.336	2.8	0
470	1998	154	21427.2	13.7	20.2	1.3887	4.9	2.4
470	1998	155	14256	9.3	16.8	1.2008	3.6	0.6
470	1998	156	22291.2	5.1	15.2	0.8552	3.4	1.1
470	1998	157	10972.8	10.5	18.3	1.4911	3.7	6.2
470	1998	158	10454.4	13.6	22.3	1.8694	2.9	11.8
470	1998	159	15724.8	10.4	17.6	1.2614	4.6	1.5
470	1998	160	3628.8	13.1	16.9	1.5499	4.2	19.8
470	1998	161	10108.8	12.2	17	1.4607	3.1	6.4
470	1998	162	19526.4	10.2	19.7	1.2393	2.4	1.3
470	1998	163	8380.8	9	14.6	1.1477	4.5	3.2
470	1998	164	27302.4	7.1	16.4	0.8407	3.7	0
470	1998	165	26784	6.2	18.5	0.8603	4	0
470	1998	166	26179.2	11.7	19.6	1.0831	3.2	0
470	1998	167	23155.2	9.2	20	1.0457	5.4	0
470	1998	168	18057.6	10.7	15.3	1.0473	8	0.2
470	1998	169	26092.8	10	18.4	1.0028	4.3	0
470	1998	170	11577.6	9.4	20.2	1.3451	2.6	0.1
470	1998	171	11664	10.9	20.4	1.456	1.9	0
470	1998	172	27993.6	15.3	27.6	1.8118	2.5	0
470	1998	173	21859.2	13.8	21.5	1.5119	5.3	0
470	1998	174	13305.6	10.9	18.1	1.4018	3.5	4.8
470	1998	175	11577.6	13	19	1.4526	1.1	0
470	1998	176	21340.8	15.7	23.6	1.7816	3	5.2
470	1998	177	27475.2	12	21.2	1.2639	2.9	0.1
470	1998	178	17280	15.5	22.9	1.5993	2.2	9
470	1998	179	17798.4	13.4	18.4	1.4434	4.4	4.6
470	1998	180	17280	10.8	18.4	1.3279	4	16.4
470	1998	181	8640	11.6	15.7	1.4047	2	8.2
470	1998	182	15292.8	11.6	18	1.3619	2.2	1.5
470	1998	183	16156.8	10.2	18.2	1.294	4.3	0
470	1998	184	12787.2	11.7	17.3	1.2369	5.6	0.3
470	1998	185	6912	12.9	16.8	1.4844	6.1	6
470	1998	186	5788.8	13	15.7	1.4699	6.2	3.1
470	1998	187	16243.2	11.3	15.6	1.2017	6.1	0.5
470	1998	188	18230.4	9.5	16.8	1.1029	5	1
470	1998	189	25142.4	8.6	20.6	1.2283	3.9	3.3
470	1998	190	5961.6	11.2	15.6	1.4128	4	5.4
470	1998	191	18489.6	10.9	18	1.2164	3.8	7.3
470	1998	192	14169.6	11.8	17.5	1.3988	4.5	3.5
470	1998	193	20995.2	9.9	20.3	1.2856	3.6	5.5
470	1998	194	20390.4	12.5	18.1	1.2675	6.2	3.5
470	1998	195	9244.8	10.6	14.7	1.3014	6.6	23.6
470	1998	196	14601.6	10.8	16.9	1.3282	3.9	2
470	1998	197	16070.4	9.7	19	1.2249	1.9	0
470	1998	198	22550.4	12.2	20.6	1.3783	2.5	4.5
470	1998	199	13305.6	11.3	17.4	1.4209	3.9	13
470	1998	200	17107.2	10.8	17.3	1.2655	5.7	0.1
470	1998	201	26611.2	11.7	26	1.4779	2.5	0.5
470	1998	202	21859.2	16.7	28.3	2.1218	4.1	0.4
470	1998	203	25574.4	13.6	21.5	1.4824	3.7	0
470	1998	204	15379.2	12.5	25.1	1.7549	2.7	5.7
470	1998	205	13564.8	12.5	17.3	1.3707	4.5	0
470	1998	206	23241.6	10.8	19.2	1.1922	3.8	0.1
470	1998	207	20908.8	9.9	20.8	1.2367	2.2	0
470	1998	208	11232	14.5	19.4	1.6201	3.3	30.4
470	1998	209	11232	12.8	18.7	1.5904	1.5	3.7
470	1998	210	11750.4	13	20.3	1.6086	2.8	13.6
470	1998	211	13132.8	13.3	19.1	1.5632	4.3	11.1
470	1998	212	11318.4	12.4	17.4	1.4892	4.5	8.4
470	1998	213	13564.8	12.7	19.8	1.4575	3.1	0.1
470	1998	214	15033.6	11.3	18.7	1.3625	2.1	0
470	1998	215	16588.8	11	20.7	1.2949	2.6	12.6
470	1998	216	18748.8	14.8	20.3	1.6026	5.4	1
470	1998	217	12009.6	13.3	18.7	1.3981	5.5	0.2
470	1998	218	8726.4	13.6	19.2	1.4342	4.6	0.2
470	1998	219	9244.8	14	19	1.5933	4.1	0
470	1998	220	13564.8	12.7	22.4	1.7428	4.3	0
470	1998	221	24537.6	10.3	22.4	1.3554	3.2	0
470	1998	222	25401.6	9.2	23.1	1.2649	3	0
470	1998	223	20736	15.8	24.1	1.6522	3.8	0
470	1998	224	17884.8	14.4	25.9	1.7434	2.3	0
470	1998	225	14601.6	13.3	19	1.4666	4.5	4.1
470	1998	226	9763.2	12.6	19.2	1.696	3.5	1.9
470	1998	227	11145.6	13.5	22.8	1.685	3.6	0
470	1998	228	17712	10.3	19.9	1.3541	3.4	0.3
470	1998	229	16416	13.2	22.9	1.5504	4.1	0
470	1998	230	17193.6	13.2	20.9	1.3781	3.8	0
470	1998	231	16761.6	9.6	19	1.2047	3.9	0
470	1998	232	17539.2	11	21.8	1.3783	4.6	7.6
470	1998	233	7689.6	12.3	17.7	1.5158	4.8	12.6
470	1998	234	16070.4	11.5	17.1	1.3512	5.8	3.6
470	1998	235	14342.4	10.2	16.2	1.2278	5.3	14.5
470	1998	236	10972.8	10.7	16.5	1.338	4.8	3.3
470	1998	237	15379.2	9.8	17.5	1.2487	5	1.3
470	1998	238	17193.6	7.3	17.2	1.0256	3.8	0
470	1998	239	15033.6	7.5	17.7	1.1077	4.1	0.3
470	1998	240	7862.4	8.3	18.5	1.2439	3.9	1.2
470	1998	241	18316.8	9.2	19.3	1.2657	3.4	0
470	1998	242	12528	8.4	17.7	1.2458	2.9	0
470	1998	243	15465.6	7.8	19.9	1.265	2.6	0
470	1998	244	17884.8	9.2	18	1.2757	3.9	0
470	1998	245	13046.4	12.6	17.7	1.3069	5.7	0
470	1998	246	12441.6	12.6	16.1	1.1433	6.9	0
470	1998	247	3888	13.1	15.9	1.4018	4.2	0
470	1998	248	7171.2	15.1	18.2	1.6464	3.3	1.6
470	1998	249	3628.8	14.4	16.8	1.6107	2.1	0.1
470	1998	250	5616	14.6	18.7	1.7221	2	0.2
470	1998	251	6220.8	14.2	18.9	1.636	2.4	0.7
470	1998	252	4147.2	14.7	19.1	1.6535	4.5	0.1
470	1998	253	8640	14.5	20.6	1.6426	5	5.1
470	1998	254	11232	12.1	18.4	1.3499	4.9	0
470	1998	255	4665.6	9.4	14.9	1.2594	2	3.1
470	1998	256	3542.4	9.2	12.2	1.0928	2.8	0
470	1998	257	10972.8	6.5	14.1	1.0015	2.8	0
470	1998	258	6048	4.6	13.6	1.0511	3.8	5.7
470	1998	259	7430.4	9.6	13.4	1.2472	3.8	16.5
470	1998	260	14083.2	9.8	17.7	1.2882	2.7	0.8
470	1998	261	6307.2	9.9	15	1.1834	2.9	0.5
470	1998	262	6652.8	9.7	19.7	1.4701	2.6	0
470	1998	263	10540.8	9.4	17.5	1.3866	2	0
470	1998	264	3974.4	11.1	14.9	1.2418	1.4	0
470	1998	265	3715.2	8.6	14.2	1.1717	1.2	0
470	1998	266	4233.6	11.7	14	1.2148	2	0
470	1998	267	3369.6	11.3	14.3	1.1961	3.1	0
470	1998	268	11750.4	8.5	17.6	1.3059	2.6	0
470	1998	269	5011.2	10.6	15.4	1.3465	2.7	0
470	1998	270	4406.4	12.4	15.7	1.4897	3.5	3.5
470	1998	271	7171.2	12.8	17.3	1.5719	2.5	10.8
470	1998	272	1814.4	13	15.2	1.4946	3.7	2.9
470	1998	273	4492.8	12.1	13.6	1.0667	6.7	0
470	1998	274	6739.2	9.6	12.2	0.8338	7.6	0
470	1998	275	10800	6.4	10.4	0.683	6.9	0
470	1998	276	6048	6.2	10.8	0.7764	4.5	0
470	1998	277	3801.6	3.6	7.6	0.7092	3.5	0
470	1998	278	2851.2	6.9	9.7	0.8535	4	0
470	1998	279	9763.2	6.2	12.9	0.881	5.8	4.3
470	1998	280	777.6	7.3	10.1	1.0006	5.1	4.2
470	1998	281	1209.6	7.9	9.4	1.0308	3.7	0.7
470	1998	282	1382.4	8.7	9.9	1.1004	3.2	5.1
470	1998	283	5097.6	8.6	12.8	1.1571	5.7	3
470	1998	284	1728	7.6	10.7	1.0199	5.2	9.2
470	1998	285	7344	5.9	11.5	0.9556	3.7	1.2
470	1998	286	6825.6	6	13.6	1.0048	4	7
470	1998	287	1209.6	9.5	14.7	1.3117	6.7	4.9
470	1998	288	5356.8	6.6	12.3	0.9579	5.6	1.4
470	1998	289	6912	5.5	12.3	0.9116	3.9	1.4
470	1998	290	1123.2	9.3	15.6	1.1834	7.3	2.9
470	1998	291	7430.4	4.6	10.7	0.7852	4.8	0.7
470	1998	292	8294.4	3.6	9.3	0.7617	4.8	13.1
470	1998	293	5702.4	3.6	9.7	0.8212	3.7	1.1
470	1998	294	950.4	4.4	12.5	1.028	5.9	10.6
470	1998	295	777.6	12.3	15	1.4047	6.7	1.7
470	1998	296	604.8	9.2	14.8	1.247	6.1	8.6
470	1998	297	2851.2	6.7	11.3	1.044	3.4	14.3
470	1998	298	1900.8	8.4	10.8	0.9795	7.4	7.4
470	1998	299	5184	5.1	10	0.8318	5.9	3.2
470	1998	300	950.4	3.7	11.2	0.9604	5.5	33.9
470	1998	301	3369.6	6.5	10.3	0.9254	6.9	17.5
470	1998	302	3110.4	6.7	10	0.8454	7.5	7.5
470	1998	303	2764.8	5.2	8.8	0.8512	5.1	6.2
470	1998	304	5011.2	3.9	9.8	0.8425	4.4	3.3
470	1998	305	4752	2.4	8.6	0.8036	2.5	0.8
470	1998	306	5961.6	1.5	9	0.7543	2.9	3.6
470	1998	307	950.4	1.5	4.8	0.6969	4.3	11.8
470	1998	308	1036.8	1.3	5.7	0.7144	3.5	9.2
470	1998	309	3801.6	-1.3	6.1	0.6608	4	18.6
470	1998	310	4579.2	2.9	8	0.6749	6.3	0.1
470	1998	311	2764.8	1.9	7.9	0.7621	3.1	0
470	1998	312	2332.8	4.4	6.8	0.8001	3.1	0
470	1998	313	432	3.9	9.2	0.8641	4.2	8.5
470	1998	314	1641.6	3.8	9.3	0.9321	3	2.4
470	1998	315	3974.4	3.2	8.2	0.8057	4.1	3.4
470	1998	316	1900.8	3.2	7	0.8255	2.1	2.7
470	1998	317	2505.6	0.2	3.5	0.6423	3.5	6.6
470	1998	318	1036.8	2.7	5.5	0.7779	2.3	4.2
470	1998	319	3110.4	0.6	5.5	0.6312	2.9	0
470	1998	320	2505.6	-1.2	2.8	0.5827	3.3	1.1
470	1998	321	2160	-1.9	1.2	0.4706	3.3	0
470	1998	322	4147.2	-4.6	2.2	0.4198	2.4	0
470	1998	323	3024	-4.3	1.7	0.4723	2.9	0.1
470	1998	324	1900.8	-4.5	0.2	0.4436	2	0
470	1998	325	4060.8	-4.7	0.4	0.4123	3.1	0
470	1998	326	4579.2	-7.7	-2.1	0.3398	3.5	0
470	1998	327	1987.2	-7.6	0.2	0.3859	2.9	0
470	1998	328	864	-3.4	0.3	0.4855	2.2	0
470	1998	329	1296	-2	0	0.5055	2	0
470	1998	330	1900.8	-1.4	2.3	0.5745	2.9	1.8
470	1998	331	691.2	0.3	2	0.6175	3	0
470	1998	332	604.8	-0.9	1.9	0.6019	3.2	0
470	1998	333	604.8	1.3	2.9	0.661	3.2	0
470	1998	334	691.2	0.9	3.2	0.6374	3	0
470	1998	335	2937.6	-3.1	2.9	0.5095	3.3	0
470	1998	336	3542.4	-7	-0.9	0.3879	2.9	0
470	1998	337	432	-6.6	-4.3	0.383	1.7	0
470	1998	338	777.6	-4.8	-0.1	0.49	2.4	1.2
470	1998	339	2592	-2.1	-0.1	0.4906	4.2	0.4
470	1998	340	1209.6	-2.2	-1	0.4022	6.2	0
470	1998	341	3110.4	-5.7	-1.3	0.3587	4.9	0
470	1998	342	3456	-8.5	0.9	0.36	2.7	0
470	1998	343	1900.8	-6.5	-2.8	0.3593	2.6	0
470	1998	344	3024	-3.9	0.3	0.4177	2.9	0
470	1998	345	2764.8	-9	-3.7	0.3119	4.2	0
470	1998	346	864	-9	3.7	0.4878	2.7	9.6
470	1998	347	432	3.7	6.4	0.8314	5.8	4.4
470	1998	348	259.2	3.7	8.4	0.9099	4.7	4.3
470	1998	349	518.4	5.3	8.6	0.968	4.5	2
470	1998	350	1382.4	4.2	6.8	0.8397	5.7	0
470	1998	351	1123.2	3.3	5.6	0.7049	6.1	0
470	1998	352	345.6	3.3	6.1	0.8028	6.4	0.5
470	1998	353	518.4	3	5.6	0.7972	3.3	3.3
470	1998	354	2764.8	-1.3	4	0.5658	4.3	0
470	1998	355	2678.4	-2.9	2.2	0.4825	3.1	0.9
470	1998	356	604.8	-3	0.8	0.5469	2.1	2.7
470	1998	357	345.6	0.5	3.5	0.6775	4.1	5.3
470	1998	358	691.2	0.1	3.6	0.6493	4	2.7
470	1998	359	259.2	1.6	7.7	0.8255	8.1	14.6
470	1998	360	1900.8	2.8	8	0.7801	7.7	10.8
470	1998	361	2160	5.2	9.1	0.7487	7.7	0.5
470	1998	362	518.4	4.8	8.7	0.8662	6	0.7
470	1998	363	1641.6	1	5.5	0.7327	4.2	0
470	1998	364	2592	1.8	5.2	0.6594	4.3	0
470	1998	365	864	0.6	2.2	0.6152	3.5	0
