*---------------------------------------------------------------------------*
* Station name: SCHLESWIG                               
* Year: 2008
* Author: Pedro Alencar                                   -999.000: NIL VALUE
* Source: ECAD 
* Comments: 
* Longitude: 54.5289, latitude: 54.5289, altitude: 43 m.
*
* Column  Daily value
* 1       station number
* 2       year
* 3       day
* 4       irradiation                   (kJ m-2 d-1)
* 5       minimum temperature           (degrees Celsius)
* 6       maximum temperature           (degrees Celsius)
* 7       early morning vapour pressure (kPa)
* 8       mean wind speed (height: 2 m) (m s-1)
* 9       precipitation                 (mm d-1)
*
** WCCDESCRIPTION=GERMANY, SCHLESWIG                               
** WCCFORMAT=2
** WCCYEARNR=2008
*---------------------------------------------------------------------------*
   54.5289  9.5492    43.  -0.18 -0.55
470	2008	1	950.4	-0.6	1.7	0.5659	2	0.2
470	2008	2	3024	-0.5	2.6	0.5274	4.1	0
470	2008	3	691.2	-4.1	-0.5	0.4129	8.1	0
470	2008	4	1468.8	-4.5	-3.4	0.3514	7.7	0
470	2008	5	432	-3.4	3.8	0.5517	5	6.5
470	2008	6	1209.6	2.8	4.4	0.7748	3.8	0.2
470	2008	7	604.8	0.6	6.3	0.7275	5.6	8
470	2008	8	1123.2	4.5	5.9	0.7782	6.3	0
470	2008	9	1123.2	3.8	6.5	0.7579	5.8	0.6
470	2008	10	2246.4	4.3	8.6	0.8003	7.4	6.9
470	2008	11	345.6	7.7	9	1.054	4.5	8.3
470	2008	12	777.6	4.5	9	0.8268	5.7	0.4
470	2008	13	2592	1	5.9	0.6806	4.6	0
470	2008	14	1641.6	0.2	6	0.6258	4.4	0.4
470	2008	15	1382.4	5.4	8.4	0.8354	7.1	5.5
470	2008	16	2073.6	5.7	9.1	0.8233	7.6	0
470	2008	17	777.6	3.9	6.4	0.8019	4.1	6.1
470	2008	18	950.4	5.2	9.7	0.9707	6.3	9.1
470	2008	19	1468.8	3.9	10.6	0.9168	7.1	0
470	2008	20	604.8	3.8	6.3	0.8751	2.5	7.2
470	2008	21	950.4	0.9	6.3	0.7589	4.1	8.8
470	2008	22	4579.2	-0.5	4.6	0.6303	3.8	0
470	2008	23	691.2	1.8	8	0.84	5	3.5
470	2008	24	518.4	3	8.6	0.8574	6.8	1.7
470	2008	25	1641.6	3.9	8	0.7825	9.4	0
470	2008	26	691.2	5.6	8.4	0.8211	9.9	4.8
470	2008	27	1728	2.9	8.2	0.8608	5.2	1.3
470	2008	28	1123.2	5.8	7.6	0.9515	3.2	0
470	2008	29	1123.2	4.5	6.3	0.825	4.8	0.4
470	2008	30	1468.8	2	5.9	0.7536	5.2	4
470	2008	31	1123.2	0.6	4.1	0.6512	7.8	9.4
470	2008	32	2419.2	1	6.3	0.6506	9.3	6.4
470	2008	33	2937.6	0	3.6	0.5844	4.9	0.6
470	2008	34	4579.2	0.3	3.8	0.5524	5.3	0
470	2008	35	3628.8	0.8	6.2	0.5731	4	2.3
470	2008	36	2073.6	2	7	0.7916	5.4	11.6
470	2008	37	3283.2	3.8	8.6	0.834	6	0.2
470	2008	38	5097.6	3.8	7.8	0.7652	5.5	0
470	2008	39	3715.2	4.9	8.9	0.8454	4.1	0
470	2008	40	6480	3.1	11.3	0.6396	3.6	0
470	2008	41	6912	0.6	11.1	0.6753	2.9	0
470	2008	42	2073.6	-0.3	3.4	0.6833	2.1	0
470	2008	43	1382.4	2.2	3.8	0.6971	1.9	0
470	2008	44	1209.6	1.6	4.7	0.7046	2.6	0
470	2008	45	4579.2	-2.1	4.8	0.5995	2.5	0
470	2008	46	6307.2	-3.5	3.3	0.4671	2.7	0
470	2008	47	3196.8	-4.2	1	0.4511	2.1	0
470	2008	48	3542.4	-2.8	4.5	0.5523	5.4	0
470	2008	49	1641.6	4.2	7.5	0.8789	6.1	0.3
470	2008	50	1382.4	4.2	6.8	0.8849	3.7	0.4
470	2008	51	4665.6	0.6	5.8	0.7532	2	0
470	2008	52	1555.2	1	7.7	0.775	6.5	5
470	2008	53	1468.8	5.5	9.2	0.9128	10.2	3.4
470	2008	54	6048	4.7	8.9	0.8099	7.6	0.5
470	2008	55	2073.6	6.9	8.8	0.8808	7.3	4.6
470	2008	56	8380.8	3.5	8.6	0.7973	4.9	0
470	2008	57	1036.8	5.4	9.4	0.916	6.8	10.6
470	2008	58	5443.2	4.4	8.3	0.8044	8.6	0.3
470	2008	59	6739.2	3.7	8.8	0.8559	4.3	0
470	2008	60	5961.6	3.4	9.4	0.8744	5.4	12.9
470	2008	61	3024	3.7	7.8	0.7717	10	6.1
470	2008	62	6393.6	3.8	7.9	0.7956	7	1.5
470	2008	63	7689.6	0.8	6.2	0.7065	5.4	7.2
470	2008	64	8812.8	-0.5	6.7	0.6487	4.3	2.8
470	2008	65	10540.8	-2.4	5.6	0.4663	5.4	4.6
470	2008	66	2332.8	4	7.4	0.8881	7.2	4
470	2008	67	2246.4	3.1	7.9	0.8397	4.1	1.3
470	2008	68	10800	1.5	9.9	0.7324	5	2.3
470	2008	69	3110.4	4.7	8.6	0.8603	5.2	3
470	2008	70	9590.4	4.7	11.6	0.7365	5.4	0
470	2008	71	2592	5.4	8.3	0.8325	5.7	9.7
470	2008	72	4060.8	2.1	6.6	0.75	6.7	16.1
470	2008	73	7344	3.9	8.2	0.7692	8.5	0.7
470	2008	74	5702.4	3.6	7.3	0.7918	6.2	5.2
470	2008	75	6393.6	3.3	7.9	0.7819	2.5	0
470	2008	76	8640	1.7	8.3	0.7587	3.1	0
470	2008	77	12960	-0.2	6.7	0.5476	6	0.8
470	2008	78	12441.6	-0.8	7.2	0.5457	4.2	0
470	2008	79	12009.6	-2	7.1	0.6018	3.4	1.8
470	2008	80	6739.2	-3	5.4	0.6131	4.5	12.6
470	2008	81	6652.8	1.7	6.2	0.7536	2.7	6.5
470	2008	82	6134.4	-4.5	3.2	0.4487	6.1	0.2
470	2008	83	16848	-6.9	2.9	0.3114	4.2	6.6
470	2008	84	11232	-3	3.6	0.5807	3.3	8.8
470	2008	85	17020.8	-4.4	4.4	0.5377	3	3.2
470	2008	86	18662.4	-3.8	6	0.5028	3.3	0
470	2008	87	13219.2	-5	6.2	0.5041	1.8	0
470	2008	88	9676.8	-1.5	9.7	0.6142	3.8	4.6
470	2008	89	8294.4	4.9	9.2	0.844	5.5	3.2
470	2008	90	13564.8	6.1	16.1	0.8318	5.3	1.1
470	2008	91	4924.8	4.1	11.5	0.9519	3.1	0.1
470	2008	92	13392	0.5	14.4	0.8984	3.6	6.5
470	2008	93	6480	5.6	9.7	0.9736	4.2	1.5
470	2008	94	5356.8	4.4	9.2	0.8791	3.2	0
470	2008	95	7257.6	3.9	9.9	0.8951	4.1	3.4
470	2008	96	9504	1.1	9.2	0.7491	2.6	0
470	2008	97	15292.8	-0.5	9.5	0.6485	2.8	0
470	2008	98	12960	-1.8	9	0.6008	1.7	0
470	2008	99	9763.2	0.3	8.8	0.6592	1.8	0
470	2008	100	16243.2	0.1	10.4	0.6034	2.4	0
470	2008	101	17539.2	-0.2	10.1	0.617	2.8	0
470	2008	102	3024	0.8	5.9	0.6913	3.7	5.5
470	2008	103	15984	2.6	12.6	0.866	3.5	0.8
470	2008	104	16329.6	3.5	13	0.8833	3.2	0
470	2008	105	12009.6	1.6	11.6	0.7989	2.6	0
470	2008	106	15897.6	-0.5	11.2	0.6881	3.1	0
470	2008	107	13478.4	-0.5	10.7	0.6586	2.3	0.6
470	2008	108	5097.6	3.8	9.2	0.8708	3	1.5
470	2008	109	23155.2	3.2	10.8	0.6809	4.3	0
470	2008	110	20390.4	2	11	0.716	5.2	0
470	2008	111	20649.6	2	11.7	0.7632	4.1	0
470	2008	112	24364.8	3.4	12.8	0.7556	5.7	0
470	2008	113	24537.6	4.8	12.7	0.7107	6.5	0
470	2008	114	24796.8	3.7	13.7	0.7532	4.6	0
470	2008	115	18748.8	6.1	19.2	0.9943	2.8	1.1
470	2008	116	17452.8	7	15.5	1.1201	4	0
470	2008	117	14083.2	6.8	15.9	1.0202	3.1	0
470	2008	118	19094.4	10.2	20.3	1.0557	3.1	0
470	2008	119	12700.8	9.1	20.8	1.1884	3.6	7.5
470	2008	120	9504	8.2	13.2	1.1571	2.1	0.2
470	2008	121	22032	8.3	18.1	1.3036	4	1.9
470	2008	122	19785.6	7.6	16.7	1.0896	3	0.9
470	2008	123	22118.4	5.2	16.8	0.9836	2.7	0
470	2008	124	21168	5.8	18.1	1.0893	1.8	0
470	2008	125	27043.2	5.5	18	0.9097	2	0
470	2008	126	25747.2	6.4	18.8	0.8453	2.5	0
470	2008	127	26697.6	5.8	20.6	0.7276	2.1	0
470	2008	128	25488	6.4	23	0.9355	2.3	0
470	2008	129	26784	5.6	22.6	1.0607	2.2	0
470	2008	130	27302.4	8.2	22.8	1.0728	2.7	0
470	2008	131	26956.8	10.3	23.4	1.0924	2.9	0
470	2008	132	27388.8	9.2	24.6	1.0575	2.4	0
470	2008	133	26784	11.1	24.7	1.0854	3.1	0
470	2008	134	25660.8	6.1	15.3	0.7971	5.7	0
470	2008	135	29030.4	4.4	15.9	0.7436	3.1	0
470	2008	136	27388.8	4.4	21.1	0.9126	2.3	0
470	2008	137	25315.2	7.6	21.4	1.1544	2.8	0
470	2008	138	10195.2	6	13.6	0.8354	2.7	0
470	2008	139	18057.6	3.8	15.3	0.7857	2.2	0.1
470	2008	140	27734.4	4.2	15.7	0.7582	3.6	0
470	2008	141	18921.6	2.8	15.7	0.7351	2.5	0
470	2008	142	27907.2	4.7	16.3	0.7866	2.5	0
470	2008	143	29808	4.5	17.7	0.8186	2.5	0
470	2008	144	29030.4	6.7	19.1	0.877	3.4	0
470	2008	145	28598.4	6.8	19	0.9216	4.5	0
470	2008	146	25228.8	8.1	17	1.0314	4.8	11.7
470	2008	147	6393.6	8.8	12.4	1.1749	4.8	0.7
470	2008	148	25833.6	7.4	16.8	0.8603	5.6	0
470	2008	149	25142.4	11.5	17.9	1.0358	7	0
470	2008	150	21945.6	11.4	19.4	1.1533	5.4	0
470	2008	151	27043.2	12.5	22	1.317	6	0
470	2008	152	28857.6	12.5	23.8	1.3938	4.6	0
470	2008	153	29203.2	12.5	24.3	1.3735	4.6	0
470	2008	154	26784	13.3	26.6	1.5125	3	0
470	2008	155	27907.2	13.3	22.2	1.3795	5.8	0
470	2008	156	29721.6	12.6	20.4	1.2934	6.6	0
470	2008	157	30672	12.1	22.1	1.3046	5.2	0
470	2008	158	30153.6	12.1	23.4	1.3186	4.2	0
470	2008	159	25056	12.7	24.5	1.348	3.9	0
470	2008	160	30153.6	12.2	27.1	1.0964	2.5	0
470	2008	161	29030.4	11.5	24.2	1.1636	3.8	0
470	2008	162	18662.4	11.3	21.4	1.3182	5.5	1.5
470	2008	163	20390.4	9.1	18	1.07	5.9	0.6
470	2008	164	22291.2	7.8	18.4	1.0391	4.3	0.5
470	2008	165	21168	6.7	17.5	1.0719	3.9	3.4
470	2008	166	23500.8	7.8	16.8	1.0575	3.9	0.5
470	2008	167	23587.2	7.6	17.5	1.0895	4.5	4.2
470	2008	168	23068.8	8.1	17.1	1.1223	4.3	0.5
470	2008	169	23155.2	7.2	18.7	1.0588	2.7	0
470	2008	170	20649.6	7.7	21.2	1.1507	3.2	0.3
470	2008	171	13219.2	9.9	21.7	1.4163	3.7	4
470	2008	172	22809.6	9.8	19.3	1.2574	4.8	0
470	2008	173	29116.8	10.2	20.2	1.0006	3.5	0
470	2008	174	15552	14.4	26.2	1.7358	3.6	5.7
470	2008	175	17971.2	9.3	16.8	1.0957	7	0
470	2008	176	24192	7.8	18.6	0.9853	3.7	0
470	2008	177	26697.6	7.4	20.5	1.1936	3	0
470	2008	178	26524.8	11.9	21.9	1.3074	4.4	0.8
470	2008	179	14342.4	12	18.7	1.4283	3.9	15.2
470	2008	180	8553.6	12	18.2	1.5598	4.2	1.8
470	2008	181	12787.2	13	20.5	1.5617	3.4	1.2
470	2008	182	26438.4	11	20.5	1.3581	4.6	0
470	2008	183	27734.4	9.9	23.3	1.3394	2.3	0
470	2008	184	30326.4	14.2	26.2	1.4888	4.9	0
470	2008	185	20044.8	15.5	26.7	1.6984	4.3	1.3
470	2008	186	22636.8	14	22.9	1.4838	3.4	0
470	2008	187	27129.6	13.9	25.8	1.7576	3.4	0
470	2008	188	15379.2	12.7	23.6	1.7266	2.3	7.6
470	2008	189	17971.2	12.6	20.8	1.5187	3.6	8.6
470	2008	190	15379.2	11.3	19.7	1.4949	4.1	13.3
470	2008	191	14428.8	10.5	18.3	1.4747	3.9	6.9
470	2008	192	12787.2	10.9	20.4	1.6158	2.9	12.4
470	2008	193	17798.4	14.9	20.6	1.7446	3	0.8
470	2008	194	19008	11.3	19.3	1.4237	4.4	2.2
470	2008	195	21340.8	11.7	19.3	1.3893	3.9	0.5
470	2008	196	19180.8	11.7	20.2	1.4299	4.4	1.6
470	2008	197	6134.4	15.3	19.7	1.7773	4.9	1
470	2008	198	15465.6	12	19.1	1.3938	4.1	1.7
470	2008	199	13478.4	10.4	19	1.42	3	5.2
470	2008	200	8294.4	12.4	17.6	1.6009	3.2	9
470	2008	201	6739.2	12.4	16.7	1.5552	3.4	11.1
470	2008	202	22723.2	10.7	18.2	1.348	5.1	8.1
470	2008	203	8985.6	10.5	15.8	1.3749	5	8.1
470	2008	204	13737.6	9.5	18.9	1.3749	3.7	0
470	2008	205	15292.8	10.3	20	1.4445	2.3	0
470	2008	206	28080	9.8	24.3	1.4557	2.9	0
470	2008	207	26006.4	16	23.8	1.6934	5.6	0
470	2008	208	26870.4	16.2	25.9	1.8924	5.2	0
470	2008	209	27561.6	16.4	27.9	1.9174	4.5	0
470	2008	210	27216	16.1	27.2	1.7824	4.2	0
470	2008	211	26092.8	16.6	29.3	1.789	4.3	1.8
470	2008	212	17971.2	15.7	24.1	1.6934	2	0.1
470	2008	213	25747.2	14.9	27.6	1.5629	4	0
470	2008	214	13132.8	15.2	27.3	1.9158	3.2	3
470	2008	215	21600	14	22.7	1.643	3.4	4.6
470	2008	216	16243.2	16.2	22	1.8101	3.6	17.1
470	2008	217	15206.4	13.8	19.1	1.6443	5.8	8.1
470	2008	218	19008	11.6	20.7	1.4299	5.3	0
470	2008	219	4233.6	11.7	19.9	1.7031	1.8	5.1
470	2008	220	15552	15	26.4	2.169	2.4	60
470	2008	221	10627.2	13.8	18.6	1.6919	3.6	16.6
470	2008	222	20217.6	13	19.7	1.3739	4.7	4.5
470	2008	223	5097.6	13.5	19.1	1.7027	4.6	6.6
470	2008	224	12873.6	13.9	20.5	1.7047	3.7	2.5
470	2008	225	6825.6	13.5	19.1	1.6102	2.8	1.2
470	2008	226	13132.8	13.4	18.6	1.4344	5.4	12.7
470	2008	227	8726.4	11	17	1.421	4.9	9.6
470	2008	228	19267.2	9.9	20.2	1.384	2.4	1.9
470	2008	229	19094.4	8.8	21.1	1.3242	1.5	0
470	2008	230	20304	9.7	23	1.3925	1.7	1.4
470	2008	231	10022.4	13.7	18.5	1.5533	3.2	0.8
470	2008	232	12614.4	15.3	21.5	1.7538	3.6	0
470	2008	233	12355.2	14.1	20.3	1.6656	5.4	8.6
470	2008	234	8294.4	14.1	18.4	1.6789	3.9	6.9
470	2008	235	12700.8	14.2	20.6	1.7462	2.8	16.1
470	2008	236	4579.2	12.7	16.1	1.573	2.8	13.8
470	2008	237	12614.4	10.9	20.2	1.482	2.9	0.2
470	2008	238	8294.4	13.9	18.7	1.6657	2.6	0.9
470	2008	239	3974.4	14.5	19.1	1.7577	3.6	3.4
470	2008	240	2678.4	15.7	17.3	1.7995	4.6	1.7
470	2008	241	10368	15.3	19.9	1.7483	4.5	1.3
470	2008	242	12355.2	11.5	19.5	1.53	4.1	0.2
470	2008	243	20822.4	8.9	21.7	1.3022	1.8	0
470	2008	244	19526.4	9.8	23.3	1.2975	3.4	0
470	2008	245	6739.2	12	19.7	1.4747	3.6	3.6
470	2008	246	7862.4	11.3	18.1	1.4367	3.8	5.5
470	2008	247	6912	10.5	16.1	1.3426	4.6	1.2
470	2008	248	10454.4	10	17.5	1.2882	4.7	1.7
470	2008	249	13737.6	11	19.9	1.3498	3.5	5
470	2008	250	9849.6	12.8	21	1.5958	3.4	0.5
470	2008	251	12873.6	11.4	20.7	1.4755	2.3	0.3
470	2008	252	5702.4	12.5	16.7	1.5104	4	5.8
470	2008	253	11491.2	12	19.6	1.5059	2.7	0
470	2008	254	8294.4	11.4	20.8	1.5898	2.7	0
470	2008	255	11923.2	11.4	20.5	1.5747	3.6	0
470	2008	256	7516.8	11.3	16.2	1.2254	6.7	0.6
470	2008	257	13132.8	9.7	16.5	1.009	4.3	0
470	2008	258	14342.4	7.7	15.7	1.044	3.1	0
470	2008	259	10368	8.4	16.2	1.129	3.1	0
470	2008	260	5875.2	8.9	13.4	1.0465	2.3	0.1
470	2008	261	10108.8	7.2	14.8	1.0886	2.2	0.6
470	2008	262	9504	5.2	14.8	1.0307	1.6	0
470	2008	263	10627.2	3.9	15.1	0.973	1.5	0
470	2008	264	11404.8	4.5	18	1.1601	2.2	0
470	2008	265	9849.6	9.3	16.8	1.2458	2.4	0
470	2008	266	5184	8.2	14.2	1.1563	3.1	1
470	2008	267	3888	11.1	14.7	1.3526	3.6	1.4
470	2008	268	12268.8	10.2	17.1	1.2955	3.9	0
470	2008	269	13910.4	7.9	16.7	1.2004	2.7	0
470	2008	270	11577.6	5.6	17.2	1.239	1.8	0
470	2008	271	8467.2	9.1	17.4	1.4295	2.6	0.2
470	2008	272	10627.2	7.4	16.7	1.1387	3.1	0.5
470	2008	273	11664	7	16.2	1.1327	3.3	6.5
470	2008	274	6480	8.8	13.6	1.2493	4.1	29.6
470	2008	275	5270.4	7.8	12	1.1335	4.1	16
470	2008	276	4838.4	7.8	11.5	1.1266	4.6	8
470	2008	277	5529.6	7.8	11.2	1.1035	4	4.4
470	2008	278	9417.6	6.5	12	0.9684	4.5	8.5
470	2008	279	1987.2	5.3	11.2	1.0251	5.5	11.5
470	2008	280	11577.6	2.9	14.7	0.9508	1.5	0.2
470	2008	281	5961.6	7.9	14.7	1.1773	2.4	0
470	2008	282	4752	10.4	16.6	1.422	2.6	1.2
470	2008	283	10195.2	7.8	15.5	1.2049	2.9	0
470	2008	284	7776	7.4	15.2	1.1372	4.3	0
470	2008	285	9590.4	9.8	15.9	1.2148	5	0.4
470	2008	286	2764.8	10.6	14.9	1.4277	3.1	1
470	2008	287	4406.4	8.7	15.7	1.3487	4.1	0.5
470	2008	288	4752	7.9	15.7	1.2445	2.7	3.4
470	2008	289	2332.8	8.8	14	1.2794	4.6	5.7
470	2008	290	2419.2	6.2	11	1.0497	3.1	8.4
470	2008	291	8985.6	6.1	13.3	1.0462	4.1	0.6
470	2008	292	2678.4	5.9	10.8	1.0211	4.3	3
470	2008	293	4320	9.3	14.2	1.2129	4.3	1.8
470	2008	294	7862.4	8.3	14.2	1.0268	5.3	2.3
470	2008	295	2937.6	6	13.7	1.0811	4.7	3
470	2008	296	5184	4.9	11.2	0.9467	3.9	15.9
470	2008	297	7603.2	5.4	12.5	0.9948	4.7	0.4
470	2008	298	1123.2	6.9	9.9	1.0356	4.7	7.4
470	2008	299	6998.4	5.1	12.1	0.9603	4.2	1.1
470	2008	300	604.8	9.6	11.4	1.2179	6.1	13.3
470	2008	301	2937.6	4.3	9.8	0.9244	3.5	11
470	2008	302	5529.6	3.1	9.3	0.853	3.7	4.1
470	2008	303	3369.6	0.4	5.3	0.7272	2.9	0
470	2008	304	2332.8	-0.3	6.3	0.6971	2.3	0
470	2008	305	5270.4	-0.6	6.8	0.7402	1.6	0
470	2008	306	1728	2.3	8	0.7931	3.6	0.4
470	2008	307	1555.2	7.3	9.2	0.9924	4	0
470	2008	308	1209.6	7.6	9	1.0942	5	0.1
470	2008	309	691.2	7.6	8.5	1.0758	2.2	0.4
470	2008	310	518.4	8.4	9.8	1.1319	5.3	0.8
470	2008	311	1296	9.2	9.7	1.1707	3.9	0.2
470	2008	312	518.4	9	10.2	1.1706	2.2	0
470	2008	313	1987.2	6	9.2	0.9912	2.5	0
470	2008	314	2678.4	5.7	10.9	0.9191	5.5	3.7
470	2008	315	2937.6	7.3	13.7	1.0276	7.5	16
470	2008	316	1900.8	6.8	10	1.0135	4.6	7.1
470	2008	317	1382.4	5.3	8.5	0.8752	6.4	1.9
470	2008	318	2246.4	4.7	8.6	0.9287	3.7	8.5
470	2008	319	518.4	6.4	11.4	1.1168	6.4	3.7
470	2008	320	518.4	8.4	11	1.0943	6.9	0.8
470	2008	321	2419.2	3.5	9.3	0.788	5.8	2.3
470	2008	322	3801.6	0.8	8.3	0.7099	3	0.7
470	2008	323	864	3.3	8.2	0.7993	6	6.4
470	2008	324	864	4.5	9.9	0.934	6.8	7.4
470	2008	325	2246.4	2.2	9.9	0.7879	7.2	2
470	2008	326	3369.6	-1.6	3.9	0.5445	3.8	0.3
470	2008	327	4320	-2.2	3.2	0.4752	4.1	0
470	2008	328	3456	-2	4.4	0.5198	2.9	0
470	2008	329	4320	-1.8	2.8	0.5195	2.5	0
470	2008	330	3369.6	-1	4.1	0.5125	3.3	0
470	2008	331	864	-0.8	8.9	0.7752	4.9	0.9
470	2008	332	345.6	6.4	9	0.9979	6.9	0.8
470	2008	333	1555.2	1.6	6.5	0.7099	4	0
470	2008	334	777.6	-0.5	1.8	0.5956	1.9	1.6
470	2008	335	691.2	1.7	2.8	0.7184	2.3	0.2
470	2008	336	2505.6	0.2	3.9	0.6941	2.6	0
470	2008	337	1468.8	2.3	5	0.7616	3.5	1.1
470	2008	338	604.8	-0.8	3.1	0.6374	2.7	1
470	2008	339	1382.4	-1.2	3.6	0.6331	4.1	0.7
470	2008	340	604.8	3.6	4.9	0.7862	2.3	3.7
470	2008	341	691.2	1.9	4.9	0.7717	2	0.4
470	2008	342	1900.8	1	6.2	0.7589	2.9	0.7
470	2008	343	518.4	4.1	6.3	0.8224	5.4	0.8
470	2008	344	345.6	0.1	4.1	0.7108	2.8	8
470	2008	345	2332.8	-2.6	1.9	0.5956	2.2	0
470	2008	346	1296	0.3	2	0.6308	1.9	4
470	2008	347	1296	-0.3	2	0.6498	2.4	0.6
470	2008	348	518.4	-0.3	3.2	0.6174	4.7	0
470	2008	349	777.6	2.7	4.3	0.6987	4.6	0
470	2008	350	172.8	3.2	3.6	0.7093	3	0
470	2008	351	950.4	2.2	3.7	0.7022	1.2	0
470	2008	352	432	1.4	2.6	0.6704	2.5	0
470	2008	353	1036.8	-0.2	4.9	0.7235	4.1	5.3
470	2008	354	2678.4	2.2	6.3	0.7779	4.1	2.4
470	2008	355	2505.6	3.6	7.8	0.7782	8.2	0
470	2008	356	691.2	3.5	8.8	0.8406	5.9	0
470	2008	357	1555.2	3.7	8.8	0.7989	7.5	0
470	2008	358	1468.8	2.4	6.8	0.8141	3.1	0.2
470	2008	359	1036.8	3.1	7	0.8139	4.2	0
470	2008	360	518.4	1.1	4.7	0.6696	3.2	0
470	2008	361	1987.2	-1.9	2.1	0.4985	1.8	0
470	2008	362	1209.6	-0.6	1.9	0.5444	1.8	0.6
470	2008	363	691.2	0	2.4	0.653	1.4	0.1
470	2008	364	1814.4	-3	2.1	0.5381	3	0
470	2008	365	2851.2	-4.3	-1.2	0.4443	2.9	0
470	2008	366	1987.2	-5.3	-0.2	0.4592	1.9	0
