*---------------------------------------------------------------------------*
* Station name: SCHLESWIG                               
* Year: 2007
* Author: Pedro Alencar                                   -999.000: NIL VALUE
* Source: ECAD 
* Comments: 
* Longitude: 54.5289, latitude: 54.5289, altitude: 43 m.
*
* Column  Daily value
* 1       station number
* 2       year
* 3       day
* 4       irradiation                   (kJ m-2 d-1)
* 5       minimum temperature           (degrees Celsius)
* 6       maximum temperature           (degrees Celsius)
* 7       early morning vapour pressure (kPa)
* 8       mean wind speed (height: 2 m) (m s-1)
* 9       precipitation                 (mm d-1)
*
** WCCDESCRIPTION=GERMANY, SCHLESWIG                               
** WCCFORMAT=2
** WCCYEARNR=2007
*---------------------------------------------------------------------------*
   54.5289  9.5492    43.  -0.18 -0.55
470	2007	1	1382.4	4.9	9.7	0.7973	9.1	2.1
470	2007	2	1814.4	3.3	7.3	0.7836	4.6	3.1
470	2007	3	1123.2	4.4	7.7	0.8442	5.6	3.2
470	2007	4	604.8	7	8.8	0.9797	8.3	8.5
470	2007	5	1382.4	6.5	8.5	0.9015	6.1	1.2
470	2007	6	1382.4	4.5	7.6	0.8817	3.7	0
470	2007	7	691.2	3.9	8.2	0.8723	5.4	3.2
470	2007	8	691.2	5.1	8.1	0.8573	6	8.6
470	2007	9	604.8	6.5	11.7	1.0049	9.1	19.9
470	2007	10	259.2	5.8	11.3	1.0127	8	13.6
470	2007	11	172.8	4.1	8.7	0.8264	9.1	13.9
470	2007	12	1555.2	5.8	10.4	0.8744	9.7	4.5
470	2007	13	1814.4	7.4	10.5	0.9719	8.5	4.8
470	2007	14	2678.4	4.2	9.4	0.7704	9.4	1.1
470	2007	15	1296	4.2	7.5	0.7956	6.6	0
470	2007	16	345.6	3.2	8	0.8456	4.9	11.8
470	2007	17	604.8	6.6	10.1	0.9881	6.9	8.7
470	2007	18	432	3.7	10.7	0.8426	8	16.5
470	2007	19	1900.8	4.8	8	0.8168	5.8	10.9
470	2007	20	864	4.8	10.4	0.8764	8.4	9.5
470	2007	21	1123.2	3.8	6.8	0.7569	7.5	9.2
470	2007	22	3628.8	-4.9	4.4	0.48	4.7	0.5
470	2007	23	2764.8	-5.2	0.8	0.4472	3.4	0.4
470	2007	24	4320	-6.6	1.9	0.4525	3.2	0
470	2007	25	3283.2	-6.3	-1.3	0.3554	3.3	0.2
470	2007	26	1209.6	-3.3	4.5	0.568	6	4.9
470	2007	27	4838.4	0	3.7	0.4887	4.7	1.5
470	2007	28	691.2	2	7	0.7579	8	6.3
470	2007	29	4320	2.3	6.3	0.7059	4.7	0.6
470	2007	30	2160	5.6	8	0.8593	6.6	0
470	2007	31	604.8	5.2	7.6	0.8648	8.2	5.8
470	2007	32	1814.4	2.6	7.3	0.843	3.7	1.3
470	2007	33	864	5	7.2	0.9036	5.6	4.2
470	2007	34	1900.8	5.3	8	0.8505	6.3	0
470	2007	35	3283.2	4.7	6.8	0.8177	5.3	1.8
470	2007	36	5097.6	0.7	6.8	0.6951	4.4	0
470	2007	37	5529.6	-0.7	5.1	0.6657	3	2.1
470	2007	38	5270.4	-0.5	3.9	0.6009	3	0
470	2007	39	4924.8	-2.5	1.9	0.5022	4.2	0.1
470	2007	40	1382.4	-0.3	1.6	0.5444	6.8	2.4
470	2007	41	5443.2	-1.9	1.3	0.4125	6.9	0.2
470	2007	42	1900.8	-3.5	-0.3	0.4785	6.3	1.4
470	2007	43	1555.2	-0.4	4	0.6957	3	3.7
470	2007	44	1987.2	2.5	4.6	0.7799	2.2	0.8
470	2007	45	2851.2	3.1	7.2	0.846	2.3	6.5
470	2007	46	2678.4	2.6	5.4	0.7644	2	0
470	2007	47	5443.2	1.7	4.9	0.6656	4.9	0
470	2007	48	6739.2	2.7	7.6	0.6962	4.8	0
470	2007	49	3628.8	0.1	5.8	0.6947	3.1	0
470	2007	50	2678.4	1.2	5.5	0.7457	2	0
470	2007	51	3542.4	-0.1	5.8	0.6298	1.8	3.9
470	2007	52	1382.4	2.9	6.7	0.817	4.1	11.1
470	2007	53	1641.6	1.2	7.5	0.825	3.6	3.4
470	2007	54	1296	-0.3	2.1	0.6326	5.5	2.8
470	2007	55	2851.2	-0.7	6.6	0.7022	4.6	5.3
470	2007	56	3283.2	5.7	8.9	0.9711	3.4	4.6
470	2007	57	1987.2	1.6	5.8	0.7643	4	3.6
470	2007	58	6739.2	0.4	6.7	0.6381	4.9	6.5
470	2007	59	2332.8	1	9.7	0.8221	6.2	6.3
470	2007	60	4579.2	4.3	8.3	0.8207	5.7	3.1
470	2007	61	4320	3.7	7.8	0.836	4	0.3
470	2007	62	10281.6	-0.3	8.5	0.7288	2.4	0
470	2007	63	5875.2	1	6.9	0.7617	2.7	0
470	2007	64	2851.2	4	9.4	0.8142	5.4	5
470	2007	65	2505.6	4	9.5	0.8465	5.5	7.2
470	2007	66	2246.4	7	10	1.0426	3.1	4.4
470	2007	67	7948.8	4.4	9.9	0.9207	4	0
470	2007	68	3283.2	3.1	7.8	0.8548	4.2	2.5
470	2007	69	8726.4	3	9.6	0.8493	5.3	0
470	2007	70	12441.6	6.6	12.5	0.9643	5.8	0
470	2007	71	13305.6	4.5	16.4	0.9483	3.6	0
470	2007	72	13478.4	1.8	12.2	0.8512	2.7	0
470	2007	73	11232	3.8	12.7	0.9814	4.1	0
470	2007	74	10886.4	4.3	12.3	0.9191	4.4	0.3
470	2007	75	11232	5.3	10.9	0.8744	5.6	8.4
470	2007	76	11923.2	4.1	10.2	0.8296	7.8	10.8
470	2007	77	8035.2	0.8	8.7	0.7027	10	7.3
470	2007	78	8899.2	1.3	6.6	0.705	5.2	3.4
470	2007	79	14947.2	1	9.2	0.6499	3.2	0.6
470	2007	80	5616	1	5.4	0.6072	5.2	2.3
470	2007	81	8640	3.7	8.9	0.7157	7.1	1
470	2007	82	13651.2	3.7	9.5	0.7599	7	1
470	2007	83	14774.4	4.6	11.1	0.8596	7.3	0
470	2007	84	16416	4.1	11.8	0.8121	5.8	0
470	2007	85	16070.4	3	12.3	0.827	5.3	0
470	2007	86	17539.2	3.4	13.7	0.8013	4.9	0
470	2007	87	16934.4	2.7	15	0.8859	4.1	0
470	2007	88	16156.8	3.9	15.3	0.7884	3.6	0
470	2007	89	16329.6	3.1	13.1	0.7988	3.6	0
470	2007	90	16588.8	2.6	13.7	0.7798	3.8	0
470	2007	91	17107.2	3.4	13.7	0.7902	3.8	0
470	2007	92	18316.8	1.9	16.5	0.7791	2.9	0
470	2007	93	13132.8	1.6	10.1	0.6383	5.2	0
470	2007	94	17452.8	-1.2	11.6	0.6544	4.2	0
470	2007	95	9244.8	6.5	12.1	0.9483	7.3	0.2
470	2007	96	16675.2	3.4	11.9	0.8061	4.6	0
470	2007	97	10972.8	1.5	10.9	0.7582	4.8	0
470	2007	98	8985.6	2.7	12.2	0.8365	5.6	0
470	2007	99	7516.8	7.6	12.6	1.0499	5.9	0.9
470	2007	100	15724.8	8.2	13.6	1.0423	6	0
470	2007	101	18144	6	16.4	1.1164	4.6	0
470	2007	102	15638.4	5.2	15.5	1.0927	2.4	0
470	2007	103	21600	5.1	16	0.9674	4	0
470	2007	104	22032	5.7	19.2	1.0102	3.8	0
470	2007	105	21081.6	5.5	21.6	1.101	3.2	0
470	2007	106	21945.6	8.9	25.1	1.1416	2.9	0
470	2007	107	18921.6	4.8	15.4	0.8399	4.5	0.8
470	2007	108	19094.4	4.4	11.4	0.7561	5.3	0
470	2007	109	7689.6	3.9	13.2	0.8792	6.7	1.5
470	2007	110	11318.4	1.2	8.6	0.5196	5.4	0
470	2007	111	14256	0.7	11.7	0.635	2.2	0
470	2007	112	20217.6	4.3	18.3	0.6689	3	0
470	2007	113	20044.8	6.6	20.7	0.9521	3.1	0
470	2007	114	7862.4	10.3	16.4	1.2858	2	0
470	2007	115	22377.6	9.2	22.5	1.3848	3	0
470	2007	116	23500.8	9.5	25.2	1.1869	2.8	0
470	2007	117	23587.2	9	23.7	1.1511	2.6	0
470	2007	118	23414.4	7.7	20.9	1.0582	3.6	0
470	2007	119	26006.4	3	12.9	0.6411	4.3	0
470	2007	120	25574.4	2.6	18.8	0.7971	3.1	0
470	2007	121	25660.8	4.8	19	0.7377	2.5	0
470	2007	122	22550.4	5.9	18.7	1.0432	2	0
470	2007	123	26006.4	5.5	15.7	0.9195	3.7	0
470	2007	124	27129.6	4	19	0.7456	2.4	0
470	2007	125	26956.8	3.8	20.9	0.9033	2.1	0
470	2007	126	24105.6	4.7	18.3	1.0846	3.5	8.6
470	2007	127	13392	7.4	15.4	1.1717	3.8	2.5
470	2007	128	15120	6.9	14	1.0748	6	8.1
470	2007	129	20736	6.8	14	0.9326	6.1	2.1
470	2007	130	14860.8	7	15.2	1.109	5.6	3
470	2007	131	7344	4.8	12.9	0.9881	3.8	2.7
470	2007	132	7862.4	4.1	14.5	1.0653	2.9	3
470	2007	133	14947.2	10.5	18.8	1.3155	3.5	0
470	2007	134	17712	6.7	19	1.1408	5.4	0.2
470	2007	135	24537.6	4.7	15.4	0.8987	3.9	5
470	2007	136	10368	6	13	1.1035	2.9	9.6
470	2007	137	27907.2	3.4	14.6	0.8375	5.7	0
470	2007	138	22377.6	4.2	18.4	1.0034	4.3	0
470	2007	139	23760	8.4	18.1	1.0645	4.9	0
470	2007	140	25660.8	7.6	20	1.056	3	0
470	2007	141	22291.2	11.7	23.3	1.5776	3.2	0
470	2007	142	15033.6	8.8	20.7	1.3072	2.6	0
470	2007	143	29116.8	7.9	18.9	1.0596	3.1	0
470	2007	144	23673.6	8.5	23.1	1.2191	2.5	0
470	2007	145	20476.8	10.1	22.4	1.3468	2	1.6
470	2007	146	6220.8	8.7	14.4	1.3058	2	8.9
470	2007	147	8640	8.8	16	1.3378	3.9	1.6
470	2007	148	8467.2	13	18	1.6531	2	5.6
470	2007	149	3542.4	11.2	17.4	1.6117	3.2	7.6
470	2007	150	21772.8	9.6	17.1	1.0715	4.2	0
470	2007	151	23587.2	9.3	20	1.1656	3.6	0
470	2007	152	29462.4	11	21	1.3255	3	0
470	2007	153	7948.8	11.9	17.1	1.4677	3.3	0
470	2007	154	29635.2	11.5	20.4	1.2851	4.1	0
470	2007	155	21600	10.8	20.7	1.3939	3.3	0
470	2007	156	9936	14.4	18.8	1.6412	2.3	0.2
470	2007	157	22204.8	13.7	22.8	1.7793	2.8	0
470	2007	158	29030.4	13.8	24.2	1.733	3.7	0
470	2007	159	28771.2	15	25.5	1.7305	4.9	0
470	2007	160	30326.4	14.1	25.7	1.2527	4.1	0
470	2007	161	30672	13.9	27.8	1.2052	3	0
470	2007	162	31017.6	12.7	29	1.1806	2.3	0
470	2007	163	17798.4	14.7	23	1.6952	4.2	0
470	2007	164	12960	14.4	20.7	1.7228	3.4	1.3
470	2007	165	13824	12.8	16.9	1.2988	3	7.1
470	2007	166	3024	10.8	14.4	1.3846	5.7	14.4
470	2007	167	8553.6	13.3	16.7	1.618	1.8	8.2
470	2007	168	15552	11.7	18.5	1.5084	3.4	2.4
470	2007	169	14515.2	9.6	19	1.3838	1.8	0.1
470	2007	170	18489.6	12.7	22.5	1.5674	1.4	0
470	2007	171	16243.2	12.8	24.1	1.7805	3	0.3
470	2007	172	9504	12.2	19.2	1.4963	1.7	2.8
470	2007	173	21945.6	13.3	22.8	1.6331	2.9	0.2
470	2007	174	17539.2	12.5	19.7	1.5715	2.3	17.3
470	2007	175	12873.6	12.3	20.6	1.6256	2.3	19.1
470	2007	176	12528	12.6	22.6	1.7684	2.3	7.5
470	2007	177	12009.6	11	16.1	1.4267	4	31.5
470	2007	178	6480	9.9	12.5	1.1696	8.3	6.4
470	2007	179	24019.2	8.8	18.6	1.1901	3.8	0
470	2007	180	12009.6	8.8	16.2	1.2742	4.2	8.8
470	2007	181	17971.2	9.4	17.5	1.3096	4.8	0.8
470	2007	182	9331.2	8.3	19.1	1.472	2.4	25.5
470	2007	183	11059.2	13.6	21	1.8536	2	14.9
470	2007	184	12441.6	12.5	19.2	1.6186	3.1	13.7
470	2007	185	20044.8	11.3	19.3	1.5105	2.9	0.4
470	2007	186	17020.8	10.7	20	1.4806	4.3	0
470	2007	187	11491.2	12.9	18	1.5953	3.9	4.3
470	2007	188	20476.8	12.1	19.4	1.5547	5.4	3.2
470	2007	189	24278.4	10	20.3	1.3757	5.2	0
470	2007	190	27907.2	9.4	20.9	1.2381	3.1	0
470	2007	191	20390.4	10.1	21	1.3938	3.2	4.7
470	2007	192	8121.6	11.3	16.1	1.472	4.4	7.2
470	2007	193	13046.4	12.3	18.2	1.4192	4.7	0.2
470	2007	194	13737.6	14.2	21.7	1.8283	3.7	1.4
470	2007	195	23587.2	14.4	27.6	1.9611	4.5	0
470	2007	196	22032	13.4	24.8	1.7439	2.9	2.1
470	2007	197	23932.8	16.9	30.9	2.1015	2.7	0
470	2007	198	19872	15.2	22.5	1.7169	4.6	0
470	2007	199	24883.2	13	23.6	1.5959	4.2	0
470	2007	200	22204.8	11.4	23.3	1.5232	2.9	0
470	2007	201	24105.6	9.8	21.3	1.2526	3.4	12.8
470	2007	202	26092.8	15.2	22.1	1.6312	3.4	0
470	2007	203	8035.2	12.6	18.6	1.5399	1.9	1.7
470	2007	204	21686.4	11.7	20.7	1.3609	2.5	17.1
470	2007	205	10368	12.9	19.6	1.6973	2.9	14.6
470	2007	206	21081.6	11.9	20.9	1.5087	4.7	0
470	2007	207	8121.6	14.6	20.9	1.7649	3.6	14.5
470	2007	208	16156.8	13.1	18.9	1.5434	5.8	9.3
470	2007	209	16070.4	12.7	20.9	1.5857	4.9	1.4
470	2007	210	16675.2	9.5	18.8	1.3059	3.5	1.4
470	2007	211	11059.2	9.1	16.4	1.3394	5.7	14.6
470	2007	212	16502.4	10.3	17.2	1.2725	5.4	1.5
470	2007	213	24364.8	9.6	21.4	1.319	3	0
470	2007	214	16588.8	12.4	22.3	1.5429	2.4	14.7
470	2007	215	21168	11.5	20.4	1.448	4	0
470	2007	216	22464	10.5	23.8	1.504	2.9	0
470	2007	217	23673.6	12.9	26.9	1.6702	2.4	0
470	2007	218	25142.4	16.9	27	1.6048	3.9	0
470	2007	219	23932.8	15.8	25.6	1.7547	3.2	0
470	2007	220	18748.8	16.4	24.5	1.9439	2.5	0
470	2007	221	22636.8	16.6	25.8	2.0607	3.3	0
470	2007	222	10627.2	16.3	24	2.0968	3.1	4.5
470	2007	223	7257.6	14	20	1.7607	4.5	1.1
470	2007	224	22204.8	11.8	23.1	1.6124	3.1	0
470	2007	225	16329.6	12.9	22	1.5527	2.7	0
470	2007	226	18662.4	13.1	22.6	1.3677	3	1.1
470	2007	227	11923.2	16.6	22.9	1.9076	4.3	3
470	2007	228	9331.2	12.3	20.5	1.6391	4.5	9.4
470	2007	229	14342.4	11.5	18	1.4581	4.1	3.2
470	2007	230	15552	11	20.6	1.4163	2.6	0.7
470	2007	231	12268.8	13.6	20.1	1.4374	2.5	0.6
470	2007	232	16070.4	14.6	23.7	1.7936	2.7	0
470	2007	233	3110.4	17.4	19.9	1.9961	5.1	2.4
470	2007	234	8467.2	16	22.4	2.0213	3.4	3.4
470	2007	235	20995.2	15.3	24.6	1.9547	1.8	0
470	2007	236	13651.2	14.2	23	1.9043	3.3	0
470	2007	237	6912	15.3	19.2	1.7101	3.8	0.2
470	2007	238	16329.6	13.3	20.7	1.4705	4.8	0
470	2007	239	16243.2	8.3	19.4	1.2175	4.7	2.8
470	2007	240	20736	6.9	18.2	1.0605	3.9	0
470	2007	241	15379.2	6.6	18	1.0718	3	2.4
470	2007	242	7689.6	10.1	17.1	1.4624	3.3	6.9
470	2007	243	7430.4	11.1	16.6	1.4547	3.8	4.6
470	2007	244	11232	11	17.7	1.4373	3.5	0.4
470	2007	245	6393.6	11.8	18.8	1.58	4.7	8.2
470	2007	246	16502.4	7.1	16.2	1.109	4.5	0.7
470	2007	247	16502.4	7	16.6	0.9541	4.3	0
470	2007	248	14428.8	5.5	17	1.0534	2.8	0.2
470	2007	249	17625.6	13	19.1	1.5119	4.4	0
470	2007	250	13478.4	12.6	20.6	1.528	5.2	0.4
470	2007	251	8380.8	12.6	18.5	1.4996	5.6	0.2
470	2007	252	18748.8	9.5	20	1.324	4.5	12
470	2007	253	13392	10.6	16.5	1.3646	5.1	5.1
470	2007	254	11145.6	9.3	17.9	1.3224	3.6	0
470	2007	255	7516.8	9.3	18.6	1.321	4.4	0.1
470	2007	256	11664	8	16.7	1.0897	3.2	0
470	2007	257	5097.6	8.3	14	1.2054	4.4	8.7
470	2007	258	15638.4	7.5	15.2	0.9933	5.6	0
470	2007	259	15724.8	10	18.9	1.2986	5	0.8
470	2007	260	5788.8	11.3	17	1.4349	3.6	7.4
470	2007	261	14688	5.8	14.4	1.0005	4.5	0.7
470	2007	262	6998.4	5.7	14.9	1.039	4.9	2.3
470	2007	263	2160	11.7	14.8	1.4447	6.2	16.5
470	2007	264	4665.6	13.5	16.9	1.5526	4.6	0.2
470	2007	265	13651.2	10.8	19	1.3707	2.8	0
470	2007	266	12873.6	10.8	20.4	1.4868	2.4	0
470	2007	267	8899.2	11.1	21.2	1.4666	4	1.2
470	2007	268	8208	9.5	15.7	1.3117	3.9	1
470	2007	269	11145.6	7	15.5	1.1868	1.9	6.6
470	2007	270	9763.2	7.8	15.8	1.2169	4.4	2
470	2007	271	604.8	11.4	12.8	1.3399	7.5	20.1
470	2007	272	10454.4	10.7	16.7	1.4406	3.3	0.6
470	2007	273	6739.2	10	17.2	1.4313	3.8	1.4
470	2007	274	7344	6.9	15.7	1.1639	2.2	0
470	2007	275	10281.6	4.7	16.2	1.1127	1.8	0
470	2007	276	12528	4.7	15.3	1.0552	2.1	0
470	2007	277	2419.2	8.6	13.9	1.2534	2.8	1.6
470	2007	278	3801.6	7.7	13.7	1.2342	2.3	0
470	2007	279	8812.8	5	14.8	1.1213	1.4	0
470	2007	280	8812.8	4.2	14.6	1.0725	2.1	0
470	2007	281	5702.4	7.7	12.6	0.9915	2.9	0
470	2007	282	3369.6	8.7	11.8	0.9732	1.4	0
470	2007	283	8294.4	7.8	12.4	0.9141	1.6	0
470	2007	284	3974.4	8.9	13.8	1.2215	3.9	1.2
470	2007	285	7516.8	5.2	14.9	1.0464	5	0.1
470	2007	286	10627.2	2.6	12.5	0.8318	1.7	0
470	2007	287	10368	3.9	14.8	0.881	3	0
470	2007	288	9331.2	4.6	15.5	0.9972	3	0
470	2007	289	2160	11.4	14.7	1.3359	4.6	4.2
470	2007	290	1728	5.4	12.1	1.1281	2.5	11.3
470	2007	291	7344	3.9	10.2	0.8039	4.1	0
470	2007	292	9244.8	1.3	9.9	0.6546	3.4	0
470	2007	293	4060.8	0.5	8.7	0.7293	2.3	0.4
470	2007	294	7603.2	2	11.1	0.8058	3	0
470	2007	295	8985.6	-0.3	8.1	0.654	2.3	0
470	2007	296	3888	0.7	9.3	0.7413	3.2	0.4
470	2007	297	2073.6	7.6	9.2	0.9034	4.8	0
470	2007	298	2937.6	8	10.8	1.0018	3.7	0
470	2007	299	4147.2	6.1	10.5	0.9082	2.8	0
470	2007	300	4147.2	5.2	11.6	0.9584	1.7	0
470	2007	301	2505.6	6	10.2	0.9175	5	2.5
470	2007	302	777.6	7.5	9.1	1.0833	3.7	4
470	2007	303	7171.2	4.2	12.6	1.0025	2.5	0.9
470	2007	304	1123.2	4.3	11.4	1.04	3.9	2.4
470	2007	305	1900.8	10.8	13.6	1.3629	4.7	0.7
470	2007	306	5097.6	6.6	13.1	1.1175	2.4	0.9
470	2007	307	3283.2	7.7	12.5	1.1117	4.6	0.4
470	2007	308	6480	3.2	11	0.8469	3.1	0
470	2007	309	1728	2.6	9.1	0.8604	4	3.5
470	2007	310	4406.4	4	8	0.7385	5.4	2.6
470	2007	311	4147.2	6.8	11.1	0.9719	6.5	4.1
470	2007	312	1814.4	5.2	10.6	0.9584	5.2	6.4
470	2007	313	2073.6	3.3	7.1	0.7075	7.2	2.8
470	2007	314	5529.6	2.2	7.3	0.6685	4.5	5.2
470	2007	315	4924.8	0.6	6.4	0.6908	3.1	3.1
470	2007	316	5702.4	-0.1	6.8	0.6525	4.3	0
470	2007	317	5097.6	-1.9	6.1	0.5899	2.7	0.2
470	2007	318	3801.6	-0.6	4.2	0.6052	3.7	0.3
470	2007	319	3801.6	-1.9	3	0.5278	2.9	1.1
470	2007	320	2332.8	2.1	8.6	0.84	3.1	0
470	2007	321	604.8	5	8	0.8902	2.3	0
470	2007	322	1814.4	2.3	6.2	0.7862	2.7	0
470	2007	323	1036.8	1.3	4.9	0.6639	4.2	0.4
470	2007	324	2073.6	2.3	5.1	0.7245	3.2	0
470	2007	325	1555.2	1.4	7	0.7257	4.5	0.1
470	2007	326	3801.6	4	8.2	0.8848	3.2	0
470	2007	327	3110.4	0.9	7.5	0.7257	4.4	0.6
470	2007	328	3283.2	-2.7	5	0.5577	4.8	14.4
470	2007	329	2764.8	1.6	7.1	0.7167	6	1
470	2007	330	3888	-0.9	4.8	0.4993	5.1	0
470	2007	331	3974.4	-1.9	4.3	0.4931	2.8	0
470	2007	332	1036.8	0.5	5.2	0.7122	3.9	1.2
470	2007	333	432	3.5	6.6	0.8226	5.8	3.9
470	2007	334	1641.6	3.9	8.1	0.9067	4.1	12.2
470	2007	335	1382.4	5.8	9.5	0.9422	7.5	3.2
470	2007	336	1296	5.6	8.9	0.927	6.3	15.4
470	2007	337	1641.6	3.7	7.4	0.8336	5	2
470	2007	338	2764.8	3	7.6	0.7925	4	1.7
470	2007	339	604.8	5.5	11	1.0251	6.8	7.4
470	2007	340	1036.8	7.9	9.9	1.0598	6.4	20.1
470	2007	341	518.4	5.7	11.3	1.0648	5.9	8.9
470	2007	342	2160	3.6	8.3	0.8104	5.9	4.5
470	2007	343	1382.4	3	7.8	0.8429	3.7	0.8
470	2007	344	1036.8	1.9	5	0.7822	2.2	0.2
470	2007	345	432	2.5	5.2	0.8046	2.5	0.2
470	2007	346	1209.6	2.8	4.7	0.7191	2	0
470	2007	347	691.2	1	3.9	0.6267	1.2	0
470	2007	348	691.2	1.1	3.5	0.6489	1.8	0.2
470	2007	349	1382.4	-0.5	5	0.6538	1.6	0
470	2007	350	691.2	-1.3	1	0.5258	1.7	0
470	2007	351	432	0.3	3	0.6125	2.8	0
470	2007	352	691.2	0.1	2.2	0.5777	1.9	0
470	2007	353	432	-2.4	0.7	0.5398	1.5	0
470	2007	354	777.6	0.7	3.9	0.6489	2.3	0
470	2007	355	691.2	-4.6	1.8	0.5405	1.3	0
470	2007	356	777.6	-5.2	-3.8	0.4378	1.2	0
470	2007	357	432	-4.1	1.8	0.5618	2	0.7
470	2007	358	691.2	-3.8	1	0.5516	3.8	0
470	2007	359	1468.8	1	3.2	0.6397	4.9	0.6
470	2007	360	518.4	1.8	3.9	0.7197	4.6	0
470	2007	361	604.8	2.7	6.2	0.7805	6.1	0.6
470	2007	362	518.4	6	8.3	0.8903	7.3	2.7
470	2007	363	691.2	3.9	6.7	0.7658	7.1	1.6
470	2007	364	1814.4	2.2	6.6	0.761	4.2	0.8
470	2007	365	3024	-1.6	4.5	0.6242	3.2	0
