*---------------------------------------------------------------------------*
* Station name: SCHLESWIG                               
* Year: 2017
* Author: Pedro Alencar                                   -999.000: NIL VALUE
* Source: ECAD 
* Comments: 
* Longitude: 54.5289, latitude: 54.5289, altitude: 43 m.
*
* Column  Daily value
* 1       station number
* 2       year
* 3       day
* 4       irradiation                   (kJ m-2 d-1)
* 5       minimum temperature           (degrees Celsius)
* 6       maximum temperature           (degrees Celsius)
* 7       early morning vapour pressure (kPa)
* 8       mean wind speed (height: 2 m) (m s-1)
* 9       precipitation                 (mm d-1)
*
** WCCDESCRIPTION=GERMANY, SCHLESWIG                               
** WCCFORMAT=2
** WCCYEARNR=2017
*---------------------------------------------------------------------------*
   54.5289  9.5492    43.  -0.18 -0.55
470	2017	1	345.6	3.1	5.6	0.8167	5.1	4.3
470	2017	2	2592	-0.7	3.8	0.6218	3.3	2.3
470	2017	3	432	1.1	7.2	0.7724	6.9	8.1
470	2017	4	2678.4	-1.6	5.2	0.487	7	0.7
470	2017	5	1555.2	-7.8	-1	0.3176	3.5	0
470	2017	6	3542.4	-9	-3.1	0.2958	2.8	0
470	2017	7	432	-4.3	3.4	0.5381	4.5	0.8
470	2017	8	1296	-0.6	3.1	0.5885	2.1	0.1
470	2017	9	1296	1	2.9	0.661	4.1	0.2
470	2017	10	777.6	1.7	2.8	0.6753	4.3	0.5
470	2017	11	777.6	2.7	6.6	0.783	6.9	18.4
470	2017	12	2592	1.4	5.7	0.6617	5.7	1
470	2017	13	2764.8	0.1	4.7	0.6463	3	0.9
470	2017	14	3196.8	-0.4	2.9	0.5751	4	0.7
470	2017	15	3801.6	-3.4	2.4	0.4831	3.2	0
470	2017	16	4233.6	-5.5	1.6	0.4449	2.6	0
470	2017	17	2764.8	-5.3	2	0.4765	2.1	0
470	2017	18	1728	-1.5	0.7	0.5341	3.7	0.1
470	2017	19	1036.8	-1	2.2	0.5999	3.4	0.2
470	2017	20	777.6	2.1	4.8	0.7431	2.5	0
470	2017	21	1641.6	3.6	6.9	0.8075	2.1	0
470	2017	22	1036.8	-0.8	3.7	0.6242	1.6	0
470	2017	23	2419.2	-0.8	2.7	0.6087	2.5	0
470	2017	24	1468.8	-0.4	3.2	0.6557	3.3	0
470	2017	25	864	-2.9	-0.3	0.5272	2.6	0
470	2017	26	1814.4	-2.9	1.1	0.5264	3.1	0
470	2017	27	4838.4	-1.8	2.6	0.4717	3.3	0
470	2017	28	5097.6	-2.7	4.6	0.4974	2.3	0.2
470	2017	29	777.6	-2.7	4.2	0.5999	3.8	2.4
470	2017	30	777.6	1.8	3.1	0.6996	4.2	5.8
470	2017	31	864	2	3.5	0.6625	4.9	0
470	2017	32	864	0	2	0.5977	3.6	0
470	2017	33	1036.8	0.1	3.2	0.6676	3.6	0.3
470	2017	34	1382.4	0.7	2.7	0.6907	3.2	1.1
470	2017	35	950.4	1.8	5.9	0.7885	2	0.2
470	2017	36	950.4	0.5	4.4	0.7141	3.9	2.4
470	2017	37	1987.2	0.4	2.9	0.6194	4.8	0.6
470	2017	38	1296	-1	1.3	0.5312	5.2	2.3
470	2017	39	691.2	-2.7	-0.5	0.4457	4.3	2.2
470	2017	40	2592	-3.1	-1.3	0.4056	3.3	0
470	2017	41	2332.8	-3.2	-0.6	0.4253	5.3	0
470	2017	42	2419.2	-1.3	0.6	0.4586	6.4	0
470	2017	43	1296	-0.9	0.6	0.5016	6.1	0
470	2017	44	7084.8	-2.5	0.6	0.4846	4.4	0
470	2017	45	5529.6	-3.2	0.3	0.5056	3.6	0
470	2017	46	7776	-5.2	8.1	0.5224	2.2	0
470	2017	47	1468.8	2.7	5.4	0.7507	5	4
470	2017	48	2851.2	3.7	7.3	0.8578	3.8	0
470	2017	49	1728	1.7	4.7	0.7301	4.5	0.7
470	2017	50	1123.2	3.5	6.5	0.8459	4.8	2.6
470	2017	51	950.4	4.4	7.8	0.9224	7.4	4.4
470	2017	52	5875.2	3.5	8.2	0.8048	6.1	15.4
470	2017	53	3888	5	8	0.8515	8.2	0.5
470	2017	54	1123.2	1.7	6.3	0.74	5.5	14.4
470	2017	55	9158.4	0.2	6.9	0.6302	5.2	0.1
470	2017	56	1900.8	0	5.6	0.7022	5.4	12.3
470	2017	57	1296	5.6	8.5	0.9747	6.8	3.7
470	2017	58	1814.4	6	10.7	0.8783	5.5	2
470	2017	59	4320	2.5	6.8	0.6979	6.3	4.8
470	2017	60	3974.4	1.9	6.7	0.7557	5.3	1
470	2017	61	6998.4	2.4	9.2	0.8205	4.7	0.4
470	2017	62	8640	3.3	9.4	0.7469	4.3	0.6
470	2017	63	5270.4	4.3	9.8	0.8139	2.6	0
470	2017	64	2937.6	3.4	8.9	0.8595	3.4	3.2
470	2017	65	1987.2	1.6	4.3	0.6947	5.3	0
470	2017	66	2160	0.3	1.8	0.5471	2.6	0
470	2017	67	3369.6	0.5	6.6	0.6775	3.4	1.1
470	2017	68	2851.2	3.6	7.9	0.882	4.2	5.4
470	2017	69	11059.2	3.1	10.3	0.824	5.3	0
470	2017	70	11145.6	1.5	10.7	0.8283	2.5	0
470	2017	71	10540.8	1	8.3	0.6723	4	0
470	2017	72	6307.2	2.2	8	0.7025	3	0
470	2017	73	7171.2	4.1	11.8	0.9616	5	0
470	2017	74	13564.8	3.5	11.4	0.8262	5.2	0
470	2017	75	9936	3.5	14	0.8912	4.4	0
470	2017	76	5961.6	4.5	8.5	0.8224	6.8	13.8
470	2017	77	9244.8	0.5	7.9	0.6845	7.1	0.7
470	2017	78	2332.8	0.2	8	0.7861	4.1	15.9
470	2017	79	2592	5.2	10.1	1.0259	5.4	14.5
470	2017	80	10281.6	3.6	9.6	0.7794	6.4	0.1
470	2017	81	15638.4	1.8	12.1	0.6786	3.9	0
470	2017	82	14342.4	0.3	10.5	0.6636	3.5	0
470	2017	83	16329.6	-0.5	13	0.6467	2.6	0
470	2017	84	11836.8	1.3	11.3	0.8112	4	0
470	2017	85	12268.8	1.9	12.3	0.8772	2	0
470	2017	86	15638.4	0.7	14.1	0.8748	2.2	0
470	2017	87	17020.8	0.1	18.2	0.8228	2.3	0.2
470	2017	88	3542.4	3.4	9.8	0.9255	4.1	0.2
470	2017	89	7603.2	6.9	16.6	1.1853	3.7	0.1
470	2017	90	13737.6	10.4	21.7	1.2387	3.5	0.1
470	2017	91	11232	8.8	17.2	1.1969	2.5	2.8
470	2017	92	12528	7.6	15.6	1.1736	4	0
470	2017	93	18230.4	3.2	14.3	0.8348	2.5	0
470	2017	94	18403.2	1.8	15.6	0.8207	2.4	0.1
470	2017	95	10022.4	4.6	11.9	0.8615	5.7	1.2
470	2017	96	13305.6	2.8	11.6	0.802	5.7	0
470	2017	97	7344	6.8	11.3	1.013	6.7	0
470	2017	98	8294.4	4.7	12.3	0.9206	4	0
470	2017	99	20131.2	1.2	17	0.8778	3	0
470	2017	100	8121.6	4.9	11.4	0.7907	6.7	0.4
470	2017	101	14342.4	3.3	10.7	0.7911	5.5	8.2
470	2017	102	3542.4	5.7	8.5	0.9679	6.1	11.5
470	2017	103	11318.4	5	10.9	0.8869	6.4	2.2
470	2017	104	8899.2	5	11.3	0.9098	4.9	5
470	2017	105	12096	3.6	10.4	0.8512	6.2	1.6
470	2017	106	11059.2	2.3	10.4	0.8044	3.4	3.2
470	2017	107	13305.6	0.7	10	0.7864	2.7	13.6
470	2017	108	18576	-0.7	7.5	0.5301	4.4	0
470	2017	109	13392	-1.2	8	0.5145	2.4	0
470	2017	110	13132.8	0	9.3	0.6213	3.9	0
470	2017	111	7862.4	3.8	12.9	0.9552	6.2	0.8
470	2017	112	16588.8	2.9	9.8	0.7374	6.2	3.4
470	2017	113	16761.6	2.7	9.6	0.7084	5.5	1.1
470	2017	114	8035.2	1	9.5	0.6833	5.7	0.6
470	2017	115	15465.6	-1.3	8.8	0.6312	2.8	2.9
470	2017	116	19699.2	-0.4	11.1	0.6434	2.4	0
470	2017	117	17020.8	0.5	10.5	0.6862	4.2	8
470	2017	118	11318.4	1.5	11.6	0.8156	3.6	0.4
470	2017	119	14947.2	1.3	10	0.739	2.7	1.4
470	2017	120	23932.8	2.7	12.4	0.759	5	0
470	2017	121	22291.2	5.9	12.2	0.8058	7.2	0
470	2017	122	21340.8	6	13.3	0.791	7.2	0.4
470	2017	123	22636.8	7.1	13.6	0.8164	6.4	0
470	2017	124	14169.6	6.3	12.8	0.6905	6.7	0
470	2017	125	7603.2	7.4	10.6	0.8146	4.6	0.1
470	2017	126	11232	5.5	12.9	0.9651	1.9	0
470	2017	127	25833.6	5	20.4	1.0563	3.3	0
470	2017	128	20563.2	1.2	11.4	0.6299	5.1	0
470	2017	129	19180.8	0.3	13.1	0.6572	3.4	0.2
470	2017	130	9504	5.5	11.2	0.9113	3.6	0.5
470	2017	131	25660.8	4.3	14.8	0.881	3.7	0
470	2017	132	12441.6	8	13.4	1.0928	5.3	1
470	2017	133	15033.6	7.6	20.7	1.4027	2.5	4.2
470	2017	134	22723.2	9.9	20	1.2053	3	0.3
470	2017	135	24105.6	10.9	20.1	1.1431	2.9	3.1
470	2017	136	5529.6	11.6	16.8	1.4396	3.4	7.1
470	2017	137	15465.6	14.9	24.3	1.7306	2.7	0
470	2017	138	22291.2	12.3	24.5	1.5637	3.7	0.1
470	2017	139	13910.4	10.6	22.3	1.6256	3.5	29.2
470	2017	140	20736	8.2	17.7	1.193	4.1	0
470	2017	141	26265.6	7.2	19.9	1.101	3.2	0
470	2017	142	23673.6	6.7	22.3	1.1709	2	0
470	2017	143	21772.8	10.8	24.1	1.3337	4.3	0.5
470	2017	144	25920	9.4	18.6	1.1336	5.5	0
470	2017	145	27820.8	9.3	21.3	1.3196	5.3	0
470	2017	146	26784	11.6	24.7	1.5186	2.8	0
470	2017	147	28857.6	12.1	26.3	1.466	2.7	0
470	2017	148	24883.2	14.3	24	1.5279	4.7	0.1
470	2017	149	14169.6	13.1	20.8	1.678	3	4.5
470	2017	150	9590.4	13.6	21.9	1.846	3.8	0.1
470	2017	151	20563.2	8.8	17.5	1.1029	6.6	0
470	2017	152	29980.8	6.9	18.9	1.0405	4.4	0
470	2017	153	29980.8	6.3	23	1.0491	2.1	0
470	2017	154	13564.8	14.3	20	1.4845	2.6	0.8
470	2017	155	17452.8	9.6	20.4	1.3625	4	0.1
470	2017	156	22809.6	9.3	21.3	1.1112	3.3	0
470	2017	157	21168	11.8	23	1.4486	3.7	2.8
470	2017	158	5961.6	10.4	14.3	1.233	6.6	21
470	2017	159	8640	11.2	15.7	1.3558	3.9	5.1
470	2017	160	13219.2	11.1	23.1	1.7135	3.1	7.3
470	2017	161	23414.4	9.5	21.2	1.3935	3	0.4
470	2017	162	24624	14.7	25.9	1.712	3.9	2
470	2017	163	15120	13.7	18	1.4747	6.2	0.6
470	2017	164	15292.8	10.4	18.1	1.2982	5.6	0
470	2017	165	21600	10.6	20.9	1.376	3.4	0
470	2017	166	21859.2	9.8	23.7	1.3903	2.8	0
470	2017	167	18316.8	12.1	18.8	1.3674	6	0.2
470	2017	168	28857.6	11.5	21.8	1.4004	5.1	0
470	2017	169	27129.6	14.2	26.1	1.8376	3.3	0
470	2017	170	27388.8	14	28.1	1.8177	2.3	0
470	2017	171	28944	9.4	21.5	1.2271	4.3	0
470	2017	172	25660.8	8.3	20.9	1.1619	2.9	0.1
470	2017	173	14083.2	10.5	24.9	1.6987	2.9	15.7
470	2017	174	9331.2	14.7	20.1	1.7462	5.7	1.8
470	2017	175	9590.4	13.1	18.1	1.5399	5	0.5
470	2017	176	14947.2	10.8	18.9	1.282	5.4	0
470	2017	177	22982.4	9.3	19.6	1.1836	4.5	0
470	2017	178	22032	8.3	19.3	1.1033	2	2.2
470	2017	179	17107.2	13.2	20.3	1.5807	5.3	10.1
470	2017	180	8899.2	15.1	22.3	1.9808	2.3	18.4
470	2017	181	2851.2	13.8	15.3	1.6214	2.7	33.9
470	2017	182	13305.6	13	22.6	1.7298	3.4	0.3
470	2017	183	14774.4	10.8	19.2	1.3284	5.1	0.2
470	2017	184	14342.4	9.9	20.4	1.4101	5	2.6
470	2017	185	20822.4	8.9	18.9	1.1739	4.3	0.3
470	2017	186	28080	9.7	20.4	1.2302	2.9	0
470	2017	187	28598.4	8.1	21.5	1.1433	2.1	0
470	2017	188	17884.8	14.1	23.6	1.6952	1.9	0.1
470	2017	189	21686.4	9.6	22	1.3983	4.1	0
470	2017	190	26697.6	7.8	21.6	1.1861	1.9	0
470	2017	191	10281.6	10.9	19.5	1.4664	2.1	1.4
470	2017	192	14860.8	13.3	21.7	1.6974	3.6	19.4
470	2017	193	10195.2	10.9	17.2	1.3456	3.5	4.4
470	2017	194	17712	10	18.7	1.1759	4.1	0
470	2017	195	24105.6	9.1	21.4	1.2288	2.3	0
470	2017	196	19440	11	21.9	1.4388	2.3	0.4
470	2017	197	6912	11	19.1	1.5378	3.9	3.7
470	2017	198	15724.8	9.9	20.3	1.3713	3.5	0
470	2017	199	21081.6	10.9	21.9	1.4156	1.8	0
470	2017	200	24710.4	10.2	23.1	1.495	3.8	2.8
470	2017	201	8985.6	15.7	21.9	2.0149	2.1	15
470	2017	202	23587.2	12.4	21.7	1.4557	3	0
470	2017	203	6739.2	11.6	18.4	1.5669	3.5	3.6
470	2017	204	10195.2	12.5	20.6	1.6736	2.9	20.2
470	2017	205	13478.4	11.4	20.9	1.5216	2	1.9
470	2017	206	4924.8	14.4	16.5	1.6654	3.3	6
470	2017	207	24364.8	14.2	24.3	1.7157	2.8	0
470	2017	208	9158.4	11.9	21	1.5322	3.1	1.5
470	2017	209	15984	11.3	19.9	1.5045	3.5	7.8
470	2017	210	16070.4	13.6	21.9	1.6432	4.5	12.4
470	2017	211	17020.8	13.1	25.2	1.9265	3.6	6.4
470	2017	212	22291.2	12.9	23.6	1.6328	3.1	0
470	2017	213	12960	13.3	22.9	1.659	2.1	0.7
470	2017	214	15811.2	12.9	23	1.6023	2.8	3.3
470	2017	215	8121.6	15.8	22.2	1.9305	3.9	16.3
470	2017	216	11318.4	14.6	20	1.6761	5.7	2.7
470	2017	217	19440	12.9	22.1	1.4578	4.5	4.8
470	2017	218	20390.4	11	20.8	1.4073	3.9	0
470	2017	219	21513.6	10.4	22.8	1.3771	3	0
470	2017	220	11664	12.3	24.1	1.6694	2.7	4
470	2017	221	16761.6	13.5	21.2	1.6023	4.2	0.1
470	2017	222	20304	12.1	23	1.5625	3	0
470	2017	223	8121.6	11.3	17.7	1.3523	2.2	0
470	2017	224	4492.8	13.2	17.6	1.6251	3.2	8.3
470	2017	225	16934.4	9	20.4	1.303	3.2	0.1
470	2017	226	23414.4	7.7	20.5	1.1732	2.7	0
470	2017	227	18144	14.8	26.2	1.7814	2.8	0.2
470	2017	228	18057.6	12.5	22.6	1.5225	2.5	0
470	2017	229	8812.8	11.2	22.5	1.6674	3.1	7.3
470	2017	230	9158.4	14.1	21.1	1.7885	3.3	3.9
470	2017	231	14601.6	11.5	18.4	1.46	4	10
470	2017	232	11923.2	11.4	19.5	1.5777	3.8	12.9
470	2017	233	10540.8	9.6	18.7	1.3382	4	0.1
470	2017	234	16675.2	9.4	19.5	1.3151	3.3	0
470	2017	235	19958.4	9	21.4	1.3456	1.9	0
470	2017	236	13737.6	12.9	21.4	1.504	3.9	0.7
470	2017	237	19699.2	11.5	21.7	1.528	3.5	0
470	2017	238	13996.8	10.3	21.7	1.5071	1.3	0
470	2017	239	15292.8	11.6	21.7	1.5518	3.4	0.1
470	2017	240	16675.2	9.7	21.9	1.4342	2	0
470	2017	241	18835.2	13.7	25.7	1.6268	2.8	37.3
470	2017	242	4147.2	16	20.3	2.0178	2.6	9.2
470	2017	243	7603.2	9.9	17.6	1.4296	3.2	0.4
470	2017	244	12528	9.7	19.7	1.3365	2	0
470	2017	245	11923.2	8.6	18.2	1.2592	2	0
470	2017	246	14601.6	7.1	18.7	1.2337	1.6	0.4
470	2017	247	19094.4	7.8	20.2	1.2454	2.5	0
470	2017	248	13737.6	8.5	22.1	1.3543	2.2	2.1
470	2017	249	6048	12.7	20.5	1.7732	3.5	10.3
470	2017	250	13564.8	11.1	19.5	1.4585	3.9	4
470	2017	251	4147.2	12.7	16.7	1.587	4.5	14.9
470	2017	252	7257.6	10.7	15.4	1.3959	2.4	9.5
470	2017	253	14601.6	10.3	18.4	1.3066	4.5	1.1
470	2017	254	11059.2	11.9	18.3	1.2856	5.7	0.6
470	2017	255	10972.8	11.3	17.2	1.4118	4.5	5.5
470	2017	256	3456	10.5	14.8	1.316	7.3	22.7
470	2017	257	2592	9.3	12.6	1.1895	4.5	30.7
470	2017	258	8726.4	9.2	15.6	1.2803	3.8	9
470	2017	259	4147.2	8.1	12.8	1.1885	2.5	0
470	2017	260	9676.8	8.3	16.1	1.2493	1.9	2.7
470	2017	261	14428.8	6.1	16.6	1.1141	1.5	0
470	2017	262	9936	6.8	17	1.2388	2.5	8.2
470	2017	263	7603.2	11.2	16.4	1.45	2.9	1.9
470	2017	264	8985.6	11.7	20	1.6006	1.9	0
470	2017	265	8380.8	10.3	17	1.3579	1.8	0
470	2017	266	11232	9.8	17.7	1.3511	1.8	0.1
470	2017	267	4060.8	11.4	17.1	1.5091	2.6	0
470	2017	268	7516.8	12.9	17.8	1.5154	4	0
470	2017	269	4233.6	12.9	16.4	1.4987	3.5	0
470	2017	270	7689.6	11.9	18.5	1.5526	3.7	1.9
470	2017	271	6134.4	12.3	16.2	1.4605	3.2	2.3
470	2017	272	8899.2	12.6	19.7	1.6132	3.2	2.3
470	2017	273	1296	12.1	15.2	1.4516	2.7	21.6
470	2017	274	11836.8	11.3	17.4	1.3393	3.2	7
470	2017	275	4924.8	11	17.4	1.4396	5.4	16.9
470	2017	276	10368	9.6	16.6	1.3101	4.3	2.6
470	2017	277	3196.8	9.3	13.2	1.1601	4.9	18
470	2017	278	3628.8	7	11.4	1.0814	4.5	35.9
470	2017	279	11145.6	8.8	15.1	1.1871	4.5	0.7
470	2017	280	1296	9	13	1.2591	4.2	20.5
470	2017	281	11577.6	4.3	13	0.93	3.2	0
470	2017	282	6480	4	14.7	1.0102	2.3	5.3
470	2017	283	4492.8	9.3	15.7	1.3756	3.4	11.6
470	2017	284	2419.2	12.2	15.3	1.461	5	5.6
470	2017	285	6220.8	11.3	14.6	1.2228	6.9	3
470	2017	286	4492.8	8.9	15.8	1.3047	4	0.3
470	2017	287	1209.6	14.6	15.6	1.6455	5.3	0.8
470	2017	288	6739.2	13.2	19.8	1.687	3.4	0
470	2017	289	4752	12.6	18.8	1.6032	2.9	0
470	2017	290	4406.4	11	16.4	1.3154	4.8	0
470	2017	291	4233.6	10.1	15.8	1.3272	2.1	0
470	2017	292	5788.8	11.3	15.7	1.3911	3	0
470	2017	293	1468.8	11.4	14.4	1.4121	2.6	5.2
470	2017	294	3196.8	11.1	13	1.3074	2.6	1.1
470	2017	295	3110.4	8.1	11.6	1.1418	2.8	9.4
470	2017	296	2505.6	8.9	12.7	1.2425	2.6	0.7
470	2017	297	1123.2	10	15	1.4045	3.4	7.5
470	2017	298	2592	10.7	14.9	1.329	5.8	1.8
470	2017	299	4060.8	9.5	14.3	1.1832	4.4	0.5
470	2017	300	6739.2	8.9	13.2	1.0922	5	0.3
470	2017	301	1728	9.7	12.1	1.1465	6.8	6.4
470	2017	302	6739.2	5.7	10.8	0.7524	7.9	0
470	2017	303	6912	2	9.8	0.6684	3.5	0
470	2017	304	1900.8	4.6	10.2	0.9674	3.1	6.3
470	2017	305	1468.8	9.5	13.3	1.2929	5.4	6.6
470	2017	306	4838.4	8.2	12.4	1.1016	4.6	0.2
470	2017	307	2419.2	4.9	10.3	0.9599	3	0
470	2017	308	3974.4	8.1	11.5	1.0533	3.2	0.4
470	2017	309	1987.2	4.4	11.3	0.9763	2.9	0
470	2017	310	5443.2	2.5	10.5	0.8418	2.6	0
470	2017	311	5961.6	0.7	8.8	0.7627	2.3	0
470	2017	312	2592	4.1	9.3	0.8829	2	0
470	2017	313	1641.6	4.3	9.1	0.9025	3.6	2.4
470	2017	314	1036.8	3.6	7.9	0.836	4.4	19.6
470	2017	315	3024	1.6	8.3	0.7821	3.3	3.7
470	2017	316	2073.6	2.6	6.2	0.7861	3.1	1.7
470	2017	317	4924.8	0.2	7.1	0.714	2.8	0.1
470	2017	318	1209.6	1.9	8.6	0.8608	3.7	4.8
470	2017	319	2678.4	2.7	10.9	0.968	2.5	0.2
470	2017	320	432	4	9.2	0.9548	3.7	3.7
470	2017	321	3456	3	9	0.8226	3.3	0.9
470	2017	322	1900.8	3.7	6.6	0.7931	5	13.8
470	2017	323	3456	0.1	7.3	0.6608	4.7	0.5
470	2017	324	2246.4	1.4	6.6	0.7318	2.9	0
470	2017	325	1209.6	3.3	5.4	0.7834	2.4	8.1
470	2017	326	345.6	5.4	10.7	1.0005	6.1	3.1
470	2017	327	950.4	7	12.3	0.8989	6.7	0.7
470	2017	328	1555.2	2.2	7.5	0.7594	3.9	0.7
470	2017	329	2937.6	0	5.9	0.7022	2.9	2.8
470	2017	330	1296	0.9	6.1	0.7379	5.2	9.3
470	2017	331	345.6	3.2	6.1	0.8	5.3	24.9
470	2017	332	1555.2	1.5	6.4	0.7536	4.7	2.1
470	2017	333	1555.2	-1.6	4.5	0.6513	1.1	0.2
470	2017	334	604.8	-2.1	2.3	0.5908	1.9	0.5
470	2017	335	2592	-1	4.5	0.6585	2.7	0
470	2017	336	1036.8	-3.1	1.4	0.5571	4	1.8
470	2017	337	1900.8	0.8	7.3	0.767	4	1.7
470	2017	338	3024	2.7	7.6	0.7402	3.8	1.5
470	2017	339	1987.2	6.6	8.9	0.9592	6.5	0.9
470	2017	340	864	6.6	8.9	0.8854	7.8	0
470	2017	341	432	4.5	7.6	0.7879	7.7	13.1
470	2017	342	950.4	0.8	5.3	0.6844	4.4	7.7
470	2017	343	1728	0.2	4.5	0.6584	4.2	6.6
470	2017	344	1036.8	-0.9	0.7	0.5459	4.7	1.3
470	2017	345	604.8	-1.5	1.1	0.554	3.6	6.8
470	2017	346	1382.4	-0.2	1.7	0.5935	4.1	0.1
470	2017	347	518.4	0.2	2.6	0.6287	6	11.3
470	2017	348	864	0.3	3.4	0.6493	5.1	4.5
470	2017	349	777.6	1.6	3.6	0.6997	3.6	1.1
470	2017	350	2764.8	-1.3	4.6	0.6401	3.2	0
470	2017	351	3110.4	-1.7	3	0.5828	2.9	0
470	2017	352	864	0.5	3.1	0.647	2.9	0
470	2017	353	1468.8	3.1	6.4	0.8313	2.3	0.4
470	2017	354	777.6	4.7	6.9	0.9219	2.8	1.1
470	2017	355	1036.8	5	7.2	0.913	3.8	0
470	2017	356	2073.6	3.8	6.5	0.8372	3.5	0.3
470	2017	357	259.2	3.9	8.4	0.9067	8.3	1.7
470	2017	358	345.6	7.5	8.6	1.022	8.8	7.2
470	2017	359	518.4	5.5	8.5	0.8912	7.9	0
470	2017	360	864	4	6.2	0.7201	7.3	1
470	2017	361	1036.8	2.9	5	0.6887	3.3	0
470	2017	362	2160	0.9	5.9	0.7093	3.9	3.2
470	2017	363	1641.6	0.8	3.6	0.6299	4.3	4.1
470	2017	364	518.4	1	4.4	0.7047	4.1	3.8
470	2017	365	259.2	3.7	10.6	0.9814	4	24.6
