*---------------------------------------------------------------------------*
* Station name: GREIFSWALD                              
* Year: 1989
* Author: Pedro Alencar                                   -999.000: NIL VALUE
* Source: ECAD 
* Comments: 
* Longitude: 54.0978, latitude: 54.0978, altitude: 2 m.
*
* Column  Daily value
* 1       station number
* 2       year
* 3       day
* 4       irradiation                   (kJ m-2 d-1)
* 5       minimum temperature           (degrees Celsius)
* 6       maximum temperature           (degrees Celsius)
* 7       early morning vapour pressure (kPa)
* 8       mean wind speed (height: 2 m) (m s-1)
* 9       precipitation                 (mm d-1)
*
** WCCDESCRIPTION=GERMANY, GREIFSWALD                              
** WCCFORMAT=2
** WCCYEARNR=1989
*---------------------------------------------------------------------------*
   54.0978  13.4075    2.  -0.18 -0.55
473	1989	1	864	1.4	7.2	0.7806	2.9	0.4
473	1989	2	864	0.1	6.3	0.6994	1.2	0
473	1989	3	1382.4	0.2	6.4	0.6579	3	0
473	1989	4	864	-0.4	2.2	0.5478	3.3	0.1
473	1989	5	864	1.4	5.6	0.6751	4.6	1
473	1989	6	1987.2	2	4.5	0.6556	2.3	0.2
473	1989	7	2332.8	0.7	5	0.6223	5.8	0.4
473	1989	8	950.4	2.5	8.7	0.8547	4.8	2.1
473	1989	9	950.4	7.9	8.6	1.0251	4.6	1.3
473	1989	10	950.4	4.7	8.3	0.8902	4.1	2.4
473	1989	11	1814.4	2.4	5.1	0.7031	4.2	0
473	1989	12	3628.8	0.4	4.5	0.6194	4.7	1.2
473	1989	13	3110.4	3.4	7.1	0.7277	6.3	0
473	1989	14	1814.4	2.5	9	0.7166	6.3	1
473	1989	15	1036.8	4.7	9.1	0.7956	8.7	0
473	1989	16	1036.8	7.8	9.8	0.9055	6.5	0
473	1989	17	1814.4	4.4	8.8	0.7599	6	1
473	1989	18	1641.6	2.4	6.8	0.7039	5.9	0
473	1989	19	1123.2	5.4	6.6	0.7852	4.9	0
473	1989	20	1123.2	-0.3	6	0.6298	2.7	0
473	1989	21	1123.2	-2.4	2.1	0.5379	3.6	0.2
473	1989	22	2419.2	2.1	6.2	0.7067	3.9	0.1
473	1989	23	1209.6	0	5.3	0.6283	4.3	0
473	1989	24	1641.6	4.1	6	0.7526	4.3	0.5
473	1989	25	4752	0	5.9	0.5965	2.2	0
473	1989	26	2592	-2.4	2.4	0.556	2.4	0
473	1989	27	4924.8	-3.1	5.2	0.5076	3.4	0
473	1989	28	5184	1.3	7.7	0.5137	5	0.5
473	1989	29	1814.4	2.8	4.8	0.7136	4.7	0
473	1989	30	1382.4	2.4	6.6	0.7327	6.7	0.1
473	1989	31	1382.4	6.5	8	0.927	6	0.3
473	1989	32	1382.4	5.3	7.5	0.8456	3	0
473	1989	33	1468.8	2.1	5.6	0.692	4.1	0
473	1989	34	1468.8	-0.1	4.2	0.5807	5.8	0
473	1989	35	2419.2	1.6	3.7	0.6061	5.2	0.6
473	1989	36	4492.8	2.8	7.2	0.6715	7.3	0.8
473	1989	37	1555.2	3.1	10.9	0.8011	6.8	0
473	1989	38	2073.6	9.5	11.1	0.9138	6.4	0
473	1989	39	3196.8	4.9	10.7	0.9096	3	0
473	1989	40	1641.6	0.8	6.1	0.7353	2.1	0
473	1989	41	1728	2.6	5	0.6414	4.4	0
473	1989	42	5529.6	-0.9	8.5	0.6976	3.3	0
473	1989	43	1728	2.6	7.3	0.7474	5	1.6
473	1989	44	6912	3	7	0.6715	6.2	0.7
473	1989	45	1814.4	2	5.9	0.5834	8.3	0.5
473	1989	46	1900.8	1.6	6.7	0.6985	6	2.9
473	1989	47	6566.4	1.3	7	0.641	6	1.6
473	1989	48	7257.6	-0.8	5.4	0.5479	3.8	0.4
473	1989	49	2592	-0.9	5.1	0.597	4.9	3
473	1989	50	5011.2	5.1	13.5	0.9483	6.1	1.5
473	1989	51	5961.6	4.9	9.2	0.7737	5.8	1.6
473	1989	52	7948.8	1.6	7.4	0.6569	4.7	0
473	1989	53	8121.6	0.6	7.3	0.6239	3.8	0
473	1989	54	2246.4	2.2	5.2	0.6847	3.8	3.7
473	1989	55	7084.8	0.7	6.9	0.6895	3	3.5
473	1989	56	5443.2	3.6	11	0.8995	2.7	0.2
473	1989	57	2332.8	3.8	7.8	0.7283	4	0
473	1989	58	8208	3.2	8	0.6546	5.1	0
473	1989	59	6220.8	3.3	8.2	0.735	4.3	1.3
473	1989	60	7257.6	-0.4	6.8	0.6533	4.4	4.7
473	1989	61	2764.8	4.2	6.5	0.8042	3.9	1.1
473	1989	62	7344	2.5	6.6	0.786	2.7	0
473	1989	63	3628.8	2.1	6	0.7589	2.5	0
473	1989	64	4665.6	3.3	10.3	0.8494	2.3	0
473	1989	65	10281.6	5.6	14.7	0.9915	2.4	0
473	1989	66	11836.8	5.1	14.6	0.8139	3.9	0
473	1989	67	11318.4	1.4	9.2	0.6946	3.4	0
473	1989	68	7171.2	2.2	9.1	0.6752	2.5	2
473	1989	69	9244.8	5.2	11.5	0.8234	4.3	0.5
473	1989	70	3196.8	5.2	9	0.8772	3.3	2
473	1989	71	7516.8	-0.2	7.8	0.7617	1.9	0
473	1989	72	3283.2	1.5	11.4	0.7617	6.5	2
473	1989	73	10886.4	3.3	8.7	0.7011	7	1.1
473	1989	74	5875.2	4.4	8.1	0.7894	5.8	8.6
473	1989	75	10540.8	4.5	8.8	0.6648	5.7	3.8
473	1989	76	4233.6	2.8	5.6	0.7092	3.8	1.5
473	1989	77	14515.2	-0.3	7.4	0.5436	3.2	0
473	1989	78	5443.2	0.7	8.4	0.5747	4.6	0
473	1989	79	10022.4	6.4	14.9	0.7432	3.3	0
473	1989	80	5097.6	4.3	10.9	0.8347	4.9	2.6
473	1989	81	7516.8	1.2	10.4	0.756	6	2.4
473	1989	82	11404.8	0.5	10.8	0.6934	7	3.9
473	1989	83	4665.6	1.4	6	0.6847	7.5	7.2
473	1989	84	14428.8	5.1	10	0.7382	10.5	0
473	1989	85	14083.2	4.7	10.5	0.7721	5.8	0
473	1989	86	14342.4	4	14.8	0.7661	3.4	0
473	1989	87	14774.4	5.8	20.5	0.9216	4.5	0
473	1989	88	15984	4.2	17.1	0.9226	5.3	0
473	1989	89	8985.6	4.1	16.1	0.877	3.8	0
473	1989	90	5788.8	8.3	13.1	1.0928	4	0.6
473	1989	91	12441.6	2.5	9	0.6982	7.6	1
473	1989	92	13564.8	-1.3	2.9	0.4856	4.4	2
473	1989	93	14774.4	-1.1	3.5	0.4931	3.2	0.1
473	1989	94	14601.6	-0.3	5.3	0.5119	7.4	0
473	1989	95	6566.4	2.2	6.1	0.6245	8.2	2.9
473	1989	96	9072	3.5	12.6	0.9037	3	0.7
473	1989	97	15206.4	3.5	13.2	0.7905	2.9	0
473	1989	98	16848	4.5	15.5	0.8834	3	0.4
473	1989	99	14947.2	4.9	12.4	0.8515	2.3	0.3
473	1989	100	7862.4	3.1	13.4	0.7961	4.6	0
473	1989	101	17366.4	7.5	18.7	1.0541	4	0
473	1989	102	19008	9.5	22.6	1.3297	3.5	0
473	1989	103	16934.4	9.5	24.8	1.0352	5	0
473	1989	104	17884.8	9	20.8	1.303	2.9	0
473	1989	105	17884.8	6.8	14.5	1.0764	2.3	0
473	1989	106	5184	5.5	10.8	0.899	7.1	0
473	1989	107	19526.4	3.8	8.3	0.6566	4.3	0
473	1989	108	12614.4	-0.2	8.9	0.675	1.7	12.7
473	1989	109	5270.4	3	7.8	0.807	2.7	2.6
473	1989	110	11836.8	2.8	11.4	0.8268	2.7	1.3
473	1989	111	21859.2	0.6	12.6	0.8184	2.6	0
473	1989	112	8726.4	3.9	10.6	0.8149	4.6	0
473	1989	113	18835.2	1.7	9.6	0.5657	4.1	0.1
473	1989	114	7344	3	8.1	0.7158	2.2	0
473	1989	115	16934.4	6.2	20.5	0.8419	6	0
473	1989	116	9849.6	9.6	17.6	1.1668	2.8	0.3
473	1989	117	6998.4	5	9.8	0.8542	3.8	0
473	1989	118	8035.2	2.2	7	0.6785	2.8	0.4
473	1989	119	20822.4	3.3	11.4	0.6872	4.8	0
473	1989	120	19785.6	3.4	13	0.7608	3.2	0
473	1989	121	23846.4	2	15.2	0.7593	1.7	0
473	1989	122	5961.6	5.6	16.3	0.9542	2.5	0
473	1989	123	16934.4	10.6	16.8	1.2684	2.5	0
473	1989	124	25574.4	8.3	19.4	1.012	4.1	0
473	1989	125	22896	8.7	16.5	0.9474	5	0
473	1989	126	20044.8	7.2	12.4	0.8838	7.1	1.1
473	1989	127	22982.4	4.3	15.4	0.8382	3.6	0
473	1989	128	16416	6.5	16.2	0.9933	4.1	0
473	1989	129	21772.8	8.9	21.3	1.1313	3.7	0.2
473	1989	130	23241.6	7	16.1	0.8841	2.9	0
473	1989	131	22032	3.4	14.7	0.8173	2.6	0.9
473	1989	132	15638.4	10.2	17.8	1.2614	4	0.3
473	1989	133	22550.4	6.9	16.8	0.9434	5.1	0
473	1989	134	25401.6	5.7	16.6	0.8743	4.7	0
473	1989	135	26524.8	4.7	18.6	0.8489	2.2	0
473	1989	136	26697.6	8.7	22.9	1.0039	2.1	0
473	1989	137	24710.4	7.3	17.7	1.1584	1.7	0
473	1989	138	26524.8	2.8	17.1	0.8805	2.4	0
473	1989	139	27043.2	5	19.8	1.122	1.8	0
473	1989	140	27216	7.4	19.4	1.2592	2.7	0
473	1989	141	27388.8	10.4	16.3	0.949	4.5	0
473	1989	142	27648	7.3	16.6	0.9636	4.2	0
473	1989	143	27216	5	19.5	0.9259	2.8	0
473	1989	144	27561.6	7	24.7	1.0251	2.6	0
473	1989	145	27561.6	10	26.4	1.2521	2.4	0
473	1989	146	26179.2	12.5	27	1.3101	2.2	0
473	1989	147	24364.8	11.5	22.3	1.3266	3	0
473	1989	148	26092.8	9.2	17.4	1.1595	2.7	0
473	1989	149	22550.4	5.4	18.8	0.9732	3.1	0
473	1989	150	23328	7.6	20.6	1.0446	2.3	0.7
473	1989	151	24364.8	7.3	15.6	0.8513	5.7	0
473	1989	152	17971.2	5.4	17.9	0.7667	2.1	0
473	1989	153	17884.8	5.4	16.9	1.0067	2.3	4.6
473	1989	154	11404.8	8.9	15.3	1.1565	2.2	0
473	1989	155	6480	10.4	14.1	1.2392	0.8	1.2
473	1989	156	22982.4	9	17.5	1.0797	2.9	15.5
473	1989	157	17280	9.3	16.6	1.193	2.5	0.1
473	1989	158	21600	4.8	17	1.0683	1.5	7.6
473	1989	159	22118.4	7.8	16	1.0857	3.2	0
473	1989	160	15292.8	6.9	16.8	1.1793	1.5	5
473	1989	161	26611.2	6	18.3	1.0896	1.4	0
473	1989	162	18230.4	7.3	19.2	1.1405	2	0
473	1989	163	28598.4	9	19.1	1.1694	2.8	0
473	1989	164	28598.4	8.1	20.1	1.1571	3.4	0
473	1989	165	25315.2	12.5	18.3	1.1533	3	0
473	1989	166	28080	11.4	17.3	1.029	2.9	0
473	1989	167	25228.8	8.5	22.2	1.1148	3.2	0
473	1989	168	24796.8	10.6	25	1.3431	2.4	0
473	1989	169	25401.6	12.6	22	1.5775	3.3	0
473	1989	170	25833.6	10.4	25	1.2133	2.6	0
473	1989	171	28944	11.8	25	1.3524	1.2	0
473	1989	172	28684.8	11.4	26.5	1.6183	1.9	0
473	1989	173	25660.8	13.5	23.1	1.4489	3	0
473	1989	174	22809.6	11.8	27.6	1.6268	2	0
473	1989	175	19785.6	13.4	23.4	1.458	3.4	0
473	1989	176	23241.6	10.1	26.1	1.3894	2.5	0
473	1989	177	27129.6	11.8	29.6	1.4379	2.6	0
473	1989	178	21254.4	17.9	31.1	1.9943	2.8	7.1
473	1989	179	18489.6	15.1	20.9	1.5043	3.5	0
473	1989	180	13046.4	11.3	21.3	1.3326	3.8	7.2
473	1989	181	22464	11.7	18.9	1.3022	3	0
473	1989	182	18316.8	7.3	21	1.1447	2.8	3.5
473	1989	183	6566.4	13.9	17	1.6128	4.6	4.1
473	1989	184	15897.6	12.9	17.9	1.328	4.1	0
473	1989	185	26956.8	15.5	19.8	1.5724	3.7	0
473	1989	186	28598.4	14	22.6	1.4279	2.4	0
473	1989	187	28339.2	10.9	26.2	1.3224	2	0
473	1989	188	28425.6	12.9	29.5	1.4827	2.4	0
473	1989	189	23241.6	18.2	33	1.8343	2.4	0
473	1989	190	23414.4	18.1	29.2	2.041	2.5	9.9
473	1989	191	23414.4	16.5	22.7	1.6167	4.3	0
473	1989	192	24364.8	13.2	22.6	1.372	3.8	0
473	1989	193	17884.8	13.8	22.7	1.4444	3.6	0
473	1989	194	12441.6	14.3	20	1.3868	4.4	5.1
473	1989	195	17193.6	11.1	18.8	1.2902	5.6	2.4
473	1989	196	13392	11.1	17	1.2495	5.4	2.1
473	1989	197	18230.4	10.9	17.8	1.1106	7.5	3.3
473	1989	198	22723.2	8.6	18.8	1.0961	6.5	4.5
473	1989	199	18835.2	11.1	17.6	1.2576	6.8	2.2
473	1989	200	27302.4	9.7	19.4	1.1085	4.2	0
473	1989	201	15724.8	12.9	19	1.3394	3.6	0
473	1989	202	24105.6	10.8	21.7	1.3837	1.4	0
473	1989	203	22982.4	7.6	24.5	1.1294	1.9	0
473	1989	204	20217.6	16.2	26.5	1.2935	3.4	0
473	1989	205	8208	18.5	22.8	1.4335	3.5	0
473	1989	206	26524.8	14.3	25.2	1.402	3.1	0
473	1989	207	24624	13	29	1.5391	2.5	0
473	1989	208	5961.6	17.2	22.4	1.7752	2.3	11.4
473	1989	209	21340.8	12.8	20.6	1.3669	2.6	0
473	1989	210	20649.6	10.7	25	1.2248	2.4	0.6
473	1989	211	5875.2	16.2	23.3	1.425	3.4	6
473	1989	212	14428.8	13.7	23.2	1.5898	7.2	2
473	1989	213	20476.8	10	17.4	1.0961	5.7	6.5
473	1989	214	6480	10.7	16	1.2705	5.5	6.1
473	1989	215	21513.6	12.9	19.9	1.3783	5.3	0
473	1989	216	16761.6	11.7	17	1.1596	7.2	2.6
473	1989	217	11145.6	11.1	17.5	1.2373	5.5	1.5
473	1989	218	17539.2	12.2	19	1.2213	2.8	0
473	1989	219	18489.6	8.5	23.5	1.3073	1.6	21
473	1989	220	10800	16.2	19.5	1.7352	2.8	0
473	1989	221	8640	13.7	19	1.4668	3.3	5.2
473	1989	222	13824	13.9	24.5	1.7103	1.6	0
473	1989	223	19267.2	16.9	27.7	1.8274	3.4	17.4
473	1989	224	10022.4	14.6	21.7	1.5394	3	0.1
473	1989	225	16329.6	13	22.3	1.4514	1.4	0
473	1989	226	19526.4	14.3	27	1.6279	2.6	0
473	1989	227	17366.4	14.5	29.5	1.6361	3.1	0
473	1989	228	20217.6	15.6	30.1	1.9172	1.7	1.1
473	1989	229	14860.8	17.9	25.1	1.9965	2.7	0
473	1989	230	19440	13.4	23.6	1.4672	3	0
473	1989	231	22032	10.9	22.4	1.3625	1.5	0
473	1989	232	19958.4	13	29	1.688	2.2	0
473	1989	233	21686.4	14.7	30.3	1.7681	3.2	0
473	1989	234	20649.6	13.8	24	1.6133	2.5	0
473	1989	235	17625.6	14.2	20.7	1.3337	4.6	0
473	1989	236	7776	12.4	18.5	1.3498	5.1	7.8
473	1989	237	16588.8	13	17.9	1.3323	4.4	0.4
473	1989	238	14601.6	8.6	16.8	1.115	2.9	0
473	1989	239	4665.6	9.2	16.6	1.2337	3.5	25.4
473	1989	240	5616	11.4	15.1	1.3078	1.8	2.5
473	1989	241	16675.2	11.1	18	1.3236	4	0
473	1989	242	20131.2	7.5	19.3	1.1364	1.5	0
473	1989	243	19612.8	6	19	1.1004	1.8	0
473	1989	244	15120	7.7	22.5	1.3541	1.5	0
473	1989	245	13219.2	10.4	18.5	1.348	2	0.6
473	1989	246	17366.4	11.4	17.6	1.3193	1.6	0
473	1989	247	17539.2	6.8	19.3	1.2008	1.5	0
473	1989	248	15120	7.8	18.2	1.1221	2.8	0
473	1989	249	11664	10.5	19.2	1.282	3.8	0
473	1989	250	14342.4	12.1	20.7	1.546	1.6	0
473	1989	251	16329.6	8.9	20.5	1.4367	1.8	0
473	1989	252	16502.4	12.6	20.9	1.6759	3.4	0
473	1989	253	4665.6	16.3	17.1	1.5947	5.6	0
473	1989	254	15638.4	14.6	18.2	1.2666	4.5	0
473	1989	255	16243.2	6.9	16.8	1.0822	2.4	0
473	1989	256	15638.4	7.3	21.2	1.0386	3.3	0
473	1989	257	6220.8	11.2	17.9	1.307	4.1	3
473	1989	258	12873.6	9.7	17	1.2245	4	4.7
473	1989	259	8208	10	20.3	1.5305	3.3	0.3
473	1989	260	10713.6	13.1	23.7	1.7538	3.3	0
473	1989	261	13478.4	15.2	25.2	1.9378	2.1	0
473	1989	262	13564.8	15.3	29.7	1.8497	4.3	1.7
473	1989	263	13219.2	13	21.4	1.6068	2.1	0
473	1989	264	13651.2	12.3	26.2	1.7825	2.4	0
473	1989	265	13219.2	15.5	25.7	1.9862	2.9	0
473	1989	266	10886.4	11.9	24.2	1.8191	1.5	0
473	1989	267	9331.2	15.8	20	1.6997	1.9	0
473	1989	268	10540.8	10.1	18.9	1.4348	0.9	0
473	1989	269	7689.6	11.4	17.2	1.335	3	0
473	1989	270	3110.4	7.2	15.6	1.1986	1.9	0.4
473	1989	271	7084.8	9.2	15.4	1.1433	3.1	0
473	1989	272	10540.8	7.5	17	1.1538	2.7	0
473	1989	273	12441.6	7.8	18	1.2188	4.1	0
473	1989	274	7344	4.3	14	0.8692	3.2	0
473	1989	275	9244.8	11.1	15.2	1.0425	8.7	0.9
473	1989	276	12009.6	7.1	13.4	0.8359	5.7	0
473	1989	277	9763.2	4.5	14.6	0.9405	2.5	0
473	1989	278	10886.4	8.8	14.8	1.0786	1.6	0
473	1989	279	7603.2	7.2	15.2	1.0367	3.8	0.7
473	1989	280	7689.6	8.9	13.5	1.1164	3	4.6
473	1989	281	4406.4	3.2	13.2	1.0216	2.8	11.3
473	1989	282	5875.2	6.1	12.6	0.9632	2.5	0
473	1989	283	3283.2	4.5	10.9	0.9349	2.8	4.6
473	1989	284	4838.4	6.8	9.5	0.9207	6.3	1.8
473	1989	285	2419.2	6.3	10.5	1.0245	3.6	8.4
473	1989	286	2332.8	10.5	15.6	1.3659	5.2	3.7
473	1989	287	6652.8	8.6	12.5	1.0819	4.6	1.2
473	1989	288	8640	5.9	11.5	0.9556	4.6	0.2
473	1989	289	2246.4	4.4	11.9	0.9856	5	1
473	1989	290	2160	11.9	14.7	1.3121	4.5	0
473	1989	291	2160	12.3	13.6	1.3421	2.4	0
473	1989	292	3369.6	8.1	12.7	1.172	2.6	0
473	1989	293	6220.8	4.9	15.8	1.1053	3.5	0.8
473	1989	294	3542.4	9	17.9	1.2633	5.5	0.2
473	1989	295	7689.6	13.6	20.2	1.4612	5.3	0
473	1989	296	4924.8	13.9	18.5	1.4528	2.3	0.9
473	1989	297	6998.4	11.3	15.7	1.2211	4.8	0
473	1989	298	3283.2	9	14.7	1.1377	4.9	0
473	1989	299	2246.4	10.4	14.5	1.2267	4.8	0.2
473	1989	300	4924.8	6	13	0.9967	2.5	0
473	1989	301	6912	9.4	18.4	1.2691	4.3	0
473	1989	302	5529.6	9.6	15.6	1.0931	3.6	0.6
473	1989	303	1641.6	9.1	11.4	1.1478	2.8	3.7
473	1989	304	3628.8	9.7	12.3	1.1804	3	0.4
473	1989	305	3715.2	4	12.6	0.9957	2.3	0.3
473	1989	306	6048	2.6	12.7	0.9213	2.3	0
473	1989	307	1555.2	6.5	8.9	0.9349	4.5	9.4
473	1989	308	3110.4	7.8	10.6	1.0698	2	0
473	1989	309	2764.8	6	9.6	0.9625	3.3	0.1
473	1989	310	1468.8	2.1	9.2	0.8668	1	11.5
473	1989	311	1382.4	7.1	9.6	1.043	2.4	3
473	1989	312	3715.2	3.9	8.3	0.8471	4.3	1.3
473	1989	313	2764.8	3.9	9	0.8196	4.4	0.5
473	1989	314	5443.2	2.4	9	0.7324	4.3	0
473	1989	315	4665.6	6	11.2	0.8598	3.9	0
473	1989	316	5011.2	1.9	7.2	0.7099	3.4	0
473	1989	317	1296	1.3	4.1	0.7047	2.1	0
473	1989	318	3628.8	1.7	9.9	0.7836	5.2	0
473	1989	319	3888	6.6	10.1	0.8125	5.3	0
473	1989	320	4579.2	1	6.8	0.6298	2.3	0
473	1989	321	4665.6	-1.8	7.3	0.6476	0.9	0
473	1989	322	4752	-2.9	5.7	0.5273	2.8	0
473	1989	323	4579.2	-1.1	3.8	0.5726	3	0
473	1989	324	1123.2	-2.1	-0.3	0.515	1.7	0
473	1989	325	1036.8	-2.2	0.5	0.5283	2.8	0
473	1989	326	3628.8	-0.9	4.7	0.5675	4.8	0.8
473	1989	327	3456	-1.9	3.4	0.4838	4.2	4.4
473	1989	328	3110.4	-5.3	0.5	0.4406	2.5	1.3
473	1989	329	3888	-7.2	-0.5	0.3632	3.6	11.3
473	1989	330	2592	-3.7	4.5	0.5346	4.8	0.7
473	1989	331	950.4	-3.5	6	0.535	5.4	1.9
473	1989	332	2764.8	1.1	5.9	0.6045	3.4	0
473	1989	333	3024	-1.1	2.2	0.5659	3.3	0
473	1989	334	2246.4	-0.5	2.5	0.6109	1.9	0
473	1989	335	950.4	-2.2	0.6	0.5591	1.2	0
473	1989	336	3196.8	-5	-0.8	0.464	1.4	0
473	1989	337	1814.4	-3.6	1.4	0.5357	3.8	0.5
473	1989	338	2332.8	0.6	6.6	0.7273	3.7	0
473	1989	339	864	-3.5	3.6	0.5948	1.7	0
473	1989	340	864	0.6	7.6	0.7288	7.2	0.1
473	1989	341	3456	0.7	7.7	0.5525	6	0
473	1989	342	864	-0.5	5.1	0.6489	3.4	1.3
473	1989	343	2937.6	-4	4.6	0.512	2.8	1
473	1989	344	1900.8	-5.7	-0.8	0.3751	4.1	0.9
473	1989	345	1814.4	-0.8	3.6	0.5746	5	1.7
473	1989	346	864	-3.6	1.3	0.4831	3.8	1.3
473	1989	347	864	-0.6	0.9	0.593	1.9	2.3
473	1989	348	777.6	-0.5	0.4	0.5905	1.3	21
473	1989	349	777.6	0.3	5.6	0.7022	4.6	8.6
473	1989	350	1900.8	-2	1.7	0.4895	4	0.9
473	1989	351	1555.2	-0.2	9.9	0.7594	4.9	0.1
473	1989	352	2332.8	8.4	11	0.9019	6	0
473	1989	353	1296	4.5	12.6	0.8458	6.6	0.1
473	1989	354	777.6	0.8	5.1	0.7022	4.2	12.5
473	1989	355	2160	4.4	13.2	0.9281	7.2	1.7
473	1989	356	777.6	8.5	11.8	1.0782	3.3	13
473	1989	357	2592	4.5	8.8	0.8505	6	0
473	1989	358	777.6	3.4	6.9	0.7843	3.3	0
473	1989	359	2592	3.6	7.2	0.7532	4.5	0
473	1989	360	2764.8	-0.4	4.3	0.6118	3	0
473	1989	361	777.6	-1.6	0.6	0.5126	3.5	0
473	1989	362	864	-1.9	-0.9	0.4909	1.3	0
473	1989	363	1036.8	-2.8	-0.6	0.4478	2.7	0
473	1989	364	864	-2.1	-0.6	0.4595	3.5	0
473	1989	365	864	-1.1	-0.3	0.5051	2.2	0.2
