*---------------------------------------------------------------------------*
* Station name: GREIFSWALD                              
* Year: 1993
* Author: Pedro Alencar                                   -999.000: NIL VALUE
* Source: ECAD 
* Comments: 
* Longitude: 54.0978, latitude: 54.0978, altitude: 2 m.
*
* Column  Daily value
* 1       station number
* 2       year
* 3       day
* 4       irradiation                   (kJ m-2 d-1)
* 5       minimum temperature           (degrees Celsius)
* 6       maximum temperature           (degrees Celsius)
* 7       early morning vapour pressure (kPa)
* 8       mean wind speed (height: 2 m) (m s-1)
* 9       precipitation                 (mm d-1)
*
** WCCDESCRIPTION=GERMANY, GREIFSWALD                              
** WCCFORMAT=2
** WCCYEARNR=1993
*---------------------------------------------------------------------------*
   54.0978  13.4075    2.  -0.18 -0.55
473	1993	1	3024	-9.1	-2.1	0.3424	2.4	0
473	1993	2	2505.6	-10.2	-6.4	0.2584	2.9	0
473	1993	3	2851.2	-13.1	-6.1	0.2245	2.9	0
473	1993	4	3110.4	-12.2	-7	0.2245	5	0
473	1993	5	2678.4	-10	0.6	0.2976	5.1	1.8
473	1993	6	864	0.6	4.4	0.7021	4.1	5.1
473	1993	7	1296	1	3.9	0.6923	3.1	0.1
473	1993	8	1728	0.4	6.7	0.6617	6	0
473	1993	9	950.4	0.1	6	0.6312	5.8	0.1
473	1993	10	950.4	5.8	9.5	0.9736	5.5	1.4
473	1993	11	950.4	7.4	10.9	0.9271	7.6	1.3
473	1993	12	2246.4	1	7.4	0.635	6.5	1.4
473	1993	13	2678.4	2.4	5.6	0.6343	7	0.4
473	1993	14	3369.6	3	12.4	0.7248	10.7	1.3
473	1993	15	1036.8	1	8.1	0.5831	6.5	1.1
473	1993	16	1987.2	8	11.2	0.872	8.2	0.6
473	1993	17	3888	8.6	12.7	0.897	6.3	0
473	1993	18	1900.8	3.9	9.4	0.6941	6.5	0
473	1993	19	1468.8	1.9	5.5	0.6608	5.9	3.2
473	1993	20	1123.2	3.9	9.4	0.8994	5.3	4.4
473	1993	21	2160	6.1	10.4	0.7633	8.2	0.7
473	1993	22	1814.4	6	11.8	0.7407	15.5	4.5
473	1993	23	3801.6	1.8	6.4	0.606	10.4	12.2
473	1993	24	1209.6	1.4	10.2	0.6638	14.3	2.7
473	1993	25	3196.8	1.2	5.1	0.582	8.8	1.6
473	1993	26	1209.6	0	4	0.614	6.1	23.2
473	1993	27	4752	-6.3	0.2	0.4052	2.9	0
473	1993	28	3024	-6.9	-0.9	0.4168	1.8	0
473	1993	29	4924.8	-10.1	1.4	0.3808	0.8	0
473	1993	30	3715.2	-12.1	-4.5	0.2748	2.4	0
473	1993	31	5356.8	-8.9	-1.5	0.328	3	0
473	1993	32	1382.4	-2	0.5	0.5496	3.7	0
473	1993	33	4492.8	-5.5	0.4	0.4459	2.7	0
473	1993	34	1468.8	0.3	1.5	0.6195	2.7	0
473	1993	35	1468.8	0.3	2.6	0.6445	5.7	0.1
473	1993	36	1555.2	1.9	5.7	0.7296	7.2	0.3
473	1993	37	1555.2	0.6	4.4	0.6801	2.5	7.2
473	1993	38	4233.6	-1.9	5.3	0.5802	1.8	0
473	1993	39	1641.6	0.9	5.5	0.7301	3.6	0.3
473	1993	40	1641.6	3.5	5.5	0.7916	1.9	0.1
473	1993	41	1728	1.4	3.6	0.6947	1.6	0
473	1993	42	1728	-0.6	1.4	0.585	3.6	0
473	1993	43	1728	-0.4	1	0.5682	3.3	0.1
473	1993	44	1814.4	1	2.3	0.6194	2	0.1
473	1993	45	1814.4	1	2.8	0.6096	1.7	0
473	1993	46	4924.8	0.2	4.5	0.5427	4.4	0.5
473	1993	47	1900.8	-0.9	3.4	0.6086	4.5	4.9
473	1993	48	3110.4	1.2	7.6	0.7192	6	0
473	1993	49	3974.4	-1.7	4.5	0.6017	4.6	2.4
473	1993	50	3888	1.1	4.9	0.6289	7	4.4
473	1993	51	6652.8	0	4.9	0.4882	7.7	4.7
473	1993	52	3974.4	-3.2	2.2	0.4595	6.3	1.4
473	1993	53	8121.6	-5.4	-0.4	0.2764	5.4	0
473	1993	54	6825.6	-3.8	0.3	0.4139	4.4	0
473	1993	55	3110.4	-1	1.1	0.4967	5.1	0.5
473	1993	56	2332.8	-0.8	0.9	0.5642	3.2	0.1
473	1993	57	6998.4	-1.9	2.5	0.4871	2.4	0
473	1993	58	4147.2	-2.9	2.9	0.5071	3.4	0.3
473	1993	59	9504	-3.9	3	0.479	3.1	0.4
473	1993	60	8208	-0.3	2.7	0.5198	5.3	0
473	1993	61	9763.2	-2.5	0.5	0.4203	6	0
473	1993	62	8035.2	-4.6	0.6	0.3852	4.1	1.3
473	1993	63	3628.8	-1.5	1.3	0.5338	1.2	0.3
473	1993	64	2851.2	-3.4	1.3	0.5093	4.4	0.6
473	1993	65	9072	1.1	7.9	0.6569	3.3	0
473	1993	66	12009.6	-2	5	0.5515	2.7	0
473	1993	67	5443.2	-2.4	3.5	0.4578	2.3	0
473	1993	68	10108.8	-5.2	5.2	0.4338	2	0
473	1993	69	10108.8	-1.8	7.3	0.5285	2.9	0
473	1993	70	12182.4	-1.3	5.4	0.5666	2.3	0
473	1993	71	3888	-0.9	6.5	0.5827	1.8	0
473	1993	72	3283.2	1.3	11.5	0.7111	1.9	0
473	1993	73	4924.8	4.2	14.3	0.9451	1.3	0
473	1993	74	11404.8	0.8	15.2	0.7934	2.2	0
473	1993	75	4579.2	7.1	12.7	0.9019	6.3	0.1
473	1993	76	3542.4	6.4	9.9	0.9315	8.6	0.3
473	1993	77	3542.4	6.6	10.8	0.8994	7.9	0.5
473	1993	78	11318.4	3	8.5	0.6339	10.4	0
473	1993	79	5702.4	4.7	10.3	0.7357	6.5	0
473	1993	80	13046.4	2.7	13.6	0.6824	4.1	0
473	1993	81	7171.2	6.6	15.1	0.9349	2.7	5.5
473	1993	82	11750.4	4.2	11.8	0.8255	6.4	0.1
473	1993	83	13564.8	1.6	8.3	0.617	6.4	0.4
473	1993	84	11491.2	1.2	6.8	0.6017	5	0
473	1993	85	15465.6	-2	5.7	0.4957	3	0
473	1993	86	11318.4	-3.1	5.3	0.5028	3.6	1.6
473	1993	87	14688	-0.1	4.7	0.5335	4.9	0.2
473	1993	88	4924.8	0.2	3.1	0.5781	4.8	2
473	1993	89	4233.6	0.3	2.7	0.5515	4.8	0
473	1993	90	8640	-0.8	6.5	0.5848	2.5	0
473	1993	91	8899.2	2.8	10.5	0.6159	4.4	0
473	1993	92	16588.8	1	10.5	0.6431	4.2	0
473	1993	93	4492.8	4.2	6.9	0.8245	3.1	2
473	1993	94	4492.8	3.7	7.5	0.8274	1.2	0.1
473	1993	95	7257.6	-1.2	10.6	0.743	1.9	2.2
473	1993	96	9763.2	5	12	0.9206	3.3	2.3
473	1993	97	7776	4.5	10.2	0.9026	2.2	0
473	1993	98	4752	2.9	5.8	0.7084	4.5	0.1
473	1993	99	17366.4	-1.9	4.8	0.4478	4	0
473	1993	100	19440	-3.6	4.8	0.4212	3.7	0
473	1993	101	10886.4	-2.7	5.4	0.485	3.5	0
473	1993	102	10886.4	0.2	6.4	0.6192	3.6	0
473	1993	103	17539.2	-0.9	8.1	0.6483	4	0
473	1993	104	19008	0.9	8.7	0.6794	4.2	0
473	1993	105	18662.4	0.7	11.7	0.7393	3.2	0
473	1993	106	17971.2	0.9	9.1	0.6715	2.9	0
473	1993	107	7948.8	2.5	15.1	0.781	5	1.3
473	1993	108	7257.6	5	10.3	0.8689	5.1	6.9
473	1993	109	21600	3.7	10.9	0.6848	8.5	0
473	1993	110	16243.2	2.7	11	0.6641	3	0
473	1993	111	19180.8	5.1	22.6	0.9487	5.1	4.2
473	1993	112	20476.8	8.3	16.9	1.0931	2.7	13.9
473	1993	113	18144	9.4	18.2	1.1033	2.8	0
473	1993	114	21945.6	5.9	18.3	1.086	3.2	0
473	1993	115	22204.8	8.3	26.5	1.0319	4	0
473	1993	116	22723.2	10.6	27.3	1.006	3.7	0
473	1993	117	20995.2	10.8	24.6	1.1527	2.4	0
473	1993	118	22118.4	8.5	17.7	1.0391	3.1	0
473	1993	119	22896	7.5	13.8	1.0507	5.5	0
473	1993	120	22723.2	7.4	15.7	0.9929	4	0
473	1993	121	23328	7.6	18.3	1.0886	3	0
473	1993	122	22118.4	10.2	24.8	1.298	3	7.8
473	1993	123	10886.4	8.1	15.8	1.1033	4.8	0
473	1993	124	24537.6	4.2	13.1	0.7059	4.1	0
473	1993	125	21427.2	2.8	12.8	0.8144	2.5	0
473	1993	126	6134.4	5.9	8.9	0.916	3.9	0.2
473	1993	127	22896	7.7	16.7	1.1358	2.1	0
473	1993	128	23846.4	8	17.6	1.1518	2.6	0
473	1993	129	22118.4	8.7	18.1	1.3207	3.4	0
473	1993	130	25142.4	8.8	14.7	1.1302	5.3	0
473	1993	131	20044.8	10	15	1.1728	4.9	0
473	1993	132	24278.4	9.3	16.4	1.2297	3.5	0
473	1993	133	22204.8	9.2	26.8	0.9067	2.5	0
473	1993	134	21513.6	12	25.5	1.5335	2	1.6
473	1993	135	16243.2	10.8	18.8	1.3787	1.9	2
473	1993	136	25315.2	8.7	17.8	1.0189	3.8	0
473	1993	137	26956.8	5.5	19.9	0.8216	3.2	0
473	1993	138	26524.8	8.8	20.2	1.006	3.5	0
473	1993	139	26179.2	11.3	23.5	1.4684	3.1	0
473	1993	140	25747.2	11.8	21	1.4901	3	0
473	1993	141	22118.4	13	26.5	1.7238	2.5	28.2
473	1993	142	12096	13.9	19.4	1.7032	2.6	2.3
473	1993	143	25488	12.7	19.9	1.5362	1.8	0
473	1993	144	26352	9.6	23.1	1.5225	1.3	0
473	1993	145	23587.2	12.2	20.8	1.3871	3.7	0.2
473	1993	146	26611.2	8.8	13.5	0.755	4	0
473	1993	147	12096	8.7	16.2	1.1979	3.1	11.1
473	1993	148	13392	9.1	19.1	1.3178	2.4	1.2
473	1993	149	14515.2	9	14.7	1.1654	5.5	0
473	1993	150	24364.8	8.5	22.3	1.2407	2.5	7.8
473	1993	151	21859.2	11.8	19.1	1.455	4.1	1.6
473	1993	152	13564.8	10.6	17.6	1.2214	4.9	0
473	1993	153	25228.8	8.7	19.9	1.2373	2.6	0
473	1993	154	11836.8	10.3	14.9	1.1951	2.7	3.7
473	1993	155	27043.2	6.1	19.3	0.9683	1.6	0
473	1993	156	25833.6	5.2	20.9	0.9757	0.9	0
473	1993	157	21254.4	12	21.6	1.2991	2.5	0
473	1993	158	22291.2	11.2	17.6	1.1961	4.3	0
473	1993	159	27302.4	7.9	21.5	1.1026	1.4	0
473	1993	160	27734.4	7.9	21.6	1.1564	2.5	0
473	1993	161	25833.6	11.5	27.2	1.5694	2.4	0
473	1993	162	21254.4	13.3	23.3	1.5959	2.4	0
473	1993	163	6566.4	14.9	18	1.5883	2.7	4
473	1993	164	14601.6	13.2	19.6	1.6018	4.5	0.2
473	1993	165	14601.6	10	17.4	1.1118	3.1	0.1
473	1993	166	23241.6	9.1	16.5	0.9746	6	0
473	1993	167	11404.8	9.6	17.6	1.1668	4.3	8.1
473	1993	168	22118.4	12.2	17.9	1.2815	6.2	0.3
473	1993	169	13132.8	9.7	16.5	1.3101	4.2	3.7
473	1993	170	8812.8	13	20.2	1.5469	4.1	0.1
473	1993	171	25833.6	10.8	18.4	1.1453	6.1	2.5
473	1993	172	17452.8	9.1	17.8	1.1863	4.4	0.1
473	1993	173	25142.4	10	17.8	0.9835	3.5	0
473	1993	174	18144	10	17.6	1.1663	1.4	11.1
473	1993	175	19440	9.8	14.3	1.1809	5.6	3.1
473	1993	176	20822.4	8.2	15	1.0235	7	0
473	1993	177	21600	9.5	16.8	1.0878	5.9	0.7
473	1993	178	14601.6	10.5	16.4	1.2017	4.7	4.6
473	1993	179	26784	9.1	19.1	1.2053	2.5	0
473	1993	180	28252.8	10.4	22.7	1.3351	2.9	0
473	1993	181	26956.8	10.7	19	1.2145	2.8	0
473	1993	182	27734.4	7.5	23.2	1.1496	1.3	0
473	1993	183	28166.4	12.8	25.7	1.3369	3	0
473	1993	184	8985.6	12.3	19.5	1.4614	4.2	0.4
473	1993	185	25228.8	15.8	24.3	1.6156	6.4	0
473	1993	186	9504	13.3	18.8	1.3115	3.2	0
473	1993	187	18921.6	11.4	17	1.1161	6.3	6.3
473	1993	188	20304	10.9	16.4	1.0926	8.8	0.4
473	1993	189	17971.2	8.1	18.3	1.0914	5	0
473	1993	190	22896	13.5	26.2	1.2488	4.5	0
473	1993	191	19612.8	13.6	23	1.7639	3.6	3
473	1993	192	6393.6	10.6	16	1.3273	2.8	28.9
473	1993	193	13824	10.2	17.5	1.265	4.7	1.7
473	1993	194	19353.6	8.6	17.1	1.2148	4.9	6.6
473	1993	195	25660.8	8.3	18.3	1.1748	2.4	0
473	1993	196	22809.6	12.1	19.7	1.281	2.1	0
473	1993	197	22809.6	10.9	21.8	1.1883	2	0.6
473	1993	198	15465.6	14.8	23.1	1.7714	3.1	2.6
473	1993	199	15120	13.8	20.4	1.5577	3.8	1.7
473	1993	200	20822.4	11.7	20.5	1.3705	3.2	9.8
473	1993	201	17193.6	14.6	21.7	1.685	2.7	0.1
473	1993	202	9763.2	11.4	16.7	1.3936	4	4.7
473	1993	203	13737.6	12.2	17.9	1.3498	4.5	0.2
473	1993	204	12009.6	11.1	18.2	1.3155	4.7	3.8
473	1993	205	19785.6	14.1	22.7	1.6482	17.2	1.1
473	1993	206	21254.4	14	23.7	1.5648	4	0.8
473	1993	207	17280	11.4	18.4	1.303	5	7.3
473	1993	208	17712	10.2	18.8	1.3688	3.8	7.4
473	1993	209	14860.8	13.3	18.9	1.5715	3.9	4.8
473	1993	210	21254.4	12.2	21.2	1.4808	2.8	0
473	1993	211	17193.6	15.7	27.8	1.9752	2.6	6.1
473	1993	212	12614.4	13.4	18.9	1.7049	3.4	11.8
473	1993	213	19958.4	11.9	20.7	1.4066	3.1	0
473	1993	214	21340.8	11.3	22.6	1.4466	2	0
473	1993	215	18144	15	25.9	1.6799	2.7	5.6
473	1993	216	8726.4	10.8	18.8	1.5805	0.8	0.2
473	1993	217	14169.6	12.4	22.1	1.7298	1.5	4.2
473	1993	218	17539.2	14.3	17.5	1.5516	5.2	13.4
473	1993	219	17280	13.8	19.6	1.4998	6.1	0.5
473	1993	220	13737.6	14.2	21.4	1.567	2.3	0
473	1993	221	17452.8	14.6	22	1.6799	3.1	2
473	1993	222	12528	12.1	20.8	1.6443	4.1	3.2
473	1993	223	19958.4	9.6	18.9	1.1359	4.7	1.5
473	1993	224	16502.4	13.1	23.7	1.5425	4.7	0.2
473	1993	225	19872	11	19.7	1.2541	5.2	0
473	1993	226	22377.6	7.2	22.1	1.1989	2.6	0
473	1993	227	17193.6	13.5	28.2	1.7218	2.4	0
473	1993	228	16934.4	16.9	26.1	1.8173	3.4	0.6
473	1993	229	22464	11.9	19	1.157	6.5	0
473	1993	230	16502.4	9.4	18.2	1.1821	4.2	0
473	1993	231	11750.4	11.4	19.4	1.328	3.3	0
473	1993	232	12700.8	11.5	21.3	1.1734	3.3	0
473	1993	233	10800	12.9	18.4	1.3495	4.5	0
473	1993	234	12009.6	9.3	17.3	1.2206	2.7	9
473	1993	235	19094.4	9.2	17.5	1.148	4.2	0
473	1993	236	14169.6	8.6	17	1.2109	4.2	4.7
473	1993	237	17280	9.7	18	1.265	3.1	0.2
473	1993	238	15552	8.5	17.7	1.3101	2	8.3
473	1993	239	16761.6	8.9	17.4	1.254	1.9	2.6
473	1993	240	20044.8	8.5	17.6	1.2008	2.3	0
473	1993	241	16416	7.4	17.8	1.0785	3.7	3.5
473	1993	242	7171.2	9.9	14.4	1.2877	4	7.3
473	1993	243	17798.4	9.8	17.3	1.3026	3.7	0
473	1993	244	16329.6	9.8	17.8	1.2609	3	0
473	1993	245	4320	9.6	14.7	1.316	3.4	4.4
473	1993	246	9331.2	12	16.5	1.3956	4	4.5
473	1993	247	15897.6	8.6	16.6	1.1951	3.7	5
473	1993	248	16675.2	7.7	16	1.1377	2.6	0.2
473	1993	249	8380.8	7.1	14.4	1.0964	4.6	0
473	1993	250	14256	8.2	17.7	1.2228	2.1	0
473	1993	251	13392	6.4	18.3	1.2761	2.4	17.8
473	1993	252	5961.6	12.6	17.9	1.6961	2.6	4.8
473	1993	253	5011.2	13.2	18	1.6815	2.6	2
473	1993	254	11059.2	12.9	19.3	1.5533	2.6	0.1
473	1993	255	9936	11.2	16	1.3224	2.6	0
473	1993	256	8640	8.1	13.5	0.9966	3.7	23.2
473	1993	257	5356.8	9.7	14.8	1.3247	3.1	0.5
473	1993	258	3715.2	10.6	14.3	1.3278	3.8	7.6
473	1993	259	3628.8	8.3	13.1	1.2214	2.3	0.3
473	1993	260	3628.8	7.8	11.2	0.9967	4.4	1
473	1993	261	10886.4	5.3	13.3	0.9483	2.3	0
473	1993	262	12096	2.4	14.1	0.9269	1.7	0
473	1993	263	13737.6	4	16.6	0.8888	3.5	0
473	1993	264	11491.2	9.1	20.8	1.3921	4	0
473	1993	265	5443.2	9.5	16.2	1.4074	2.1	0
473	1993	266	3283.2	11.1	14.2	1.4184	1.7	0
473	1993	267	3196.8	8	13.8	1.2117	2.1	0
473	1993	268	9504	12.3	17.3	1.446	3.3	6.8
473	1993	269	3110.4	11.6	14.7	1.3598	2.3	3.4
473	1993	270	9244.8	10.5	14.9	1.247	2.2	0
473	1993	271	3024	9.3	12.2	1.1867	1.3	0
473	1993	272	11318.4	5.6	12.6	0.9818	2.3	0
473	1993	273	11491.2	2.7	11.5	0.7259	3.3	0
473	1993	274	9072	3.7	11.8	0.7273	4.5	0
473	1993	275	9072	7	15.3	1.02	3.7	0
473	1993	276	4320	10.1	14.6	1.1614	4.8	0.4
473	1993	277	8467.2	12.4	17.4	1.2522	4.9	0.1
473	1993	278	9590.4	11.4	18.4	1.3199	3.1	0.1
473	1993	279	6998.4	11.4	17.4	1.3436	3.8	0
473	1993	280	7862.4	7.9	18.2	1.3509	1.7	0
473	1993	281	9504	4	18.1	1.1448	2.5	5
473	1993	282	2505.6	11.5	14.2	1.3482	3.4	11.1
473	1993	283	8899.2	8.7	15.4	1.1106	3.4	0
473	1993	284	5875.2	6	14.9	1.1506	2	0.5
473	1993	285	3110.4	9.6	16.5	1.2759	4.4	1.4
473	1993	286	6652.8	11.2	17.5	1.2576	5.7	0
473	1993	287	2332.8	11.3	13.4	1.3191	3.3	12.6
473	1993	288	4752	3.1	12.1	0.9494	3.4	0
473	1993	289	7257.6	2.5	8.1	0.7569	4	0
473	1993	290	8640	1.3	8.7	0.6715	4.2	0.1
473	1993	291	8640	-2.2	9.6	0.629	1	0
473	1993	292	8294.4	-4.2	9.2	0.5777	1.4	0
473	1993	293	7516.8	-4.4	8.6	0.5828	1.7	0.1
473	1993	294	1987.2	3.6	7.2	0.825	1.1	0.6
473	1993	295	3196.8	1	8.6	0.774	4.9	0.3
473	1993	296	1900.8	6.9	8	0.7848	7.1	0
473	1993	297	4752	2.3	8.5	0.7084	3.7	0
473	1993	298	5529.6	2.7	9.1	0.8169	2.5	0
473	1993	299	2851.2	1.2	7.3	0.811	3.3	0
473	1993	300	1814.4	6.6	11.2	0.98	0.9	0
473	1993	301	1728	6.4	8.6	0.8808	0.7	0
473	1993	302	2246.4	0.4	8.4	0.7192	1.6	0
473	1993	303	6566.4	-1.9	8.9	0.6751	1.9	0
473	1993	304	6825.6	-3.7	8.8	0.6385	1.2	0
473	1993	305	6393.6	-2.6	8.3	0.6748	1.6	0
473	1993	306	2073.6	-3.7	4.7	0.6209	0.7	0
473	1993	307	1555.2	-0.6	6.8	0.7555	1.5	0
473	1993	308	1468.8	1.3	3.3	0.721	1.4	0
473	1993	309	1468.8	0.9	6	0.7666	2.2	0
473	1993	310	1468.8	5	6.4	0.8148	5	0
473	1993	311	1382.4	4.6	7.7	0.8595	3.5	1.7
473	1993	312	1382.4	5.7	7.6	0.9287	0.8	2.3
473	1993	313	1382.4	5.7	7.1	0.9033	2.9	0.1
473	1993	314	1296	4.7	7.5	0.8565	3.3	0
473	1993	315	1296	1.8	6.3	0.7099	6.5	1.6
473	1993	316	1296	2	6.6	0.7391	3.4	0.2
473	1993	317	2419.2	0.5	4.5	0.6655	3.7	0
473	1993	318	1209.6	0.7	4.2	0.6631	6.4	12.1
473	1993	319	1209.6	0.7	4.3	0.5997	7.3	0
473	1993	320	1209.6	2.7	4.7	0.6051	3.9	0
473	1993	321	1123.2	0.1	5.1	0.5892	1.8	0
473	1993	322	1900.8	1.8	4.4	0.6105	1.2	0
473	1993	323	1123.2	1.4	3.7	0.6312	3.4	1.9
473	1993	324	2419.2	-4.6	3.1	0.4397	4.9	0.1
473	1993	325	1036.8	-6.2	-4.3	0.3144	5.3	0.5
473	1993	326	1036.8	-5.8	-1.7	0.3891	2.2	3.8
473	1993	327	2764.8	-6.6	-2.4	0.3634	4.4	0.1
473	1993	328	3196.8	-9.4	-3.6	0.3271	2.4	0
473	1993	329	2505.6	-5.1	-1.4	0.4376	1.9	0
473	1993	330	950.4	-7.7	-1.1	0.4103	2.1	0
473	1993	331	950.4	-1.5	-0.3	0.5092	1.7	0.8
473	1993	332	950.4	-1.2	2.2	0.5955	3	1.4
473	1993	333	1814.4	-7.7	-0.2	0.4062	1.6	0
473	1993	334	950.4	-9.9	-6.7	0.2944	3.2	0
473	1993	335	950.4	-7.4	-5.2	0.3436	4.6	0
473	1993	336	950.4	-6.8	3.6	0.5055	4.9	4.9
473	1993	337	864	3.6	8.1	0.8881	5.4	0
473	1993	338	864	6.8	9	0.9051	6.5	0.1
473	1993	339	2073.6	3.6	9	0.8303	6.5	0.4
473	1993	340	864	6.3	7.7	0.8812	4.5	0
473	1993	341	1296	3.1	6.6	0.6818	5.7	3.9
473	1993	342	864	0.8	4	0.6099	5.2	6.3
473	1993	343	864	0.6	7.3	0.7374	6.6	5.7
473	1993	344	2246.4	1.1	5.8	0.6884	5.6	1.4
473	1993	345	864	2.2	5.9	0.6528	7.4	1.6
473	1993	346	1382.4	2.2	5.1	0.6585	6.2	0
473	1993	347	864	0.2	2.8	0.6537	3.3	8
473	1993	348	2246.4	-2.1	3.2	0.5786	3.4	0.2
473	1993	349	777.6	-2.4	1.7	0.548	4.1	1.5
473	1993	350	777.6	0.7	5.3	0.6441	5.8	0.5
473	1993	351	777.6	2.9	5.3	0.7288	6.9	4.8
473	1993	352	1814.4	1	7.8	0.761	4	0.1
473	1993	353	777.6	7.5	11.4	0.9342	6.5	8.6
473	1993	354	1814.4	0.8	9.1	0.6431	16.2	0
473	1993	355	2073.6	-0.9	2.6	0.5913	2.2	0
473	1993	356	1296	-0.9	1.9	0.5385	3.7	2.6
473	1993	357	2419.2	0.9	4.2	0.6165	7.7	1.1
473	1993	358	777.6	-0.5	2.1	0.6021	12.5	1.1
473	1993	359	777.6	0.3	2.6	0.6581	3.4	9.6
473	1993	360	777.6	0.5	3.2	0.6353	4.4	0.2
473	1993	361	777.6	0.3	1.5	0.5869	1.8	2.4
473	1993	362	1296	-1.1	2.3	0.5807	3.4	0
473	1993	363	2851.2	-2.3	0.7	0.4899	4.2	2.1
473	1993	364	864	-1.5	4.1	0.6309	4.2	5.5
473	1993	365	864	2.7	4.7	0.7325	3.7	3.2
