*---------------------------------------------------------------------------*
* Station name: GREIFSWALD                              
* Year: 2006
* Author: Pedro Alencar                                   -999.000: NIL VALUE
* Source: ECAD 
* Comments: 
* Longitude: 54.0978, latitude: 54.0978, altitude: 2 m.
*
* Column  Daily value
* 1       station number
* 2       year
* 3       day
* 4       irradiation                   (kJ m-2 d-1)
* 5       minimum temperature           (degrees Celsius)
* 6       maximum temperature           (degrees Celsius)
* 7       early morning vapour pressure (kPa)
* 8       mean wind speed (height: 2 m) (m s-1)
* 9       precipitation                 (mm d-1)
*
** WCCDESCRIPTION=GERMANY, GREIFSWALD                              
** WCCFORMAT=2
** WCCYEARNR=2006
*---------------------------------------------------------------------------*
   54.0978  13.4075    2.  -0.18 -0.55
473	2006	1	1296	1.2	3.6	0.6898	2.6	0
473	2006	2	864	1	2.5	0.6793	1.3	0
473	2006	3	864	-0.2	1.6	0.6235	2.5	0
473	2006	4	864	-0.5	1.9	0.5914	3.8	0.1
473	2006	5	864	-1.2	1.3	0.5519	6.6	0
473	2006	6	864	-2.2	-0.3	0.4963	6.6	0
473	2006	7	864	-4.8	-2	0.447	4.7	0
473	2006	8	3715.2	-6.4	-1.7	0.3669	3.6	0
473	2006	9	3801.6	-7.4	-0.1	0.3474	2.2	0
473	2006	10	3369.6	-6.8	-0.9	0.3862	4	0
473	2006	11	2505.6	-1	4.4	0.5457	4.8	0.5
473	2006	12	950.4	0.4	3.4	0.6867	3.1	0
473	2006	13	950.4	-1.6	0.6	0.5597	3.3	0
473	2006	14	2764.8	-4.3	0.2	0.489	3	0
473	2006	15	4060.8	-6.3	-1.5	0.4214	2.6	0
473	2006	16	4147.2	-7	-1.2	0.3971	3	0
473	2006	17	4233.6	-7.2	-1.5	0.372	3.6	2.6
473	2006	18	1036.8	-3.6	-0.9	0.4662	4.6	0.4
473	2006	19	1123.2	-4.6	-1.3	0.418	2.8	2.3
473	2006	20	1123.2	-6.3	0.6	0.4707	4.6	5.4
473	2006	21	1123.2	-8.9	2.1	0.4423	6.1	1.3
473	2006	22	3628.8	-12.8	-6.4	0.2481	1.6	0
473	2006	23	4665.6	-18	-11.7	0.1488	2	0
473	2006	24	4233.6	-17.1	-6.5	0.181	3.2	0
473	2006	25	2419.2	-9.2	-2.4	0.3094	3	0
473	2006	26	1814.4	-9.2	-1	0.3891	1.9	0
473	2006	27	5097.6	-14.2	-2.9	0.247	1.3	0
473	2006	28	2592	-14.9	-3.5	0.2835	2.5	0
473	2006	29	1296	-6.3	-0.3	0.4695	1.7	0
473	2006	30	1382.4	-1.2	1.4	0.5908	3.7	0
473	2006	31	4579.2	-0.2	3.4	0.6446	4.8	0
473	2006	32	1382.4	-0.5	1.5	0.5892	5.3	0
473	2006	33	1468.8	0.6	1.5	0.5669	4.9	0
473	2006	34	1468.8	-1.3	1.2	0.5601	2.4	0.1
473	2006	35	4320	-4.3	-0.3	0.4335	4.4	0
473	2006	36	3110.4	-8.5	-1.4	0.347	1.3	0
473	2006	37	1555.2	-8	2	0.4459	4.4	11.8
473	2006	38	1555.2	1.9	4.9	0.7561	5.6	2.3
473	2006	39	1641.6	1.6	3.9	0.7072	4.1	5.7
473	2006	40	1641.6	0.2	2.1	0.6507	3.9	5.4
473	2006	41	2764.8	-0.3	1.2	0.5871	4.2	0
473	2006	42	1728	-3.8	0.4	0.491	2.3	0.6
473	2006	43	3715.2	-4.7	0.7	0.4749	2.5	0
473	2006	44	1814.4	-2.2	1.3	0.5795	2	0.2
473	2006	45	7603.2	-2.1	5	0.5495	2	0
473	2006	46	2937.6	-2.4	1.8	0.5261	4.4	1.5
473	2006	47	1900.8	0.9	3.2	0.7011	3.2	2.4
473	2006	48	1987.2	0.8	4.1	0.7214	2.5	2.1
473	2006	49	4492.8	0.9	7.8	0.7667	2.9	0.6
473	2006	50	2073.6	1.3	3.6	0.7214	2	0.9
473	2006	51	2073.6	0.8	1.5	0.664	3.3	0
473	2006	52	2160	0.5	1.7	0.6351	7.6	0
473	2006	53	2160	-2.6	0.8	0.4635	5.1	0
473	2006	54	2246.4	-4.1	1.9	0.5244	2	0.9
473	2006	55	9417.6	-5.8	1.8	0.4749	4.2	0
473	2006	56	2332.8	-1	0	0.4949	4.2	0.1
473	2006	57	9676.8	-4.4	1.6	0.4357	4	0
473	2006	58	7603.2	-4.6	0.3	0.4071	2.6	1.1
473	2006	59	4060.8	-5.1	0.5	0.4439	3.8	2.4
473	2006	60	4665.6	-1.4	1.6	0.5416	3.3	0
473	2006	61	4233.6	-1.2	2.5	0.5188	4.5	0
473	2006	62	6307.2	-1.7	2.1	0.4774	4	0
473	2006	63	7689.6	-3.7	2.3	0.4529	3.2	0.4
473	2006	64	8208	-4.9	1.4	0.4247	3.8	0.2
473	2006	65	8208	-8.2	-1.4	0.3595	3.1	1.4
473	2006	66	3628.8	-8	0.9	0.3903	2.3	0
473	2006	67	9331.2	-9.1	1.8	0.3734	3.2	0
473	2006	68	8121.6	-4	0.5	0.3978	4.2	0
473	2006	69	5961.6	-2.1	1.5	0.4543	6.3	0.2
473	2006	70	5443.2	-3.8	-1.2	0.4323	8.5	2.6
473	2006	71	7344	-6.7	-0.1	0.3662	6.1	0
473	2006	72	10022.4	-7.1	-0.1	0.3654	2.4	0
473	2006	73	6307.2	-9	0	0.3765	2.8	0
473	2006	74	3369.6	-1.5	1	0.546	5.4	0
473	2006	75	3456	0.3	1.6	0.5694	6.6	0
473	2006	76	5011.2	-0.4	2	0.5697	5.7	0
473	2006	77	5270.4	-2.1	1.5	0.4962	3.3	0
473	2006	78	3628.8	-2.5	1.8	0.5539	3.8	0
473	2006	79	3715.2	-2.1	3.1	0.5765	3.2	0
473	2006	80	14688	-4.7	4.9	0.4616	1.9	0
473	2006	81	12614.4	-4.9	4.5	0.4697	2.9	0.3
473	2006	82	12441.6	-3.1	4.7	0.4921	2.4	0
473	2006	83	12873.6	-2.1	6.8	0.4197	3.6	0
473	2006	84	3974.4	0.1	2.9	0.5311	5.8	4.4
473	2006	85	3974.4	0.2	8.8	0.8337	3.4	4.3
473	2006	86	9244.8	7.7	16.1	1.2806	3.4	8.9
473	2006	87	13737.6	6.9	14.7	0.9707	4.4	0
473	2006	88	9849.6	3.6	11	0.7973	4.4	1
473	2006	89	9417.6	1.9	10.9	0.836	4.2	3.7
473	2006	90	5097.6	5.4	12.3	0.9767	5.7	1.5
473	2006	91	6998.4	4.9	13.9	1.0254	3.1	3.5
473	2006	92	12355.2	5.1	13.7	0.8722	4.4	2
473	2006	93	8553.6	3.7	13	0.8893	4.5	0.9
473	2006	94	10368	0.7	7.6	0.6903	3.2	8.7
473	2006	95	8726.4	0.5	6.6	0.6617	4.5	1.6
473	2006	96	15206.4	0.5	8.7	0.6361	4.1	0.6
473	2006	97	13305.6	4.1	11.3	0.7248	3.8	1.3
473	2006	98	13996.8	3.5	13.9	0.7532	4.5	1.1
473	2006	99	12441.6	2.3	9.4	0.6846	5.2	0.3
473	2006	100	11059.2	2.4	9.1	0.6523	3.8	0
473	2006	101	13564.8	0.9	8.8	0.6473	3	0
473	2006	102	4924.8	3.1	7.1	0.6938	2.8	0.9
473	2006	103	6393.6	4.9	8.7	0.8494	4.4	0.4
473	2006	104	15984	5.3	11.4	0.7795	7.3	0
473	2006	105	18230.4	5.2	13.3	0.8284	4.2	0.2
473	2006	106	5184	6.1	10.3	0.902	2.4	1.2
473	2006	107	15552	5.9	13	0.8514	4.4	0.1
473	2006	108	16156.8	4.4	13.4	0.7977	4.2	0.8
473	2006	109	18662.4	2.5	13.5	0.7612	2.9	0.1
473	2006	110	13564.8	6.2	11.2	0.8207	3.8	0.7
473	2006	111	5443.2	5.5	10.2	0.8808	4.2	1.1
473	2006	112	10713.6	7.1	9.6	0.9552	6.8	0
473	2006	113	12787.2	6.9	13.8	1.1304	2.9	5.3
473	2006	114	6480	3.4	11.2	0.9097	2.4	0
473	2006	115	16243.2	4.4	17.6	1.141	2.8	0.7
473	2006	116	9158.4	7.4	19.6	1.252	2.9	3.3
473	2006	117	5702.4	5.6	10.1	0.9763	2.9	5.7
473	2006	118	23241.6	3.6	12.7	0.7582	3.4	0
473	2006	119	22809.6	1.2	10.8	0.7665	3.5	0.3
473	2006	120	9590.4	3.9	10.5	0.8223	2.8	1.3
473	2006	121	19699.2	4.5	12.7	0.871	4	0
473	2006	122	14688	4.4	15.7	0.9726	2.9	1.6
473	2006	123	24537.6	4.5	21	1.045	3.7	0
473	2006	124	25228.8	8	20.6	1.1233	4.5	0
473	2006	125	24796.8	8.2	21.9	0.9397	5.5	0
473	2006	126	22550.4	7.2	13.4	0.9639	5.1	0
473	2006	127	24105.6	7.7	13.7	1.0028	5.4	0
473	2006	128	26092.8	7.9	12.8	1.0048	6.6	0
473	2006	129	26611.2	6.9	14.5	0.9385	5.8	0
473	2006	130	26352	5.7	16.9	0.8696	2.6	0
473	2006	131	23500.8	5.6	22.8	0.8896	2.3	0
473	2006	132	25228.8	8.6	21.6	0.9599	2.7	0
473	2006	133	23155.2	8.6	20	1.107	2.1	0.9
473	2006	134	22032	5.5	13.7	0.7884	4.8	0
473	2006	135	21513.6	3.9	14.8	0.8105	3.5	1.2
473	2006	136	9158.4	9.1	15.4	1.2535	2.2	4.8
473	2006	137	6480	7.9	11.7	1.1622	1.8	1.2
473	2006	138	15379.2	7.6	18.7	1.2993	3.6	6.4
473	2006	139	13305.6	8.9	17.4	1.2238	4.3	1.6
473	2006	140	17539.2	9.7	18.7	1.2293	4.9	8.4
473	2006	141	17539.2	9.6	16	1.1666	5.2	0.1
473	2006	142	18403.2	8.8	22.5	1.3495	3.9	1.7
473	2006	143	17971.2	7.6	16.7	1.0896	5.2	3.1
473	2006	144	23500.8	6.4	16.6	0.8948	4.8	0
473	2006	145	22118.4	7.2	13.3	0.8983	4.4	3
473	2006	146	20649.6	6.6	15.1	0.9479	4.1	0.7
473	2006	147	10108.8	7.6	13.8	1.0671	1.9	8.9
473	2006	148	14774.4	8.8	13.5	1.1127	7.2	7.4
473	2006	149	20563.2	6.9	14.9	0.9902	4.7	1.8
473	2006	150	17193.6	6.4	14.2	1.0641	3.2	10.9
473	2006	151	20476.8	7.6	15.1	1.0202	3.9	0
473	2006	152	16588.8	7.6	13.3	0.9483	3.9	0
473	2006	153	23068.8	4.9	17.3	0.9506	2	0.9
473	2006	154	6480	9.4	13.7	1.2106	4.1	2
473	2006	155	24451.2	8.2	16.4	1.0146	4.9	0
473	2006	156	13132.8	7.8	14.9	1.0873	2.9	0.1
473	2006	157	24537.6	7.8	15.8	1.0371	2.7	0
473	2006	158	23414.4	8.9	19	0.9549	2.2	0
473	2006	159	24969.6	10.1	19.9	1.1922	2.5	0
473	2006	160	25142.4	10.6	21.6	1.2974	2.4	0
473	2006	161	28944	9.6	17.9	1.3196	3.2	0
473	2006	162	29635.2	9.5	24.7	1.3046	2	0
473	2006	163	29376	12.8	27	1.3687	2.3	0
473	2006	164	29548.8	14	27.8	1.505	2.7	0
473	2006	165	27734.4	15.6	30	1.7729	2.9	1.3
473	2006	166	13305.6	14.8	19.2	1.664	5.1	0
473	2006	167	17020.8	13.5	21.3	1.6669	3.2	9.7
473	2006	168	15292.8	13.6	18.7	1.5032	3.1	0.1
473	2006	169	15984	14.2	21.7	1.6845	2.6	0
473	2006	170	27648	15.3	28.1	1.7878	3.1	3.9
473	2006	171	22291.2	15.6	24.3	1.6754	2.7	15.4
473	2006	172	16761.6	16.9	24	1.8719	2.9	5
473	2006	173	24796.8	12.6	22.2	1.27	4	0
473	2006	174	21168	11.2	19.9	1.2174	3.1	0
473	2006	175	19267.2	14.1	21.5	1.4652	2.8	0
473	2006	176	28166.4	14.3	24.4	1.7936	3.3	0.3
473	2006	177	19440	18.8	26.8	1.9945	3.5	2.5
473	2006	178	15638.4	14.3	20.3	1.4592	3.8	0
473	2006	179	13219.2	12.1	17.1	1.2283	3.3	0
473	2006	180	9331.2	11.7	17.7	1.1694	1.8	0
473	2006	181	16502.4	11.5	19.2	1.376	3.7	0
473	2006	182	28944	14.2	22	1.6382	4.9	0
473	2006	183	29462.4	13.1	25.7	1.5518	4.3	0
473	2006	184	28166.4	13.9	25.6	1.6088	3.9	0
473	2006	185	29462.4	13.4	28.1	1.3934	3.6	0
473	2006	186	29203.2	13.4	31.1	1.4736	3.5	0
473	2006	187	28771.2	17	30.9	1.6922	2.7	0
473	2006	188	27043.2	17.8	27.8	1.8837	2.5	1.6
473	2006	189	13910.4	18.4	24.4	2.0861	2.1	2.1
473	2006	190	24451.2	16.8	29	1.8672	2.3	0
473	2006	191	25660.8	16.4	25.7	1.5936	3.5	0
473	2006	192	22809.6	17	29.7	1.89	2.8	0
473	2006	193	26179.2	13.5	22.4	1.4996	2.8	0
473	2006	194	27302.4	12.3	25.5	1.4607	2.6	0
473	2006	195	25142.4	14	21.3	1.2498	4.9	0
473	2006	196	27561.6	12.6	22.4	1.3978	3.9	0
473	2006	197	28684.8	11.7	23.5	1.266	3.2	0
473	2006	198	28512	12	28.2	1.3387	1.6	0
473	2006	199	27993.6	14.5	27.8	1.4281	3.5	0
473	2006	200	27302.4	17.1	26.8	1.9468	2.8	0
473	2006	201	25660.8	16.2	28.1	1.9973	2.5	0
473	2006	202	21168	20.2	29.8	1.9281	3.2	0
473	2006	203	25142.4	18.5	28.5	1.9649	3.1	0
473	2006	204	15811.2	17.7	29.4	1.8549	1.8	0
473	2006	205	21513.6	18.4	27.7	1.9123	3.7	0
473	2006	206	26265.6	16.3	26.4	1.6232	2.7	0
473	2006	207	27388.8	14.9	28.4	1.6274	2.5	0
473	2006	208	26265.6	14.5	28.6	1.7715	3.8	0
473	2006	209	7776	20.5	26.6	1.8259	2.3	0
473	2006	210	16675.2	19.1	26	1.9372	3.2	0
473	2006	211	20476.8	18.2	27.5	2.0561	2.4	1.8
473	2006	212	18748.8	15.6	26.1	1.5496	3.5	0
473	2006	213	21600	13.5	27.5	1.3722	2.2	0.8
473	2006	214	16156.8	14.2	23	1.4122	3.7	0
473	2006	215	22118.4	12.2	23.3	1.3389	2.9	0
473	2006	216	16848	12.6	22.8	1.5167	1.5	3.6
473	2006	217	7689.6	15.6	21.8	1.744	6.4	35.1
473	2006	218	16416	18	22.7	1.932	6.6	3
473	2006	219	22982.4	17	24.7	1.6726	3.8	0
473	2006	220	22032	15.4	22.9	1.5722	4	0
473	2006	221	16416	14.8	22.5	1.76	2	21.6
473	2006	222	13305.6	14.3	22.3	1.5539	2.4	0.1
473	2006	223	10800	14.5	20.4	1.4731	1.6	0.6
473	2006	224	17452.8	13.1	22.1	1.5072	2.1	0
473	2006	225	8640	13.8	19.7	1.6569	1.4	15
473	2006	226	15033.6	13.5	21.6	1.6026	2.9	8
473	2006	227	12182.4	13.3	21.2	1.6119	5.2	1.1
473	2006	228	18662.4	13.3	23.8	1.5357	2.7	0.2
473	2006	229	16329.6	15.5	23.9	1.7413	1	0
473	2006	230	11836.8	14.1	22.7	1.8595	2.2	22.8
473	2006	231	17020.8	16.1	25.7	1.8258	2.5	2.4
473	2006	232	11923.2	15.5	22.8	1.86	1.2	13.6
473	2006	233	10713.6	14.5	21.1	1.7298	3	5.5
473	2006	234	11491.2	14	20.4	1.646	2.5	14.4
473	2006	235	13564.8	14.1	20.4	1.5725	3.5	0
473	2006	236	19094.4	12.3	22.3	1.4789	1.7	0
473	2006	237	8985.6	12.8	21.6	1.6264	1.2	4.3
473	2006	238	10540.8	13.7	20.2	1.6201	0.7	0.1
473	2006	239	8467.2	14	18.6	1.6102	2.7	5.5
473	2006	240	16329.6	12.5	20.2	1.4482	3.5	6.1
473	2006	241	4579.2	11.8	15.8	1.3712	2	3
473	2006	242	5529.6	11.5	17.4	1.4137	5	7.7
473	2006	243	10368	14	19	1.4996	4.3	0.9
473	2006	244	10454.4	14	20.8	1.6669	3.5	0.1
473	2006	245	12960	15.3	24.9	1.7615	2.4	1.4
473	2006	246	8294.4	16.8	20.5	1.8029	4.5	24.2
473	2006	247	15379.2	14.9	19.9	1.4883	7.7	0.3
473	2006	248	11318.4	11.6	19	1.2327	7.5	0.1
473	2006	249	6998.4	11.7	22.2	1.6201	2.4	0.3
473	2006	250	8726.4	12.7	22.7	1.7593	3.4	3.8
473	2006	251	14774.4	11.2	18.5	1.282	4.9	0
473	2006	252	10195.2	10.2	17.8	1.3412	3.3	0
473	2006	253	10886.4	10.2	18.2	1.4396	1.9	0
473	2006	254	16934.4	8.7	23.4	1.5119	2.5	0
473	2006	255	16761.6	11.7	24.4	1.5918	2.6	0
473	2006	256	16588.8	12.1	25	1.4931	2.8	0
473	2006	257	16416	11.3	23.8	1.5225	2.9	0
473	2006	258	16156.8	12.7	22.5	1.5474	5.3	0
473	2006	259	15552	15	23.9	1.5566	5.1	0
473	2006	260	12009.6	14.8	22.4	1.7545	3.3	0
473	2006	261	13132.8	15.4	26.4	1.9985	1.5	0
473	2006	262	6480	14.3	20.1	1.6068	3	0
473	2006	263	13824	10.7	20.3	1.3366	3.2	0
473	2006	264	14601.6	9.6	23.2	1.2666	2.4	0
473	2006	265	14428.8	13	24.8	1.3735	3.5	0
473	2006	266	14256	13.5	22.9	1.3147	3.7	0
473	2006	267	13996.8	14	24.8	1.4843	3.8	0
473	2006	268	13737.6	12.3	24.3	1.5539	3.5	0
473	2006	269	13305.6	11.9	24.9	1.6482	2	0
473	2006	270	6480	12.6	18.5	1.5879	2.3	0.7
473	2006	271	6825.6	12.5	19.4	1.5385	1.9	0.4
473	2006	272	12441.6	11.2	22.6	1.6342	1.7	0
473	2006	273	9504	13.7	22.9	1.7009	1.8	4.3
473	2006	274	8899.2	11.9	20.5	1.7103	1.7	6.3
473	2006	275	9244.8	11.7	18.7	1.4146	3.5	8
473	2006	276	8553.6	12.8	18.1	1.4024	3.3	0
473	2006	277	3283.2	10.4	14.7	1.3074	2.9	0
473	2006	278	7516.8	9.4	16	1.2323	1.8	6.7
473	2006	279	3456	9.8	16.8	1.3426	2.7	3.4
473	2006	280	7257.6	11.1	17.8	1.348	4.7	1.3
473	2006	281	3369.6	10.9	15.3	1.2349	4.9	0
473	2006	282	9849.6	10.7	18.2	1.2986	2.3	0
473	2006	283	10195.2	8.9	18.7	1.3555	1.4	0
473	2006	284	6566.4	8	16.6	1.3147	3.8	0
473	2006	285	8899.2	8.7	17.3	1.4213	1.6	0
473	2006	286	4060.8	11.9	16.8	1.3719	2	0
473	2006	287	2332.8	7.1	12.3	1.0342	0	0
473	2006	288	8380.8	7.1	15.4	1.1734	0	0
473	2006	289	5961.6	6.4	16.1	1.2134	0	0
473	2006	290	9331.2	4.6	14.1	0.9514	0.2	0
473	2006	291	7257.6	3.8	14.7	0.9451	0.1	0
473	2006	292	5788.8	7.7	13.9	1.0483	0.3	0
473	2006	293	2505.6	6.8	13.7	1.1229	0.2	0.5
473	2006	294	3283.2	9.7	16.5	1.3704	0.9	0
473	2006	295	6480	11.8	17.7	1.3743	1.6	0
473	2006	296	3801.6	12.6	18.8	1.4607	2	2.3
473	2006	297	4147.2	12.6	18.8	1.5319	0.5	4.3
473	2006	298	6220.8	7.5	15	1.2001	0.1	0.1
473	2006	299	5875.2	8.6	19.5	1.1533	0.3	0
473	2006	300	5184	10.5	19.1	1.1601	0.6	2
473	2006	301	3196.8	8.9	12.4	1.1404	0.3	2.4
473	2006	302	1728	3.1	13.8	0.9506	0.1	6.1
473	2006	303	2419.2	1.8	10.4	0.8471	0.1	0.3
473	2006	304	1987.2	8.8	13.6	1.1031	0.2	1.4
473	2006	305	1987.2	1.2	9	0.7113	0.2	3.9
473	2006	306	5875.2	0.8	6.1	0.4928	0.2	0.2
473	2006	307	6480	-0.1	5.4	0.4952	0	0.1
473	2006	308	2851.2	0.4	10.7	0.7792	0	2
473	2006	309	1468.8	8	11.7	1.1054	0.1	18.6
473	2006	310	1468.8	10.4	13.1	1.144	0	0.2
473	2006	311	3283.2	7.1	11.7	0.9782	0	0
473	2006	312	4752	5.3	10.1	0.9139	0	1.5
473	2006	313	3628.8	5.5	10.8	0.8665	0.2	0.6
473	2006	314	4924.8	3.3	9.7	0.8418	0.1	0
473	2006	315	1296	4.2	7.9	0.8161	0.1	8.1
473	2006	316	2764.8	4.3	8.6	0.8003	0	1.5
473	2006	317	1296	3.8	10.4	0.9074	0.1	2.7
473	2006	318	1209.6	8	10.9	1.0288	0	0.9
473	2006	319	1468.8	9.5	13.2	1.2081	0.2	0.5
473	2006	320	4838.4	8.3	14.4	1.141	1.1	0
473	2006	321	2592	9.3	13.8	1.1289	2.9	0.3
473	2006	322	1382.4	6.7	11.7	1.0698	2.4	1.2
473	2006	323	2592	2.2	9.7	0.8943	2.5	8
473	2006	324	2160	4	7.2	0.7638	4.3	0.5
473	2006	325	1036.8	4.2	8.7	0.8582	3.3	0.8
473	2006	326	3974.4	0.8	7.3	0.7344	2.4	0
473	2006	327	1036.8	3.3	9.1	0.8435	4.1	5.8
473	2006	328	2937.6	7.5	11.4	1.0643	3.1	0
473	2006	329	1036.8	8.6	14.5	1.0609	4.2	0.1
473	2006	330	1468.8	8.5	14.7	1.0508	2.8	0
473	2006	331	3456	4.9	12.1	0.9871	2.5	0
473	2006	332	3888	5.4	10.9	0.9748	2.4	0
473	2006	333	1209.6	5.1	10.2	0.9736	2.7	0
473	2006	334	950.4	4	7.1	0.8608	2.8	0
473	2006	335	2073.6	2.5	6.9	0.7686	3.7	0
473	2006	336	3369.6	3.9	8.2	0.8161	4.1	0
473	2006	337	2505.6	6.6	9.9	0.9269	3.8	1.4
473	2006	338	1987.2	6.3	9.3	0.8884	4.7	2.5
473	2006	339	864	6.9	14.1	1.0403	5.8	0.4
473	2006	340	864	9.3	13.9	1.0645	5.1	0
473	2006	341	2505.6	5.7	9.8	0.8011	5.4	0.4
473	2006	342	1900.8	7.3	11.7	0.9018	4.7	0.6
473	2006	343	2332.8	5.2	12.2	0.8319	3.9	0
473	2006	344	3283.2	2.8	7.5	0.8019	3.4	0
473	2006	345	1123.2	2.2	6.7	0.7385	5.3	4.3
473	2006	346	2764.8	5.4	7.9	0.8603	4	1.3
473	2006	347	1641.6	6	10.2	0.8959	5.5	1.5
473	2006	348	777.6	9.6	11.1	1.0425	6.2	0
473	2006	349	777.6	5.5	11.1	0.8754	4.9	0
473	2006	350	777.6	4.4	8	0.7677	4.4	1.8
473	2006	351	1123.2	3	5.6	0.7557	3.8	0.9
473	2006	352	2332.8	1.2	4.7	0.6796	3.2	0
473	2006	353	1296	1.1	6.6	0.692	3.4	0
473	2006	354	777.6	5.2	8.5	0.8722	4.1	0
473	2006	355	777.6	5.6	7.3	0.8485	3.3	0
473	2006	356	777.6	5.9	7	0.8196	4.7	0
473	2006	357	777.6	6.1	7.2	0.8701	4.6	0
473	2006	358	777.6	5.6	7.4	0.8902	4.6	0
473	2006	359	2419.2	1.3	7.6	0.8056	1.4	0
473	2006	360	1468.8	1	5.4	0.6994	2.6	0
473	2006	361	777.6	1.4	3.7	0.6679	3.3	0
473	2006	362	864	-0.2	2.8	0.6376	3.4	1.1
473	2006	363	864	2.8	4.9	0.7563	2.8	0
473	2006	364	864	1.2	6.9	0.6936	4.8	5.2
473	2006	365	2073.6	6	9.8	0.8625	7.6	3.4
