*---------------------------------------------------------------------------*
* Station name: HANNOVER                                
* Year: 2007
* Author: Pedro Alencar                                   -999.000: NIL VALUE
* Source: ECAD 
* Comments: 
* Longitude: 52.4656, latitude: 52.4656, altitude: 55 m.
*
* Column  Daily value
* 1       station number
* 2       year
* 3       day
* 4       irradiation                   (kJ m-2 d-1)
* 5       minimum temperature           (degrees Celsius)
* 6       maximum temperature           (degrees Celsius)
* 7       early morning vapour pressure (kPa)
* 8       mean wind speed (height: 2 m) (m s-1)
* 9       precipitation                 (mm d-1)
*
** WCCDESCRIPTION=GERMANY, HANNOVER                                
** WCCFORMAT=2
** WCCYEARNR=2007
*---------------------------------------------------------------------------*
   52.4656  9.6794    55.  -0.18 -0.55
476	2007	1	2160	5.2	13	0.9009	7.7	2.1
476	2007	2	1728	4	6.3	0.7579	5.7	1.3
476	2007	3	2160	4	8.3	0.8312	5.4	1.2
476	2007	4	1296	6.8	9	0.9051	7.1	3.7
476	2007	5	950.4	6.9	9.6	0.9378	6.4	1.7
476	2007	6	1641.6	6	9.6	0.9625	3.7	15
476	2007	7	2505.6	5	9.1	0.8641	4.8	0
476	2007	8	1555.2	6.3	9.9	0.8744	6.2	2.3
476	2007	9	1036.8	8.5	14	0.9868	7.2	0
476	2007	10	1036.8	5.8	14.3	0.8741	7.8	5.1
476	2007	11	1036.8	5.1	9.4	0.7946	9.2	7.2
476	2007	12	2073.6	6.9	12.1	0.9136	9.2	0.2
476	2007	13	1468.8	9.9	12.6	1.0801	7.2	1.6
476	2007	14	3369.6	4.6	11.8	0.8042	8	0
476	2007	15	3715.2	2.5	8.5	0.7224	4.2	0
476	2007	16	1123.2	2.7	8.3	0.7675	3.8	0.4
476	2007	17	2246.4	6.6	12.2	0.9311	6.4	3.8
476	2007	18	1209.6	6.3	13.7	1.0184	9.5	21.4
476	2007	19	1987.2	6.4	9.7	0.8499	8.6	2.1
476	2007	20	1209.6	6.7	13.5	1.0005	7	1.4
476	2007	21	2592	2.1	7.1	0.67	7.8	6.7
476	2007	22	1987.2	-6.6	4.7	0.4504	5	0.1
476	2007	23	5011.2	-8.8	-0.7	0.3652	1.3	0
476	2007	24	3542.4	-9.7	-1.4	0.3679	2.2	0
476	2007	25	4924.8	-7	-0.5	0.3845	2.8	0
476	2007	26	1900.8	-5.1	2	0.4637	5.9	1.5
476	2007	27	4233.6	0.2	3.6	0.6236	6.5	0.2
476	2007	28	1382.4	2.1	6.8	0.7469	7.6	6.9
476	2007	29	2505.6	2.6	7.4	0.7238	6.1	1.2
476	2007	30	1468.8	4	7.8	0.7984	5.2	0
476	2007	31	3283.2	5.3	7.3	0.773	7.3	0.9
476	2007	32	2160	4.6	7.9	0.8654	4.1	0.4
476	2007	33	1555.2	5.7	8.5	0.9478	5.8	0.2
476	2007	34	1555.2	5	7.9	0.8678	5.9	0.1
476	2007	35	1900.8	0.3	6.9	0.7115	3.4	0
476	2007	36	1641.6	-1.3	3.8	0.6487	3.3	1
476	2007	37	3801.6	-1.8	4.5	0.5995	3.2	0
476	2007	38	5529.6	-3.9	4.3	0.5331	1.7	0
476	2007	39	1728	-4.6	0.7	0.5032	3.5	8.7
476	2007	40	1728	-0.5	3	0.642	2.9	0.5
476	2007	41	1814.4	-2.1	-0.4	0.5186	6.7	0.4
476	2007	42	1814.4	-1.8	6.2	0.6657	4.5	2.7
476	2007	43	2592	3.8	7.8	0.8482	3.9	8.1
476	2007	44	1900.8	5.8	7.7	0.8958	5.9	4.1
476	2007	45	1900.8	3.8	8	0.8169	3.6	5.7
476	2007	46	1987.2	1.5	6.7	0.7534	3.9	0.3
476	2007	47	8380.8	1.5	7.1	0.6976	5.7	0
476	2007	48	7257.6	1.2	8.7	0.6952	4.8	0
476	2007	49	7948.8	2.9	9.3	0.7342	3.3	0
476	2007	50	4320	-0.5	7.3	0.6548	1.7	0
476	2007	51	2160	0.3	7.8	0.6773	1.8	0
476	2007	52	3888	3.8	12.4	0.8851	3.7	7.1
476	2007	53	6480	4	11	0.829	2.9	0
476	2007	54	3628.8	2.5	7.9	0.7428	4.7	2.6
476	2007	55	4492.8	2.3	11.2	0.8465	5.2	0.2
476	2007	56	3283.2	5.8	9.8	0.8673	5.4	5.1
476	2007	57	2419.2	4.2	7.3	0.836	6.3	4
476	2007	58	4147.2	3.3	7.1	0.7428	6	7.2
476	2007	59	4665.6	7.1	10.8	0.9376	6.2	4.4
476	2007	60	6134.4	5.4	8.9	0.8094	7	4.6
476	2007	61	3110.4	2.1	7.4	0.7113	6.9	0.9
476	2007	62	2764.8	0.6	4.2	0.6753	3.7	8.3
476	2007	63	10022.4	2.4	11	0.8142	3	0
476	2007	64	6739.2	4.9	12.4	0.8291	5.5	0.8
476	2007	65	3974.4	4.9	14.3	0.8003	6.4	0
476	2007	66	5097.6	5.7	12.2	0.8804	5.1	3.1
476	2007	67	3888	3.1	9.3	0.8056	3.5	0
476	2007	68	6393.6	2.9	10.6	0.817	3.8	3.8
476	2007	69	9849.6	2.3	10.1	0.7487	4	0
476	2007	70	13996.8	4.9	14.7	0.8717	3.5	0
476	2007	71	14601.6	1.5	17.6	0.8215	2.3	0
476	2007	72	12009.6	1.6	16.2	0.9116	2.7	0
476	2007	73	10454.4	0.4	11.8	0.753	2.8	0
476	2007	74	14342.4	-0.3	12.8	0.7513	1.7	0
476	2007	75	4579.2	2.4	10.6	0.8031	3.8	0
476	2007	76	3456	7.1	10.3	0.9669	7	2.5
476	2007	77	6048	1.6	10.5	0.7504	8.5	5.9
476	2007	78	10540.8	0.2	6.6	0.6392	4.7	0.3
476	2007	79	12528	-1.8	8.2	0.6456	3.4	0.9
476	2007	80	3628.8	-1.8	5.3	0.6239	4.5	13
476	2007	81	3628.8	0.1	5.6	0.7272	4.9	17.3
476	2007	82	10281.6	2	10.8	0.7399	7.4	2
476	2007	83	12528	4.8	13.6	0.8372	6.8	0
476	2007	84	16416	3.5	15.1	0.7258	5.9	0
476	2007	85	17280	3.3	16	0.7311	5.6	0
476	2007	86	17280	2.2	15.7	0.6403	4.9	0
476	2007	87	16588.8	2.6	16.6	0.6928	3.6	0
476	2007	88	15897.6	4.4	15.8	0.8029	3.4	1.5
476	2007	89	16156.8	2.8	14.9	0.8404	3.3	0
476	2007	90	16848	2	16.3	0.7417	4.3	0
476	2007	91	18403.2	2.6	17.2	0.646	5	0
476	2007	92	18316.8	2.3	17.7	0.7116	2.5	0
476	2007	93	6307.2	1.8	8	0.7275	4.2	4.4
476	2007	94	19699.2	0.1	10.9	0.5869	2.9	0
476	2007	95	11491.2	0.6	15.3	0.8655	4.8	0
476	2007	96	7516.8	2.9	11.6	0.8557	3.4	0
476	2007	97	14515.2	-0.3	13.1	0.7303	2.7	0
476	2007	98	12182.4	5.6	14.4	0.8834	4.4	0
476	2007	99	11059.2	6.8	13	0.8532	5.2	0
476	2007	100	8294.4	9.5	15.6	1.1041	5.5	0
476	2007	101	8380.8	8	14.7	0.9799	3	0
476	2007	102	20908.8	4	19.3	0.9721	3.3	0
476	2007	103	19180.8	7.1	22.5	1.0593	4.9	0
476	2007	104	21859.2	7.3	24.5	0.9201	4.6	0
476	2007	105	22118.4	6.8	24.5	0.8168	3.8	0
476	2007	106	22118.4	8.3	26.5	0.9922	2.1	0
476	2007	107	15465.6	3.6	15.7	0.839	4.5	0
476	2007	108	19440	1.9	13.1	0.7046	4.8	0
476	2007	109	20649.6	1.3	16.5	0.7407	5.8	0
476	2007	110	7862.4	-0.6	9.6	0.5811	4.3	0
476	2007	111	19094.4	-2.2	12	0.5716	1.6	0
476	2007	112	23155.2	1.6	20	0.6601	3.1	0
476	2007	113	18835.2	4.5	22.2	0.8878	2.5	3.3
476	2007	114	9072	11.9	20.2	1.4937	2	0
476	2007	115	22982.4	10	23.9	1.3887	3.5	0
476	2007	116	24019.2	10.9	25	1.1504	2.9	0
476	2007	117	24019.2	7.6	25.4	1.0122	2.7	0
476	2007	118	22896	8.2	26.1	1.1524	2.7	0
476	2007	119	25056	4.5	16.2	0.6029	5.7	0
476	2007	120	25142.4	0.6	18.2	0.6011	4	0
476	2007	121	25401.6	2.6	16.9	0.5792	3.8	0
476	2007	122	25315.2	2.5	19.5	0.6689	1.8	0
476	2007	123	25228.8	3.7	20.8	0.8119	2.7	0
476	2007	124	25660.8	5.9	21.6	0.7384	3.6	0
476	2007	125	26006.4	4.5	23.2	0.7432	2.8	0
476	2007	126	20390.4	6.2	21	1.0268	3.3	4.7
476	2007	127	5788.8	9.5	13.9	1.2776	2.8	29.2
476	2007	128	15811.2	8.7	14.8	1.144	5.5	5.7
476	2007	129	18316.8	9.4	16.9	1.1029	5.4	5.4
476	2007	130	8985.6	10.8	16.3	1.3646	5.3	16.2
476	2007	131	8467.2	8.8	15	1.211	5.1	8.6
476	2007	132	13392	8.8	16.3	1.2493	4.2	8.9
476	2007	133	17884.8	10.5	19.9	1.3111	4.1	2.8
476	2007	134	19526.4	12.2	20.4	1.2215	4.7	7.3
476	2007	135	16848	7.6	15	1.0034	3	2.2
476	2007	136	13046.4	7	14.3	1.0635	5.1	14.2
476	2007	137	23587.2	3.7	13.8	0.8009	4.9	0
476	2007	138	25228.8	2.4	19.9	0.8875	3.1	1.4
476	2007	139	16243.2	10.3	20.3	1.3543	3.1	2.4
476	2007	140	17884.8	10.5	22.7	1.4337	3.3	0
476	2007	141	23760	13.8	28	1.8011	2.4	0
476	2007	142	17539.2	13.5	22.6	1.6951	2.8	0
476	2007	143	22723.2	11.5	21.5	1.1622	2.1	0
476	2007	144	21859.2	8.3	24.7	1.4059	1.7	0
476	2007	145	19699.2	13.6	25.9	1.9766	2.2	9.6
476	2007	146	15811.2	12.1	21.3	1.6706	2.8	9.8
476	2007	147	18489.6	12	23.1	1.7428	3.2	5.4
476	2007	148	7862.4	9.3	15.5	1.2946	2.3	4.9
476	2007	149	6393.6	9	13.6	1.271	6.5	32
476	2007	150	26870.4	7	17.5	0.8974	3.5	0
476	2007	151	19094.4	9.2	20.6	1.0323	2.4	0
476	2007	152	22464	10.2	22	1.2243	3.2	0
476	2007	153	8899.2	10.3	19.3	1.3451	2.1	0.2
476	2007	154	9417.6	12.9	18.9	1.5697	2.6	0
476	2007	155	11491.2	13.1	19.9	1.5558	2.7	0
476	2007	156	11059.2	12.8	21.5	1.6798	2.2	0.1
476	2007	157	20476.8	12.9	23.7	1.7009	1.8	0
476	2007	158	26956.8	15.7	28	1.935	3.5	0
476	2007	159	28425.6	16.3	29.3	1.8006	3.6	0
476	2007	160	26265.6	17.1	30	1.9129	3.4	0
476	2007	161	21945.6	15.5	28.8	1.8375	1.8	0
476	2007	162	28512	15	29	1.5569	2.2	0
476	2007	163	24451.2	16.1	26.1	1.7234	3.6	0
476	2007	164	18662.4	14.5	23.2	1.63	3.4	0
476	2007	165	17884.8	13.1	26.2	1.8045	2.1	6
476	2007	166	13824	15.5	23.6	1.9522	3.3	7.1
476	2007	167	17884.8	13.9	20.8	1.5034	3.7	0.2
476	2007	168	19094.4	13	21.4	1.3716	3.7	2.8
476	2007	169	12009.6	13.2	19.1	1.6132	2.9	1
476	2007	170	26784	13.4	24.6	1.5356	2.2	0
476	2007	171	22032	14.7	27.8	1.7897	3.6	0
476	2007	172	6652.8	13	17.8	1.5552	2	12.8
476	2007	173	19526.4	13	21.2	1.5772	2.8	4
476	2007	174	15724.8	13.8	20.6	1.5676	3.9	1.4
476	2007	175	17625.6	14.3	21.9	1.5138	3.3	0.1
476	2007	176	13824	12.5	22.8	1.5321	3.4	1.2
476	2007	177	17020.8	10.8	17	1.2215	7.2	1.6
476	2007	178	15984	9.8	17	1.075	7.3	0.5
476	2007	179	18230.4	10.3	18.8	1.1747	5.2	0
476	2007	180	9072	10.3	18.2	1.2657	4.5	4.3
476	2007	181	11750.4	12.7	19.7	1.4345	3.9	1
476	2007	182	16243.2	15	23.8	1.7317	3.6	0.1
476	2007	183	11318.4	14.1	22	1.7778	2.5	2.9
476	2007	184	14342.4	12.3	18	1.4961	3.1	8.7
476	2007	185	15465.6	12.5	17.9	1.5009	3.4	7.4
476	2007	186	15724.8	13	20.1	1.5796	4.3	2.8
476	2007	187	10454.4	12.8	17.8	1.4237	6	1.3
476	2007	188	15811.2	12.5	20.1	1.4436	5.9	2.7
476	2007	189	25833.6	11.9	21.8	1.3033	3.5	3.4
476	2007	190	6480	10.9	13.8	1.3334	1.7	4.8
476	2007	191	15897.6	10.8	19.6	1.4491	2.2	0.6
476	2007	192	7171.2	10.2	16.1	1.3295	3.6	5.6
476	2007	193	10713.6	13.2	19.2	1.508	4.5	0.3
476	2007	194	18057.6	15.2	23.6	1.7992	3.7	0.5
476	2007	195	24451.2	17.4	30.5	1.9891	4.2	0
476	2007	196	25747.2	16.2	32.1	2.0731	3	0
476	2007	197	26265.6	22.5	33.8	1.7117	3	0
476	2007	198	21686.4	15.1	25	1.358	3.6	0
476	2007	199	21340.8	13.4	25.6	1.4936	2.4	0
476	2007	200	18921.6	11	23.9	1.3735	1.4	0
476	2007	201	19267.2	16.7	27	1.8827	3.7	1.6
476	2007	202	22896	15.7	24.1	1.5775	2.8	9.2
476	2007	203	17107.2	13	21.1	1.5722	3.2	0.1
476	2007	204	18403.2	10.7	21.9	1.3326	2.4	2.2
476	2007	205	13219.2	13	19.6	1.5917	6.4	13.8
476	2007	206	19440	13.1	22.5	1.4449	4.7	0
476	2007	207	17366.4	15.1	25.7	1.5073	3.3	2.3
476	2007	208	18316.8	14.7	21.3	1.4219	5.3	1.4
476	2007	209	12873.6	13.8	20.5	1.504	3.6	6.3
476	2007	210	7776	11.1	16	1.3491	3.3	6.9
476	2007	211	13996.8	9.5	16.4	1.193	6.9	1
476	2007	212	14774.4	10.4	18.6	1.2863	5.4	0
476	2007	213	26092.8	8.6	21.7	1.1522	2.3	0
476	2007	214	9936	12.1	17.2	1.3988	2.7	11.4
476	2007	215	18748.8	11.3	20.4	1.3668	3.9	0
476	2007	216	23500.8	10.2	24.7	1.3735	2.2	0
476	2007	217	25142.4	13.4	27.5	1.3919	3.7	0
476	2007	218	25574.4	13.6	28.7	1.3779	3.7	0
476	2007	219	7084.8	15.9	22.8	1.8609	3.8	0
476	2007	220	5616	14.5	16.9	1.6744	4.2	0
476	2007	221	17107.2	16.9	28.2	2.2101	3.4	0.5
476	2007	222	8294.4	15.5	22.6	2.0025	3.6	4.4
476	2007	223	17798.4	12.1	21.5	1.5475	5.9	0
476	2007	224	19094.4	10	23	1.4246	2	0
476	2007	225	17107.2	12.1	23.3	1.456	2.7	0
476	2007	226	22032	10.9	24.3	1.2459	3.2	0
476	2007	227	12441.6	17.5	26.7	1.8054	6.8	19.3
476	2007	228	13651.2	12.8	21	1.4612	5.1	0.2
476	2007	229	14515.2	12	19.6	1.3804	3.8	0.1
476	2007	230	17539.2	10.6	20.8	1.2825	2.4	0
476	2007	231	13651.2	10.8	22.7	1.3712	2.3	0.1
476	2007	232	17539.2	13.1	22.3	1.5976	3	0.1
476	2007	233	6912	12.7	19.1	1.714	4.5	36.5
476	2007	234	15984	14.1	22.9	1.7436	2.7	0
476	2007	235	13219.2	13.8	24.2	1.8427	2	4.6
476	2007	236	16934.4	15.5	24.5	1.8907	1.9	0
476	2007	237	15465.6	14	23.9	1.837	3	0
476	2007	238	14860.8	12	22.3	1.5626	3.6	0
476	2007	239	10800	11.9	17.7	1.261	3.3	0
476	2007	240	15897.6	8.3	18.2	1.1101	3	0
476	2007	241	13478.4	5.4	17.4	1.0235	1.7	0
476	2007	242	12182.4	6.2	17.1	1.1775	3.8	2
476	2007	243	5184	12.8	17.7	1.5403	4.5	7.4
476	2007	244	11577.6	11.8	19.8	1.47	3.5	0
476	2007	245	8812.8	12.3	20	1.4849	3.8	14.9
476	2007	246	13824	8.9	17.4	1.2087	4.8	2.1
476	2007	247	14601.6	7.8	16	1.0579	5.8	0.1
476	2007	248	16588.8	5.1	17.8	1.0269	3	0
476	2007	249	14515.2	11.3	19.7	1.4421	4.3	1.2
476	2007	250	8208	13.4	18.6	1.5252	4.7	0.2
476	2007	251	5961.6	12.6	17.8	1.5699	5.7	1.6
476	2007	252	8380.8	11.6	16.6	1.3339	5.5	2
476	2007	253	8380.8	11.4	16.2	1.3555	5.5	18.6
476	2007	254	11059.2	11	18.1	1.3898	4.7	0
476	2007	255	9072	10.4	16.2	1.2968	4	0
476	2007	256	3801.6	9.2	14.7	1.0334	2.3	0
476	2007	257	14169.6	5.9	18.9	1.1652	3.4	0.4
476	2007	258	13910.4	8.3	16.3	1.0575	4.9	0
476	2007	259	15552	7.8	20.9	1.1596	3.6	0
476	2007	260	10195.2	11.9	20.5	1.4161	3.6	4.8
476	2007	261	10022.4	6.9	14.1	1.053	4.6	1
476	2007	262	14601.6	6.1	16	0.9343	4	0
476	2007	263	10368	10.5	18.3	1.147	5.5	0
476	2007	264	8208	13.3	19.2	1.2361	4.1	0
476	2007	265	14083.2	9.8	20.5	1.3585	2.2	0
476	2007	266	15033.6	8	23.8	1.3351	2.4	0
476	2007	267	11232	12.7	23.4	1.4884	4.4	3.2
476	2007	268	10281.6	10	16.2	1.2198	3.7	0.9
476	2007	269	6048	7.8	14.2	1.1017	2	0
476	2007	270	4320	8.4	14.9	1.1912	5.4	17.1
476	2007	271	5616	12.9	16.1	1.4842	4.1	19.6
476	2007	272	3024	11.1	12.9	1.3451	4.6	14
476	2007	273	4060.8	7.6	15	1.1506	4.1	0
476	2007	274	5529.6	6.9	14.7	1.2036	2	5.7
476	2007	275	2937.6	11.3	13.9	1.3846	2.8	0
476	2007	276	5702.4	8.8	16.3	1.3074	3.3	4.9
476	2007	277	3369.6	11.2	16.7	1.4801	2.5	0.1
476	2007	278	6912	7.4	15.9	1.2323	1.9	0
476	2007	279	8812.8	4.9	14.7	1.0775	2.4	0
476	2007	280	11750.4	3.1	15.7	0.99	1.6	0
476	2007	281	7603.2	3.8	14.8	1.0536	1.7	0
476	2007	282	4579.2	6.7	13.1	0.975	1.9	0
476	2007	283	11059.2	3.8	15.1	1.0052	2.1	0
476	2007	284	8726.4	1.6	14.2	0.9158	1.8	0
476	2007	285	5011.2	7.7	16.4	1.2371	5	0
476	2007	286	9504	4.3	13.1	0.9444	1.9	0
476	2007	287	11059.2	2.2	16.2	0.8721	2.9	0
476	2007	288	10713.6	5.4	17.5	0.9729	3	0
476	2007	289	5961.6	12.7	17.4	1.2985	3.2	0
476	2007	290	6652.8	9.3	17.8	1.3026	4.5	7.5
476	2007	291	5788.8	6.2	10.5	0.9662	5.6	1.3
476	2007	292	8985.6	1.3	10.4	0.7216	3.6	0
476	2007	293	7862.4	-2.2	9.4	0.6562	2.1	2.6
476	2007	294	5788.8	0.9	10.5	0.7874	3.3	0.3
476	2007	295	7344	0.3	6.9	0.6641	3.7	0
476	2007	296	6825.6	0	8.8	0.6523	3.9	0
476	2007	297	1987.2	5.9	7.7	0.8198	4	0
476	2007	298	1987.2	6.6	7.9	0.927	3.2	0
476	2007	299	1900.8	6.1	7.5	0.8988	3	0
476	2007	300	2246.4	5.6	9.3	0.9191	2.1	0
476	2007	301	7603.2	4.1	11	0.8318	4.2	0.1
476	2007	302	1814.4	7.2	9	0.9607	3	26.1
476	2007	303	4838.4	4	12.5	0.9924	2.8	0.5
476	2007	304	6480	2.8	11.6	0.8426	2.9	0
476	2007	305	1728	9.5	12	1.0964	2.9	0.3
476	2007	306	1728	11.2	13.1	1.3726	2.7	1.2
476	2007	307	2160	8.4	14	1.2493	4.1	0.9
476	2007	308	5270.4	1.9	10.8	0.8331	3.6	0
476	2007	309	2937.6	-0.8	8.9	0.7181	2.8	3.6
476	2007	310	3196.8	4.3	8.5	0.836	6.7	7.3
476	2007	311	1555.2	5.8	10.2	0.9435	7.2	8.5
476	2007	312	2764.8	6.1	10.9	0.9539	5.7	5.1
476	2007	313	2764.8	2.9	6.2	0.7352	8.2	16.5
476	2007	314	2505.6	2.8	5.8	0.7474	4.9	9.5
476	2007	315	1900.8	2.1	9.5	0.8297	6	7
476	2007	316	3628.8	1.5	6.7	0.737	6.1	7.9
476	2007	317	1382.4	2	5.7	0.7161	4.5	3
476	2007	318	4233.6	-0.7	3.7	0.606	3.8	0
476	2007	319	3283.2	-2	3.6	0.5827	2.6	0
476	2007	320	1555.2	-1.2	5.2	0.6069	3.3	0.6
476	2007	321	1296	2.8	5.2	0.7644	2.9	0.7
476	2007	322	1296	2.9	6.2	0.769	2.5	0
476	2007	323	1209.6	0.9	4.7	0.6425	4.6	0.1
476	2007	324	3283.2	1.5	7.6	0.7183	3.3	0
476	2007	325	1209.6	1.1	9.1	0.7201	4.1	0
476	2007	326	2678.4	4.9	10.5	0.8929	3.4	0
476	2007	327	1123.2	3.4	8.2	0.8297	3	0.3
476	2007	328	5184	-2.2	6.4	0.5686	4.1	1.8
476	2007	329	2505.6	2	7.8	0.7534	7	2.3
476	2007	330	2073.6	0.4	2.9	0.6401	6.9	1.8
476	2007	331	4060.8	0.6	5.6	0.7021	3.5	0
476	2007	332	1641.6	1.2	5.8	0.6594	3.3	0
476	2007	333	1036.8	1	6.4	0.6688	4.8	5.2
476	2007	334	2246.4	4.5	8.8	0.8701	5.1	5.7
476	2007	335	3369.6	6.9	10.7	0.8942	6.2	1.7
476	2007	336	1036.8	6.1	11.1	0.9045	7.6	12.7
476	2007	337	1382.4	4.5	9.1	0.8099	8.4	4.9
476	2007	338	3369.6	3.8	7.1	0.7648	5.5	0.3
476	2007	339	1209.6	5.5	12.2	0.954	5.5	2.5
476	2007	340	2073.6	8.4	10.8	1.0153	5.9	10.5
476	2007	341	1900.8	6.4	13.4	0.9994	8.1	1.5
476	2007	342	2246.4	4.2	7.1	0.7208	6.2	2.2
476	2007	343	2160	3.3	9.4	0.814	5.2	1.8
476	2007	344	950.4	4	6.3	0.8019	3	6.6
476	2007	345	950.4	3.9	5.2	0.8029	3.4	3.7
476	2007	346	950.4	3.5	5.2	0.7417	2.6	0
476	2007	347	950.4	2.2	3.9	0.654	1.5	0
476	2007	348	950.4	1.2	2.5	0.6074	1.3	0
476	2007	349	2419.2	-4.1	2.4	0.4824	3.4	0
476	2007	350	2246.4	-5.7	-1.3	0.4343	2.7	0
476	2007	351	2764.8	-2.1	2.9	0.5283	4.2	0
476	2007	352	950.4	-2.4	-0.4	0.4799	4.2	0
476	2007	353	950.4	-3.4	-2.4	0.4591	2.4	0
476	2007	354	950.4	-4.4	-3.2	0.4384	2.1	0
476	2007	355	1900.8	-5.1	-3.4	0.4372	2.6	0.1
476	2007	356	2678.4	-7.4	-1	0.4389	0.8	0
476	2007	357	950.4	-7.5	3.5	0.5066	2.2	9
476	2007	358	950.4	-0.9	1.3	0.6137	2.8	0
476	2007	359	1814.4	-0.6	2.7	0.5471	4.6	0
476	2007	360	950.4	1.1	3.3	0.587	3.2	0
476	2007	361	2246.4	1.2	5	0.641	3.9	0
476	2007	362	2592	4	7.6	0.756	6	0
476	2007	363	1555.2	2.4	5.2	0.6334	6.7	0
476	2007	364	950.4	1.5	5.7	0.7036	3.9	0.6
476	2007	365	2073.6	-1.2	3.4	0.6285	3.5	0
