*---------------------------------------------------------------------------*
* Station name: HANNOVER                                
* Year: 1987
* Author: Pedro Alencar                                   -999.000: NIL VALUE
* Source: ECAD 
* Comments: 
* Longitude: 52.4656, latitude: 52.4656, altitude: 55 m.
*
* Column  Daily value
* 1       station number
* 2       year
* 3       day
* 4       irradiation                   (kJ m-2 d-1)
* 5       minimum temperature           (degrees Celsius)
* 6       maximum temperature           (degrees Celsius)
* 7       early morning vapour pressure (kPa)
* 8       mean wind speed (height: 2 m) (m s-1)
* 9       precipitation                 (mm d-1)
*
** WCCDESCRIPTION=GERMANY, HANNOVER                                
** WCCFORMAT=2
** WCCYEARNR=1987
*---------------------------------------------------------------------------*
   52.4656  9.6794    55.  -0.18 -0.55
476	1987	1	950.4	0.5	6.6	0.7484	5.5	15.8
476	1987	2	950.4	-8.5	0.5	0.4274	5.3	5.5
476	1987	3	1728	-15.5	-0.6	0.3102	2.6	0.8
476	1987	4	2505.6	-11.6	0.2	0.3797	2.6	7.9
476	1987	5	950.4	0	3.4	0.6562	6.4	11.7
476	1987	6	1641.6	-2.4	1.6	0.5401	4.2	0.1
476	1987	7	2073.6	-10.2	-2.3	0.3296	2.2	0
476	1987	8	1728	-11.7	0.6	0.376	5.2	14.2
476	1987	9	1036.8	-9.3	0.7	0.4089	5.4	3.8
476	1987	10	1036.8	-12.7	-7.6	0.2574	4.1	0.2
476	1987	11	4233.6	-17.4	-12	0.1703	2.5	0.2
476	1987	12	1036.8	-15.8	-9.5	0.206	4.1	1.3
476	1987	13	2505.6	-20.5	-9.5	0.1623	3.5	0
476	1987	14	3196.8	-22.4	-15.5	0.1081	5.8	0
476	1987	15	1123.2	-16.8	-10.7	0.1672	8.5	0
476	1987	16	1123.2	-15	-10.2	0.1906	4.6	0
476	1987	17	1123.2	-15.4	-8	0.2124	3.1	0
476	1987	18	1209.6	-18.3	-9	0.1856	3.4	0.2
476	1987	19	1209.6	-12.9	-7.9	0.244	2.8	0
476	1987	20	1209.6	-9.7	-7.7	0.298	1.1	0.4
476	1987	21	1209.6	-9	-2	0.3815	1.4	0.4
476	1987	22	1296	-2.5	1.2	0.5536	2.1	1.2
476	1987	23	1296	0.7	2.3	0.6741	5	1.1
476	1987	24	1296	0	2.1	0.6328	2.8	0.4
476	1987	25	1296	-0.4	2.4	0.6306	7.3	3.5
476	1987	26	3542.4	-2	2	0.5438	5.7	0.1
476	1987	27	4320	-1.7	1.1	0.5201	4	0.8
476	1987	28	3110.4	-4.6	0.8	0.4838	5.2	1.2
476	1987	29	6307.2	-14.8	-3.3	0.2097	3.8	0
476	1987	30	6480	-18	-7.1	0.1727	1	0
476	1987	31	6566.4	-15.2	-3.2	0.2225	0.7	0
476	1987	32	6566.4	-15.1	-0.6	0.2439	1.1	0
476	1987	33	6480	-10.8	2.1	0.2967	2.4	0
476	1987	34	6652.8	-10.2	2.9	0.3407	1.7	0
476	1987	35	1555.2	0.2	2.7	0.6174	1.2	0
476	1987	36	1641.6	1.2	5.5	0.6447	2.9	0
476	1987	37	1641.6	4.4	7.2	0.8205	7.7	3.1
476	1987	38	5270.4	-2.9	7.2	0.5778	6.5	0.4
476	1987	39	1728	-3.3	6.3	0.64	3.7	14.1
476	1987	40	1728	4.4	7.7	0.9099	3.4	3.9
476	1987	41	1814.4	3.4	8.3	0.8048	4.4	2
476	1987	42	6480	1.6	6.3	0.6887	2.8	0
476	1987	43	4752	0.7	5.3	0.6744	2.3	1.7
476	1987	44	4752	1.2	6.3	0.6791	2.9	0.1
476	1987	45	1900.8	-0.2	4	0.6376	2.1	0.1
476	1987	46	1987.2	0.3	2.7	0.5924	4	3
476	1987	47	1987.2	-1.4	0.7	0.548	4	0.2
476	1987	48	3628.8	-4.2	0.3	0.4767	2.3	0
476	1987	49	2073.6	-5	-0.7	0.4558	1.9	7.3
476	1987	50	2073.6	-2.8	-1	0.4785	3.7	0.2
476	1987	51	2160	-4.9	-1.9	0.428	6	0
476	1987	52	8208	-8.3	1.7	0.4073	2	0
476	1987	53	2246.4	-8.9	2.6	0.4312	4.6	0.8
476	1987	54	9936	-4.9	1.5	0.3723	2.4	0
476	1987	55	9676.8	-10.6	2.5	0.3035	1	0
476	1987	56	9417.6	-11.1	2	0.3053	3.1	0
476	1987	57	5356.8	-8.2	1.8	0.3427	3.6	0.8
476	1987	58	2419.2	-2.1	6.4	0.6848	2.8	9.8
476	1987	59	2505.6	1.2	6.3	0.791	2.6	6.5
476	1987	60	2678.4	-2.6	1.5	0.4696	5.6	2.4
476	1987	61	2678.4	-7.8	-2.1	0.3639	9.7	10.2
476	1987	62	10108.8	-11.3	-4.8	0.2501	3.5	0
476	1987	63	11318.4	-18.3	-3.1	0.2166	1	0
476	1987	64	9158.4	-18	-0.6	0.2147	1	0
476	1987	65	7603.2	-12	-2.1	0.2811	2.2	0
476	1987	66	11318.4	-15.6	-3.7	0.2383	2.5	0
476	1987	67	10022.4	-9.5	-1.6	0.3235	3.5	0
476	1987	68	11923.2	-6	-0.1	0.3466	5.3	0
476	1987	69	12268.8	-11.5	1.1	0.2948	3.1	0
476	1987	70	13132.8	-11.2	1.6	0.3039	3.1	0
476	1987	71	13305.6	-11	0.3	0.2915	2.3	0
476	1987	72	13305.6	-10.5	1.1	0.2933	4.2	0
476	1987	73	13392	-10.3	2.2	0.308	2.8	0
476	1987	74	5011.2	-8.9	2.4	0.4328	3.8	6.8
476	1987	75	5443.2	-0.9	1.8	0.5681	6.5	0.7
476	1987	76	3456	-1.5	2.7	0.5807	3.7	5.9
476	1987	77	6998.4	0.6	4.6	0.685	5.6	6.3
476	1987	78	12528	0	5.6	0.5752	4.3	0
476	1987	79	8985.6	-0.8	5.4	0.6633	4	6.2
476	1987	80	13996.8	-1.6	6.5	0.5684	4.7	0.8
476	1987	81	5184	0.4	3.5	0.6329	3.3	1.2
476	1987	82	3715.2	0	6.7	0.6447	3.9	5.2
476	1987	83	3801.6	4.3	10.1	0.9644	2.1	1.4
476	1987	84	4320	6.2	12.1	1.0546	3	6.4
476	1987	85	14083.2	5	11.2	0.7988	4.9	0
476	1987	86	4406.4	5.1	11.5	0.8425	8	2.8
476	1987	87	13737.6	5.3	11.9	0.7593	9	1.4
476	1987	88	9849.6	1.6	7.4	0.699	6.6	2.2
476	1987	89	11232	0.7	8.1	0.6858	3.8	2.2
476	1987	90	11318.4	-1.2	9.1	0.5915	0.7	0
476	1987	91	12441.6	-2.6	10	0.621	2.2	0
476	1987	92	5356.8	1.8	8.2	0.7151	3.3	0
476	1987	93	14774.4	4.5	14.2	0.8222	6.2	0
476	1987	94	4320	5.6	10.3	0.8869	6.8	9
476	1987	95	4406.4	6	9.7	0.9339	3.5	0.3
476	1987	96	4406.4	3.9	11.8	0.8702	1.9	0.1
476	1987	97	16848	3	19.6	0.8964	2.3	0
476	1987	98	13824	8.8	16.9	0.9926	2.8	0
476	1987	99	4579.2	5.2	14.4	0.9322	1.5	0.8
476	1987	100	6566.4	4.5	12.2	0.9662	3.1	0.6
476	1987	101	12787.2	1.2	13.2	0.7512	4	1.5
476	1987	102	7516.8	3.1	8	0.8155	2.2	4.8
476	1987	103	4752	1.7	8.5	0.7816	2	0
476	1987	104	4838.4	-0.6	12.8	0.7436	1.6	0
476	1987	105	10627.2	5.8	11.7	0.9137	2.8	0
476	1987	106	10195.2	7.8	13.7	0.9803	3.2	0
476	1987	107	19008	4.8	14.7	0.8929	3.8	0
476	1987	108	15638.4	1.6	15.3	0.818	1.1	0
476	1987	109	15033.6	3.8	20	1.1414	2.6	10
476	1987	110	10368	9	13.1	1.0659	5.4	1.2
476	1987	111	5097.6	5.2	9	0.9578	5.8	1.4
476	1987	112	14169.6	1.9	12.3	0.8369	1.5	0
476	1987	113	22118.4	1.2	16.6	0.7863	2.3	0
476	1987	114	23241.6	3.4	22.3	0.8741	1.4	0
476	1987	115	20736	6.6	21.8	1.0999	2.1	0
476	1987	116	17366.4	4.3	16.7	0.9134	3	0
476	1987	117	23500.8	0.6	13.9	0.5501	3.8	0
476	1987	118	23760	1.4	21	0.5848	3.1	0
476	1987	119	23068.8	5.8	26.8	0.7773	3.7	0
476	1987	120	11059.2	11.5	24.3	1.3925	2.4	6
476	1987	121	10368	11.5	17.3	1.3764	3	0.2
476	1987	122	10454.4	7.8	18.1	1.2825	2.8	1.5
476	1987	123	7776	2.4	10.3	0.8044	3.1	8.7
476	1987	124	5702.4	4.2	8.3	0.9035	5.3	4.5
476	1987	125	17884.8	7.2	15.4	1.0569	4.6	0.1
476	1987	126	10022.4	6.4	9.7	0.8606	6	0
476	1987	127	21340.8	4.2	16	0.9017	4.4	0
476	1987	128	13132.8	3.2	12.2	0.8509	3.9	0
476	1987	129	25833.6	3.2	22.6	0.877	2.6	0
476	1987	130	20390.4	5.1	16.1	0.9834	3.8	0
476	1987	131	11145.6	2.9	12	0.7435	5.1	0.6
476	1987	132	9590.4	7.9	12.6	1.1603	6.1	11.5
476	1987	133	21254.4	5	11.7	0.9003	5.4	0.1
476	1987	134	17971.2	3.7	13	0.9223	4.3	4.2
476	1987	135	15897.6	6.9	15	1.1242	3.8	2.8
476	1987	136	15206.4	6.4	13.4	0.975	3.5	5.3
476	1987	137	21427.2	4.7	15.1	0.7922	2.8	0
476	1987	138	16156.8	7.2	17.2	0.9086	1.8	0
476	1987	139	24192	4.5	16.3	0.92	2.7	0.7
476	1987	140	15724.8	5.9	9.9	0.8732	6.6	3.5
476	1987	141	10972.8	4.5	10.9	0.8929	3.2	2.6
476	1987	142	6220.8	5.1	12.3	1.0118	2.6	2.2
476	1987	143	27907.2	4.8	20.2	0.8543	2.7	0
476	1987	144	23500.8	3.9	23	0.9706	2.2	0
476	1987	145	27561.6	6	18	0.8967	3.6	0
476	1987	146	27993.6	3.8	21.4	0.8162	1.7	0
476	1987	147	19526.4	6.5	20.2	1.0715	2.7	0
476	1987	148	10195.2	5.8	12.4	0.8201	4	0
476	1987	149	6393.6	8.2	12.8	1.0403	1.8	0
476	1987	150	12700.8	6.5	13.2	1.0447	1.9	1.9
476	1987	151	11491.2	10	18.4	1.3587	2.7	0
476	1987	152	17107.2	7.4	18	1.3644	3.3	11.3
476	1987	153	22982.4	9.6	18	1.1506	3.5	1.5
476	1987	154	8899.2	10.6	16.7	1.4047	2.2	4.2
476	1987	155	16329.6	11.4	18.3	1.4338	2.4	1.6
476	1987	156	14515.2	9	16.7	1.2445	2.9	0.6
476	1987	157	12614.4	9	20.2	1.3943	3.7	5.3
476	1987	158	24624	11	20.3	1.1542	3.4	1.5
476	1987	159	11145.6	11.2	17.6	1.2781	6.3	0.1
476	1987	160	23846.4	9.9	19.7	1.1097	3.4	0
476	1987	161	23328	7.7	18.9	1.0527	2.2	0.2
476	1987	162	16848	8.1	20.3	1.3263	3.2	1.2
476	1987	163	14601.6	9	15.3	1.1603	1.6	0.1
476	1987	164	7776	6.4	17.2	1.2722	3.1	1.1
476	1987	165	19267.2	12.2	18.8	1.319	3.7	0
476	1987	166	6566.4	8.8	12.9	1.1946	3.6	11.5
476	1987	167	11577.6	8.4	14.5	1.0675	6.2	0.1
476	1987	168	24192	6.5	15.8	1.0332	4.4	1.8
476	1987	169	7344	8.5	11.7	1.0993	5.2	3.4
476	1987	170	19094.4	6.5	18.7	1.0202	2.2	0.9
476	1987	171	12441.6	11.4	17.5	1.463	2.2	10.9
476	1987	172	15897.6	9.5	16.3	1.204	3.1	0
476	1987	173	14688	5.7	19.8	1.1628	2.1	6
476	1987	174	18144	10.7	16.9	1.3555	4	0
476	1987	175	6566.4	8.1	14.3	1.1961	1.3	10.1
476	1987	176	19612.8	9.1	18.5	1.2294	2.4	0.8
476	1987	177	14774.4	12.8	20	1.5646	3.9	0.1
476	1987	178	14169.6	10.9	22.3	1.3771	2.1	0.2
476	1987	179	14601.6	17	24.4	2.0959	2.9	0
476	1987	180	25833.6	17.9	28.8	2.205	1.9	0
476	1987	181	27129.6	20.1	31.9	2.5825	2.6	4.1
476	1987	182	19440	16.1	24.4	1.7542	3.3	0
476	1987	183	27302.4	9.5	21.9	1.1757	1.5	0
476	1987	184	15120	10.9	22.2	1.3915	2	0
476	1987	185	27302.4	11.7	22.7	1.3128	2.5	0
476	1987	186	28598.4	9.2	24.2	1.234	2.1	0
476	1987	187	28252.8	10.8	26.2	1.3608	3.1	0
476	1987	188	26179.2	13.3	29.3	1.5424	2.5	0
476	1987	189	13132.8	13	21.7	1.6418	3.6	0
476	1987	190	21859.2	9	18.5	1.2097	4.1	0
476	1987	191	21340.8	9.3	19.8	1.1416	4.2	4.3
476	1987	192	15984	14.2	26.1	1.7905	2.8	0.6
476	1987	193	21513.6	15.6	22.8	1.5771	5.1	0
476	1987	194	19440	14	21	1.4777	3.9	0
476	1987	195	27648	5.7	23.6	1.0324	2.4	0
476	1987	196	19958.4	12.5	27.4	1.815	3	5
476	1987	197	17884.8	14.2	26.2	2.056	3	7.5
476	1987	198	16502.4	18.3	25.9	2.0709	4.2	0.3
476	1987	199	17971.2	14.8	22.9	1.5865	3.7	0.8
476	1987	200	26092.8	14.3	25.3	1.5216	2.6	0
476	1987	201	15638.4	12.6	21.3	1.5623	2.2	3.5
476	1987	202	20995.2	13.2	23.4	1.5749	3	0.2
476	1987	203	18662.4	11.6	23.5	1.5826	1.2	0
476	1987	204	14342.4	10.7	22.4	1.5984	1.1	23.6
476	1987	205	10540.8	12.4	19.7	1.5483	3.4	4.6
476	1987	206	21600	9.9	17.8	1.4389	4.5	2.3
476	1987	207	20563.2	9	15.9	1.1834	5.2	0.9
476	1987	208	9331.2	9.3	17	1.3598	4.8	12
476	1987	209	10368	10.3	16.8	1.2406	5.2	0
476	1987	210	12614.4	11.6	20.6	1.5167	2.5	4
476	1987	211	9417.6	13.2	21.3	1.6905	3.1	0
476	1987	212	6566.4	10.9	17.2	1.4417	3.2	3.3
476	1987	213	15638.4	12.9	19.7	1.4991	5.6	1.8
476	1987	214	16675.2	11.2	19.5	1.5328	3.8	1.3
476	1987	215	9849.6	10.9	17.2	1.3936	2.8	1.4
476	1987	216	18835.2	9.6	16.6	1.2349	4.1	7.9
476	1987	217	17884.8	10	16.5	1.247	6.7	2.2
476	1987	218	20563.2	8.9	16	1.169	5.1	0.9
476	1987	219	16761.6	7	20.7	1.1227	3.3	1.4
476	1987	220	6652.8	11.3	16.7	1.2614	3.6	0
476	1987	221	5616	11.3	18.1	1.4701	1.6	5.7
476	1987	222	17366.4	11	17.3	1.451	3.9	1.4
476	1987	223	19526.4	7.7	19.8	1.2568	2.1	0
476	1987	224	9763.2	8.4	19	1.3937	1.4	7.9
476	1987	225	12009.6	10.1	20.7	1.5377	2.4	11
476	1987	226	14083.2	15.7	22	1.7821	3.7	0.1
476	1987	227	15984	13.4	18.8	1.4253	5.5	0
476	1987	228	5961.6	13.5	17.1	1.5626	2.5	3
476	1987	229	19785.6	15.3	27.7	1.9965	2	0
476	1987	230	5184	15.9	20.4	1.997	1.7	3.2
476	1987	231	9158.4	16	20.6	1.8689	3	0
476	1987	232	22118.4	10.5	22.6	1.3727	1.6	0
476	1987	233	21945.6	12.1	28.2	1.7669	2.2	0
476	1987	234	21600	14.6	29.4	1.7416	3.3	0.7
476	1987	235	8899.2	17.3	22.3	2.098	1.9	0
476	1987	236	11491.2	15.3	24.6	1.9779	2.4	0
476	1987	237	12960	16.8	24.9	1.8694	4.1	0
476	1987	238	7516.8	14.7	19.1	1.3843	5.8	0.5
476	1987	239	13564.8	13.3	20.6	1.5623	4.5	1.3
476	1987	240	8899.2	13.9	17.8	1.5107	5.4	3.9
476	1987	241	5270.4	13.1	18.2	1.6868	2.8	1.8
476	1987	242	14169.6	10.8	20.4	1.3983	2.9	0
476	1987	243	4579.2	10.8	16.6	1.2527	2.6	0
476	1987	244	17884.8	7.9	22.8	1.376	3.1	0
476	1987	245	12182.4	13.6	21	1.6958	2.8	0
476	1987	246	16588.8	6.8	23.7	1.3673	1.1	0
476	1987	247	13305.6	12.8	25.6	1.9325	1.3	43
476	1987	248	5270.4	13.8	18.8	1.7212	1.6	1.5
476	1987	249	10454.4	13.8	19.3	1.5984	3.1	0.6
476	1987	250	9590.4	11.6	18.3	1.46	5.3	0.7
476	1987	251	13651.2	9.5	18.7	1.3178	3	0.8
476	1987	252	13305.6	10.1	18.5	1.3024	2.5	0
476	1987	253	6998.4	10.9	19.2	1.4182	4.3	4.6
476	1987	254	14083.2	11.5	19	1.3499	4.3	0.1
476	1987	255	11145.6	11.5	23.5	1.5177	5.7	5
476	1987	256	4838.4	13.3	21.3	1.893	3.2	11.5
476	1987	257	12096	13.1	18.9	1.5434	3	1.1
476	1987	258	15465.6	10.9	18.8	1.3663	4.5	0
476	1987	259	5184	8.8	17.3	1.3359	1.5	0
476	1987	260	8035.2	11.9	22.7	1.6761	2.8	0
476	1987	261	6393.6	12.8	20.6	1.7276	3.6	3.7
476	1987	262	14342.4	9.6	17.3	1.2325	1.6	14.6
476	1987	263	3456	11.8	15.3	1.5042	2.9	0
476	1987	264	5702.4	12.5	23.3	1.884	2.3	0.1
476	1987	265	6652.8	17.3	24	2.0895	3	6.3
476	1987	266	4752	13.3	19.2	1.6789	2	6.4
476	1987	267	9158.4	10.5	17.2	1.3282	3.2	6.2
476	1987	268	11491.2	9	15.4	1.1926	3.6	1
476	1987	269	13392	6	15.4	1.0671	2.4	0
476	1987	270	11145.6	7.4	12.7	1.0587	5.5	0.2
476	1987	271	9331.2	4.8	13.3	1.0015	3.7	0
476	1987	272	10540.8	5.5	13.5	0.9611	2.1	0
476	1987	273	11750.4	0.7	13	0.8623	2.5	0
476	1987	274	10540.8	2.4	12.4	0.9057	3.6	0
476	1987	275	12009.6	3.4	13.7	0.8458	4.7	0
476	1987	276	11750.4	2	14.1	0.8606	4.8	0
476	1987	277	11232	4.7	14.2	0.9106	4.2	0
476	1987	278	6912	6.1	19.8	1.2079	3	0
476	1987	279	9072	10.7	21	1.4208	5.1	0
476	1987	280	10108.8	9.8	15.1	1.0535	5.9	0.6
476	1987	281	7171.2	9.9	16.9	1.2285	8.5	2.1
476	1987	282	9504	7.3	14.1	0.9385	5.8	0
476	1987	283	10972.8	5.3	20.3	1.0337	4.2	0
476	1987	284	3024	9.7	14.8	1.054	2.7	11.5
476	1987	285	2505.6	6.4	9.9	1.0506	4.3	9.3
476	1987	286	7948.8	5.8	12.5	1.0199	4.3	0.1
476	1987	287	8726.4	7.4	14.8	1.0826	3.6	3.1
476	1987	288	5788.8	8.2	16.6	1.1508	7.5	0.2
476	1987	289	3196.8	14	20.2	1.4019	6.5	0
476	1987	290	7862.4	10.1	15.7	1.2337	2.9	0
476	1987	291	9590.4	4	15.6	1.0412	1.5	0
476	1987	292	9244.8	1.1	14.2	0.9108	3.3	0
476	1987	293	7603.2	6.8	11.7	1.0267	5.2	0
476	1987	294	2073.6	9	11.7	1.1178	4.5	0
476	1987	295	2073.6	5.5	10.3	1.0436	1.4	7.3
476	1987	296	2073.6	2	8	0.8634	1.8	4.5
476	1987	297	1987.2	6.3	8.5	0.9983	2.4	1.2
476	1987	298	2592	3.4	8.9	0.9067	1.3	0
476	1987	299	7084.8	0.1	9.5	0.7482	3.8	0
476	1987	300	5875.2	2.9	10	0.781	6	0
476	1987	301	4060.8	6.1	12.5	0.9014	4.5	2
476	1987	302	2678.4	6.7	9.8	0.9924	3.4	3.3
476	1987	303	1814.4	5.9	8.3	0.7965	3.2	0
476	1987	304	2851.2	3.6	10.8	0.8629	2.5	0
476	1987	305	1728	6.5	12.6	1.0953	2.4	2.4
476	1987	306	1728	7.6	11.2	1.1314	2	0
476	1987	307	4060.8	2.7	9.8	0.894	1	0
476	1987	308	1641.6	6	9.8	0.8945	0.3	0
476	1987	309	1555.2	5.1	9.8	0.9088	2.4	0.2
476	1987	310	1555.2	7.9	9.1	0.9871	3	0
476	1987	311	1555.2	5.7	8.8	0.8149	2.7	0
476	1987	312	2505.6	4	9.4	0.8044	2.1	0
476	1987	313	2419.2	1.1	4.4	0.6849	2.4	0
476	1987	314	1468.8	-0.5	6.2	0.6523	2.8	2.6
476	1987	315	2505.6	4.1	10	0.8742	3.9	2.4
476	1987	316	1382.4	6.7	9.8	0.8506	8.2	2
476	1987	317	3801.6	6.4	9.7	0.8714	5.4	8.3
476	1987	318	3369.6	3.2	8.5	0.8326	4.7	0.4
476	1987	319	2505.6	5.3	8.4	0.7929	5.6	1.1
476	1987	320	2246.4	6.1	12.6	1.0337	5.2	4.7
476	1987	321	1555.2	7.7	10.3	1.0211	6.7	3.2
476	1987	322	1900.8	8	10.2	1.0395	4.7	0.2
476	1987	323	1209.6	7.5	10.4	1.0405	5	17.6
476	1987	324	2073.6	5.6	7.5	0.8835	6.4	4.1
476	1987	325	1468.8	4.9	7.3	0.8659	3	4.3
476	1987	326	1209.6	5.9	7.8	0.9515	3.2	0.9
476	1987	327	1123.2	5	6.8	0.8448	3.3	0
476	1987	328	1123.2	1.3	5.6	0.7118	6.4	0.4
476	1987	329	1123.2	1.2	3	0.6965	3.7	5.3
476	1987	330	2073.6	0.9	5.2	0.6236	2.8	0
476	1987	331	1123.2	2.8	4.4	0.6404	1.6	0
476	1987	332	1123.2	2.3	3.6	0.6871	2.4	0
476	1987	333	1036.8	3.5	5.8	0.7319	2.6	0
476	1987	334	1036.8	3.3	4.6	0.7293	1.3	0
476	1987	335	1036.8	-0.4	3.4	0.6332	2.5	0
476	1987	336	1555.2	0.6	3.4	0.614	3.6	0
476	1987	337	3283.2	-0.2	2.9	0.5321	4.7	0
476	1987	338	1036.8	-1.3	0.1	0.5205	4.3	0
476	1987	339	950.4	-2.8	-0.9	0.5229	2.5	0
476	1987	340	950.4	-2.8	-0.9	0.5016	2	0.1
476	1987	341	3715.2	-5.8	0.2	0.4277	2.8	0
476	1987	342	2851.2	-8.9	-1.3	0.3766	0.6	0
476	1987	343	3715.2	-7.4	-2.4	0.3653	1.6	0
476	1987	344	950.4	-3.6	3.7	0.558	5	1.2
476	1987	345	3801.6	-1.2	5.1	0.6258	3.6	0
476	1987	346	950.4	-2.7	1.9	0.5816	1.1	0
476	1987	347	950.4	-2.6	0.4	0.5188	3.1	0
476	1987	348	950.4	-3.9	-2.6	0.4376	2.2	0.1
476	1987	349	950.4	-4.6	-0.4	0.4373	2.4	0
476	1987	350	950.4	-1.1	4.6	0.6585	2.4	9.1
476	1987	351	950.4	4.3	9.8	0.9546	2.9	12.7
476	1987	352	950.4	8.5	14.6	1.2514	5.7	1.9
476	1987	353	950.4	6.7	10.7	1.0231	5.8	2.4
476	1987	354	950.4	6.4	9.4	1.0116	5.7	5.8
476	1987	355	950.4	8.9	10.1	1.1272	4.9	3.2
476	1987	356	2332.8	5.6	9.1	0.9231	4.9	0.1
476	1987	357	950.4	2.6	5.7	0.8135	2.4	0
476	1987	358	950.4	0.2	3.8	0.621	2.9	0
476	1987	359	950.4	0.3	5.6	0.6645	3	0
476	1987	360	1382.4	5.6	8.6	0.8167	4.9	1.1
476	1987	361	950.4	7.5	9.2	0.9772	5.7	1.9
476	1987	362	950.4	8.3	11.3	1.0896	5.3	0.5
476	1987	363	950.4	10.2	12.8	1.0303	5.8	4
476	1987	364	2246.4	6.7	12.3	1.056	4.6	0
476	1987	365	1987.2	6.5	10.7	0.9715	3.4	0
