*---------------------------------------------------------------------------*
* Station name: HANNOVER                                
* Year: 1984
* Author: Pedro Alencar                                   -999.000: NIL VALUE
* Source: ECAD 
* Comments: 
* Longitude: 52.4656, latitude: 52.4656, altitude: 55 m.
*
* Column  Daily value
* 1       station number
* 2       year
* 3       day
* 4       irradiation                   (kJ m-2 d-1)
* 5       minimum temperature           (degrees Celsius)
* 6       maximum temperature           (degrees Celsius)
* 7       early morning vapour pressure (kPa)
* 8       mean wind speed (height: 2 m) (m s-1)
* 9       precipitation                 (mm d-1)
*
** WCCDESCRIPTION=GERMANY, HANNOVER                                
** WCCFORMAT=2
** WCCYEARNR=1984
*---------------------------------------------------------------------------*
   52.4656  9.6794    55.  -0.18 -0.55
476	1984	1	950.4	6.4	8.2	0.8688	9.1	8.4
476	1984	2	3110.4	5.7	7.2	0.7907	7	7.9
476	1984	3	3110.4	3.8	9.1	0.7039	9.4	6.6
476	1984	4	2246.4	1.2	5.6	0.6704	7.6	0.8
476	1984	5	1987.2	0	3.4	0.6078	5.3	2
476	1984	6	1814.4	2	5.7	0.7322	4.4	0.1
476	1984	7	1036.8	2	5.5	0.7111	6	6
476	1984	8	2160	1.4	3.6	0.6582	7.4	1.3
476	1984	9	1036.8	-0.6	2.4	0.5674	4.5	0.1
476	1984	10	3110.4	-1.8	3.3	0.5419	1.9	0
476	1984	11	1036.8	1.7	6.1	0.7106	6.5	0.1
476	1984	12	1468.8	2.4	5.9	0.7231	5.7	0.6
476	1984	13	1123.2	2.2	7.8	0.6541	9.6	3.6
476	1984	14	1123.2	1.9	9.1	0.7043	7.6	8.3
476	1984	15	4060.8	0.2	4.9	0.6092	8.4	3.2
476	1984	16	3196.8	0.4	4.8	0.604	7.5	2.7
476	1984	17	4320	2.6	8.9	0.6247	9.6	0.3
476	1984	18	1209.6	1.1	3.5	0.6345	6.4	0.1
476	1984	19	2764.8	-0.4	3.6	0.5829	2.8	0
476	1984	20	2073.6	-3.2	1.1	0.5207	1.6	0.2
476	1984	21	1209.6	-4	-1.1	0.4661	2.7	0
476	1984	22	1296	-4.2	-1.3	0.4343	6.7	4.1
476	1984	23	1296	-4.9	-1.8	0.4439	4.7	4.7
476	1984	24	4147.2	-4	4.5	0.5289	3.4	0.5
476	1984	25	3456	-4.3	1.4	0.4726	4.5	1.3
476	1984	26	3801.6	-5.5	1	0.4093	4.2	0.4
476	1984	27	1382.4	-1.9	2.2	0.5374	3.6	0
476	1984	28	3542.4	-2	5.5	0.5754	3.2	0
476	1984	29	3110.4	2.1	5.7	0.6944	3.9	1.2
476	1984	30	4060.8	3	7.1	0.7001	3.6	0
476	1984	31	1468.8	0.9	4.6	0.6476	4.5	0.1
476	1984	32	1468.8	-1	3.1	0.6263	2.1	1.8
476	1984	33	2332.8	0.4	7.3	0.7	3.9	1.6
476	1984	34	1555.2	3.2	5.7	0.7637	6.7	9.6
476	1984	35	2592	4.3	5.9	0.7289	6.4	1.1
476	1984	36	3196.8	1.2	9.4	0.7302	5.7	3.3
476	1984	37	1641.6	1.2	6.7	0.6968	7.1	13.4
476	1984	38	3628.8	0	5.3	0.6061	8.1	2.1
476	1984	39	1728	1.1	3.8	0.6558	5.4	4.6
476	1984	40	1728	-0.9	3.1	0.5822	4.8	0.2
476	1984	41	1814.4	-3.3	4.5	0.619	3.4	0.9
476	1984	42	1814.4	0.9	5.4	0.7199	3.6	0.1
476	1984	43	7084.8	-3.6	2.4	0.4737	2.8	0
476	1984	44	3456	-5.5	-1	0.4665	2.1	0
476	1984	45	1900.8	-2.4	1.7	0.5182	2	0
476	1984	46	6307.2	-2.3	1.6	0.4765	2.6	0
476	1984	47	7862.4	-5.4	-0.4	0.3998	3.4	0
476	1984	48	7948.8	-7.3	0.7	0.3689	2.5	0
476	1984	49	7948.8	-8.6	-3.1	0.324	4.6	0
476	1984	50	8553.6	-6.8	0	0.3329	6.3	0
476	1984	51	7516.8	-6.6	0.4	0.3891	4.8	0
476	1984	52	6220.8	-5	6.3	0.506	4	0
476	1984	53	2246.4	-1.1	2.6	0.6193	3.3	2.3
476	1984	54	2246.4	-0.3	0.5	0.6093	2.9	0.4
476	1984	55	2764.8	-1.2	1.4	0.5724	3.1	0.1
476	1984	56	2332.8	-0.1	0.8	0.564	5.1	0.6
476	1984	57	2419.2	0.4	2	0.653	4.7	0
476	1984	58	2419.2	1	3.2	0.6539	4.2	0
476	1984	59	8726.4	-1	6.9	0.5889	1.4	0
476	1984	60	9590.4	-4.4	7.1	0.5591	0.9	0
476	1984	61	8640	-4.4	5.3	0.5366	1.8	0.7
476	1984	62	2764.8	1.6	4.1	0.6673	4.9	4.7
476	1984	63	10540.8	-1.2	6.2	0.6143	2.3	0
476	1984	64	2851.2	-3.4	2.9	0.522	1.5	0
476	1984	65	2851.2	0.8	5.3	0.692	3.5	0
476	1984	66	3628.8	1.9	6.8	0.7667	4	0
476	1984	67	8985.6	0.9	7.3	0.6551	6	0
476	1984	68	11232	-2.1	5.4	0.5093	4.3	0
476	1984	69	9417.6	-4.2	4.3	0.4354	1.8	0
476	1984	70	8726.4	-3.6	5	0.4307	3.4	0
476	1984	71	8640	-1.7	7.7	0.485	3.7	0
476	1984	72	3196.8	-4.6	1.1	0.4892	2.4	0
476	1984	73	5443.2	-1.7	6.6	0.5465	3.3	0
476	1984	74	12096	-2.2	8.5	0.5744	3.9	0
476	1984	75	13564.8	-4.5	8.5	0.5293	3.5	0
476	1984	76	3888	-3	3.6	0.5245	5.2	0
476	1984	77	12096	-1.1	5.3	0.4691	5.3	0
476	1984	78	13392	-2.7	5	0.4117	5.4	0
476	1984	79	15552	-4.7	4.2	0.294	5.7	0
476	1984	80	15033.6	-6.7	4.5	0.3214	4.2	0
476	1984	81	15033.6	-5.4	6.9	0.3548	3.9	0
476	1984	82	15120	-4.7	7.4	0.3705	4.9	0
476	1984	83	7603.2	-3.2	7.3	0.4179	4.1	0
476	1984	84	11577.6	-1.8	10.8	0.4463	5.5	2
476	1984	85	5443.2	2.9	8.6	0.836	2.2	0
476	1984	86	8985.6	-1.5	13.3	0.6777	3.1	0.1
476	1984	87	10972.8	5.1	9.9	0.7979	4.5	5.9
476	1984	88	11577.6	6.1	14.6	0.8792	6.1	0.3
476	1984	89	6307.2	5	12.2	0.871	5.3	0
476	1984	90	8985.6	1.6	8.1	0.6645	3.2	0
476	1984	91	6566.4	-3.4	5	0.6021	1.9	2.2
476	1984	92	4233.6	-2.4	5.2	0.5476	3.4	0
476	1984	93	4233.6	-0.3	3.8	0.5684	5.9	4.4
476	1984	94	4320	-0.7	2	0.6213	3.7	1.5
476	1984	95	4406.4	0.9	2.6	0.6655	1.2	4.5
476	1984	96	6307.2	0.5	6.8	0.6347	2.2	0
476	1984	97	6393.6	-2.4	9	0.6269	2.4	0.4
476	1984	98	5443.2	0.6	8.5	0.6761	2.2	0
476	1984	99	11404.8	-1.6	9.4	0.6621	2.3	0
476	1984	100	5529.6	3	7.6	0.6679	2	0
476	1984	101	12009.6	2.3	10.4	0.7469	3	0.3
476	1984	102	9331.2	3.7	12.9	0.7988	1.6	0.9
476	1984	103	8035.2	5.1	10.6	0.8172	2.8	0.7
476	1984	104	19267.2	-1.7	13.7	0.5796	1.1	0
476	1984	105	19440	0.6	18	0.6205	2.8	0
476	1984	106	19353.6	7.6	23.3	0.7713	4.6	2
476	1984	107	11491.2	3.1	16.6	0.9718	3.8	0.2
476	1984	108	19267.2	0.3	11.4	0.6106	2.6	0
476	1984	109	18921.6	-2.4	14	0.5347	1.1	0
476	1984	110	21254.4	-0.5	16.3	0.5005	1.7	0
476	1984	111	12787.2	4.8	17.8	0.5753	1.7	0
476	1984	112	22291.2	2.6	21	0.7052	0.7	0
476	1984	113	21340.8	5.8	22.7	0.925	2.5	0
476	1984	114	22550.4	1.7	18.6	0.8056	2.8	0
476	1984	115	23068.8	1.2	19.2	0.5969	2.7	0
476	1984	116	23414.4	1.8	20.2	0.6426	1.7	0
476	1984	117	21686.4	3	18.4	0.6814	4.5	0
476	1984	118	24364.8	-2.5	14.4	0.3912	2.7	0
476	1984	119	20304	0.2	10.4	0.5432	4.3	0
476	1984	120	21168	-0.7	14.3	0.642	2.9	0
476	1984	121	18835.2	3.5	17	0.8983	4	10.4
476	1984	122	6998.4	6.9	9.3	0.9499	4	7.4
476	1984	123	20995.2	7.6	17	1.0289	2.6	0.5
476	1984	124	9244.8	10	15.8	1.1742	2	0
476	1984	125	20044.8	8.3	19.3	1.1348	1.4	0
476	1984	126	13651.2	9.7	19.8	1.2234	2.3	0
476	1984	127	5788.8	8.4	16.7	1.2057	3.1	4.1
476	1984	128	23155.2	4.4	12.2	0.7769	5	0.5
476	1984	129	13996.8	3	10.4	0.8436	3.6	3.7
476	1984	130	15984	0.7	9.4	0.6213	2.1	0.3
476	1984	131	12268.8	3.9	10	0.8483	2.6	2.2
476	1984	132	12700.8	2.4	12	0.8629	4.5	2.4
476	1984	133	18489.6	1.8	12.5	0.6677	6.2	0
476	1984	134	13305.6	6	16.3	0.8345	4.5	0
476	1984	135	21081.6	4.9	19.2	0.8435	3.6	0
476	1984	136	12873.6	9.8	16.2	1.167	2	0.1
476	1984	137	18662.4	5	21.9	1.0631	2.1	1.4
476	1984	138	7084.8	10.6	15.8	1.4097	3.2	1
476	1984	139	19526.4	5.5	20.7	1.009	1.6	0
476	1984	140	25142.4	6.8	22.6	1.1694	2.2	1.5
476	1984	141	19094.4	9.9	21.4	1.1719	3	0
476	1984	142	6220.8	10.7	20.3	1.3718	2.9	6.2
476	1984	143	10540.8	8.7	16.2	1.0824	3.7	8.3
476	1984	144	6307.2	9.3	12.9	1.2674	3.8	12.1
476	1984	145	13996.8	9.4	17.5	1.325	2.1	9.1
476	1984	146	8985.6	7.8	14.9	1.2215	4	0.3
476	1984	147	15724.8	9.6	17.8	1.1901	2.3	0
476	1984	148	13392	8.4	18.6	1.422	2	5
476	1984	149	11404.8	10.7	18	1.4863	2.2	48.7
476	1984	150	6393.6	9.5	13.3	1.1986	2.6	31.5
476	1984	151	16848	10.5	16.1	1.2206	2.8	0.4
476	1984	152	20131.2	6.9	19.3	1.1746	2.1	4.1
476	1984	153	15552	10.6	20.7	1.3495	1.3	0
476	1984	154	17020.8	13.2	21.6	1.3891	2.3	0
476	1984	155	22809.6	13.8	26.3	1.4751	5.9	0
476	1984	156	22636.8	12.7	20.6	1.5896	3.4	10.1
476	1984	157	10454.4	10.8	16.2	1.2984	2.7	0
476	1984	158	6566.4	9.4	14.6	1.191	3.1	1
476	1984	159	6566.4	10.8	14.6	1.203	3.7	4.2
476	1984	160	16416	10.5	20.2	1.4457	5.3	1.4
476	1984	161	11145.6	10.7	15.9	1.2206	5.7	0.2
476	1984	162	11577.6	9.2	15.5	1.1614	5	0
476	1984	163	21081.6	7	17.2	0.8745	2	0
476	1984	164	21686.4	6	20.7	0.9337	1.2	0
476	1984	165	12355.2	13	19.9	1.364	4.2	1.7
476	1984	166	13478.4	12.4	18.7	1.4467	5.2	4.6
476	1984	167	9331.2	9.6	14.7	1.1462	5.3	0
476	1984	168	6652.8	9.9	13.5	1.1951	3.6	0.9
476	1984	169	6652.8	11.4	15	1.349	2.2	0
476	1984	170	6652.8	11.1	15.7	1.3053	1.1	0
476	1984	171	27216	6.7	24.4	1.2526	0.9	0
476	1984	172	26265.6	11	26.7	1.4996	0.9	0
476	1984	173	20563.2	15.4	25.3	1.7173	3.2	3.6
476	1984	174	11577.6	10.1	16.8	1.1401	3.4	14.6
476	1984	175	21254.4	9.5	15.2	1.0897	8.4	1
476	1984	176	21340.8	7.6	14.3	0.8889	7.3	0.1
476	1984	177	10972.8	7.6	15.3	1.1485	6.1	6.2
476	1984	178	8467.2	9.9	14.1	1.1349	5.9	0.1
476	1984	179	16761.6	12.4	20.1	1.4759	4.8	0
476	1984	180	20476.8	9.3	16.3	1.0927	4	0
476	1984	181	16156.8	7.5	15.7	1.0781	4	6.5
476	1984	182	17280	7.6	15.6	1.0917	4.8	4.2
476	1984	183	15465.6	9.2	16.4	1.137	2.7	0
476	1984	184	12096	8.3	17.6	1.1483	2.3	7.8
476	1984	185	8035.2	9.5	13.2	1.2081	4.7	3
476	1984	186	8380.8	9.5	15.4	1.1546	4.1	0
476	1984	187	10886.4	10	15.2	1.1951	5.6	0
476	1984	188	6480	10.3	14.2	1.1822	3.4	0
476	1984	189	23328	10.7	22	1.1697	1.6	0
476	1984	190	26956.8	10.2	25.6	1.2492	2.8	0
476	1984	191	27907.2	10.8	30.7	1.3201	2.8	0
476	1984	192	26438.4	19.1	29.6	1.8244	2.8	0
476	1984	193	21168	17.2	28.7	2.3481	3	14.3
476	1984	194	23500.8	17.2	24.2	1.6572	3.9	1.3
476	1984	195	15638.4	14	20.1	1.6498	3.2	12
476	1984	196	8467.2	13.1	19	1.694	3.5	4.2
476	1984	197	8985.6	13.1	17.3	1.5871	2	7.8
476	1984	198	10540.8	11.4	16.7	1.3616	5.4	1.8
476	1984	199	8121.6	11.8	15.7	1.3039	6.1	0.4
476	1984	200	6220.8	11.9	15.1	1.4684	3.3	9.2
476	1984	201	8294.4	11.1	16.4	1.4296	3.5	0.8
476	1984	202	8294.4	11.8	16.6	1.4557	3.5	0.7
476	1984	203	16934.4	11.4	18.6	1.3625	4.2	0.4
476	1984	204	12441.6	9.9	17.3	1.1668	3.1	0
476	1984	205	17625.6	9.8	19.1	1.1178	2.6	0
476	1984	206	16243.2	9.7	18.1	1.1739	1.9	0
476	1984	207	12096	7.7	16.3	1.1489	2.5	0
476	1984	208	9331.2	12.6	17.2	1.4892	4.4	0
476	1984	209	11836.8	11.3	17.6	1.4137	5.2	0
476	1984	210	6652.8	12.4	18.3	1.5154	3.2	0.9
476	1984	211	20476.8	15.8	24.4	2.0198	3.1	0
476	1984	212	22982.4	12.6	28.3	1.5119	3.3	0
476	1984	213	24192	18.3	31.9	2.0032	3.7	4.3
476	1984	214	5875.2	15.8	24.1	2.2572	2.8	11.4
476	1984	215	18403.2	12.1	23.3	1.638	1.6	1.2
476	1984	216	22723.2	14.5	26.8	1.7736	2.3	12
476	1984	217	12268.8	16.2	24.3	1.9912	1.9	2.1
476	1984	218	15552	16	22.3	1.7715	2.9	0
476	1984	219	17712	13.1	20	1.4479	3.3	0.4
476	1984	220	21168	8.5	22.7	1.239	1.8	0
476	1984	221	21686.4	9.9	22.6	1.4021	2.5	0
476	1984	222	6912	12	20.8	1.546	2	0
476	1984	223	7689.6	13.1	19.8	1.5696	3.2	0.7
476	1984	224	5443.2	14.7	18.8	1.7521	2.3	0.6
476	1984	225	20476.8	14.6	24.1	1.7264	2.1	0
476	1984	226	16675.2	12.3	25	1.5239	0.8	0
476	1984	227	21859.2	12.2	23.9	1.5711	2.2	0
476	1984	228	16329.6	12.3	21.8	1.4751	1.7	1.1
476	1984	229	15984	13.8	22	1.4949	1.7	0.1
476	1984	230	22291.2	8.3	21.4	1.2482	2.2	0
476	1984	231	9849.6	7.6	19.2	1.3053	1	3.6
476	1984	232	18489.6	14.5	25.2	1.7807	1.1	0
476	1984	233	18576	12	24.5	1.7374	1.4	0
476	1984	234	19267.2	12.3	26.2	1.7157	0.8	0
476	1984	235	20649.6	12.7	27.5	1.5266	2.2	0
476	1984	236	21513.6	12	28.7	1.4072	2.5	0
476	1984	237	20304	11.5	27.1	1.4528	2.1	0
476	1984	238	11923.2	12.5	26.3	1.7992	1.5	0.1
476	1984	239	12873.6	14.7	21.7	1.6694	1.7	0
476	1984	240	15292.8	9	24.1	1.2035	1.5	0
476	1984	241	16329.6	9.8	23.1	1.3827	1.4	0
476	1984	242	17193.6	9.3	24.1	1.3669	3.5	0
476	1984	243	12355.2	14.8	22.9	1.6083	3.6	0
476	1984	244	11664	17.4	22.6	1.7506	4.7	1.9
476	1984	245	11318.4	15.4	21.6	1.7861	4.9	4.7
476	1984	246	16243.2	14.2	24	1.788	2	0.3
476	1984	247	7776	16.1	23.1	1.6623	5	0.4
476	1984	248	5875.2	14.8	20.5	1.5925	5.8	1.8
476	1984	249	14947.2	8.3	16.6	1.0535	3.1	0.1
476	1984	250	4752	8	15.1	1.1834	3.9	22.3
476	1984	251	10022.4	10.9	15.1	1.1969	3.9	0
476	1984	252	3974.4	9.1	11.9	1.1291	2.4	0.4
476	1984	253	3974.4	10.9	13.5	1.3487	4.1	16.4
476	1984	254	8899.2	10.2	15	1.2826	7.6	7.7
476	1984	255	6480	10.6	15	1.2552	5.6	3.9
476	1984	256	14256	9.5	16.3	1.1445	6	0
476	1984	257	14342.4	6.4	17.2	1.1062	2.6	0
476	1984	258	9590.4	11.2	22.8	1.5479	2.3	15.9
476	1984	259	3715.2	13.5	16.2	1.5687	4.3	0.1
476	1984	260	11318.4	10.3	16.9	1.2446	4.1	0
476	1984	261	12700.8	6.3	17.5	1.1275	2.1	0
476	1984	262	10800	8.6	18	1.1748	3	0
476	1984	263	3456	10.5	15.5	1.2119	3.7	0.2
476	1984	264	9244.8	10.1	17.8	1.2414	3.6	2
476	1984	265	6652.8	11	16.7	1.2175	3.8	0
476	1984	266	11836.8	8.5	16.6	1.1186	3.7	4.6
476	1984	267	7430.4	8	14.1	1.1975	1.5	4.7
476	1984	268	7862.4	8.7	12.9	1.1519	1.8	0.9
476	1984	269	8899.2	8.4	14.4	1.1447	3.7	1.3
476	1984	270	4060.8	9.2	12.8	1.2328	4.6	1.7
476	1984	271	9244.8	9.8	16.4	1.2047	4.1	0
476	1984	272	11059.2	4.8	17.3	1.0922	2	0
476	1984	273	12009.6	6.6	18.6	1.166	2.7	0.2
476	1984	274	6652.8	11.4	19.4	1.5028	3	3.5
476	1984	275	2937.6	13.3	17.7	1.5124	3.3	1.9
476	1984	276	2851.2	10.8	16.5	1.3735	3.3	0.4
476	1984	277	5702.4	7.4	14.7	1.1053	2.4	0.7
476	1984	278	11145.6	7.8	15.8	1.1477	2	0
476	1984	279	2764.8	8.2	10.7	1.1589	3.1	12.2
476	1984	280	4060.8	8.3	12.6	1.1506	4.5	4.3
476	1984	281	8640	8	13.8	1.0944	5	5.3
476	1984	282	8467.2	7.4	14.7	1.158	4	3.8
476	1984	283	2592	11.8	15.6	1.4876	3.7	5
476	1984	284	7862.4	6.3	15.7	1.1804	1.1	0.9
476	1984	285	5702.4	11.2	16	1.3846	2.7	3.5
476	1984	286	5529.6	7.4	13.6	1.1291	2.4	4
476	1984	287	6998.4	4.5	14.7	1.0631	2	0
476	1984	288	2332.8	10.5	13.9	1.2777	4.7	0.3
476	1984	289	9590.4	7.5	15.2	1.1275	4	0
476	1984	290	8553.6	4.6	14.1	1.0102	0.7	0
476	1984	291	9763.2	6.3	18.1	1.008	3.1	0
476	1984	292	6652.8	11.8	16.4	1.2535	4.9	1.9
476	1984	293	7862.4	9.9	17.1	1.2211	6.2	1.1
476	1984	294	7776	8.1	16	1.1246	8.2	2.2
476	1984	295	4665.6	8.1	11.3	0.8899	6.4	3.5
476	1984	296	2073.6	6.4	12	0.9651	5.9	7.2
476	1984	297	2419.2	10.6	15	1.3438	5.6	3.1
476	1984	298	3715.2	8.7	12.4	1.0565	2.9	0
476	1984	299	5097.6	8.6	16.7	1.2283	4.4	15.7
476	1984	300	4492.8	8	13.9	1.1372	2.8	0.2
476	1984	301	8121.6	3.9	11.7	0.899	2	0
476	1984	302	6825.6	0.5	12	0.7799	2.7	0
476	1984	303	1814.4	8.8	13.3	1.0922	2.8	0.6
476	1984	304	4406.4	10.5	17.3	1.3008	1.7	0
476	1984	305	7776	5.7	15.4	0.9928	1.5	0
476	1984	306	7430.4	4.8	15.9	1.0425	1.8	0
476	1984	307	7430.4	4.7	14.9	0.9927	2.5	0
476	1984	308	4838.4	0.4	11.6	0.8226	2	0
476	1984	309	7257.6	3.7	10.7	0.8629	2.9	0
476	1984	310	3456	1.8	9.7	0.7993	2.1	0
476	1984	311	3542.4	3.7	10.7	0.8325	2.6	0
476	1984	312	3715.2	1.5	12.3	0.8255	1.1	0
476	1984	313	4492.8	3.8	12.9	0.9442	2.5	0
476	1984	314	1468.8	5.4	7.4	0.9129	5.1	0
476	1984	315	1382.4	6.2	9.6	0.969	4.6	0
476	1984	316	1382.4	6.9	9.1	0.9649	4.6	0
476	1984	317	5356.8	1.5	8.3	0.6842	4.3	0
476	1984	318	5356.8	0.9	7.6	0.5793	3.5	0
476	1984	319	5702.4	-1.7	4.7	0.4834	4.5	0
476	1984	320	3456	-1.6	2	0.4402	5.4	1.5
476	1984	321	1296	-1.6	1.6	0.5255	7.1	0
476	1984	322	1296	-1.7	0.2	0.5322	5.9	1.9
476	1984	323	1209.6	0	2	0.6306	3.9	0
476	1984	324	1209.6	0.9	4.4	0.6948	2.6	0
476	1984	325	1814.4	1.6	6.8	0.7422	2.1	1.3
476	1984	326	1209.6	4.1	7.7	0.8633	4.1	6.6
476	1984	327	1123.2	5.4	11.8	1.0385	5.5	18.7
476	1984	328	3110.4	8.4	14.4	1.0774	7.7	14.8
476	1984	329	3283.2	8.1	13.7	1.1205	9	8.1
476	1984	330	3369.6	6.9	11.2	0.967	4.8	0.6
476	1984	331	3542.4	5.4	8.8	0.8873	3.3	0.7
476	1984	332	3715.2	3.7	8.1	0.7891	3.4	0
476	1984	333	1036.8	3.7	8.9	0.5821	4.9	0
476	1984	334	3456	5.3	9.2	0.8455	3	0
476	1984	335	4233.6	1.2	8.5	0.7163	2.8	0
476	1984	336	1987.2	-1.1	1.2	0.5887	3.4	0
476	1984	337	2851.2	-3.1	5.1	0.6306	1.2	0
476	1984	338	1036.8	2.6	5.8	0.7422	1.9	0
476	1984	339	950.4	2.4	4.8	0.6878	2.2	0
476	1984	340	950.4	0	6	0.6441	2.6	0
476	1984	341	1555.2	3	7.2	0.7465	3.9	0
476	1984	342	3456	1.7	7.1	0.7359	2.4	0
476	1984	343	2505.6	-1.3	4.2	0.631	1.7	0
476	1984	344	2505.6	4	7.2	0.8092	4.8	2.4
476	1984	345	950.4	4.9	8.2	0.9224	6	0.5
476	1984	346	950.4	7.2	8	1.012	4.5	2.1
476	1984	347	950.4	3.1	7.2	0.8107	2.1	0
476	1984	348	950.4	-0.9	3.3	0.6131	5.4	0
476	1984	349	950.4	-1.7	-0.4	0.5093	4.5	3
476	1984	350	950.4	-1.3	0.2	0.5811	3.2	0
476	1984	351	950.4	-3.4	-1.2	0.4748	4.4	0
476	1984	352	950.4	-3.4	1	0.5206	2.9	6
476	1984	353	950.4	1	4.9	0.7098	2.8	1.2
476	1984	354	2160	0.8	4.1	0.5975	5.5	0.4
476	1984	355	950.4	3.7	7.4	0.8064	6	7.1
476	1984	356	2073.6	3.3	8.1	0.7782	7.5	4.4
476	1984	357	1641.6	2.6	5.5	0.7018	3.4	0.5
476	1984	358	950.4	1.6	5.1	0.5748	3.7	0.1
476	1984	359	1209.6	2.4	6.7	0.4902	6.1	0
476	1984	360	950.4	-0.1	3.2	0.5672	2.4	0
476	1984	361	2678.4	-1.2	3.3	0.5801	2.7	0.8
476	1984	362	950.4	-1.5	2.3	0.585	2.3	0
476	1984	363	950.4	-2.7	-0.2	0.4506	1.2	0
476	1984	364	1382.4	-0.9	1.3	0.5579	1.8	0
476	1984	365	1382.4	-4	-0.3	0.4854	1.1	0
476	1984	366	950.4	-5	-0.6	0.4277	3.3	4.6
