*---------------------------------------------------------------------------*
* Station name: MAGDEBURG                               
* Year: 1992
* Author: Pedro Alencar                                   -999.000: NIL VALUE
* Source: ECAD 
* Comments: 
* Longitude: 52.1031, latitude: 52.1031, altitude: 76 m.
*
* Column  Daily value
* 1       station number
* 2       year
* 3       day
* 4       irradiation                   (kJ m-2 d-1)
* 5       minimum temperature           (degrees Celsius)
* 6       maximum temperature           (degrees Celsius)
* 7       early morning vapour pressure (kPa)
* 8       mean wind speed (height: 2 m) (m s-1)
* 9       precipitation                 (mm d-1)
*
** WCCDESCRIPTION=GERMANY, MAGDEBURG                               
** WCCFORMAT=2
** WCCYEARNR=1992
*---------------------------------------------------------------------------*
   52.1031  11.5842    76.  -0.18 -0.55
477	1992	1	1036.8	-0.1	5.6	0.5732	5.3	0
477	1992	2	1036.8	5	7.5	0.6943	6.3	0
477	1992	3	4147.2	1.9	7.6	0.5999	5.3	0
477	1992	4	1036.8	4.1	7.9	0.6917	6.1	0.7
477	1992	5	1036.8	2.8	5.9	0.7167	3	14.3
477	1992	6	1036.8	3.2	9.7	0.8582	4.5	1.4
477	1992	7	3283.2	0.8	10	0.7263	3.3	0
477	1992	8	1468.8	-0.4	9.4	0.64	4.3	0.6
477	1992	9	1123.2	3.4	12.1	0.8749	4.6	0.9
477	1992	10	4406.4	-1.2	4.2	0.5583	2.9	0
477	1992	11	1123.2	-5.8	-1.2	0.4579	1.6	0
477	1992	12	1123.2	-3.9	3	0.5322	4.6	0
477	1992	13	2851.2	-1	4.2	0.5898	2.4	0.1
477	1992	14	1123.2	2.3	6.3	0.7557	6.2	0.2
477	1992	15	1209.6	5.5	6.5	0.7478	5.8	0
477	1992	16	1209.6	3.7	5.7	0.6832	6.1	1.2
477	1992	17	4492.8	2	5.4	0.5971	5.9	0
477	1992	18	1209.6	3	6.2	0.7293	6.2	0.1
477	1992	19	1209.6	4.2	6.4	0.8014	5.8	4.5
477	1992	20	1296	-6	4.4	0.4438	4.5	0
477	1992	21	4233.6	-9.5	-2.7	0.3024	2.1	0
477	1992	22	5097.6	-9.7	-3.6	0.3085	2.6	0
477	1992	23	4752	-8.6	1.7	0.3885	1.9	0
477	1992	24	1382.4	-7.8	-3.5	0.3852	0.7	0
477	1992	25	1382.4	-6.5	-3.4	0.4105	0.2	0
477	1992	26	2246.4	-5.7	1.7	0.4961	2.3	0
477	1992	27	1468.8	0.3	2.1	0.6197	1.8	0
477	1992	28	1468.8	-0.7	0.6	0.5418	1.3	0
477	1992	29	1468.8	-0.3	2.3	0.6306	2.8	0
477	1992	30	1468.8	0.8	2.8	0.647	1.7	0
477	1992	31	1555.2	-0.6	1.6	0.6145	2.4	0
477	1992	32	1555.2	-0.9	0.5	0.56	1.5	0
477	1992	33	1555.2	-1.2	0.4	0.546	2.9	0
477	1992	34	4406.4	-2.8	6.6	0.5465	7.4	0.2
477	1992	35	3801.6	1	4.8	0.632	6	1.6
477	1992	36	1728	0.8	5.8	0.6889	5.5	2.4
477	1992	37	1728	5.6	8.5	0.8742	5.7	0.6
477	1992	38	2160	6.3	8.9	0.8138	4.1	0
477	1992	39	5702.4	0.9	8.5	0.6661	2.5	0
477	1992	40	7344	-1.5	11.6	0.7001	2.2	0
477	1992	41	4147.2	1.5	8.2	0.6645	4.8	0.9
477	1992	42	1900.8	2.4	8.5	0.7378	3.5	0.3
477	1992	43	1900.8	5	10.2	0.8868	2.3	0.2
477	1992	44	1987.2	6.5	10.8	0.9972	3.3	1.9
477	1992	45	5443.2	3.6	7.9	0.689	5	0.8
477	1992	46	2678.4	4.8	11	0.7774	6.3	1.6
477	1992	47	2937.6	-0.5	5.2	0.521	6.9	0.1
477	1992	48	4060.8	-3.9	1.1	0.4633	3.6	0.3
477	1992	49	4752	-6.5	0.1	0.4007	3.4	0.2
477	1992	50	3628.8	-1.2	2	0.5158	4.8	0.4
477	1992	51	2937.6	-3.2	2.7	0.546	3	0.3
477	1992	52	2246.4	0.7	4.3	0.6655	4	0.4
477	1992	53	4060.8	0.2	7	0.6325	3.6	2.6
477	1992	54	4752	3.6	9.7	0.7528	7	0
477	1992	55	8467.2	0.1	10.5	0.7035	2.4	0
477	1992	56	4060.8	-0.1	9.2	0.7183	1.2	0
477	1992	57	3196.8	-0.4	9.2	0.6774	1.7	0
477	1992	58	8812.8	1.2	11.6	0.8168	1.3	0
477	1992	59	9676.8	-1	14.2	0.7404	2.3	0
477	1992	60	10022.4	3.9	16.4	0.8428	2.8	0
477	1992	61	11318.4	1.9	17.7	0.7143	2.8	0
477	1992	62	5443.2	4	10.7	0.6257	5.8	0.4
477	1992	63	2851.2	3.8	8.9	0.6608	7.5	0
477	1992	64	11145.6	4	13.2	0.871	3.7	0
477	1992	65	10972.8	0.2	15.6	0.7135	2.3	0
477	1992	66	3024	4.1	10	0.8641	3.2	4.8
477	1992	67	9936	1.1	11.2	0.7556	2.1	0.1
477	1992	68	11664	2	11.2	0.7307	3.2	0
477	1992	69	12182.4	0.3	13.9	0.7159	2	0.1
477	1992	70	10368	-0.2	16.1	0.6625	3.2	0.8
477	1992	71	10368	1.1	9.7	0.6187	7.1	2.1
477	1992	72	3283.2	0.7	8.8	0.6428	7.1	13.5
477	1992	73	3369.6	0.5	8.4	0.7385	6.4	15.6
477	1992	74	8899.2	0.3	5.6	0.5512	6.6	0.9
477	1992	75	11145.6	0	5.2	0.5229	7.4	0.1
477	1992	76	6307.2	1.8	6.8	0.6644	4.9	0.1
477	1992	77	3542.4	1.2	7.9	0.693	1.9	0
477	1992	78	10972.8	3.8	13.3	0.8903	2.6	0
477	1992	79	7084.8	2.5	10.3	0.8456	2.8	1.4
477	1992	80	4233.6	5.2	12.8	0.8949	3.2	1.5
477	1992	81	4233.6	4.6	13.9	0.8984	5.5	9
477	1992	82	5356.8	3.1	7.8	0.7378	6.3	3.3
477	1992	83	11145.6	2.8	9.3	0.6285	3.6	0
477	1992	84	8121.6	0.4	8.1	0.6289	4.1	4.6
477	1992	85	3974.4	2	4.9	0.7197	4.2	6.8
477	1992	86	14169.6	1.4	9.1	0.6212	4	0
477	1992	87	6134.4	0.9	9.1	0.6715	3	2.3
477	1992	88	6739.2	0.7	6.2	0.6102	6	2.4
477	1992	89	10627.2	0	6.1	0.5855	4.2	0
477	1992	90	4752	-1.3	6.3	0.6216	2.5	0.7
477	1992	91	15465.6	0.6	14.3	0.6713	4.5	0
477	1992	92	7430.4	3.1	11.8	0.8262	3.6	7.2
477	1992	93	15811.2	2.3	13.4	0.7004	3.8	0.2
477	1992	94	9417.6	3.5	10.7	0.8772	2.1	3.5
477	1992	95	7948.8	3.2	9.7	0.675	2.6	0
477	1992	96	10281.6	0.4	9.5	0.6518	2.6	0
477	1992	97	8294.4	0.1	11.1	0.7001	1.8	0.2
477	1992	98	14860.8	2.4	14.7	0.7011	1.5	0
477	1992	99	14428.8	1.2	14	0.6886	2	0
477	1992	100	18230.4	0.5	15.3	0.7241	2	0
477	1992	101	16934.4	3.8	16.1	0.7949	1.3	0
477	1992	102	14428.8	4.6	17.4	0.8787	1.9	0
477	1992	103	16156.8	4.6	18.5	0.8025	2.9	0
477	1992	104	14774.4	5.9	12.8	0.7048	5.7	0.2
477	1992	105	4924.8	3.4	10.2	0.7704	5.5	5
477	1992	106	9763.2	6.3	11.9	0.7392	5.9	1.8
477	1992	107	5011.2	1.3	7.6	0.6882	5.7	2.6
477	1992	108	11059.2	0.4	8.4	0.6272	4	0.2
477	1992	109	7948.8	3.1	11.1	0.8671	4.1	0.2
477	1992	110	18835.2	5	12.7	0.7269	7.5	0
477	1992	111	18403.2	2.2	12	0.615	5.1	0
477	1992	112	15638.4	-2	13.3	0.4744	2	0
477	1992	113	10627.2	2.1	15.8	0.686	2.5	0
477	1992	114	7603.2	4.3	15.4	0.8867	2.8	0
477	1992	115	12009.6	7.7	17.5	0.9474	2.6	0
477	1992	116	16934.4	9.4	23.3	1.2068	3.2	1.7
477	1992	117	14169.6	11	20.7	1.2589	2.6	1.9
477	1992	118	14774.4	10	16.2	0.9487	4.8	0
477	1992	119	6220.8	6.1	16.1	0.9242	3	1.5
477	1992	120	12268.8	5.8	13.6	0.926	3.8	0
477	1992	121	16848	1.9	15.9	0.8433	1.6	0
477	1992	122	13651.2	4.1	17.3	0.8614	4.7	1.1
477	1992	123	5702.4	4.8	12.4	0.938	1.3	2.5
477	1992	124	19699.2	5.8	14.3	0.9479	2.9	0
477	1992	125	24710.4	1.5	15.9	0.6071	1.7	0
477	1992	126	25056	1.3	18.6	0.7215	1	0
477	1992	127	22032	4.9	18.9	0.8491	2.7	0.1
477	1992	128	8208	12.1	18.3	1.3974	4.1	0.9
477	1992	129	7862.4	6.8	17.4	1.1001	4.8	3.3
477	1992	130	11577.6	4.4	11.9	0.8448	4.7	8.5
477	1992	131	20822.4	5.6	14.3	0.8071	5.4	5.6
477	1992	132	11664	6.9	12.4	1.0667	2.8	2.1
477	1992	133	15552	3.6	15.6	0.8242	3.6	0
477	1992	134	18576	10.3	20.6	1.2972	2.6	0
477	1992	135	25315.2	7.8	25.6	1.253	2.4	0
477	1992	136	26265.6	11.9	27.2	1.3393	2.3	0
477	1992	137	24537.6	10	22.3	1.1183	2.8	0
477	1992	138	22636.8	7.2	20.8	0.9899	2.7	0
477	1992	139	26870.4	5.9	21.5	0.736	2.1	0
477	1992	140	26697.6	9	23.6	0.9439	2.3	0
477	1992	141	26784	7.9	25.5	1.0062	2.4	0
477	1992	142	26956.8	10	26.9	0.9963	2.6	0
477	1992	143	26092.8	10.6	27.7	1.085	2.4	0
477	1992	144	26524.8	10.7	28	1.0313	3.5	0
477	1992	145	26870.4	14.6	27.6	1.049	3.6	0
477	1992	146	27648	12.4	26.6	0.9052	2.6	0
477	1992	147	26006.4	11.7	24.5	0.7673	4.6	0
477	1992	148	26179.2	11.4	25.3	1.0111	3.6	0
477	1992	149	27129.6	11.5	23.6	0.9415	3	0
477	1992	150	24192	7.6	23.9	0.9471	3	0
477	1992	151	26870.4	9.6	26.1	1.0615	2.2	0
477	1992	152	26438.4	9.9	26.4	0.9361	2.6	0
477	1992	153	19353.6	14.3	26.7	1.0592	3	0
477	1992	154	24883.2	16.9	29.5	1.277	4.3	0
477	1992	155	17107.2	16.5	26.4	1.9394	2.3	25.3
477	1992	156	19612.8	16.1	27.8	1.9468	3	1.4
477	1992	157	25833.6	12.1	28.7	1.292	2.9	0
477	1992	158	18748.8	17.5	24.8	1.5533	2.8	0
477	1992	159	24019.2	14.8	25.2	1.3772	2.9	0
477	1992	160	17798.4	15.1	24.2	1.3705	3.5	0.2
477	1992	161	20995.2	14.9	26.8	1.3036	3	0
477	1992	162	25747.2	11.8	22.4	1.0125	3.8	1.8
477	1992	163	8899.2	10.2	16.6	1.336	2.1	9.9
477	1992	164	8294.4	10	17.8	1.396	2.1	0
477	1992	165	27475.2	11.8	24.3	1.385	2.8	0
477	1992	166	16329.6	10.9	24.8	1.3882	2.3	0
477	1992	167	22982.4	17.6	27.2	1.8115	2.3	0
477	1992	168	14083.2	16.3	26.9	1.7254	2.2	0
477	1992	169	27302.4	8.9	25.5	1.1561	2.7	0
477	1992	170	20390.4	10.4	21.6	1.1621	3	12.1
477	1992	171	15724.8	10.3	25	1.391	3.4	0
477	1992	172	22896	13.7	27.3	1.2037	3.5	0
477	1992	173	20908.8	12.3	25.6	1.2465	2.4	0
477	1992	174	18403.2	13.1	21.7	1.4883	2.2	0
477	1992	175	24969.6	9.1	24.6	1.0349	2.8	0
477	1992	176	26524.8	10	25	1.0384	2.5	0
477	1992	177	26092.8	10.2	26	1.0161	2	0
477	1992	178	26524.8	15.2	27.2	0.9047	3.1	0
477	1992	179	28857.6	8.6	27.7	1.0401	1.6	0
477	1992	180	27216	10.3	30.4	1.0733	1.1	0
477	1992	181	28166.4	12.1	30.2	1.1274	2.4	0
477	1992	182	28684.8	13.2	31.7	1.139	2.5	0
477	1992	183	21600	14.4	31.3	1.4448	2.2	0
477	1992	184	21513.6	15	26.2	1.526	2.5	0
477	1992	185	15292.8	10.5	24.5	1.2581	1.3	0
477	1992	186	9676.8	14.5	24.4	1.8048	2.1	0.4
477	1992	187	6739.2	14	18.4	1.5632	2.9	15.5
477	1992	188	6739.2	12.1	16.1	1.5106	3.8	8.7
477	1992	189	25920	12	23.9	1.3353	2.8	0
477	1992	190	28598.4	8.2	26.9	1.0216	1.1	0
477	1992	191	26438.4	11.3	28.9	1.2448	1.8	0
477	1992	192	23587.2	11.7	28.7	1.3943	2.1	0.3
477	1992	193	6652.8	15.4	20.8	1.7627	2.4	2.3
477	1992	194	19180.8	12	23.3	1.6329	3.2	0
477	1992	195	20649.6	12.1	24.5	1.1759	3.9	2.2
477	1992	196	9936	15.2	20.6	1.6587	4.8	0.4
477	1992	197	25315.2	10.6	22.8	1.196	3.9	0
477	1992	198	18230.4	8.3	25.4	1.1883	1.2	0
477	1992	199	17798.4	11.1	29.2	1.6256	2.3	3.8
477	1992	200	23587.2	17	24.9	1.5096	5.3	0
477	1992	201	21168	12.2	29.9	1.3695	2	0
477	1992	202	24105.6	15.1	33.1	1.6476	0.5	0
477	1992	203	23500.8	19	36.2	2.063	2.9	4.1
477	1992	204	11059.2	17.3	25	1.8039	1.7	0
477	1992	205	25142.4	13.2	27.3	1.2564	2	0
477	1992	206	25833.6	15	29.1	1.3234	2.8	0
477	1992	207	8294.4	14.6	22.1	1.6852	1.5	9
477	1992	208	17798.4	12.5	26.9	1.4664	2	0
477	1992	209	17280	14	31	1.7137	3.6	1
477	1992	210	22896	10.1	22.3	1.1218	4.6	0
477	1992	211	25228.8	8.3	24.4	1.0397	1.1	0
477	1992	212	25056	11.3	32	1.2657	1.9	0
477	1992	213	19785.6	14.5	29.7	1.4337	1.5	0
477	1992	214	22896	15.8	31.9	1.6821	1.3	0
477	1992	215	19526.4	18	29.5	1.76	2.6	0
477	1992	216	21686.4	15.5	32.7	1.8572	3.1	0.2
477	1992	217	22291.2	14.8	24.6	1.2144	4.3	0
477	1992	218	24710.4	10.5	29.5	1.0504	2.4	0
477	1992	219	25056	12.2	32.9	1.2551	2.5	0
477	1992	220	20736	12.4	28.7	1.2798	2.3	0
477	1992	221	20563.2	17	34.1	1.6655	2	0
477	1992	222	24451.2	17	37.9	1.7164	2.2	0
477	1992	223	20995.2	19.8	31.9	1.6621	4.8	0
477	1992	224	20822.4	14.1	26.7	1.2441	4.2	0.8
477	1992	225	20822.4	13.2	26.4	1.0605	4	2.4
477	1992	226	13219.2	14.5	21.4	1.3147	5.6	3.2
477	1992	227	9676.8	14.1	18	1.4937	4.1	13
477	1992	228	9331.2	12.7	19.5	1.2792	3.8	0
477	1992	229	18144	7.2	24.1	1.1186	1.8	0.1
477	1992	230	6048	13	18.7	1.4028	3.4	0.9
477	1992	231	15379.2	11	23.1	1.2034	2.5	0
477	1992	232	18662.4	14.1	27.2	1.4578	1.8	5
477	1992	233	14774.4	14.5	27.9	1.935	1.9	6.9
477	1992	234	14774.4	16.5	24	1.6593	4.5	0
477	1992	235	18662.4	12.5	24.9	1.5502	0.7	6.1
477	1992	236	13910.4	13.1	22.7	1.5359	3	1.8
477	1992	237	8899.2	11.2	20.8	1.2892	3	4.4
477	1992	238	11577.6	15.3	26.2	2.0046	2.8	0
477	1992	239	14947.2	16	29.5	2.1265	1.4	15.8
477	1992	240	13737.6	17	25.5	1.8906	2.4	0
477	1992	241	20736	17.7	32.5	2.194	2.6	9.4
477	1992	242	12700.8	16.5	28.9	2.2578	2.5	0
477	1992	243	14774.4	13.9	22.6	1.4653	2	0
477	1992	244	4752	12.3	20.2	1.5497	0.6	21.3
477	1992	245	11404.8	10.6	16.6	1.1202	4.6	0.2
477	1992	246	13219.2	7.6	19.4	1.0202	4.8	1
477	1992	247	12614.4	13.4	21.4	1.3692	5.5	0.5
477	1992	248	9849.6	9.4	15.7	1.1041	4.4	3
477	1992	249	11836.8	9.6	17.6	1.1513	5.9	1.1
477	1992	250	14860.8	9.2	16.7	1.1184	4.5	0
477	1992	251	10886.4	4.5	19.6	1.0543	1.6	0.8
477	1992	252	14601.6	10.3	19.1	1.1527	3.2	0
477	1992	253	16848	7.6	20	1.1348	1.9	0
477	1992	254	17020.8	6	22	1.0538	2.3	0
477	1992	255	15120	10.9	25.1	1.4219	2.2	0
477	1992	256	15292.8	9.4	20.2	1.1938	2.6	0
477	1992	257	13392	6	20.8	1.1364	2.1	0.1
477	1992	258	5356.8	10.9	16.7	1.3555	3	1.3
477	1992	259	13996.8	9.2	19.5	1.2576	3.6	0
477	1992	260	7430.4	9.9	18.9	1.1634	4.8	0
477	1992	261	12873.6	7.4	18.1	1.0303	1.6	0
477	1992	262	15120	4.7	21.2	0.9395	2.5	0
477	1992	263	12096	5.2	21.4	0.9459	2.3	0.6
477	1992	264	7689.6	10.1	18.7	1.2781	0.9	0
477	1992	265	11664	6.7	21.9	1.1884	1.6	0
477	1992	266	13996.8	10.3	24.1	1.1953	3.4	0
477	1992	267	8553.6	9.6	21.3	1.2972	2	0
477	1992	268	11404.8	8.7	21.3	1.3114	2.1	3
477	1992	269	12355.2	9.1	20.7	1.4045	1.8	0
477	1992	270	9417.6	10.2	18.4	1.4815	0.8	0.2
477	1992	271	11232	9.9	23.1	1.5746	1.2	0
477	1992	272	12700.8	7	24.8	1.3171	2.3	0
477	1992	273	9417.6	9.5	18.1	1.1033	2.8	0
477	1992	274	8467.2	8	16.6	1.129	1.6	0
477	1992	275	5443.2	5.6	17.4	1.0303	1.3	0
477	1992	276	2851.2	6.4	15.7	0.9343	1.2	0
477	1992	277	11836.8	7.1	18.1	0.9036	3.8	0
477	1992	278	11145.6	8	16.7	0.8459	5.4	3.4
477	1992	279	2764.8	6.4	11	1.0118	3.9	29.3
477	1992	280	2678.4	8.7	12	1.2183	2.7	8.5
477	1992	281	2678.4	8.4	12	1.1813	2.2	1.2
477	1992	282	7344	6.9	13.1	0.9693	3.3	0
477	1992	283	2592	7.9	11.8	1.0447	4.2	1.9
477	1992	284	10368	2.7	13.2	0.8548	1.4	0
477	1992	285	4320	2.1	11.6	0.8821	2.4	0
477	1992	286	10713.6	-0.7	10	0.6298	1.5	0
477	1992	287	10627.2	-3.3	9.8	0.5476	0.2	0
477	1992	288	8640	-1.3	12.2	0.5849	1.5	0.5
477	1992	289	5184	3.1	9.7	0.6919	4.3	0
477	1992	290	4406.4	1.9	8.2	0.6476	3.7	0
477	1992	291	3369.6	-1	8.3	0.6109	1.6	0
477	1992	292	8640	-1	10.5	0.6513	2.2	0
477	1992	293	8899.2	1.5	13.2	0.6974	3.5	0
477	1992	294	9504	-0.9	14.1	0.7209	1.2	0
477	1992	295	2073.6	1.7	9	0.7685	1	0.8
477	1992	296	3369.6	1.8	7.6	0.743	4.3	4.8
477	1992	297	3283.2	1.6	9.6	0.7819	2.1	2.6
477	1992	298	3542.4	3	7.8	0.7263	3.6	0.2
477	1992	299	2592	1.9	7.7	0.7138	2.7	12.8
477	1992	300	1900.8	3.5	5.2	0.75	2.8	5.7
477	1992	301	5356.8	-0.6	7.3	0.6447	2.4	5.5
477	1992	302	1814.4	4.4	8.6	0.8321	2.8	0.3
477	1992	303	2764.8	2.5	9.4	0.7825	4.2	2.2
477	1992	304	4752	0.3	8.8	0.6761	1.6	0
477	1992	305	6998.4	-3.6	7.3	0.5516	1.5	0
477	1992	306	6652.8	-3.6	7.8	0.5757	0.9	0
477	1992	307	7171.2	-1.4	8.9	0.5673	3.2	2.7
477	1992	308	4406.4	5.4	11.3	0.8234	5	0
477	1992	309	2851.2	3	9.5	0.7513	4.6	0.7
477	1992	310	1555.2	6.1	11.8	0.9719	4.7	0.7
477	1992	311	2419.2	9	12.7	1.0129	4.6	0
477	1992	312	2246.4	10.3	13.6	1.1452	5.6	0.5
477	1992	313	4838.4	0.4	10.3	0.6881	2.6	0
477	1992	314	5875.2	-2.1	6.8	0.5499	3.6	0
477	1992	315	2937.6	1.6	11.9	0.7383	3.6	0.4
477	1992	316	2505.6	3.6	11.7	0.827	6.6	5.8
477	1992	317	4579.2	3.8	8.4	0.6777	7.4	0.2
477	1992	318	1728	1.5	5.1	0.6192	4.9	0.7
477	1992	319	3110.4	-0.2	6	0.6245	5.3	0.2
477	1992	320	1296	-1.7	4	0.5644	2.4	3.5
477	1992	321	2851.2	2.4	9.8	0.7812	3.1	1
477	1992	322	2851.2	3.5	8.7	0.7248	3.9	2
477	1992	323	2505.6	2.8	7.4	0.6411	6.1	0.8
477	1992	324	3196.8	3.4	7.1	0.6655	7.1	5.4
477	1992	325	4147.2	2.8	6.5	0.6213	7.6	0.6
477	1992	326	3715.2	2.6	7.1	0.6818	5.5	4.6
477	1992	327	1209.6	0.9	3.8	0.6367	2	3.5
477	1992	328	1209.6	3.4	9.9	0.9189	2.3	1.9
477	1992	329	1987.2	3.9	9.3	0.8573	2.1	0.1
477	1992	330	2246.4	5.5	11.7	0.8375	4.8	7.8
477	1992	331	4320	4.7	12.5	0.7928	7.5	2.6
477	1992	332	4060.8	2.1	7.5	0.645	5.1	3.9
477	1992	333	2246.4	3.3	9.7	0.7837	5.8	0.2
477	1992	334	4579.2	-0.2	7.1	0.6571	2.4	0
477	1992	335	2246.4	-0.8	9.5	0.7334	3.7	0
477	1992	336	1555.2	2.8	9.6	0.7487	3.9	0
477	1992	337	3196.8	2.2	9.7	0.7825	5.4	2
477	1992	338	3196.8	4.4	12.4	0.7601	4.8	0
477	1992	339	2592	0.7	6.7	0.613	5.3	7.1
477	1992	340	1382.4	1.1	5.5	0.6115	3	0
477	1992	341	4060.8	-1	5.4	0.5942	2.5	0
477	1992	342	1036.8	-1.6	1.8	0.517	4.3	2.9
477	1992	343	1036.8	0.4	2.8	0.6035	2.6	0
477	1992	344	1036.8	2	3.2	0.6702	2.1	0.2
477	1992	345	950.4	2	3.7	0.6823	1.9	0
477	1992	346	950.4	2.3	3.2	0.6551	1.2	14.2
477	1992	347	2505.6	2.8	6.8	0.7138	5.9	1.9
477	1992	348	1814.4	3.1	5	0.6854	5.9	4.6
477	1992	349	950.4	3.6	9.1	0.7852	4.4	0
477	1992	350	3888	-0.1	8	0.6968	0.8	0
477	1992	351	3801.6	-1.3	5.3	0.621	0.7	0
477	1992	352	3456	-0.7	7.7	0.683	0.5	0
477	1992	353	3456	-0.7	3.4	0.5658	4.3	3.3
477	1992	354	950.4	0.2	5.3	0.6774	2.2	10.7
477	1992	355	950.4	0.9	5.1	0.7047	1.6	15.1
477	1992	356	950.4	0.4	1.7	0.5999	2.4	0.3
477	1992	357	950.4	0.4	1.9	0.5909	2.7	0.6
477	1992	358	950.4	-1.7	2.5	0.5221	2.9	0
477	1992	359	950.4	-2.7	-0.3	0.4545	1.4	0
477	1992	360	2678.4	-5.9	-0.3	0.3988	1.9	0
477	1992	361	1728	-9.1	-4.8	0.3232	1.5	0
477	1992	362	1900.8	-8.4	-0.1	0.406	1.2	0
477	1992	363	950.4	-3.8	-1	0.4406	1.2	0
477	1992	364	950.4	-6.2	-3.7	0.3809	1.2	0
477	1992	365	1036.8	-4.1	-0.8	0.4288	0.9	0
477	1992	366	2937.6	-3.1	1.5	0.4842	1.4	0
