*---------------------------------------------------------------------------*
* Station name: MAGDEBURG                               
* Year: 1984
* Author: Pedro Alencar                                   -999.000: NIL VALUE
* Source: ECAD 
* Comments: 
* Longitude: 52.1031, latitude: 52.1031, altitude: 76 m.
*
* Column  Daily value
* 1       station number
* 2       year
* 3       day
* 4       irradiation                   (kJ m-2 d-1)
* 5       minimum temperature           (degrees Celsius)
* 6       maximum temperature           (degrees Celsius)
* 7       early morning vapour pressure (kPa)
* 8       mean wind speed (height: 2 m) (m s-1)
* 9       precipitation                 (mm d-1)
*
** WCCDESCRIPTION=GERMANY, MAGDEBURG                               
** WCCFORMAT=2
** WCCYEARNR=1984
*---------------------------------------------------------------------------*
   52.1031  11.5842    76.  -0.18 -0.55
477	1984	1	1036.8	5.4	9.1	0.6825	8.3	0.4
477	1984	2	3369.6	4.3	7.6	0.6987	7.3	0.4
477	1984	3	1036.8	2.8	9.8	0.773	8.5	0.2
477	1984	4	2592	1.8	5.3	0.6381	7.8	0.4
477	1984	5	3369.6	0.3	3.4	0.6074	5.7	0.3
477	1984	6	3369.6	0.9	6.2	0.6933	5.6	0.5
477	1984	7	1036.8	2.5	4.5	0.683	6	3.9
477	1984	8	2851.2	1.1	4.5	0.5902	8	0.5
477	1984	9	1123.2	-0.4	3.1	0.6062	6	1.1
477	1984	10	2764.8	-2.1	0.7	0.4935	2.3	0
477	1984	11	1123.2	-2.5	4.7	0.5359	5.9	3.6
477	1984	12	1123.2	3	6.4	0.7003	4.7	0.2
477	1984	13	1123.2	0.9	6	0.5789	7.9	1.7
477	1984	14	1123.2	1.4	8.4	0.6495	6.6	14.7
477	1984	15	3888	0	6.6	0.5108	8.7	1.7
477	1984	16	4147.2	-0.4	4	0.5218	7.6	2.1
477	1984	17	4060.8	2.1	8	0.5951	8.7	0
477	1984	18	3628.8	1.6	4	0.5752	7.3	0
477	1984	19	3888	-1.6	2.9	0.5316	2.5	0
477	1984	20	1296	-3.4	1.1	0.5112	0.8	0.1
477	1984	21	1296	-3.4	0.3	0.5073	1.5	0
477	1984	22	1900.8	-3.7	-2.3	0.3969	4.5	3.7
477	1984	23	1900.8	-4.8	-1.7	0.4376	3.3	2.7
477	1984	24	2851.2	-3	4.9	0.5825	3.8	0
477	1984	25	3456	-4.3	1.7	0.4945	4.1	0.3
477	1984	26	3628.8	-7.4	0.7	0.401	3.3	0
477	1984	27	1468.8	-1.9	1.6	0.4714	3.5	0
477	1984	28	2851.2	-0.2	4.3	0.6162	2.4	1.3
477	1984	29	4492.8	0.4	5.7	0.6236	3.1	0.5
477	1984	30	1468.8	1.6	4.6	0.6639	3.3	0.1
477	1984	31	1555.2	0	2.8	0.6017	3.6	2.8
477	1984	32	2419.2	-1.6	2.6	0.5765	1.9	0.9
477	1984	33	2505.6	1.2	6	0.6799	2.8	1
477	1984	34	3283.2	2.4	5.6	0.6505	5.6	8.1
477	1984	35	3110.4	2.3	6.3	0.6561	5.8	0.4
477	1984	36	2851.2	1	9.8	0.7174	5	0.5
477	1984	37	1728	0.9	5.6	0.6016	6.3	5.9
477	1984	38	4665.6	0.1	5.5	0.5827	8.8	1.5
477	1984	39	1814.4	1.8	3.9	0.5923	4.5	1.5
477	1984	40	1814.4	0	2.5	0.5818	5.5	0.5
477	1984	41	1814.4	-1.2	2.6	0.5656	3.7	9.6
477	1984	42	1900.8	0.8	4.1	0.6413	2.1	0.5
477	1984	43	7948.8	-4.2	3	0.4737	1.7	0
477	1984	44	1987.2	-3.6	-0.1	0.4909	1.5	0
477	1984	45	1987.2	-2.9	1.4	0.4975	1.4	0
477	1984	46	8121.6	-3.9	1	0.4232	1.6	0
477	1984	47	8208	-6.9	-0.8	0.3356	1.8	0
477	1984	48	7430.4	-9	-1	0.3246	1.5	0
477	1984	49	7430.4	-10	-2.6	0.3054	2.5	0
477	1984	50	8294.4	-7.1	0.4	0.315	4.1	0
477	1984	51	5356.8	-7.4	1.3	0.3612	3.1	0
477	1984	52	7430.4	-4.5	4.2	0.4835	4.2	0
477	1984	53	2332.8	-3.7	2.6	0.5224	2.9	5.7
477	1984	54	2332.8	-0.6	1.4	0.5912	1.5	0
477	1984	55	2419.2	-1.3	2.3	0.5765	3.4	0.6
477	1984	56	2419.2	-1	0.5	0.54	3.7	3.7
477	1984	57	2505.6	0.1	2.7	0.6422	3.9	0
477	1984	58	2505.6	0.9	4.2	0.6605	3	0
477	1984	59	8726.4	-2.4	6.5	0.602	0.6	0
477	1984	60	9417.6	-4.2	7.8	0.5844	0.5	0
477	1984	61	9590.4	-3.7	5.7	0.5846	1.1	0
477	1984	62	5529.6	-1.4	3.3	0.589	3.5	2.8
477	1984	63	9417.6	-0.7	6.5	0.6019	2.1	0
477	1984	64	2937.6	-2.2	2.9	0.5578	1.8	0
477	1984	65	2937.6	0	4	0.5998	3.2	0.1
477	1984	66	9072	0.9	7.7	0.7225	4	0
477	1984	67	10195.2	2.2	8	0.6674	5.2	0
477	1984	68	8812.8	-1	3.7	0.5389	4.3	0.3
477	1984	69	7516.8	-2.9	3	0.4967	2	0
477	1984	70	11491.2	-3.4	2.2	0.4504	2.3	0
477	1984	71	12528	-4.5	5.3	0.4529	0.9	0
477	1984	72	3283.2	-2.8	2	0.4985	1.9	0
477	1984	73	6307.2	-1	6.3	0.51	2.3	0
477	1984	74	13046.4	0	9.3	0.5191	2.5	0
477	1984	75	13219.2	-3.5	9.6	0.4867	2.3	0
477	1984	76	8985.6	-2.5	6.6	0.5241	3.2	0
477	1984	77	4320	-1.4	5.8	0.451	3.2	0
477	1984	78	11491.2	-0.5	5.4	0.3862	4	0
477	1984	79	15120	-5.7	3.8	0.2451	4	0
477	1984	80	14774.4	-5.4	5.8	0.2666	3.5	0
477	1984	81	15033.6	-4.5	7.1	0.2819	2.4	0
477	1984	82	14256	-3.4	7.9	0.3377	2.6	0
477	1984	83	13910.4	-5.1	8.2	0.3553	2.6	0
477	1984	84	12873.6	-2.2	11.2	0.3874	4.3	0.1
477	1984	85	3974.4	1.5	7.9	0.6405	1.6	6
477	1984	86	8726.4	-2.4	13.1	0.697	2.8	0
477	1984	87	13132.8	3.3	10.9	0.7159	4	1.8
477	1984	88	14169.6	3.1	14.3	0.742	4.7	0.1
477	1984	89	6825.6	6.6	14.2	0.8569	5	0
477	1984	90	7430.4	1.8	8.4	0.6147	3.5	0
477	1984	91	12528	-1	9	0.5936	2	0.3
477	1984	92	4320	-0.4	7.1	0.5748	2.8	4.8
477	1984	93	4320	-0.5	5.6	0.6679	4.9	15.9
477	1984	94	5875.2	-0.8	2.6	0.5674	3	1
477	1984	95	4406.4	0.3	2.1	0.5931	1	4.9
477	1984	96	11923.2	0.3	8	0.6492	2	0
477	1984	97	9072	1.3	10	0.6934	2.4	0.1
477	1984	98	11404.8	0.1	11.5	0.7191	2	0
477	1984	99	10022.4	1.6	10.2	0.7148	2.5	0.1
477	1984	100	4665.6	3.8	8.3	0.6941	1.8	0
477	1984	101	4752	2	7	0.7158	1.6	2.9
477	1984	102	11664	4.2	13	0.8487	2.1	0
477	1984	103	4838.4	4.8	10.5	0.8166	3	0
477	1984	104	19872	-0.8	12.6	0.5941	1.5	0
477	1984	105	19872	1.8	17	0.7425	2.8	0
477	1984	106	19094.4	4.6	23.2	0.8408	4.3	0
477	1984	107	5011.2	4.6	18.5	1.0337	3.4	2.8
477	1984	108	16243.2	0.9	12.2	0.6311	3.1	0
477	1984	109	21600	-0.6	13	0.5213	1.8	0
477	1984	110	20822.4	0.5	14.5	0.4974	1.7	0
477	1984	111	13392	1.8	16.8	0.5853	1.3	0
477	1984	112	21513.6	3.4	20.3	0.6243	1.1	0
477	1984	113	20908.8	7	23.5	0.7788	1.8	0
477	1984	114	21945.6	5.9	18.6	0.7407	3.4	0
477	1984	115	22204.8	4.5	18.1	0.6823	2.8	0
477	1984	116	22032	4.3	19.2	0.6478	1.5	0
477	1984	117	19612.8	6.2	17.8	0.7006	5.1	0
477	1984	118	23068.8	-3.1	14	0.3779	3.7	0
477	1984	119	14342.4	2.4	10.1	0.4755	3.8	0
477	1984	120	19612.8	3.2	14.5	0.5679	1.9	0
477	1984	121	14256	7.2	16	0.887	2.9	7.6
477	1984	122	10713.6	6.8	12.9	1.0204	3.8	2.2
477	1984	123	20736	4.9	21.2	0.9907	3.2	0
477	1984	124	14083.2	10.5	18.8	1.2322	1.1	0.9
477	1984	125	21427.2	10.5	20	1.2807	1.5	0
477	1984	126	12441.6	10.8	20	1.4154	1.8	0
477	1984	127	5875.2	11.1	17.5	1.5303	0.7	10.5
477	1984	128	16761.6	3.2	13.2	0.8368	4.3	0.1
477	1984	129	15638.4	2.3	11.3	0.7902	3.3	1.4
477	1984	130	18748.8	1.5	11.7	0.7112	2.1	0
477	1984	131	10972.8	4.7	12	0.7905	2.6	0.8
477	1984	132	15379.2	5.9	12.8	0.9514	4.2	0.9
477	1984	133	7603.2	4.2	10.5	0.7385	4.7	1
477	1984	134	17193.6	5.1	17	0.9606	4	0
477	1984	135	13996.8	8.5	18.5	0.9429	3	0
477	1984	136	11664	10.9	17.5	1.3102	2	0
477	1984	137	22032	5.9	23.4	1.2156	2.1	4.7
477	1984	138	12182.4	12.2	20	1.6081	2.5	1.2
477	1984	139	21945.6	8.3	21.7	1.2944	1.9	0
477	1984	140	21254.4	9.9	25	1.2541	1.5	0
477	1984	141	19872	12.3	21.1	1.215	3.5	0
477	1984	142	6307.2	14.1	22.2	1.5394	3.5	4.4
477	1984	143	7344	9.3	16.3	1.1813	3.8	0.4
477	1984	144	9763.2	9.7	13.5	1.2964	2.8	8.6
477	1984	145	11145.6	9.1	16.4	1.3688	2.3	5.2
477	1984	146	13996.8	10.7	16.2	1.325	3.8	0.5
477	1984	147	17539.2	9.4	19.2	1.2373	2	0
477	1984	148	16934.4	7.8	22.7	1.3153	2.1	0.1
477	1984	149	11664	10.9	19	1.5109	2.4	1.5
477	1984	150	6480	9.7	14.1	1.2945	3.2	22.1
477	1984	151	21600	9.4	17.7	1.1475	3.8	0
477	1984	152	15033.6	10.7	18.6	1.2822	2.1	9.6
477	1984	153	21600	10.6	20.2	1.3979	1.5	0.4
477	1984	154	16934.4	12.2	20	1.4436	1.5	0.9
477	1984	155	20304	12.8	27.3	1.4517	4	0
477	1984	156	24364.8	14.7	28	1.7246	3.3	13.1
477	1984	157	15552	12.1	18	1.4523	3.3	5.1
477	1984	158	6739.2	9.7	16	1.2889	3.8	4.4
477	1984	159	8899.2	10.4	16.6	1.2211	3.7	3.6
477	1984	160	22118.4	10.3	20.3	1.3369	5	0
477	1984	161	6825.6	11	18.2	1.2781	5.1	0
477	1984	162	14688	8.4	14.3	0.9933	5.1	0
477	1984	163	23587.2	7.1	17	0.8856	2.4	0
477	1984	164	24451.2	9.1	19.6	0.9636	2.1	0
477	1984	165	11923.2	9.7	21.5	1.1328	4.1	0
477	1984	166	12700.8	14.6	18.6	1.4337	5.2	0.2
477	1984	167	10454.4	9.1	15.6	1.0467	5.3	0
477	1984	168	11750.4	9.7	15.6	1.1698	3.8	0
477	1984	169	6825.6	8.6	15	1.2307	1.6	0.2
477	1984	170	14947.2	10.6	18.8	1.3532	1.3	0
477	1984	171	26524.8	10.7	24.6	1.4918	1.7	0
477	1984	172	24278.4	11.4	26	1.5071	1	0.5
477	1984	173	20822.4	13.9	26.7	1.7596	2.6	0.1
477	1984	174	15811.2	10	21.9	1.2851	2.9	10.4
477	1984	175	20563.2	10.5	16.1	1.068	6.9	0
477	1984	176	19526.4	7.5	14.4	0.8497	6.4	0
477	1984	177	9763.2	7.2	15	0.9902	5.4	4
477	1984	178	12268.8	9.4	15	1.079	5.5	0.1
477	1984	179	15638.4	10.6	21	1.2011	4.4	0.8
477	1984	180	18403.2	10.5	18.1	1.1233	3.4	0
477	1984	181	19440	7.6	15.4	0.9083	4.3	1.6
477	1984	182	18576	7.8	16.3	1.0543	4.5	2.1
477	1984	183	17625.6	8.7	17.4	0.9907	3.3	0
477	1984	184	14515.2	6	17	0.9897	1.2	4
477	1984	185	7862.4	9	14.9	1.1731	3.6	23.1
477	1984	186	9158.4	9.3	15.4	1.104	3.5	0
477	1984	187	6739.2	10.1	13.6	1.0405	3.7	0.1
477	1984	188	8467.2	9.7	14.3	1.0649	3	0
477	1984	189	18144	11	19.2	1.1313	1.5	0
477	1984	190	27388.8	9.2	25.2	1.1757	2.4	0
477	1984	191	27561.6	12.1	29	1.304	2.7	0
477	1984	192	26697.6	15	30.7	1.5837	1.9	0
477	1984	193	25488	18.2	34.6	1.9916	2.2	3.9
477	1984	194	26006.4	17.1	32.9	2.181	3	0
477	1984	195	16588.8	14.2	23.8	1.7111	3.9	7.6
477	1984	196	10540.8	12	20.3	1.5582	3	2.2
477	1984	197	7257.6	14	16.1	1.5378	1.8	3.5
477	1984	198	14256	9.9	18	1.321	5.5	5.8
477	1984	199	10022.4	11.6	17.1	1.3556	6.6	0.6
477	1984	200	6480	11.8	15.5	1.3423	3.5	3.8
477	1984	201	8467.2	12	16.5	1.3469	2.7	0
477	1984	202	9244.8	12.1	15.8	1.2891	3.5	0.2
477	1984	203	14688	11.9	18.5	1.2939	3.8	0
477	1984	204	18057.6	11.3	18.3	1.1601	3.3	0
477	1984	205	19267.2	11.8	19.1	1.2096	3	0
477	1984	206	18921.6	10	18.8	1.147	1.8	0
477	1984	207	18230.4	10.9	19	1.2563	2.5	0
477	1984	208	8553.6	12.6	16.5	1.307	4.5	0
477	1984	209	16588.8	11.6	18.8	1.2421	5.7	1.4
477	1984	210	13046.4	11.8	18.5	1.3929	2.6	0.6
477	1984	211	17280	15	24.5	1.8617	3	0.3
477	1984	212	23155.2	11.8	28.8	1.5456	2.3	0
477	1984	213	20476.8	16.7	31.8	2.0856	3.1	0
477	1984	214	8812.8	17	27.2	2.2832	3.8	9.1
477	1984	215	22896	13.4	23.7	1.5144	2.5	0.5
477	1984	216	20304	15.7	28.4	1.8793	2.1	0
477	1984	217	12528	16.8	23.8	1.9023	1.3	2.6
477	1984	218	9504	16.6	21.8	1.9769	1.8	4.2
477	1984	219	18662.4	10.2	20.6	1.3106	2.3	0.1
477	1984	220	19872	9.2	21.5	1.2019	1.2	0
477	1984	221	18489.6	9.5	23.3	1.2666	2	2.9
477	1984	222	5788.8	15	20	1.7972	2.5	2
477	1984	223	5702.4	15	19.3	1.7189	3	3.7
477	1984	224	5702.4	16.2	20.1	1.8098	2.8	0.4
477	1984	225	21340.8	16	24.1	1.6156	2.8	0
477	1984	226	19785.6	12.8	24.6	1.5287	0.9	0
477	1984	227	18403.2	10.3	25	1.4313	1.1	0
477	1984	228	18403.2	11.5	21.9	1.3669	2.3	0
477	1984	229	12009.6	11.1	20.8	1.4299	2.1	0.6
477	1984	230	20131.2	7.6	20.9	1.1197	2.7	0
477	1984	231	15811.2	8.7	19.6	1.1931	2.1	0
477	1984	232	9763.2	12.6	23.5	1.5297	0.9	0
477	1984	233	17539.2	11.6	26.2	1.5915	0.8	0
477	1984	234	19353.6	11.7	27	1.5918	0.8	0
477	1984	235	18662.4	12.2	27.1	1.5304	1.7	0
477	1984	236	20476.8	12.3	27.8	1.4048	2.3	0
477	1984	237	20476.8	10.3	28.3	1.4528	1.3	0
477	1984	238	10972.8	13.9	26.6	1.6119	2	0
477	1984	239	16502.4	15.2	22.7	1.5308	2.5	0
477	1984	240	20908.8	7.1	23.4	1.0557	0.8	0
477	1984	241	18835.2	7.6	25.4	1.1622	1.6	0
477	1984	242	17971.2	10.1	25.9	1.2777	3	0
477	1984	243	15465.6	12.8	25.2	1.4698	3.5	0
477	1984	244	15292.8	15.5	24.5	1.5639	4.9	0
477	1984	245	13824	16.3	24.4	1.765	5.5	1.9
477	1984	246	13824	12.7	23.7	1.6068	1.8	0
477	1984	247	8812.8	13.2	25.3	1.4483	5.1	0
477	1984	248	7689.6	15.7	22.1	1.5697	4.7	0.8
477	1984	249	9763.2	10.5	18.1	1.1396	3.7	1.1
477	1984	250	4147.2	9.3	13.4	1.1678	3.3	29.6
477	1984	251	10454.4	9.2	15.8	1.1728	2.5	0.5
477	1984	252	6825.6	6.2	16.2	1.0898	3	1.5
477	1984	253	3974.4	9.2	14.1	1.2049	3.6	11.3
477	1984	254	9504	9.6	14.4	1.1069	6.8	1.2
477	1984	255	6998.4	10.6	14.9	1.1186	6.2	2.8
477	1984	256	14860.8	10.4	16.9	1.1238	5.6	0.3
477	1984	257	16243.2	6.6	17.1	0.9712	3	0
477	1984	258	8899.2	8.9	20.1	1.3688	1.5	0
477	1984	259	3715.2	9.8	15	1.2803	2.1	1.4
477	1984	260	6652.8	11.1	18.4	1.2234	3.1	0
477	1984	261	7862.4	10.3	17.2	1.2097	1.3	0
477	1984	262	11318.4	5.6	18.3	1.1312	1.1	0
477	1984	263	3456	6.1	17.4	1.1302	3.1	0
477	1984	264	7948.8	9.9	18	1.2096	2.8	0.2
477	1984	265	12096	11.7	19.7	1.2825	3.1	2.6
477	1984	266	11318.4	7.5	16.7	1.0296	2.5	0.5
477	1984	267	8380.8	8.4	15.3	1.1099	1.6	0.2
477	1984	268	3283.2	4	13	0.9539	1.4	0.1
477	1984	269	8899.2	6.5	14.8	1.0123	3	0.3
477	1984	270	3801.6	8.9	12.6	1.0706	3.8	1.2
477	1984	271	3715.2	9.4	14.2	1.1892	4	1.7
477	1984	272	9676.8	7.3	17	1.1179	1.1	0
477	1984	273	12182.4	5.8	18.6	1.1216	1.1	1.6
477	1984	274	5356.8	9.5	19.3	1.4255	2	4.8
477	1984	275	4060.8	11.9	19.8	1.5287	2.5	0
477	1984	276	2851.2	10.6	16.7	1.3735	2.4	1
477	1984	277	10368	6.4	18.3	1.104	2.1	0
477	1984	278	8553.6	9.3	17.2	1.2774	1.5	0.1
477	1984	279	2764.8	9.1	12	1.1838	2.5	6.2
477	1984	280	6134.4	8.1	15.6	1.1793	4.3	0.1
477	1984	281	10540.8	6.7	14.5	0.9451	4.7	2.8
477	1984	282	10022.4	7.1	15.1	1.0694	3.9	0.4
477	1984	283	2592	11.4	17.8	1.4772	3.7	4
477	1984	284	5356.8	10.1	15.9	1.3315	0.8	0.2
477	1984	285	2505.6	12.5	17.1	1.4796	3.1	0
477	1984	286	5011.2	9	13	1.1541	3.1	2.7
477	1984	287	9763.2	4.5	14.6	1	2.5	0
477	1984	288	5097.6	8.3	15.5	1.1692	5.1	0.5
477	1984	289	8553.6	8.1	15.2	1.0954	5	0
477	1984	290	5961.6	6.5	12.2	0.9749	1.6	0
477	1984	291	9504	3.4	19	0.9968	2.9	0
477	1984	292	6048	9	16.7	1.1704	4.3	1
477	1984	293	6480	6.7	16.5	1.0781	4	0
477	1984	294	7689.6	8.9	16.9	0.981	8	2.1
477	1984	295	5443.2	7.5	11.8	0.839	6.5	0
477	1984	296	4752	4.2	11.1	0.8375	5.5	4.4
477	1984	297	3024	10.6	16	1.3121	5.5	1.6
477	1984	298	4665.6	8.4	13.7	1.079	2.4	0
477	1984	299	5011.2	7.6	17.4	1.2308	3.8	0.2
477	1984	300	3024	8.1	15.2	1.1912	3.3	2.8
477	1984	301	7084.8	5.1	12.4	0.9363	2.3	0
477	1984	302	5356.8	-1	8.3	0.7458	1.8	0.1
477	1984	303	1814.4	3.5	14.1	0.9734	1.3	0.2
477	1984	304	5270.4	10.7	18.4	1.4394	1.2	0
477	1984	305	7430.4	3.1	17.1	1.0252	0.9	0
477	1984	306	6998.4	0.5	16.1	0.9848	1.3	0.1
477	1984	307	6393.6	1.5	10.4	0.8291	2	0.1
477	1984	308	5616	0.3	11.2	0.8269	1.8	0.1
477	1984	309	4924.8	5.3	12	0.9636	1.8	0
477	1984	310	3456	-0.3	9.8	0.7542	2.5	0
477	1984	311	2592	1.5	9	0.7454	2.8	0
477	1984	312	3456	-0.8	10	0.7548	0.3	0
477	1984	313	4060.8	0.7	11.1	0.8448	1.1	0
477	1984	314	1468.8	2.7	6.8	0.8227	2.9	0
477	1984	315	1468.8	4.9	8.2	0.9126	3.3	0
477	1984	316	1382.4	5.9	9.3	0.8764	3.9	0
477	1984	317	5270.4	0.6	9.3	0.6518	4.1	0
477	1984	318	4752	0.7	9	0.466	4.5	0
477	1984	319	5529.6	-1.9	6.1	0.4478	3.8	0
477	1984	320	2851.2	-2.1	3.5	0.4242	4.3	0.1
477	1984	321	1296	-1.6	2	0.4402	5.8	0
477	1984	322	1296	-1.2	0.2	0.4772	4.4	1.8
477	1984	323	1296	-0.3	1.9	0.5827	2.7	0
477	1984	324	1209.6	-0.6	5	0.6371	1.9	0
477	1984	325	1209.6	-0.3	4.3	0.6281	1.2	0.3
477	1984	326	1209.6	2.5	6.6	0.7437	3.6	2.5
477	1984	327	1209.6	2.4	7.5	0.7821	5.4	13.8
477	1984	328	3888	7.3	13	0.9791	7.2	3.7
477	1984	329	3456	7.6	15.1	1.0202	9	7.8
477	1984	330	4579.2	6.1	11.3	0.8882	5.2	0.4
477	1984	331	2937.6	6.2	9.4	0.8778	2.8	0.1
477	1984	332	2851.2	3.5	8.5	0.7852	3.2	0
477	1984	333	1123.2	1.3	6.3	0.6094	5	0
477	1984	334	3801.6	0.4	8.9	0.7319	1.9	0
477	1984	335	3715.2	-0.8	5.1	0.6063	2.5	0
477	1984	336	2332.8	-3	1	0.5055	2.3	0
477	1984	337	3801.6	-1.8	2.7	0.5492	1.2	0
477	1984	338	1036.8	-3.1	2	0.5401	0.8	0
477	1984	339	1036.8	1.7	3.2	0.6558	1.4	0
477	1984	340	1036.8	0.2	3.4	0.6261	0.7	0
477	1984	341	2246.4	-2.6	4.7	0.5867	2.6	0.2
477	1984	342	3801.6	1.3	7.3	0.6893	2.4	0
477	1984	343	1036.8	-3.9	2.6	0.5419	0.8	0
477	1984	344	1728	-2.1	6.7	0.62	4.4	0.6
477	1984	345	950.4	4.7	7	0.7956	6.7	0.3
477	1984	346	950.4	6.7	9	0.9233	4.8	0.1
477	1984	347	950.4	1.5	6.7	0.7288	1.8	0.1
477	1984	348	950.4	-1.9	1.5	0.542	3.6	0
477	1984	349	950.4	-4	-0.6	0.4387	2.8	2.1
477	1984	350	950.4	-2.6	-0.8	0.4748	2.6	0
477	1984	351	950.4	-3.7	-1.8	0.4592	2.8	0.5
477	1984	352	950.4	-4	-2.1	0.4735	1.6	4.4
477	1984	353	950.4	-3.1	4.4	0.5892	3	2.8
477	1984	354	3715.2	-0.8	4	0.5555	4.1	0
477	1984	355	2246.4	1.5	7.5	0.7074	5.1	5.5
477	1984	356	2246.4	3.9	8	0.7452	7.7	1
477	1984	357	1900.8	1.8	5.6	0.6847	4.5	2.2
477	1984	358	1814.4	-0.5	3.9	0.5664	3.5	0
477	1984	359	3801.6	-0.5	3.3	0.507	5.4	0
477	1984	360	3110.4	-3.8	0.6	0.4511	2.8	0
477	1984	361	3369.6	-0.7	3.5	0.5814	1.8	0
477	1984	362	950.4	-2.9	-0.7	0.4874	1	0.4
477	1984	363	950.4	-3.6	-2.2	0.4097	1.2	0
477	1984	364	950.4	-4	0	0.4591	1.5	1
477	1984	365	1036.8	-4.5	-0.7	0.4392	2.4	0.1
477	1984	366	1036.8	-4.1	-2.1	0.3939	3	0.5
