*---------------------------------------------------------------------------*
* Station name: MAGDEBURG                               
* Year: 1981
* Author: Pedro Alencar                                   -999.000: NIL VALUE
* Source: ECAD 
* Comments: 
* Longitude: 52.1031, latitude: 52.1031, altitude: 76 m.
*
* Column  Daily value
* 1       station number
* 2       year
* 3       day
* 4       irradiation                   (kJ m-2 d-1)
* 5       minimum temperature           (degrees Celsius)
* 6       maximum temperature           (degrees Celsius)
* 7       early morning vapour pressure (kPa)
* 8       mean wind speed (height: 2 m) (m s-1)
* 9       precipitation                 (mm d-1)
*
** WCCDESCRIPTION=GERMANY, MAGDEBURG                               
** WCCFORMAT=2
** WCCYEARNR=1981
*---------------------------------------------------------------------------*
   52.1031  11.5842    76.  -0.18 -0.55
477	1981	1	3456	0.1	6.8	0.6571	9.4	1
477	1981	2	1036.8	1.4	5.4	0.6704	5.2	3.6
477	1981	3	1296	3.7	9.3	0.8321	8.3	11
477	1981	4	2332.8	1.5	4.9	0.6456	4.5	2.2
477	1981	5	2332.8	-0.6	1.6	0.5639	4.7	1.4
477	1981	6	1036.8	-6	0.8	0.4644	1.3	1.4
477	1981	7	2246.4	-8.6	-2.1	0.3613	2.1	0.7
477	1981	8	1036.8	-13	-4.4	0.2758	1.4	0
477	1981	9	1123.2	-4.9	1.9	0.4545	2.3	2
477	1981	10	1123.2	0.2	1.9	0.5999	1.2	3.9
477	1981	11	1123.2	-2.4	1	0.5051	1.6	0
477	1981	12	1900.8	-9	-0.7	0.3838	2.4	0.9
477	1981	13	4060.8	-2.3	0.3	0.4942	3	0
477	1981	14	1123.2	-4	0.1	0.4449	6	1
477	1981	15	3801.6	-0.5	2.9	0.5398	7	1.3
477	1981	16	4233.6	-2	0.5	0.457	7.6	2.9
477	1981	17	1900.8	-2	3.7	0.5718	2.4	2.7
477	1981	18	1209.6	-1.7	2.3	0.562	0.8	0.7
477	1981	19	1209.6	-2.9	2.3	0.55	3.4	6.2
477	1981	20	1296	-2.9	2.4	0.534	4.5	0.3
477	1981	21	4233.6	-3.1	-0.1	0.4566	2.1	0
477	1981	22	4579.2	-8	-0.2	0.3971	1.1	0
477	1981	23	1296	-9.7	1.5	0.3926	0.2	0.3
477	1981	24	1382.4	-0.1	2.5	0.6064	0.7	0
477	1981	25	1382.4	0.8	3.2	0.5928	4.5	1.3
477	1981	26	5788.8	-2.4	2.4	0.4766	3.8	0
477	1981	27	5875.2	-7.6	1.4	0.4328	0.1	0
477	1981	28	1468.8	-6.5	2.7	0.4838	0.3	0
477	1981	29	1468.8	1	3.6	0.6489	0.1	0
477	1981	30	3801.6	-3.8	1.5	0.5225	0.3	0
477	1981	31	6048	-2.6	4.2	0.5244	1.3	0
477	1981	32	6480	0.7	6.9	0.5452	3	0
477	1981	33	6566.4	-1.4	9.6	0.5978	2.5	0
477	1981	34	1641.6	3	8	0.6862	5.7	0.6
477	1981	35	1641.6	1.7	4.7	0.6994	3.2	0.6
477	1981	36	3024	0.7	2.2	0.5902	5.3	0.9
477	1981	37	4492.8	-0.1	4.7	0.6561	3.3	2.5
477	1981	38	2505.6	4.4	9.5	0.8582	4.8	1
477	1981	39	1814.4	7	9.5	0.9269	5.8	0.4
477	1981	40	2246.4	3.7	8.6	0.8595	0.4	0.2
477	1981	41	3283.2	2.4	7.8	0.7289	5.2	1.5
477	1981	42	6307.2	-1.6	2.5	0.5429	5.9	1
477	1981	43	7689.6	-2.9	1.8	0.5048	2.6	0.4
477	1981	44	5961.6	-2.1	2.2	0.5642	2	0.1
477	1981	45	4320	-2	0.7	0.5012	0.3	0
477	1981	46	4924.8	-2.1	0.4	0.4767	2	0
477	1981	47	2073.6	-1.4	1.7	0.5683	1	0.4
477	1981	48	3628.8	-0.2	3.5	0.6538	0.3	1
477	1981	49	4492.8	-1.2	0.5	0.5063	2	0.1
477	1981	50	2160	-2.6	0	0.4779	1.7	0.6
477	1981	51	5270.4	-4.2	-0.9	0.4307	1.3	0.2
477	1981	52	7257.6	-9.2	-1	0.3473	0.5	0
477	1981	53	2332.8	-6.4	-1.5	0.4244	0.5	4.1
477	1981	54	2332.8	-6.2	-0.3	0.4376	0.7	2.6
477	1981	55	2419.2	-2.4	1.8	0.5679	0.9	1
477	1981	56	2419.2	-0.4	1.3	0.5934	1.2	0
477	1981	57	9158.4	-8.6	3.4	0.3988	1	0
477	1981	58	10368	-8	4.2	0.3402	2.8	0
477	1981	59	9417.6	-6.4	4	0.3694	4.1	0
477	1981	60	2678.4	-1.4	2	0.5308	2	3.6
477	1981	61	2764.8	-3.3	3.1	0.5641	0.5	5.1
477	1981	62	2764.8	0.3	2.5	0.6219	0.8	10.4
477	1981	63	2851.2	-1.1	0.8	0.5137	2.2	0
477	1981	64	5097.6	-3.2	1.7	0.4628	1.3	0.3
477	1981	65	6566.4	-3.4	3.4	0.4949	2.3	0.3
477	1981	66	5097.6	2	11.6	0.7803	4.7	0.4
477	1981	67	4838.4	10.2	15.1	1.1113	5.3	1.8
477	1981	68	3542.4	10	14.5	1.111	4.5	6.1
477	1981	69	4838.4	4.5	11.4	0.8441	1.4	13.1
477	1981	70	3888	4.7	15.7	1.0445	4.7	6.9
477	1981	71	3196.8	4.7	14	1.1276	2.3	9.5
477	1981	72	5875.2	4.7	11.7	0.9455	2.7	0.5
477	1981	73	8467.2	5.8	11.2	0.8984	4.2	0.5
477	1981	74	6393.6	5.7	10.7	0.8803	2.3	0.7
477	1981	75	11145.6	0.1	11.6	0.7771	1.1	7.9
477	1981	76	4492.8	1.5	7	0.7117	1.2	1.7
477	1981	77	6393.6	0.5	5.5	0.6517	2	0.5
477	1981	78	6998.4	0.8	9.1	0.6692	6	0
477	1981	79	12873.6	4	13	0.7542	3.5	0
477	1981	80	13824	4.6	16.9	0.8514	4.3	0
477	1981	81	14688	7	20.2	0.949	5.7	0
477	1981	82	9072	1.5	14	0.7378	3.7	5.9
477	1981	83	8640	8.5	13.1	0.9448	5.8	0.1
477	1981	84	3888	9.4	15.9	1.1991	2.9	3.3
477	1981	85	3974.4	10.8	14	1.1939	3.4	13.7
477	1981	86	16761.6	5.5	14.4	0.8927	4.3	0
477	1981	87	13046.4	3.1	13.5	0.8754	2.9	0
477	1981	88	11923.2	3.8	15.8	0.908	3.4	0
477	1981	89	12355.2	6	18.2	1.0437	1	0
477	1981	90	4233.6	9.5	16.9	1.1823	2.2	0
477	1981	91	7516.8	9.6	17.6	1.1824	3.2	0
477	1981	92	11404.8	8.2	18.9	1.0545	2.3	0
477	1981	93	12182.4	6.4	16.3	0.8054	1.6	0
477	1981	94	4406.4	6.2	13.6	0.9507	3	0.7
477	1981	95	4406.4	4.6	6.9	0.8085	1.4	0.9
477	1981	96	11577.6	3.1	12.4	0.8854	0.3	0
477	1981	97	16329.6	0.9	18.6	0.8688	1	0
477	1981	98	4579.2	7.1	15.4	1.0934	1.5	0.8
477	1981	99	18921.6	1.4	16.1	0.8009	0.5	0
477	1981	100	19699.2	3.4	19.5	0.7567	0.8	0
477	1981	101	19008	6.3	20.6	0.909	2	0
477	1981	102	17020.8	6.8	24.1	1.0168	0.1	2.2
477	1981	103	12182.4	12.3	18.8	1.2526	2	0
477	1981	104	21340.8	-0.3	16.5	0.6261	1	0
477	1981	105	21772.8	1.4	19.6	0.6851	1.4	0
477	1981	106	19872	3.7	15.1	0.6836	3.5	0
477	1981	107	18316.8	-0.6	7	0.4996	2.4	0.5
477	1981	108	21081.6	-3.5	9	0.4615	1.2	1.5
477	1981	109	5097.6	1.1	6.8	0.6239	2.8	0
477	1981	110	15984	-1.7	10.3	0.4983	1	0
477	1981	111	15984	0.4	10.1	0.5768	6	0.2
477	1981	112	14860.8	0.6	7.9	0.6124	3.8	1.3
477	1981	113	18489.6	-3.6	6.3	0.4917	1	0.1
477	1981	114	20822.4	-3.4	8.7	0.4583	1.5	0
477	1981	115	14428.8	0.4	13.6	0.5307	2.5	0
477	1981	116	16761.6	5.4	17.6	0.6643	3.2	0
477	1981	117	8208	5.7	15.2	0.8345	3.9	4.8
477	1981	118	19699.2	2.1	10.5	0.5917	4.4	0.8
477	1981	119	5529.6	4.7	8.5	0.7989	1.9	1.5
477	1981	120	5616	7.5	12	1.0377	4.7	3.9
477	1981	121	18921.6	3.1	10	0.6893	4.5	0.5
477	1981	122	18748.8	3.3	10.1	0.7161	5.2	0.2
477	1981	123	21254.4	0.4	10.1	0.6123	2.6	0
477	1981	124	15465.6	2.4	12.2	0.6951	2.3	0
477	1981	125	17625.6	1.9	14	0.78	1.8	0
477	1981	126	20476.8	5.5	15.8	0.8457	2.5	0
477	1981	127	17625.6	8.2	19.1	1.0458	1.6	0
477	1981	128	22550.4	9.3	22	0.9411	2.5	0
477	1981	129	22550.4	7.8	24.8	1.1475	2.4	0
477	1981	130	25660.8	13	27	1.1671	3.9	0
477	1981	131	25747.2	14	26.8	1.1484	5	0
477	1981	132	24969.6	14.7	27	1.1315	2.3	0
477	1981	133	24019.2	11	27.6	1.2293	1.4	0
477	1981	134	21859.2	12.1	25.5	1.4733	1.5	5.3
477	1981	135	20304	10.7	22.7	1.4428	0.5	4.4
477	1981	136	18835.2	9.4	23.7	1.3915	1.2	0
477	1981	137	6134.4	9.8	19.2	1.4018	1.2	3.1
477	1981	138	23846.4	6.4	20.1	1.0493	0.8	0.3
477	1981	139	25660.8	7.1	24.7	1.0284	1	0
477	1981	140	23846.4	12.6	26.2	1.2594	1.2	0
477	1981	141	23500.8	13.6	26.5	1.1707	2.3	0
477	1981	142	18576	12.1	24.8	1.4202	2.6	7.2
477	1981	143	20304	11.8	20.5	1.2466	1	0
477	1981	144	12614.4	11.3	18.8	1.384	2.1	4.2
477	1981	145	15724.8	7.3	17.7	1.0715	2.3	0
477	1981	146	14342.4	11	19	1.2092	0.8	6.5
477	1981	147	7516.8	11.6	16.2	1.4119	3.1	10.3
477	1981	148	23760	9.9	18.4	1.1931	2.8	1
477	1981	149	18748.8	9.2	20.2	1.2863	0.5	0
477	1981	150	15811.2	10.1	21.7	1.3712	0.2	0
477	1981	151	20908.8	11.5	26.6	1.5184	0.9	0
477	1981	152	17625.6	14.9	27	1.7324	0.6	0.4
477	1981	153	23846.4	15	30.2	1.8063	0.4	4
477	1981	154	12873.6	16.9	28.2	2.1009	2.5	63.1
477	1981	155	8553.6	14.3	20.1	1.7439	2.7	0.1
477	1981	156	22032	12.5	21.1	1.3947	2.8	0.3
477	1981	157	16329.6	12.1	22	1.5916	1.9	8.8
477	1981	158	24710.4	12.9	22.1	1.4777	1.6	0
477	1981	159	24105.6	15.1	26.2	1.7493	1.7	0.2
477	1981	160	15120	18.3	24.3	2.1239	2.4	3
477	1981	161	22636.8	12.7	21.8	1.3367	3.3	0
477	1981	162	20217.6	9.6	23.1	1.2068	1.9	0.4
477	1981	163	18835.2	15	22.1	1.6637	3.6	1.4
477	1981	164	24796.8	5.9	18.1	0.9668	2.5	0
477	1981	165	10195.2	13.8	24	1.5915	4.5	0.1
477	1981	166	14774.4	15.3	24.6	1.9081	3.1	1.2
477	1981	167	21254.4	11.8	22.3	1.4169	5.3	1.2
477	1981	168	21859.2	7.9	17.1	1.057	3.8	0.9
477	1981	169	7948.8	9.7	16.2	1.3421	3.5	1.6
477	1981	170	10713.6	8.2	12	1.0376	3.6	0
477	1981	171	12528	9.3	15.3	1.1147	1.5	2.2
477	1981	172	15120	8.6	15.6	1.213	1.6	2.5
477	1981	173	16416	4.9	19	1.1591	1.6	0
477	1981	174	17712	8.4	22.2	1.3196	1.6	0.1
477	1981	175	6825.6	7.4	20.2	1.3397	1	0
477	1981	176	7516.8	12.4	17.4	1.4384	0.9	0.1
477	1981	177	20649.6	8.8	24	1.3411	1.2	3.4
477	1981	178	22550.4	14.2	24.7	1.692	0.3	0
477	1981	179	20563.2	13.7	30	1.5689	1.5	0.3
477	1981	180	15033.6	12.8	26.6	1.6726	5.9	6.6
477	1981	181	12096	9.3	15.8	1.1767	6.6	2.4
477	1981	182	12096	12.4	18.7	1.3938	2.9	0
477	1981	183	15292.8	13.7	22.2	1.4175	1.3	0.3
477	1981	184	16761.6	13.9	22.1	1.5456	3.3	3
477	1981	185	22464	10.9	20.1	1.2662	3.4	0
477	1981	186	15379.2	11.6	23.9	1.42	1	0
477	1981	187	19699.2	14.2	24.3	1.6043	0.7	0
477	1981	188	23155.2	15.7	25.7	1.7303	0.6	0
477	1981	189	23328	13.2	28.1	1.7007	0.5	0
477	1981	190	21427.2	14.8	29.3	1.8263	0.6	0
477	1981	191	25920	14.6	30.3	1.8441	0.5	0
477	1981	192	21340.8	15.4	30.5	2.0406	1.4	0
477	1981	193	14774.4	17.3	24.1	1.8766	1.9	0
477	1981	194	18144	14.3	22.5	1.7116	0.4	4.9
477	1981	195	12700.8	13.4	20.9	1.6017	2.3	1.2
477	1981	196	9417.6	13.1	18.6	1.4568	3.1	0
477	1981	197	9417.6	11.7	21	1.5782	1.4	2.5
477	1981	198	22636.8	14.5	21.6	1.5504	3.2	0
477	1981	199	6480	8.7	18.7	1.4406	0.5	0.9
477	1981	200	7948.8	9.5	18.3	1.3643	3.5	0
477	1981	201	19612.8	7.8	20.6	1.2455	3.8	1.8
477	1981	202	12096	12.9	17.7	1.5279	2.5	2.2
477	1981	203	22204.8	13.8	23.2	1.6373	2.3	0.9
477	1981	204	14428.8	12	23.5	1.6026	2.1	0
477	1981	205	17452.8	14	22.4	1.4607	2.4	0.5
477	1981	206	15120	11.5	18.8	1.3585	2.1	0
477	1981	207	9072	12.5	16.9	1.4534	4.7	14.9
477	1981	208	6912	12.4	15.7	1.3936	5.8	0.4
477	1981	209	7257.6	11.9	17.1	1.5337	2.7	1
477	1981	210	11750.4	12.4	21.1	1.6188	1.8	0
477	1981	211	15552	10.8	19.1	1.2902	3.6	0
477	1981	212	21772.8	11.3	24.1	1.3549	1.1	0
477	1981	213	14860.8	14.4	25.9	1.8376	1.8	9.7
477	1981	214	6739.2	13.9	20.2	1.6887	1.6	0.2
477	1981	215	16416	13.9	23.4	1.6742	0.6	0
477	1981	216	22809.6	12.2	27	1.685	0.8	0
477	1981	217	24364.8	12.2	30.5	1.6232	0.5	0
477	1981	218	22982.4	13.1	30.3	1.6064	0.9	0
477	1981	219	20649.6	14.3	31.7	1.8785	1.2	0
477	1981	220	8294.4	17.4	24.8	1.8982	2.5	0
477	1981	221	7689.6	17.2	24.1	1.9923	1.1	0.2
477	1981	222	5788.8	16.8	21.5	1.9043	2	56.3
477	1981	223	5702.4	14.9	19.6	1.7495	1.5	0.2
477	1981	224	23500.8	10.6	24.4	1.4178	1	0
477	1981	225	18576	11.4	25.5	1.5262	0.1	0
477	1981	226	16156.8	13.4	27.1	1.6831	0.7	0
477	1981	227	17020.8	15.5	26.3	1.8011	0.8	0
477	1981	228	18057.6	14.3	22.6	1.5474	3.9	1.1
477	1981	229	15379.2	10.1	17.9	1.2294	4.3	0.8
477	1981	230	10022.4	8.7	20.9	1.1938	2.3	0
477	1981	231	5356.8	13	18.4	1.3538	2.2	6.4
477	1981	232	8294.4	12.2	16.6	1.4091	3.9	6.8
477	1981	233	13046.4	11.2	16.1	1.2643	5.9	4
477	1981	234	6220.8	9.6	15.7	1.2283	3.2	4.8
477	1981	235	16848	10.5	18	1.282	4.3	0
477	1981	236	18316.8	11	20.9	1.3213	3.6	0.1
477	1981	237	10022.4	10.3	17.7	1.2773	4.1	0.5
477	1981	238	12700.8	14	20.4	1.5676	4.4	0
477	1981	239	16156.8	12.9	20.1	1.3496	6.3	0
477	1981	240	19872	9.4	19.4	1.1306	3.1	0
477	1981	241	18835.2	7.9	19.5	1.1118	2.6	0
477	1981	242	15638.4	8.2	18.7	1.2325	1.6	0
477	1981	243	13996.8	8.9	20.3	1.2615	0.3	0
477	1981	244	12355.2	9	20.1	1.2905	0.4	0
477	1981	245	13996.8	7.5	18.9	1.1217	0.7	0
477	1981	246	18316.8	5.6	19.9	1.1039	0.8	0
477	1981	247	17020.8	6.2	21.3	1.1468	0.3	0
477	1981	248	17798.4	5.8	21.6	1.1431	0.4	0
477	1981	249	17193.6	6.3	22.9	1.2117	0.2	0
477	1981	250	16070.4	8	24.3	1.2832	0.9	0
477	1981	251	6480	10.5	24	1.4939	0.4	0
477	1981	252	7171.2	15.2	21.8	1.7223	1.7	0.2
477	1981	253	6134.4	14.1	21.7	1.7202	0.4	0
477	1981	254	3888	10.6	18.1	1.4373	0.5	0
477	1981	255	11232	12.5	22.3	1.6073	1.7	2.5
477	1981	256	15206.4	14.1	19.9	1.3737	2.8	0
477	1981	257	14342.4	7.1	18.3	1.115	2	0.6
477	1981	258	12096	9.7	18.6	1.2414	1	2.3
477	1981	259	3715.2	10.2	13	1.2419	1.2	12.2
477	1981	260	12614.4	6.9	17.6	1.1538	0.6	0
477	1981	261	13651.2	6.9	19.6	1.0949	2.4	7.1
477	1981	262	11923.2	12.8	19.6	1.4161	2.1	1
477	1981	263	4492.8	9.8	21.5	1.4383	3.5	1
477	1981	264	6739.2	15.9	23.2	1.7933	2.8	2.3
477	1981	265	11318.4	11.7	24.8	1.7165	1.1	17.5
477	1981	266	7516.8	12.9	18.1	1.4949	2.2	1.7
477	1981	267	13305.6	6.5	19.2	1.1556	1.2	0
477	1981	268	13046.4	6.3	20.5	1.1517	1.5	0.3
477	1981	269	11836.8	9.1	23.5	1.3326	2.9	0
477	1981	270	8035.2	12.6	19.2	1.4434	1.4	0
477	1981	271	3110.4	8.6	14.1	1.2215	2.5	33.7
477	1981	272	3110.4	10.2	14.2	1.221	3.8	4.2
477	1981	273	12355.2	7.6	18.1	1.126	0.8	0
477	1981	274	11059.2	6.4	18.6	1.2163	1.2	0
477	1981	275	7862.4	10.9	18.6	1.3743	1.8	0
477	1981	276	9849.6	9.8	16.8	1.1443	3.8	0.2
477	1981	277	9849.6	7.5	14.7	0.8714	6.1	0
477	1981	278	9676.8	9	17.1	1.1258	3.2	0
477	1981	279	4406.4	7.7	20.1	1.4277	1.4	0.6
477	1981	280	9244.8	11.8	16.9	1.1759	5	2.3
477	1981	281	4147.2	6.8	16.1	0.9729	3.8	0
477	1981	282	8380.8	7.8	18.4	1.0391	3.5	1.5
477	1981	283	9158.4	9.4	16	0.9096	5.9	5.5
477	1981	284	7084.8	6.9	11.1	0.8949	5.2	0
477	1981	285	3715.2	5.5	9.2	0.7898	3.8	2.1
477	1981	286	5270.4	3.7	9.5	0.7891	5.6	10.2
477	1981	287	5702.4	3.9	9	0.7425	4	1.4
477	1981	288	2851.2	0	8.4	0.6762	0.6	0.1
477	1981	289	8208	1.8	11.8	0.7803	1.2	0
477	1981	290	7862.4	-1.1	11	0.6692	0.6	7.6
477	1981	291	2246.4	6.1	8.8	0.9088	0.9	4.3
477	1981	292	2246.4	4.7	9.5	0.857	1.3	2.3
477	1981	293	2160	8.1	12.6	0.9922	5.4	0.2
477	1981	294	3628.8	3.6	12	0.8567	0.7	0
477	1981	295	2764.8	2	8.2	0.7289	0.2	0
477	1981	296	3196.8	3	8.9	0.7545	0.1	0
477	1981	297	7776	0.7	9.3	0.7151	1.2	0
477	1981	298	4924.8	-1.1	9.3	0.6633	2.4	0.6
477	1981	299	6048	-0.2	10.3	0.7351	0.2	0
477	1981	300	1900.8	2	8.3	0.7491	0.3	3.8
477	1981	301	5529.6	4.1	9.7	0.8056	4	0.1
477	1981	302	2246.4	3.6	11.6	0.8034	4.5	5.1
477	1981	303	5356.8	4.1	9.9	0.7811	3	2.9
477	1981	304	4147.2	3.9	14.6	0.8517	6.6	0.5
477	1981	305	1728	5	12.3	0.8403	3.1	0.4
477	1981	306	1728	9.1	14.4	0.9923	6.8	0
477	1981	307	2678.4	3.5	10	0.7875	0.8	0
477	1981	308	3283.2	6.4	12	1.0465	2.7	0
477	1981	309	4924.8	4.8	9.8	0.8791	5.7	1.4
477	1981	310	5702.4	3.4	9	0.7772	5.3	1.2
477	1981	311	5788.8	-0.4	5.1	0.6222	2.4	0
477	1981	312	3456	-2	3.4	0.5656	2.5	0.6
477	1981	313	3801.6	0.2	4.3	0.6394	2.9	0
477	1981	314	4924.8	0	5.1	0.6312	1.3	0.2
477	1981	315	1468.8	-0.8	4.2	0.6078	4.3	6.7
477	1981	316	1382.4	2.3	6.6	0.7721	2.6	0.4
477	1981	317	4320	4.7	8.7	0.8534	4.3	4.2
477	1981	318	4838.4	1.8	6.5	0.6738	5.5	0.1
477	1981	319	3456	-0.7	4.8	0.5807	0.6	0
477	1981	320	1296	-2.3	0.8	0.5727	1.2	0
477	1981	321	4406.4	-2.3	4.2	0.5694	3.9	0.2
477	1981	322	1987.2	2	9.4	0.7782	3.5	0.5
477	1981	323	4060.8	4	10.8	0.8645	2.8	0.2
477	1981	324	1209.6	-0.3	14.6	0.8397	5.2	1
477	1981	325	1209.6	7.1	16.1	1.0235	4.7	0.7
477	1981	326	1900.8	6.5	12.9	1.0342	4.4	0.4
477	1981	327	3715.2	8.6	14	1.0837	3.9	1
477	1981	328	3110.4	2.7	11.9	0.8075	7.7	0.6
477	1981	329	2851.2	0.9	5.3	0.6563	8	0.4
477	1981	330	1123.2	0.8	2.7	0.6169	3.5	5.9
477	1981	331	1123.2	2.1	7.9	0.7587	4.3	4
477	1981	332	1123.2	1.8	6.3	0.7344	2.5	0
477	1981	333	1814.4	-1.1	3.6	0.622	2.1	0.7
477	1981	334	1555.2	1.6	5.1	0.7301	3.3	3
477	1981	335	1123.2	-0.4	2.5	0.6328	4.5	0.8
477	1981	336	1036.8	0.6	2.1	0.6399	2.5	0.2
477	1981	337	2937.6	-1	3.2	0.5954	1.9	15.4
477	1981	338	1036.8	1.7	7.2	0.7553	6.7	4.9
477	1981	339	2073.6	0.2	2.9	0.5877	6.4	0.1
477	1981	340	1036.8	0.3	2.5	0.6152	1.8	1.3
477	1981	341	2160	-0.1	2.9	0.6152	1.7	2
477	1981	342	1036.8	-0.7	1.5	0.585	1.6	6.3
477	1981	343	1036.8	-2.3	0.8	0.5438	2.1	0.2
477	1981	344	2332.8	-5.9	0.3	0.4476	1.6	0
477	1981	345	950.4	-10.2	-1	0.3867	0.9	6.5
477	1981	346	2419.2	-6.1	-0.7	0.447	3.5	0
477	1981	347	2505.6	-8.9	-0.9	0.3738	3.3	0
477	1981	348	950.4	-11.1	-0.4	0.3584	2.3	4.3
477	1981	349	3110.4	-11.9	-0.4	0.363	0.6	0
477	1981	350	950.4	-12.3	-6.1	0.2926	0.3	0.3
477	1981	351	950.4	-8.4	-6.4	0.3438	0.5	0
477	1981	352	950.4	-10.8	-7.4	0.2796	1.3	3.8
477	1981	353	2764.8	-8.8	-5.1	0.316	5	0.2
477	1981	354	3888	-15.2	-6.6	0.2478	1	0
477	1981	355	1468.8	-19.5	-10.2	0.1817	0.8	0.8
477	1981	356	1987.2	-12.2	-1	0.3209	2.5	0.6
477	1981	357	950.4	-6	-2.2	0.4106	0	0
477	1981	358	950.4	-2.4	-0.6	0.5147	0.1	0.7
477	1981	359	950.4	-2.7	0	0.4872	0.8	0.2
477	1981	360	950.4	-2.3	1	0.5128	1.6	0.3
477	1981	361	950.4	-4.8	-1.7	0.428	0.9	0
477	1981	362	1468.8	-7.9	-1.5	0.3968	1.6	0
477	1981	363	950.4	-6.3	2.1	0.4557	2.9	0.1
477	1981	364	2937.6	-0.9	4	0.5603	3.2	4
477	1981	365	1036.8	1.5	5.6	0.6775	3.6	4.1
