*---------------------------------------------------------------------------*
* Station name: MAGDEBURG                               
* Year: 2019
* Author: Pedro Alencar                                   -999.000: NIL VALUE
* Source: ECAD 
* Comments: 
* Longitude: 52.1031, latitude: 52.1031, altitude: 76 m.
*
* Column  Daily value
* 1       station number
* 2       year
* 3       day
* 4       irradiation                   (kJ m-2 d-1)
* 5       minimum temperature           (degrees Celsius)
* 6       maximum temperature           (degrees Celsius)
* 7       early morning vapour pressure (kPa)
* 8       mean wind speed (height: 2 m) (m s-1)
* 9       precipitation                 (mm d-1)
*
** WCCDESCRIPTION=GERMANY, MAGDEBURG                               
** WCCFORMAT=2
** WCCYEARNR=2019
*---------------------------------------------------------------------------*
   52.1031  11.5842    76.  -0.18 -0.55
477	2019	1	1900.8	2.9	8.6	0.7442	5.5	1.4
477	2019	2	2851.2	-0.9	4.6	0.4678	4.3	0.1
477	2019	3	3024	-2.1	3.8	0.4873	2.1	0
477	2019	4	1036.8	-0.4	5.7	0.6652	3.3	2
477	2019	5	1036.8	4.7	8.1	0.8648	3.5	0.2
477	2019	6	1296	0.7	5.5	0.6716	1.2	1.7
477	2019	7	2073.6	5.3	6.6	0.8291	3.2	3.4
477	2019	8	1296	2.1	7.5	0.7224	5.7	6.5
477	2019	9	1123.2	0.6	2.2	0.6084	4.6	2.7
477	2019	10	1900.8	-0.5	1.7	0.5169	2.7	0.3
477	2019	11	1123.2	0.2	6.6	0.7015	3.3	0.2
477	2019	12	1123.2	5.1	6.5	0.7652	4.2	1
477	2019	13	1123.2	5.7	8.7	0.8629	5.5	5.5
477	2019	14	2160	0.7	6	0.5515	5.1	0.2
477	2019	15	1209.6	2	6.9	0.6798	6.1	0
477	2019	16	1209.6	3.3	7.7	0.6953	4.2	0
477	2019	17	2937.6	0.8	7.5	0.641	4.1	6.8
477	2019	18	5184	-2	3.1	0.4896	2.9	0
477	2019	19	4406.4	-3.8	2.6	0.4913	1.3	0
477	2019	20	5270.4	-7.5	0.7	0.3995	1.1	0
477	2019	21	5011.2	-7.4	-1.2	0.4	1.3	0
477	2019	22	5443.2	-6.9	0.7	0.3842	2.3	0
477	2019	23	2505.6	-7.4	-2.8	0.3389	2.8	0
477	2019	24	1382.4	-4.8	-2.1	0.3411	2	0
477	2019	25	1382.4	-4.2	-0.7	0.3981	1.9	0.9
477	2019	26	1382.4	-0.7	5.4	0.6729	2.9	10.2
477	2019	27	2332.8	3.4	7	0.7428	3.8	1.7
477	2019	28	2678.4	0.4	4.8	0.6261	3	0.9
477	2019	29	3456	-1.5	3.8	0.5511	3	0
477	2019	30	5097.6	-2.5	2.2	0.4654	3.1	0
477	2019	31	6480	-2.3	4.5	0.4763	2.5	0
477	2019	32	2419.2	-2.9	3.1	0.5108	2.2	1.8
477	2019	33	1555.2	0.1	1	0.5977	1.7	0.7
477	2019	34	1641.6	-0.9	1.9	0.5512	2.2	0
477	2019	35	5875.2	-1.1	5.2	0.5312	3.3	0
477	2019	36	1728	2.1	3.9	0.5759	2.8	0
477	2019	37	4492.8	-0.7	6	0.5913	2.4	0
477	2019	38	2160	0.1	6.9	0.5809	3.2	0.1
477	2019	39	5184	1.8	8.5	0.6697	4.4	0.2
477	2019	40	4752	5.3	10.8	0.71	5.3	0.1
477	2019	41	1814.4	3.9	9.6	0.7776	4.7	5.1
477	2019	42	4492.8	2.6	8.7	0.6843	5.1	0.2
477	2019	43	4406.4	1.9	7	0.6378	3.6	0.1
477	2019	44	1987.2	4.3	8.2	0.7703	4.7	0
477	2019	45	8294.4	1.2	12.6	0.6962	2.2	0
477	2019	46	8640	-1.1	14.7	0.6914	1.6	0
477	2019	47	8812.8	-1.1	17	0.7266	1.7	0
477	2019	48	8467.2	-0.4	15.3	0.7745	1.7	0
477	2019	49	9158.4	-0.5	15.6	0.7382	1.7	0
477	2019	50	4492.8	4.1	10.9	0.6943	4.3	0.7
477	2019	51	4492.8	5.6	11.2	0.7712	3.4	0
477	2019	52	4665.6	6.2	12.3	0.8751	3.6	0.3
477	2019	53	5356.8	-0.7	9.4	0.65	2.7	0
477	2019	54	8985.6	-3.1	6.5	0.4559	2.1	0
477	2019	55	10195.2	-3.1	13.2	0.5426	1.2	0
477	2019	56	10281.6	-0.6	15.5	0.5886	2.3	0
477	2019	57	10368	0.8	15.5	0.6174	2.5	0
477	2019	58	10713.6	-0.6	18.6	0.6195	2.2	0
477	2019	59	8380.8	4.4	13.5	0.7318	4	0
477	2019	60	2678.4	4.1	9.5	0.8297	2.6	1
477	2019	61	2764.8	4	7.3	0.6569	3.2	0
477	2019	62	2764.8	7.3	12.2	0.905	4.7	1
477	2019	63	6998.4	6.3	15.3	0.8283	6.5	3.8
477	2019	64	9763.2	2.9	9.1	0.6637	4.7	0.5
477	2019	65	9763.2	1.7	13	0.7385	3.9	3.3
477	2019	66	8726.4	7.8	16.2	0.9108	5.2	0
477	2019	67	7171.2	4.6	9.7	0.6576	5	1.5
477	2019	68	8380.8	4.8	13.8	0.8078	5.9	4.5
477	2019	69	3110.4	0.7	7.1	0.6783	3.3	12.7
477	2019	70	6307.2	1.9	6.4	0.6738	5.9	1.7
477	2019	71	9504	1.3	9.3	0.6055	4.3	0
477	2019	72	7257.6	4.4	9.9	0.6576	5.5	1.2
477	2019	73	3369.6	5	7.7	0.7661	5.6	8.7
477	2019	74	4147.2	6.1	12.2	0.8228	5.9	0.1
477	2019	75	3456	5.1	11.3	0.8151	4.3	2.7
477	2019	76	7257.6	4	11.4	0.7458	4.8	1.8
477	2019	77	10800	2.6	9.3	0.6707	5.3	1
477	2019	78	9590.4	0.6	10	0.659	2.8	0.1
477	2019	79	14083.2	0.3	13.7	0.6709	2.4	0
477	2019	80	11923.2	6.1	16.5	1.0034	1.7	0
477	2019	81	14774.4	2.8	17.7	1.0106	1.6	0
477	2019	82	14774.4	3.9	15.4	0.9588	2.1	0
477	2019	83	13392	2	11.9	0.6786	1.9	1.3
477	2019	84	10281.6	3.4	8.9	0.6989	3.4	0.2
477	2019	85	6998.4	1.6	8.4	0.7064	3.5	2.2
477	2019	86	8035.2	5.1	12.2	0.8515	2.9	2.6
477	2019	87	5702.4	7.8	12.3	1.0587	2.2	0.1
477	2019	88	11491.2	5.3	15.2	0.9732	1.8	0
477	2019	89	18057.6	1.9	19.7	0.8542	2	0
477	2019	90	9158.4	3.3	12.5	0.6815	2.3	0
477	2019	91	18748.8	0.3	12.7	0.4548	2.7	0
477	2019	92	14860.8	2	15.7	0.5792	3	0.5
477	2019	93	8899.2	9.4	16.2	1.078	1.8	0.6
477	2019	94	10108.8	4	13.6	0.9621	1.9	0
477	2019	95	4406.4	4.4	10.5	0.8984	1.6	0
477	2019	96	16588.8	2.6	21.9	0.9543	1.7	0
477	2019	97	19440	4.9	20.6	0.8242	2.1	0
477	2019	98	19094.4	4	20.2	0.7616	2.5	0
477	2019	99	18748.8	3	13.4	0.6412	3.2	0
477	2019	100	15724.8	0.2	11.2	0.5219	2.5	0
477	2019	101	6048	3.3	7.6	0.4859	2.9	0
477	2019	102	4752	2.2	5.3	0.5433	2.6	0.7
477	2019	103	6652.8	1.5	7.4	0.5707	2.8	0
477	2019	104	4924.8	0.3	6.8	0.6539	2.6	1.6
477	2019	105	21772.8	0.8	14.8	0.5606	2.5	0
477	2019	106	21945.6	0.7	16.8	0.5415	2.6	0
477	2019	107	22118.4	4.6	18.8	0.577	2.5	0
477	2019	108	22377.6	3.2	21.9	0.6828	2.4	0
477	2019	109	22636.8	4.5	23.4	0.7003	2.2	0
477	2019	110	22809.6	4.2	22.3	0.6539	2	0
477	2019	111	23068.8	3.3	22.9	0.6626	1.7	0
477	2019	112	23328	4.5	20.7	0.6559	3.2	0
477	2019	113	19094.4	10	20.6	0.8855	4.9	0
477	2019	114	20736	11.6	24.6	1.182	3.7	1.5
477	2019	115	22377.6	8.5	25.1	0.9935	2.3	0
477	2019	116	18489.6	9.8	20	1.1169	3.5	5.3
477	2019	117	14169.6	8.2	19.6	1.1739	2.6	9.8
477	2019	118	15465.6	7.7	15.3	1.0303	2.1	1
477	2019	119	6998.4	5.2	13.1	0.9851	2.3	1.7
477	2019	120	24278.4	1.7	19.7	0.7328	2.6	0.1
477	2019	121	21427.2	8	19.8	1.0787	2.4	0
477	2019	122	12182.4	7.3	15.9	1.0372	3.7	1.1
477	2019	123	18403.2	5.7	12.1	0.6837	3	0.1
477	2019	124	14688	1.8	11.1	0.6557	2.5	0
477	2019	125	20131.2	1	12.7	0.5749	1.9	0.1
477	2019	126	16848	1.3	13	0.6576	3	0.6
477	2019	127	21600	5.1	13.6	0.7283	1.9	0
477	2019	128	16502.4	2.6	17.1	0.8867	2.6	3.9
477	2019	129	15724.8	10.5	19	1.1396	2.3	0
477	2019	130	13910.4	8	16.7	1.0036	2.8	0
477	2019	131	5961.6	7.3	10.4	0.9881	2.4	8.6
477	2019	132	26179.2	4.9	16.4	0.7176	2.9	0
477	2019	133	25574.4	3.2	17.2	0.6342	2.5	0
477	2019	134	23673.6	3.6	14.9	0.595	3.2	0
477	2019	135	13824	0.4	15	0.5042	3.1	1.3
477	2019	136	6134.4	6.4	10	0.9455	2.2	7.6
477	2019	137	13219.2	7.4	18.6	1.167	1.8	0
477	2019	138	26956.8	7.1	21.5	1.1233	1.8	0
477	2019	139	25574.4	9.4	26.2	1.2007	2.1	0
477	2019	140	19872	12.6	25.2	1.7005	2.6	8.3
477	2019	141	14256	13.2	22.6	1.7407	2.3	0.9
477	2019	142	14169.6	7.2	16.3	1.1164	2.9	0
477	2019	143	26352	6.9	20.7	0.9614	1.5	0
477	2019	144	26438.4	8	23.6	1.0577	2	0
477	2019	145	14428.8	8.8	17	1.0405	2	0
477	2019	146	22464	8.2	22.5	1.0103	3.5	0
477	2019	147	9504	12.8	20.4	1.3016	2.6	0.7
477	2019	148	15552	10.7	19	1.0458	2	0
477	2019	149	24019.2	7.4	17.7	0.7845	2.1	0
477	2019	150	21600	5.3	22.5	0.9677	2.7	0
477	2019	151	20563.2	13.5	24.2	1.63	2.3	0.5
477	2019	152	25401.6	14.1	27.1	1.5502	2.1	0
477	2019	153	28598.4	13.1	31.4	1.4468	2.3	0
477	2019	154	24624	15.9	33.4	1.7955	2.5	1
477	2019	155	27907.2	14.7	30.2	1.6272	1.6	0
477	2019	156	24710.4	18.3	34.6	1.6531	2	0
477	2019	157	18921.6	14.1	25.6	1.5726	2.7	3.8
477	2019	158	24278.4	12.8	25.9	1.3901	2.3	9.3
477	2019	159	22982.4	12.4	21	1.1011	4.2	0
477	2019	160	26438.4	10.8	25.1	0.9861	2	0.3
477	2019	161	16416	17.2	28.6	1.5607	1.6	0.1
477	2019	162	22032	15.9	25.6	1.6868	2.3	28.1
477	2019	163	14083.2	14.8	25.9	1.9797	2.4	0.2
477	2019	164	25056	14.3	26	1.5078	2.3	3.8
477	2019	165	23500.8	11.8	29.4	1.3564	2.2	0
477	2019	166	23414.4	15.6	29.5	1.7462	3	0
477	2019	167	13046.4	13.1	20.8	1.4658	1.3	1.3
477	2019	168	27907.2	13.1	27.6	1.5027	1.2	0
477	2019	169	28166.4	15.9	30.2	1.4624	1.9	0
477	2019	170	25401.6	17.5	32.5	1.7385	2.2	5.8
477	2019	171	18316.8	15.4	25.9	1.7979	2.3	16.5
477	2019	172	23587.2	13.9	23.8	1.5213	1.6	0
477	2019	173	23760	12.7	26.4	1.2939	3	0
477	2019	174	29289.6	15.1	28.7	1.2065	2.8	0
477	2019	175	29030.4	15.7	30.4	1.2655	2.2	0
477	2019	176	28598.4	15.4	34.1	1.4948	2.1	0
477	2019	177	28857.6	18.4	34.4	1.8543	2.6	0
477	2019	178	27648	13.6	25	1.3187	2.6	0
477	2019	179	23500.8	13.9	24.4	1.2622	1.6	0
477	2019	180	29376	11.6	31.9	1.1695	1.2	0
477	2019	181	28512	16.1	37.5	1.4414	2.8	0
477	2019	182	21686.4	14.5	27.3	1.283	2.7	0.6
477	2019	183	25574.4	11.2	22.3	0.9903	3	0
477	2019	184	21513.6	8.4	20.5	0.937	2	0
477	2019	185	26092.8	7.9	23.1	0.9497	2	0
477	2019	186	15552	14.1	24.9	1.2673	2.9	0
477	2019	187	15206.4	13.6	25.6	1.5256	2.6	4.9
477	2019	188	18835.2	10.9	20.2	1.1115	2.8	0
477	2019	189	12096	9.4	18.6	1.0219	2.8	0
477	2019	190	8467.2	9.5	17.4	1.0477	2.3	0
477	2019	191	22204.8	7.9	22.7	1.0938	2	0
477	2019	192	11664	14.2	22.2	1.2729	1.2	0.6
477	2019	193	14428.8	14.4	24.4	1.7542	1.4	7.7
477	2019	194	10800	14.3	23.6	1.837	2.1	11.3
477	2019	195	6566.4	13.2	18.1	1.4027	1.5	0
477	2019	196	6566.4	13.1	17.8	1.2622	2.2	0.1
477	2019	197	10281.6	12.7	18.6	1.3672	3.3	0
477	2019	198	24192	12.7	24.1	1.3524	1.4	0
477	2019	199	17020.8	11.8	26.6	1.2883	1.6	0.2
477	2019	200	12355.2	15.8	25.2	1.5647	2	0
477	2019	201	22550.4	14.2	31.4	1.7729	2.3	3.6
477	2019	202	23760	15.5	26.9	1.6837	2.4	0
477	2019	203	16243.2	13.5	26.6	1.4283	2	0
477	2019	204	27388.8	16.7	32.6	1.7026	1.6	0
477	2019	205	27302.4	16.3	35.2	1.5862	1.6	0
477	2019	206	26092.8	17.4	36.2	1.4765	1.9	0
477	2019	207	26956.8	17.6	31.8	1.4593	3	0
477	2019	208	25574.4	19.3	29.5	1.4639	3.2	0
477	2019	209	23068.8	19.3	31.5	1.6832	2.4	1.4
477	2019	210	14601.6	20	26.5	2.1063	2.2	0
477	2019	211	17884.8	18.5	29.1	1.883	2	10.4
477	2019	212	12355.2	17	24.3	1.8708	1.4	1.5
477	2019	213	19094.4	15	26.2	1.4775	1.7	0
477	2019	214	14083.2	15.2	25.7	1.6079	1.4	8.4
477	2019	215	18921.6	13.3	25.1	1.5993	1.5	0
477	2019	216	18576	13.8	24.5	1.4614	1.6	0
477	2019	217	9331.2	14.6	27.4	1.688	2.1	2.2
477	2019	218	18748.8	16	27.2	1.6997	2.2	0.8
477	2019	219	9590.4	16.1	25.2	1.6279	1.9	0.1
477	2019	220	23673.6	15.2	27.1	1.3529	3.2	0
477	2019	221	18489.6	12.2	29.7	1.4849	1.6	0.3
477	2019	222	15638.4	17.8	27.1	1.6001	3.7	0
477	2019	223	20217.6	15.9	28.8	1.24	2.9	2.2
477	2019	224	19094.4	15.1	25.2	1.39	2.6	0
477	2019	225	15897.6	12.6	21.9	1.1597	3.2	0
477	2019	226	22118.4	11.9	22.9	1.0517	2.6	0
477	2019	227	7862.4	13.1	22.5	1.4245	2.5	4.3
477	2019	228	18144	14.4	23.5	1.3996	2.9	0.1
477	2019	229	10108.8	14.3	26.9	1.4775	2.9	0.6
477	2019	230	10368	16	27.4	2.0469	2.7	7.2
477	2019	231	20131.2	13.7	24.3	1.4479	2.5	0
477	2019	232	15465.6	14.4	23.5	1.2247	1.5	0
477	2019	233	21772.8	11.7	23.6	1.1491	1.7	0
477	2019	234	22377.6	9.4	27.6	1.1057	1.4	0
477	2019	235	22377.6	11.8	29.5	1.1662	1.4	0
477	2019	236	21859.2	11.9	30.1	1.3405	2.1	0
477	2019	237	18748.8	15.7	33.1	1.7384	1.8	0
477	2019	238	21427.2	16.3	33	1.7336	1.7	0
477	2019	239	16675.2	17.1	32.6	2.0676	1.6	0
477	2019	240	16243.2	17.3	33.4	2.13	1.6	0
477	2019	241	16675.2	16.7	29.7	1.8162	1.7	0.1
477	2019	242	12096	19	29	1.9057	1.6	0
477	2019	243	20390.4	16.2	34	1.7489	1.9	0
477	2019	244	12700.8	13.7	24.8	1.4037	2.2	0
477	2019	245	16588.8	10.2	21.4	1.0756	2.1	0
477	2019	246	7084.8	9.8	20.5	1.0834	2.8	0
477	2019	247	17280	12.3	26.4	1.3004	2.5	0.1
477	2019	248	15292.8	10.5	21.7	1.1695	3.5	0.1
477	2019	249	18835.2	7.8	21.6	0.9021	2.2	0
477	2019	250	8380.8	10.6	20.4	1.1431	1.5	0.9
477	2019	251	13651.2	9.5	20.9	1.1904	1	0.4
477	2019	252	4060.8	12.3	14.3	1.3579	1.7	11.7
477	2019	253	16675.2	10.6	19.8	1.1386	3.3	0
477	2019	254	15465.6	7.1	22.8	1.0186	2.5	0.2
477	2019	255	12096	14.3	23.7	1.5575	2.5	0
477	2019	256	10627.2	9.6	22.8	1.2138	3	0
477	2019	257	16761.6	6.7	20.2	1.0014	1.2	0
477	2019	258	15379.2	8.7	24.5	0.9809	3.1	1.8
477	2019	259	3715.2	10.4	15.3	1.2297	2.2	0.8
477	2019	260	11491.2	9.2	16.5	1.0963	4	0.5
477	2019	261	12528	7.3	16.7	0.9948	2.8	1.1
477	2019	262	14947.2	6.6	16.6	0.887	2.2	0
477	2019	263	11059.2	5.9	17.7	0.9818	1.6	0
477	2019	264	15638.4	4.7	22.7	0.9709	1.4	0
477	2019	265	15292.8	7.4	25.4	1.1176	1.8	0
477	2019	266	12355.2	6.7	21.6	1.1931	1.8	1.8
477	2019	267	9676.8	14.1	21.9	1.5662	1.7	1.4
477	2019	268	6739.2	11.4	18.4	1.4722	1.7	2.1
477	2019	269	9244.8	9.9	21.7	1.4521	2	5.4
477	2019	270	7516.8	12.9	18.3	1.5399	2.1	6.6
477	2019	271	10281.6	13.1	20	1.3915	3.8	0.2
477	2019	272	4492.8	13.9	18.4	1.3566	4	3.4
477	2019	273	8899.2	11.4	17.2	1.221	6.1	1.5
477	2019	274	6048	11.2	19.5	1.4109	3.4	11.9
477	2019	275	8985.6	7.8	14.7	1.0668	3	0.9
477	2019	276	9676.8	8.1	14.9	1.0303	2.6	0
477	2019	277	2851.2	8.4	12.4	1.1342	2	17.6
477	2019	278	6566.4	3.9	12.4	0.899	3.2	0
477	2019	279	2764.8	2.3	10.2	0.8084	1.9	0
477	2019	280	11577.6	-0.7	12.2	0.689	1.5	0.3
477	2019	281	2678.4	6.7	15.1	1.0944	3.1	0.9
477	2019	282	8294.4	8.8	15.8	1.1147	3.3	2.1
477	2019	283	8467.2	8.4	15	1.044	3.9	0.2
477	2019	284	3024	9.9	16.4	1.1029	4.8	0
477	2019	285	10454.4	13.7	21.1	1.3692	4	0
477	2019	286	8294.4	13.2	24.3	1.5551	2.8	0
477	2019	287	10627.2	12.3	22.7	1.4977	1.8	0
477	2019	288	8640	11.1	24.8	1.705	1.3	3.5
477	2019	289	5270.4	11.8	15.8	1.3239	3.5	6.6
477	2019	290	4233.6	12.8	18.6	1.3894	2.6	8.2
477	2019	291	5356.8	8.9	18.2	1.2716	2.7	1.4
477	2019	292	2678.4	9.3	16.2	1.1775	2.3	0
477	2019	293	4060.8	11.6	17.2	1.4091	1.6	0.5
477	2019	294	4665.6	9.7	20.5	1.4399	1.4	0
477	2019	295	6825.6	8.2	17.5	1.2	1.1	0
477	2019	296	8208	7.4	18.3	1.2741	1.3	0
477	2019	297	2419.2	9.8	13.4	1.3237	2.2	0
477	2019	298	7948.8	11.4	17.7	1.2243	2.8	0
477	2019	299	8121.6	10.7	20.2	1.2271	4.2	0
477	2019	300	1900.8	6.4	17	0.9891	3.2	0.7
477	2019	301	7430.4	5.3	13.4	0.928	2.5	0
477	2019	302	6998.4	0.7	10.9	0.7744	1.5	0
477	2019	303	7516.8	-1.5	9.1	0.6655	1.3	0
477	2019	304	7948.8	-4.3	7.3	0.5719	1.1	0
477	2019	305	5616	-2.5	6.8	0.6206	2.8	1.8
477	2019	306	4406.4	6.8	17.6	1.2068	3	3.3
477	2019	307	2937.6	10.1	15.7	1.2931	2.1	3.7
477	2019	308	3715.2	9.3	14	1.1638	2.3	1.5
477	2019	309	3110.4	7.1	12	1.0119	2.2	0.2
477	2019	310	1555.2	6.6	9.2	0.9477	1.9	3.2
477	2019	311	3456	5.8	12.8	0.9951	1.8	0
477	2019	312	1555.2	3.2	8.9	0.8442	1.7	3.2
477	2019	313	2505.6	1.7	8.6	0.7579	1.9	0.2
477	2019	314	6307.2	-0.9	9.3	0.7092	1.1	0.6
477	2019	315	5184	-1.2	5.5	0.6206	2.3	0
477	2019	316	4147.2	2.3	9	0.7117	2.8	0
477	2019	317	2592	1.1	7.4	0.6703	2.1	0
477	2019	318	5616	1.8	8.7	0.7188	2.2	0
477	2019	319	1382.4	2.1	9.4	0.7993	2.5	5.6
477	2019	320	2246.4	0.4	7.9	0.7231	2.6	0.2
477	2019	321	1296	-0.8	6	0.7071	1.9	0.7
477	2019	322	1296	3.9	7.3	0.8365	2.1	1.7
477	2019	323	5184	3.1	8.6	0.7216	3	0.5
477	2019	324	1209.6	3.2	6.1	0.7489	0.9	0.4
477	2019	325	1209.6	4.9	7.5	0.9288	1.4	0.8
477	2019	326	1814.4	3.4	7.3	0.8489	1.7	0
477	2019	327	4406.4	3.2	9.5	0.8714	2.4	0
477	2019	328	1209.6	3.4	6.3	0.794	2.3	0
477	2019	329	1123.2	2.8	4.4	0.7748	1.9	0.2
477	2019	330	3715.2	2.9	9.6	0.875	1.6	0
477	2019	331	1123.2	4.8	9.8	0.9404	2.9	2.9
477	2019	332	2073.6	8.9	13.1	0.9836	4.6	0.8
477	2019	333	3456	0.9	8.9	0.6668	4	0
477	2019	334	4579.2	-0.3	7	0.668	2.1	0
477	2019	335	2160	-2.7	2.8	0.5703	0.9	0
477	2019	336	1728	0.8	6	0.686	2.6	0.1
477	2019	337	1036.8	2.2	7	0.7463	2.3	0
477	2019	338	4320	-1.3	8.4	0.6775	1.5	0
477	2019	339	4320	-2.4	5.8	0.5871	1.5	0
477	2019	340	1036.8	-0.7	7	0.605	4	2.8
477	2019	341	1296	6.4	9.6	0.8792	4.7	0.7
477	2019	342	1036.8	5	11.4	0.7934	4.5	0.8
477	2019	343	2592	4.2	9.7	0.7684	3.8	1.1
477	2019	344	3801.6	1.3	6.5	0.6379	3.5	0
477	2019	345	950.4	0.5	4.9	0.6083	3.8	15.2
477	2019	346	1468.8	0.5	5.5	0.6895	2.4	0
477	2019	347	2937.6	-0.3	2.7	0.5797	2.9	1.4
477	2019	348	1555.2	2.2	6.3	0.6951	4	4.9
477	2019	349	3196.8	2	9.7	0.6753	4.4	0.9
477	2019	350	950.4	2.9	9.5	0.834	2.1	0.6
477	2019	351	1814.4	5.3	14.2	0.8688	3.2	0
477	2019	352	1555.2	1.9	15.1	0.8873	2.4	0
477	2019	353	3196.8	2.1	7.3	0.8113	2.2	0
477	2019	354	3456	1.8	9.6	0.7874	2.8	1.1
477	2019	355	3888	1	9.9	0.7648	2.2	0
477	2019	356	950.4	0.7	6.4	0.7326	2.4	0.6
477	2019	357	2332.8	4.7	9.3	0.8111	3.5	0
477	2019	358	2419.2	3.5	7.8	0.7938	3	5
477	2019	359	950.4	3.8	7.1	0.8368	1.7	0.4
477	2019	360	2246.4	3.6	6.6	0.7552	2.1	0.1
477	2019	361	950.4	-0.9	4.1	0.6104	1.5	0.2
477	2019	362	950.4	-2.7	1.3	0.4993	1.2	0
477	2019	363	3542.4	-3.7	3.5	0.5095	1.5	0
477	2019	364	2419.2	-0.2	10.7	0.4792	1.8	0
477	2019	365	3110.4	0.6	7.8	0.6515	2.8	0
