*---------------------------------------------------------------------------*
* Station name: MAGDEBURG                               
* Year: 2007
* Author: Pedro Alencar                                   -999.000: NIL VALUE
* Source: ECAD 
* Comments: 
* Longitude: 52.1031, latitude: 52.1031, altitude: 76 m.
*
* Column  Daily value
* 1       station number
* 2       year
* 3       day
* 4       irradiation                   (kJ m-2 d-1)
* 5       minimum temperature           (degrees Celsius)
* 6       maximum temperature           (degrees Celsius)
* 7       early morning vapour pressure (kPa)
* 8       mean wind speed (height: 2 m) (m s-1)
* 9       precipitation                 (mm d-1)
*
** WCCDESCRIPTION=GERMANY, MAGDEBURG                               
** WCCFORMAT=2
** WCCYEARNR=2007
*---------------------------------------------------------------------------*
   52.1031  11.5842    76.  -0.18 -0.55
477	2007	1	1641.6	5	12.6	0.8376	6.4	1.7
477	2007	2	1555.2	2.3	6.6	0.6714	4.5	0.3
477	2007	3	2160	4.5	7.1	0.7652	3.9	2.1
477	2007	4	1555.2	5.9	9.4	0.827	5.1	0.9
477	2007	5	1382.4	7.5	9.2	0.8783	5.1	0.2
477	2007	6	1468.8	7.1	10.8	0.9833	2.8	8.1
477	2007	7	1900.8	5.5	10.2	0.9021	3.3	0.2
477	2007	8	1036.8	5.4	10.7	0.8606	3.8	1.1
477	2007	9	1382.4	7.9	14.9	0.9831	4.1	0
477	2007	10	2332.8	6.8	13.7	0.8734	5.2	2.7
477	2007	11	1123.2	5.4	9.1	0.7334	6.5	8.9
477	2007	12	2764.8	4.3	12.4	0.7905	7.1	0
477	2007	13	1123.2	10	13	1.0032	5.8	1.2
477	2007	14	3801.6	3.6	12.2	0.7135	6.1	0
477	2007	15	4752	0.9	9.4	0.6874	3	0
477	2007	16	1209.6	-0.3	7.7	0.6688	2.5	1.9
477	2007	17	3628.8	5.8	11.9	0.9086	4.1	2.4
477	2007	18	1209.6	6.3	14.7	1.0149	7.3	22
477	2007	19	2851.2	5.1	10.6	0.8065	6.8	3.9
477	2007	20	2073.6	6.4	14.6	0.9642	5	1.8
477	2007	21	2505.6	4.1	7.8	0.68	6.5	0.6
477	2007	22	3283.2	-4.1	6.3	0.4962	4	0.7
477	2007	23	5443.2	-6.7	0.1	0.3641	1.5	0
477	2007	24	1382.4	-6.2	-1.9	0.3759	2.9	0
477	2007	25	4492.8	-7.3	-0.1	0.372	2.6	0
477	2007	26	1900.8	-8	2	0.392	5	0.4
477	2007	27	4752	-0.2	4	0.5535	4.5	0
477	2007	28	1468.8	1.9	6.6	0.6869	7	4.2
477	2007	29	3196.8	2.9	7.7	0.7213	3.9	1.5
477	2007	30	1468.8	3	7.8	0.7263	3.6	0
477	2007	31	4492.8	5.6	8.6	0.7562	5.3	0
477	2007	32	5356.8	4.2	9.6	0.7956	3.2	0.6
477	2007	33	1555.2	5.4	9.7	0.9254	3.3	0.1
477	2007	34	4752	4.9	10	0.8158	3.8	0
477	2007	35	2937.6	-0.8	7.9	0.6854	2.2	0
477	2007	36	3715.2	-1.3	5	0.6284	2.9	1.4
477	2007	37	3110.4	-2	4.5	0.5685	2.4	0.1
477	2007	38	5356.8	-4.7	4.2	0.528	1.4	1
477	2007	39	1814.4	-1.1	1.1	0.5804	1.8	5.1
477	2007	40	3024	-2.8	5.6	0.6152	1.4	0.1
477	2007	41	1814.4	-2.6	0.4	0.5188	3.1	1.3
477	2007	42	1900.8	-2.6	4.6	0.6043	3.1	2.7
477	2007	43	4233.6	1.3	8.3	0.7654	2.8	2.8
477	2007	44	1987.2	5.5	8	0.8662	4	5.2
477	2007	45	5443.2	3.1	9.5	0.7825	2.5	2.6
477	2007	46	1987.2	4	5.9	0.7561	3.1	0.2
477	2007	47	4233.6	3	6.2	0.653	3.3	0
477	2007	48	8121.6	1.6	9.3	0.6839	4.3	0
477	2007	49	8294.4	0.1	11.4	0.735	2	0
477	2007	50	3542.4	-0.7	7.1	0.5687	1.2	0
477	2007	51	4579.2	-1.5	7.2	0.6148	0.8	0
477	2007	52	8294.4	0.8	12.9	0.8127	3.1	3.2
477	2007	53	7948.8	5.8	12.2	0.8834	2.1	0
477	2007	54	2332.8	0.4	6.1	0.6556	3.2	0
477	2007	55	7084.8	0.6	12.4	0.7547	3.6	0
477	2007	56	2419.2	3.9	9.8	0.8425	2.9	3
477	2007	57	2505.6	4.1	9	0.8156	4.5	1.1
477	2007	58	4579.2	2.9	7.3	0.6762	4.5	5.5
477	2007	59	5443.2	3.5	12.8	0.834	4.5	1.5
477	2007	60	5702.4	5.2	11.8	0.854	4.5	3.5
477	2007	61	5097.6	3.7	9	0.7278	6.1	0.2
477	2007	62	2764.8	0.2	4.4	0.6489	2.1	5.3
477	2007	63	7776	2.1	10.5	0.7921	1.9	0
477	2007	64	5443.2	3.2	12.4	0.7827	3.8	0
477	2007	65	6048	3.1	13.4	0.7961	3.5	1
477	2007	66	3024	4.5	12.6	0.8347	3	0.1
477	2007	67	4579.2	1.9	10.4	0.765	2.5	0
477	2007	68	9676.8	2.5	13.6	0.8176	2.5	0.6
477	2007	69	10713.6	3.6	10.6	0.7562	2.8	0
477	2007	70	13824	3.3	15.6	0.8396	2.6	0
477	2007	71	14256	1.7	18.1	0.8653	1.3	0
477	2007	72	13046.4	4.1	19.1	1.0235	1.4	0
477	2007	73	12182.4	1.3	13.1	0.7614	1.9	0
477	2007	74	13392	0.9	13.7	0.7768	1.5	0
477	2007	75	10281.6	-0.1	13.7	0.7408	2.8	0.3
477	2007	76	4320	7.3	11.1	0.9303	5.5	0.9
477	2007	77	3542.4	2.2	11	0.7404	5.7	3.5
477	2007	78	11923.2	-0.2	8.7	0.5627	3.2	0
477	2007	79	11059.2	-1.9	8.8	0.6258	2.1	1.4
477	2007	80	3715.2	0.5	3.7	0.6326	3.3	12.8
477	2007	81	3715.2	0.5	4.3	0.7043	2.6	16.3
477	2007	82	13305.6	1.6	11.9	0.7579	4.2	3.1
477	2007	83	13564.8	5.6	14.6	0.7782	4.4	0
477	2007	84	17020.8	5.6	16.1	0.7142	3.7	0
477	2007	85	17452.8	2.8	16.1	0.6268	3.3	0
477	2007	86	17452.8	2.8	16.8	0.6174	2.7	0
477	2007	87	17280	1.3	17.7	0.6407	2.3	0
477	2007	88	16156.8	5.7	15.6	0.7432	3.4	0
477	2007	89	15984	3.3	15.2	0.7467	2.1	0.2
477	2007	90	15724.8	4.8	17.6	0.7443	2.6	0
477	2007	91	18403.2	3.9	18.5	0.5582	3.1	0
477	2007	92	17366.4	1.9	18.9	0.7435	1.4	0
477	2007	93	10368	2.1	9.9	0.7665	2.4	3.9
477	2007	94	19180.8	0.8	10.8	0.5532	2.2	0
477	2007	95	9676.8	0.9	13.1	0.761	3.1	0
477	2007	96	6048	3.1	12.6	0.8384	2.2	0
477	2007	97	16329.6	0.9	13.8	0.6974	1.9	0
477	2007	98	7084.8	4.2	13.6	0.8433	2.9	0
477	2007	99	10972.8	7.7	15.2	0.8918	3.7	0
477	2007	100	10800	7.5	16.5	1.0369	3.4	0
477	2007	101	11923.2	6.2	17.1	0.9995	2.3	0
477	2007	102	21081.6	4.1	20.5	0.9861	1.3	0
477	2007	103	20822.4	5.5	24.2	0.9277	2.3	0
477	2007	104	21686.4	5.2	25.4	0.7987	2.1	0
477	2007	105	21945.6	4.5	24.8	0.7993	2.2	0
477	2007	106	21772.8	7.9	25.8	0.9774	1.9	0
477	2007	107	15465.6	4.7	19.7	0.9228	2.1	0
477	2007	108	17107.2	2.3	13.8	0.6885	2.5	0
477	2007	109	21945.6	1.5	17.9	0.6734	4.1	0
477	2007	110	8812.8	0.2	12	0.5459	2.6	0
477	2007	111	22982.4	-0.8	13	0.5553	1.2	0
477	2007	112	23241.6	0.7	19.9	0.6384	1.9	0
477	2007	113	20995.2	3.8	22.5	0.831	1.6	0.7
477	2007	114	5961.6	11.5	18.5	1.3966	1.4	0.6
477	2007	115	21340.8	8.8	24.5	1.2679	1.9	0
477	2007	116	23932.8	8.1	25.5	0.9744	1.7	0
477	2007	117	23846.4	7.3	27.7	1.0384	1.2	0
477	2007	118	22723.2	8.5	26.7	1.0852	2.4	0
477	2007	119	24537.6	6.3	16.9	0.5595	3.2	0
477	2007	120	24192	-0.1	19	0.5676	2.3	0
477	2007	121	24969.6	1.7	17.6	0.5034	1.9	0
477	2007	122	24192	2.2	19.6	0.6384	1	0
477	2007	123	24537.6	4.2	22.3	0.7756	2.1	0
477	2007	124	25488	4.4	23.3	0.5692	2.2	0
477	2007	125	24537.6	5.9	24.1	0.6813	2.3	0
477	2007	126	25142.4	6.1	24.5	0.8681	1.6	0.1
477	2007	127	5875.2	10.6	15.8	1.2429	2.2	22.5
477	2007	128	13392	9.9	15.9	1.1891	4.4	3.7
477	2007	129	17539.2	9.1	16.8	1.029	4.4	1.7
477	2007	130	9763.2	10.7	17.9	1.3187	3.9	1
477	2007	131	13305.6	7.7	17.6	1.1698	4.5	6.1
477	2007	132	15120	7.4	17.9	1.1844	3.3	2.1
477	2007	133	17366.4	9.8	21.8	1.3445	2.2	3.5
477	2007	134	12873.6	11.5	20.9	1.4528	2.7	12.3
477	2007	135	12009.6	6.1	14.6	1.0676	1.8	0.7
477	2007	136	20217.6	4.6	18	1.0168	3.1	5
477	2007	137	17884.8	5	14.2	0.8242	2.9	0.5
477	2007	138	27302.4	2.9	20.3	0.8734	1.9	0
477	2007	139	19699.2	9.2	23.3	1.3652	1.7	0
477	2007	140	20822.4	14.5	27.6	1.5189	1.9	0
477	2007	141	27734.4	13.4	30.4	1.6786	1.7	0
477	2007	142	24537.6	15.3	26.3	1.8391	1.6	0
477	2007	143	13305.6	13.7	21.4	1.5425	1.6	0
477	2007	144	20131.2	11.5	27.5	1.5841	1.5	0
477	2007	145	24105.6	15.4	30.4	2.0623	2.1	4.8
477	2007	146	19353.6	15.9	28.3	2.2301	1.7	11.1
477	2007	147	18748.8	13.6	25.4	1.8783	1.9	1.9
477	2007	148	10713.6	11.5	18.1	1.4628	1.7	1.6
477	2007	149	6480	10	16.8	1.4282	3.1	12.2
477	2007	150	23846.4	8.6	18.8	1.0492	2.6	0
477	2007	151	26784	7.1	21.3	0.9543	1.5	0
477	2007	152	22636.8	8.4	23.4	1.1547	2	0
477	2007	153	7776	12.9	18.5	1.4785	1.9	0.4
477	2007	154	8812.8	13.4	19	1.5448	1.6	0
477	2007	155	7430.4	15.3	20.4	1.6944	1.4	0
477	2007	156	13996.8	13	22.4	1.6987	1.6	3.8
477	2007	157	17020.8	12.7	25.5	1.8322	1.3	2.7
477	2007	158	25228.8	15.4	29.9	1.8941	2	0
477	2007	159	27820.8	15.7	30.6	1.6976	1.7	0
477	2007	160	25056	15.9	31.9	1.6279	1.7	0.1
477	2007	161	28425.6	15.7	30.2	1.5095	1.5	0
477	2007	162	27561.6	14.6	30.4	1.4689	1.4	0
477	2007	163	23155.2	15.3	29.1	1.8164	1.9	0
477	2007	164	16416	17.3	24.8	1.7679	2	0
477	2007	165	20217.6	14.6	27.9	1.6889	1.2	14.4
477	2007	166	20908.8	16	26.6	2.0481	1.7	52.4
477	2007	167	20736	14	23.8	1.6133	3.5	0
477	2007	168	22982.4	13	24.3	1.3737	2.5	2.8
477	2007	169	19267.2	13.1	23.3	1.6694	2.6	2.8
477	2007	170	27216	13.2	26.5	1.5726	0.9	0
477	2007	171	23414.4	15.6	30.8	2.0432	1.9	14.9
477	2007	172	6825.6	12.9	19.8	1.6339	2.3	16.2
477	2007	173	17712	12.9	23.5	1.6277	2.3	4.7
477	2007	174	13219.2	13.9	20.2	1.5916	2.5	4.6
477	2007	175	22809.6	12.9	23.1	1.4837	2	0.2
477	2007	176	16416	14.4	26.8	1.8408	2.2	3.9
477	2007	177	17625.6	10.9	19.5	1.2594	5.8	0.7
477	2007	178	18835.2	9.7	17.2	0.986	6.5	0.3
477	2007	179	17107.2	9.8	18.9	1.1923	3.8	3
477	2007	180	14515.2	8.6	21.5	1.2815	3.1	2.6
477	2007	181	14169.6	13.2	21.2	1.3912	3.3	0.2
477	2007	182	11836.8	13.4	26.4	1.6934	1.3	0
477	2007	183	11491.2	14.9	22.1	1.7436	1.8	4.4
477	2007	184	19785.6	12.1	22.5	1.4789	2.9	7.2
477	2007	185	15984	13.1	20.1	1.4903	3	0.6
477	2007	186	16156.8	13.3	20.9	1.4993	4.4	2.6
477	2007	187	16243.2	12.2	21.3	1.3522	5	0.1
477	2007	188	15638.4	13	21.9	1.3337	6.1	0
477	2007	189	25228.8	11.2	23.5	1.2264	2.6	1
477	2007	190	7344	12.5	16.7	1.3279	1.1	0.6
477	2007	191	12614.4	10.9	20.4	1.385	1.7	0
477	2007	192	15984	9.6	20.6	1.337	3.1	2.8
477	2007	193	8985.6	13.4	21.1	1.4546	4.3	0
477	2007	194	16156.8	15.2	26	1.7197	2.8	0
477	2007	195	26524.8	14.4	32.8	1.8314	2.4	0.8
477	2007	196	27302.4	16.8	36.8	1.9687	1.7	0
477	2007	197	27907.2	19.6	38.1	1.7033	1.6	0
477	2007	198	21081.6	16.4	28.3	1.4556	2.1	0
477	2007	199	23328	15.1	29.5	1.4243	2	0
477	2007	200	16675.2	15.2	27.3	1.5124	1.3	0.8
477	2007	201	21168	17.3	27.8	1.8281	2	0.2
477	2007	202	18057.6	16.7	25.6	1.7036	1.3	31.2
477	2007	203	16416	14.2	23.2	1.7225	2	4.5
477	2007	204	19958.4	12.1	25	1.3651	1.6	0.5
477	2007	205	13651.2	12.9	21.8	1.444	5.4	2.7
477	2007	206	22118.4	13.6	23.8	1.3564	4.7	0
477	2007	207	22118.4	13.3	27.9	1.3322	2.9	0
477	2007	208	21600	14	24.2	1.2362	4	2
477	2007	209	10886.4	13.8	20.5	1.5822	2.1	7.1
477	2007	210	6825.6	12.2	16.1	1.3866	2.6	13
477	2007	211	16588.8	10.6	17.5	1.1694	5.5	0
477	2007	212	14860.8	11.9	19.8	1.205	4.2	0
477	2007	213	21859.2	9.1	23.4	1.1623	1.5	0
477	2007	214	14515.2	11.8	23.2	1.4578	2.3	4.9
477	2007	215	18403.2	11.6	22.1	1.3224	2.4	0
477	2007	216	18835.2	10.1	25	1.2821	1.4	0
477	2007	217	25660.8	12.8	27.3	1.358	1.7	0
477	2007	218	25056	12.4	28.8	1.2837	2.2	0
477	2007	219	23760	13.3	28.6	1.6086	1.5	0
477	2007	220	10886.4	16.8	22.5	1.873	1.9	0
477	2007	221	19180.8	16.5	30	1.9356	2.5	0
477	2007	222	7430.4	18.5	22.9	2.1203	1.9	4.4
477	2007	223	5702.4	15.5	18.8	1.7384	2.7	5.7
477	2007	224	19526.4	12.9	23.4	1.5186	1.9	0
477	2007	225	14256	11.5	23.3	1.6272	1.1	0.9
477	2007	226	21945.6	11	26.4	1.421	1.3	1.7
477	2007	227	14515.2	16.6	27.7	1.9706	3.1	9.6
477	2007	228	14601.6	13.5	23.3	1.4791	3.7	0
477	2007	229	14688	12.8	21.7	1.2777	2.5	0
477	2007	230	17539.2	10.1	22.9	1.2184	1	0
477	2007	231	20649.6	10.8	26.2	1.3396	1.4	0
477	2007	232	18921.6	12.7	25	1.4344	1.6	8.8
477	2007	233	6566.4	15.6	20.8	1.8572	2.6	24.1
477	2007	234	16934.4	14.7	24.4	1.7252	0.9	0
477	2007	235	13478.4	13.9	25.4	1.9187	1	22.1
477	2007	236	15206.4	15.8	24.8	1.9023	1.3	0
477	2007	237	19094.4	15.1	25.2	1.7905	1.9	0
477	2007	238	18144	14.6	24.2	1.6418	2.6	0
477	2007	239	13478.4	12.6	19.7	1.2099	2.2	0
477	2007	240	17020.8	8.8	18.8	1.0402	1.8	0
477	2007	241	14601.6	6.7	18.6	1.009	1.1	0
477	2007	242	14342.4	7.9	19.4	1.1082	3.4	0
477	2007	243	5961.6	13.2	19.6	1.5273	3.3	4.5
477	2007	244	8812.8	12.7	20	1.4296	2.6	0
477	2007	245	12787.2	13.1	22.2	1.4111	3.2	6.5
477	2007	246	11577.6	10.4	17.6	1.2294	2.7	5
477	2007	247	14169.6	8.7	17.8	1.1253	3	7.6
477	2007	248	16934.4	7.9	18.2	1.1258	1.8	0
477	2007	249	11491.2	7.3	19.5	1.2746	1.3	0
477	2007	250	4838.4	12.7	17	1.3494	2.1	0
477	2007	251	5788.8	13.5	19	1.5497	2.7	1.5
477	2007	252	12960	10.9	19.4	1.2897	3	0
477	2007	253	8121.6	11.2	15.6	1.29	3.1	11.1
477	2007	254	10022.4	11.4	18	1.3197	2	0.1
477	2007	255	9072	11.2	17.6	1.2781	2.3	0
477	2007	256	9936	8.9	17.2	1.0507	1.2	0
477	2007	257	14515.2	8.1	20.4	1.1846	2.4	0
477	2007	258	14601.6	8.7	17.4	0.9907	3.5	0
477	2007	259	16329.6	8.1	21.9	1.107	2.5	0
477	2007	260	12700.8	12.8	24.5	1.4595	2.8	12
477	2007	261	8380.8	7.7	14.9	1.1104	2.2	2.9
477	2007	262	12700.8	6.8	14.3	0.9037	3	0
477	2007	263	11750.4	5.7	19.7	0.9976	2.7	0
477	2007	264	12268.8	10.4	21.2	1.1653	2.6	0
477	2007	265	14860.8	9.9	23	1.2706	1.5	0
477	2007	266	15206.4	8.1	24.7	1.3597	1	0
477	2007	267	14428.8	10.7	26.4	1.4504	2	3.2
477	2007	268	9936	8.6	17.6	1.1445	2.1	2.5
477	2007	269	8294.4	6.9	16.8	1.1099	0.8	0.2
477	2007	270	3196.8	11	14.7	1.2741	3.3	10.3
477	2007	271	4060.8	12	16.1	1.4257	2.5	26.3
477	2007	272	3110.4	10.7	14.2	1.2989	2.8	14.6
477	2007	273	3628.8	11.6	15.4	1.2211	2.4	0
477	2007	274	8812.8	8.6	18.5	1.2716	1	4.6
477	2007	275	2937.6	11.7	14.7	1.3794	1	0.3
477	2007	276	6998.4	10.6	15.8	1.3642	1	0
477	2007	277	3369.6	10.9	17.5	1.4719	0.6	2.3
477	2007	278	8121.6	8.3	15.3	1.1892	1.2	0
477	2007	279	7257.6	6.6	15.4	1.1148	1.1	0
477	2007	280	11404.8	4.2	16.3	0.9981	0.7	0
477	2007	281	8985.6	4.5	16	1.0106	1.1	0
477	2007	282	4406.4	5.3	12.6	0.8804	0.6	0
477	2007	283	10368	4.6	14.5	0.9167	1	0
477	2007	284	3715.2	8.3	13.2	1.0448	0.9	0
477	2007	285	4060.8	8.3	16.3	1.1718	3.3	0
477	2007	286	9072	3.6	14.2	0.9002	0.9	0
477	2007	287	10886.4	1.7	14.4	0.7853	1.4	0
477	2007	288	10713.6	2.3	19.8	0.9211	1.5	0
477	2007	289	5184	9.9	17.5	1.1744	2.4	0
477	2007	290	7257.6	9.1	18.6	1.1859	3.3	1.7
477	2007	291	5788.8	5	11.1	0.9037	2.7	5.4
477	2007	292	6998.4	2.9	10.4	0.7332	2.4	0
477	2007	293	7603.2	-0.4	9.7	0.6808	1.3	0.6
477	2007	294	5788.8	1	10	0.7314	1.8	0
477	2007	295	7776	-1.5	7.8	0.582	1.7	0
477	2007	296	6739.2	-0.2	9.8	0.6536	2.3	0
477	2007	297	1987.2	5.8	7.5	0.8016	2.4	0
477	2007	298	1987.2	6.8	8.4	0.9077	1.6	0.1
477	2007	299	1900.8	6.4	8.8	0.939	1.5	1
477	2007	300	1900.8	1.1	8.6	0.794	1	0.1
477	2007	301	4752	-0.3	10.6	0.8196	1.5	0
477	2007	302	4320	3.4	12	0.8614	1.7	1
477	2007	303	1814.4	5.1	10.2	0.9317	1.3	2.1
477	2007	304	8035.2	4.1	12	0.8714	2.3	0
477	2007	305	1728	7.2	12	0.9676	2.4	0.1
477	2007	306	1728	10.8	13.4	1.3117	1.7	1
477	2007	307	3283.2	9.7	15.4	1.2639	2.4	0.2
477	2007	308	3801.6	2	11.6	0.8001	2	0
477	2007	309	1641.6	-0.2	7.8	0.7537	1.4	4.9
477	2007	310	3715.2	4.2	8.7	0.81	4.2	3.9
477	2007	311	1555.2	5.3	10.2	0.8854	5.6	6.8
477	2007	312	2332.8	7.4	11.4	0.9664	3.6	2.3
477	2007	313	4233.6	2.8	8.8	0.7375	6.1	1.8
477	2007	314	3628.8	1.8	6.2	0.7074	3.6	5.1
477	2007	315	1987.2	1.8	6	0.7186	3.8	9.4
477	2007	316	2505.6	1.7	6	0.6839	4.1	1.3
477	2007	317	1382.4	0.5	5	0.6625	2.2	6.2
477	2007	318	1900.8	-0.2	3.2	0.606	2.6	0.2
477	2007	319	2678.4	-2	4.3	0.5777	1.9	0
477	2007	320	1641.6	-1.6	4.5	0.597	1.9	0.5
477	2007	321	1296	4.4	6.9	0.812	1.5	1
477	2007	322	1296	1.4	6.3	0.7241	1.6	0.2
477	2007	323	3369.6	-0.1	4.5	0.6085	2.8	0
477	2007	324	3110.4	0.1	5.9	0.6592	1.8	0
477	2007	325	2937.6	0	6.9	0.6649	2.1	0.1
477	2007	326	1468.8	2.4	9.2	0.8297	1.6	1.1
477	2007	327	1209.6	4.9	9	0.9081	0.9	1.1
477	2007	328	4752	-0.1	5	0.5611	2.4	0.4
477	2007	329	2764.8	1.6	8.3	0.7039	4.9	1.1
477	2007	330	3196.8	0.9	4.2	0.5945	4.8	0.1
477	2007	331	5011.2	-2.3	5.1	0.5611	2.2	0
477	2007	332	3024	-2.7	5.4	0.5995	1.3	0
477	2007	333	2332.8	0.1	6.9	0.628	2.7	1.4
477	2007	334	2764.8	3.9	8.2	0.7692	4	2.4
477	2007	335	2419.2	4.9	11.3	0.8528	4.3	0.8
477	2007	336	1555.2	4.2	10.7	0.7848	5.2	1.5
477	2007	337	1728	4.9	10.1	0.8083	6.4	5.1
477	2007	338	3628.8	4.7	8	0.7661	4	0.4
477	2007	339	1036.8	5.1	10.6	0.8808	4.3	0.1
477	2007	340	2246.4	7.4	11.2	0.9248	4	5.1
477	2007	341	3196.8	6	14.2	0.9511	6.2	2.1
477	2007	342	3369.6	4	8	0.6917	4.2	1.5
477	2007	343	2592	3.4	9.4	0.788	3.3	0.3
477	2007	344	1814.4	2.9	6.6	0.7456	1.8	0.8
477	2007	345	950.4	3	5.4	0.7669	2.2	1
477	2007	346	950.4	4	5.1	0.769	2.8	1.3
477	2007	347	950.4	2.1	4.7	0.6158	1.3	0
477	2007	348	950.4	1.5	2.7	0.5686	1.3	0.1
477	2007	349	3974.4	-3.8	2	0.4806	1.7	0
477	2007	350	950.4	-5.7	-0.2	0.4279	1.1	0
477	2007	351	950.4	-0.7	1.7	0.5259	1.8	0
477	2007	352	950.4	-2.4	-0.4	0.4633	1.3	0
477	2007	353	950.4	-3.2	-1.9	0.4408	0.5	0
477	2007	354	950.4	-4	-3	0.4343	0.6	0
477	2007	355	950.4	-5.2	-3.4	0.4223	1	0
477	2007	356	950.4	-8	-4.3	0.3669	0.2	0
477	2007	357	2851.2	-8.1	1.9	0.4669	0.2	0
477	2007	358	1468.8	-1.9	2.8	0.606	0.8	0
477	2007	359	3888	-3.1	2.8	0.5439	2.5	0
477	2007	360	1296	-3.1	2.1	0.5126	1.5	0
477	2007	361	3283.2	-3.2	3.8	0.5495	1.6	0
477	2007	362	1209.6	1.2	6	0.6483	4.2	0
477	2007	363	2592	0.4	5.1	0.5807	4.4	0
477	2007	364	2160	1.1	6.1	0.6799	2.2	0.7
477	2007	365	3888	0.2	4.6	0.6535	2.4	0
