*---------------------------------------------------------------------------*
* Station name: MAGDEBURG                               
* Year: 1994
* Author: Pedro Alencar                                   -999.000: NIL VALUE
* Source: ECAD 
* Comments: 
* Longitude: 52.1031, latitude: 52.1031, altitude: 76 m.
*
* Column  Daily value
* 1       station number
* 2       year
* 3       day
* 4       irradiation                   (kJ m-2 d-1)
* 5       minimum temperature           (degrees Celsius)
* 6       maximum temperature           (degrees Celsius)
* 7       early morning vapour pressure (kPa)
* 8       mean wind speed (height: 2 m) (m s-1)
* 9       precipitation                 (mm d-1)
*
** WCCDESCRIPTION=GERMANY, MAGDEBURG                               
** WCCFORMAT=2
** WCCYEARNR=1994
*---------------------------------------------------------------------------*
   52.1031  11.5842    76.  -0.18 -0.55
477	1994	1	2678.4	2.8	5.2	0.6912	5	0.3
477	1994	2	1036.8	-1.1	2.9	0.6	4.3	6
477	1994	3	1468.8	1.8	4.3	0.7148	3	8.2
477	1994	4	3456	3.2	8.2	0.705	4.3	0.1
477	1994	5	1641.6	3.8	6.6	0.7428	4.5	3.8
477	1994	6	1296	4.6	8	0.8016	3.6	3.7
477	1994	7	1036.8	4	7.4	0.7874	1.8	0
477	1994	8	3628.8	0.3	7.4	0.6839	2	0
477	1994	9	1123.2	-2.2	2.5	0.5868	1.6	0
477	1994	10	1123.2	1.5	4.9	0.7071	2.5	0
477	1994	11	1123.2	1.9	2.7	0.6921	1.8	1.5
477	1994	12	1987.2	1.2	7.3	0.7282	4.2	5.6
477	1994	13	3628.8	5.4	11.8	0.8598	6.6	0.2
477	1994	14	3542.4	4	8.6	0.6871	5	0
477	1994	15	2419.2	2.8	7	0.7015	3.7	0.7
477	1994	16	2160	-2.8	4.1	0.5572	2.4	0
477	1994	17	3974.4	-4.5	1.1	0.41	2.5	0
477	1994	18	1209.6	-4.4	2.4	0.4374	4.2	0
477	1994	19	1209.6	1.3	3.1	0.5942	3.1	4.4
477	1994	20	1296	-1.1	2.1	0.5639	2.6	0.2
477	1994	21	1296	-2.8	4.2	0.5271	4.1	0
477	1994	22	1296	2.9	6.7	0.7138	4.1	0
477	1994	23	1296	2.4	9.5	0.7918	6.5	3.4
477	1994	24	2592	2.3	4.9	0.5929	7.2	0.1
477	1994	25	1382.4	1.5	9.8	0.7938	5.3	7.6
477	1994	26	3369.6	2.1	7.6	0.7422	6.4	2.3
477	1994	27	1468.8	3.7	9	0.7469	6.9	9.8
477	1994	28	3715.2	1	8.6	0.6536	11.9	3
477	1994	29	5011.2	1.1	5.3	0.5841	6.7	0.4
477	1994	30	2332.8	0.9	7.7	0.6893	6	3
477	1994	31	3283.2	2.1	5.9	0.6505	7.2	0.3
477	1994	32	1555.2	2.1	6	0.6202	3.6	0.3
477	1994	33	5011.2	1.6	6	0.5853	4.9	0
477	1994	34	6134.4	-1.1	5.9	0.6027	2.2	0
477	1994	35	1641.6	-0.7	3.5	0.4867	4.4	0
477	1994	36	1728	0.1	2.4	0.515	4.2	0
477	1994	37	1728	1	3	0.5998	1.2	0
477	1994	38	1728	2.6	3.8	0.6994	1.1	0
477	1994	39	1814.4	2.2	3.5	0.6823	0.9	0
477	1994	40	6998.4	1.8	8.1	0.6605	3.2	0.1
477	1994	41	1814.4	1.6	4.6	0.6639	3.1	1
477	1994	42	2851.2	0.9	4.2	0.6458	2.6	2.1
477	1994	43	1900.8	-1.9	1.8	0.5296	3.6	1.4
477	1994	44	5788.8	-10.1	-1.9	0.2344	5.5	0
477	1994	45	8467.2	-11.4	-2.2	0.1617	6	0
477	1994	46	8640	-8.4	1.2	0.2577	5.4	0
477	1994	47	8812.8	-7.7	2.2	0.2696	3.5	0
477	1994	48	8726.4	-6.2	0.5	0.2923	2.1	0
477	1994	49	7862.4	-9.8	-0.7	0.2813	1.3	0
477	1994	50	5616	-9.2	0.1	0.2922	2.1	0.4
477	1994	51	3715.2	-8.5	-2.1	0.3338	1.8	0.9
477	1994	52	2246.4	-10.3	-0.5	0.3517	1.9	2.3
477	1994	53	4838.4	-15.2	-1.8	0.2641	0.9	3.1
477	1994	54	7084.8	-9.7	-1	0.3531	1.2	0
477	1994	55	2419.2	-9.6	-0.5	0.3654	1.5	0.4
477	1994	56	2419.2	-1.7	0.3	0.5284	1	0
477	1994	57	5961.6	-1.5	5.2	0.6144	2.7	0
477	1994	58	6134.4	0.1	11	0.7611	2.2	0
477	1994	59	7516.8	4.8	12.3	0.8903	2.5	4.5
477	1994	60	2678.4	0.6	6	0.7121	2.3	6.8
477	1994	61	2764.8	1.4	7.4	0.7443	2.2	2.9
477	1994	62	7084.8	3.6	11.1	0.7385	4.6	2.2
477	1994	63	8553.6	0.7	9.1	0.6842	5	0
477	1994	64	11750.4	-0.2	11.5	0.6752	4.1	2.1
477	1994	65	5184	4.2	9.3	0.7186	4.5	0.8
477	1994	66	3888	4.1	9.1	0.8184	5.6	1
477	1994	67	3024	7.9	12.8	1.0802	3	0
477	1994	68	6566.4	10	16.4	1.1823	3.2	0
477	1994	69	8899.2	3	12.6	0.8038	4.4	0.1
477	1994	70	12960	-1.2	12.8	0.6914	3	0.1
477	1994	71	3196.8	4	10.1	0.7737	3.3	1.1
477	1994	72	3283.2	2.1	9.9	0.6917	8.5	7.6
477	1994	73	4752	5.1	11.7	0.7932	10.7	3.9
477	1994	74	3369.6	4.1	9.7	0.8752	4.4	6.3
477	1994	75	9849.6	2.1	7.8	0.7213	6.2	7.6
477	1994	76	9590.4	0.5	6.9	0.6369	9.2	2.2
477	1994	77	9072	1.4	6.4	0.654	5.1	9.5
477	1994	78	10627.2	1.9	7.6	0.6342	7.7	3.7
477	1994	79	8035.2	0.7	5.2	0.6645	4.8	3.7
477	1994	80	3715.2	-0.5	3.8	0.6125	1.4	0.5
477	1994	81	7603.2	-0.7	8.4	0.7	2.7	2.5
477	1994	82	3801.6	4.8	13.7	0.9217	5.2	3
477	1994	83	13219.2	6.4	14	0.7958	8.9	0
477	1994	84	3888	5.9	13.5	0.9741	5.1	7.3
477	1994	85	13046.4	3.3	9.8	0.7185	6.8	0.8
477	1994	86	12182.4	1.3	8.6	0.6257	2.7	0
477	1994	87	13392	0	12.3	0.6328	4.2	0.4
477	1994	88	5788.8	6.6	14.4	0.9895	3.7	0.1
477	1994	89	16934.4	6.5	18.3	1.0357	2.8	0
477	1994	90	9590.4	6.4	16.2	1.0703	3.7	1.8
477	1994	91	9849.6	6.4	17.2	0.9403	6.3	0
477	1994	92	13046.4	2.5	9.8	0.765	3.6	2.8
477	1994	93	15897.6	-0.7	10.4	0.6386	2.5	0
477	1994	94	5616	1.1	7.1	0.6879	6.4	4.8
477	1994	95	17366.4	1.8	10.3	0.6097	5.6	0
477	1994	96	15033.6	0.7	11.3	0.6637	1.4	0
477	1994	97	12614.4	-0.1	11	0.6929	0.5	0
477	1994	98	10886.4	1.3	11.2	0.7228	1.3	0
477	1994	99	9244.8	2.3	10.3	0.6967	4.5	0.8
477	1994	100	11491.2	-0.9	6.8	0.6494	1.3	20.3
477	1994	101	8380.8	2.6	11.4	0.7711	2.2	3.4
477	1994	102	4752	7.6	13.3	1.1	3.7	29
477	1994	103	8726.4	6.3	12.3	0.9365	3.6	7.5
477	1994	104	7257.6	4.9	9.2	0.7436	5.6	0
477	1994	105	18835.2	1	12.4	0.5788	0.7	0
477	1994	106	10886.4	1.3	13.5	0.7513	2.6	0
477	1994	107	14256	3.6	13.2	0.8152	3	0
477	1994	108	14947.2	0.8	10.7	0.5788	1.9	0
477	1994	109	17539.2	0.5	13	0.5906	0.7	0
477	1994	110	21945.6	0.8	15.7	0.6543	0.9	0
477	1994	111	14688	3.7	17.9	0.906	0.5	0
477	1994	112	19267.2	5.6	19.1	0.9176	0.9	0
477	1994	113	21859.2	7.4	22.2	0.8407	2.6	0
477	1994	114	20908.8	9.2	23.5	0.9655	2.5	0
477	1994	115	22032	9	22.6	1.0577	1.6	0.4
477	1994	116	18230.4	9.4	18.8	1.0607	2.3	0
477	1994	117	17884.8	11.3	21.4	1.3739	0.7	0
477	1994	118	13564.8	11.8	21.2	1.4808	1.2	0
477	1994	119	20044.8	12.1	22.2	1.4454	0.7	0
477	1994	120	15984	10.1	24.8	1.3735	2.5	0
477	1994	121	5616	6.9	12.2	0.8334	3.6	0
477	1994	122	18835.2	2.1	14.9	0.7875	0.3	0
477	1994	123	24796.8	3.8	18.9	0.6309	3.2	0
477	1994	124	18316.8	6.7	18.8	1.1333	2.1	1.7
477	1994	125	5788.8	5.6	10.8	0.989	2.2	5.6
477	1994	126	20908.8	4.4	16.8	0.9961	0.8	0
477	1994	127	21081.6	9.4	21	1.0523	2	0
477	1994	128	26006.4	8.5	21.2	0.7928	4.2	0
477	1994	129	25228.8	5.8	21.7	1.1468	2	0
477	1994	130	20995.2	9.6	21.4	1.0552	2.1	0
477	1994	131	25228.8	5.8	22.7	0.8276	2.3	0
477	1994	132	23414.4	7.8	20.1	0.8913	2.3	0
477	1994	133	20908.8	8.9	22.7	1.1653	2.2	0
477	1994	134	23846.4	9.8	24	1.2113	2.6	0
477	1994	135	15984	13.3	21.7	1.3379	3.8	0
477	1994	136	25228.8	10.7	23.6	1.3282	1.9	4.1
477	1994	137	22118.4	13.5	23.3	1.5848	2.3	0
477	1994	138	20044.8	8.9	23	1.2127	1	31.3
477	1994	139	6220.8	8	16.2	1.3258	3.8	29.6
477	1994	140	16588.8	7.4	15.9	1.109	2.1	0.3
477	1994	141	18748.8	4.9	18.7	1.0648	2	5.2
477	1994	142	20822.4	11.3	20.2	1.3581	1.9	0.9
477	1994	143	9763.2	9.3	17.8	1.3801	1	2.5
477	1994	144	16848	8.3	21.3	1.2442	0.9	0.3
477	1994	145	10368	13	20.1	1.636	0.5	2
477	1994	146	8467.2	10.9	16.2	1.2716	1.1	0.4
477	1994	147	14688	8.5	15.8	1.0613	1.8	0
477	1994	148	21168	9.8	17.7	1.2097	0.4	0.2
477	1994	149	13737.6	8.4	14.7	1.0473	1.6	0.5
477	1994	150	26265.6	4.8	16.6	0.8614	2.7	0
477	1994	151	22636.8	3.9	18.1	0.8525	2.7	0
477	1994	152	27820.8	8.4	23	1.14	1.7	0
477	1994	153	11923.2	9.6	26.6	1.5553	2.5	0.3
477	1994	154	21168	13.3	21.6	1.3337	4	0
477	1994	155	16675.2	10.8	16.8	1.1348	3.7	2.5
477	1994	156	12787.2	8.7	14.3	1.1388	2.3	4.2
477	1994	157	24364.8	6.2	18.5	0.975	2.2	0
477	1994	158	17193.6	12.2	21.4	1.5475	2.3	0
477	1994	159	22723.2	9.9	24.1	1.4705	1.2	29.8
477	1994	160	20563.2	8.3	17.2	1.0303	3.8	0
477	1994	161	15292.8	9.2	17.4	1.2358	1	2.1
477	1994	162	18662.4	8	19	1.2056	0.8	0
477	1994	163	25660.8	8	22.2	1.1656	1.2	0
477	1994	164	6825.6	9.1	16.4	1.2216	1.7	0
477	1994	165	24019.2	11.4	22.5	1.3501	1.8	0
477	1994	166	24105.6	7	17.7	0.8889	2.6	0
477	1994	167	10022.4	10	15.2	1.2534	2.7	5
477	1994	168	26006.4	6.3	17.1	0.9616	2.1	0
477	1994	169	8294.4	8.3	21.2	1.257	1.5	0
477	1994	170	25142.4	13.9	24	1.4652	3.1	0
477	1994	171	18748.8	14.1	22.6	1.6009	1.8	0
477	1994	172	17020.8	13.2	24.2	1.5933	0.8	0
477	1994	173	14774.4	16.5	22.6	1.6117	4.8	0.1
477	1994	174	29030.4	10.3	20.2	1.0384	3.6	0
477	1994	175	29980.8	5.4	22.4	0.7932	0.5	0
477	1994	176	29548.8	11.5	29.2	1.1449	2.6	0
477	1994	177	19872	15.7	27.9	2.0073	0.6	0
477	1994	178	15638.4	15.9	28.4	2.0505	0.4	0
477	1994	179	26524.8	15	31.9	1.6133	1.6	0
477	1994	180	17366.4	18.6	32.6	2.3583	1.7	0
477	1994	181	29116.8	11.6	23.3	1.274	1.2	0
477	1994	182	28598.4	10	25.4	1.1122	1.2	0
477	1994	183	29203.2	12.6	28.6	1.4291	1.4	0
477	1994	184	28252.8	14.2	31.8	1.3178	1	0
477	1994	185	24451.2	14.7	34.1	1.9214	1.4	16.2
477	1994	186	16761.6	15.8	27.1	2.0159	1.2	0
477	1994	187	20908.8	15.2	25.4	1.5931	1	0
477	1994	188	7862.4	12.7	20.8	1.5997	1.2	5.6
477	1994	189	13910.4	12.3	20.4	1.5411	4.6	0.7
477	1994	190	18921.6	13.6	22.3	1.5407	2.2	0
477	1994	191	24278.4	10.4	25.8	1.5138	0.2	0
477	1994	192	28425.6	11.9	29.3	1.4533	0.8	0
477	1994	193	26784	13.6	30.5	1.5352	1.9	0
477	1994	194	27820.8	17.5	31.9	1.5835	2.1	0
477	1994	195	25920	16.6	32.2	1.9214	1.9	2.7
477	1994	196	19094.4	17.7	26.8	2.1702	1	0
477	1994	197	22982.4	14.3	28.4	1.5217	0.6	0
477	1994	198	18835.2	14	27	1.5407	1.6	0
477	1994	199	16329.6	16.6	25	1.4222	2.3	0
477	1994	200	24969.6	14.7	26	1.3357	2.9	0
477	1994	201	28166.4	12.4	27.2	1.0836	1.8	0
477	1994	202	27907.2	10.5	30.2	1.0972	0.4	0
477	1994	203	27216	11.8	32	1.3901	0.4	0
477	1994	204	26006.4	14.4	34	1.2657	0.4	0
477	1994	205	27302.4	14.1	34.2	1.1718	1.6	0
477	1994	206	26784	15.3	34.7	1.3592	1.4	2.7
477	1994	207	22377.6	17.7	32.7	2.2711	1.3	0
477	1994	208	25574.4	17.8	33.3	1.7309	0.7	0
477	1994	209	25142.4	16.8	34.9	1.7951	1.6	0
477	1994	210	22809.6	19.8	30.9	2.0977	1.6	0
477	1994	211	20822.4	18.4	33.7	2.2874	0.9	3
477	1994	212	24278.4	19.2	35.5	2.1421	0.1	0
477	1994	213	24624	20.2	35.9	1.9665	2.2	13.3
477	1994	214	19353.6	18.2	28.1	2.0654	1.7	0
477	1994	215	22464	14.6	29.8	1.576	0.4	0
477	1994	216	25574.4	16.2	32.4	1.4855	1	0
477	1994	217	24624	16.1	36.4	1.8039	2	2.2
477	1994	218	18748.8	18.4	27.8	2.2566	1.3	0
477	1994	219	17625.6	15.6	26	1.5939	0.7	0.1
477	1994	220	14342.4	15	25.4	1.4179	0.3	0
477	1994	221	22032	15	26.5	1.6623	0.9	0
477	1994	222	17712	11.7	29.6	1.2634	1.6	4.1
477	1994	223	7603.2	16.8	24.2	2.1666	0.9	33.8
477	1994	224	13910.4	15	24.3	1.736	2.6	8.6
477	1994	225	10886.4	12.6	19.4	1.3981	6	2.4
477	1994	226	12960	10.5	18	1.2171	5.4	1.7
477	1994	227	10454.4	10.6	18.5	1.1747	4.4	0
477	1994	228	20390.4	7.6	21.3	1.1507	0.4	0
477	1994	229	17625.6	9	26.1	1.4624	1.3	8.3
477	1994	230	10972.8	11.2	17	1.4303	3.6	21.2
477	1994	231	13478.4	12.2	20.2	1.4345	5.9	0
477	1994	232	16848	13	21.8	1.4089	3.4	0
477	1994	233	12355.2	10.9	21.7	1.4066	0.7	0
477	1994	234	21168	8.7	24.7	1.3479	0.8	0
477	1994	235	18316.8	12.7	26.2	1.5341	1.6	0
477	1994	236	10886.4	15.3	22.5	1.8749	1	5
477	1994	237	5097.6	13.6	17.5	1.6408	1.1	0.1
477	1994	238	19353.6	10.9	24.4	1.4313	1.5	0
477	1994	239	12787.2	15.2	25.1	1.7434	2.3	7.8
477	1994	240	14860.8	14.1	21	1.5024	3.7	0.4
477	1994	241	15724.8	10.3	20.2	1.125	4.5	0
477	1994	242	13824	9.3	19	1.2253	1	0
477	1994	243	19353.6	8	22.9	1.2271	1.9	2.3
477	1994	244	9590.4	14.3	23.2	1.8142	1.1	0
477	1994	245	12009.6	11.2	23.6	1.7066	1.3	4.3
477	1994	246	4320	10	18.2	1.2535	2.9	0
477	1994	247	14601.6	13	22.9	1.4175	2.8	1.1
477	1994	248	5961.6	14.6	17.6	1.5898	2.3	6
477	1994	249	12009.6	8.5	19.6	1.2014	1.7	6.7
477	1994	250	5875.2	10.9	17.8	1.4209	0.8	1.7
477	1994	251	4060.8	11.3	15.7	1.4684	0.9	12.8
477	1994	252	13046.4	11.7	17.8	1.2234	4.3	0
477	1994	253	10972.8	10.5	18	1.2982	3.6	9.2
477	1994	254	14169.6	9.4	18.7	1.1533	2.7	0
477	1994	255	8553.6	10.3	19.7	1.5328	2.1	1.4
477	1994	256	14515.2	11.1	21.7	1.3783	1.6	0
477	1994	257	12873.6	8.3	22	1.4273	2.1	3.8
477	1994	258	11145.6	11.6	17.3	1.2658	5	7
477	1994	259	4752	11.3	13.6	1.1257	6.5	0
477	1994	260	5702.4	9.6	14.3	1.0753	5	0
477	1994	261	5616	10.2	15.8	1.3016	1.2	2
477	1994	262	3542.4	9.2	13.5	1.2215	0.6	2.9
477	1994	263	11836.8	7.9	18.7	1.2206	1.5	0
477	1994	264	11059.2	8.9	18.7	1.2924	1	0
477	1994	265	10108.8	6.5	15.7	1.1882	0.1	0
477	1994	266	12873.6	4.6	19.4	1.177	0.8	0
477	1994	267	14169.6	5.6	21.8	1.3467	0.7	0
477	1994	268	8726.4	12.4	20.1	1.642	1.1	3.9
477	1994	269	11145.6	11.9	21.4	1.6464	0.6	0.7
477	1994	270	7862.4	10.1	18.7	1.3764	3	0.3
477	1994	271	13046.4	7.2	16.6	1.1275	2.2	0
477	1994	272	4665.6	8	15.9	1.0893	2.5	0
477	1994	273	5356.8	8.1	16.8	1.1834	0.3	0
477	1994	274	5788.8	7.6	15.2	1.1851	2	0.5
477	1994	275	2937.6	6.8	12.8	1.1501	0.3	1
477	1994	276	3715.2	4.5	15.4	1.0761	2.7	7.2
477	1994	277	11232	2.3	10.6	0.8003	3.2	1.9
477	1994	278	7776	2	11.1	0.7961	2.9	0.6
477	1994	279	11836.8	-0.9	12.3	0.705	0.5	0
477	1994	280	8208	-0.2	11.4	0.7092	0.3	0
477	1994	281	3456	-0.1	8.8	0.7084	0.2	0
477	1994	282	5875.2	3.9	11.4	0.8899	0.5	1.8
477	1994	283	9849.6	-0.9	12.1	0.7638	0.1	0
477	1994	284	9244.8	-1.1	14.7	0.8198	0.1	0
477	1994	285	10886.4	1.5	17.5	0.9967	0.6	0
477	1994	286	3456	3.8	11.8	0.9625	0.7	0
477	1994	287	7171.2	3.8	15.7	1.0618	0.6	0
477	1994	288	10713.6	2.4	20	1.0898	1	0
477	1994	289	8035.2	5.2	12.9	0.8749	1.4	0
477	1994	290	10281.6	-1.6	9.4	0.5814	0.5	0
477	1994	291	10281.6	-4.4	9.1	0.4486	1.2	0
477	1994	292	8899.2	-1.5	9.2	0.5069	3	0
477	1994	293	8899.2	1	10.6	0.5808	4.2	0
477	1994	294	9331.2	1.4	14.4	0.7135	3.4	0
477	1994	295	5443.2	4.3	13.2	0.8348	3.7	6.3
477	1994	296	2073.6	7.7	14.4	1.158	3.5	0.1
477	1994	297	7689.6	6.4	16.6	1.1117	1.5	0.1
477	1994	298	5356.8	4.1	14.7	1.0018	1.7	0.3
477	1994	299	6134.4	5.9	13.5	0.938	2.7	0
477	1994	300	6566.4	4.7	13.3	0.8375	3.5	0.9
477	1994	301	6048	5.9	11.9	0.8888	1.3	0
477	1994	302	7516.8	1.6	12.2	0.7956	2.7	7.7
477	1994	303	1814.4	7.4	15	1.1696	4	4.1
477	1994	304	2160	13.2	17.1	1.4273	5.1	3
477	1994	305	6825.6	8.2	14.5	0.953	5.7	0
477	1994	306	7344	3.5	12.7	0.8636	1.5	0
477	1994	307	7516.8	2.9	12.4	0.7538	3.4	0
477	1994	308	6480	3.6	11.6	0.8242	2.3	0
477	1994	309	6307.2	3.6	15.9	0.9774	2.7	0
477	1994	310	5961.6	4.8	15.4	1.0993	1.2	0
477	1994	311	1555.2	9	11.4	1.0943	0.2	0.3
477	1994	312	1555.2	7.9	10.3	1.0395	0.3	0
477	1994	313	1814.4	7.2	9.6	0.9474	0.8	0
477	1994	314	1814.4	4.8	10.1	0.8984	2	0
477	1994	315	1468.8	3.6	6.8	0.6102	2.6	0
477	1994	316	1382.4	-0.3	3.7	0.518	3	0
477	1994	317	1382.4	-0.7	3.5	0.5408	2.5	0.5
477	1994	318	1382.4	2.3	12.8	0.8942	4.2	1.4
477	1994	319	4492.8	9.1	14.3	1.0578	5.2	1
477	1994	320	3542.4	6.3	11.2	0.9363	5.8	4.1
477	1994	321	1900.8	3.7	8.1	0.8076	3.9	12.7
477	1994	322	1555.2	1.4	7.4	0.7527	2.3	0
477	1994	323	1814.4	0.6	6.7	0.722	2.5	3.3
477	1994	324	3456	6.7	17.1	1.1692	3	0
477	1994	325	3801.6	5.7	14.1	1.0482	3.5	0
477	1994	326	1209.6	1.7	6.3	0.7562	0.2	0
477	1994	327	2073.6	0.2	4	0.6894	0.6	0
477	1994	328	1209.6	2.3	10.9	0.8573	4.8	0
477	1994	329	1555.2	5.9	9.8	0.9551	4.2	0.5
477	1994	330	1123.2	5.6	9.2	0.9777	1.7	4.7
477	1994	331	1123.2	6.5	9.4	0.983	2.1	0
477	1994	332	2505.6	5.2	11	0.9715	3	0.1
477	1994	333	1123.2	5	7.9	0.8775	4	0
477	1994	334	1036.8	6.1	7.4	0.8761	0.3	0
477	1994	335	3974.4	-0.6	6.6	0.6213	1.5	0
477	1994	336	4233.6	-2.4	3.3	0.5366	2.1	0
477	1994	337	3974.4	-1.2	11.4	0.7201	2.2	2.7
477	1994	338	3024	5.2	10.6	0.969	2.9	0.1
477	1994	339	2937.6	2.5	12.4	0.8881	3	1.1
477	1994	340	3542.4	2.6	8.6	0.7001	4.6	0
477	1994	341	3888	0.1	7.7	0.646	3.7	0
477	1994	342	2851.2	1.8	8.3	0.7264	4.5	6.3
477	1994	343	3283.2	1.9	9.3	0.7547	4.2	1.2
477	1994	344	1209.6	-1.1	5.7	0.6489	1.8	5.1
477	1994	345	1382.4	5.7	13.4	0.9643	7	0
477	1994	346	1641.6	11.4	13.3	1.147	7.4	1.2
477	1994	347	2160	5.8	12.2	0.9522	5.2	3.1
477	1994	348	2678.4	-1.3	5.8	0.6106	3.5	0
477	1994	349	950.4	-3.1	-0.4	0.5053	0.4	0
477	1994	350	950.4	-4.8	2.7	0.498	2.6	0.6
477	1994	351	2332.8	1.3	5.1	0.6533	2.9	0
477	1994	352	3456	-0.9	2.5	0.5633	3	0
477	1994	353	2678.4	-0.8	7.5	0.6758	1.1	0
477	1994	354	2764.8	-2.8	2.8	0.5621	0.6	0
477	1994	355	1900.8	-0.2	3.6	0.6078	0.8	0
477	1994	356	950.4	1.6	3.4	0.6655	1.5	0
477	1994	357	2160	-2.9	2.4	0.516	0.6	0
477	1994	358	950.4	-3.8	-1.8	0.4178	1	0
477	1994	359	950.4	-3.3	-2.2	0.4443	0.5	0
477	1994	360	950.4	-6	1.7	0.4645	1.5	3.9
477	1994	361	950.4	0	9.4	0.7515	5	6.3
477	1994	362	950.4	3.6	12.2	0.9903	1.5	0.9
477	1994	363	950.4	10.9	13	1.0474	5.3	1.6
477	1994	364	3024	5.1	11.4	0.8179	4.6	0.1
477	1994	365	3024	3.8	7.6	0.6775	4.6	1.3
