*---------------------------------------------------------------------------*
* Station name: MAGDEBURG                               
* Year: 1987
* Author: Pedro Alencar                                   -999.000: NIL VALUE
* Source: ECAD 
* Comments: 
* Longitude: 52.1031, latitude: 52.1031, altitude: 76 m.
*
* Column  Daily value
* 1       station number
* 2       year
* 3       day
* 4       irradiation                   (kJ m-2 d-1)
* 5       minimum temperature           (degrees Celsius)
* 6       maximum temperature           (degrees Celsius)
* 7       early morning vapour pressure (kPa)
* 8       mean wind speed (height: 2 m) (m s-1)
* 9       precipitation                 (mm d-1)
*
** WCCDESCRIPTION=GERMANY, MAGDEBURG                               
** WCCFORMAT=2
** WCCYEARNR=1987
*---------------------------------------------------------------------------*
   52.1031  11.5842    76.  -0.18 -0.55
477	1987	1	1036.8	1.8	6.6	0.6927	5.8	17.2
477	1987	2	1036.8	-5.5	1.8	0.4696	3.7	4.5
477	1987	3	3024	-17.1	-2.3	0.2462	4.4	0
477	1987	4	3196.8	-9	-1.7	0.3448	3	4.1
477	1987	5	2246.4	-1.7	3.2	0.529	7	2.1
477	1987	6	1987.2	-1.6	2.7	0.5214	4.4	0.4
477	1987	7	2937.6	-7.2	-1.6	0.3485	3	0
477	1987	8	1036.8	-10	-2.2	0.3179	4.8	11.3
477	1987	9	1123.2	-11.3	0.4	0.3667	3.4	2.7
477	1987	10	1123.2	-18.5	-9	0.1735	2.1	0.5
477	1987	11	3628.8	-22	-11.2	0.1353	2.3	0
477	1987	12	1123.2	-19.3	-8.1	0.1721	4.1	5.9
477	1987	13	2160	-20.2	-7.4	0.177	1.5	0
477	1987	14	3974.4	-23.4	-16	0.1116	3.5	0
477	1987	15	1209.6	-18.9	-11.2	0.1559	5.8	1.5
477	1987	16	1209.6	-12	-10.4	0.2289	2.5	0.3
477	1987	17	1209.6	-13.6	-9.7	0.2183	1.3	0
477	1987	18	1209.6	-18.8	-8.5	0.1984	1.9	0.4
477	1987	19	1209.6	-12.2	-7	0.2629	1.5	0.2
477	1987	20	1296	-11.2	-8.1	0.2677	0.8	0.5
477	1987	21	1296	-11.3	-5.6	0.2942	0.8	0.1
477	1987	22	1296	-5.6	0.8	0.4662	1.7	1.5
477	1987	23	1296	0.4	2	0.6064	5.5	1.7
477	1987	24	1382.4	-0.1	2	0.5825	2.5	0.2
477	1987	25	1382.4	-0.4	2.5	0.5537	7.9	2
477	1987	26	3369.6	-2.6	2.2	0.5179	6	0.6
477	1987	27	2332.8	-6.9	0.4	0.3895	4	0.2
477	1987	28	3110.4	-3.2	1	0.468	4.8	1
477	1987	29	4924.8	-10.8	-2	0.2804	4.5	0.2
477	1987	30	5875.2	-16.7	-8.2	0.1764	2	0
477	1987	31	6393.6	-14.6	-0.7	0.2168	1.3	0
477	1987	32	5875.2	-13.8	-1.9	0.227	0.8	0.1
477	1987	33	5961.6	-12.4	0.2	0.2636	1.8	0
477	1987	34	5788.8	-10.4	-0.7	0.2749	2	0
477	1987	35	1641.6	-10.5	0.6	0.3555	0.6	0
477	1987	36	1728	0.5	3.8	0.6206	2.2	0
477	1987	37	1728	2.5	5.9	0.668	6	0
477	1987	38	3628.8	0.3	6.1	0.5841	6.5	0.5
477	1987	39	2160	-1.5	2.3	0.5032	3.6	6.1
477	1987	40	1814.4	2.2	7.6	0.7188	2.5	0.2
477	1987	41	1814.4	3.1	7.7	0.7532	3.4	6.6
477	1987	42	6134.4	0.3	6.8	0.5908	2.3	0
477	1987	43	1900.8	0.5	3.9	0.6156	0.8	0.3
477	1987	44	2764.8	-1	4	0.5719	2.3	1.1
477	1987	45	1987.2	-1.6	1.4	0.5095	1.7	3.8
477	1987	46	1987.2	0	0.7	0.5703	3	10.7
477	1987	47	2073.6	-1.1	0.7	0.5299	3.7	0.4
477	1987	48	2073.6	-1.9	-0.2	0.4754	2.2	0
477	1987	49	2160	-2.4	-0.5	0.4726	1.5	5.4
477	1987	50	2160	-2.3	-1.5	0.4678	2.6	0.2
477	1987	51	2246.4	-3.5	-1.5	0.4628	4.7	0.2
477	1987	52	2246.4	-4.6	-2.6	0.4076	2.6	8
477	1987	53	2332.8	-9.5	1.8	0.3678	4.5	0
477	1987	54	9849.6	-7.9	1.5	0.3186	3.1	0
477	1987	55	9936	-12	0.6	0.2678	1.1	0
477	1987	56	9072	-13.5	2.1	0.2518	1.8	0
477	1987	57	8467.2	-9.5	2.4	0.268	2.5	0
477	1987	58	2505.6	-4	2.6	0.4877	3.2	6.6
477	1987	59	2592	1.2	3.6	0.6753	2.3	5.5
477	1987	60	2678.4	-4.5	1.2	0.4278	3.9	0
477	1987	61	2764.8	-7	-2.7	0.3198	6.5	2.4
477	1987	62	10454.4	-11.6	-3.7	0.2305	3.2	0
477	1987	63	12182.4	-13.4	-3.7	0.231	1.3	0
477	1987	64	10281.6	-13	-1.4	0.2565	0.3	0
477	1987	65	9072	-9.5	-1.6	0.283	2	0
477	1987	66	8985.6	-12.7	-3	0.2676	2.5	0.1
477	1987	67	6220.8	-8	-0.4	0.3448	1.9	0
477	1987	68	12182.4	-3.2	1.6	0.3747	3.4	0
477	1987	69	12960	-9	2.9	0.3222	2.3	0
477	1987	70	13305.6	-6.2	2	0.3248	2.7	0
477	1987	71	13564.8	-7.8	1.3	0.2789	2	0
477	1987	72	13132.8	-7.4	2.5	0.2858	3.1	0
477	1987	73	13478.4	-5.9	2.9	0.3504	1.9	0
477	1987	74	9676.8	-6.9	3.4	0.4462	2.6	2.9
477	1987	75	3456	-0.8	1.3	0.5724	4.7	1.9
477	1987	76	4320	-1.8	2	0.5478	3.4	2.4
477	1987	77	6825.6	0.1	7.5	0.6976	5.3	1
477	1987	78	13478.4	-0.7	6.3	0.5902	3.5	0
477	1987	79	10972.8	-1.3	4.5	0.5692	3.5	1.6
477	1987	80	15033.6	-3	5.4	0.5131	4.2	0
477	1987	81	5270.4	0.5	4.2	0.5716	4	0.1
477	1987	82	6480	-1.4	5.4	0.5857	3.6	3.5
477	1987	83	3801.6	2.4	9.9	0.85	0.8	1.1
477	1987	84	3888	2.3	11.3	0.889	2.4	2.9
477	1987	85	12355.2	6	11.3	0.8515	3.8	0
477	1987	86	10022.4	1.9	12.1	0.711	6.5	0.8
477	1987	87	15206.4	6.5	12.1	0.7492	7.8	0
477	1987	88	8899.2	3.2	7.7	0.6929	5.5	0.6
477	1987	89	15638.4	0.9	6.6	0.6232	3.9	0.2
477	1987	90	11145.6	-1.3	8.2	0.6336	1.5	0
477	1987	91	6739.2	-0.5	7.9	0.6051	2.6	0
477	1987	92	6480	2.5	7.5	0.7064	2.5	0
477	1987	93	16502.4	3.4	14.7	0.7598	4.4	0
477	1987	94	8553.6	4.5	11.5	0.7827	4.5	4.8
477	1987	95	4406.4	6	10.2	0.8851	3.7	4.6
477	1987	96	4492.8	2.6	11.6	0.7864	1.6	0.1
477	1987	97	16070.4	2.4	19	0.8999	1.7	0.9
477	1987	98	17539.2	10.1	16.7	0.9521	2.3	0
477	1987	99	6912	6.3	17.3	0.9541	1.1	0
477	1987	100	4665.6	7.4	12.7	0.9972	1.7	0.5
477	1987	101	17020.8	1.1	15.1	0.7124	2.8	1.3
477	1987	102	14083.2	1.4	11.6	0.716	1.9	0.2
477	1987	103	12873.6	1.5	12	0.7284	1.5	0
477	1987	104	15552	1.5	12.6	0.6833	1.5	0
477	1987	105	6220.8	7.3	12.3	0.8959	2.2	0.3
477	1987	106	7603.2	6.3	11.3	0.8829	2.2	0.1
477	1987	107	19008	5.1	15.4	0.8235	3.6	0
477	1987	108	20390.4	2.2	15.6	0.7179	2	0
477	1987	109	16329.6	4.4	20	0.8944	1.9	4.7
477	1987	110	13996.8	10.5	16.2	1.0409	5.8	0.3
477	1987	111	6220.8	6.3	11.1	0.8882	5.1	0.4
477	1987	112	5270.4	5.5	9.9	0.7983	0.9	0
477	1987	113	21081.6	2.1	15.4	0.7332	1.3	0
477	1987	114	22032	4.1	21.3	0.8509	1	0
477	1987	115	20995.2	6.2	21.3	0.9269	1.3	0
477	1987	116	16848	6.5	18.2	0.8889	3.1	0
477	1987	117	22636.8	1	13.8	0.5146	2	0
477	1987	118	23068.8	1.8	19	0.5293	2.6	0
477	1987	119	23673.6	6.6	25	0.735	3.4	0
477	1987	120	15120	7.9	26.2	1.0287	2.3	0.3
477	1987	121	13737.6	11.2	19.7	1.2622	2.6	0.2
477	1987	122	15465.6	9.2	22	1.2744	2.4	0.5
477	1987	123	5702.4	8.5	12.9	0.9257	2.3	16.9
477	1987	124	5702.4	4.5	9	0.8367	4	0.5
477	1987	125	5788.8	6.1	12.2	0.9387	3.5	2.1
477	1987	126	6825.6	3.6	11.4	0.8083	3.9	0.2
477	1987	127	21686.4	4.1	16.4	0.8609	4.2	0
477	1987	128	20131.2	4.7	15.6	0.8799	3.6	0
477	1987	129	25228.8	4.7	21.1	0.9216	2.8	0
477	1987	130	18748.8	6.9	21.6	0.9736	2.9	0.2
477	1987	131	12182.4	3.4	12.6	0.6754	4.5	0.1
477	1987	132	6998.4	8.6	11.7	0.9047	4.5	7.2
477	1987	133	21859.2	4.2	12.6	0.7271	5.3	0
477	1987	134	22118.4	2.5	13.6	0.6993	2.9	1.5
477	1987	135	16675.2	7.3	16	0.9037	3.7	0.7
477	1987	136	18316.8	5.2	13.8	0.8068	3.5	0
477	1987	137	22896	4.9	14.7	0.7264	3	0
477	1987	138	19699.2	2.8	18.1	0.7081	1.6	0
477	1987	139	16070.4	9.2	18	0.9335	1.5	0.1
477	1987	140	18835.2	5.6	15.5	0.8401	5.5	0.9
477	1987	141	12096	5	10.8	0.7241	3	0.1
477	1987	142	6307.2	2.7	12.3	0.8186	2.3	3.7
477	1987	143	24883.2	5.6	19.4	0.8977	2.9	0
477	1987	144	21427.2	3.3	20	0.8078	2.5	0
477	1987	145	27820.8	4.9	18.9	0.8213	2.2	0
477	1987	146	27993.6	3.1	20.9	0.7846	0.8	0
477	1987	147	18144	5.7	24.1	1.1676	2.2	7.9
477	1987	148	9849.6	6.8	13.1	0.9049	3.4	0
477	1987	149	10972.8	8	13.5	0.9545	1.9	0
477	1987	150	12355.2	7.4	15.1	0.9467	2.3	0.6
477	1987	151	6480	9.3	14.8	1.2371	1.5	4.2
477	1987	152	19612.8	10.4	19.1	1.3408	3.7	5.5
477	1987	153	22896	10	17.6	1.1821	3.1	0.6
477	1987	154	7430.4	10.6	16.1	1.3317	1.6	4.1
477	1987	155	13392	10.9	18	1.3973	1.9	0.5
477	1987	156	18144	10	18.8	1.2944	2.5	0
477	1987	157	18316.8	7.5	21.6	1.2409	3.3	0
477	1987	158	21772.8	11.9	22.1	1.2964	3.2	1.5
477	1987	159	11836.8	12.6	20.5	1.3727	5	0.2
477	1987	160	22464	7.1	19.3	1.0307	2.8	0
477	1987	161	23328	6.9	20.4	1.0926	1.7	0.3
477	1987	162	22464	6.9	22.9	1.2861	2.8	2.2
477	1987	163	9504	10.9	15.5	1.2884	1.4	3.4
477	1987	164	9244.8	9.7	16.5	1.3553	1.2	8.6
477	1987	165	21945.6	12.1	19	1.3761	3	0.6
477	1987	166	6825.6	9.8	17.1	1.3712	3	17
477	1987	167	12355.2	7.9	14	1.0588	5.3	0.5
477	1987	168	24451.2	6.6	15.5	1.0132	4.5	3.7
477	1987	169	9244.8	6.1	12.5	0.9834	5.5	1.1
477	1987	170	21168	6	18.2	1.0014	1.4	0.1
477	1987	171	8985.6	10.8	19	1.3707	1	0.3
477	1987	172	6825.6	11	17.7	1.3393	3	0
477	1987	173	23673.6	5.6	20.9	1.1862	1	4.2
477	1987	174	16761.6	11.7	18.4	1.3498	3.3	0.2
477	1987	175	7948.8	7.3	16.2	1.1991	1	14.6
477	1987	176	15552	10.3	16.5	1.2746	1.8	1
477	1987	177	15033.6	9.6	21.3	1.3849	2.2	0
477	1987	178	14083.2	9.3	21.5	1.3805	1	0
477	1987	179	15465.6	16.1	23.7	1.7862	2.1	0.3
477	1987	180	27302.4	17.3	29.4	2.1191	0.9	0
477	1987	181	25056	17.1	32	2.3387	1.3	0
477	1987	182	16761.6	19.1	26.9	2.243	2.5	0
477	1987	183	20649.6	11.9	22	1.3308	1	0
477	1987	184	10368	11.9	22.8	1.266	1.9	0
477	1987	185	23846.4	13	22.5	1.2375	2.5	0
477	1987	186	28425.6	8.2	24.4	1.166	1.3	0
477	1987	187	28684.8	9.6	26.6	1.2028	2	0
477	1987	188	25056	13	29.5	1.5881	2.3	0
477	1987	189	9590.4	17.2	26.6	2.0196	2.7	0
477	1987	190	23068.8	9.8	18.4	1.1089	3.9	0
477	1987	191	23673.6	8.6	20	1.0582	4.1	0.2
477	1987	192	15206.4	13.8	26.9	1.6219	2.6	0.5
477	1987	193	19872	17	23.8	1.6987	3.5	0
477	1987	194	18230.4	10.4	20.5	1.2447	3.3	0
477	1987	195	27820.8	6	24.4	1.0351	1.8	0
477	1987	196	21340.8	13.2	28.4	1.5448	2.8	0
477	1987	197	17107.2	15.2	28.9	1.9058	2	66.8
477	1987	198	14601.6	17.8	26.5	2.1038	1.8	4.2
477	1987	199	13046.4	15.6	24.5	1.6858	2.6	7
477	1987	200	22636.8	14	24	1.4917	1.6	0
477	1987	201	21600	12.7	24.1	1.4158	1.8	0.3
477	1987	202	17539.2	13.3	22.5	1.454	1.5	4
477	1987	203	20563.2	11.9	24.2	1.4884	0.9	0.9
477	1987	204	14860.8	13.5	22	1.562	1	7.1
477	1987	205	16675.2	11.6	20.9	1.3099	3.3	2.2
477	1987	206	17798.4	12	18.8	1.2407	4	1.5
477	1987	207	20649.6	8.1	16.1	1.0155	5.7	2.1
477	1987	208	10886.4	7.9	16.3	1.0578	4.6	4.6
477	1987	209	9417.6	10.2	16.9	1.1941	4.9	0
477	1987	210	11923.2	9.6	20.5	1.4182	1.5	1.7
477	1987	211	11836.8	13.1	22	1.7628	2.2	15.8
477	1987	212	6134.4	10	17.5	1.3196	3.4	1
477	1987	213	13392	13.4	20.3	1.5716	4.5	6.5
477	1987	214	11836.8	10	19.3	1.3488	3.8	2
477	1987	215	14169.6	9.8	20.1	1.3072	2.6	0.5
477	1987	216	17539.2	9.9	18	1.1936	4.1	1.4
477	1987	217	15638.4	8.2	17	1.064	5.7	3.2
477	1987	218	16243.2	9.1	15.6	1.104	4.9	1.1
477	1987	219	19785.6	4.5	18.5	0.9083	2.4	0.1
477	1987	220	13824	9.2	20	1.0291	3	0.1
477	1987	221	5788.8	12.1	18.6	1.376	1.4	2.1
477	1987	222	14342.4	12	18.8	1.4154	2.9	1.6
477	1987	223	20649.6	7.8	19.2	1.1747	2.7	0
477	1987	224	14688	7.2	19.7	1.1401	1	6.3
477	1987	225	9244.8	9.6	19.3	1.348	1.5	3.8
477	1987	226	11318.4	13.7	23.5	1.6689	2.9	0.5
477	1987	227	14601.6	11.8	19.9	1.2769	4.6	4.8
477	1987	228	9676.8	12.6	19.1	1.4388	2	3
477	1987	229	16243.2	14	27	1.8296	1.9	0.2
477	1987	230	6739.2	15.5	23	1.9608	1	3.1
477	1987	231	8899.2	16	21.1	1.7704	2.6	0
477	1987	232	17798.4	12.7	22.9	1.4245	1.2	0
477	1987	233	21081.6	11.2	27.4	1.5422	1.5	0
477	1987	234	21081.6	13.8	29	1.679	2.4	0
477	1987	235	13392	14.2	27.2	1.8278	1.4	0.1
477	1987	236	19699.2	16.3	27	1.8857	1.5	0
477	1987	237	5097.6	18.4	23.7	1.743	2.5	0
477	1987	238	10972.8	12.9	20.5	1.3669	4.3	0.3
477	1987	239	13392	12.3	22.7	1.4378	3.3	1
477	1987	240	10108.8	14	19.1	1.4667	4.8	0.4
477	1987	241	6134.4	13.3	19.4	1.6339	2.6	0.4
477	1987	242	18835.2	10.4	20	1.2766	2.5	0
477	1987	243	7948.8	12.6	16.4	1.2204	2.2	0
477	1987	244	18144	5.4	22.5	1.1777	2	0
477	1987	245	14515.2	12.3	22	1.5236	2.5	0
477	1987	246	15984	7.8	23.3	1.3761	0.8	0
477	1987	247	16588.8	11.4	27	1.5771	1.2	0
477	1987	248	6739.2	12.6	21	1.4329	1	8.1
477	1987	249	12182.4	11	21.1	1.3844	2.7	0.2
477	1987	250	6307.2	11.5	20.6	1.2933	4.6	3.1
477	1987	251	16761.6	9.4	19.3	1.3393	3.6	0.4
477	1987	252	12528	10.2	19.8	1.3966	1.9	2.3
477	1987	253	11664	8.8	20.6	1.2863	3.5	2.1
477	1987	254	14601.6	10.3	19.4	1.2313	4	0
477	1987	255	12268.8	10.5	24.3	1.4883	5	0.1
477	1987	256	3801.6	14.4	21.8	1.6797	2.8	2.3
477	1987	257	8467.2	15.1	18.3	1.6137	2.5	4.1
477	1987	258	15379.2	10.6	19.1	1.147	4.6	0
477	1987	259	8553.6	8.9	18.2	1.1785	1.3	0.4
477	1987	260	8380.8	10.4	21.5	1.4118	2	0
477	1987	261	5788.8	14.8	22.1	1.7805	2.8	1.4
477	1987	262	12614.4	7.2	17.3	1.1395	1.3	2
477	1987	263	4147.2	11.5	16.9	1.4396	2.9	0.4
477	1987	264	7862.4	11.2	21.8	1.612	1.4	0.1
477	1987	265	5875.2	15	25.6	1.9498	1	8.4
477	1987	266	6912	15	21.8	1.8384	1.7	3.9
477	1987	267	10454.4	11.5	17.9	1.3532	3.1	3.1
477	1987	268	13996.8	8.8	15.9	1.0753	4.1	0
477	1987	269	11232	5.9	16.5	0.9702	1.7	0
477	1987	270	12614.4	7.7	13.9	0.893	5.3	0.1
477	1987	271	8208	5.6	13.2	0.8486	4.4	0
477	1987	272	9590.4	4.9	13.8	0.881	2.5	0
477	1987	273	7344	1.3	13.2	0.8455	1	0
477	1987	274	7603.2	0.6	13.1	0.8425	1.3	0
477	1987	275	12614.4	3	14.2	0.8152	3	0
477	1987	276	12096	3.1	15.3	0.8605	3.5	0
477	1987	277	11750.4	4.8	15.4	0.8894	3.6	0
477	1987	278	8380.8	5.7	18.3	1.0509	3.2	0
477	1987	279	8985.6	9.8	24.1	1.408	4.4	1
477	1987	280	11923.2	10	16.5	1.0189	4.9	0
477	1987	281	5184	9.6	17.4	1.0974	6.7	0
477	1987	282	11404.8	5.9	15.2	0.7892	4.5	0
477	1987	283	11404.8	4.4	19.5	0.9916	3.6	0
477	1987	284	3283.2	9.5	17.1	1.2358	2.9	0
477	1987	285	2505.6	7.3	12.1	1.0943	3.8	0.4
477	1987	286	9244.8	5.4	14.6	0.9693	3	0.7
477	1987	287	6393.6	7.4	14.3	1.0778	3.2	0.3
477	1987	288	2332.8	6.7	15.9	1.0837	5.6	5.4
477	1987	289	4406.4	12.9	21.9	1.4486	3.8	0.2
477	1987	290	2764.8	10.2	15.7	1.2526	1.2	0.3
477	1987	291	9936	3.8	16.9	1.055	0.4	0.1
477	1987	292	5011.2	4	10.4	0.9441	1.6	0.1
477	1987	293	2160	5.1	12.4	1.0265	2.7	0
477	1987	294	2160	8.6	11.8	1.1067	3.1	0.5
477	1987	295	2073.6	8	10.6	1.1122	1.3	4.3
477	1987	296	2073.6	4.3	9.2	0.9056	0.9	1.5
477	1987	297	1987.2	7	8.6	0.9942	1.3	1
477	1987	298	1987.2	6.1	8.3	0.8426	1	0
477	1987	299	7603.2	1.5	11.1	0.7253	3.3	0
477	1987	300	7430.4	2	10.6	0.7157	4.5	0
477	1987	301	5961.6	5	12.3	0.7619	5.4	0
477	1987	302	5011.2	4	9.2	0.682	4.7	0
477	1987	303	5788.8	1.6	8.3	0.5475	3	0
477	1987	304	4579.2	-0.4	9.2	0.6021	2.5	0
477	1987	305	1728	3.5	10.7	0.8974	0.8	5
477	1987	306	1728	7.1	10	1.0239	2	1.7
477	1987	307	1641.6	5.1	8.2	0.8603	0.4	0
477	1987	308	1987.2	6.1	10.2	0.8557	0.7	0
477	1987	309	2160	3.5	10.1	0.7902	2.7	0
477	1987	310	1555.2	7.3	8.8	0.9037	3.3	0.1
477	1987	311	1555.2	6.5	8.9	0.7983	3.3	0
477	1987	312	1555.2	5.2	8.8	0.751	2	0
477	1987	313	1468.8	0.5	5.3	0.6546	1	0
477	1987	314	1468.8	2.5	5.6	0.6936	1.4	1.4
477	1987	315	1814.4	3	9.7	0.8331	2.4	2.6
477	1987	316	2332.8	6	11.4	0.8769	6.5	0.4
477	1987	317	3456	3.4	10.6	0.7811	4.2	2.5
477	1987	318	1987.2	4.1	8.3	0.7677	5.6	1
477	1987	319	4320	1	8.8	0.6755	4.2	0
477	1987	320	3456	2.5	12.3	0.8542	4.3	3.2
477	1987	321	2419.2	5.8	10.6	0.8912	6.8	0.6
477	1987	322	1296	7.8	9.7	0.9589	4.8	2.8
477	1987	323	1296	8	10.4	1.0117	4.1	11
477	1987	324	2764.8	5.5	8.3	0.8454	5.8	1.7
477	1987	325	2073.6	3.3	8.1	0.7965	2.9	2.5
477	1987	326	1209.6	3.2	7.8	0.8036	2.5	1.7
477	1987	327	1209.6	3.9	6.5	0.7782	3.3	0.2
477	1987	328	1209.6	1.4	4.9	0.651	4.2	0.7
477	1987	329	1123.2	1.5	4.5	0.7047	3.2	13.7
477	1987	330	4752	0.5	6.5	0.6594	1.5	0
477	1987	331	1123.2	-2.3	2.7	0.5455	2.4	0
477	1987	332	1123.2	1.8	3.6	0.6305	3.6	0
477	1987	333	1123.2	2.6	5.1	0.6759	2	0
477	1987	334	1036.8	0.9	4	0.634	1	0
477	1987	335	2332.8	0	3.6	0.5983	1.4	0
477	1987	336	1036.8	0.1	3.1	0.5418	2.4	0
477	1987	337	3888	-0.9	3.2	0.5113	3.1	0
477	1987	338	2332.8	-2.2	0.2	0.4885	2.9	0
477	1987	339	1036.8	-4.6	-1.1	0.4608	0.6	0.4
477	1987	340	1036.8	-3	-1.9	0.4747	1.2	0
477	1987	341	3196.8	-3.6	0.2	0.4478	3.5	0
477	1987	342	2764.8	-8.3	-2.4	0.3489	1.6	0
477	1987	343	1036.8	-9	-5	0.3184	1.4	0
477	1987	344	1036.8	-7.8	2.2	0.3979	5.8	1.6
477	1987	345	4147.2	0	4.9	0.6121	4.1	0
477	1987	346	950.4	-2.9	0.9	0.5282	1.1	0
477	1987	347	950.4	-3.2	-1.5	0.4577	1.8	0
477	1987	348	950.4	-4.4	-3	0.3859	1	0
477	1987	349	950.4	-4.5	-2.8	0.3781	2.6	0
477	1987	350	950.4	-4.5	1.9	0.5056	1.2	3.9
477	1987	351	950.4	1.8	8	0.8227	1.7	9
477	1987	352	950.4	4.5	14.1	0.9951	3.7	5
477	1987	353	1814.4	7.3	11.2	0.9101	5.2	2.3
477	1987	354	950.4	5.7	9.4	0.8422	4.9	5
477	1987	355	1296	8.9	10.3	0.9915	4.8	1
477	1987	356	2246.4	5.7	9.9	0.8884	5	0.4
477	1987	357	1555.2	2.5	5.9	0.6762	2.8	0
477	1987	358	950.4	0	3.8	0.6166	3	0
477	1987	359	1296	-2.1	2.6	0.5662	1.4	0.1
477	1987	360	1900.8	2.3	8.1	0.7517	3.5	0.6
477	1987	361	950.4	5.9	9.1	0.8704	4.7	0.6
477	1987	362	950.4	6.7	11.2	0.9605	6.6	0
477	1987	363	1468.8	9.1	13.3	1.0101	5.5	0.1
477	1987	364	2764.8	7	13.2	0.9758	5.3	0
477	1987	365	1036.8	4.3	9.1	0.8829	2.9	0
