*---------------------------------------------------------------------------*
* Station name: DUSSELDORF                              
* Year: 2018
* Author: Pedro Alencar                                   -999.000: NIL VALUE
* Source: ECAD 
* Comments: 
* Longitude: 51.2969, latitude: 51.2969, altitude: 37 m.
*
* Column  Daily value
* 1       station number
* 2       year
* 3       day
* 4       irradiation                   (kJ m-2 d-1)
* 5       minimum temperature           (degrees Celsius)
* 6       maximum temperature           (degrees Celsius)
* 7       early morning vapour pressure (kPa)
* 8       mean wind speed (height: 2 m) (m s-1)
* 9       precipitation                 (mm d-1)
*
** WCCDESCRIPTION=GERMANY, DUSSELDORF                              
** WCCFORMAT=2
** WCCYEARNR=2018
*---------------------------------------------------------------------------*
   51.2969  6.77    37.  -0.18 -0.55
479	2018	1	1555.2	4.7	8.9	0.7704	7.6	8.1
479	2018	2	1209.6	4.9	7.2	0.7973	5.7	18.3
479	2018	3	1296	5.2	11.1	0.8448	10.4	7.5
479	2018	4	1036.8	6.5	11.6	0.9094	7.3	3.1
479	2018	5	1036.8	4.7	9.6	0.779	6.2	0
479	2018	6	1036.8	2.8	7.5	0.7402	3.1	0
479	2018	7	1036.8	1.9	4.8	0.5981	6.4	0
479	2018	8	2937.6	0.5	5.7	0.5952	5.6	0
479	2018	9	1209.6	-1.3	7.5	0.641	4.1	0
479	2018	10	1468.8	6.7	9.5	0.842	4.3	0.1
479	2018	11	1641.6	4.4	9.7	0.9043	1.6	0
479	2018	12	1123.2	3.7	5.2	0.7889	1.2	0
479	2018	13	2073.6	1.1	7.2	0.6492	3.3	0
479	2018	14	4492.8	1.8	5.4	0.5455	5.5	0
479	2018	15	1468.8	2	7.4	0.6747	7.9	8
479	2018	16	2160	0.8	7.1	0.6725	6.8	7.8
479	2018	17	1814.4	1	4.5	0.603	7.2	5.6
479	2018	18	1641.6	0.7	11	0.7308	8.7	5.4
479	2018	19	2419.2	1	5.9	0.6649	5.3	3
479	2018	20	1209.6	0.7	4.5	0.6555	3.6	4.6
479	2018	21	2592	1.6	6	0.6735	3.8	1
479	2018	22	1296	2.1	8.6	0.7774	4.9	1.4
479	2018	23	1900.8	5.1	10.8	0.8655	5.4	0
479	2018	24	1555.2	10.5	14.6	1.0895	8.1	2
479	2018	25	1382.4	6.8	12.2	1.0204	4.5	0.9
479	2018	26	1382.4	2.8	8.6	0.7965	2.1	0
479	2018	27	4406.4	2.4	8.3	0.7417	3.8	1
479	2018	28	1382.4	5.1	10.7	0.9371	6.8	0
479	2018	29	1468.8	5	10.6	0.8673	7.5	1.1
479	2018	30	3196.8	0.3	7.3	0.6976	3.3	0.8
479	2018	31	1468.8	2.6	10	0.8207	7.5	5.4
479	2018	32	2764.8	0.4	4.9	0.6209	5.8	1.6
479	2018	33	2505.6	2.3	6.4	0.7334	4.8	1.6
479	2018	34	2505.6	0.7	5.1	0.6471	2.9	0.5
479	2018	35	2505.6	-1.7	1.2	0.468	3.6	1.6
479	2018	36	6739.2	-4	4.1	0.4538	3.9	0
479	2018	37	3456	-4.2	0.4	0.3934	3	0
479	2018	38	5961.6	-5.9	2.8	0.4037	2.8	0
479	2018	39	6912	-8.4	2.2	0.3696	1.8	0
479	2018	40	7257.6	-3.2	2.1	0.4168	6.1	0
479	2018	41	1814.4	0.9	4	0.6267	4.7	3.6
479	2018	42	1814.4	0.3	5.8	0.6464	6.3	2.9
479	2018	43	6739.2	-1.4	5.8	0.5584	5.3	0
479	2018	44	8121.6	-1.6	5.8	0.4833	5.8	0
479	2018	45	8380.8	-2	5.8	0.3714	6.7	1.6
479	2018	46	1987.2	-1	5.6	0.62	7.1	1.7
479	2018	47	7862.4	-2.1	8.3	0.6181	3.1	0
479	2018	48	3888	-3.5	6.1	0.5168	2.1	0
479	2018	49	8208	-4.2	7.6	0.4766	4.1	0
479	2018	50	2592	-0.8	4.6	0.4975	3.3	0
479	2018	51	7430.4	-4.9	6	0.4705	2.6	0
479	2018	52	9244.8	-3.7	5.1	0.4307	3.8	0
479	2018	53	9676.8	-4.2	4.8	0.3996	5.1	0
479	2018	54	10108.8	-5.8	3.5	0.3483	4.6	0
479	2018	55	9331.2	-5	4.6	0.3071	5.9	0
479	2018	56	10454.4	-6.3	0.7	0.2437	5.7	0
479	2018	57	6566.4	-5.7	-0.4	0.3222	5.1	0
479	2018	58	10281.6	-8.5	-0.3	0.2559	4.5	0
479	2018	59	10713.6	-9.1	-2.5	0.2221	5	0
479	2018	60	10281.6	-8.7	2.2	0.2116	6.3	0
479	2018	61	3542.4	-6.3	0.8	0.2646	5.8	1.2
479	2018	62	4665.6	-2.9	3.5	0.4871	3.6	0.2
479	2018	63	7776	1.5	11.9	0.6867	5.9	0.5
479	2018	64	7689.6	2.1	13.5	0.7192	4.5	0
479	2018	65	9676.8	3.3	12.8	0.7423	3.3	0
479	2018	66	7171.2	0.9	10.2	0.7702	3.6	1.6
479	2018	67	5702.4	1.5	9.3	0.7263	6.8	2.9
479	2018	68	7516.8	1.4	10.8	0.7342	4.5	3.6
479	2018	69	5443.2	8.2	15.6	1.1275	6	0.1
479	2018	70	5097.6	9.3	16.1	1.1443	5.2	0
479	2018	71	6480	8.8	15.2	1.0929	5.7	1
479	2018	72	3283.2	4.5	9.4	0.9081	6	6
479	2018	73	13219.2	2.8	11.3	0.7536	2.4	0
479	2018	74	9244.8	4.6	12.6	0.6812	5.6	2.9
479	2018	75	3456	0.4	7.6	0.7156	4.1	1.4
479	2018	76	3456	-3	0.5	0.396	8	0.3
479	2018	77	7603.2	-4	2.3	0.3159	7.2	0
479	2018	78	15465.6	-4.5	4.1	0.277	5.4	0.1
479	2018	79	13305.6	-7	8.9	0.3861	4.4	0.3
479	2018	80	6393.6	-5	6.1	0.496	2.5	0
479	2018	81	3715.2	2.1	7.9	0.7587	4.5	3.3
479	2018	82	4492.8	5	7.6	0.7635	4.3	0
479	2018	83	13478.4	0.1	12.3	0.6255	3.3	0
479	2018	84	14083.2	-2.1	13.9	0.6127	2.2	0
479	2018	85	14688	2	11.3	0.7234	2.6	0.3
479	2018	86	9504	-1	11.5	0.7277	4.1	4.5
479	2018	87	3974.4	3.3	9.2	0.8559	4.6	10.3
479	2018	88	11664	3.2	10.8	0.751	4.5	0.6
479	2018	89	11664	5.7	14.4	0.7387	5.4	1
479	2018	90	13651.2	1.8	13.5	0.7747	2.7	8.4
479	2018	91	4233.6	2.3	8.1	0.8047	3.4	3.4
479	2018	92	6220.8	0.6	13.8	0.7411	5.2	1
479	2018	93	8640	9.2	17.8	1.0974	5.9	0.3
479	2018	94	6480	6.6	14.6	0.9451	6.3	0.5
479	2018	95	8467.2	-0.1	10.5	0.6367	6.4	0
479	2018	96	19094.4	-1.1	16.1	0.5388	5.6	0
479	2018	97	19440	9.5	23.3	0.7823	6.4	0
479	2018	98	12528	10	24.9	0.8958	3.2	0
479	2018	99	7171.2	7.8	19.8	1.0875	2.6	0
479	2018	100	6652.8	11.3	19.5	1.2057	3.4	15.3
479	2018	101	7344	7.2	14.3	1.1222	2.1	0.6
479	2018	102	11491.2	9.1	19.7	1.2781	3.4	0.1
479	2018	103	4752	5.1	15.4	1.048	1.9	0
479	2018	104	12873.6	8.7	18	1.148	1.6	4.3
479	2018	105	14169.6	10.2	20.2	1.3111	2.9	0.1
479	2018	106	15120	6.3	18.4	1.0467	2.7	0
479	2018	107	21859.2	3.7	21.9	1.0484	2.2	0
479	2018	108	21945.6	7.2	26.2	1.1391	2	0
479	2018	109	22032	10.8	28.8	0.9683	3.9	0
479	2018	110	21600	12.9	28.3	1.1869	2.8	0
479	2018	111	22291.2	9.9	24	1.2923	2.3	0
479	2018	112	19180.8	10.5	26.6	1.4291	2.9	2.1
479	2018	113	17971.2	8.9	19.2	1.0732	4.3	0
479	2018	114	8726.4	8.4	16.6	1.0715	4.7	0.9
479	2018	115	11318.4	7.6	16.5	0.9559	5.6	2.5
479	2018	116	13219.2	6.1	14.3	0.8704	5.6	4.6
479	2018	117	19785.6	4	18.5	0.7867	3.7	0
479	2018	118	8726.4	9.5	17.7	0.8868	4.7	0
479	2018	119	11232	4.5	22.2	1.148	3.1	7.6
479	2018	120	8640	5.8	15.5	0.9867	8.1	2.1
479	2018	121	15465.6	5.6	14.1	0.7896	7.6	0
479	2018	122	23760	4.6	18	0.776	5.1	0
479	2018	123	21168	5.6	16.6	0.7922	2.9	0
479	2018	124	25315.2	3.8	19.5	0.7804	3.3	0
479	2018	125	25660.8	7.8	22.5	0.8942	4.5	0
479	2018	126	25747.2	6.2	25.9	0.9654	3.1	0
479	2018	127	26006.4	7.6	26.8	1.0777	2.2	0
479	2018	128	26092.8	8.5	27.4	1.1093	2.4	0
479	2018	129	21081.6	11.1	27.8	1.1957	2.6	0
479	2018	130	14428.8	7.6	18	1.0041	4.3	0
479	2018	131	18144	4.5	20.6	0.9733	2.3	0
479	2018	132	22982.4	9.5	23.9	1.0631	2.7	0.1
479	2018	133	8294.4	12	18	1.4647	3	14.4
479	2018	134	21600	12.5	26.2	1.547	4.1	0
479	2018	135	25833.6	10.6	24.1	1.088	3.5	0
479	2018	136	17971.2	11.1	20.7	1.1727	3.3	0.1
479	2018	137	23155.2	9.3	18.5	0.9994	4.7	0
479	2018	138	20995.2	8.3	17.1	0.8949	3.5	0
479	2018	139	20044.8	4	17.8	0.8859	1.9	0
479	2018	140	26006.4	5.1	25.1	1.0799	3	0
479	2018	141	24451.2	10.4	26.9	1.1376	3.3	1.1
479	2018	142	17971.2	13.1	24.8	1.6402	1.9	10.5
479	2018	143	13824	14.1	24.4	1.582	3	2.2
479	2018	144	10195.2	13.7	23.2	1.5686	3.7	1
479	2018	145	21081.6	13.6	25.4	1.6746	2.3	0
479	2018	146	26524.8	13.7	29.2	1.5821	2.5	0
479	2018	147	18489.6	15.3	27.9	1.7254	2.7	0.3
479	2018	148	25920	13.4	30.5	1.6311	2.5	0
479	2018	149	20822.4	15.2	30.7	1.9847	2.8	56.3
479	2018	150	23500.8	14.8	27.9	1.8768	2	1.1
479	2018	151	22377.6	15.7	27	1.8768	2.1	6.4
479	2018	152	6307.2	16.5	21.3	1.9839	3.3	25
479	2018	153	10540.8	16.1	22.1	1.7439	3.2	0
479	2018	154	17971.2	15	24.3	1.7131	1.8	0
479	2018	155	26179.2	13.7	26	1.6651	3.1	0
479	2018	156	17539.2	13.2	22	1.5273	3.3	0
479	2018	157	28857.6	13	28.8	1.6037	2.1	0
479	2018	158	21340.8	14.3	28.4	1.9022	2.6	7.1
479	2018	159	11059.2	18.2	22.9	2.0767	2.3	5.2
479	2018	160	20304	16.2	27.1	1.9115	2.1	3.8
479	2018	161	17884.8	17.1	25.6	1.9275	2.7	0
479	2018	162	19699.2	14.8	23	1.4607	4.2	0
479	2018	163	8294.4	12.9	19	1.3032	3.9	0.7
479	2018	164	10627.2	9.6	17.9	1.0997	3.2	0
479	2018	165	18230.4	8.6	22.1	1.3064	4.2	1.9
479	2018	166	21859.2	13.3	24.4	1.5213	1.9	0
479	2018	167	16761.6	13.3	24.9	1.5894	2.5	1.1
479	2018	168	10454.4	12.7	18.8	1.1973	4.5	0
479	2018	169	9763.2	14.5	22.4	1.4202	4.7	0
479	2018	170	6480	13.5	22.1	1.6077	3	0
479	2018	171	23846.4	16.5	28.1	1.7737	2.9	0
479	2018	172	17625.6	10.3	19	1.0824	6	0
479	2018	173	16329.6	9.6	18.3	1.0822	5.5	0.7
479	2018	174	13219.2	9.4	19	1.1808	3.5	0
479	2018	175	11318.4	10.7	18.7	1.2362	3.1	0.1
479	2018	176	17625.6	13.4	22.5	1.4791	3.2	0
479	2018	177	22204.8	11.6	19.5	1.2879	3.5	0
479	2018	178	28944	10.6	26.5	1.3224	3.7	0
479	2018	179	28944	12.8	28	1.2202	4.2	0
479	2018	180	29203.2	15.2	29.3	1.3396	4.1	0
479	2018	181	29203.2	15.2	28.3	1.3255	4.3	0
479	2018	182	29116.8	10.9	27	0.831	4.7	0
479	2018	183	29116.8	11.3	27.5	0.8546	3.9	0
479	2018	184	29116.8	13.3	30.4	0.9413	2.3	0
479	2018	185	16243.2	15.6	28.2	1.495	2.9	0.1
479	2018	186	20563.2	17.3	27.5	1.6763	2.8	0.4
479	2018	187	17712	14.2	26.8	1.4925	2.8	0
479	2018	188	27043.2	14.1	27.1	1.1626	3.6	0
479	2018	189	28512	11.5	26.6	1.2323	3.5	0
479	2018	190	20044.8	12.8	24.9	1.3692	3.7	0
479	2018	191	12614.4	13.5	20.1	1.2609	5.5	0.2
479	2018	192	18662.4	10.9	23.1	1.4124	2.9	2.5
479	2018	193	21168	14.7	27.3	1.7129	2.2	0
479	2018	194	28166.4	12.7	27.9	1.3791	2.2	0
479	2018	195	27388.8	15	27.9	1.4545	2.7	0
479	2018	196	28339.2	12.2	28.9	1.1832	2.9	0
479	2018	197	27907.2	13.3	30.5	1.1803	1.8	0
479	2018	198	22204.8	15.3	29.7	1.4145	3.7	0
479	2018	199	25660.8	11.4	27.8	1.2296	1.6	0
479	2018	200	20908.8	12.5	28.8	1.2148	2.2	0
479	2018	201	24883.2	12.3	29.6	1.2374	2.2	0
479	2018	202	22723.2	16.1	29.9	1.514	2.4	0
479	2018	203	20995.2	16.1	28.6	1.4826	3	0
479	2018	204	21513.6	14.4	30.4	1.6223	1.5	0
479	2018	205	26265.6	16.7	33.5	1.5581	2	0
479	2018	206	22377.6	18.1	35.4	1.9279	2.6	2.1
479	2018	207	19785.6	18.5	36.5	1.758	2.4	0
479	2018	208	26870.4	19.9	36.4	1.2553	3.1	0
479	2018	209	17107.2	17.1	29.6	1.4891	4.4	2.3
479	2018	210	14169.6	17.2	30.7	1.3656	4.3	0
479	2018	211	22723.2	18.7	34.2	1.5498	2.7	0
479	2018	212	22809.6	18.8	31.7	1.7645	3.7	0
479	2018	213	18316.8	17.3	29.8	1.4781	3	0
479	2018	214	25920	15.3	33.2	1.4811	2.2	0
479	2018	215	25228.8	17.8	35.5	1.603	2.4	0
479	2018	216	21600	21	32.8	1.6974	3.9	0
479	2018	217	22723.2	16.1	28.4	1.5272	3.5	0
479	2018	218	25315.2	12.8	33.8	1.3418	2.4	0
479	2018	219	23328	16	36.7	1.2668	2.8	5
479	2018	220	14428.8	16.1	26.9	1.5358	5	0
479	2018	221	11145.6	15	30.2	1.7515	6	0.9
479	2018	222	21427.2	13	24.1	1.1305	7.1	2
479	2018	223	21686.4	11.6	23.1	1.2067	5.2	0
479	2018	224	22636.8	11	29	1.0737	3.7	0.8
479	2018	225	11404.8	15.5	23	1.582	4.9	10.5
479	2018	226	13046.4	16.5	25.6	1.743	5.1	0.1
479	2018	227	8812.8	15.4	25.1	1.7068	3.3	0
479	2018	228	19958.4	14.5	27.9	1.6586	2.8	4.8
479	2018	229	13478.4	13.3	23.6	1.5262	2.9	5
479	2018	230	22377.6	11.4	24.9	1.3729	2.6	0
479	2018	231	20649.6	14.6	26.1	1.5742	3.5	0
479	2018	232	5097.6	18	22.9	1.8239	2.8	0.2
479	2018	233	12614.4	18.2	27.7	1.789	1.6	0
479	2018	234	20908.8	15.7	29.8	1.6847	2.4	0
479	2018	235	21340.8	14.4	27	1.706	3.5	1.2
479	2018	236	11923.2	14	21.2	1.3263	4.9	3.8
479	2018	237	13737.6	7.8	18.4	1.0391	5.8	0.4
479	2018	238	16588.8	6.3	21.1	0.9552	3.8	1.7
479	2018	239	8812.8	13	22.3	1.4514	6.1	0.1
479	2018	240	17107.2	12.4	23.9	1.3729	2.4	0
479	2018	241	13910.4	10.4	26.6	1.5097	2.5	10.5
479	2018	242	15292.8	10.7	20.8	1.2688	4	0
479	2018	243	15292.8	9.7	20.5	1.1656	2.2	0
479	2018	244	17193.6	7.1	21.2	1.0802	2.2	0
479	2018	245	19699.2	10.8	24.5	1.1894	4.1	0
479	2018	246	5270.4	14.5	22.6	1.5997	1.4	0.4
479	2018	247	13737.6	14.3	26.7	1.9981	1.5	3.3
479	2018	248	11491.2	15.2	28.2	1.8396	1.7	9.1
479	2018	249	4752	14.9	20.9	1.7816	2.5	3.7
479	2018	250	13305.6	10.2	19.4	1.2106	4.6	0.4
479	2018	251	14083.2	9.4	20.1	1.1061	3.6	0
479	2018	252	11059.2	13.7	25.7	1.4435	3.3	0
479	2018	253	6393.6	13.7	21.8	1.3997	3.3	0
479	2018	254	16502.4	13.5	26.6	1.4517	5.7	0
479	2018	255	10886.4	14.4	23.5	1.6839	3.9	1.8
479	2018	256	6566.4	9	19.1	1.3135	2.5	0
479	2018	257	13478.4	6.5	20.6	1.07	2.6	0
479	2018	258	10108.8	9.8	21	1.2232	3.4	0
479	2018	259	14515.2	9.3	23.8	1.2223	2.8	0
479	2018	260	15724.8	8.9	26.4	1.1491	2.8	0
479	2018	261	15811.2	15	31.8	1.35	6	0
479	2018	262	13824	12.6	28.5	1.5213	5	0
479	2018	263	13910.4	14.7	26.6	1.4092	5	0
479	2018	264	7344	13	22.5	1.1563	7.8	1.6
479	2018	265	6998.4	10.4	17.9	1.177	5.8	3.2
479	2018	266	3456	8.2	12.5	1.1555	4.1	13.6
479	2018	267	12355.2	4.8	15	0.9141	3.7	0.8
479	2018	268	14083.2	3	15.8	0.8722	1.6	0
479	2018	269	13996.8	5.3	18.5	0.8352	3.1	0
479	2018	270	14515.2	8.4	22.6	1.0552	2.5	0
479	2018	271	6912	4.5	16.2	0.9671	2.8	0.3
479	2018	272	13910.4	0.8	16.7	0.8009	1.7	0
479	2018	273	13392	1.8	17.4	0.7764	2.1	0
479	2018	274	9590.4	6.4	14.1	0.9357	3.9	3.1
479	2018	275	4320	7.4	15.1	1.1068	5.2	1.3
479	2018	276	8380.8	6	16.2	1.0166	2.9	0
479	2018	277	7516.8	6.7	17.6	1.1179	3.2	0
479	2018	278	12873.6	9.3	22.3	1.1473	4.4	0
479	2018	279	12096	11.6	25.7	1.4381	3.9	0.5
479	2018	280	10195.2	4.5	15.8	0.8923	4.1	0
479	2018	281	12009.6	2.5	17	0.917	1.4	0
479	2018	282	10368	5.6	21.2	1.2132	1.8	0
479	2018	283	11836.8	6.2	26.1	1.2832	2.3	0
479	2018	284	9072	13.2	22.9	1.3023	4.8	0
479	2018	285	10886.4	15.3	26.8	1.5189	5.6	0
479	2018	286	11318.4	18.3	27.6	1.4815	5.8	0
479	2018	287	10800	16.8	26.5	1.3174	5.9	0
479	2018	288	10886.4	10.7	25.8	1.0885	4.1	0
479	2018	289	9072	9.3	26.1	1.2942	1.8	0
479	2018	290	9763.2	12	22.7	1.3649	2.5	0
479	2018	291	4838.4	12.5	18.5	1.4245	3.5	0.1
479	2018	292	5356.8	4.9	17.2	1.0264	2.4	0
479	2018	293	9331.2	2.3	15.6	0.9147	1.3	0
479	2018	294	9849.6	1.9	16.8	0.881	2.1	0
479	2018	295	4492.8	2.1	15.6	0.8518	2.4	0.6
479	2018	296	2678.4	1.4	14.3	0.8384	5.6	0.3
479	2018	297	2419.2	12.4	15.5	1.3687	5.1	1.3
479	2018	298	2073.6	10.3	13.2	1.0888	3.9	0
479	2018	299	1987.2	6.2	11.5	0.8972	5.3	1.2
479	2018	300	4233.6	3.6	10.2	0.8354	3.2	0.5
479	2018	301	3542.4	2.7	7.2	0.6605	5.6	0
479	2018	302	1900.8	4.8	6.9	0.7216	5.5	8.6
479	2018	303	1900.8	3.1	9.2	0.8028	7.8	6.1
479	2018	304	5443.2	4.7	12	0.7905	5.5	0.1
479	2018	305	1814.4	5.3	11.1	0.8477	4.1	1.9
479	2018	306	6307.2	0.8	12.2	0.745	4.2	0
479	2018	307	7516.8	-0.8	10.3	0.7285	1.9	0
479	2018	308	2851.2	-1	12.5	0.7809	2.7	0
479	2018	309	3974.4	3.3	14.1	0.9444	3.5	0
479	2018	310	6566.4	8.6	20.1	1.1759	3.7	0
479	2018	311	5616	10	16.9	1.0785	5.7	0.8
479	2018	312	6307.2	5.7	14.1	0.9263	3.1	0
479	2018	313	4579.2	6.4	14.7	0.9928	4.2	0.2
479	2018	314	1555.2	11.8	14.5	1.2238	6.4	6.4
479	2018	315	2419.2	11	15.3	1.1936	6	4
479	2018	316	1468.8	9.4	14.8	1.2835	3.4	1.2
479	2018	317	3542.4	6.1	13.6	0.9718	5.4	0
479	2018	318	6134.4	6.4	12	0.9535	4.7	0
479	2018	319	6220.8	4.2	10.2	0.8426	5.3	0
479	2018	320	6134.4	-1	12.8	0.7241	3.9	0
479	2018	321	6048	-2.8	11.4	0.6145	3.3	0
479	2018	322	5961.6	-1.3	7.9	0.4954	4	0
479	2018	323	2592	2.1	7.3	0.6491	6.4	0
479	2018	324	1296	2	4.9	0.5241	5.9	0
479	2018	325	4406.4	-2.5	6.1	0.5496	2.8	0
479	2018	326	1814.4	1.6	6.3	0.6239	3.7	0
479	2018	327	5011.2	-1.6	11	0.7003	2.7	0
479	2018	328	1209.6	-1.9	5.2	0.647	2	3.1
479	2018	329	1209.6	2.9	5	0.7698	2.5	0
479	2018	330	1209.6	2.2	6.7	0.7217	3.3	0
479	2018	331	1209.6	1.6	6.1	0.6437	2.8	0
479	2018	332	1209.6	1.9	7.3	0.67	8.2	1.2
479	2018	333	1209.6	7.2	9.1	0.8665	8.8	0.7
479	2018	334	2160	6	12	0.8949	5.2	0
479	2018	335	2246.4	5.3	10.5	0.8732	5.6	7.4
479	2018	336	1036.8	8.6	14.3	1.2296	6.2	13.1
479	2018	337	1209.6	8.8	13.9	1.1678	6.2	5.9
479	2018	338	3369.6	0.3	9.6	0.73	2.9	0
479	2018	339	1036.8	2.5	8	0.7365	5.9	0.1
479	2018	340	1036.8	7.5	12.9	1.0943	5.8	1.8
479	2018	341	1036.8	6	13.2	1.0034	7.3	6.5
479	2018	342	1036.8	5.9	10.9	0.8923	9.3	13.3
479	2018	343	1555.2	5.9	10.7	0.8972	7.7	2.3
479	2018	344	1555.2	3.5	6.2	0.7163	4.9	0.8
479	2018	345	2246.4	-1.3	7.2	0.6343	3.2	0.1
479	2018	346	1296	-1.6	5.3	0.6214	2.1	0
479	2018	347	4233.6	-0.7	3.4	0.5389	3.6	0
479	2018	348	950.4	0.2	2.4	0.5235	2.7	0
479	2018	349	950.4	-0.4	1.5	0.3942	5.4	0.7
479	2018	350	950.4	-1.4	2.9	0.529	6.1	0.1
479	2018	351	950.4	2.5	7.2	0.7767	5.1	3.8
479	2018	352	3369.6	2.8	8.3	0.7249	6.6	0.1
479	2018	353	1814.4	5.4	10.6	0.8148	5.7	0.3
479	2018	354	950.4	6.6	9.2	0.8945	5.5	6.3
479	2018	355	950.4	7.5	13.8	1.0251	8.5	13.1
479	2018	356	1209.6	7.8	10.9	0.9514	6.4	3
479	2018	357	950.4	5.8	9.3	0.9566	3.9	11
479	2018	358	3110.4	-1.4	7.1	0.6373	3.1	0
479	2018	359	1209.6	-1.8	5.6	0.5746	2.9	0
479	2018	360	2764.8	-2.2	4.4	0.5425	3	0
479	2018	361	2246.4	0.3	5.9	0.58	2.2	0
479	2018	362	3283.2	-3.5	4.1	0.5308	2.2	0.2
479	2018	363	950.4	3	9.2	0.8471	5	1.1
479	2018	364	1123.2	6.9	8.3	0.8973	4.1	1.7
479	2018	365	950.4	7.9	9.4	1.0644	2.5	0.1
