*---------------------------------------------------------------------------*
* Station name: DUSSELDORF                              
* Year: 1990
* Author: Pedro Alencar                                   -999.000: NIL VALUE
* Source: ECAD 
* Comments: 
* Longitude: 51.2969, latitude: 51.2969, altitude: 37 m.
*
* Column  Daily value
* 1       station number
* 2       year
* 3       day
* 4       irradiation                   (kJ m-2 d-1)
* 5       minimum temperature           (degrees Celsius)
* 6       maximum temperature           (degrees Celsius)
* 7       early morning vapour pressure (kPa)
* 8       mean wind speed (height: 2 m) (m s-1)
* 9       precipitation                 (mm d-1)
*
** WCCDESCRIPTION=GERMANY, DUSSELDORF                              
** WCCFORMAT=2
** WCCYEARNR=1990
*---------------------------------------------------------------------------*
   51.2969  6.77    37.  -0.18 -0.55
479	1990	1	1036.8	0	1	0.5892	1.4	0.3
479	1990	2	1036.8	0.7	2.4	0.6218	1.3	0
479	1990	3	1036.8	0.1	2.5	0.5772	3.3	0
479	1990	4	2246.4	-0.2	3	0.5341	4.8	0
479	1990	5	1036.8	1	3.8	0.6172	2.7	0
479	1990	6	3456	0.8	3.6	0.5942	6.2	0
479	1990	7	1036.8	0.6	4.5	0.5798	6.6	0.6
479	1990	8	1209.6	1.4	6.9	0.7067	3.8	1.7
479	1990	9	1036.8	4.3	7.3	0.8021	3.2	3.5
479	1990	10	1900.8	5.2	7.4	0.7921	4	0.4
479	1990	11	1123.2	5.2	8.1	0.743	4.2	0
479	1990	12	4406.4	1	7.6	0.6394	4.7	0
479	1990	13	1123.2	0	4.7	0.6295	3.9	0.3
479	1990	14	2592	1.7	5.3	0.683	2.4	0.4
479	1990	15	1123.2	1.8	8.1	0.7561	5.5	3.1
479	1990	16	1209.6	8.1	10.5	1.0536	5.7	0.6
479	1990	17	1900.8	5.2	10.4	0.7932	5.9	0.8
479	1990	18	4406.4	1.4	7.5	0.6714	3.4	0
479	1990	19	1641.6	3.5	7	0.7099	6.2	2.5
479	1990	20	2332.8	5.1	8.4	0.8367	5.4	0.4
479	1990	21	1296	7.3	10.7	0.9293	4.4	0.1
479	1990	22	1296	6.8	10.3	0.9126	4.3	2.9
479	1990	23	1296	6.6	11.1	0.9313	7.4	23.3
479	1990	24	2678.4	3.5	8.9	0.7582	6.2	3.5
479	1990	25	1382.4	4.2	13.7	0.8232	10.7	11.8
479	1990	26	2246.4	3.4	9	0.7393	10.2	0.9
479	1990	27	2073.6	3.9	9	0.675	6.8	0
479	1990	28	1987.2	5.2	10.7	0.7373	8.9	4.6
479	1990	29	5356.8	4	9.9	0.6487	5.4	0
479	1990	30	3628.8	4.8	11.4	0.734	6.8	0
479	1990	31	1468.8	9.4	12.1	0.7482	8.6	0
479	1990	32	3715.2	8.6	12.3	0.8092	5.5	3.3
479	1990	33	5011.2	7.5	10.1	0.747	7.5	2.5
479	1990	34	1555.2	6.8	13.6	0.858	7.7	3.6
479	1990	35	5702.4	4.9	11	0.7479	5.4	0
479	1990	36	7430.4	4.5	14.2	0.693	4.9	0
479	1990	37	7171.2	7	14.6	0.6859	6.1	0
479	1990	38	2246.4	9	14	0.8541	8.8	0
479	1990	39	4492.8	6.3	15.7	0.8525	9.9	2.3
479	1990	40	5011.2	3.6	9.9	0.7481	4.4	0
479	1990	41	3801.6	3.4	8.9	0.6234	6.8	9.8
479	1990	42	4924.8	5.4	9.5	0.6506	8.7	1.4
479	1990	43	3715.2	1.6	7	0.6644	7.9	3.6
479	1990	44	4233.6	1.4	7	0.668	5.8	11.7
479	1990	45	2332.8	4.6	9.1	0.7037	7.9	6.9
479	1990	46	3369.6	0.2	5	0.6481	4.4	8.9
479	1990	47	8726.4	0.5	7.2	0.5954	3.2	0
479	1990	48	5270.4	0.3	8.7	0.6148	5.1	0.6
479	1990	49	2073.6	7.3	12.3	1.0048	3.9	1.6
479	1990	50	7344	8.5	15.7	1.0155	4.7	0
479	1990	51	5875.2	11.9	19	1.0869	5.3	0
479	1990	52	7344	6.1	17.5	0.9956	4.9	0.1
479	1990	53	9763.2	4.5	15.4	0.697	2.2	0
479	1990	54	9504	8.5	16.2	0.975	3.3	0
479	1990	55	8294.4	8.4	19.1	1.0054	5.2	0
479	1990	56	2332.8	8.7	15.7	1.0506	5.9	4.3
479	1990	57	3628.8	3.8	12.4	0.8204	11.4	15.5
479	1990	58	5616	1	7	0.6505	9.3	5
479	1990	59	3456	3.8	10.6	0.8528	9.3	16.9
479	1990	60	8121.6	1.6	10.6	0.753	8.5	3.5
479	1990	61	8208	0.4	5.3	0.6223	4.1	3.9
479	1990	62	7257.6	-0.3	8.5	0.7042	3.9	0.2
479	1990	63	2851.2	3.2	8.2	0.7233	5.1	0.8
479	1990	64	2851.2	6.3	8.2	0.7233	7.3	0
479	1990	65	3715.2	7	11.2	0.8778	7.3	0
479	1990	66	3024	8.6	11.5	0.9972	5.5	0
479	1990	67	7948.8	8.9	13.4	0.914	4	0
479	1990	68	5529.6	5.5	10.9	0.6847	7.1	1.4
479	1990	69	3110.4	5.5	13.3	0.99	5.6	0.6
479	1990	70	12441.6	8.5	17.3	1.0851	4.9	0
479	1990	71	11232	6.3	12.3	0.9365	3	0
479	1990	72	11059.2	0.6	14.1	0.6667	2.9	0.4
479	1990	73	8553.6	7.1	13.5	0.9514	2.3	0
479	1990	74	13910.4	4.5	16.5	0.8754	1.9	0
479	1990	75	14601.6	6.9	19.6	0.8364	2.1	0
479	1990	76	15120	9.5	21.7	0.9558	2.5	0
479	1990	77	15379.2	8.4	21.8	0.7371	2.8	0
479	1990	78	9244.8	10.7	18.6	0.7493	5.7	5.7
479	1990	79	3628.8	10.8	16.6	1.331	3	0.7
479	1990	80	4060.8	10.6	15.3	1.029	4.4	0
479	1990	81	3715.2	7.1	13.3	1.057	3.2	2.5
479	1990	82	12355.2	3.8	13	0.7491	4.8	0
479	1990	83	3801.6	6.3	10.3	0.8425	6.5	3.5
479	1990	84	7689.6	2.5	7.4	0.7474	4.7	5.9
479	1990	85	6393.6	2.3	9.1	0.7965	2.9	2.5
479	1990	86	8812.8	2.5	9.4	0.8198	2.2	2.3
479	1990	87	9849.6	-0.2	9.6	0.6491	3.7	0
479	1990	88	8640	5.8	11.9	0.7836	3.1	0
479	1990	89	13046.4	0.6	13.5	0.7737	1.5	0
479	1990	90	17539.2	2.3	17.7	0.8589	2.4	0
479	1990	91	18403.2	5.4	20.9	0.8763	2.1	0
479	1990	92	17712	9.9	21.4	1.0476	5.9	1.3
479	1990	93	8467.2	5.3	12.7	0.7687	5.5	0.8
479	1990	94	10108.8	2.2	8.4	0.6768	3.3	0.7
479	1990	95	17539.2	-1.6	10.5	0.5455	1.3	0
479	1990	96	18662.4	-1.4	11.8	0.4687	3.2	0
479	1990	97	19353.6	3.1	12	0.5407	5.2	0
479	1990	98	17884.8	3.5	9	0.5611	5.7	0
479	1990	99	20304	0	10.6	0.4452	4.5	0
479	1990	100	16934.4	-2.3	13.5	0.591	3	3.2
479	1990	101	14342.4	6.7	12.6	0.815	5.1	0
479	1990	102	4752	5.5	10.4	0.8655	2.7	1
479	1990	103	9072	8.4	15.1	0.9097	4.4	3.5
479	1990	104	10800	6.7	12.2	0.8869	4.1	10.7
479	1990	105	13219.2	5.5	10.8	0.8773	6.2	4.7
479	1990	106	9072	5.5	9.9	0.8299	4.3	7.1
479	1990	107	12700.8	4.8	11.1	0.8655	3.9	1.8
479	1990	108	19785.6	2.8	13	0.7348	4	0
479	1990	109	17539.2	2.4	13.3	0.6898	3.3	0
479	1990	110	9676.8	1.7	14.2	0.8869	3.1	0.3
479	1990	111	19008	7.1	17.9	0.9122	4.8	0
479	1990	112	17884.8	8.1	18.7	1.0289	3.4	2.2
479	1990	113	16070.4	8.4	16.4	1.0069	4.4	0
479	1990	114	17280	7.4	16.6	1.0929	2.2	7
479	1990	115	12700.8	6.1	15.5	1.0224	2.3	1.9
479	1990	116	18835.2	5.2	19	0.8321	2.4	2.8
479	1990	117	11923.2	5	14.9	0.8805	4.9	0
479	1990	118	19958.4	1.4	13.7	0.6551	1.3	0
479	1990	119	18316.8	6.7	18.3	0.9122	1.2	0
479	1990	120	23587.2	7.3	21.9	1.0291	1.8	0
479	1990	121	24796.8	9.6	24.1	1.0541	2.6	0
479	1990	122	24796.8	10.1	27	1.0452	2.7	0
479	1990	123	25315.2	10	24.5	0.9239	3.1	0
479	1990	124	25228.8	8.8	26.2	0.8387	2.6	0
479	1990	125	25142.4	10.5	26.9	1.0765	1.2	0
479	1990	126	23846.4	12.4	29	0.9992	1.4	0
479	1990	127	20476.8	14.2	26.8	1.3481	2.4	0.4
479	1990	128	21168	9.4	23.4	1.1548	1.2	0
479	1990	129	20044.8	11.4	23.3	1.3451	2.1	0
479	1990	130	11750.4	10.6	16.7	1.2955	2.1	6.7
479	1990	131	21340.8	9.2	18.2	0.9239	3.9	3.2
479	1990	132	8035.2	9	13.8	1.0639	4	7.1
479	1990	133	8812.8	10.2	16	1.2047	4	0.5
479	1990	134	7516.8	8.1	14.6	1.0738	2.5	0
479	1990	135	23760	7.3	22.2	1.0391	2.2	2.3
479	1990	136	16156.8	13.5	21	1.376	2.5	1.2
479	1990	137	23068.8	10.5	21.3	1.1367	2.6	0
479	1990	138	20131.2	8.2	15.3	0.8132	2.4	0
479	1990	139	23241.6	6.6	20.2	0.9214	2.3	0
479	1990	140	26352	7.7	23.6	0.8345	1.6	0
479	1990	141	17366.4	9	23	0.8897	2	0
479	1990	142	23155.2	10.4	21.5	0.9955	3.4	0
479	1990	143	26611.2	9.2	22.4	0.9322	2.4	0
479	1990	144	25574.4	7.1	20.7	0.8566	3.6	0
479	1990	145	20476.8	6.2	16	0.7129	3.2	0
479	1990	146	26524.8	3.3	16.9	0.6423	2.1	0
479	1990	147	26611.2	3.4	18.5	0.6536	2.1	0
479	1990	148	19180.8	7.8	15.7	0.758	2.8	0
479	1990	149	26611.2	3.5	20.4	0.6983	1.2	0
479	1990	150	26524.8	6.6	23.4	0.6472	1.3	0
479	1990	151	25660.8	10.8	24.4	0.9043	1.5	0
479	1990	152	26352	11.3	28.3	0.83	2.1	11.8
479	1990	153	14428.8	11.5	24.4	1.5407	4.5	10.3
479	1990	154	10281.6	11.4	19.4	1.3979	4.7	10.2
479	1990	155	15897.6	11.4	16.9	1.2898	5.4	2.7
479	1990	156	19008	9.9	19.4	1.0491	1.6	0
479	1990	157	12787.2	13.5	20.1	1.2991	2.8	5.5
479	1990	158	7516.8	12.4	15.7	1.4257	3.1	7.3
479	1990	159	16416	10.2	18.2	1.3102	2.5	2.9
479	1990	160	12441.6	9.6	17.1	1.1939	1.5	3.3
479	1990	161	10195.2	11.5	17.4	1.348	3.4	2.2
479	1990	162	6480	11.7	14.7	1.1823	1.8	0
479	1990	163	10195.2	11.6	17.1	1.1433	2.2	0
479	1990	164	7948.8	8.8	16.3	1.1041	1	0
479	1990	165	6480	11.4	16.5	1.0981	1.1	0
479	1990	166	6480	10	17.7	1.0911	1.2	0
479	1990	167	18921.6	9.3	20.7	1.09	1.2	0
479	1990	168	26179.2	8.4	24.2	1.0735	0.9	0
479	1990	169	17798.4	12.9	24.3	1.2624	2.2	0.2
479	1990	170	7603.2	16	22.8	1.6193	2.7	4.7
479	1990	171	11750.4	14.8	19	1.6727	2	13.4
479	1990	172	20736	12.7	21	1.0349	5.7	3.8
479	1990	173	16934.4	14.2	19.1	1.2111	7.8	0
479	1990	174	17971.2	13.4	21.7	1.2821	5.2	1.3
479	1990	175	26697.6	10.9	23.2	1.0481	2.6	0
479	1990	176	18230.4	17.7	23.4	1.6179	3.2	0
479	1990	177	26524.8	14.4	29.8	1.5664	2	5.2
479	1990	178	15724.8	18.3	26.8	2.1828	2.3	22.9
479	1990	179	21427.2	15.2	22.7	1.4434	3.5	0
479	1990	180	16329.6	13.2	25.3	1.5151	1.6	5
479	1990	181	19785.6	16.2	25.5	2.1153	3.3	22.2
479	1990	182	20390.4	14.5	19.9	1.2345	7.3	2.2
479	1990	183	20390.4	12	19.7	1.0971	4.3	0
479	1990	184	15465.6	9.4	19.3	1.0616	1.4	0
479	1990	185	20476.8	10.3	20.9	1.0089	3.7	0.3
479	1990	186	12182.4	12.8	19.9	1.4482	6.7	13.2
479	1990	187	13737.6	11.8	16.2	1.1496	5.2	1
479	1990	188	7084.8	11.7	16.3	1.3412	4	7.1
479	1990	189	11750.4	14.5	23.3	1.8095	4.5	0
479	1990	190	19699.2	15	20.4	1.2942	5.4	0
479	1990	191	14688	12.3	18	1.3241	4.8	5.1
479	1990	192	25488	9	22.9	1.1584	2.1	0
479	1990	193	27302.4	13.4	26.2	1.3141	2.1	0
479	1990	194	27820.8	13	23.2	1.2028	3.4	0
479	1990	195	28425.6	9.8	22.3	0.9836	3.4	0
479	1990	196	27820.8	9.4	26.5	1.0066	1.4	0
479	1990	197	19180.8	13.7	28.6	1.1525	2.3	0
479	1990	198	20476.8	15.3	21.1	1.1895	4.8	0
479	1990	199	17452.8	13.4	20.5	1.273	3.4	0
479	1990	200	23673.6	10.1	24.3	1.1561	2.1	0
479	1990	201	26006.4	11.7	27.1	1.3944	1.2	0
479	1990	202	25920	14.8	28.2	1.4846	1.9	0
479	1990	203	26784	13.2	23	1.1613	3.3	0
479	1990	204	20563.2	9.4	19.8	0.9793	2.6	0
479	1990	205	12355.2	8.4	17.5	0.9991	1.7	0
479	1990	206	5961.6	13.3	17	1.1865	1.8	0
479	1990	207	24624	11.5	26.1	1.2999	2.5	0
479	1990	208	22032	13.6	29.5	1.2324	2.4	0
479	1990	209	18748.8	20.8	30.6	1.8781	2.4	2.5
479	1990	210	15120	16	24.5	1.9675	1.6	10.2
479	1990	211	25747.2	16.4	28.6	1.6865	1.5	0
479	1990	212	25228.8	16.9	29.9	1.6085	1.6	0
479	1990	213	25747.2	16.7	29.7	1.7878	1.6	0
479	1990	214	26092.8	16	32.7	1.4595	1.7	0
479	1990	215	26179.2	16.5	33.4	1.2606	1.7	0
479	1990	216	25056	17.8	35.6	1.2582	1.7	0
479	1990	217	16070.4	18.4	29.7	1.8816	3.5	0
479	1990	218	16070.4	11.9	22	1.5044	2.3	3.2
479	1990	219	20217.6	11	21.5	1.1807	2	0
479	1990	220	20822.4	9.5	22.7	1.0051	1.3	0
479	1990	221	19180.8	11.9	26.5	1.4216	1.5	0
479	1990	222	11491.2	15.7	24	1.5263	1.8	0
479	1990	223	18576	16.7	30.6	1.6328	2.6	0
479	1990	224	22204.8	16.3	34.1	1.4074	2.1	0
479	1990	225	18835.2	23	31.6	1.81	2.7	0.9
479	1990	226	10886.4	18.3	26.3	1.8543	2.6	2.2
479	1990	227	14601.6	17.1	26.5	1.6945	4.9	3.9
479	1990	228	14860.8	17.4	23.2	1.4505	5.1	0.5
479	1990	229	15724.8	13.2	20.7	1.0994	5.3	0.5
479	1990	230	5788.8	13.3	16.9	1.4913	4.2	4.6
479	1990	231	14428.8	10.2	20.6	1.3805	2.7	5.3
479	1990	232	16156.8	14.6	21	1.3635	6.1	1.5
479	1990	233	7862.4	11.4	17.6	1.2204	5	0.1
479	1990	234	13219.2	11.6	19.6	1.2744	1.9	0
479	1990	235	14774.4	15.2	24.4	1.7522	1.2	0
479	1990	236	21513.6	12.9	28.4	1.6279	2.1	0
479	1990	237	14169.6	18.5	26.5	1.8497	2.4	0
479	1990	238	15379.2	16.7	25	1.771	2.4	0
479	1990	239	16243.2	15.9	28.7	1.8006	1.1	0
479	1990	240	17971.2	16.4	28.8	1.8884	1.1	0
479	1990	241	17539.2	16.4	29.9	1.6976	2.4	0
479	1990	242	4665.6	16	24	1.9607	3.1	2.5
479	1990	243	4579.2	11.9	16.3	1.4464	2.4	26.3
479	1990	244	6566.4	12.3	18.3	1.4237	2.2	5.7
479	1990	245	4406.4	14.2	17.6	1.6057	2	10.1
479	1990	246	4320	15.3	18.7	1.7994	1.7	5.9
479	1990	247	7516.8	12.5	18.2	1.4109	2.9	0.2
479	1990	248	14169.6	8.4	19.4	1.2215	2.5	0
479	1990	249	5097.6	12.5	19.4	1.4299	4.2	4.2
479	1990	250	8208	11.3	16	1.1862	4	0.2
479	1990	251	10281.6	10.3	18.8	1.3898	2.2	0.9
479	1990	252	12182.4	9.5	18.5	1.2294	2.3	0.2
479	1990	253	4579.2	10.8	16.4	1.4469	2.8	6.6
479	1990	254	11750.4	10.5	18.3	1.4091	1.1	0.4
479	1990	255	5011.2	10.2	17.3	1.3668	0.4	0
479	1990	256	13910.4	8.7	19.7	1.2616	1.1	0
479	1990	257	15638.4	7.4	20	1.2058	1.2	0
479	1990	258	9504	8.6	15.6	0.9873	1.7	0
479	1990	259	10540.8	10	17.8	1.2215	0.5	0
479	1990	260	11491.2	6.3	16.5	1.0101	2.4	1.9
479	1990	261	8812.8	8.2	17.1	1.1113	3.7	0
479	1990	262	4406.4	10.6	17.7	1.2737	6.1	1.3
479	1990	263	9590.4	8.8	14.8	1.0233	5.1	3
479	1990	264	9849.6	9.9	13.3	1.0099	7.5	0.5
479	1990	265	3974.4	9.3	12.3	1.113	2.7	3.1
479	1990	266	10368	9.7	18.3	1.2773	3.7	7.9
479	1990	267	10022.4	9.1	15.4	1.054	6.6	0.6
479	1990	268	8812.8	9.6	13.8	1.1677	4.6	1.9
479	1990	269	6739.2	6.3	15.4	0.9739	1.4	0
479	1990	270	8121.6	7.2	14.2	0.9385	1.8	0
479	1990	271	6134.4	9.5	17.8	0.9989	3.6	0
479	1990	272	9417.6	9.2	19.2	1.0352	3.2	3.9
479	1990	273	3542.4	12.7	19.6	1.6682	3.5	3.7
479	1990	274	5961.6	11	17.2	1.366	1.9	0
479	1990	275	7171.2	9.7	16.5	1.1746	3.4	0
479	1990	276	12009.6	12.8	22.5	1.5522	5.7	0.8
479	1990	277	9676.8	11.1	19.1	1.217	3.6	0
479	1990	278	5011.2	9.9	15.6	1.0892	6.3	0.1
479	1990	279	8121.6	14.2	21.4	1.3228	7.1	0
479	1990	280	8812.8	9.2	17.8	1.2211	4.3	0
479	1990	281	6912	4.7	12	0.8454	2.1	0
479	1990	282	9331.2	8.4	15	0.8654	4.1	0
479	1990	283	2678.4	11.3	15.4	1.1021	4.3	0
479	1990	284	10713.6	10	18.5	1.1846	2.6	0
479	1990	285	10972.8	7.4	25	1.085	2.9	0
479	1990	286	10108.8	14.3	24.6	1.3762	3.2	0
479	1990	287	4752	16.4	23.5	1.6987	3.3	0
479	1990	288	7257.6	16.1	23.3	1.4664	4.2	0.5
479	1990	289	6912	14.3	21	1.4918	2.3	0
479	1990	290	2332.8	13.4	17.4	1.5377	1.5	0
479	1990	291	3542.4	14.1	18	1.4572	4.1	0
479	1990	292	7430.4	12.3	20.4	1.3182	2.7	0
479	1990	293	7171.2	9.6	20	1.3283	2.1	0
479	1990	294	9244.8	7.3	14.1	0.7714	3.9	0
479	1990	295	9763.2	4.7	14.5	0.5734	4.8	0
479	1990	296	9417.6	2.4	16.9	0.4914	3.1	0
479	1990	297	9072	6.8	17.7	0.8404	3.4	0
479	1990	298	5961.6	10.1	17.7	1.158	3.5	0
479	1990	299	6048	10.2	15.1	1.0967	5.5	2.9
479	1990	300	4924.8	8	11.9	0.9783	5.8	2.6
479	1990	301	1987.2	9.7	11.6	1.1404	6.8	32.6
479	1990	302	7689.6	6.7	11.4	0.8288	5.1	5.8
479	1990	303	6048	6.6	12.9	0.8929	6.2	0
479	1990	304	4320	8.6	13	0.9318	7	0
479	1990	305	1814.4	7.6	10.5	1.0015	5.3	9.6
479	1990	306	2851.2	7.3	9.3	0.941	3.9	0.1
479	1990	307	3369.6	5	9.8	0.8954	3.5	0.5
479	1990	308	2332.8	2.4	8.5	0.8188	2.4	1.1
479	1990	309	2505.6	3	7.6	0.7747	0.6	0
479	1990	310	6134.4	0.4	8.4	0.6105	0.8	0
479	1990	311	1641.6	4.7	7.3	0.7478	1	0
479	1990	312	1641.6	4.4	7.6	0.6637	1.7	0
479	1990	313	6739.2	3	9.7	0.6608	4.5	0
479	1990	314	1555.2	4.1	8.7	0.7591	4.9	5.5
479	1990	315	2505.6	8.6	12.7	1.1532	2.9	9.5
479	1990	316	2073.6	8.7	11.7	1.0818	2.2	0
479	1990	317	1468.8	8.5	10.6	1.0715	4.8	7.8
479	1990	318	1468.8	9.6	12.5	1.2369	3.9	9.8
479	1990	319	1468.8	7.7	11.5	1.0631	3.7	1.4
479	1990	320	1382.4	8.6	13.1	1.1427	5.7	0.7
479	1990	321	1382.4	10.5	13.8	1.2877	7.8	10.6
479	1990	322	3628.8	5.4	10.6	0.8577	6.5	6
479	1990	323	3110.4	5.2	8.9	0.8039	5.5	1.8
479	1990	324	1296	6.3	9.4	0.8914	5.6	4.3
479	1990	325	5616	3.7	8.7	0.7487	4.1	0
479	1990	326	5356.8	-0.4	8.4	0.6912	1.4	0
479	1990	327	1296	0.1	3.3	0.6355	2.7	1.7
479	1990	328	2851.2	1.6	6.3	0.6077	6.9	0
479	1990	329	1209.6	4.3	6.8	0.6796	3.2	0
479	1990	330	1987.2	4.6	8.5	0.7185	3.5	0.1
479	1990	331	4579.2	-1	6.8	0.6546	2.2	0
479	1990	332	1209.6	3.2	4.1	0.722	2.3	0
479	1990	333	1209.6	2.1	4.5	0.7198	1.8	5.6
479	1990	334	1814.4	-0.8	4.9	0.6587	2	0
479	1990	335	1036.8	-3.4	2.7	0.542	1.6	2.5
479	1990	336	1036.8	2.7	7.3	0.8198	2.2	0.4
479	1990	337	1036.8	5.2	6.7	0.8384	2.6	0.4
479	1990	338	3024	4.8	8.1	0.8003	4.2	0.4
479	1990	339	4060.8	-0.5	6.2	0.6148	2.2	0
479	1990	340	3974.4	-1.7	4.4	0.5187	2.1	0
479	1990	341	3628.8	-1	3.6	0.396	5.9	0
479	1990	342	2246.4	-1.5	3.3	0.4239	7	0
479	1990	343	1036.8	0	3.4	0.4559	3.5	0
479	1990	344	950.4	0.1	2.2	0.5976	5.8	5.6
479	1990	345	950.4	0.5	3	0.6655	3	5.8
479	1990	346	1555.2	1.1	5.5	0.6656	6.4	8.2
479	1990	347	950.4	4.4	6	0.7782	5.3	0.3
479	1990	348	1123.2	-1.4	4.6	0.6172	2.3	3.1
479	1990	349	950.4	-1.4	2.3	0.524	2.7	0.4
479	1990	350	950.4	-3	1	0.4658	2.2	0
479	1990	351	1382.4	-0.2	2	0.5413	2.7	0
479	1990	352	950.4	-2.6	1.1	0.4281	2.7	0
479	1990	353	950.4	-0.6	0.8	0.5662	2.5	1.1
479	1990	354	950.4	0	4.1	0.6303	6.7	5.1
479	1990	355	950.4	3.2	7.6	0.7981	4	1.1
479	1990	356	950.4	4.6	9.3	0.9181	3.9	2.4
479	1990	357	2419.2	7.4	9.5	0.9285	3.9	0
479	1990	358	1123.2	5.3	7.6	0.7907	4.3	0
479	1990	359	2937.6	3.8	6.1	0.6952	7.1	3.9
479	1990	360	2505.6	3.4	7.1	0.6922	7.5	13.2
479	1990	361	1900.8	2.4	8.6	0.7133	7.7	2.5
479	1990	362	1641.6	1.9	7.6	0.6599	6.2	2.2
479	1990	363	950.4	6.4	10.6	1.0093	5.4	28
479	1990	364	3110.4	6.6	9.1	0.8384	5.4	0
479	1990	365	1641.6	3.1	6.6	0.7336	4.3	3.1
