*---------------------------------------------------------------------------*
* Station name: DUSSELDORF                              
* Year: 1982
* Author: Pedro Alencar                                   -999.000: NIL VALUE
* Source: ECAD 
* Comments: 
* Longitude: 51.2969, latitude: 51.2969, altitude: 37 m.
*
* Column  Daily value
* 1       station number
* 2       year
* 3       day
* 4       irradiation                   (kJ m-2 d-1)
* 5       minimum temperature           (degrees Celsius)
* 6       maximum temperature           (degrees Celsius)
* 7       early morning vapour pressure (kPa)
* 8       mean wind speed (height: 2 m) (m s-1)
* 9       precipitation                 (mm d-1)
*
** WCCDESCRIPTION=GERMANY, DUSSELDORF                              
** WCCFORMAT=2
** WCCYEARNR=1982
*---------------------------------------------------------------------------*
   51.2969  6.77    37.  -0.18 -0.55
479	1982	1	1123.2	5.6	9	0.8688	4.4	0.2
479	1982	2	1296	4	8	0.7945	5.1	5.3
479	1982	3	1382.4	6.6	12.1	0.9514	6.2	0.8
479	1982	4	1036.8	8.4	11.3	1.0568	6.9	8.7
479	1982	5	1036.8	8	10.6	0.9834	7.5	10.4
479	1982	6	3456	-4.3	9	0.521	7.4	0
479	1982	7	3974.4	-8.6	-2	0.2885	1.6	0
479	1982	8	2764.8	-6.7	-3.8	0.2027	5.2	0.8
479	1982	9	1036.8	-7.8	-3.9	0.3201	4.8	2.4
479	1982	10	4752	-15.4	-5.5	0.2154	2.9	0
479	1982	11	1123.2	-14.7	-2.5	0.2205	3.3	0
479	1982	12	4233.6	-9.5	-2.5	0.3399	2.7	0
479	1982	13	2851.2	-14.5	-4.2	0.2651	0.9	0
479	1982	14	5097.6	-14.6	1.1	0.2176	2.5	0
479	1982	15	4579.2	-4.6	5.6	0.3548	6.2	0
479	1982	16	4406.4	-0.1	7.5	0.4538	5.5	0
479	1982	17	4924.8	0	7.6	0.4811	3.3	0
479	1982	18	4752	-0.7	7.1	0.561	4.3	0
479	1982	19	2678.4	0.9	7.4	0.6081	4.2	0
479	1982	20	5356.8	1.1	8.5	0.602	4.2	1.6
479	1982	21	1296	0.2	3	0.6515	3.5	0.7
479	1982	22	1296	0.6	3.5	0.6587	4.1	0.3
479	1982	23	1296	2	4.5	0.6556	2.2	0
479	1982	24	2419.2	-2.7	4.4	0.5913	2	0
479	1982	25	1382.4	-0.2	3.4	0.5623	4.8	3.2
479	1982	26	1382.4	2.4	6.8	0.7463	6.4	3.8
479	1982	27	2073.6	1	4.8	0.6546	4.5	1
479	1982	28	1382.4	-1.6	4.2	0.5705	5.1	3.6
479	1982	29	1468.8	4.1	7.7	0.8726	5.8	8.6
479	1982	30	1468.8	7	9.6	0.9957	7.2	12.5
479	1982	31	5097.6	-0.5	7.8	0.6506	4.4	0.1
479	1982	32	6566.4	-3.3	5.7	0.5064	2.3	0
479	1982	33	6912	-5.3	7	0.3964	3.5	0
479	1982	34	6912	-1.4	4.6	0.3498	7	0
479	1982	35	4147.2	0.2	7.2	0.4458	6.2	0
479	1982	36	6048	2.1	10.3	0.6255	7	0.7
479	1982	37	1641.6	5.7	7.7	0.8927	4.7	4.3
479	1982	38	3283.2	4.8	10.2	0.8186	4.1	0.9
479	1982	39	2160	1.1	7.8	0.7301	4.2	0.6
479	1982	40	2678.4	3	9.8	0.7495	4.7	0
479	1982	41	5184	4.6	13.3	0.6403	6	0
479	1982	42	5616	5.3	12.7	0.7801	4.9	0.2
479	1982	43	2764.8	5.6	11.7	0.8852	4	0
479	1982	44	7516.8	6.6	13	0.7264	6.2	1.7
479	1982	45	1900.8	5.6	9.8	0.9559	2.3	7.5
479	1982	46	1987.2	1.7	6.3	0.7562	4.6	1.4
479	1982	47	1987.2	1.5	2.5	0.614	3.9	0
479	1982	48	1987.2	-0.5	4.3	0.5816	2.7	0
479	1982	49	2073.6	-2.2	6.7	0.6035	2.8	0
479	1982	50	5529.6	-2.5	1.8	0.411	4.1	0
479	1982	51	9072	-3	6.4	0.4144	3.7	0
479	1982	52	9763.2	-4.3	7.4	0.4032	3.2	0
479	1982	53	9676.8	-6.3	8.6	0.4117	2.7	0
479	1982	54	3110.4	-3.5	2.4	0.4696	3.1	0
479	1982	55	8640	-5.6	3.5	0.4188	1.7	0
479	1982	56	9158.4	-7.6	3.4	0.3667	2.4	0
479	1982	57	9072	-6.9	5.5	0.3716	2.9	0
479	1982	58	3801.6	-0.9	7.3	0.4842	4.9	0.1
479	1982	59	2419.2	2.4	9.1	0.836	5.3	1.8
479	1982	60	5702.4	5.8	13.1	0.9224	8.5	6.9
479	1982	61	8726.4	3.6	10.3	0.7085	6.6	3.2
479	1982	62	2764.8	5.5	12.1	0.8715	10.4	9.5
479	1982	63	7603.2	3.8	10.5	0.779	8.1	1
479	1982	64	8899.2	-0.3	8.3	0.618	4	0
479	1982	65	12096	-3	8.5	0.5285	2.8	0
479	1982	66	12528	-2	6.7	0.4848	3.9	0
479	1982	67	12182.4	-2.7	9.5	0.5924	1.5	0
479	1982	68	6652.8	0	7.7	0.5471	5	0.5
479	1982	69	3110.4	2.7	9	0.6938	8.8	8.3
479	1982	70	8467.2	2.4	8.6	0.7585	8.1	1
479	1982	71	4665.6	2.4	7.5	0.73	6.9	4.9
479	1982	72	8208	1.4	6.6	0.6505	5.3	1.1
479	1982	73	6393.6	2.6	9.4	0.6637	6.4	0
479	1982	74	13305.6	5.9	13.6	0.6154	8	2
479	1982	75	11318.4	4.1	11	0.7278	8.5	0.2
479	1982	76	5443.2	4.1	9.9	0.731	5	0.6
479	1982	77	10368	4.2	11.4	0.7509	4.5	0
479	1982	78	6566.4	3.5	8.7	0.7248	3.6	1.2
479	1982	79	4060.8	3.4	8.3	0.7216	4.8	2.8
479	1982	80	3628.8	2.3	6	0.6327	2.9	0
479	1982	81	6652.8	2.2	9.1	0.6478	1.5	0
479	1982	82	8640	3.6	10.5	0.6933	2.9	0
479	1982	83	13996.8	-1.1	11.7	0.6322	2.9	0
479	1982	84	15465.6	-1.5	13.6	0.6097	1.9	0
479	1982	85	16502.4	-1.8	17.3	0.6008	1.4	0
479	1982	86	16761.6	1.4	20.5	0.7712	2.1	0
479	1982	87	3974.4	5	13.4	0.8838	2.5	0
479	1982	88	4060.8	3.2	7.8	0.8307	2.6	2.1
479	1982	89	4060.8	4.5	7.6	0.6847	5.5	0
479	1982	90	15120	3.1	10.3	0.6082	5.9	0
479	1982	91	17193.6	-0.7	17.7	0.7431	2.8	0
479	1982	92	16588.8	4	20.4	0.9796	3.6	2.1
479	1982	93	12009.6	6.2	15	0.8812	3.1	0
479	1982	94	17020.8	3.1	18	0.751	2.9	0
479	1982	95	17539.2	6.1	21.5	0.6147	5	0
479	1982	96	8208	11.1	20.5	1.237	5.5	3.9
479	1982	97	5529.6	9.4	15.7	1.1767	7.7	3.1
479	1982	98	7689.6	1.2	12.5	0.8028	7.7	2.6
479	1982	99	10972.8	0.3	7	0.6188	6	0.3
479	1982	100	9590.4	1.9	9	0.6209	6	2.9
479	1982	101	8553.6	1.7	7	0.65	6	0.7
479	1982	102	14169.6	-0.7	6.6	0.6267	5.5	3.1
479	1982	103	14601.6	0.2	9.7	0.5996	4.4	0.7
479	1982	104	20390.4	-1.8	11.1	0.5276	2.4	0
479	1982	105	21081.6	-2.2	14.6	0.5213	2.8	0
479	1982	106	20217.6	1.5	16.4	0.6289	3.5	0
479	1982	107	19180.8	2.7	13.2	0.7052	5.4	0
479	1982	108	16675.2	4.2	13.5	0.6133	3.7	0
479	1982	109	22118.4	0	15.4	0.5672	2.8	0
479	1982	110	19008	2.2	15.6	0.6495	2.3	0
479	1982	111	12528	4.3	12.5	0.7712	2.8	0
479	1982	112	20390.4	0.5	17.4	0.7318	2	0
479	1982	113	13651.2	5.4	17	0.6911	4.8	0
479	1982	114	9244.8	4.4	12.1	0.6434	6.9	0
479	1982	115	18144	4.9	15.2	0.7756	4.1	0.3
479	1982	116	14860.8	4.3	13.7	0.8375	6.3	0.2
479	1982	117	9590.4	7.2	11.7	0.8041	4.9	0
479	1982	118	8294.4	6.6	13.5	0.8987	3.6	0
479	1982	119	12355.2	3.1	10	0.7476	5.8	2.1
479	1982	120	13737.6	0.4	10.3	0.6702	5.3	2.2
479	1982	121	7084.8	1.7	12.2	0.8083	6.4	5.8
479	1982	122	15120	1.1	11.2	0.5761	5.7	0
479	1982	123	7430.4	6.8	12	0.9429	6.9	13.7
479	1982	124	16934.4	6.9	14.5	0.8485	5.8	9.2
479	1982	125	8467.2	4.9	10.2	0.8838	2.5	2.2
479	1982	126	12700.8	2.4	12.6	0.7564	3.6	3.7
479	1982	127	14688	4.5	12.5	0.8984	4.6	2.3
479	1982	128	12787.2	4.4	12.7	0.7456	3	0
479	1982	129	22723.2	5	16	0.7992	3.7	0.1
479	1982	130	13046.4	5.9	15	0.8219	2.3	0.2
479	1982	131	22723.2	3	17.7	0.7913	2.1	0
479	1982	132	24969.6	3.8	19.6	0.6869	2.4	0
479	1982	133	25574.4	4.3	21.5	0.7283	2.7	0
479	1982	134	26179.2	5	23.5	0.7627	2.9	0
479	1982	135	25920	6.6	26.8	0.9112	2.9	0
479	1982	136	21945.6	16.2	29.4	1.4681	3.8	3.3
479	1982	137	14342.4	14.9	22.6	1.6198	1.9	2.3
479	1982	138	13564.8	12.6	23.2	1.5768	2.2	7
479	1982	139	22636.8	10.7	21.2	1.3032	2.2	0.2
479	1982	140	7084.8	13.7	19.4	1.4667	1.3	0.8
479	1982	141	12355.2	14	20.9	1.4731	1.5	0
479	1982	142	9072	13.7	19.5	1.4903	4.3	15.1
479	1982	143	11750.4	11.8	17.9	1.282	3.2	5.1
479	1982	144	15552	10.3	17.4	1.1385	4.5	0
479	1982	145	18230.4	11.3	22.3	1.1654	4	0
479	1982	146	27475.2	13.5	26.9	1.1107	5	0
479	1982	147	22723.2	17	29.3	1.6976	4.6	6.2
479	1982	148	17020.8	11.8	19.6	1.2291	3	0
479	1982	149	25920	6.4	19.9	0.9518	2	0
479	1982	150	28425.6	7.8	24.2	0.8897	3.7	0
479	1982	151	28425.6	8.6	28.7	1.1805	2.7	0
479	1982	152	26524.8	17.7	28.9	1.8272	2.3	0
479	1982	153	25747.2	16.7	30.5	1.6279	2.2	0
479	1982	154	25401.6	17	30.2	1.657	2.2	0
479	1982	155	20131.2	15.5	30.4	1.7611	1.8	0
479	1982	156	21945.6	17.1	30.4	1.9067	2.1	8.3
479	1982	157	14342.4	16.6	25.6	1.9482	1.3	0
479	1982	158	16502.4	17.1	27.5	2.0156	1.4	0.6
479	1982	159	18230.4	16.6	26.2	1.7808	2.2	0.7
479	1982	160	26956.8	11.8	22.7	1.2187	2.9	0
479	1982	161	27820.8	9.9	24	1.2151	2.8	0
479	1982	162	8899.2	16.5	24	1.5408	4.1	1.3
479	1982	163	18316.8	11.5	20.7	1.3888	5	1.7
479	1982	164	6480	10.9	14.2	1.2639	4.3	3.4
479	1982	165	16588.8	9.5	17	0.9733	4.9	0
479	1982	166	14256	6.9	17.1	0.9528	2.1	1.4
479	1982	167	13737.6	10.8	16.8	1.1821	3.9	3.5
479	1982	168	26697.6	6.6	19.4	0.8977	2.4	0
479	1982	169	13219.2	6.2	19.9	1.1708	2.9	1.5
479	1982	170	9763.2	13.5	16.6	1.3669	6	23.3
479	1982	171	14256	12.5	19.6	1.439	2.4	0
479	1982	172	15552	9.5	20.5	1.2944	1.9	0.1
479	1982	173	14428.8	12.1	23.8	1.5202	3	8.5
479	1982	174	18489.6	14.8	21.7	1.6537	5	3
479	1982	175	6480	14.4	18.4	1.4528	4.8	1.5
479	1982	176	19008	10.9	24.8	1.3473	3.1	0
479	1982	177	24710.4	13.8	24.6	1.6215	4.3	3
479	1982	178	16502.4	13.7	20.5	1.4409	4.5	7.2
479	1982	179	15811.2	12.3	21	1.3625	4.8	2.7
479	1982	180	18144	11.5	21.3	1.6018	4.9	7.1
479	1982	181	23328	11.1	21.3	1.3425	3.8	3.1
479	1982	182	16588.8	9.4	20.7	1.1448	3	0.2
479	1982	183	20995.2	15.2	28.3	1.5854	4.6	2.5
479	1982	184	10800	15.4	24.5	1.9779	3.7	8.7
479	1982	185	17971.2	12	20.1	1.2022	4.2	0
479	1982	186	15292.8	12.3	21.3	1.3374	3.9	0
479	1982	187	14428.8	14.2	23.2	1.421	2.7	0
479	1982	188	24969.6	14.9	23.1	1.5137	2.2	0
479	1982	189	28166.4	11.2	27.5	1.1883	1.9	0
479	1982	190	28252.8	13.2	31.6	1.2167	4	0
479	1982	191	26179.2	18.9	27.3	2.0027	3.3	0
479	1982	192	25660.8	15	29.6	1.8812	3	0
479	1982	193	27302.4	16	29.8	1.5607	3.5	0
479	1982	194	24451.2	15.2	30.2	1.7346	2.8	0
479	1982	195	22636.8	17.4	31.8	2.0371	3.2	5.6
479	1982	196	21081.6	17.4	30.6	1.7568	4.7	0.6
479	1982	197	19180.8	17.6	24.5	1.6434	3	0
479	1982	198	22636.8	13.6	24.6	1.2362	2.6	0
479	1982	199	26956.8	11.5	24.8	1.1649	3.3	0
479	1982	200	18921.6	13.6	23.6	1.4978	4.2	0.3
479	1982	201	24451.2	15	27.6	1.6435	3.5	0
479	1982	202	13996.8	17	26.7	1.8565	4.3	0
479	1982	203	20476.8	14.1	22.7	1.289	3.7	0
479	1982	204	10281.6	14.8	22.9	1.4127	2.5	0
479	1982	205	7084.8	16.7	22.3	1.7199	3.3	0.2
479	1982	206	5961.6	15.2	19.2	1.4892	3.2	0.8
479	1982	207	9504	15	19.8	1.4684	2.9	0
479	1982	208	14342.4	11.2	20.9	1.3662	1.8	0
479	1982	209	17884.8	11.1	22.8	1.5623	1.9	0.7
479	1982	210	17971.2	14.6	27.9	1.5881	2.3	0
479	1982	211	19440	14.7	30	1.3747	3.6	0
479	1982	212	16070.4	16.6	29.9	1.7932	2.3	0.4
479	1982	213	15379.2	17.5	24.3	2.0725	1.7	3.1
479	1982	214	22032	16.6	32	1.8796	1.8	0
479	1982	215	20563.2	18.4	31.3	1.4411	1.9	0
479	1982	216	16761.6	18.5	29.4	2.1672	2.9	2.7
479	1982	217	6307.2	17.5	20.6	1.9805	1.8	14.6
479	1982	218	21340.8	15.5	27.4	1.8628	1.9	1.6
479	1982	219	8812.8	15	24.4	1.9476	2.6	0
479	1982	220	7776	15.9	23.9	1.7166	2.7	0
479	1982	221	6912	15.8	21	1.6059	3.4	1.4
479	1982	222	16416	14.4	23.5	1.3778	3.4	0.6
479	1982	223	22636.8	10.4	27	1.3995	2.1	0
479	1982	224	21600	16.4	31.1	1.76	4.9	9.2
479	1982	225	8294.4	14.8	20.7	1.3186	4.4	4.6
479	1982	226	21772.8	13.8	22.7	1.5072	3.5	0.9
479	1982	227	12096	14.3	22.4	1.7694	3.3	0.9
479	1982	228	20044.8	15	24.6	1.4755	3.9	0
479	1982	229	14169.6	16.1	24.6	1.7173	4.5	6.1
479	1982	230	15724.8	13.8	24.8	1.4751	6.2	16.4
479	1982	231	20908.8	14	22	1.2983	4.9	0
479	1982	232	18403.2	13.7	20.7	1.1953	5.5	0
479	1982	233	9072	13.4	19	1.3425	5.6	0
479	1982	234	12441.6	12.3	20.6	1.3453	4.9	0
479	1982	235	10281.6	14.8	22	1.5637	4.2	2.3
479	1982	236	10540.8	13	20.4	1.5187	3.1	3.5
479	1982	237	11577.6	13.4	21.6	1.5975	4.7	13.2
479	1982	238	12960	13.6	22.7	1.789	2.9	1.4
479	1982	239	17884.8	13.8	21.7	1.42	4.6	0
479	1982	240	17798.4	11.5	21.2	1.3739	1.9	0
479	1982	241	20649.6	8.6	23.5	1.2751	2.1	0
479	1982	242	16329.6	11.6	26.2	1.3299	4.9	0.4
479	1982	243	9676.8	13.2	20.5	1.4374	3.7	2.4
479	1982	244	9849.6	11.3	19.1	1.1731	3.6	1.7
479	1982	245	16070.4	12.4	20.3	1.3368	3.8	0.1
479	1982	246	17971.2	7.6	22	1.1938	2.1	0
479	1982	247	17625.6	11.4	25.3	1.2428	3.2	0
479	1982	248	15033.6	10.2	29.3	1.333	3.3	2.1
479	1982	249	9763.2	16.7	26.4	2.0283	3.8	0.3
479	1982	250	7257.6	13.8	21.1	1.5527	2.8	0.3
479	1982	251	11491.2	15.3	21.5	1.5214	3.7	0
479	1982	252	7603.2	12.6	21.2	1.4228	1.1	0
479	1982	253	14688	9.7	26.3	1.4219	2.3	0
479	1982	254	12787.2	16.8	26	1.7808	2.1	0
479	1982	255	13996.8	11.7	25.8	1.7062	1.1	0
479	1982	256	6048	14	21.3	1.774	1.4	0
479	1982	257	14515.2	10.2	24.5	1.5825	0.6	0
479	1982	258	14947.2	13.6	28.7	1.7036	1.5	0
479	1982	259	11836.8	14.1	26.6	1.6696	0.9	0
479	1982	260	13132.8	13	27	1.7506	1.5	0
479	1982	261	11664	15.3	28.5	1.8097	2.1	1
479	1982	262	14169.6	14.5	28.4	1.5821	3.3	0.3
479	1982	263	9331.2	18.5	25.5	1.9791	5.3	0.4
479	1982	264	7776	13.3	22.6	1.5407	6.9	3
479	1982	265	13824	8	18.5	1.0949	1.5	0
479	1982	266	6566.4	6.6	16.5	0.9113	2.8	0.4
479	1982	267	10454.4	12.2	19.4	1.2011	4.6	0.3
479	1982	268	4320	13.8	20.2	1.335	5.8	0.7
479	1982	269	4838.4	13.4	21	1.7047	4.9	14.1
479	1982	270	13478.4	11.4	21	1.1954	5.6	0
479	1982	271	12960	13	21.6	1.2226	3.3	0
479	1982	272	12355.2	14.5	23.3	1.2209	5.2	0
479	1982	273	3110.4	14	18.6	1.6102	3	17
479	1982	274	9072	11.8	18.8	1.4758	1.9	0
479	1982	275	11577.6	9.6	18.8	1.3587	2.4	0
479	1982	276	5788.8	11.4	18.6	1.4306	1.5	0.7
479	1982	277	6393.6	11.5	18.9	1.3629	2.5	0
479	1982	278	5875.2	11.2	15	1.1144	5.5	0
479	1982	279	3888	8.6	14.6	1.1873	2.3	15.1
479	1982	280	2764.8	10.7	12.8	1.268	4.1	6.3
479	1982	281	2764.8	9.9	12.8	1.2215	4.6	5.2
479	1982	282	3283.2	10.7	12.7	1.1814	5.5	0.7
479	1982	283	2678.4	10	14.2	1.1565	4.4	1.7
479	1982	284	2592	10.4	12.7	1.2242	4.1	8.6
479	1982	285	2937.6	9.9	13.3	1.1327	4.2	2.2
479	1982	286	2505.6	8	12.7	1.0676	5.2	12.3
479	1982	287	4060.8	10.5	13.3	1.2249	6.1	8.6
479	1982	288	2419.2	8.1	11.1	0.9795	5.4	1.2
479	1982	289	5875.2	6.3	11.7	0.8719	4.8	0.3
479	1982	290	7516.8	9.3	16.7	1.0323	5.6	0.7
479	1982	291	6480	10.7	16.7	1.2684	5.7	0.1
479	1982	292	8121.6	10.8	16.8	1.1663	4.9	0
479	1982	293	7171.2	10.7	17.1	0.9994	5.7	0
479	1982	294	9417.6	9.9	18	1.1936	4.4	0
479	1982	295	8985.6	11.9	19.3	1.3098	6	0
479	1982	296	2160	11.4	15.5	1.3096	2.4	22
479	1982	297	6912	6.9	13.7	1.0015	3.8	0
479	1982	298	6825.6	5.2	12.6	0.8433	5	0
479	1982	299	1987.2	9	14.3	1.0817	4.4	0
479	1982	300	1987.2	12.3	14.5	1.3207	1.8	0
479	1982	301	6652.8	8.9	17.2	1.2608	1.7	0
479	1982	302	2678.4	6	11.6	0.9281	3.6	0
479	1982	303	1900.8	8	9.7	0.8972	2.7	0
479	1982	304	5961.6	6.8	12.6	0.9019	4.1	0
479	1982	305	4060.8	8.9	16.5	1.1443	4.5	0.1
479	1982	306	6220.8	10.5	17.5	1.3412	2.4	0
479	1982	307	2246.4	11.1	15.2	1.3598	1.1	0
479	1982	308	1728	8.9	12.1	1.2052	1.1	0
479	1982	309	1728	8.4	12.7	1.031	2.7	0
479	1982	310	7084.8	4.4	10.3	0.6051	6	0
479	1982	311	5616	3.5	9.6	0.3884	6	2.3
479	1982	312	1641.6	8.5	15.9	0.866	7.5	0.1
479	1982	313	1814.4	11.9	14.8	1.2551	6	0.7
479	1982	314	3110.4	10.5	13.7	1.086	5.3	0.6
479	1982	315	5875.2	10	15.5	1.1628	4.1	0
479	1982	316	4752	9.5	15.4	1.1401	6.9	5.8
479	1982	317	1900.8	5.9	9.8	0.8914	5.1	1.7
479	1982	318	4147.2	5.2	8.5	0.7533	5.7	4.9
479	1982	319	1468.8	2.1	6.4	0.7448	2.6	0.7
479	1982	320	1382.4	1.2	6.6	0.6863	5.7	8.8
479	1982	321	1900.8	3.1	7.1	0.7377	6.4	2.7
479	1982	322	1382.4	5.4	12	1.0456	6.9	3.6
479	1982	323	5184	7.4	10.9	0.7997	7.8	0.2
479	1982	324	4233.6	5.9	10.7	0.8972	6.2	0.4
479	1982	325	3974.4	5.9	9.5	0.7878	5.7	0.3
479	1982	326	1296	6.9	9.3	0.9499	4.9	5.1
479	1982	327	1296	8	13.6	1.0095	5.3	0.6
479	1982	328	3283.2	7.6	14.4	0.905	6.9	0
479	1982	329	1209.6	6.6	9.5	0.7961	7.2	4.9
479	1982	330	2592	6.8	9.2	0.8577	4.7	2.8
479	1982	331	1209.6	5.4	7.8	0.8476	1.8	1
479	1982	332	1814.4	4.3	6.9	0.7728	2.9	0
479	1982	333	1209.6	0.6	5.2	0.6772	1.6	0
479	1982	334	3369.6	0.5	4.6	0.6018	3.9	0
479	1982	335	4060.8	-3.4	3.2	0.5035	2.7	0
479	1982	336	1036.8	-4.1	4.2	0.5212	1	0
479	1982	337	1036.8	1.5	4	0.6402	1.7	0
479	1982	338	1036.8	1	4.8	0.632	2.6	0
479	1982	339	3369.6	1.5	7.3	0.6523	5.6	7.8
479	1982	340	1036.8	4.2	6.1	0.8107	2.6	0.4
479	1982	341	1036.8	0.8	8.4	0.7633	3.4	8.2
479	1982	342	1209.6	8	13	0.8373	5.3	0
479	1982	343	1382.4	6.2	9.7	0.8227	6.5	6.6
479	1982	344	2073.6	5	12.1	0.9014	8.9	1.8
479	1982	345	950.4	3.5	5.6	0.7521	6.8	5.5
479	1982	346	1641.6	2.4	5	0.6847	3.4	0
479	1982	347	2073.6	0	3.6	0.6331	2.7	0
479	1982	348	950.4	-0.9	1.7	0.5409	3.3	9.7
479	1982	349	950.4	1.2	12.2	0.9123	9	8.3
479	1982	350	950.4	5.9	12	0.8575	8.7	0.2
479	1982	351	1296	2.3	6.1	0.635	4.4	0
479	1982	352	950.4	0.9	3.9	0.6463	3	0
479	1982	353	3196.8	0.9	3.6	0.5244	7.7	7.9
479	1982	354	950.4	3.6	7.8	0.6958	8.2	2.2
479	1982	355	950.4	4.4	6.3	0.6881	9.6	3.3
479	1982	356	950.4	1.3	4.7	0.7047	2.9	8
479	1982	357	950.4	-0.6	2.4	0.5869	2.4	0
479	1982	358	1123.2	0	2.4	0.5331	4.8	0.6
479	1982	359	950.4	1.5	4.6	0.7376	3.1	1.1
479	1982	360	950.4	3.7	7.8	0.882	3.7	0.7
479	1982	361	950.4	6.6	9.5	0.8929	5.9	0.1
479	1982	362	1468.8	3.8	7	0.7443	5.5	0.2
479	1982	363	950.4	-1.1	5.5	0.7087	1.5	0
479	1982	364	2678.4	1.2	6.1	0.6109	2.4	0
479	1982	365	950.4	-1.3	2.7	0.4949	2.8	0
