*---------------------------------------------------------------------------*
* Station name: DUSSELDORF                              
* Year: 1995
* Author: Pedro Alencar                                   -999.000: NIL VALUE
* Source: ECAD 
* Comments: 
* Longitude: 51.2969, latitude: 51.2969, altitude: 37 m.
*
* Column  Daily value
* 1       station number
* 2       year
* 3       day
* 4       irradiation                   (kJ m-2 d-1)
* 5       minimum temperature           (degrees Celsius)
* 6       maximum temperature           (degrees Celsius)
* 7       early morning vapour pressure (kPa)
* 8       mean wind speed (height: 2 m) (m s-1)
* 9       precipitation                 (mm d-1)
*
** WCCDESCRIPTION=GERMANY, DUSSELDORF                              
** WCCFORMAT=2
** WCCYEARNR=1995
*---------------------------------------------------------------------------*
   51.2969  6.77    37.  -0.18 -0.55
479	1995	1	1900.8	0	4.2	0.6255	6.6	3.8
479	1995	2	1036.8	0	2	0.6109	5.8	8.4
479	1995	3	1728	-3.3	1.8	0.4859	2.4	0
479	1995	4	4752	-7.8	0.6	0.342	2	0
479	1995	5	4492.8	-7.3	-3.6	0.2974	5.4	0
479	1995	6	1036.8	-6	-2.7	0.3454	4.9	0
479	1995	7	1036.8	-6.3	-1.2	0.403	1.7	0
479	1995	8	1814.4	-4.1	-0.4	0.4248	6	6.7
479	1995	9	1036.8	-0.5	5.6	0.6899	3.8	7.8
479	1995	10	1123.2	1.8	6.9	0.7167	6.5	12.9
479	1995	11	3196.8	1	4.3	0.6431	5.4	3.3
479	1995	12	3196.8	0.4	3.9	0.5849	6.5	0.2
479	1995	13	2073.6	-3.4	4.4	0.5639	2.7	0.8
479	1995	14	1123.2	2.5	5.6	0.767	3.8	2.5
479	1995	15	1123.2	5.2	7.1	0.8784	4	2.6
479	1995	16	4924.8	1.4	6.1	0.6472	7.8	0
479	1995	17	4838.4	1.2	7.2	0.5278	8.4	0
479	1995	18	1209.6	4.5	7.8	0.7745	6.8	2.8
479	1995	19	4147.2	2.3	7.4	0.6904	6.7	2.6
479	1995	20	1468.8	5.2	9.6	0.6895	7.8	1.8
479	1995	21	3628.8	4.5	8	0.6847	7.4	3.4
479	1995	22	1296	6.4	12.7	1	8.4	24.5
479	1995	23	3369.6	4.4	13.2	0.8036	11.1	1.3
479	1995	24	2073.6	4.1	7	0.7792	8.2	4.8
479	1995	25	1382.4	2.5	8.9	0.8515	4.1	7.9
479	1995	26	1382.4	1.1	12.5	0.8001	10.1	11.3
479	1995	27	3110.4	1	4.1	0.5871	6.8	12.8
479	1995	28	2678.4	0.4	10.5	0.7558	8.6	5.5
479	1995	29	1814.4	6.7	10.2	1.0059	8.1	14.1
479	1995	30	4406.4	0.9	9.7	0.7124	4.4	0
479	1995	31	1468.8	-2.5	5.3	0.48	5.9	0
479	1995	32	3024	4.7	13.7	0.907	7.4	6.2
479	1995	33	5356.8	0.7	10.3	0.7404	3.1	0
479	1995	34	2764.8	0	7.5	0.6152	4.5	0
479	1995	35	1641.6	4.2	8.5	0.881	4.2	0.9
479	1995	36	2851.2	4.8	9.9	0.9334	3.3	0.3
479	1995	37	1641.6	6.3	10.3	0.9848	5.3	0.3
479	1995	38	1728	7.4	9.3	0.9442	5.7	2
479	1995	39	1728	1.8	10.3	0.8348	6.3	9.3
479	1995	40	6825.6	-1.3	5.1	0.5325	2.4	0
479	1995	41	1814.4	-2.1	4.9	0.5679	4.3	4.3
479	1995	42	2073.6	4.2	11	0.8973	6.1	4.4
479	1995	43	6998.4	7.3	12.3	0.8596	7	0
479	1995	44	3283.2	5	12.3	0.9076	5.7	10.4
479	1995	45	3715.2	6.6	10.8	0.8657	7	12.9
479	1995	46	3628.8	6.6	13.7	0.9667	7.4	4.3
479	1995	47	3110.4	6.4	10.5	0.8069	8.4	7.2
479	1995	48	5356.8	3.9	10.2	0.7938	8.9	0.4
479	1995	49	3196.8	1.6	7.4	0.7327	4.6	0.2
479	1995	50	2073.6	1.7	10.3	0.7572	7.8	9.1
479	1995	51	2160	8	11.3	0.9588	5.7	1.6
479	1995	52	2678.4	4.3	11.4	0.9127	6.1	3.4
479	1995	53	9504	1.7	9.3	0.605	7.2	1.1
479	1995	54	5529.6	2	7.5	0.7199	7.3	3.6
479	1995	55	2246.4	2.8	4.7	0.7111	3.5	9.3
479	1995	56	2332.8	2.4	6	0.7422	2.5	0.9
479	1995	57	5097.6	2.1	7.6	0.7508	3.6	2.6
479	1995	58	8208	-2.1	8.1	0.5607	5.8	0.4
479	1995	59	2419.2	4.1	11.2	0.8375	8.6	0
479	1995	60	3283.2	5.2	11.9	0.7902	8.6	0.1
479	1995	61	6566.4	1.2	7.1	0.6985	6.5	3.5
479	1995	62	11232	0.9	8.3	0.5343	8.6	0
479	1995	63	7689.6	-0.6	6.4	0.5944	3.1	0
479	1995	64	2851.2	-1.8	3.3	0.5677	6.4	11.2
479	1995	65	6480	-0.2	7.5	0.6426	6.6	2
479	1995	66	10886.4	0.2	7.9	0.5957	6.8	0
479	1995	67	7344	1.8	10.4	0.6024	7.4	3.9
479	1995	68	9331.2	1	10	0.6772	3.2	0
479	1995	69	13737.6	-0.5	11.7	0.5183	5.8	0
479	1995	70	14256	4.8	14.8	0.6174	5.6	0
479	1995	71	12700.8	4.5	16.1	0.7887	2.8	0
479	1995	72	14860.8	-1.5	13.4	0.6614	3.2	0
479	1995	73	3283.2	-2.3	5.4	0.5057	2.9	2.2
479	1995	74	6393.6	0.2	8.5	0.725	5.4	2.7
479	1995	75	8553.6	0.5	8	0.6455	6.3	0.7
479	1995	76	5443.2	5.2	13.1	0.9155	9.6	12.2
479	1995	77	9244.8	4.3	10.5	0.7719	8.1	7.3
479	1995	78	9590.4	3.4	10	0.7161	5.3	0
479	1995	79	11491.2	-0.4	6.7	0.6356	6.3	1.1
479	1995	80	9504	2.8	9.2	0.6824	5.7	0.3
479	1995	81	16070.4	-3.4	9.5	0.5551	1.4	0
479	1995	82	16761.6	-0.3	13.9	0.6321	2.7	0
479	1995	83	13046.4	3.7	15.9	0.799	4.5	0
479	1995	84	10195.2	5.6	10.1	0.7216	6.6	6.7
479	1995	85	4665.6	3.3	9.7	0.8031	6.2	10.1
479	1995	86	10454.4	0.1	8.7	0.6188	7.6	2
479	1995	87	6393.6	-0.6	4.5	0.5977	6.5	5.3
479	1995	88	9936	-0.3	5.9	0.6126	6.6	2.4
479	1995	89	16502.4	-2.8	9.1	0.5514	2.3	1
479	1995	90	4147.2	0.6	7.7	0.756	4.9	9.4
479	1995	91	4233.6	7.6	12	1.1259	4.3	1.5
479	1995	92	17539.2	5.9	18.8	1.0753	5.8	0
479	1995	93	13046.4	8.6	15	1.1062	4.2	0
479	1995	94	10627.2	6.8	13.6	0.9575	3.9	0
479	1995	95	17452.8	-0.3	13.9	0.721	1.7	0
479	1995	96	5788.8	7.9	14.2	1.079	4	0
479	1995	97	6048	6.7	14.7	1.0414	6	0.4
479	1995	98	11232	4.3	10	0.6374	6.7	0
479	1995	99	5702.4	3	8.4	0.6592	3.8	4.5
479	1995	100	4579.2	4.4	8.6	0.9095	3.6	1.6
479	1995	101	6480	5.8	12.2	0.9408	2.5	0
479	1995	102	12614.4	6.7	14.4	0.9801	4.6	0
479	1995	103	13046.4	5.8	13.6	0.8418	4.7	0
479	1995	104	17539.2	3.4	14.1	0.8799	2.9	0
479	1995	105	5702.4	2.4	11.4	0.8951	3.3	5.2
479	1995	106	8899.2	4.8	10.4	0.8034	4.5	1.3
479	1995	107	4924.8	5.6	9.5	0.915	5.8	8.9
479	1995	108	5011.2	6.2	12.4	1.0068	6	4.3
479	1995	109	9331.2	3.7	9.1	0.8072	2.3	7.3
479	1995	110	15638.4	1.3	11	0.6989	3.2	0
479	1995	111	16848	-0.6	13.9	0.6354	4	0
479	1995	112	12182.4	8.4	18.1	1.0797	3	0
479	1995	113	10108.8	4.3	17	1.0635	3.5	0
479	1995	114	17366.4	10.2	25.8	1.4837	4.5	0
479	1995	115	14774.4	11.2	22.2	1.158	4.4	0.1
479	1995	116	19785.6	11.1	19.5	1.2327	3.8	0
479	1995	117	5356.8	7.5	12.2	1.0447	3.8	0
479	1995	118	15379.2	5.4	12	0.6746	3.1	0
479	1995	119	18662.4	1.5	19.2	0.8918	1.8	0.1
479	1995	120	6048	10.2	16.4	1.2511	2	0
479	1995	121	18835.2	7.1	20.4	1.1625	1.7	0
479	1995	122	24019.2	6.3	21.3	1.0087	2.5	0
479	1995	123	24192	8.8	23	0.8841	2.3	0
479	1995	124	24710.4	7.2	25.4	1.0364	1.4	0
479	1995	125	24796.8	7.9	26.8	1.1077	1.3	0
479	1995	126	23500.8	8.1	24.9	1.1997	1.8	0
479	1995	127	24192	9.3	25.3	1.2226	1.5	0
479	1995	128	14169.6	11.8	18.7	1.125	4.9	0
479	1995	129	10454.4	9.1	15	1.0403	5.5	0.4
479	1995	130	11232	4.9	14.3	0.9437	2.6	1.8
479	1995	131	13737.6	6.1	14	0.8987	2.1	0
479	1995	132	17280	6.6	16.4	0.8676	6	0
479	1995	133	10627.2	4.5	10.8	0.7328	6.6	0
479	1995	134	15638.4	3	13.2	0.6369	4	0
479	1995	135	19353.6	2.5	15.3	0.6951	3.1	0
479	1995	136	15033.6	6.5	18.1	0.786	2.6	7.1
479	1995	137	9331.2	9.3	17.2	1.323	5.3	19.2
479	1995	138	6048	7.4	9.8	1.0162	5.3	7.5
479	1995	139	22032	1.1	15.2	0.8015	2.3	0
479	1995	140	18316.8	4.4	16.9	0.9482	2.5	0.1
479	1995	141	18230.4	5	15	0.908	2.5	0
479	1995	142	23414.4	1.7	20.2	0.7974	1.7	0
479	1995	143	24019.2	7.7	23.5	0.9381	2.9	0
479	1995	144	20304	14.2	25.4	1.3372	3.1	0.3
479	1995	145	17884.8	14.9	25.3	1.691	1.7	14.8
479	1995	146	19526.4	14.2	21.8	1.5456	2.3	0
479	1995	147	20736	13.4	22.9	1.3729	2.1	0
479	1995	148	20476.8	14.7	25.8	1.7068	4.1	9.5
479	1995	149	8812.8	13.8	20.8	1.7353	2.2	5.5
479	1995	150	10195.2	9.5	18.4	1.4483	1.4	7
479	1995	151	8553.6	8.9	19.7	1.2861	2.6	0
479	1995	152	12873.6	11.6	18.1	1.3157	3.5	0
479	1995	153	17884.8	6	18.4	1.1216	1.2	0.1
479	1995	154	19526.4	7	19.7	1.0255	2.4	5.5
479	1995	155	15984	11.9	18.9	1.4329	3.9	0.7
479	1995	156	11232	10.4	19.8	1.3884	2	7.9
479	1995	157	11404.8	9.7	17.4	1.2406	2	0
479	1995	158	6393.6	10.2	16	1.28	4.2	8.1
479	1995	159	21168	4.5	16	1.0106	4.4	2
479	1995	160	7171.2	6.6	12	0.9834	5.1	6
479	1995	161	13046.4	8.8	14.8	1.1616	5.1	1.4
479	1995	162	9417.6	8.9	14.5	1.0852	2.3	0.4
479	1995	163	12096	7.6	17	1.2576	1.7	6.2
479	1995	164	16156.8	10.6	19.3	1.3242	3.3	0
479	1995	165	7603.2	10.6	16.2	1.2592	3.3	0.9
479	1995	166	6480	9.2	12.5	1.1557	4.4	7.1
479	1995	167	7603.2	9.2	14.6	1.1971	3.7	1.6
479	1995	168	6480	10.1	15	1.2203	4.7	3.3
479	1995	169	12355.2	12.5	20	1.5313	3.8	0.1
479	1995	170	26611.2	9.7	23	1.3554	2.7	0
479	1995	171	25574.4	12.1	28.1	1.5031	2.3	0
479	1995	172	19353.6	13.9	24.9	1.6643	3.8	0
479	1995	173	18748.8	8.4	18.9	0.9833	5.2	0
479	1995	174	11491.2	10.8	18.6	1.1861	4	0
479	1995	175	17107.2	8.8	21.1	1.2393	3.1	0
479	1995	176	22809.6	14.1	27.7	1.653	3.2	0
479	1995	177	28771.2	14.1	27.9	1.5143	3	0
479	1995	178	29548.8	14.5	29.1	1.4338	4.7	0
479	1995	179	29635.2	16.4	29	1.5419	3.8	0
479	1995	180	29462.4	12.5	29.4	1.3612	2.6	0
479	1995	181	29462.4	10.9	30.6	1.2712	1.4	0
479	1995	182	28252.8	13.9	24.8	1.4573	3.5	0
479	1995	183	6393.6	15.6	21.1	1.8326	2.1	1.4
479	1995	184	13996.8	14.5	23.1	1.7549	4.7	0.2
479	1995	185	16502.4	11.6	20	1.1294	3.8	0
479	1995	186	22291.2	11.1	23.1	1.2656	1.9	0
479	1995	187	26179.2	12	25.5	1.3823	2.6	0
479	1995	188	26611.2	13.6	27.9	1.6623	1.4	0
479	1995	189	22291.2	15.4	30.5	1.6772	1.8	0
479	1995	190	25228.8	16.8	33.6	1.8232	1.8	0
479	1995	191	26784	16.7	34.5	1.6705	2.2	0
479	1995	192	23068.8	19.2	33	2.2604	3.1	0.2
479	1995	193	21427.2	18.1	28.7	1.9818	2.5	0
479	1995	194	26352	17	30.5	1.7307	1.6	0
479	1995	195	21600	17.6	28.4	1.7103	3.9	0
479	1995	196	17625.6	16.4	26.4	1.7045	4.1	4.4
479	1995	197	15292.8	15.8	23.6	1.6726	4.4	0.1
479	1995	198	12441.6	13.8	22.6	1.4607	3.8	1
479	1995	199	6134.4	16.8	21.1	1.7495	4.8	1
479	1995	200	13564.8	19	27	2.215	2.9	0
479	1995	201	25920	15.9	32.5	1.778	2.4	0
479	1995	202	27043.2	18.9	35.6	1.8769	2.7	0.3
479	1995	203	10108.8	15.3	28.6	1.8942	4.4	0
479	1995	204	25660.8	8.5	23.4	1.1403	1	0
479	1995	205	26611.2	10.6	27.9	1.2478	1.9	0
479	1995	206	26870.4	12.5	28.3	1.3159	4	0
479	1995	207	25056	13.8	32.2	1.2897	4	11.1
479	1995	208	12182.4	18.5	27.7	2.5387	2.5	6.4
479	1995	209	16243.2	17.4	25.1	1.9914	2.2	0
479	1995	210	20736	15.1	28.6	1.8827	1.3	0
479	1995	211	23673.6	17.4	30.9	1.7126	1.8	0
479	1995	212	25142.4	15.8	32.5	1.5323	2.3	0
479	1995	213	25920	15.9	32.6	1.4811	2.8	0
479	1995	214	25142.4	17.1	30.1	1.3082	3.9	0
479	1995	215	25142.4	12.8	30.2	1.203	3	0
479	1995	216	25574.4	14.3	27	1.5064	3	0
479	1995	217	24883.2	13.7	30.4	1.4558	1.8	0
479	1995	218	22723.2	16.2	33.2	1.4593	2.8	0
479	1995	219	7603.2	17.3	23.7	1.4925	5.3	0
479	1995	220	21772.8	15.2	24	1.2524	4.1	0
479	1995	221	24105.6	11.1	27.3	1.044	2.9	0
479	1995	222	25056	10.3	30.1	0.8507	2.7	0
479	1995	223	24883.2	11.8	31.9	0.9936	3.1	0
479	1995	224	21686.4	16.9	32.2	1.6617	2.3	5
479	1995	225	10800	17.4	26.1	1.9232	2.8	2.3
479	1995	226	12614.4	15.6	22.6	1.5452	3.1	0
479	1995	227	22809.6	9.5	25.6	1.3622	2.1	0
479	1995	228	10886.4	12.9	24.9	1.6351	2	0
479	1995	229	20304	13.7	28	1.3774	2.5	0
479	1995	230	22118.4	12.4	30.6	1.3566	2.7	0
479	1995	231	18662.4	14.9	32.1	1.7049	1.8	0
479	1995	232	14947.2	18.8	29.9	1.8548	3	0
479	1995	233	19699.2	15.2	28.4	1.6945	2.7	0
479	1995	234	19612.8	14.9	31.7	1.7701	2.2	0
479	1995	235	12441.6	18.7	27.4	1.7998	2.9	0
479	1995	236	17280	17	25.7	1.6485	3.1	0.1
479	1995	237	8812.8	15.1	24.7	1.8094	5.7	8.8
479	1995	238	10800	15.7	21.9	1.6032	4.6	4.4
479	1995	239	7257.6	12.8	19.6	1.3793	4.2	0.4
479	1995	240	12700.8	9.8	21.1	1.157	5.7	7.8
479	1995	241	10713.6	11.9	17.6	1.2905	4.8	1.5
479	1995	242	15206.4	10.2	19.1	1.2156	3.5	0.3
479	1995	243	13564.8	5.1	19.3	1.008	2.9	0
479	1995	244	13651.2	11.1	22	1.2411	5.3	1.6
479	1995	245	4924.8	12.9	18.5	1.5319	2.9	3.5
479	1995	246	11404.8	12.5	17.9	1.4319	3.1	0.1
479	1995	247	10713.6	7.7	18.1	1.2337	5.5	0.6
479	1995	248	8640	10	19.5	1.2737	4.3	0
479	1995	249	11923.2	11.7	20.5	1.2061	3.6	0
479	1995	250	10800	14.3	22.7	1.616	6.6	3.1
479	1995	251	5270.4	14.8	18.1	1.5322	9	11.2
479	1995	252	7948.8	14	19.6	1.452	7.3	0
479	1995	253	5616	13.3	21.8	1.3422	4.4	2.9
479	1995	254	7776	13.4	21	1.5872	5.7	0.4
479	1995	255	11404.8	11.3	21	1.3382	3.2	2
479	1995	256	3888	11.7	16.8	1.4767	1.7	2.3
479	1995	257	14169.6	9.9	19	1.2986	3.2	0
479	1995	258	6393.6	10.3	18.2	1.3631	4.2	0.2
479	1995	259	10540.8	11.1	18.7	1.3707	4.2	0.6
479	1995	260	12355.2	11	21.1	1.4208	3.1	0.2
479	1995	261	11059.2	9.2	21.7	1.2797	2.2	0
479	1995	262	15552	11.3	21.3	1.2956	4.9	0
479	1995	263	4579.2	11.9	18	1.2223	5.9	0
479	1995	264	8121.6	6.1	17.3	1.1539	2	0
479	1995	265	6220.8	11.4	18.8	1.4227	2	0
479	1995	266	4406.4	11	17.6	1.4326	2.1	0.7
479	1995	267	7603.2	11.1	19	1.3669	5	2.9
479	1995	268	6998.4	10.6	17.4	1.3891	2.2	1
479	1995	269	3283.2	11.5	14.6	1.3059	7.6	20.2
479	1995	270	6393.6	9.7	15.9	1.2256	4.5	6.9
479	1995	271	5616	4.9	12	0.9285	4.1	3.7
479	1995	272	12182.4	3.3	15.3	0.9131	5.1	2.1
479	1995	273	3110.4	5.2	12.3	1.0153	2.6	3.7
479	1995	274	3024	8.7	15.5	1.2835	4.6	1.2
479	1995	275	9849.6	9	17.9	1.2325	3.7	3.5
479	1995	276	7171.2	12.6	20.1	1.6525	4.7	3.6
479	1995	277	7776	15.1	21.6	1.8116	5.3	4
479	1995	278	2851.2	11.9	18.9	1.5902	3.2	4.4
479	1995	279	10627.2	9.1	18	1.2561	4.9	0
479	1995	280	8553.6	11.9	21.4	1.4761	4.7	0
479	1995	281	11836.8	13.5	23.1	1.5749	3.6	0
479	1995	282	11404.8	15	23.9	1.7146	3.8	0
479	1995	283	10886.4	13.1	24.3	1.787	2.1	0
479	1995	284	2592	11.7	16.6	1.5639	1.4	0
479	1995	285	6134.4	13.7	20.2	1.6973	2.7	0
479	1995	286	6134.4	12.9	19.2	1.439	2.4	0
479	1995	287	9244.8	7.9	20	1.2732	3	0
479	1995	288	8726.4	13.2	20.2	1.5757	3.7	0
479	1995	289	3196.8	12	18.2	1.4913	2.8	0
479	1995	290	9158.4	12.3	17.6	1.3751	5.9	2.9
479	1995	291	4492.8	11	17.3	1.4349	2.6	0
479	1995	292	2592	10.5	13.6	1.1387	4.3	0
479	1995	293	2937.6	9.5	14.9	1.221	3.8	1.5
479	1995	294	6739.2	1.9	13	0.8468	1.6	0
479	1995	295	9331.2	0.8	12.8	0.7309	3.5	0
479	1995	296	8726.4	5.7	17.7	1.0303	5.4	0
479	1995	297	9072	12.1	19.5	1.1115	7	0
479	1995	298	6307.2	9.5	18.3	1.0629	5.9	0.1
479	1995	299	4579.2	9.3	17.2	1.2318	6.6	0.1
479	1995	300	1987.2	12.6	17.8	1.4664	4.7	4.6
479	1995	301	1987.2	10.7	13.6	1.2594	1.6	0.1
479	1995	302	3974.4	6.9	14.3	1.1111	2.2	0
479	1995	303	4838.4	4.1	13.1	0.9715	1.5	0
479	1995	304	1814.4	2.9	7.7	0.8638	1.9	2.1
479	1995	305	1814.4	6.5	10.1	1.0286	3.2	2.6
479	1995	306	4233.6	-0.3	10.3	0.7413	2.4	1.6
479	1995	307	3024	2.5	9.7	0.7248	6.1	1.6
479	1995	308	6739.2	-2.9	5.3	0.5198	3.4	0
479	1995	309	7603.2	-6.7	5.7	0.4713	1.1	0
479	1995	310	5875.2	-4.6	5.2	0.4371	2.9	0
479	1995	311	1641.6	-0.2	5.7	0.6625	2.3	0.9
479	1995	312	1641.6	5.1	10.3	1.0189	2.6	1.1
479	1995	313	1555.2	8.1	12.5	1.1517	3	0
479	1995	314	3024	6.8	11	0.9116	5.9	0
479	1995	315	2937.6	9.7	15.9	0.9303	5.3	0
479	1995	316	5529.6	7.7	18.9	0.9917	3.5	0
479	1995	317	4924.8	0.6	8.9	0.6428	3.9	0.2
479	1995	318	1468.8	6.6	11.7	0.9851	4.2	0.7
479	1995	319	1814.4	8.1	11	1.0239	4.6	1.4
479	1995	320	2678.4	9.1	14.3	1.1265	5.8	6.2
479	1995	321	1382.4	1.3	9.5	0.7891	2.9	5.3
479	1995	322	5097.6	-3.9	5.5	0.5503	3.7	0.2
479	1995	323	2160	3.6	6.7	0.7579	6.4	7
479	1995	324	4492.8	-1.8	8	0.6258	2.7	0
479	1995	325	5443.2	-0.5	5.9	0.3709	6.6	0
479	1995	326	2246.4	2	6.4	0.635	5.1	0.3
479	1995	327	1296	6.2	10.7	0.9617	3.9	0
479	1995	328	1209.6	7.5	11.1	0.8663	5	0
479	1995	329	4665.6	7.2	11.8	0.9018	5.8	0
479	1995	330	3196.8	6.1	11.2	0.7059	6.8	0
479	1995	331	1555.2	4.8	8.7	0.7776	3	4.4
479	1995	332	1209.6	5.7	8	0.9416	0.8	1.1
479	1995	333	1814.4	4.2	8.8	0.9095	1.1	0
479	1995	334	1123.2	3	6.1	0.693	4	0
479	1995	335	1036.8	2.2	3.7	0.6192	5.4	0
479	1995	336	1036.8	1.5	6.4	0.6725	2.6	0.1
479	1995	337	1296	0.4	4.7	0.5945	3.1	0
479	1995	338	2678.4	-2.2	1.6	0.4424	5.1	0
479	1995	339	3542.4	-5	-0.2	0.3786	5.9	0
479	1995	340	1641.6	-4.3	-2	0.3585	4.8	0
479	1995	341	2764.8	-5.3	1.5	0.4359	3	1.3
479	1995	342	3715.2	-3.7	2.7	0.4654	2.5	0
479	1995	343	1036.8	1.2	3.6	0.6535	1.6	1.9
479	1995	344	950.4	-0.4	1.5	0.5913	1.8	0
479	1995	345	950.4	-1.6	2.1	0.5911	1	0.6
479	1995	346	1468.8	1.9	3.9	0.6471	3.2	0
479	1995	347	3801.6	-2.8	2.4	0.4697	2.9	0
479	1995	348	950.4	-1.2	2.3	0.4896	6.3	0.1
479	1995	349	1555.2	-3.9	2.1	0.4463	4.5	0
479	1995	350	3888	-6.4	2.2	0.4295	2.6	0
479	1995	351	950.4	-5.2	1.7	0.4569	3.8	0
479	1995	352	950.4	1.1	5.5	0.743	3.6	3
479	1995	353	950.4	-0.7	4.5	0.6656	1.6	9.1
479	1995	354	950.4	-1.3	4.5	0.6446	2.1	5.7
479	1995	355	1728	-4.7	1.4	0.4711	2.8	2.1
479	1995	356	950.4	1.3	11.3	0.8684	6.2	14.2
479	1995	357	950.4	3	11.2	0.9377	5.2	10.8
479	1995	358	950.4	0.4	3	0.6286	2.5	0
479	1995	359	950.4	-4	0.9	0.4964	3.1	0.2
479	1995	360	950.4	-2.5	1.5	0.5126	3.3	0
479	1995	361	4320	-7.1	1.1	0.3969	1.6	0
479	1995	362	4492.8	-9.4	-1.6	0.3125	2	0
479	1995	363	4579.2	-13.2	0.2	0.2707	1.5	0
479	1995	364	3628.8	-13	-0.9	0.2506	3.6	0
479	1995	365	950.4	-1.3	2.3	0.5702	2.9	0.5
