*---------------------------------------------------------------------------*
* Station name: DRESDEN-KLOTZSCHE                       
* Year: 2011
* Author: Pedro Alencar                                   -999.000: NIL VALUE
* Source: ECAD 
* Comments: 
* Longitude: 51.1292, latitude: 51.1292, altitude: 227 m.
*
* Column  Daily value
* 1       station number
* 2       year
* 3       day
* 4       irradiation                   (kJ m-2 d-1)
* 5       minimum temperature           (degrees Celsius)
* 6       maximum temperature           (degrees Celsius)
* 7       early morning vapour pressure (kPa)
* 8       mean wind speed (height: 2 m) (m s-1)
* 9       precipitation                 (mm d-1)
*
** WCCDESCRIPTION=GERMANY, DRESDEN-KLOTZSCHE                       
** WCCFORMAT=2
** WCCYEARNR=2011
*---------------------------------------------------------------------------*
   51.1292  13.7558    227.  -0.18 -0.55
483	2011	1	1123.2	-0.7	1.6	0.5492	6.8	0.2
483	2011	2	1900.8	-0.8	0.6	0.5217	4.9	0.3
483	2011	3	2419.2	-4.2	-0.5	0.4525	3.5	0.4
483	2011	4	3628.8	-8.5	-1.8	0.3501	2.8	0
483	2011	5	2332.8	-9	-4.5	0.3024	4.5	0
483	2011	6	1036.8	-4.9	4.8	0.4931	10	2.1
483	2011	7	1123.2	3.2	7.5	0.8221	4.8	5.5
483	2011	8	2073.6	3.4	8.5	0.8011	5.7	0
483	2011	9	1382.4	3	11.1	0.8039	4.5	0.7
483	2011	10	3888	-2.1	4.1	0.5715	1.8	0
483	2011	11	2678.4	0.2	4.1	0.6348	4	0.4
483	2011	12	3110.4	2.3	5.2	0.6631	5.1	7.3
483	2011	13	691.2	3.7	10.4	0.9646	4	6.6
483	2011	14	1296	9.2	12.1	1.1148	5.6	15.8
483	2011	15	2332.8	7	9.2	0.8851	5.6	0.4
483	2011	16	4752	1.1	9.5	0.6946	3.6	0
483	2011	17	5270.4	-1.2	7.9	0.7146	3.8	0
483	2011	18	2419.2	1.4	8.5	0.7126	4.1	5.3
483	2011	19	1209.6	0.1	5	0.7119	3.1	4.6
483	2011	20	1641.6	-1.4	0.6	0.5697	2.8	1.6
483	2011	21	777.6	-2.3	-1.2	0.4892	3	0.3
483	2011	22	4060.8	-3.6	-0.2	0.4519	1.7	0
483	2011	23	1209.6	-2.8	0.1	0.5204	3.3	3.6
483	2011	24	2937.6	-1.8	0.8	0.5656	1.7	1.1
483	2011	25	1728	-0.2	2.3	0.6065	5.1	2
483	2011	26	1641.6	-0.7	0.7	0.5866	2.7	2.3
483	2011	27	1555.2	-2.8	-0.7	0.5053	2.4	0
483	2011	28	5961.6	-4.7	-0.2	0.4492	3.5	0
483	2011	29	7084.8	-6.7	0.3	0.3717	4.7	0
483	2011	30	6825.6	-9.2	-1	0.3556	1.9	0
483	2011	31	6220.8	-10.4	-4.6	0.3168	1.2	0.1
483	2011	32	6652.8	-10.6	-2.7	0.3271	2.5	0.1
483	2011	33	2419.2	-7.1	-0.4	0.4169	4.1	0.1
483	2011	34	1382.4	-4.2	1.9	0.5	4	4.1
483	2011	35	2073.6	-0.5	6.5	0.591	8.3	0
483	2011	36	3196.8	6.4	9.8	0.7664	10.1	0
483	2011	37	3542.4	5.1	11	0.7853	7.7	0
483	2011	38	5788.8	4.4	11.7	0.6993	5.2	0
483	2011	39	4752	0.3	9.8	0.5776	5.3	0
483	2011	40	8380.8	-2.3	5.8	0.5199	2.5	0
483	2011	41	6048	-3.1	7.9	0.5228	4	2.9
483	2011	42	1036.8	1.4	9.5	0.8098	6.3	3.2
483	2011	43	8553.6	-2.3	2.2	0.4261	3.7	0
483	2011	44	1641.6	-1.7	0.4	0.4371	6	0.1
483	2011	45	4233.6	-0.2	1.9	0.5068	5.6	0
483	2011	46	8035.2	-0.9	3.5	0.4363	6.7	0
483	2011	47	6307.2	-1.7	2.3	0.4309	6.7	0
483	2011	48	1728	-1.2	0.7	0.528	3.8	0.8
483	2011	49	1296	-3.1	-1.2	0.501	2.1	0
483	2011	50	2592	-4.8	-2.1	0.4169	2.9	0
483	2011	51	8985.6	-9.9	-4.8	0.2747	4.6	0
483	2011	52	9676.8	-11.4	-6.6	0.2415	4	0
483	2011	53	10195.2	-14	-6	0.2204	3.1	0
483	2011	54	10454.4	-14.8	-6	0.2107	2.1	0
483	2011	55	7948.8	-12	0.7	0.2729	3	0
483	2011	56	11491.2	-9.5	1.8	0.2805	2.8	0
483	2011	57	11664	-7.2	4.8	0.3358	4	0
483	2011	58	7948.8	-2	5.3	0.4542	5.2	0
483	2011	59	10368	-1.5	9	0.5992	2.7	0
483	2011	60	11750.4	-4.8	6	0.4722	2.8	0
483	2011	61	12787.2	-6.7	6.1	0.3527	4.4	0
483	2011	62	11404.8	-4.3	5.8	0.4064	3	0
483	2011	63	12873.6	-2.7	7.8	0.5284	2.5	0
483	2011	64	11145.6	-4.1	5	0.5113	4	0
483	2011	65	12441.6	-4.6	4.4	0.3943	3.4	0
483	2011	66	14428.8	-7.2	5	0.2763	2.7	0
483	2011	67	14601.6	-2.9	8.6	0.2324	6.4	0
483	2011	68	12355.2	-1	14.8	0.5072	5.1	1.2
483	2011	69	7257.6	2.8	9.9	0.6703	4.3	0
483	2011	70	2160	4.2	8.1	0.7273	4.8	0.5
483	2011	71	12096	0.9	13.4	0.6677	4	0
483	2011	72	10368	2.8	15.3	0.6677	3.6	0.1
483	2011	73	9417.6	6.9	13.5	0.9202	2.3	0.2
483	2011	74	10627.2	5.9	11.9	0.9686	4.5	0
483	2011	75	3283.2	4.6	9.1	0.9019	7	1.4
483	2011	76	1641.6	2.9	7.6	0.8519	5.3	17.6
483	2011	77	950.4	1.5	3.5	0.7021	5.3	1.7
483	2011	78	10540.8	0.7	7.2	0.632	3.6	0
483	2011	79	11059.2	-0.6	7	0.5303	2.3	0
483	2011	80	17280	-2.4	10.5	0.5549	2.6	0
483	2011	81	16761.6	-0.6	13.1	0.6087	3.3	0
483	2011	82	16675.2	4.7	11.8	0.7415	3.3	0
483	2011	83	15206.4	3.6	14.3	0.7432	3.9	0
483	2011	84	7603.2	6.2	11.7	0.7775	3.2	0
483	2011	85	4320	-0.8	7.4	0.6192	3.3	2.8
483	2011	86	14860.8	-3.8	9.4	0.5678	1.9	0
483	2011	87	18316.8	-1.1	11	0.591	3.6	0
483	2011	88	19008	-0.4	14	0.6321	2.5	0
483	2011	89	17712	1.8	17.2	0.6526	3.2	0
483	2011	90	9676.8	8.2	16.5	0.9606	5.2	0.7
483	2011	91	12182.4	12.1	17.1	1.1121	5.3	0
483	2011	92	17193.6	10.8	20.5	1.2252	2.9	0
483	2011	93	18403.2	10.9	23	1.138	4.4	4.5
483	2011	94	5788.8	7	13.5	1.1354	3.9	7.7
483	2011	95	14515.2	6.2	13.4	0.8232	3.6	0
483	2011	96	8121.6	10.6	16.2	1.121	4.3	0
483	2011	97	14428.8	6.8	20.9	1.1069	7.2	0
483	2011	98	10108.8	4.9	15.5	0.7834	8.5	0
483	2011	99	16761.6	4.8	12.5	0.7395	6.3	0
483	2011	100	21168	3.5	15.7	0.657	3.7	0
483	2011	101	16588.8	5.1	18.6	0.7908	2.9	0
483	2011	102	9936	4.9	13.9	0.7425	7.2	1.7
483	2011	103	3369.6	3.1	5.2	0.7314	7.4	22.2
483	2011	104	4406.4	3.5	6.4	0.8256	3.7	2.6
483	2011	105	11145.6	4.4	10.4	0.8542	2.1	0
483	2011	106	15638.4	4.6	13.4	0.7916	1.2	0
483	2011	107	13478.4	5.5	14.9	0.771	1.9	0
483	2011	108	14515.2	3	16.4	0.7456	3	0
483	2011	109	22464	4.5	19.2	0.8047	3.4	0
483	2011	110	22377.6	6.4	21.7	0.9131	2.4	0
483	2011	111	22636.8	7	22	0.8905	2.7	0
483	2011	112	22896	7.9	23.9	0.866	3.1	0
483	2011	113	22723.2	10.1	22.5	0.8699	4.4	0
483	2011	114	23932.8	7.5	19.9	0.7516	3.7	0
483	2011	115	10540.8	6.2	13	0.8839	2.1	0
483	2011	116	9331.2	7.4	13.4	1.0964	2.3	1.3
483	2011	117	10800	7.2	16.4	1.1754	1.7	0
483	2011	118	16329.6	9.5	21.4	1.157	2.3	0
483	2011	119	22464	8.4	22.4	0.996	3.7	0
483	2011	120	21945.6	8.3	19.4	0.9487	4.4	0
483	2011	121	26784	4.5	15.6	0.6279	4	0
483	2011	122	12787.2	3.3	10.1	0.8338	4	6.4
483	2011	123	12009.6	1.4	8	0.7259	4.4	2.2
483	2011	124	18230.4	-0.1	10.6	0.6301	3.5	0.1
483	2011	125	27302.4	0.6	12.9	0.5808	2.6	0
483	2011	126	26697.6	4.6	18.4	0.6372	3.8	0
483	2011	127	27129.6	6.3	21.2	0.6912	4.1	0
483	2011	128	26265.6	4.5	19.3	0.8213	4.3	0
483	2011	129	27648	8.7	22.8	0.9114	3.6	0
483	2011	130	26956.8	8.6	24.8	0.9302	3.3	0
483	2011	131	22118.4	10.5	26	1.1304	2.5	0
483	2011	132	16329.6	11.5	23.1	1.4789	2.3	4.8
483	2011	133	18403.2	8.4	17.1	1.0156	3.5	0
483	2011	134	22636.8	7.8	20.6	1.0514	4.1	3.9
483	2011	135	13392	7.7	13.8	1.019	2.7	4.3
483	2011	136	12441.6	7.3	14.8	1.0001	4.6	0.5
483	2011	137	14428.8	11.9	18.7	1.2675	4	0
483	2011	138	25747.2	10.5	24.2	1.2264	3.2	0
483	2011	139	19353.6	13.3	25.4	1.3901	2.6	0.3
483	2011	140	20131.2	12.3	22.8	1.5024	2.1	0
483	2011	141	23587.2	11.6	23.1	1.3451	2.5	0
483	2011	142	24537.6	13.7	26.4	1.3814	4.3	0
483	2011	143	27561.6	12.1	21.6	1.0924	2.8	0
483	2011	144	25920	9.7	26	1.1228	4.2	0
483	2011	145	29808	6.8	18	0.6617	2.4	0
483	2011	146	27388.8	9.9	26.9	1.0988	5.5	2.2
483	2011	147	19180.8	10.8	20.1	0.9992	4.6	0
483	2011	148	18489.6	8.9	18	0.9552	2.8	0
483	2011	149	26265.6	10.3	23.6	0.9065	4.3	0
483	2011	150	29289.6	11.8	27.5	1.1421	5.1	0
483	2011	151	26179.2	15.7	28.8	1.5808	5.2	10.9
483	2011	152	5788.8	11.6	15.9	1.3825	3.9	0.5
483	2011	153	21168	11.2	22	0.9055	3.2	0
483	2011	154	29030.4	10	25.3	0.9878	3.2	0
483	2011	155	28598.4	13.2	28.7	1.4354	2.7	0
483	2011	156	27993.6	17.7	29.8	1.584	4.8	0
483	2011	157	23846.4	16.1	28.3	1.8164	4.5	5.5
483	2011	158	15897.6	16	24.4	1.7488	3	0.3
483	2011	159	20217.6	12.6	26	1.6763	4.6	0.3
483	2011	160	21081.6	12.2	20	1.0781	4.3	0
483	2011	161	26438.4	10	21.8	0.9743	2.1	0
483	2011	162	24364.8	13.6	23.5	1.2798	2.9	0.7
483	2011	163	22982.4	12.8	22.1	1.1944	1.9	0
483	2011	164	17452.8	12.2	23.3	1.2577	2.7	0
483	2011	165	21686.4	13.1	25.3	1.5771	2.9	0
483	2011	166	22982.4	14	25.1	1.4755	2.6	0
483	2011	167	22636.8	15.6	28.6	1.6992	3.2	7.2
483	2011	168	30326.4	14.6	22	1.1759	3.9	2.2
483	2011	169	10540.8	12	21.1	1.2599	4.9	0
483	2011	170	20908.8	11.2	18.1	1.1656	5.7	4.6
483	2011	171	14860.8	11.9	20.1	1.2892	5	0.5
483	2011	172	13651.2	11.6	22.6	1.6551	3.2	4.3
483	2011	173	20304	15.3	27.2	1.9158	3.8	1.1
483	2011	174	20390.4	12.5	22.7	1.2861	4.1	2.6
483	2011	175	20908.8	10.4	18.7	1.2574	4.1	1.5
483	2011	176	16416	10.3	18.1	1.1161	4.1	0.7
483	2011	177	8985.6	11.8	20.6	1.5816	2.2	0.5
483	2011	178	29030.4	13.4	25.3	1.4797	2.3	0
483	2011	179	30672	13.9	26.4	1.2015	2.8	0
483	2011	180	31190.4	12	29.2	1.0173	2.4	0
483	2011	181	4579.2	9.9	18.4	1.451	4.7	0.2
483	2011	182	13564.8	8.5	17.3	1.0702	3.7	0
483	2011	183	7862.4	10	13.7	1.1793	6.1	10.2
483	2011	184	2246.4	10.3	13.4	1.3596	6.7	19.1
483	2011	185	3715.2	12.5	14.6	1.5352	4.4	10.8
483	2011	186	16416	14.3	21.6	1.7256	2.4	0.3
483	2011	187	27734.4	12.1	27.3	1.6039	2.8	3
483	2011	188	27388.8	15.6	27.4	1.6125	2.8	4.3
483	2011	189	19872	15.7	23.8	1.6318	3.7	0.8
483	2011	190	25401.6	13.8	28.7	1.5124	4.1	0.9
483	2011	191	26438.4	16.8	26.7	1.6893	3.1	18.2
483	2011	192	16416	15.2	21.9	1.749	3.4	0.1
483	2011	193	25833.6	13.1	25.5	1.4081	3	0
483	2011	194	13910.4	18.8	26.7	1.7951	4.1	1
483	2011	195	17193.6	14.3	21.1	1.3549	4.9	0
483	2011	196	19699.2	13.3	21.4	1.1671	5.4	0
483	2011	197	26784	13.2	24.4	1.1916	3.3	0
483	2011	198	15984	12.8	27.7	1.4934	4.9	11
483	2011	199	17539.2	12.6	22.1	1.444	4.1	1
483	2011	200	27820.8	11.2	24.7	1.2531	3.3	1.3
483	2011	201	3715.2	14.3	17.9	1.5898	4	24.2
483	2011	202	5616	14	16.1	1.5207	4.6	5.3
483	2011	203	5616	12.1	15	1.1785	6.4	2.1
483	2011	204	17280	10.8	18	0.9995	5.6	0
483	2011	205	19353.6	11.6	20.2	1.0645	4.4	0
483	2011	206	20649.6	9.8	19.2	1.0884	3.2	0
483	2011	207	23587.2	10	22.6	1.2585	2.2	0
483	2011	208	23414.4	14.3	24.4	1.4573	2.1	0
483	2011	209	16243.2	12.8	21.1	1.4851	2.4	0
483	2011	210	9590.4	12.7	17.1	1.4384	3.6	11.7
483	2011	211	2246.4	12.2	13.9	1.441	6.1	58.6
483	2011	212	4060.8	11.7	13.4	1.4237	4.7	4.6
483	2011	213	7084.8	13.2	18.5	1.7085	2.5	0
483	2011	214	19440	15.4	23.5	1.8274	2	0
483	2011	215	26352	14.3	26.5	1.5312	3	4.7
483	2011	216	8899.2	16.8	22.9	2.1276	2.3	34.7
483	2011	217	13478.4	14.7	22.5	1.9257	2.8	16.1
483	2011	218	18748.8	16.1	26.4	2.0166	3.4	1.3
483	2011	219	6912	14.7	22.1	1.7116	3.3	1.5
483	2011	220	17020.8	12.6	22.4	1.3779	4.9	0.2
483	2011	221	14083.2	11.7	19.5	1.239	6	6.7
483	2011	222	12528	10.9	16.9	1.158	5	0.3
483	2011	223	14169.6	13.4	24.6	1.2504	5.4	0
483	2011	224	15033.6	15.5	23.2	1.4573	3.9	9.9
483	2011	225	11664	15.7	21.5	1.8401	2.3	24.9
483	2011	226	16156.8	15.6	25.9	1.9312	3.3	9.4
483	2011	227	8380.8	14	19.4	1.6706	1.7	0.7
483	2011	228	16243.2	12.8	21	1.6535	2	0
483	2011	229	21513.6	15.1	24.5	1.5908	2.1	0
483	2011	230	22204.8	15.4	28.1	1.7413	3.2	1
483	2011	231	11836.8	14	26	1.8673	4.9	14.6
483	2011	232	23414.4	11.4	22.2	1.28	2.8	0
483	2011	233	16416	12.9	26.4	1.6217	2.9	0
483	2011	234	18662.4	18.1	26.4	1.9023	2.9	0
483	2011	235	20217.6	16.2	26.8	1.8173	4.1	2.7
483	2011	236	19267.2	18	30	2.0546	3.3	3
483	2011	237	21254.4	18.1	26.7	2.136	2.3	0
483	2011	238	21427.2	18.9	30.8	2.1616	4.4	0
483	2011	239	2678.4	11.6	24.9	1.7584	4.7	5.9
483	2011	240	15811.2	11.2	20	1.2213	3.7	0
483	2011	241	15292.8	12.9	20.1	1.2184	3.7	0
483	2011	242	14342.4	9.5	16.7	0.9788	3.2	0
483	2011	243	15984	7.3	18.7	1.0174	2.6	0
483	2011	244	19353.6	8.6	20.3	1.1836	2.2	0
483	2011	245	20390.4	9.6	22.6	1.2792	1.8	0
483	2011	246	20044.8	12.2	27.8	1.5406	3.2	0
483	2011	247	18230.4	18.3	27.7	1.7944	3.9	4.3
483	2011	248	4406.4	14	20	1.7607	3.4	9.8
483	2011	249	18748.8	11.2	21.8	1.2184	4.6	0.3
483	2011	250	10108.8	13.7	18.5	1.2243	5.4	0.2
483	2011	251	5184	11.6	14.4	1.2418	5.9	7.8
483	2011	252	9417.6	11.7	19.1	1.4504	3.4	0
483	2011	253	13219.2	16.2	24.7	1.8959	2.6	0
483	2011	254	17366.4	16.4	28.5	2.0882	3.5	5.8
483	2011	255	17539.2	14.9	22.1	1.4459	4.6	0
483	2011	256	9676.8	16.4	23	1.6726	4.5	0.7
483	2011	257	15984	10.5	18.6	1.092	4.2	0
483	2011	258	14601.6	9.1	17.8	1.0477	3.9	0
483	2011	259	14601.6	7.2	17.7	1.1113	2.5	0
483	2011	260	9590.4	10.9	22.5	1.4428	3.6	17.7
483	2011	261	3283.2	10.7	17.8	1.4929	3.3	18.9
483	2011	262	6393.6	9.5	14.5	1.163	2	0
483	2011	263	11750.4	10.1	17.9	1.2614	1.9	0
483	2011	264	12700.8	8.6	18.8	1.2214	2.5	0
483	2011	265	9849.6	12.4	19.1	1.2688	3.7	0
483	2011	266	11404.8	8.5	16.4	1.0824	2.3	0
483	2011	267	15897.6	6.5	19.1	1.0927	3.1	0
483	2011	268	15033.6	8	22.4	1.2939	2.9	0
483	2011	269	14688	10.1	23.8	1.5044	2.5	0
483	2011	270	11318.4	12.3	20.8	1.636	2.9	0
483	2011	271	11232	11.1	20	1.4996	1.5	0
483	2011	272	14083.2	9.2	22.5	1.3129	2.2	0
483	2011	273	14688	9.8	25.3	1.4223	2.9	0
483	2011	274	14428.8	10.1	25.7	1.4335	2.8	0
483	2011	275	14342.4	9.9	25.3	1.4067	2.6	0
483	2011	276	13305.6	11.6	24	1.4652	3	0
483	2011	277	13132.8	14.9	24.3	1.5029	3.8	0
483	2011	278	4060.8	14.6	17.7	1.3749	4	0
483	2011	279	11404.8	9.3	22.1	1.2469	5.7	5.2
483	2011	280	8899.2	7.5	12.6	0.9972	4.5	2
483	2011	281	7776	6.1	9.7	0.9051	5.6	0.8
483	2011	282	5443.2	4.2	10.5	0.8616	4.1	2.8
483	2011	283	2160	6.7	16.4	1.2242	5.3	5.3
483	2011	284	2678.4	10.3	16.4	1.2551	8.2	3.8
483	2011	285	6393.6	7.1	12	1.0477	4.2	4.6
483	2011	286	10022.4	4.1	11.4	0.8854	2.7	0
483	2011	287	8985.6	1.1	9.2	0.7138	1.9	0
483	2011	288	11836.8	-1.8	11.2	0.6661	3	0
483	2011	289	11404.8	3.1	11.4	0.6723	5.1	0
483	2011	290	11318.4	2.8	13.3	0.6885	4.1	0
483	2011	291	9504	3.5	18.1	0.9577	4.6	4
483	2011	292	3801.6	5.5	9.7	0.8138	4.2	0.2
483	2011	293	7171.2	2.3	9.2	0.7442	4.1	0
483	2011	294	7516.8	0.2	9.3	0.7199	2.5	0
483	2011	295	10281.6	-0.7	8.6	0.6887	3.8	0
483	2011	296	9676.8	-0.3	10.3	0.6802	4.5	0
483	2011	297	7430.4	5.8	13.8	0.9564	6.2	0
483	2011	298	3369.6	5.7	10.9	0.8972	6.1	0
483	2011	299	2505.6	9.6	12.3	1.1372	5.5	0.2
483	2011	300	3110.4	9.1	11.9	1.053	4.5	0
483	2011	301	5788.8	5.7	14.3	0.9939	2.6	0
483	2011	302	7171.2	3.9	15.4	1.0787	3.5	0
483	2011	303	6307.2	8.4	14.1	1.1201	3.6	0.1
483	2011	304	7171.2	8.3	16.4	1.2474	3	0
483	2011	305	8035.2	6.5	13.6	0.9972	5.2	0
483	2011	306	7689.6	5.7	11.6	0.9636	6.1	0
483	2011	307	7862.4	5.3	10.6	0.8548	8	0
483	2011	308	5356.8	6.1	10.3	0.8694	7.8	0
483	2011	309	6998.4	5.9	12.4	0.9387	7.2	0
483	2011	310	6566.4	10.5	15.7	0.9638	6.5	0
483	2011	311	6566.4	8	14.8	0.8081	5.7	0
483	2011	312	6480	7.3	11.5	0.9311	6.3	0
483	2011	313	6652.8	4.1	11.7	0.9051	3.1	0
483	2011	314	1555.2	-0.2	8.8	0.764	4.6	0
483	2011	315	4320	-0.9	3.5	0.5571	4.9	0
483	2011	316	6739.2	0.8	7.3	0.5957	5.7	0
483	2011	317	6652.8	-1.3	12.6	0.6843	2.4	0
483	2011	318	5702.4	-1.5	10.6	0.6761	2.9	0
483	2011	319	1468.8	-3.7	-0.2	0.5191	2.2	0
483	2011	320	3888	-1.4	3.4	0.5912	3.4	0
483	2011	321	5184	-3.6	2.8	0.5163	2.3	0
483	2011	322	2419.2	0.4	7.5	0.7617	2.3	0
483	2011	323	2505.6	3.2	8.8	0.8226	2.6	0
483	2011	324	4147.2	2	8.8	0.7084	3.5	0
483	2011	325	3628.8	1.8	7.8	0.7138	3.6	0
483	2011	326	5270.4	0.7	8.6	0.7234	3.7	0
483	2011	327	5270.4	-1.1	5.7	0.6489	4.1	0
483	2011	328	2764.8	-1.3	5.6	0.6705	4.3	0
483	2011	329	5270.4	-0.6	8.7	0.6854	4.6	0
483	2011	330	3283.2	4.1	7.8	0.7173	6.4	0
483	2011	331	5097.6	4.5	10.5	0.7046	7.3	0
483	2011	332	4665.6	0	8.1	0.6365	4.3	0
483	2011	333	5184	-1.1	7.6	0.5939	6.1	0
483	2011	334	2419.2	-0.7	7.6	0.704	3.9	0.3
483	2011	335	2246.4	-1.1	9	0.6887	6.4	0
483	2011	336	1900.8	3	13	0.847	5.6	1.8
483	2011	337	3542.4	1.3	8.4	0.6645	6.4	0.2
483	2011	338	777.6	5.9	9.4	0.8375	5.5	14.1
483	2011	339	2592	2	6.8	0.669	6.4	0.8
483	2011	340	3024	1.4	5.1	0.5707	6.5	0.9
483	2011	341	950.4	0.6	5.9	0.6402	6.5	3.3
483	2011	342	2332.8	2.6	6.1	0.6584	8	3.3
483	2011	343	2073.6	1.5	10	0.6982	6.7	0.9
483	2011	344	2678.4	0.9	4.8	0.5473	5.7	0
483	2011	345	3974.4	-1.4	4.3	0.5021	3.6	0
483	2011	346	2505.6	-0.6	7.8	0.6245	6.9	0
483	2011	347	691.2	1.3	9.4	0.6434	6.3	0.2
483	2011	348	2505.6	4.8	11.3	0.7746	6.9	0.6
483	2011	349	2505.6	2.6	6.5	0.5916	5.4	0
483	2011	350	432	2	9.2	0.7274	8.8	5.3
483	2011	351	1468.8	2	4.1	0.6388	8.3	0.1
483	2011	352	1209.6	0.7	3.1	0.5675	6.4	0
483	2011	353	2073.6	-0.1	1.9	0.5021	4.9	0.1
483	2011	354	3196.8	-3.2	1.8	0.4297	3.9	3.3
483	2011	355	1036.8	1.3	3.7	0.6801	5.6	3.4
483	2011	356	1814.4	1.5	4.3	0.6922	2.8	0.4
483	2011	357	777.6	4	7.8	0.8726	3.9	0.8
483	2011	358	777.6	0.2	7.4	0.6815	6.1	5.2
483	2011	359	1382.4	1.6	6.5	0.6854	5.4	0.4
483	2011	360	950.4	6.4	8.6	0.8497	5.5	0
483	2011	361	604.8	6.2	8.1	0.8802	3.8	0
483	2011	362	4147.2	1.7	7.4	0.693	3.5	0
483	2011	363	2592	2.7	6.2	0.6042	6.7	1.2
483	2011	364	950.4	0.4	5.1	0.6476	6.6	4.9
483	2011	365	2678.4	0.9	3.9	0.5954	4.3	0.1
