*---------------------------------------------------------------------------*
* Station name: DRESDEN-KLOTZSCHE                       
* Year: 1993
* Author: Pedro Alencar                                   -999.000: NIL VALUE
* Source: ECAD 
* Comments: 
* Longitude: 51.1292, latitude: 51.1292, altitude: 227 m.
*
* Column  Daily value
* 1       station number
* 2       year
* 3       day
* 4       irradiation                   (kJ m-2 d-1)
* 5       minimum temperature           (degrees Celsius)
* 6       maximum temperature           (degrees Celsius)
* 7       early morning vapour pressure (kPa)
* 8       mean wind speed (height: 2 m) (m s-1)
* 9       precipitation                 (mm d-1)
*
** WCCDESCRIPTION=GERMANY, DRESDEN-KLOTZSCHE                       
** WCCFORMAT=2
** WCCYEARNR=1993
*---------------------------------------------------------------------------*
   51.1292  13.7558    227.  -0.18 -0.55
483	1993	1	4579.2	-10.8	-2.6	0.274	2.3	0
483	1993	2	4492.8	-13.2	-7.3	0.2104	4.3	0
483	1993	3	4320	-15.7	-8.7	0.1848	4	0
483	1993	4	4579.2	-14.3	-1.2	0.1536	6	0
483	1993	5	4579.2	-5.8	-0.4	0.2723	7.4	0.3
483	1993	6	1296	-2.1	5.5	0.5802	5.5	15.2
483	1993	7	1296	0.9	7.7	0.7723	5.1	2.3
483	1993	8	1555.2	0	8.3	0.7067	5.9	1.2
483	1993	9	4060.8	-0.5	7.3	0.5534	5.1	1.1
483	1993	10	1296	7	10.3	0.8291	8.5	0
483	1993	11	1382.4	10.2	12.4	0.9231	11.5	5.1
483	1993	12	1382.4	4.1	14.6	0.9632	8.8	4.2
483	1993	13	4060.8	2.9	9.1	0.5889	7.7	0.2
483	1993	14	3974.4	4.5	14.4	0.7332	11.4	0
483	1993	15	4147.2	0.8	8.7	0.4371	6.4	0
483	1993	16	3196.8	8.2	12.7	0.8724	9.7	0
483	1993	17	5616	8.6	16.2	0.748	7.5	0.4
483	1993	18	1468.8	3	9.3	0.8028	6.4	2.2
483	1993	19	2505.6	-0.6	8.1	0.5992	7.3	0
483	1993	20	1555.2	4.2	9.9	0.7737	9.1	0.7
483	1993	21	3196.8	7.7	11.2	0.816	10.1	0.6
483	1993	22	1555.2	4.2	12.4	0.8863	12.5	10.7
483	1993	23	3715.2	3.3	7.6	0.5939	11	1
483	1993	24	3283.2	5	12.4	0.6746	15.3	0.8
483	1993	25	2332.8	0.1	8.1	0.6797	13.5	0.5
483	1993	26	2764.8	-1.7	1.6	0.4749	13.6	0.4
483	1993	27	5443.2	-2.4	0.8	0.5072	6.3	0.1
483	1993	28	2505.6	-1.8	0.9	0.5144	3.2	0.1
483	1993	29	6307.2	-5.4	-1.2	0.3977	4.6	0
483	1993	30	6825.6	-9.7	-1.4	0.2669	5.1	0
483	1993	31	6912	-6.8	0.7	0.2978	5.1	0
483	1993	32	6912	-10.4	1.6	0.3	2.2	0
483	1993	33	6825.6	-8.8	3	0.311	4.5	0
483	1993	34	7084.8	-7.9	4.9	0.4052	2.9	0
483	1993	35	7257.6	-5.4	6	0.4121	4.9	0
483	1993	36	7084.8	-4.6	5.5	0.4419	5.7	1.7
483	1993	37	1987.2	-0.5	1.8	0.602	6.7	1.1
483	1993	38	2419.2	0.4	3.2	0.6192	2.5	0
483	1993	39	2073.6	0.4	3.6	0.5998	2.6	0
483	1993	40	6998.4	-2.5	3.5	0.5449	2	0
483	1993	41	7776	-5.5	5.5	0.5316	1.5	0
483	1993	42	8121.6	-2.8	3.5	0.539	4.4	0
483	1993	43	8640	-1	7.6	0.5341	4.8	0
483	1993	44	2332.8	-4.2	2	0.5357	0.5	0
483	1993	45	5097.6	-2.6	3	0.5083	3.5	0
483	1993	46	6912	-1.4	2.9	0.458	4.2	0
483	1993	47	2419.2	-2.1	-0.1	0.4793	3.4	1.9
483	1993	48	2419.2	-0.4	4.1	0.6633	8.4	3.1
483	1993	49	2505.6	0.3	3.5	0.5956	4.6	0.4
483	1993	50	3801.6	0.9	4.6	0.6328	10.6	3.3
483	1993	51	8640	0.3	3.8	0.4816	10.1	3.4
483	1993	52	3369.6	-3.3	1.9	0.5167	11.7	0.7
483	1993	53	8985.6	-6.7	-3.3	0.3246	5	2.6
483	1993	54	6134.4	-7.3	-3.3	0.3503	4.6	0.5
483	1993	55	2764.8	-4.5	-2.3	0.4328	8.5	3.7
483	1993	56	2851.2	-3.7	-2.5	0.4426	5.2	2.8
483	1993	57	8899.2	-3.8	2.3	0.4165	3.3	0
483	1993	58	7430.4	-5.6	4.5	0.4461	4.1	0
483	1993	59	8035.2	-2.5	3.9	0.4885	2.1	0
483	1993	60	11232	-3.3	7.1	0.4484	7	0
483	1993	61	9504	-3.6	0.1	0.4085	10	0
483	1993	62	3024	-6.3	-3.2	0.3265	6.3	0.3
483	1993	63	5184	-6.1	-3.5	0.351	2.3	0
483	1993	64	9504	-7.9	0.6	0.3547	3.7	0.5
483	1993	65	3628.8	-1.2	3.3	0.5801	5.9	0.2
483	1993	66	8553.6	0.6	4.9	0.5509	3.5	0
483	1993	67	9676.8	-3.2	1.3	0.4276	3.7	0
483	1993	68	13910.4	-6.5	3.5	0.3887	3.1	0
483	1993	69	12441.6	-3.2	8.4	0.4935	5.5	0.5
483	1993	70	4147.2	0.4	5.9	0.6356	4.1	0
483	1993	71	3456	-0.3	9.8	0.6256	4.2	0
483	1993	72	13046.4	2.5	14.4	0.6964	3.7	0
483	1993	73	13651.2	2	15.2	0.6923	4	0.8
483	1993	74	8380.8	5.1	13.2	0.8808	3.9	0
483	1993	75	13392	6.6	16.1	0.7785	6.9	1
483	1993	76	3715.2	6.9	12	0.9342	9.1	2.5
483	1993	77	8208	10.1	13.8	0.9916	8.4	0.8
483	1993	78	13132.8	2.8	10.1	0.6171	9	0
483	1993	79	14947.2	2.2	10.8	0.6192	5	0
483	1993	80	13996.8	2.6	17.6	0.6794	4.7	0
483	1993	81	8035.2	9.7	16	1.0667	4.3	5.6
483	1993	82	8899.2	5.2	11.7	0.7406	6	1.8
483	1993	83	12182.4	2.5	8.1	0.561	4.7	0
483	1993	84	9763.2	0.3	5.9	0.6181	5.4	1.2
483	1993	85	10886.4	-1.1	5.3	0.5757	3.8	0
483	1993	86	10972.8	-1.9	3.4	0.4903	2.5	0
483	1993	87	6393.6	-2.2	3	0.434	4.5	0.1
483	1993	88	5529.6	-2.6	2.1	0.48	6.2	0.5
483	1993	89	6912	-2.1	2.9	0.4466	5.1	0
483	1993	90	15033.6	-2.2	8.9	0.4272	2.7	0
483	1993	91	17625.6	4.7	15.3	0.6994	5.6	0
483	1993	92	18662.4	3.5	12.6	0.624	6.2	0
483	1993	93	6393.6	0.2	7.8	0.6505	3.7	0
483	1993	94	10713.6	0.6	11.9	0.6277	1.7	0
483	1993	95	6739.2	5.5	9.9	0.7878	3.2	4.5
483	1993	96	10627.2	4	12.2	0.7664	6.2	0.7
483	1993	97	5788.8	4.6	8.4	0.8515	6.5	10.7
483	1993	98	4924.8	2.8	6.2	0.7579	5.9	0
483	1993	99	7862.4	0.4	5.3	0.5548	3.1	0
483	1993	100	20649.6	-2.9	8.8	0.453	4.7	0
483	1993	101	20736	-2.1	10.7	0.465	5.2	0
483	1993	102	16156.8	0.2	12.3	0.5992	3	0
483	1993	103	9244.8	5.5	11.9	0.697	2.8	0
483	1993	104	15984	5.2	15.8	0.7231	2.9	0
483	1993	105	17020.8	6.2	15.1	0.7304	4.3	0
483	1993	106	18144	2.2	13.5	0.5625	2.2	0
483	1993	107	20131.2	4.6	16.9	0.6321	5.2	0
483	1993	108	6998.4	9	15.9	1.0968	8.1	8.4
483	1993	109	10540.8	5.2	10.8	0.9113	7.1	2.9
483	1993	110	20304	4	15.1	0.8334	2.6	0
483	1993	111	22550.4	9.2	21.8	0.9673	6.7	0
483	1993	112	22291.2	10.2	24.3	0.9435	3.6	0
483	1993	113	21168	12.9	21.3	1.1683	3.1	0
483	1993	114	23155.2	12.9	25.7	0.8493	5.8	0
483	1993	115	20476.8	15.3	24.7	0.817	5.9	0
483	1993	116	24019.2	15.9	25.6	0.7823	5.8	0
483	1993	117	24364.8	12.7	26.2	0.6768	5.4	0
483	1993	118	22291.2	11.2	25.9	0.8532	4.8	0
483	1993	119	23414.4	12.5	25.6	0.8802	5.1	0
483	1993	120	21945.6	11.9	24.8	0.8426	4.3	0
483	1993	121	24537.6	11.8	24.7	0.7955	5	0
483	1993	122	22809.6	10.9	24.1	0.9985	3.2	0
483	1993	123	9504	9.3	16.3	1.1813	3.7	0
483	1993	124	12182.4	6.1	12.8	0.7332	3.1	0
483	1993	125	15033.6	3.5	13.1	0.6784	4.6	0.4
483	1993	126	6134.4	5.5	10.8	0.9856	3.6	0.2
483	1993	127	20736	9.4	22.1	1.1973	2.7	0
483	1993	128	24278.4	9.2	24.3	1.0475	3.1	0
483	1993	129	22896	9.4	24.7	1.087	3.7	0
483	1993	130	21427.2	12.5	25.3	1.0464	3.9	0
483	1993	131	21686.4	15.7	25.4	0.99	4.6	0
483	1993	132	26438.4	12.9	25.4	0.6864	5.3	0
483	1993	133	23500.8	13.4	25.9	0.9137	3.8	0
483	1993	134	20390.4	12.8	24.5	1.3307	3.2	0.7
483	1993	135	18144	12	20.9	1.2332	2.7	0
483	1993	136	21427.2	9.5	18.1	0.8669	3.9	0
483	1993	137	27561.6	6.7	22.3	0.7256	4.3	0
483	1993	138	27475.2	11.2	25.7	0.8267	5.1	0
483	1993	139	23846.4	14.9	27.8	1.1159	4.2	0
483	1993	140	26438.4	15.7	29.4	1.0641	4.2	0
483	1993	141	20476.8	13.6	23.2	1.5848	5	19.7
483	1993	142	6652.8	9.8	13.6	1.2913	7.1	16.5
483	1993	143	6652.8	10.2	12.5	1.2752	4	0.5
483	1993	144	22723.2	11.8	21.3	1.3163	2.2	0
483	1993	145	27302.4	11.3	25.1	1.1895	3.7	0
483	1993	146	22723.2	12.3	22	1.3868	2.7	18.1
483	1993	147	18662.4	10.9	22.4	1.3625	5	2.4
483	1993	148	15206.4	12.9	20.8	1.3991	6.1	1.1
483	1993	149	20649.6	10.5	19.3	1.0661	5.8	0
483	1993	150	24451.2	10.4	25.1	1.1969	3.5	2.5
483	1993	151	20217.6	12.9	20.1	1.2934	5.3	1.8
483	1993	152	20822.4	11.6	20.4	1.0713	4.5	0
483	1993	153	27993.6	11	25.7	1.1164	3.3	1.8
483	1993	154	6393.6	14.7	20.2	1.8712	2.2	5
483	1993	155	24796.8	11.3	22.9	1.3435	2.9	0
483	1993	156	29116.8	11.3	24.5	1.1263	1.7	0
483	1993	157	28166.4	12.8	27	1.1367	2.1	3.8
483	1993	158	19267.2	16.1	22.8	1.6469	4	0
483	1993	159	22982.4	13.5	24	1.3391	2.9	0
483	1993	160	27475.2	12.8	26.9	1.2257	3.1	0
483	1993	161	27734.4	16.7	29.4	1.378	5.3	0
483	1993	162	21427.2	18.6	27.7	1.839	4.6	12.6
483	1993	163	8121.6	12	20.9	1.663	6.5	7.3
483	1993	164	8467.2	11.2	16	1.1357	6.6	0.5
483	1993	165	12700.8	11.6	17.6	1.2615	5	1
483	1993	166	12960	10.7	15.6	1.0727	4.5	0.7
483	1993	167	19094.4	8.6	20.9	1.0391	4.4	7.9
483	1993	168	11145.6	11.8	16.8	1.335	6.4	2
483	1993	169	9936	11.9	19.7	1.237	3.4	2.9
483	1993	170	24710.4	13.6	26.2	1.6702	4	6.4
483	1993	171	16675.2	14.1	19.6	1.3416	3.6	0
483	1993	172	21513.6	11.1	19.1	1.1313	1.6	0
483	1993	173	19958.4	10.7	21.7	1.1954	2.4	0
483	1993	174	12960	13.7	19.9	1.5284	1.7	9.2
483	1993	175	14342.4	9.9	15.8	1.0815	6.7	0
483	1993	176	13478.4	7.7	15.4	0.9249	7.3	0
483	1993	177	13996.8	6.7	13.5	0.8399	5.6	0
483	1993	178	13478.4	11.3	18.8	1.2815	3.1	7.4
483	1993	179	15984	9	16.7	1.2445	5	4.8
483	1993	180	28252.8	9.5	21.8	1.1009	1.7	0
483	1993	181	27302.4	10.9	23.8	1.1473	4.6	0
483	1993	182	29894.4	8.3	22.2	1.0038	1.6	0
483	1993	183	29548.8	11	27.1	1.0563	2.5	0
483	1993	184	24883.2	14.8	27	1.3323	4.4	0
483	1993	185	18835.2	16	26.3	1.6535	3.6	0
483	1993	186	13910.4	16.5	27.1	2.0073	3.4	39.6
483	1993	187	13910.4	10	16.5	1.1405	6.4	0.3
483	1993	188	11577.6	11.2	16.3	1.0683	8.7	0.3
483	1993	189	18316.8	9.3	19.2	1.0548	5.2	0
483	1993	190	28771.2	10.4	25.9	0.9361	5.3	0
483	1993	191	12355.2	14.1	24.3	1.6659	4.7	15
483	1993	192	6393.6	10.3	14.1	1.3061	3.7	16.8
483	1993	193	15724.8	10.3	17.4	1.2492	4.4	1.2
483	1993	194	14342.4	10.4	15.6	1.167	5.4	0.6
483	1993	195	21168	11	20.5	1.1616	3.2	1.9
483	1993	196	9849.6	13	19.2	1.5167	5	6.9
483	1993	197	6998.4	14	18.6	1.7212	1.8	4.6
483	1993	198	20563.2	15.3	25.2	1.7779	4.3	0
483	1993	199	21772.8	15.2	24.5	1.4338	2.3	5.7
483	1993	200	23587.2	14.2	24.9	1.4982	3.7	0.4
483	1993	201	19785.6	14.8	22.2	1.2758	4.9	0
483	1993	202	10108.8	13.4	18.6	1.271	5.6	0
483	1993	203	15897.6	12.5	18.7	1.3098	3.8	0
483	1993	204	16416	12.1	19.6	1.3309	6.2	7.7
483	1993	205	15465.6	14	23.5	1.5767	7.6	0.3
483	1993	206	16070.4	14.6	24.9	1.6088	5.9	5.5
483	1993	207	20217.6	12.2	19.4	1.1653	6	0.9
483	1993	208	13132.8	12	18.5	1.3153	6.1	7.1
483	1993	209	14688	14	22.1	1.8605	6.5	6
483	1993	210	16675.2	13.9	23.9	1.5043	3	0
483	1993	211	24710.4	16.3	28.8	1.7189	4.5	0
483	1993	212	12268.8	15	23.2	1.8322	4.9	5.2
483	1993	213	23500.8	12.8	22.3	1.242	2.7	0
483	1993	214	25488	14	26.4	1.2289	4.3	0
483	1993	215	24019.2	15.3	29.7	1.3601	3.6	7.5
483	1993	216	19526.4	15.6	28.7	2.0239	2.4	2.2
483	1993	217	16848	16.8	24.9	2.1153	2.7	6.3
483	1993	218	12614.4	14.9	20.4	1.3506	6.8	0
483	1993	219	21600	11.7	21.1	1.2107	4.7	0
483	1993	220	21081.6	11.2	23.1	1.5431	3.2	0.7
483	1993	221	15984	15.7	22.3	1.6014	3	1.9
483	1993	222	10108.8	12.7	21.5	1.5382	4.9	8.3
483	1993	223	17884.8	10.1	19.6	1.0627	4.5	0
483	1993	224	19008	16.5	26.3	1.4246	5.6	0
483	1993	225	22550.4	15.6	21.3	1.2506	4.7	0
483	1993	226	23673.6	10.5	27.8	1.3064	3.9	0
483	1993	227	21340.8	17	30.6	1.8241	2.9	0
483	1993	228	18316.8	17.6	29.3	2.1031	1.5	6.9
483	1993	229	17971.2	13.5	20	1.3903	4	0
483	1993	230	23068.8	8.9	19.4	0.9512	2	0
483	1993	231	20131.2	10.6	21.9	1.1438	2.3	0
483	1993	232	14774.4	10.9	24	1.2342	2.8	0.2
483	1993	233	9936	16.3	23.1	1.6726	3.7	0
483	1993	234	14515.2	14.6	24	1.7881	3.5	6
483	1993	235	6912	10.3	18.2	1.2657	3.5	0
483	1993	236	18403.2	8.9	18	1.0014	3.2	0
483	1993	237	17884.8	9.2	18.1	0.9989	3.7	0
483	1993	238	13910.4	8.8	17.3	1.0357	2.6	0
483	1993	239	11923.2	9.2	17.9	1.1165	2.3	0
483	1993	240	10281.6	9	15.7	1.1757	2.8	0.4
483	1993	241	18835.2	7.1	17.8	0.967	2.9	0
483	1993	242	8035.2	10.7	17.8	1.1521	5.8	11.9
483	1993	243	6220.8	9.3	14.1	1.2089	6.1	4.7
483	1993	244	8467.2	10.9	15.8	1.3776	4.7	1
483	1993	245	7171.2	8.8	15.6	1.2352	4.3	3.6
483	1993	246	8553.6	10.5	16.3	1.336	5	10.9
483	1993	247	10022.4	8.5	13.3	1.1595	4.6	7
483	1993	248	9504	7.3	12.2	1.098	3.7	3.5
483	1993	249	16070.4	7.5	16.4	1.0195	3.8	0
483	1993	250	18316.8	5.8	19.4	1.0202	3.2	0
483	1993	251	9072	10.2	17.8	1.2454	4.7	0.6
483	1993	252	15465.6	14.8	24.9	1.5957	3.3	0
483	1993	253	8467.2	15	19.3	1.6017	3	1
483	1993	254	11664	11.9	20.5	1.3977	4.5	9.7
483	1993	255	4060.8	10.1	14.8	1.3855	2.5	1.6
483	1993	256	5097.6	11.1	14.3	1.3497	5.8	0.3
483	1993	257	9676.8	12.5	17.3	1.2184	4.2	0
483	1993	258	11577.6	12.9	18.9	1.2088	6.2	1.1
483	1993	259	10108.8	10.3	18	1.1608	7.4	3.4
483	1993	260	3801.6	8.3	14.3	1.0703	6.2	0
483	1993	261	14169.6	4.7	13.3	0.8719	2.7	0
483	1993	262	16761.6	3.2	16.5	0.8867	3.8	0
483	1993	263	15811.2	7.3	18	1.0674	5.9	0
483	1993	264	14515.2	12.7	21.7	1.3716	7.4	0
483	1993	265	12614.4	14.1	22.8	1.4202	5.7	0
483	1993	266	13132.8	14.3	22.2	1.57	3.8	0
483	1993	267	11145.6	13.4	19.8	1.6789	4.8	0
483	1993	268	13564.8	11.4	22.8	1.4993	2.8	0
483	1993	269	3369.6	12.4	16.3	1.1596	5.4	0
483	1993	270	8726.4	9.9	15.2	0.9878	5.5	0
483	1993	271	10627.2	6.4	14.8	0.9578	3.1	0
483	1993	272	7776	3.6	14.4	0.8949	2.9	0
483	1993	273	13046.4	2.1	11.9	0.6809	5	0
483	1993	274	9417.6	5	13	0.849	8.1	0
483	1993	275	7689.6	11	16.9	1.1459	7.6	0
483	1993	276	7516.8	11.5	16.6	1.0893	7.7	0
483	1993	277	12787.2	10.2	18.7	0.9863	4.7	0
483	1993	278	11232	10.4	20.6	1.1783	5	0
483	1993	279	8380.8	12.2	17.4	1.2778	6.5	0
483	1993	280	8726.4	11	19.4	1.2766	2.6	0
483	1993	281	9244.8	8.8	19.7	1.3144	4.3	10.8
483	1993	282	4060.8	10.6	16.4	1.2984	5.2	0.5
483	1993	283	10454.4	6.3	18.1	0.937	4.4	3
483	1993	284	5356.8	11.2	19	1.4227	4.9	0.7
483	1993	285	6566.4	11.7	19	1.2715	6.5	0
483	1993	286	8985.6	12.8	20.7	1.1046	5.9	0
483	1993	287	4492.8	13.2	19.7	1.2893	6.6	0
483	1993	288	6220.8	5.3	14.8	0.9603	5.1	0.7
483	1993	289	8985.6	3.1	11.7	0.741	2.7	0
483	1993	290	4492.8	2.7	7.3	0.7238	2	0
483	1993	291	10368	-2.7	7.6	0.5465	3.8	0
483	1993	292	9590.4	-1.8	9.4	0.5773	2.9	0
483	1993	293	2332.8	4.1	7.1	0.7092	3.1	0
483	1993	294	2246.4	4.9	8.8	0.7533	2.6	0
483	1993	295	2246.4	3.7	6.1	0.8054	4.4	11
483	1993	296	2160	3.3	5.5	0.7861	8	3.8
483	1993	297	2160	2.5	3.4	0.7173	4.2	15.8
483	1993	298	2160	2.5	5.8	0.6821	2.3	0
483	1993	299	7171.2	2.7	9.4	0.7785	2.2	0
483	1993	300	2073.6	2.2	6.9	0.693	1.9	0
483	1993	301	6480	-1.2	9	0.6783	2.4	0
483	1993	302	1987.2	1.7	4.4	0.6996	4.6	0
483	1993	303	8553.6	0.8	10.3	0.7339	4.1	0
483	1993	304	8380.8	2.7	9.6	0.6989	5	0
483	1993	305	1900.8	2.9	6.5	0.6661	5.2	0
483	1993	306	7862.4	2.3	9	0.739	5.5	0
483	1993	307	7516.8	0	9.6	0.7396	2.2	0
483	1993	308	2592	-2.3	4.8	0.6487	0.5	0
483	1993	309	1728	0.3	7.8	0.7589	3	0
483	1993	310	1728	3.6	6.1	0.8199	6	8.3
483	1993	311	1728	5	7.2	0.9036	2.1	3.4
483	1993	312	1641.6	5.3	6.8	0.8817	3.4	1.2
483	1993	313	1641.6	4.5	6.5	0.8397	4	0.7
483	1993	314	1641.6	4.5	7.7	0.7153	2.8	0
483	1993	315	2160	4.7	7.6	0.7934	5.5	2.3
483	1993	316	5011.2	3.6	8.4	0.7665	3.4	1.6
483	1993	317	5097.6	0.7	7	0.6678	3.2	0
483	1993	318	1814.4	0.3	5.1	0.6008	6	6
483	1993	319	1468.8	-0.1	7.2	0.7326	5.5	8.9
483	1993	320	1468.8	-0.4	0.5	0.5519	2.7	0.1
483	1993	321	1468.8	-1.6	0.5	0.5166	3.7	0.2
483	1993	322	5616	-5.2	-0.6	0.3702	3.5	0
483	1993	323	3542.4	-8.8	-1.7	0.3392	1.5	2.5
483	1993	324	5529.6	-8	-1.1	0.3446	4.2	0.8
483	1993	325	1641.6	-8.6	-3.8	0.3155	4	0.2
483	1993	326	1296	-4.3	-2.6	0.4264	3	7.4
483	1993	327	3628.8	-6.1	-1.2	0.3641	4.7	0
483	1993	328	1987.2	-6.5	-1	0.3845	4.5	0
483	1993	329	5356.8	-4.6	1.6	0.449	2.5	0
483	1993	330	4924.8	-3.2	0.8	0.431	4	0
483	1993	331	3628.8	-9.2	-3.2	0.3309	3.7	0
483	1993	332	1209.6	-7.3	-4	0.3651	2	2.4
483	1993	333	1209.6	-9.6	-5.8	0.2982	5.2	0
483	1993	334	4924.8	-13.2	-1.1	0.2897	3	0
483	1993	335	1728	-6.5	1.4	0.3851	5.2	0
483	1993	336	1555.2	-1.9	4.5	0.5437	2.7	1.4
483	1993	337	1296	4	8.4	0.7582	5.2	0
483	1993	338	3888	4.5	10.8	0.7433	4.2	0
483	1993	339	3888	2.4	10.1	0.7513	14.7	0
483	1993	340	1209.6	3.7	6.5	0.6762	3.7	0
483	1993	341	3628.8	0	4.9	0.583	3.5	1
483	1993	342	3110.4	1.2	4.3	0.5881	6.2	4.7
483	1993	343	1468.8	3.2	10.8	0.6909	7	0.8
483	1993	344	2073.6	4	7.9	0.68	14.2	15.7
483	1993	345	3542.4	1.9	7.3	0.6191	6.2	0.8
483	1993	346	2073.6	0.2	4.5	0.5861	3.7	2
483	1993	347	1555.2	0.6	8.3	0.7385	3.6	11.1
483	1993	348	1209.6	0.4	7.3	0.6839	6.2	1.9
483	1993	349	1900.8	0.4	5.5	0.5814	3.5	0.6
483	1993	350	2764.8	3.6	6.5	0.5951	15	0.2
483	1993	351	2592	2.5	5.5	0.5773	5.7	0
483	1993	352	1209.6	2.3	8.6	0.7289	4	0.1
483	1993	353	1209.6	7.1	13	0.911	6	2.7
483	1993	354	1209.6	0.5	13.6	0.8541	16	9.5
483	1993	355	1209.6	0.4	5.4	0.7148	2	15.7
483	1993	356	2851.2	-0.8	4	0.5623	5.7	0.3
483	1993	357	2592	1.9	5.4	0.5792	11	1.6
483	1993	358	1987.2	1.9	5.8	0.6115	13.7	0
483	1993	359	1209.6	-0.1	3.3	0.5898	4.5	0.4
483	1993	360	1209.6	-1.1	1.7	0.4871	4.5	0
483	1993	361	1209.6	-0.7	1.7	0.5195	7.7	0
483	1993	362	4492.8	-2.1	3.1	0.4815	2.2	0
483	1993	363	4147.2	-4.2	3.1	0.452	11.5	4.3
483	1993	364	2851.2	-0.6	8.4	0.6137	7.5	0
483	1993	365	3283.2	6.9	11.7	0.8429	5.3	6.3
