*---------------------------------------------------------------------------*
* Station name: WURZBURG                                
* Year: 1981
* Author: Pedro Alencar                                   -999.000: NIL VALUE
* Source: ECAD 
* Comments: 
* Longitude: 49.7714, latitude: 49.7714, altitude: 268 m.
*
* Column  Daily value
* 1       station number
* 2       year
* 3       day
* 4       irradiation                   (kJ m-2 d-1)
* 5       minimum temperature           (degrees Celsius)
* 6       maximum temperature           (degrees Celsius)
* 7       early morning vapour pressure (kPa)
* 8       mean wind speed (height: 2 m) (m s-1)
* 9       precipitation                 (mm d-1)
*
** WCCDESCRIPTION=GERMANY, WURZBURG                                
** WCCFORMAT=2
** WCCYEARNR=1981
*---------------------------------------------------------------------------*
   49.7714  9.9589    268.  -0.18 -0.55
489	1981	1	2764.8	-0.5	4.2	0.6214	6.7	3.1
489	1981	2	1209.6	0.4	3.4	0.6516	5.5	10
489	1981	3	950.4	2	8.3	0.7579	8.2	8.6
489	1981	4	2332.8	-1.5	5.5	0.5575	5.8	1.6
489	1981	5	4924.8	-1.2	1.9	0.4575	6.1	0.7
489	1981	6	1900.8	-2.6	-0.4	0.4818	2.8	2.1
489	1981	7	2678.4	-7.7	-1.8	0.3609	2.3	0.7
489	1981	8	5097.6	-13.4	-6.2	0.2559	1.7	0
489	1981	9	2160	-8	-2.1	0.3612	2.5	5.7
489	1981	10	1382.4	-2.9	-0.4	0.5144	1.5	2.8
489	1981	11	1814.4	-2.2	0.7	0.4917	2.5	0
489	1981	12	1382.4	-4	-0.8	0.4662	2.6	2.8
489	1981	13	3024	-3.4	0.6	0.4964	2.6	0.2
489	1981	14	3283.2	-8.6	0.1	0.3926	5.9	14.5
489	1981	15	2592	-1.6	1.6	0.5377	5.6	4.8
489	1981	16	3456	-2.4	-0.2	0.4779	4.1	2.7
489	1981	17	1728	-2	3.9	0.6087	4.8	11.1
489	1981	18	1468.8	-0.3	1.8	0.5677	2.4	1.3
489	1981	19	2073.6	-1.2	3.8	0.6041	4	6.6
489	1981	20	2764.8	-1.5	1.6	0.5212	4.3	0.3
489	1981	21	4924.8	-4.6	0.7	0.4343	2.3	0
489	1981	22	5443.2	-10.3	-2.2	0.3603	0.5	0
489	1981	23	2332.8	-12.2	-7	0.2836	0.6	0.1
489	1981	24	3283.2	-12.2	-8.4	0.2655	0.6	0.2
489	1981	25	1296	-10.6	1.9	0.4162	1.3	0.3
489	1981	26	6912	-1.4	3.7	0.498	2.6	0
489	1981	27	2592	-7.8	-1.1	0.4263	0.5	0
489	1981	28	2505.6	-7.6	-3.4	0.3856	0.4	0
489	1981	29	4320	-7.3	-3.3	0.3915	1.4	0
489	1981	30	6393.6	-11.3	-2.6	0.3015	0.4	0
489	1981	31	5961.6	-10.8	-0.5	0.325	0.3	0
489	1981	32	6480	-10.5	0.4	0.336	0.4	0
489	1981	33	6825.6	-8.9	4.4	0.4093	0.8	0
489	1981	34	1641.6	-0.9	5.5	0.5768	5.8	15.4
489	1981	35	3542.4	0.8	3.4	0.6397	3.9	2.9
489	1981	36	5616	-0.6	2.1	0.529	3.8	0.1
489	1981	37	1382.4	-0.1	4.4	0.6562	3.2	1.2
489	1981	38	1555.2	4.3	7.5	0.8633	4.1	0
489	1981	39	4060.8	6.1	8.8	0.8468	3.5	0
489	1981	40	7430.4	3.5	9.7	0.7307	2.5	0
489	1981	41	3369.6	0.5	5.7	0.5418	5.7	0.3
489	1981	42	7516.8	-2.5	3.1	0.4933	3.1	1
489	1981	43	9590.4	-5.7	2.1	0.4338	1.1	0
489	1981	44	8726.4	-7.1	1	0.3905	1.5	0
489	1981	45	8812.8	-6.9	1.9	0.3865	1	0
489	1981	46	8985.6	-6.6	2.7	0.4131	0.9	0
489	1981	47	6134.4	-7.2	3	0.4138	1.6	0
489	1981	48	6220.8	-0.8	4.3	0.506	2.7	0
489	1981	49	4233.6	-3.4	1	0.4646	2.8	1.2
489	1981	50	5270.4	-4.3	-0.7	0.4119	2	0.1
489	1981	51	4233.6	-5.1	-2	0.4232	0.6	0.3
489	1981	52	3369.6	-4.7	-0.7	0.4359	1.1	0
489	1981	53	3974.4	-8.1	-0.4	0.3926	0.8	0
489	1981	54	6307.2	-8.6	-0.2	0.3573	1.1	0
489	1981	55	7084.8	-6.8	2.7	0.4469	1.1	0
489	1981	56	2332.8	-4.2	2.1	0.5093	1.4	0
489	1981	57	11404.8	-3.6	7.7	0.4249	2.3	0
489	1981	58	12009.6	-4.3	7.3	0.3336	4.6	0
489	1981	59	10800	-4.7	5.8	0.3688	5.5	2.9
489	1981	60	4752	-0.6	4.8	0.6681	1.8	1
489	1981	61	5616	-0.8	8.4	0.7056	2.2	1.6
489	1981	62	3283.2	1.5	7.3	0.7443	1.5	0.3
489	1981	63	1900.8	0.6	4	0.5912	2.5	0
489	1981	64	3456	-0.1	3.6	0.5615	1.9	0.1
489	1981	65	5875.2	-1.2	6.7	0.6328	2.8	2
489	1981	66	7603.2	6	13.6	0.9443	5.3	0.5
489	1981	67	2678.4	7.5	12.7	1.0252	4.3	3
489	1981	68	6048	10.7	14.5	1.2389	7.1	9.8
489	1981	69	3283.2	11	14.4	1.335	4.1	2.5
489	1981	70	3974.4	12.2	16.7	1.2164	7.5	4.7
489	1981	71	11577.6	8.1	15.6	0.985	4.5	11.4
489	1981	72	10368	7.4	13.5	0.9104	4.1	0.8
489	1981	73	10281.6	6.2	10.8	0.7764	5.5	0
489	1981	74	12009.6	3.5	12.2	0.7853	1.5	0.7
489	1981	75	7171.2	-0.9	7.8	0.704	0.9	6.5
489	1981	76	7344	1.1	7	0.6936	3.2	0
489	1981	77	6307.2	-0.6	4.8	0.5117	2.8	0
489	1981	78	5702.4	-0.2	7.6	0.5334	4.2	0
489	1981	79	13824	2	14.5	0.6543	2.3	0
489	1981	80	15552	2.3	17.7	0.7239	3.9	0
489	1981	81	13910.4	4.7	19.2	0.8659	6.2	1.4
489	1981	82	6393.6	4.2	13.6	0.9344	3.7	6.9
489	1981	83	5443.2	9.6	13.9	0.951	5.2	3.2
489	1981	84	11145.6	9.7	19.5	1.2449	2.4	1.2
489	1981	85	6134.4	9.5	15.1	1.129	4.5	8.9
489	1981	86	16329.6	4.9	14.3	0.7526	2.7	0
489	1981	87	17193.6	2.8	17.5	0.6816	4	0
489	1981	88	10972.8	5.7	16.7	0.917	4	0
489	1981	89	11145.6	6.4	17.4	1.0857	1.7	0
489	1981	90	4665.6	6.7	16.2	1.0945	2.5	0
489	1981	91	13478.4	8.8	20.2	1.2534	1.1	0
489	1981	92	13046.4	8.1	20.9	1.2204	1	0
489	1981	93	16243.2	8.6	20.5	0.9761	1.1	0
489	1981	94	5097.6	7.2	14.8	1.0361	2.3	0
489	1981	95	4060.8	5	8.4	0.775	1.6	0
489	1981	96	14428.8	3.1	14.3	0.7532	3.7	0
489	1981	97	18144	4.4	20.4	0.8775	1.1	1.3
489	1981	98	14342.4	9.5	20	1.1732	2	0
489	1981	99	16848	9.1	18.4	0.8955	2.4	0
489	1981	100	19267.2	5.8	20.4	0.7981	2.6	0
489	1981	101	21254.4	6.7	22.4	0.7445	3.6	0
489	1981	102	14515.2	8.3	21.6	0.7809	1.3	0
489	1981	103	13824	11.3	22.4	1.4183	2.7	0
489	1981	104	20736	9.7	20.9	0.7987	4.4	0
489	1981	105	22636.8	4.6	20.3	0.5917	2.2	0
489	1981	106	23068.8	4.7	14.5	0.6212	4.7	0
489	1981	107	21427.2	-0.2	8.7	0.5048	6.4	0
489	1981	108	16934.4	-2.6	7.3	0.4341	3.9	0
489	1981	109	7948.8	-1	6.9	0.6267	3.1	0
489	1981	110	16070.4	1.9	11.1	0.5612	3.7	0
489	1981	111	22723.2	-0.6	13.3	0.5554	3.1	0
489	1981	112	12096	3.6	9.3	0.5303	3.1	0
489	1981	113	10886.4	-0.4	6.7	0.5897	1.7	0.2
489	1981	114	24624	-2.2	11	0.4014	4.7	0
489	1981	115	20995.2	0.4	16.9	0.5378	2	0
489	1981	116	19094.4	7	20.6	0.7723	5.5	3.5
489	1981	117	1987.2	1.1	9.7	0.825	3.7	15.5
489	1981	118	16934.4	0.4	8.7	0.6423	4.4	1.1
489	1981	119	4060.8	3.7	6.6	0.7491	5	0.5
489	1981	120	3110.4	6.1	10.5	0.952	6.7	6.7
489	1981	121	6739.2	5.1	10.1	0.8555	4.2	5
489	1981	122	18662.4	0.9	9.9	0.5291	2.2	0
489	1981	123	16675.2	1.4	10.6	0.5702	1.8	0
489	1981	124	9590.4	4	8.9	0.7039	3.8	0
489	1981	125	12268.8	3.6	10	0.8001	3.7	1.4
489	1981	126	5270.4	1.5	10.5	0.8039	2.3	2.3
489	1981	127	16848	7.6	19.6	0.9801	3.6	0
489	1981	128	13305.6	8.7	18.1	0.9982	1.8	0
489	1981	129	24364.8	7	24.1	1.0056	2.1	0
489	1981	130	26092.8	11.6	26.5	1.0563	5	0
489	1981	131	18662.4	10.8	24.9	1.2657	4.4	2.2
489	1981	132	15724.8	7.4	20.6	1.0857	1.4	1.6
489	1981	133	20649.6	11	21.4	1.2138	2.2	16.3
489	1981	134	7862.4	12.1	17.6	1.4338	2.2	0
489	1981	135	17625.6	11	18.8	1.2522	1.3	0
489	1981	136	19094.4	8.6	22.8	1.2469	1.7	2.3
489	1981	137	13996.8	8.6	16.4	1.1439	2.8	1.6
489	1981	138	25747.2	6	20.4	0.8488	1.3	0
489	1981	139	23932.8	8.6	25.7	1.1524	1.2	0
489	1981	140	23932.8	10.9	27.4	1.2179	2.2	0
489	1981	141	24624	14.6	28.1	1.2427	3.2	0
489	1981	142	10972.8	14.1	22	1.5297	3.3	0
489	1981	143	22550.4	9.3	20.7	0.9878	1.6	1.5
489	1981	144	13392	11.6	18.2	1.2015	4	0.2
489	1981	145	9331.2	8.2	14.4	1.1372	2.7	5.6
489	1981	146	7603.2	10.2	13.9	1.1387	0.7	16.6
489	1981	147	6825.6	9.8	13.1	1.2296	4.1	8.6
489	1981	148	20217.6	8.1	17.3	1.0416	3.1	0.5
489	1981	149	15033.6	11	19.8	1.3805	3.8	0.2
489	1981	150	24278.4	10.4	23.3	1.2649	1.2	0
489	1981	151	25833.6	12.1	27.2	1.3933	1.1	0
489	1981	152	25574.4	16.5	27.9	1.7095	1.5	0
489	1981	153	25142.4	15.5	30.3	1.7279	1.3	0
489	1981	154	21168	17.8	25.8	1.7466	2.9	21.5
489	1981	155	7948.8	11	17.9	1.3644	5.3	0.1
489	1981	156	23846.4	11	20.3	1.1364	2.7	0
489	1981	157	16156.8	10.8	22	1.3597	2.1	0
489	1981	158	22464	14.3	24.6	1.4438	1.4	0.4
489	1981	159	14774.4	15.7	23.7	1.8559	3.8	0.3
489	1981	160	9504	16.8	21.1	1.7714	3.5	2.4
489	1981	161	17798.4	12.4	20.6	1.2372	4.1	0
489	1981	162	28684.8	10.1	24.5	1.2423	1.8	0
489	1981	163	10713.6	15.3	21.8	1.6851	3.3	0.8
489	1981	164	29721.6	8.4	21.1	0.8212	1.6	0
489	1981	165	26956.8	8.3	26.6	1.0949	2.7	0
489	1981	166	25488	18.3	28.6	1.5845	4	2.4
489	1981	167	19267.2	13.8	23.6	1.2488	4.3	0
489	1981	168	16070.4	8.9	14.5	1.0028	3.8	3.4
489	1981	169	5356.8	8.4	11	1.0462	3	2.4
489	1981	170	10281.6	7.8	12.3	0.7879	2.3	0
489	1981	171	9504	7.5	14.6	1.0132	2.6	5.7
489	1981	172	10972.8	9.1	13.8	1.081	1.2	6.2
489	1981	173	13478.4	8.8	17.4	1.1445	2.5	3.1
489	1981	174	22982.4	10.3	20.8	1.1644	3.7	0
489	1981	175	18662.4	10.6	20.9	1.1794	1.9	0
489	1981	176	25142.4	8.3	22.7	1.0904	1.2	0
489	1981	177	14774.4	10.6	21.8	1.4161	0.9	0.8
489	1981	178	22291.2	11.4	24.7	1.3437	1.6	0
489	1981	179	14342.4	14.5	26.4	1.5839	2.3	2.1
489	1981	180	9158.4	10.4	22.6	1.3871	9.5	0
489	1981	181	14256	9.1	17.2	0.9367	6.2	0
489	1981	182	18230.4	12.6	21.3	1.2537	4.5	0
489	1981	183	24105.6	10.5	24.9	1.2942	1.8	3.4
489	1981	184	5529.6	13.2	20.2	1.6896	4.2	3.8
489	1981	185	15552	10.9	19.8	1.3238	3.7	0.1
489	1981	186	16329.6	12.9	22.1	1.4178	0.7	0
489	1981	187	20736	13.4	25.7	1.4301	2	0
489	1981	188	25056	13.6	26.2	1.3687	1.1	0
489	1981	189	23414.4	14.1	28.2	1.4531	1.6	0
489	1981	190	24192	15.9	29.3	1.5052	1.5	0
489	1981	191	23068.8	15.8	29.2	1.6049	0.8	0
489	1981	192	20822.4	16.2	26.6	1.8826	2.1	0
489	1981	193	17971.2	16.4	23.9	1.7434	3.4	0.3
489	1981	194	9504	15.7	20.8	1.8421	1.7	6
489	1981	195	12441.6	14.6	21.4	1.6692	2.7	0.4
489	1981	196	16675.2	13.3	19.8	1.2035	2.5	0
489	1981	197	15379.2	14.2	22.9	1.3651	3.4	1.9
489	1981	198	5788.8	13.1	19.6	1.6339	2.3	9.1
489	1981	199	5529.6	12.2	14.9	1.3181	1.9	0
489	1981	200	10627.2	10.9	16	1.1709	3.5	0.6
489	1981	201	9504	9.5	17	1.2318	3.2	0
489	1981	202	6134.4	13.3	18.3	1.4163	4.1	5
489	1981	203	16156.8	14	22.5	1.6956	3.4	7.3
489	1981	204	7430.4	12.6	20.4	1.6308	3.1	0
489	1981	205	16588.8	10.6	19.8	1.1904	3.7	2.9
489	1981	206	12268.8	11.2	16.7	1.3846	4.6	1.7
489	1981	207	12700.8	11.2	17.3	1.1684	4.9	2.8
489	1981	208	13305.6	11.9	19.5	1.2469	4.8	0.1
489	1981	209	15897.6	11.3	19.6	1.2271	2.5	0
489	1981	210	15984	15.2	24.3	1.6318	1.6	0
489	1981	211	20649.6	13.6	24.5	1.4744	2.1	0
489	1981	212	17193.6	10.4	24.5	1.3337	2.2	0
489	1981	213	19612.8	15.3	27	1.7537	3.2	0
489	1981	214	14169.6	15.8	28.4	1.7788	1.3	1
489	1981	215	19526.4	16.4	27.5	2.052	1.2	0.6
489	1981	216	22896	15.1	29.7	1.9467	1.2	0
489	1981	217	22032	17.4	30	1.7547	2.1	0
489	1981	218	22032	15.6	30.2	1.7279	1.7	5.6
489	1981	219	15033.6	16.3	28.4	2.1295	1.7	29.1
489	1981	220	16588.8	16.1	26.3	1.9099	0.8	0.9
489	1981	221	12528	17.4	23.9	2.0895	1.6	29.4
489	1981	222	2851.2	14.5	18.1	1.7583	4	20.8
489	1981	223	10195.2	14.3	20.8	1.6827	2.3	0.2
489	1981	224	11491.2	15.2	22.7	1.7277	2.5	0
489	1981	225	20304	12.4	25.3	1.4561	1.3	0
489	1981	226	20995.2	13.8	27.2	1.5888	0.9	0
489	1981	227	20995.2	14.2	28.5	1.7754	0.5	0
489	1981	228	15638.4	15	26	1.637	2	0
489	1981	229	17884.8	10.6	18	1.0908	2.2	0
489	1981	230	19612.8	6.4	21.2	1.056	0.6	0
489	1981	231	14947.2	8.2	20.8	1.0884	2	0.9
489	1981	232	4233.6	12.7	16.5	1.4607	5.5	6.2
489	1981	233	13478.4	10.4	17.5	1.2414	3.6	0.2
489	1981	234	8812.8	8.8	17.6	1.2733	4.7	0.6
489	1981	235	13132.8	9.6	17	1.0832	3.6	0
489	1981	236	15984	11.4	20	1.2291	2.4	0
489	1981	237	18748.8	8	21.1	1.1581	1.5	0
489	1981	238	4579.2	9.4	17.8	1.4157	1.1	4.6
489	1981	239	12009.6	12.2	17.8	1.2944	3.7	0
489	1981	240	7776	13	17.8	1.4504	2	0
489	1981	241	13305.6	12.4	21	1.3669	1.2	0
489	1981	242	19267.2	10.9	20.2	1.1291	1.7	0
489	1981	243	15811.2	8.2	20.8	1.0884	1.7	0
489	1981	244	16675.2	10.6	21.7	1.2282	1.9	0
489	1981	245	16848	9.7	21.4	1.1644	2.5	0
489	1981	246	17712	9.5	20.7	1.097	3.8	0
489	1981	247	19180.8	8.4	21.6	1.107	4.7	0
489	1981	248	19872	9	22.2	1.0443	2.9	0
489	1981	249	19699.2	7.4	23.5	1.0869	0.9	0
489	1981	250	17452.8	7.7	25.2	1.1772	1.7	0
489	1981	251	10022.4	11.8	25.5	1.6312	1.4	0.7
489	1981	252	8899.2	15.1	22.3	1.9808	0.7	6.6
489	1981	253	12700.8	12	21.7	1.6482	0.9	0
489	1981	254	13996.8	10.6	23.7	1.5626	0.8	0
489	1981	255	11059.2	12.2	23.5	1.674	1.3	0.3
489	1981	256	16070.4	12.6	20.4	1.2184	3.6	0.2
489	1981	257	10627.2	8.9	17.1	1.1819	2.2	3.9
489	1981	258	14169.6	6.8	18.8	1.1813	2.1	5.6
489	1981	259	6220.8	12.8	18.7	1.519	2	0.7
489	1981	260	7344	13.4	18.4	1.6057	0.5	0
489	1981	261	13737.6	9.3	22.6	1.3394	2.3	1
489	1981	262	12182.4	12.5	19.9	1.5448	3.5	0.6
489	1981	263	6566.4	11.3	22.3	1.5284	4.4	0.3
489	1981	264	6393.6	15.1	24.6	1.9657	3.6	2.2
489	1981	265	11404.8	13.4	26.5	1.7918	1.9	2.6
489	1981	266	8985.6	10.6	18.8	1.3365	2.9	0.6
489	1981	267	12355.2	6.1	18.6	1.1757	1.3	0
489	1981	268	11836.8	7.1	20	1.2251	1.9	0.3
489	1981	269	7689.6	8.4	20.7	1.3236	1.9	0
489	1981	270	3456	9.6	17.5	1.4112	1.8	0.8
489	1981	271	1382.4	7.3	11.1	1.1163	2.3	21.2
489	1981	272	1900.8	10.1	11.8	1.1634	2	5.5
489	1981	273	13651.2	8.7	18	1.2398	0.9	0
489	1981	274	8467.2	7.7	17.5	1.2389	1.8	0
489	1981	275	4060.8	6.9	13.9	1.1846	0.7	1.5
489	1981	276	3888	9.5	12.3	1.1595	4.8	5.4
489	1981	277	10540.8	6.2	14.2	0.9699	6.8	4.8
489	1981	278	3542.4	8.1	14.3	1.236	2.7	4.5
489	1981	279	10972.8	10.8	23.6	1.5284	2.9	0
489	1981	280	11750.4	10.3	17.4	1.012	6.8	0.1
489	1981	281	11404.8	8.3	17.6	1.1333	3.9	0
489	1981	282	9331.2	5.2	21.4	1.1595	3.1	4.7
489	1981	283	8467.2	8.1	14.8	1.0134	7	13.8
489	1981	284	6652.8	7.1	13.4	1.0106	8.5	0.9
489	1981	285	2419.2	3.4	7.1	0.8164	2.8	3.8
489	1981	286	7516.8	4.4	9.6	0.731	6.6	0
489	1981	287	8467.2	1.7	10.4	0.7785	3	6.5
489	1981	288	1296	5.5	8.3	0.9349	3.5	25.1
489	1981	289	3110.4	5.1	8.3	0.8338	1.2	0
489	1981	290	4147.2	3.8	10.6	0.9441	1.2	1.2
489	1981	291	3283.2	6.2	17.4	1.286	2.7	13.9
489	1981	292	3888	9.2	11.9	1.0438	3.6	0
489	1981	293	2851.2	9.2	12.1	1.0635	6.7	4.7
489	1981	294	1900.8	5.5	10.1	0.9625	1.2	4.4
489	1981	295	4492.8	3	7.6	0.7747	1.1	0
489	1981	296	6998.4	2	9.3	0.7847	1.5	0.4
489	1981	297	5097.6	2.3	8	0.7579	1.4	0
489	1981	298	3974.4	1.4	7.4	0.7276	2.7	1.5
489	1981	299	4492.8	2.7	6.7	0.7088	2	0
489	1981	300	2851.2	4.3	7.4	0.8048	2.5	0.1
489	1981	301	4752	2.7	9.2	0.7825	5	0.7
489	1981	302	3801.6	5	12	0.8429	6.4	5.8
489	1981	303	2160	7	10.1	1.0461	3.7	2.7
489	1981	304	2505.6	7.9	14.9	1.1717	7.7	0.3
489	1981	305	1382.4	7.2	13.9	1.171	3.2	1.9
489	1981	306	1036.8	11.1	13.4	1.168	5.7	0
489	1981	307	4579.2	8.3	14.3	1.1372	1.3	0
489	1981	308	4147.2	6.4	13.9	1.0534	2	0.6
489	1981	309	6048	5.3	10.4	0.7535	3.2	0
489	1981	310	6048	3	9.4	0.6445	3.6	0.1
489	1981	311	6998.4	-0.4	5.6	0.5229	2.4	0
489	1981	312	4665.6	-2.4	2.8	0.5269	1.5	0
489	1981	313	4924.8	-0.8	3.3	0.5283	2.2	0
489	1981	314	5702.4	-1.9	4	0.5537	1.8	0
489	1981	315	1641.6	-3.4	0.4	0.5147	2.5	1.8
489	1981	316	864	-0.6	4.6	0.6634	1.3	3.2
489	1981	317	2246.4	3.6	7.9	0.8085	4.1	4.9
489	1981	318	2937.6	1.7	6.1	0.6863	4.6	1.1
489	1981	319	4233.6	-0.8	3.4	0.5101	1.9	0
489	1981	320	6220.8	-3.7	2.8	0.5144	1.5	0
489	1981	321	5961.6	-3.8	4.3	0.504	1.9	1.5
489	1981	322	2592	0.9	10.3	0.7728	3	1.2
489	1981	323	1900.8	8.3	12.3	1.1266	6.5	0.7
489	1981	324	4320	8.5	14.8	1.0543	5.7	0.2
489	1981	325	1641.6	11.1	13.3	1.1074	7.1	0
489	1981	326	1209.6	11	12.6	1.1754	4.7	0
489	1981	327	4665.6	7.3	13	1.0039	4.1	2.9
489	1981	328	5875.2	2.1	11.7	0.6962	6.4	0.5
489	1981	329	4492.8	0.9	3.6	0.5532	7.9	0.9
489	1981	330	1296	0.4	3.8	0.661	6.2	1.1
489	1981	331	1468.8	2.6	5.7	0.6985	6.9	8.3
489	1981	332	2419.2	-0.3	6	0.6598	3.9	0.9
489	1981	333	1555.2	-1.1	3.6	0.6153	3.3	2
489	1981	334	864	-0.1	3.9	0.6376	5.5	13.7
489	1981	335	2851.2	0.4	5.3	0.5998	4.9	1.1
489	1981	336	2246.4	-0.8	3.2	0.5398	2.5	0
489	1981	337	4665.6	-3.2	2.2	0.5067	1.4	6.5
489	1981	338	604.8	-1.3	3.1	0.6065	6.3	7.7
489	1981	339	2851.2	0	3.1	0.615	5.6	0.3
489	1981	340	1641.6	-0.9	1.6	0.5766	4.9	2.4
489	1981	341	2419.2	0.8	3	0.6376	5.9	5.8
489	1981	342	864	1.2	6.3	0.7031	8.5	12.2
489	1981	343	2851.2	-0.3	6.7	0.4919	6.2	2.9
489	1981	344	2851.2	-2.1	1.8	0.5016	3	3.1
489	1981	345	864	-2.2	1.6	0.5679	2.3	8.7
489	1981	346	3024	-3.4	1.6	0.4864	2.7	0
489	1981	347	4838.4	-9.2	-3	0.3179	2.5	4.7
489	1981	348	1728	-5.9	5.2	0.4765	6.7	6.2
489	1981	349	1296	-0.8	3.7	0.5902	5.7	3
489	1981	350	3801.6	-8.2	-0.6	0.3353	3.7	0
489	1981	351	2332.8	-11.9	-6	0.2767	2.8	2.5
489	1981	352	1296	-6.7	-2.3	0.3984	3.7	13.5
489	1981	353	3715.2	-10.1	-5	0.2843	2.7	0.3
489	1981	354	3801.6	-10.1	-3.9	0.3039	1	0
489	1981	355	2073.6	-10.3	-4.6	0.3005	4.4	1.4
489	1981	356	2937.6	-6.1	-3.8	0.3343	2.1	1.5
489	1981	357	1382.4	-5.4	-1.9	0.4247	0.9	0.5
489	1981	358	1641.6	-2.9	-0.2	0.5128	3	10.1
489	1981	359	2851.2	-1	1	0.5438	3.5	0.1
489	1981	360	2073.6	-3.6	0.4	0.4783	1.2	0
489	1981	361	2246.4	-5.9	-2.7	0.4089	3	0.5
489	1981	362	2332.8	-6.3	-1.7	0.4046	2	0
489	1981	363	2937.6	-6.3	1.4	0.4083	3.4	0
489	1981	364	3628.8	-2.3	3.6	0.5572	2	8.8
489	1981	365	4492.8	1.9	9.6	0.7074	5	0
