*---------------------------------------------------------------------------*
* Station name: WURZBURG                                
* Year: 1999
* Author: Pedro Alencar                                   -999.000: NIL VALUE
* Source: ECAD 
* Comments: 
* Longitude: 49.7714, latitude: 49.7714, altitude: 268 m.
*
* Column  Daily value
* 1       station number
* 2       year
* 3       day
* 4       irradiation                   (kJ m-2 d-1)
* 5       minimum temperature           (degrees Celsius)
* 6       maximum temperature           (degrees Celsius)
* 7       early morning vapour pressure (kPa)
* 8       mean wind speed (height: 2 m) (m s-1)
* 9       precipitation                 (mm d-1)
*
** WCCDESCRIPTION=GERMANY, WURZBURG                                
** WCCFORMAT=2
** WCCYEARNR=1999
*---------------------------------------------------------------------------*
   49.7714  9.9589    268.  -0.18 -0.55
489	1999	1	2160	-2.5	1.2	0.5303	1.9	0
489	1999	2	3542.4	-3.4	3.2	0.558	1.4	0
489	1999	3	3801.6	0.5	7.7	0.6797	6.1	2.2
489	1999	4	1296	5	11.3	0.964	6.2	1
489	1999	5	3628.8	8.5	15	1.144	3.8	0
489	1999	6	5443.2	4.3	14.1	0.9651	2.7	0
489	1999	7	2073.6	4.3	11.1	0.7878	6.3	12.6
489	1999	8	2332.8	3.8	7.2	0.7494	5.2	1.2
489	1999	9	2419.2	0.4	5.6	0.6971	3.9	2.7
489	1999	10	1296	0.1	2.7	0.6084	4.4	0.1
489	1999	11	3196.8	-1.2	2.5	0.5636	3.7	4.4
489	1999	12	5097.6	-3.5	-1	0.4248	5.8	1.2
489	1999	13	3196.8	-4.1	1.9	0.5075	5.7	1.3
489	1999	14	1641.6	0.6	3.9	0.6681	6.4	1.8
489	1999	15	2505.6	1.5	7.2	0.6834	7.8	0.1
489	1999	16	3801.6	2.8	12.7	0.6008	4.8	0
489	1999	17	5097.6	4.8	14.1	0.745	3.2	0
489	1999	18	5616	-0.1	8	0.6725	1.4	0
489	1999	19	4492.8	0.9	8.4	0.7489	2.4	0
489	1999	20	5529.6	-2	4.8	0.6017	1.4	0
489	1999	21	6134.4	-3.9	5	0.5659	1.2	0
489	1999	22	5184	-2.8	3	0.5539	1.3	0
489	1999	23	3628.8	-4.3	0.6	0.5229	1.1	0
489	1999	24	3628.8	-5.8	5.4	0.56	1.4	0
489	1999	25	1728	4.6	10	0.8382	8.2	5.4
489	1999	26	1468.8	2.4	10.6	0.9095	4.3	2.6
489	1999	27	1555.2	1.4	3.4	0.6608	5.1	1.9
489	1999	28	1123.2	0.4	3	0.6631	3.8	4.9
489	1999	29	5011.2	-3.6	2	0.415	3.3	0
489	1999	30	6652.8	-7.5	-0.4	0.3468	2.1	0
489	1999	31	7171.2	-6.1	-1.7	0.3115	2.6	0
489	1999	32	1468.8	-6.1	-2.6	0.4207	1.9	0.5
489	1999	33	1900.8	-2.7	2.6	0.5844	1.4	0
489	1999	34	1209.6	1.3	3.3	0.6993	2.9	1.8
489	1999	35	1036.8	2.6	7	0.817	6.7	5.4
489	1999	36	2851.2	1.2	7.8	0.699	9	3.2
489	1999	37	4060.8	0.2	3.3	0.5892	6.3	4.4
489	1999	38	5270.4	-1.2	2.4	0.6062	6.2	1.2
489	1999	39	4752	-3.5	1.2	0.4831	5.8	0
489	1999	40	6998.4	-4.7	-0.1	0.4201	1.9	0
489	1999	41	6048	-6.6	-0.6	0.4123	1.9	0
489	1999	42	6048	-5.2	0.4	0.4099	1.9	0.2
489	1999	43	8812.8	-10.3	-1.9	0.2947	2.3	0
489	1999	44	3110.4	-7.9	-1.9	0.3526	2.5	0.1
489	1999	45	7516.8	-4.4	1	0.4262	1.9	0
489	1999	46	9849.6	-8.2	2.9	0.4224	2.4	0
489	1999	47	1814.4	-3.3	3.1	0.5338	6.8	2.8
489	1999	48	7948.8	-1	2.6	0.4791	8.4	0.7
489	1999	49	7257.6	-2.7	2.8	0.4967	3.1	0.3
489	1999	50	2678.4	0.1	6.4	0.7481	4.7	3.5
489	1999	51	2505.6	3.3	8.5	0.8726	3.3	6.5
489	1999	52	3369.6	1.9	6.4	0.7231	6.5	7.2
489	1999	53	8294.4	-0.1	6.4	0.6433	7.2	2
489	1999	54	4060.8	-0.2	2	0.6195	7.2	2.5
489	1999	55	8035.2	-1.1	4.4	0.5988	3.9	0.1
489	1999	56	12182.4	-5.7	2.1	0.482	2.3	0
489	1999	57	8380.8	-0.3	8.9	0.5979	3.5	0
489	1999	58	11577.6	-1.4	12.7	0.6569	2.9	0.8
489	1999	59	7603.2	3.6	9.4	0.7837	3.9	0
489	1999	60	6480	2.5	10	0.7608	9.7	1.3
489	1999	61	3196.8	7.8	10.3	1.0475	8.5	0.6
489	1999	62	3110.4	7.4	11.4	1.0136	6.5	5.8
489	1999	63	4147.2	4.5	7.9	0.8435	2.2	0.4
489	1999	64	6134.4	2.4	8.3	0.7417	4	0
489	1999	65	7603.2	1.9	7.7	0.6708	4.4	0
489	1999	66	10886.4	-1.2	6.5	0.5987	3.3	0
489	1999	67	11059.2	-0.1	8.3	0.6551	4.3	5.2
489	1999	68	2851.2	2.3	5.4	0.7805	4.6	6.4
489	1999	69	1900.8	3.8	7.5	0.8941	1.5	4.8
489	1999	70	10800	-0.7	8.2	0.6711	2.6	0
489	1999	71	13651.2	-0.8	12.3	0.7074	3.5	0
489	1999	72	14428.8	1.3	17.6	0.9106	1.3	0
489	1999	73	10454.4	4.3	15.5	1.036	1.5	0
489	1999	74	12182.4	6.9	12.9	0.8044	2.6	0
489	1999	75	13305.6	0.7	7.7	0.635	3.7	0
489	1999	76	15638.4	-1.8	8	0.5037	3.3	0
489	1999	77	15984	-2.5	9.1	0.5495	1.7	0
489	1999	78	4147.2	-0.2	7.5	0.6506	1.8	1.5
489	1999	79	8726.4	2.9	7.7	0.6055	3.3	0
489	1999	80	5788.8	3.1	7.5	0.6946	4.8	1.5
489	1999	81	6652.8	3.8	8.2	0.7945	4.8	2.4
489	1999	82	3888	1.2	5.6	0.7483	6.5	0.8
489	1999	83	13478.4	5.5	14.4	0.9661	3.2	0
489	1999	84	17280	1.5	17.7	0.8362	1.6	0
489	1999	85	10800	7.3	16.8	1.0965	2.3	0.2
489	1999	86	10195.2	3.8	15.2	0.973	3.1	1
489	1999	87	1900.8	5	9.1	0.9546	2.3	3.9
489	1999	88	3196.8	4.7	7.5	0.8565	1.3	0
489	1999	89	7344	6.2	11	0.9045	1.5	0
489	1999	90	14169.6	2.5	15.4	0.9033	1.7	0
489	1999	91	18057.6	3.6	18.5	0.8027	3.5	0
489	1999	92	19267.2	4.3	19.2	0.7029	2	0
489	1999	93	16502.4	2.5	19.1	0.8801	1.6	1.9
489	1999	94	8208	9.6	14.8	1.3487	3.1	1.4
489	1999	95	14083.2	8.4	16.1	1.054	2.7	0
489	1999	96	13219.2	9.6	19.4	1.2699	4.2	3.8
489	1999	97	10972.8	7.6	13.1	1.1555	3.8	1
489	1999	98	9504	4.7	11.3	0.9113	2.7	0.4
489	1999	99	12268.8	4	13.9	0.8347	1.1	0
489	1999	100	21513.6	2.4	17.6	0.8343	2.1	0.6
489	1999	101	8035.2	8.5	12.3	1.0712	3.9	1.5
489	1999	102	7862.4	5.8	10	0.8945	6.3	1.6
489	1999	103	11145.6	3	10.3	0.831	5.3	4.1
489	1999	104	10627.2	1.3	11.6	0.7328	7.4	1.8
489	1999	105	6912	3.1	11.2	0.8498	6.5	0.4
489	1999	106	8985.6	1.6	8.1	0.699	2.4	0.9
489	1999	107	11491.2	2.2	8.4	0.8371	2.2	1.4
489	1999	108	15120	1.2	10.7	0.7266	2.7	0.1
489	1999	109	10368	2.4	8.9	0.7938	1.7	1.2
489	1999	110	19612.8	0.4	12.6	0.6773	2.7	2.4
489	1999	111	7948.8	6.5	14.3	1.1342	3.8	1.8
489	1999	112	16675.2	7	15.8	0.9158	5	0
489	1999	113	18230.4	7.4	17.9	1.0382	2.3	0
489	1999	114	10454.4	8.9	14.6	1.0199	2.5	0
489	1999	115	23241.6	4.4	19.8	1.0014	2.2	0
489	1999	116	22204.8	7.4	20.6	1.0378	3.3	0.1
489	1999	117	20995.2	8.1	19.3	1.1118	4.4	0
489	1999	118	14947.2	7.5	17.9	1.115	2.5	0
489	1999	119	25920	6.6	21.3	1.0504	3.5	0
489	1999	120	24105.6	6.8	22.1	0.9699	2.3	0
489	1999	121	17452.8	9.5	21.9	1.4429	2.5	1.8
489	1999	122	23673.6	9.5	19.7	1.1453	2.4	0
489	1999	123	26697.6	7.1	21.8	0.9534	2.5	0
489	1999	124	14601.6	9.9	18.9	0.934	6.1	1.3
489	1999	125	3715.2	9.4	13.5	1.162	4.1	8.7
489	1999	126	4406.4	7.5	11.6	1.0953	3.7	4.9
489	1999	127	13910.4	9.4	20	1.4033	2.8	0.3
489	1999	128	8121.6	11.9	16.6	1.4929	2.5	7
489	1999	129	15292.8	7.9	19.9	1.1898	1.3	0
489	1999	130	16588.8	8	23	1.3542	2.8	0.1
489	1999	131	9849.6	11.7	17.3	1.4348	3.2	1
489	1999	132	13046.4	11.1	18.8	1.4939	3	11.7
489	1999	133	16416	10.6	17.3	1.2573	3.5	0
489	1999	134	13996.8	10.3	18.3	1.221	2.6	0
489	1999	135	15120	8.7	15.9	0.9432	2.6	0
489	1999	136	20908.8	4.5	15.2	0.8139	2.8	0
489	1999	137	25142.4	4.9	18.8	0.7492	6.4	0
489	1999	138	25920	10	22.8	0.9127	7.3	0
489	1999	139	21859.2	9.2	23.9	1.3163	4.1	9.7
489	1999	140	15897.6	10.1	18.5	1.3838	2	13
489	1999	141	3110.4	12.3	14.7	1.5302	2.7	12.9
489	1999	142	8640	11.3	15.2	1.3839	2.7	0.7
489	1999	143	19180.8	9.3	18.8	1.1213	2.2	0
489	1999	144	24019.2	7.3	21.4	1.1596	1.9	0
489	1999	145	15724.8	9.7	20.3	1.4817	1.9	0
489	1999	146	28252.8	9.4	23.7	1.2787	1.5	0
489	1999	147	28166.4	10.2	26.7	1.2718	2.3	0
489	1999	148	26697.6	13.8	27.4	1.6955	2.9	0
489	1999	149	29808	12	27.8	1.5311	1.7	0
489	1999	150	27129.6	15.6	30.1	1.556	3.1	0
489	1999	151	27561.6	14.8	24.5	1.5304	3.2	0
489	1999	152	25660.8	10.9	26.1	1.3396	2.2	0
489	1999	153	23500.8	16.1	31.2	2.1285	3.1	8.7
489	1999	154	23760	13.9	24.3	1.479	4.8	1.9
489	1999	155	15465.6	13.4	19.2	1.4806	5.4	0
489	1999	156	13478.4	10.4	21.8	1.5715	4.5	12.2
489	1999	157	7603.2	10.7	15	1.3778	3.5	1.2
489	1999	158	26870.4	8.2	20.9	1.2243	3	4.7
489	1999	159	13305.6	11.7	16.9	1.4326	3.1	2.9
489	1999	160	20995.2	7.8	18.9	1.0102	2.2	0
489	1999	161	18921.6	10.4	21	1.2291	1.7	2.6
489	1999	162	14688	13.3	18.6	1.5023	1.8	1.3
489	1999	163	21859.2	9.6	21.7	1.2607	1.5	0
489	1999	164	7948.8	12.1	19.5	1.6314	1.9	5.5
489	1999	165	23241.6	13	21.9	1.3536	3.9	0
489	1999	166	23587.2	11.1	22	1.2411	2.6	0
489	1999	167	14515.2	12.1	22	1.3393	2.1	0
489	1999	168	26006.4	14.3	25.5	1.4615	2	6
489	1999	169	23500.8	12.6	19.5	1.2387	2.9	0.8
489	1999	170	10540.8	11	17.9	1.3808	1.4	0
489	1999	171	23673.6	8.7	22	1.2019	3.9	1.3
489	1999	172	16502.4	10.2	18.2	1.3263	3.1	10.1
489	1999	173	21686.4	8.6	17.5	1.0207	2.7	0.3
489	1999	174	22896	5.7	20.1	1.0107	1.4	0
489	1999	175	26784	11	22.4	1.1011	2	0
489	1999	176	28857.6	9.4	23.6	1.1247	1.8	0
489	1999	177	27820.8	9.7	26.7	1.2729	2.5	0.3
489	1999	178	21686.4	15.8	26.1	1.8066	3.6	0.3
489	1999	179	18835.2	15	22	1.2971	4.9	0
489	1999	180	21340.8	9.7	24	1.2458	3	0
489	1999	181	16416	16.3	23.8	1.7561	3.6	0
489	1999	182	20390.4	15	24.2	1.5712	2.5	0.8
489	1999	183	25228.8	14.5	26.1	1.6882	1.7	0
489	1999	184	30067.2	13.7	33.7	1.5793	3	0
489	1999	185	22291.2	18.5	30.9	2.0803	2.2	0
489	1999	186	27561.6	19.6	30.7	2.0092	3.4	12.5
489	1999	187	7948.8	16.5	22.1	1.9892	3	0.4
489	1999	188	6393.6	14.9	17.7	1.7027	2.4	20.3
489	1999	189	19526.4	13.6	23.7	1.7815	2	0.3
489	1999	190	11836.8	14.3	21.1	1.5571	3.2	0
489	1999	191	10886.4	17.4	24	1.9009	4.2	0
489	1999	192	19008	17.6	25.9	2.1051	4.2	8.4
489	1999	193	18489.6	16.8	25.8	2.2251	1.7	0.5
489	1999	194	16675.2	16	25.8	2.1218	1.8	10.3
489	1999	195	21513.6	16.7	23	1.7113	5.1	2.1
489	1999	196	16934.4	13.2	20.5	1.4949	3.5	0.2
489	1999	197	23155.2	13.2	23	1.4101	2.5	0.5
489	1999	198	26092.8	10.8	26	1.4369	0.9	0
489	1999	199	29462.4	13.2	29.8	1.5358	1.7	0
489	1999	200	19872	14.8	29.4	1.9381	2.1	4.3
489	1999	201	14601.6	17.8	25.9	2.0396	3.5	0.3
489	1999	202	19094.4	17.2	25.1	1.7036	5.1	0
489	1999	203	17193.6	13.5	19.9	1.253	4	9.9
489	1999	204	10713.6	12	18.9	1.4024	2.5	0.1
489	1999	205	18144	12.4	20.3	1.2997	1.2	0
489	1999	206	24883.2	13	26.1	1.6571	2.3	0
489	1999	207	25747.2	15.3	28.4	1.7519	2.5	0
489	1999	208	26092.8	16.4	24.1	1.6119	4.5	0
489	1999	209	27475.2	13.7	26.3	1.2605	3.9	0
489	1999	210	27907.2	13.2	27.1	1.178	3.9	0
489	1999	211	25401.6	14.1	27.5	1.2751	2.9	0
489	1999	212	25228.8	12.8	28.1	1.152	2.7	0
489	1999	213	26092.8	13.7	28.7	1.156	2.4	0
489	1999	214	24624	13.7	29.1	1.1957	2	0
489	1999	215	17452.8	13.5	27.8	1.2877	1.9	0
489	1999	216	24796.8	14.2	29.8	1.5041	2.2	1.4
489	1999	217	12873.6	16.8	26.4	2.1375	2.1	9.8
489	1999	218	23068.8	16.1	28.3	1.8965	1.9	4.1
489	1999	219	13824	18.1	25.2	2.1182	3.5	0
489	1999	220	15465.6	14.5	26.5	1.8536	2.4	0.1
489	1999	221	17971.2	17.6	28.4	2.0748	2.7	4.1
489	1999	222	15120	15.6	24.1	1.827	4.3	0
489	1999	223	9072	15.4	19.8	1.5474	2.1	2.4
489	1999	224	18316.8	11.7	21.2	1.1585	1.8	0
489	1999	225	20908.8	9.7	21.9	1.1115	1.6	0
489	1999	226	8553.6	9.1	19.8	1.2822	3.7	0.8
489	1999	227	16848	14.5	22	1.3606	6.1	0
489	1999	228	11577.6	13.2	19.4	1.4436	3.2	1.7
489	1999	229	10972.8	12.5	18.7	1.4337	3.5	1.7
489	1999	230	14515.2	10.5	23.8	1.6408	4.3	2.9
489	1999	231	19008	13.4	20.7	1.2034	6.6	0
489	1999	232	23241.6	10.9	22.9	1.192	3.9	0
489	1999	233	17712	12.5	21.8	1.2892	2.1	0
489	1999	234	23241.6	8.2	21.2	1.0358	2.3	0
489	1999	235	23587.2	7.9	23.6	0.9829	1.8	0
489	1999	236	17539.2	10.3	26.2	1.1932	2.2	0
489	1999	237	19094.4	15.4	30	1.5144	2.9	0
489	1999	238	9072	16.3	24.1	1.8433	2	0.9
489	1999	239	15292.8	14.4	27.4	1.8751	1.6	0.3
489	1999	240	7257.6	14.8	21.7	1.884	2.1	0.6
489	1999	241	16502.4	12	23.6	1.5059	2.4	0
489	1999	242	19526.4	11	25	1.4837	1.4	0
489	1999	243	15897.6	12.8	23	1.413	2.2	0
489	1999	244	11059.2	11.2	20.5	1.3129	2.3	0
489	1999	245	22032	8.3	22.5	1.1009	3	0
489	1999	246	21081.6	11	24.9	1.2531	5.3	0
489	1999	247	18489.6	14.3	27.3	1.4222	3.5	0
489	1999	248	20044.8	11.9	25.3	1.4336	2.4	0
489	1999	249	15638.4	11.7	27.4	1.816	2.1	0.5
489	1999	250	16070.4	15	25.6	1.7358	2.3	0
489	1999	251	18662.4	13.2	27.2	1.5361	1.6	0
489	1999	252	19008	13.2	28.4	1.6184	1.4	0
489	1999	253	16848	13.5	29.1	1.5424	2.4	0
489	1999	254	19699.2	13	29.7	1.3188	2.6	0
489	1999	255	18489.6	11.7	30.1	1.431	1.3	0
489	1999	256	18144	13.7	30.6	1.5712	1.3	0
489	1999	257	18057.6	12.5	30.3	1.5518	1.4	0
489	1999	258	16329.6	12.1	30.1	1.4736	1.6	0
489	1999	259	10195.2	13.5	21.6	1.3822	2.6	0
489	1999	260	13478.4	7.4	23.4	1.2756	1.8	0
489	1999	261	12787.2	12.2	21.2	1.3099	1.7	0
489	1999	262	15206.4	10.9	27	1.4215	2.7	0
489	1999	263	8294.4	14.9	24	1.4664	3.9	0.1
489	1999	264	14947.2	10.9	23.7	1.3409	3.1	0.4
489	1999	265	7948.8	13.4	23.8	1.6903	3.5	3.4
489	1999	266	8640	15.7	22	2.0212	2.8	3.2
489	1999	267	14860.8	13.3	25.5	1.6418	2.8	0.3
489	1999	268	6825.6	15.1	20.8	1.8078	1.7	3.2
489	1999	269	4752	13.7	17.5	1.6284	3.6	0.2
489	1999	270	15292.8	11.5	21.8	1.3815	4.3	0
489	1999	271	8035.2	13.1	18.4	1.4832	5.4	0.1
489	1999	272	3801.6	10.9	17.1	1.5488	5.5	8.5
489	1999	273	3542.4	12.8	15.7	1.4929	5.7	1.3
489	1999	274	9072	12.3	17.1	1.2696	7.6	0
489	1999	275	6912	11.2	18.4	1.2778	4.9	0.8
489	1999	276	3196.8	9	15	1.261	4.9	4.5
489	1999	277	9504	7.7	14.8	1.1201	4.4	1.1
489	1999	278	4147.2	6	10.7	1.076	1.5	6.2
489	1999	279	6998.4	6.1	11.8	1.0062	2.3	0
489	1999	280	8035.2	7.1	14.1	1.0472	1.7	0
489	1999	281	2937.6	6	11.1	0.9905	4	0.6
489	1999	282	4665.6	10	14.6	1.2862	6.2	0.4
489	1999	283	4147.2	11.9	15.1	1.3911	4	0
489	1999	284	5961.6	10.9	18	1.4466	2.5	0
489	1999	285	6220.8	7.7	14.7	1.1164	1.5	0
489	1999	286	10972.8	3.1	15.3	0.9419	1.4	0
489	1999	287	9763.2	2.2	14.2	0.902	1.4	0
489	1999	288	7430.4	6.7	15.9	1.0703	1.7	0
489	1999	289	12614.4	1	12.7	0.7632	2.8	0
489	1999	290	12528	-0.7	11	0.6433	4	0
489	1999	291	12268.8	-0.4	10.6	0.5972	5.6	0
489	1999	292	11750.4	-0.2	10	0.5196	5.9	0
489	1999	293	8640	0.8	10.1	0.5759	5.4	0
489	1999	294	5961.6	1.9	11.4	0.7234	4.5	0
489	1999	295	8467.2	3.7	15.8	0.9653	3.1	0
489	1999	296	2678.4	6.3	10.4	1.054	1.7	0.7
489	1999	297	4406.4	3.5	13.8	1.0308	2.4	4.7
489	1999	298	2246.4	8.3	11.6	1.2107	3	1.6
489	1999	299	9331.2	7.2	17.3	1.1395	4.8	0
489	1999	300	7171.2	7.6	15.8	1.1677	2.6	0.1
489	1999	301	5702.4	2.9	12.1	0.9637	1.1	0.1
489	1999	302	6307.2	6.6	15.5	1.1975	1.3	0
489	1999	303	6393.6	8.1	17.6	1.3334	2.9	6.2
489	1999	304	6998.4	6.7	14.1	1.0334	4.7	0
489	1999	305	8640	2.2	17	0.9676	1.7	1.2
489	1999	306	1382.4	10.5	14.5	1.4335	2.6	4.3
489	1999	307	7689.6	4.1	12.4	0.9269	1.7	0
489	1999	308	8380.8	0.8	11.2	0.7852	2.4	0
489	1999	309	4320	4.5	12.3	0.9584	2.4	1.6
489	1999	310	2332.8	6.5	12.2	1.0454	4.3	0.1
489	1999	311	2419.2	1.9	7.3	0.8141	2.4	0.6
489	1999	312	1728	5.9	7.8	0.9217	2.9	0.1
489	1999	313	1641.6	5.7	8.1	0.9249	2.3	8
489	1999	314	864	4.1	6.3	0.8755	3.3	16.6
489	1999	315	3628.8	2.9	6	0.7553	5.9	0
489	1999	316	1728	2.8	5	0.6944	4.4	0
489	1999	317	864	2.3	3.9	0.6487	2.1	0
489	1999	318	1468.8	1.3	5.2	0.7327	2.4	2
489	1999	319	6220.8	-2	3.9	0.5367	3.9	0
489	1999	320	3628.8	-4.3	0.8	0.516	2.8	0
489	1999	321	1641.6	-1.1	2.3	0.6254	3.3	0.4
489	1999	322	3196.8	-1.8	2.7	0.6123	4.5	0.9
489	1999	323	2764.8	-2.4	0.7	0.5685	2.3	1.2
489	1999	324	2160	-2.6	-0.2	0.5461	2	0.1
489	1999	325	5961.6	-3.6	0.3	0.5199	2.5	0
489	1999	326	1900.8	-4.5	-1.3	0.4887	2.6	3
489	1999	327	1036.8	-1.4	1.9	0.616	2.2	5.5
489	1999	328	1123.2	1	2.8	0.7007	1.9	0
489	1999	329	1468.8	2.1	4.8	0.7822	2.3	0
489	1999	330	3542.4	0.6	8.9	0.7713	2.3	0
489	1999	331	2332.8	-2	7.5	0.7072	3.4	0
489	1999	332	4233.6	2.3	9.6	0.8011	2.8	0
489	1999	333	5961.6	-2	9.8	0.6944	1.1	0
489	1999	334	5270.4	-2.3	9.2	0.5867	3.2	0
489	1999	335	1296	4.5	7.3	0.919	7.5	7
489	1999	336	3542.4	4.5	8.6	0.7864	6.5	0.2
489	1999	337	2937.6	3.4	8.7	0.7598	9	5.2
489	1999	338	1296	0.9	9.2	0.8051	5.6	0.4
489	1999	339	3715.2	-0.2	4	0.6656	4.1	0.8
489	1999	340	1641.6	-2	4.3	0.6573	6.9	0
489	1999	341	1814.4	4.3	7.2	0.8269	8.2	2.8
489	1999	342	3110.4	3.6	8.9	0.9415	5.5	0
489	1999	343	1468.8	5	9.1	0.9043	5.3	0.4
489	1999	344	2678.4	4.8	7.5	0.7934	4.8	0
489	1999	345	1987.2	1.5	8.3	0.8227	6	5.8
489	1999	346	1641.6	5.9	11.8	1.0562	10.4	5.8
489	1999	347	3024	2.2	6.2	0.7669	6.4	2.8
489	1999	348	1814.4	0.1	5.1	0.7292	5.5	5.5
489	1999	349	2505.6	-0.7	2.9	0.6417	2.3	0
489	1999	350	3196.8	-4.9	0.1	0.4303	2.4	0
489	1999	351	2764.8	-3.9	1.3	0.489	6.5	5.2
489	1999	352	777.6	0.5	2.7	0.6789	4	8.7
489	1999	353	3283.2	-3	1.7	0.5711	1.4	2.1
489	1999	354	2073.6	-5.8	-0.3	0.4784	2.2	0.1
489	1999	355	2332.8	-3.7	-0.4	0.51	1.6	0
489	1999	356	3801.6	-9	-3.5	0.3679	2.9	0
489	1999	357	1987.2	-9.9	-3.4	0.3531	1.7	0.6
489	1999	358	3024	-3.4	3.6	0.5785	2.5	1
489	1999	359	1728	3	8.7	0.8604	7.1	9.7
489	1999	360	518.4	2.4	6.4	0.7443	8.4	15.1
489	1999	361	2764.8	1.3	6	0.714	7.3	1.3
489	1999	362	2419.2	0.9	2.6	0.6239	3.8	1
489	1999	363	2332.8	0.9	3.8	0.6657	3.8	0
489	1999	364	3456	0.8	4	0.6317	4.9	0.6
489	1999	365	950.4	-0.3	1.8	0.6387	2.2	0
