*---------------------------------------------------------------------------*
* Station name: WURZBURG                                
* Year: 1992
* Author: Pedro Alencar                                   -999.000: NIL VALUE
* Source: ECAD 
* Comments: 
* Longitude: 49.7714, latitude: 49.7714, altitude: 268 m.
*
* Column  Daily value
* 1       station number
* 2       year
* 3       day
* 4       irradiation                   (kJ m-2 d-1)
* 5       minimum temperature           (degrees Celsius)
* 6       maximum temperature           (degrees Celsius)
* 7       early morning vapour pressure (kPa)
* 8       mean wind speed (height: 2 m) (m s-1)
* 9       precipitation                 (mm d-1)
*
** WCCDESCRIPTION=GERMANY, WURZBURG                                
** WCCFORMAT=2
** WCCYEARNR=1992
*---------------------------------------------------------------------------*
   49.7714  9.9589    268.  -0.18 -0.55
489	1992	1	1296	-1.9	0.5	0.5342	3.6	0
489	1992	2	2937.6	-1.3	2.9	0.5762	2.6	0
489	1992	3	5097.6	-3.4	6.2	0.5138	2.9	0
489	1992	4	2851.2	0.6	7.2	0.646	7	5.2
489	1992	5	777.6	5	7.7	0.8906	5.4	1.4
489	1992	6	1036.8	4.7	9	0.8623	4.1	0
489	1992	7	2764.8	0	5.3	0.7096	1.9	0
489	1992	8	2937.6	-2.4	8.1	0.6073	1.7	1.5
489	1992	9	1728	4.5	11.5	0.9006	2.9	0.2
489	1992	10	950.4	2.6	8	0.7658	4.5	4.4
489	1992	11	864	0.6	3.2	0.6166	1.9	0
489	1992	12	1382.4	1.9	4.7	0.6424	2.4	0
489	1992	13	1468.8	0.6	3.7	0.4922	1.7	0
489	1992	14	1209.6	0.5	3.1	0.6122	3	0
489	1992	15	1209.6	3	5.4	0.6515	2.6	0
489	1992	16	691.2	3.1	4.4	0.5992	3	0
489	1992	17	1814.4	2.5	5.2	0.5391	2.9	0
489	1992	18	1987.2	1.9	3.9	0.5417	2.3	0
489	1992	19	1036.8	0.5	3.7	0.6468	3.1	5.5
489	1992	20	691.2	-5.6	1.2	0.4628	4.7	0
489	1992	21	6048	-8.6	-2.7	0.2528	4.6	0
489	1992	22	5529.6	-7.4	-1.1	0.3391	3.4	0
489	1992	23	5616	-6.8	1.3	0.4243	2.2	0
489	1992	24	1641.6	-6.5	-1.8	0.4316	1.2	0
489	1992	25	1728	-3	-2	0.4984	1	0
489	1992	26	1728	-4.4	-1.7	0.4637	0.8	0
489	1992	27	1728	-2.1	1.1	0.5243	2.4	0.4
489	1992	28	1814.4	-3.1	0.9	0.4624	3.4	0
489	1992	29	6912	-4.3	4.7	0.4588	1.4	0
489	1992	30	1814.4	-4.3	0.1	0.4924	0.8	0
489	1992	31	6048	-5.7	3.5	0.5131	0.8	0
489	1992	32	1555.2	-4.9	-1	0.482	0.9	0.1
489	1992	33	1900.8	-4.1	-2	0.4735	0.8	0
489	1992	34	1728	-3.6	2.8	0.5341	5.4	1
489	1992	35	1641.6	0.1	2	0.6065	3.9	1
489	1992	36	1900.8	-0.2	6.7	0.7096	4.3	0.8
489	1992	37	2592	3.7	6.7	0.7782	3.3	0
489	1992	38	2592	-1.4	4	0.6376	0.8	0
489	1992	39	3024	-1.8	3.6	0.6326	0.8	0.1
489	1992	40	4320	-1.7	4.5	0.6557	1.2	0.5
489	1992	41	5616	-1.3	6.8	0.6253	5.5	0.2
489	1992	42	2332.8	2.5	5.3	0.7025	5	2.8
489	1992	43	3283.2	4.6	10.3	0.9811	2.8	0.4
489	1992	44	1900.8	5	9.4	0.9543	1.9	3.3
489	1992	45	4665.6	3.1	7.4	0.6567	4.5	0.1
489	1992	46	1641.6	1.5	8.4	0.6865	6.2	1.9
489	1992	47	6048	1.1	7.1	0.5978	7.5	1
489	1992	48	3283.2	-3.4	1.2	0.4849	3.5	0.9
489	1992	49	6739.2	-6.2	-0.5	0.3628	1.8	0
489	1992	50	8035.2	-5.5	1.5	0.3852	1.8	0
489	1992	51	5702.4	-2.4	2.8	0.5083	1.8	0.2
489	1992	52	2505.6	0.1	3.2	0.5988	2.2	0
489	1992	53	4147.2	1.6	5.8	0.6767	2.3	0
489	1992	54	2246.4	2.7	5.8	0.6207	4.2	0
489	1992	55	6480	1.4	7.5	0.7049	1.9	0
489	1992	56	4320	-1	4	0.606	1.1	0
489	1992	57	5788.8	-0.8	10.4	0.7224	0.4	0
489	1992	58	8812.8	-0.6	10.2	0.7654	0.8	0
489	1992	59	8380.8	-0.7	12.5	0.7705	0.7	0
489	1992	60	9936	-1.4	14.3	0.7232	0.7	0
489	1992	61	10972.8	-1.9	16.4	0.7029	1.1	0
489	1992	62	4060.8	2.1	8.9	0.7404	3.5	3.7
489	1992	63	6393.6	1.5	10.3	0.5663	4.3	0
489	1992	64	5356.8	5.6	11.3	0.7738	1.3	0
489	1992	65	12182.4	-1.7	14.5	0.7207	1.6	0.4
489	1992	66	7344	4	13	0.8208	2.8	0.1
489	1992	67	11923.2	-0.6	11.2	0.6768	1.6	0
489	1992	68	6566.4	1.1	8.1	0.7293	1	0
489	1992	69	12096	-0.8	12.1	0.666	0.5	0
489	1992	70	13305.6	-1.5	15	0.689	1.6	1.9
489	1992	71	11145.6	2.4	8.8	0.5637	6.8	0.2
489	1992	72	3974.4	2.9	7.5	0.7163	10.6	12.9
489	1992	73	2073.6	4.9	9.2	0.9144	11.2	17.9
489	1992	74	8208	0.8	4.9	0.6223	6.7	2
489	1992	75	4665.6	1.1	5	0.5399	4.9	0.2
489	1992	76	9158.4	0.5	6.2	0.5204	3.1	0
489	1992	77	8208	1.9	9.7	0.6269	2.3	0
489	1992	78	15292.8	2.5	12.6	0.7174	1.6	0
489	1992	79	8035.2	0.2	11.2	0.7416	1.3	0
489	1992	80	5270.4	6	12.9	0.8869	4.4	0.8
489	1992	81	5961.6	5.6	13.4	0.8543	6.3	3.3
489	1992	82	4060.8	3	8.4	0.8057	7.7	10
489	1992	83	5184	1.7	6.2	0.7293	3.3	13.7
489	1992	84	3283.2	1.8	7.1	0.7301	3.6	16.6
489	1992	85	4579.2	0.2	3.5	0.6563	2.2	3.4
489	1992	86	10972.8	0.9	7.2	0.5794	4.1	0
489	1992	87	9504	1.9	7.9	0.5976	2.2	0.7
489	1992	88	11923.2	0.7	5.5	0.6029	6	1
489	1992	89	12009.6	-1.4	5.7	0.5635	3.2	0.1
489	1992	90	11836.8	1.7	12	0.6938	2.9	0
489	1992	91	12268.8	3.4	14.6	0.6769	5.5	0
489	1992	92	4752	1.5	9.8	0.8485	3.5	5
489	1992	93	15292.8	0.8	12.6	0.6474	3	0.2
489	1992	94	9072	5	11.2	0.7556	3.7	0
489	1992	95	10800	2.3	11.2	0.6792	2.1	0
489	1992	96	13046.4	4	9.9	0.5688	3.5	0
489	1992	97	20390.4	-2.5	11	0.5131	1.9	0
489	1992	98	18662.4	0.7	13	0.5947	2.3	0
489	1992	99	19094.4	2.2	14.4	0.5471	5	0
489	1992	100	21254.4	2.1	15.3	0.5621	4.7	0
489	1992	101	21081.6	1.9	15.9	0.6495	3	0
489	1992	102	21600	3.5	16.4	0.5625	1.6	0
489	1992	103	17798.4	5.3	19.3	0.6288	3.2	0.2
489	1992	104	16848	5.8	14.1	0.7582	6.9	1
489	1992	105	17366.4	5.2	15.5	0.7034	6.6	0
489	1992	106	8553.6	5.8	11.3	0.7679	8	2.1
489	1992	107	9158.4	2.1	6.6	0.6584	5.5	0.2
489	1992	108	16502.4	-0.1	7.7	0.5612	3.6	1
489	1992	109	3888	2.2	7.5	0.8026	3.3	0.4
489	1992	110	9417.6	7.4	13.7	0.9165	4.3	1
489	1992	111	19353.6	1.8	11.6	0.5493	2.4	0
489	1992	112	22723.2	-1.4	16.2	0.5146	2	0
489	1992	113	11750.4	2.5	17	0.7602	2.3	0
489	1992	114	7862.4	7.3	12.9	1.0129	3	0.2
489	1992	115	16070.4	4.9	18.8	0.9573	2.4	0
489	1992	116	20908.8	7.2	25.6	1.0803	2.4	0
489	1992	117	18057.6	12.3	23.4	1.1636	4.3	4.4
489	1992	118	10713.6	9.1	16.5	1.2552	4.9	6
489	1992	119	11318.4	6	17.8	1.0718	3.3	0.7
489	1992	120	9676.8	7	12.6	0.908	4.5	0
489	1992	121	20044.8	2.5	15.9	0.7558	1.2	0
489	1992	122	13910.4	3.4	16.6	0.957	3.8	11.7
489	1992	123	6048	7.6	10.8	0.9768	1.9	6.4
489	1992	124	12009.6	7.2	13.4	0.8262	2.3	0
489	1992	125	26352	3.4	16.6	0.7239	3.3	0
489	1992	126	25401.6	4.9	18.5	0.7418	1.6	0
489	1992	127	24969.6	5.8	20.8	0.8391	1.7	0
489	1992	128	20563.2	7	20.6	1.0245	1.7	0
489	1992	129	19094.4	11.4	21.7	1.1659	5.9	0
489	1992	130	9504	6.8	12.5	0.9109	4.6	1.9
489	1992	131	13219.2	9	16.2	0.9911	4.3	0
489	1992	132	12268.8	6.8	15.5	1.1127	4.9	8.2
489	1992	133	23068.8	4.9	17.4	0.9273	3.5	0
489	1992	134	27302.4	7.3	23.3	1.0418	1.4	0
489	1992	135	27820.8	10.8	28.1	1.1506	3.1	0
489	1992	136	27561.6	12.4	28	1.2998	2	0
489	1992	137	25056	12.6	28	1.2602	2.4	0
489	1992	138	29116.8	10	20.4	1.0351	3.5	0
489	1992	139	27820.8	8	21.2	0.8465	4.3	0
489	1992	140	27388.8	8.6	22.4	0.8442	5.9	0
489	1992	141	25488	11.2	23.1	0.918	7.7	0
489	1992	142	26611.2	10.6	24	1.124	4	0
489	1992	143	28080	9.7	25.1	0.9327	2.5	0
489	1992	144	22377.6	12.6	26.7	1.1421	4.2	0.6
489	1992	145	26438.4	12.8	27.1	1.4195	3.4	1.3
489	1992	146	26611.2	11.9	26.2	1.3864	1.1	0
489	1992	147	23155.2	13	23.2	1.2028	3.6	0
489	1992	148	27993.6	11.4	23.8	0.8641	5	0
489	1992	149	26611.2	11.4	23.7	0.9015	4.6	0
489	1992	150	24883.2	9.2	24.8	0.9287	2.8	0
489	1992	151	26092.8	14.7	25	1.1101	4	0
489	1992	152	27302.4	11.8	25.8	1.0183	3.2	0
489	1992	153	20649.6	14.9	26.5	1.5354	2	0
489	1992	154	17884.8	15.4	28.3	1.8042	2	3.5
489	1992	155	16070.4	14.5	22.4	1.611	1.9	21.5
489	1992	156	12441.6	13.5	19.2	1.5411	3.4	0
489	1992	157	13651.2	10.6	20.5	1.6232	3.2	14.2
489	1992	158	15811.2	11.4	20.8	1.4253	1.5	0
489	1992	159	12268.8	11.4	19.8	1.4514	2.1	0
489	1992	160	20563.2	12.3	21	1.5896	1.6	16.5
489	1992	161	19785.6	10.5	20.3	1.4853	1.3	0
489	1992	162	20044.8	11.1	23.2	1.5822	1.8	1.4
489	1992	163	17193.6	9.3	18.6	1.1141	2.3	0
489	1992	164	27475.2	10.3	21.4	1.169	3.5	0
489	1992	165	21427.2	11.9	23.7	1.3838	2.5	0
489	1992	166	22636.8	12.1	24.6	1.3903	0.8	0
489	1992	167	28598.4	11.9	26.5	1.2883	1.2	0
489	1992	168	24537.6	15	27.8	1.6282	3.1	0
489	1992	169	22377.6	15.7	23.3	1.2899	3.6	0
489	1992	170	21081.6	11.5	23.1	1.4	2.3	31
489	1992	171	4665.6	9.8	12.6	1.2626	2.3	20.7
489	1992	172	14947.2	11.7	24.8	1.863	2.2	26.3
489	1992	173	23760	14.5	21.8	1.6018	2.8	0
489	1992	174	28166.4	11.2	23.7	1.2939	2	0
489	1992	175	16675.2	13.9	25.1	1.8104	2.7	57.1
489	1992	176	6566.4	14.9	17.4	1.6865	1.8	3.7
489	1992	177	8985.6	14.3	20.2	1.6315	1.3	0
489	1992	178	19440	15	24.3	1.4619	2.1	1.7
489	1992	179	29030.4	10.7	24.5	1.1053	2	0
489	1992	180	29635.2	11.7	25.4	1.1945	1.3	0
489	1992	181	30844.8	12.5	26.6	1.2485	1.3	0
489	1992	182	29289.6	11.9	27.8	1.2951	1	0
489	1992	183	21513.6	15.9	25.6	1.6379	2.2	0
489	1992	184	24105.6	13.5	25.5	1.4483	1.6	0
489	1992	185	20563.2	14.3	25.7	1.7973	0.9	3.3
489	1992	186	11318.4	14.1	20.5	1.6367	2.7	0.6
489	1992	187	5702.4	11.9	16.7	1.5629	0.7	9
489	1992	188	10281.6	13.6	18.4	1.6705	1.7	14.2
489	1992	189	6220.8	12.9	18.2	1.5702	1.7	0.2
489	1992	190	19008	12.1	23.2	1.5119	2	0
489	1992	191	28080	14.4	26.1	1.3749	2	1.4
489	1992	192	13478.4	14.9	23.6	1.8939	1.8	0
489	1992	193	9504	14.2	18.7	1.6069	2.3	4.7
489	1992	194	14947.2	11.8	20	1.5516	2.9	2.6
489	1992	195	21513.6	11.6	22.1	1.4566	3	0
489	1992	196	11923.2	14	22.2	1.4516	4.8	0.4
489	1992	197	19267.2	13.1	22.9	1.4425	1.9	0
489	1992	198	17193.6	11.3	24.3	1.4652	0.4	0
489	1992	199	19612.8	12.5	28.3	1.9619	2.4	1.4
489	1992	200	13910.4	16.6	21.8	1.6215	2.8	0
489	1992	201	27648	12.3	27.5	1.3687	1.2	0
489	1992	202	27388.8	15.5	30.7	1.6925	1.5	0
489	1992	203	19872	18.1	31.2	2.2598	2.7	36
489	1992	204	16156.8	17.4	24.3	1.771	2.2	0
489	1992	205	20390.4	13.5	25.8	1.6446	1.5	0
489	1992	206	26438.4	15.6	27.4	1.6893	2.4	0.3
489	1992	207	22377.6	16.3	24.7	1.5888	2.5	0
489	1992	208	22896	13	26.6	1.4525	1.1	0
489	1992	209	24710.4	12.6	28.5	1.3764	3.1	0
489	1992	210	27907.2	10.8	22.6	1.0441	1.8	0
489	1992	211	25142.4	10.7	26.1	1.1199	2.8	0
489	1992	212	25056	13.5	31.7	1.5052	1.9	8.5
489	1992	213	9849.6	17.2	27.2	2.217	2	11
489	1992	214	18835.2	15.7	29.4	2.1555	1.2	3.9
489	1992	215	18748.8	17.2	28.9	2.0248	1.7	0
489	1992	216	19526.4	18	29.2	2.0058	3.3	1.4
489	1992	217	25056	17	24.1	1.4488	2.8	0
489	1992	218	26092.8	11.1	27.7	1.3269	0.7	0
489	1992	219	23932.8	14.1	30.4	1.6611	1.1	0
489	1992	220	23760	15.8	31.7	1.7307	1.7	0
489	1992	221	22636.8	19.7	35.1	2.0027	1	0
489	1992	222	24019.2	20.2	35.4	2.1618	0.8	0
489	1992	223	11232	15.5	27.4	2.0669	4	4.5
489	1992	224	20476.8	12.2	24.1	1.3938	3.3	0
489	1992	225	21340.8	13.4	24.1	1.3823	4.3	0
489	1992	226	4838.4	12.9	18	1.5251	5.2	9.8
489	1992	227	10022.4	13.8	19.1	1.6256	4.4	2
489	1992	228	18230.4	9.2	20.1	1.2322	1.4	0
489	1992	229	20131.2	8.1	24.5	1.277	1.3	0
489	1992	230	12096	13.6	23.8	1.5717	3.1	0.8
489	1992	231	16934.4	16.2	27.9	2.144	1.2	0
489	1992	232	19353.6	16.6	30.1	2.0618	1.1	1.8
489	1992	233	16329.6	18.3	30.6	2.3554	1.8	0.2
489	1992	234	18144	16	25.1	1.7869	2	6.8
489	1992	235	17452.8	15.5	25.7	1.9135	1	4.3
489	1992	236	13910.4	15.1	22.6	1.7604	2.6	7.2
489	1992	237	8899.2	10.9	20.7	1.5597	3.6	0.2
489	1992	238	21772.8	16.6	28.6	1.8063	3.9	0
489	1992	239	12096	14.8	25.4	1.8085	1.3	0.9
489	1992	240	20217.6	17.2	27.5	1.8869	4	0
489	1992	241	20304	15.1	33.1	1.7674	2	0
489	1992	242	11491.2	16.8	27.7	1.8755	3.5	0.3
489	1992	243	17366.4	14.8	24.5	1.5304	3.1	1.5
489	1992	244	1814.4	12.3	19.1	1.6744	2	24.2
489	1992	245	15206.4	8.3	16.7	1.1873	7.1	3.1
489	1992	246	15379.2	8.3	19	1.1862	3.9	2.9
489	1992	247	12009.6	12.2	20.3	1.4944	6.4	1.1
489	1992	248	7776	8.7	14.5	1.16	5.3	2.4
489	1992	249	11750.4	8.5	14.5	1.1117	5.6	1
489	1992	250	15120	8.4	16.6	1.028	2.3	0
489	1992	251	18316.8	3.8	22.1	0.9991	1	0.3
489	1992	252	15120	10	17.6	1.1663	2.3	0
489	1992	253	18662.4	4.6	19.4	0.9388	1.1	0
489	1992	254	11923.2	9.3	21.7	1.2662	1.5	0
489	1992	255	15638.4	11.1	24	1.6026	1.6	0
489	1992	256	18489.6	12.8	20.2	1.1247	1.8	0
489	1992	257	12441.6	10.7	22.1	1.3224	1.9	0
489	1992	258	5788.8	11.9	15.3	1.4157	3.2	2.1
489	1992	259	8640	10.2	19.3	1.4078	2.4	0.3
489	1992	260	12096	10.5	19.2	1.3832	1.9	0
489	1992	261	16934.4	7.9	20.7	1.2698	1.7	0
489	1992	262	15811.2	7.5	23	1.2288	1.8	0
489	1992	263	7171.2	9.4	17.9	1.2799	0.9	0
489	1992	264	10108.8	10.2	19.5	1.4844	0.7	0.3
489	1992	265	14860.8	8	22.8	1.2407	1.8	0
489	1992	266	14947.2	10.6	25.9	1.3816	3.4	0
489	1992	267	6048	12	17.6	1.4796	1.7	0.1
489	1992	268	6652.8	9.4	16.7	1.3959	1.1	0.3
489	1992	269	5702.4	6.1	16.1	1.1882	1.4	0.3
489	1992	270	9936	7.5	20.5	1.421	0.6	0.1
489	1992	271	14774.4	8.5	25	1.3331	2.3	0
489	1992	272	13132.8	9.5	21.6	1.3232	1.2	4.6
489	1992	273	1987.2	12.5	14.8	1.4672	1.8	4.8
489	1992	274	1468.8	12.3	14.4	1.4847	0.4	0.6
489	1992	275	7430.4	11.2	18.3	1.4246	0.9	9.6
489	1992	276	6652.8	11.3	15.8	1.4577	1	1.7
489	1992	277	5702.4	11.3	16.3	1.3712	3.3	0.4
489	1992	278	7689.6	10.5	18.2	1.2086	8.1	0.6
489	1992	279	10368	10.6	17.7	1.2737	5.1	0.1
489	1992	280	1987.2	10	13	1.2201	2	0
489	1992	281	3456	8.9	13.7	1.1372	1.7	0
489	1992	282	8467.2	9.2	15.8	1.1294	1.3	0
489	1992	283	1900.8	7.9	11.2	1.0119	1.1	0
489	1992	284	8035.2	6.9	13.4	0.8799	4.2	0
489	1992	285	12787.2	2.6	14.4	0.7653	1.8	0
489	1992	286	10713.6	3.6	12.1	0.6474	4.3	0
489	1992	287	12441.6	-0.4	11.7	0.5292	2.7	0
489	1992	288	11059.2	-2.8	12.6	0.6582	2.1	0
489	1992	289	3283.2	4.2	10.3	0.8047	5.9	3
489	1992	290	6739.2	1.7	7.7	0.7088	2.4	0
489	1992	291	3196.8	-1.4	4.9	0.61	0.9	0
489	1992	292	4579.2	-1	8.1	0.6775	2.5	0.2
489	1992	293	10108.8	0.5	12	0.6467	2.7	0
489	1992	294	7516.8	0.5	12.1	0.7635	0.2	0
489	1992	295	5961.6	-0.1	10	0.7039	2.9	1.1
489	1992	296	4492.8	3.7	7.4	0.7702	4.8	0.1
489	1992	297	2505.6	3.8	7.6	0.7782	5.3	5.9
489	1992	298	5011.2	3	7.5	0.7632	5.5	4.1
489	1992	299	1814.4	1.4	10.5	0.8943	5.7	26.1
489	1992	300	3542.4	3.5	8.5	0.7572	6.5	0
489	1992	301	3628.8	0.8	8	0.761	5.1	0.4
489	1992	302	1900.8	4.8	10.2	0.9015	5.6	6
489	1992	303	4752	3.9	9.5	0.7946	6.7	0.2
489	1992	304	4320	0.6	6.5	0.7169	1.9	0
489	1992	305	7603.2	-0.2	9.1	0.6882	1.5	0
489	1992	306	1814.4	-2.3	2.6	0.593	1.5	0
489	1992	307	4752	1.4	7.2	0.6893	1.5	3.7
489	1992	308	3369.6	3.5	9.8	0.8407	1.5	0.1
489	1992	309	2246.4	3.2	8.4	0.8297	1.5	0.1
489	1992	310	1555.2	3.7	9.8	0.8761	1.5	0
489	1992	311	4320	7.4	12.7	1.0587	1.5	0
489	1992	312	4752	6.5	10.8	0.9412	1.5	2
489	1992	313	1814.4	5.4	9.3	0.9128	1.5	0.1
489	1992	314	2160	-0.6	5.9	0.6874	1.5	0
489	1992	315	1900.8	4.9	9.5	0.934	1.5	3.7
489	1992	316	1123.2	5.7	11.9	0.9734	1.5	5.8
489	1992	317	3542.4	2.4	7.2	0.6966	7.7	8.3
489	1992	318	4147.2	0.7	5.2	0.6796	4.4	0.3
489	1992	319	5788.8	-0.1	6.6	0.617	4.1	0.8
489	1992	320	1036.8	-0.6	3.3	0.6466	3.1	11.9
489	1992	321	4320	3	10.2	0.8768	3.4	0.5
489	1992	322	3024	2.4	6.3	0.6917	7.7	1.2
489	1992	323	1900.8	2.4	4.2	0.565	6.6	1.5
489	1992	324	3628.8	2.2	8.6	0.7353	7.1	4.6
489	1992	325	4924.8	0.9	6	0.618	5.5	0
489	1992	326	1900.8	-0.3	6.6	0.6816	2.3	4.6
489	1992	327	1987.2	4.3	13.7	1.0211	6.6	4.6
489	1992	328	2073.6	8.6	13.3	1.085	4.6	0
489	1992	329	1900.8	2.8	9.2	0.9254	2	0
489	1992	330	2073.6	3	11.3	0.8701	3.9	1.7
489	1992	331	2764.8	6.4	15	1.0285	7.7	3
489	1992	332	4147.2	3.4	8.6	0.7385	4.6	1.1
489	1992	333	1468.8	3	10.6	0.8001	3.8	0.6
489	1992	334	1296	2.5	5.7	0.7779	1.2	1.4
489	1992	335	3888	5.2	13	1.0626	2.2	0.1
489	1992	336	1382.4	4	9.6	0.8692	3	0
489	1992	337	1728	1.8	12.1	0.8183	5	1.6
489	1992	338	2419.2	5.4	12.8	0.8663	6.3	1.2
489	1992	339	1123.2	2.2	8.5	0.7595	7.5	1.9
489	1992	340	2073.6	2	5.2	0.6562	1.8	0
489	1992	341	2332.8	0.6	5.3	0.6494	1.9	0
489	1992	342	604.8	0	2.7	0.5793	4.4	4.3
489	1992	343	1555.2	1.7	3.5	0.6334	3	0
489	1992	344	604.8	1.9	3.3	0.6187	3	0
489	1992	345	259.2	1.2	2.5	0.6144	3	0
489	1992	346	1382.4	1	3.9	0.5975	3	5.3
489	1992	347	1209.6	0.6	4.9	0.6849	3	2.1
489	1992	348	2073.6	2.1	4.8	0.6414	3	0
489	1992	349	950.4	3	4.9	0.705	5.2	0
489	1992	350	4406.4	-1.2	5	0.6376	0.9	0
489	1992	351	1728	-2.4	-0.2	0.5501	1.8	0.2
489	1992	352	864	-1.3	-0.4	0.5685	2.5	0
489	1992	353	1036.8	-1.2	0.7	0.546	3.8	0
489	1992	354	3196.8	-1.3	2.6	0.5636	2.5	0
489	1992	355	1209.6	0.6	3.1	0.6493	1	4.9
489	1992	356	691.2	2.6	3.9	0.7558	2	3.5
489	1992	357	950.4	3.3	4.9	0.7779	3.6	1
489	1992	358	1123.2	1.6	4.4	0.682	3.6	0
489	1992	359	432	-0.6	1.6	0.5639	3.6	0
489	1992	360	864	-4.3	-0.3	0.4594	3.6	0
489	1992	361	4320	-7.2	-1.5	0.3764	3.6	0
489	1992	362	3801.6	-8.3	-0.2	0.3882	3.6	0
489	1992	363	4579.2	-6.1	-0.5	0.3689	3.6	0
489	1992	364	4665.6	-8.8	-0.9	0.3283	3.6	0
489	1992	365	5184	-10.5	-0.4	0.3219	3.6	0
489	1992	366	4060.8	-9	-2.2	0.3464	1.8	0
