*---------------------------------------------------------------------------*
* Station name: WURZBURG                                
* Year: 2016
* Author: Pedro Alencar                                   -999.000: NIL VALUE
* Source: ECAD 
* Comments: 
* Longitude: 49.7714, latitude: 49.7714, altitude: 268 m.
*
* Column  Daily value
* 1       station number
* 2       year
* 3       day
* 4       irradiation                   (kJ m-2 d-1)
* 5       minimum temperature           (degrees Celsius)
* 6       maximum temperature           (degrees Celsius)
* 7       early morning vapour pressure (kPa)
* 8       mean wind speed (height: 2 m) (m s-1)
* 9       precipitation                 (mm d-1)
*
** WCCDESCRIPTION=GERMANY, WURZBURG                                
** WCCFORMAT=2
** WCCYEARNR=2016
*---------------------------------------------------------------------------*
   49.7714  9.9589    268.  -0.18 -0.55
489	2016	1	1209.6	1.2	4.8	0.7274	2.3	0
489	2016	2	864	-0.2	1.3	0.585	5.3	10
489	2016	3	691.2	-0.7	0.6	0.5844	4.4	3.4
489	2016	4	1641.6	-1.5	3.2	0.6303	2.5	3.7
489	2016	5	2332.8	-0.9	5.3	0.6944	2.1	2.9
489	2016	6	1900.8	2.7	5.8	0.7862	1.4	0.2
489	2016	7	3110.4	2.6	6.8	0.7942	4.1	3.6
489	2016	8	3801.6	-0.8	7.4	0.6347	3.5	0
489	2016	9	2160	-1.5	2.7	0.6126	1.2	0
489	2016	10	1900.8	1.1	7.2	0.7642	3.3	2
489	2016	11	1123.2	3.3	5.7	0.7916	4.3	6
489	2016	12	2332.8	3.3	6.4	0.7422	6.7	4.3
489	2016	13	2419.2	1.3	5.9	0.6957	8.4	4.8
489	2016	14	5097.6	-0.9	5.4	0.6178	3.9	0.4
489	2016	15	3196.8	0	2.9	0.6038	6	0.6
489	2016	16	2246.4	-1.1	2.1	0.5512	4.1	0.3
489	2016	17	3283.2	-7.4	0.3	0.4091	2.5	2.5
489	2016	18	2160	-10.1	-5.1	0.3281	1.5	0
489	2016	19	1555.2	-10.1	-7.1	0.2876	1.9	0
489	2016	20	4579.2	-7.5	-0.9	0.3852	2	0.3
489	2016	21	3283.2	-6.9	-0.7	0.4384	1.5	0.4
489	2016	22	3369.6	-10.8	-5.1	0.3092	2.5	2.4
489	2016	23	2160	-5.5	4.7	0.5579	2.3	0
489	2016	24	2419.2	1.5	5.2	0.7379	2.2	5.8
489	2016	25	2851.2	1.8	10.3	0.9005	1.8	0
489	2016	26	6134.4	1	13.4	0.8223	3.6	0
489	2016	27	4147.2	8.4	14.4	0.8889	6.2	0
489	2016	28	2678.4	4	12.2	0.8096	4.4	0
489	2016	29	7257.6	2.7	9.4	0.7316	4.8	0
489	2016	30	1641.6	1.7	9	0.6881	8.6	7.4
489	2016	31	2160	2.3	11	0.8505	4.9	3.1
489	2016	32	2073.6	10.3	12.2	1.0668	8.6	0
489	2016	33	2764.8	5.3	11.1	0.8803	8.9	3.1
489	2016	34	3715.2	1.3	7.2	0.6869	4.9	1.1
489	2016	35	1728	1.3	4.4	0.6598	5.1	5.9
489	2016	36	2160	0.1	7.3	0.7404	2.5	0.1
489	2016	37	6652.8	0.6	11.6	0.8283	2.1	0
489	2016	38	4233.6	0.7	9	0.7336	3.2	0
489	2016	39	2851.2	4.2	11.6	0.7987	8.3	5.9
489	2016	40	1814.4	4.4	10.9	0.8584	8.5	10.6
489	2016	41	3369.6	1.4	4.5	0.6494	6.4	3.8
489	2016	42	3715.2	2	4.8	0.686	4.2	0
489	2016	43	6480	-0.3	6.4	0.6159	3.3	0
489	2016	44	2764.8	-1.9	5.3	0.6355	2.8	4.2
489	2016	45	4147.2	4.4	8.5	0.781	5.3	0.1
489	2016	46	3024	2.1	5.5	0.6815	2.2	0
489	2016	47	1641.6	-0.7	2.2	0.5096	4	0
489	2016	48	2419.2	-1.3	1.9	0.5245	2.7	0
489	2016	49	6912	-0.3	7.4	0.6145	2.3	0
489	2016	50	2592	-1	3.3	0.5909	2.4	0
489	2016	51	2246.4	-0.2	9	0.7527	7	6.3
489	2016	52	2332.8	8.6	11.9	1.0979	8.9	0.3
489	2016	53	3196.8	8.2	10.7	0.8278	7.9	5.7
489	2016	54	3110.4	0.3	8.2	0.7779	3	6
489	2016	55	6739.2	-0.6	5.4	0.5809	2.3	0
489	2016	56	9244.8	-2.3	6.5	0.526	2.2	0
489	2016	57	10627.2	-3.8	5.5	0.4873	2.9	0
489	2016	58	12096	-3.1	7.7	0.4975	3.7	0
489	2016	59	5356.8	-1.1	5.6	0.5173	3.9	0
489	2016	60	1468.8	-0.7	3.1	0.5464	4.8	5.1
489	2016	61	11491.2	-1.5	6.5	0.5777	3.7	0.7
489	2016	62	3024	1.2	7.4	0.7474	5.4	0.6
489	2016	63	6134.4	1.1	6.5	0.6655	3.3	0.3
489	2016	64	8121.6	1.5	7	0.6786	5.3	1.1
489	2016	65	3283.2	2.8	7	0.7794	2	3.1
489	2016	66	5961.6	1.5	4.7	0.6792	4.5	0.6
489	2016	67	8380.8	-1.4	6	0.6128	2.9	1.1
489	2016	68	6566.4	-2.7	4.5	0.6	1.4	0
489	2016	69	8726.4	-2.7	4.4	0.5783	2.7	0
489	2016	70	13132.8	-2.1	9.4	0.6188	2.3	0
489	2016	71	7516.8	-0.4	9.3	0.6294	3.9	0
489	2016	72	8553.6	1.5	7	0.5958	3.9	0
489	2016	73	6912	0.1	9.6	0.6559	5.4	0
489	2016	74	15552	-1.4	9.8	0.5443	4.5	0
489	2016	75	4147.2	-0.4	5.9	0.5955	3	2.7
489	2016	76	10022.4	0.3	8.6	0.5623	7.4	0
489	2016	77	16502.4	-1.9	11.8	0.5649	2.6	0
489	2016	78	16416	-2.1	15.2	0.602	2.1	0
489	2016	79	3715.2	1.4	6.4	0.6137	1.9	0
489	2016	80	3801.6	3.7	5.5	0.6021	2	0
489	2016	81	5702.4	2.5	9.1	0.673	2.6	0.2
489	2016	82	10108.8	3.6	9.9	0.689	2.4	0
489	2016	83	6566.4	4.2	8.9	0.767	1.8	0.8
489	2016	84	9849.6	4.4	10.8	0.6364	2.5	0
489	2016	85	3974.4	5	6.5	0.7717	3.7	8.5
489	2016	86	13478.4	4.5	13.4	0.8919	3.2	0
489	2016	87	5097.6	3.2	10.4	0.7803	3.2	0.5
489	2016	88	11491.2	0.9	14.7	0.8038	5.7	8
489	2016	89	16416	5.1	12.9	0.7687	7.7	0
489	2016	90	6480	5.8	10.3	0.8929	3.5	6.5
489	2016	91	12268.8	5.8	15.9	1.1687	3	7.6
489	2016	92	10886.4	3.2	10.8	0.7811	4.7	0
489	2016	93	14342.4	1.8	16.3	0.8058	3	0
489	2016	94	15638.4	6.3	19.6	0.9842	1.8	0
489	2016	95	13824	10.7	20	1.1322	3	0.4
489	2016	96	12787.2	9.3	18.3	1.2609	4	0.2
489	2016	97	12096	9.1	15.4	0.9686	5.2	0.6
489	2016	98	11923.2	4.8	12.1	0.7738	4.4	1
489	2016	99	19526.4	1.6	13.6	0.6469	1.7	0
489	2016	100	13651.2	2.4	13.4	0.6496	2.8	0
489	2016	101	15638.4	6	15.3	0.8713	2.8	0
489	2016	102	22118.4	3.1	15.1	0.797	3.5	0
489	2016	103	13651.2	4	16.6	0.9764	2.1	1.3
489	2016	104	9158.4	5.9	13.6	1.0618	2.2	2.4
489	2016	105	16761.6	7	16.2	0.9143	2.6	0.6
489	2016	106	14083.2	5.9	16.1	1.0099	5	5.4
489	2016	107	11404.8	9.1	13.9	1.1252	4.3	11
489	2016	108	9417.6	6.1	11.2	0.8964	2.4	2.7
489	2016	109	16848	4.1	13.9	0.6998	2.1	0
489	2016	110	14688	2.3	12.8	0.6343	2.8	0
489	2016	111	24624	2.5	15	0.6543	2.2	0
489	2016	112	24537.6	2.5	19.1	0.6989	1.9	0
489	2016	113	14515.2	6.7	16.5	0.8188	2.1	0.1
489	2016	114	4060.8	1.6	10.5	0.7504	2.4	7
489	2016	115	17971.2	-0.3	8.1	0.6379	3.3	2.2
489	2016	116	14601.6	-0.1	7.9	0.6379	5.7	7.4
489	2016	117	13996.8	0.4	7.8	0.6551	5.8	0.9
489	2016	118	12873.6	0.6	7.8	0.635	6.9	0.6
489	2016	119	18316.8	0.1	10.9	0.614	3.2	0
489	2016	120	22118.4	-0.7	14.3	0.6025	3.2	0
489	2016	121	21254.4	1.5	18	0.724	2.1	0
489	2016	122	20217.6	7.8	18.9	0.8878	5.1	0
489	2016	123	25920	6.4	20	0.8034	2.6	0
489	2016	124	16329.6	5.6	16.9	0.9868	2.9	0.7
489	2016	125	26352	4.6	15.9	0.6862	2.6	0
489	2016	126	23846.4	2.5	19.6	0.7764	4.6	0
489	2016	127	26438.4	8	23.8	0.9743	3.4	0
489	2016	128	26265.6	8.9	25.6	0.9239	4.5	0
489	2016	129	27043.2	9.7	23.9	0.8788	5.4	0
489	2016	130	25488	10.5	24.9	1.0111	5.4	0
489	2016	131	17107.2	11.1	24	1.2821	2.9	0.4
489	2016	132	18057.6	10.9	22	1.2706	4.5	0
489	2016	133	8208	13.2	18.4	1.237	4.1	0.6
489	2016	134	8812.8	12.4	20.8	1.4714	2.7	3.3
489	2016	135	18576	7.4	14.1	0.8127	4	0
489	2016	136	17020.8	3.9	11.7	0.6663	5	0.3
489	2016	137	11059.2	5.8	12	0.7407	3.5	0
489	2016	138	13996.8	5.8	14.7	0.7611	3	0
489	2016	139	18144	8.4	19.7	0.881	3.4	0.5
489	2016	140	13132.8	8.7	18	1.1021	3.2	1.2
489	2016	141	19008	7.9	19.9	1.047	3.2	0
489	2016	142	23673.6	11.1	23.7	1.2303	2.1	0
489	2016	143	24883.2	10.3	28.4	1.3676	2.4	0.3
489	2016	144	6566.4	11	14.4	1.2617	3.7	7.5
489	2016	145	5702.4	10.1	11.8	1.2288	3.3	1.6
489	2016	146	9072	9.7	15.1	1.2227	1.4	0
489	2016	147	24710.4	8.4	22.7	1.2879	1.7	6.1
489	2016	148	18489.6	12.1	22.9	1.5975	2.3	1.7
489	2016	149	18748.8	13	24.6	1.7332	2.1	8.2
489	2016	150	18576	13.2	24.7	1.8807	2.2	33.3
489	2016	151	13219.2	12.1	20.5	1.6472	4	1.2
489	2016	152	27129.6	10.8	22.3	1.3163	3.1	0
489	2016	153	5788.8	13.3	18.6	1.5204	3.4	0.7
489	2016	154	6825.6	13.4	19.1	1.6235	2	1.3
489	2016	155	11145.6	12.5	19.2	1.6546	1.5	2.1
489	2016	156	21427.2	14	24.1	1.7605	1.9	0
489	2016	157	20476.8	13.8	25.3	1.8841	2	1.2
489	2016	158	26956.8	12.1	27.3	1.6955	2.2	0
489	2016	159	28598.4	14.2	27.1	1.5793	2	0
489	2016	160	15638.4	15.2	24.3	1.5859	2.1	0
489	2016	161	27388.8	12.4	21.7	1.2228	2.3	0
489	2016	162	27475.2	10.2	23.4	1.2227	1.6	0
489	2016	163	10540.8	13.3	21.2	1.6512	1.5	13
489	2016	164	15120	13.5	20.4	1.6973	3.4	7
489	2016	165	18230.4	12.8	20.9	1.6099	4.3	3.1
489	2016	166	16243.2	12.9	20.3	1.6035	3.4	5.3
489	2016	167	19785.6	11	19.9	1.3674	3.8	0
489	2016	168	9331.2	9.5	17.4	1.3558	1.7	3.3
489	2016	169	16588.8	10.9	19.5	1.3629	5.4	0
489	2016	170	21081.6	10.4	20.6	1.4069	3	5.2
489	2016	171	21427.2	10.7	19.3	1.2944	2.6	0
489	2016	172	25142.4	9.1	22.1	1.2567	2.7	0.9
489	2016	173	15638.4	13.2	22.6	1.6587	3.6	0
489	2016	174	24105.6	16.9	28	1.8984	2	0
489	2016	175	30067.2	15.8	32.1	1.9297	2.5	0
489	2016	176	28944	16.5	32.6	2.0925	2.2	2.3
489	2016	177	18835.2	13.8	26.5	1.9083	3.8	1.9
489	2016	178	21945.6	12.2	22.4	1.3803	2.7	0
489	2016	179	19008	11.7	21.1	1.2852	2.9	0
489	2016	180	14860.8	14.5	21.2	1.6127	2.3	5.8
489	2016	181	22291.2	15.6	24.1	1.6882	4.1	0.3
489	2016	182	16156.8	14.3	24.3	1.654	3.1	0
489	2016	183	24019.2	15.2	26.2	1.706	3.7	0.1
489	2016	184	11318.4	11.7	21	1.4482	4	1.9
489	2016	185	16761.6	10.4	20.5	1.2797	3.3	0
489	2016	186	17280	11	23.1	1.3781	1.6	0
489	2016	187	22809.6	14.5	24.1	1.4975	4.3	0
489	2016	188	23587.2	12.9	21.6	1.1991	3.5	0
489	2016	189	28166.4	11.6	25.3	1.2506	1.7	0
489	2016	190	22723.2	11.5	27.7	1.389	3.2	0
489	2016	191	24192	16.4	26.3	1.5725	2.8	0
489	2016	192	26697.6	14	31.9	1.7611	2.4	0
489	2016	193	21945.6	17.7	29.2	1.9014	4.6	0.8
489	2016	194	8121.6	16.3	20.7	1.5735	2.5	0.1
489	2016	195	15897.6	13.8	21.2	1.4178	3.3	1.6
489	2016	196	14601.6	12.2	19.3	1.1973	3.4	0.1
489	2016	197	19353.6	11.1	20.3	1.1044	3.2	0
489	2016	198	20044.8	9.8	23.4	1.2073	2.7	0
489	2016	199	20822.4	16.2	27.6	1.7311	2.8	0
489	2016	200	25747.2	16.3	28.7	1.6321	2.2	0
489	2016	201	27648	13.8	31.3	1.5279	1.5	0
489	2016	202	27561.6	15.7	33.7	1.6767	2.2	4.5
489	2016	203	9676.8	16.7	23.2	1.9081	2.1	3.5
489	2016	204	22636.8	15.5	28.9	2.0033	2.3	19
489	2016	205	13132.8	18.2	26.3	2.331	1.8	2.7
489	2016	206	14601.6	17.7	26.1	2.2556	1.5	0
489	2016	207	15033.6	17.2	27.1	2.2636	1.6	2.4
489	2016	208	19180.8	18	29.4	2.3396	2.1	2.7
489	2016	209	18921.6	16	26.2	1.9232	2.4	5
489	2016	210	16761.6	14.9	25.7	1.7596	2.4	0.2
489	2016	211	19526.4	17.1	26.1	1.8542	3.9	0
489	2016	212	18057.6	15.9	26.9	1.8062	2.7	2.9
489	2016	213	14860.8	14.1	24.4	1.6934	2.6	0
489	2016	214	22982.4	11.6	23.8	1.3145	2.5	0.4
489	2016	215	5616	14.3	16.8	1.5702	3.6	5.1
489	2016	216	10800	16	23.4	1.9017	4.3	0
489	2016	217	12441.6	15.2	25.8	1.9258	2.7	14.7
489	2016	218	14688	14.3	22	1.6642	2.5	0
489	2016	219	18316.8	13	23.3	1.5394	2.4	0
489	2016	220	25056	11.1	26.8	1.509	2.3	0
489	2016	221	20044.8	13.7	26.5	1.5736	3.8	0
489	2016	222	15033.6	13.6	21.4	1.3579	2.3	3.9
489	2016	223	16675.2	8.3	18.1	1.0307	2.8	0
489	2016	224	18835.2	6	18.5	0.9828	2.7	4
489	2016	225	5011.2	11.5	19.1	1.58	2.8	0.3
489	2016	226	21340.8	14.1	27	1.7627	2.8	0
489	2016	227	21686.4	14.6	26.8	1.6572	1.9	0
489	2016	228	22809.6	13.6	27.4	1.5407	2.1	0
489	2016	229	23241.6	12.6	26.7	1.3477	2.4	0
489	2016	230	24192	11.2	24.5	1.1636	2.2	0
489	2016	231	21427.2	9.6	26.2	1.2492	1.8	0
489	2016	232	19612.8	14.4	27.1	1.7112	2.4	0
489	2016	233	10195.2	12.8	24.5	1.6742	2.8	1.9
489	2016	234	17280	12.3	21.5	1.4804	4.1	0.3
489	2016	235	16675.2	12.2	22.9	1.4824	3.1	0
489	2016	236	22118.4	14.1	28.2	1.7036	1.5	0
489	2016	237	22204.8	13.7	30.7	1.6294	2.8	0
489	2016	238	22550.4	15.9	32.7	1.5461	2.8	0
489	2016	239	21772.8	14.1	33.1	1.7151	1.3	0
489	2016	240	21168	16.6	34.4	1.9211	1.6	0
489	2016	241	18662.4	16	34.6	1.7376	3.5	0
489	2016	242	17366.4	16.9	27.7	1.6124	3.1	0
489	2016	243	20822.4	14.1	25.4	1.356	2.6	0
489	2016	244	20563.2	11.1	28.4	1.2411	1.7	0
489	2016	245	15724.8	15.5	26.8	1.5283	2	0
489	2016	246	18835.2	13.1	27.8	1.5119	1.5	0
489	2016	247	13478.4	14.9	27.5	1.5581	2.1	0
489	2016	248	7603.2	15.1	22.7	1.6787	4.1	1.4
489	2016	249	9504	14.3	21.9	1.4723	3.9	0
489	2016	250	19094.4	11.8	25.3	1.4291	2.5	0
489	2016	251	19267.2	11.5	27.3	1.4618	3	0
489	2016	252	18921.6	14.3	30.2	1.7683	2.4	0
489	2016	253	16588.8	14.4	28.7	1.6945	1.7	0
489	2016	254	17712	14.6	29.8	1.7897	1.3	0
489	2016	255	17107.2	14.4	30.5	1.6814	1.5	0
489	2016	256	17193.6	14.7	32.4	1.71	2	0
489	2016	257	17280	15.2	32.3	1.6427	2.1	0
489	2016	258	17107.2	14.9	31.2	1.5186	3	0
489	2016	259	16243.2	16.4	30.8	1.6861	3.3	4.9
489	2016	260	13392	15	23	1.6014	2.9	0.7
489	2016	261	4147.2	14.4	19	1.6326	2.8	18.6
489	2016	262	1987.2	14	16.2	1.577	2.1	5.7
489	2016	263	1987.2	12.5	14.6	1.3801	2	1.2
489	2016	264	10368	9.3	18.5	1.2532	2.1	0
489	2016	265	15120	7.5	18.7	1.0993	2	0
489	2016	266	15552	6.4	20.8	1.1824	1.3	0
489	2016	267	14256	8.6	21.7	1.2897	1.2	0
489	2016	268	15379.2	7.8	22.8	1.2501	1.4	0
489	2016	269	15552	7.5	24.2	1.3129	1.2	0
489	2016	270	4406.4	10.5	18.9	1.4534	1.5	0
489	2016	271	11664	11.7	21.8	1.5426	1.5	0
489	2016	272	13478.4	10.1	22.7	1.397	3.4	0
489	2016	273	14860.8	12.2	24	1.3479	4.4	0
489	2016	274	7344	13	22.1	1.4423	3.1	2.3
489	2016	275	4320	11.8	18.8	1.58	3	0.5
489	2016	276	8812.8	10.7	17.6	1.2092	4.6	0
489	2016	277	6307.2	7.8	14.6	1.1828	3.6	2.4
489	2016	278	6393.6	5.9	15.2	1.0692	2.7	0
489	2016	279	11318.4	5.9	13.3	0.8481	3.8	0
489	2016	280	2592	7	10.3	0.9188	2.4	0
489	2016	281	5788.8	8.3	13.7	1.0886	2.3	0
489	2016	282	4406.4	4.7	11.6	0.9748	1.7	1
489	2016	283	6825.6	3.1	13.3	0.9347	1.4	0
489	2016	284	6912	3.6	11.5	0.8838	1.3	0
489	2016	285	5443.2	2.7	11.1	0.8155	1.8	0
489	2016	286	2851.2	4.2	9.6	0.8652	1.9	0
489	2016	287	4665.6	2.9	10.6	0.7973	5.4	0
489	2016	288	8121.6	3	15.3	0.8808	4.9	0
489	2016	289	6048	5.3	16.9	1.1222	2	0
489	2016	290	8899.2	5.6	17.1	1.2349	1.2	0
489	2016	291	6220.8	5.1	16.1	1.1749	1.1	0.7
489	2016	292	6825.6	10.3	16	1.3446	2.5	6.7
489	2016	293	5270.4	6.2	11.3	0.9701	5.2	3.3
489	2016	294	1555.2	5.1	8.1	0.9353	2.1	7.2
489	2016	295	4233.6	3.9	9.5	0.9123	1.9	1.4
489	2016	296	2160	5.3	9.2	0.9474	2.9	1.5
489	2016	297	7516.8	4.7	11.6	0.9531	2.4	2.9
489	2016	298	2592	8.5	13.2	1.2855	1.8	8.2
489	2016	299	3456	8.5	13.8	1.2187	2	0
489	2016	300	3888	7.6	12.3	1.0394	1.5	0
489	2016	301	6998.4	3.5	13.8	0.9524	1.4	0
489	2016	302	4752	3.8	13.1	0.9727	2.3	0
489	2016	303	7344	3.7	15.1	0.9429	2	0
489	2016	304	8121.6	1.6	13.7	0.8899	1.2	0
489	2016	305	8553.6	3.8	13.6	0.9444	1.3	0
489	2016	306	6652.8	1.9	11.9	0.905	1.1	1.6
489	2016	307	8121.6	4	10.8	0.8645	3.9	0
489	2016	308	3369.6	1.3	8.7	0.75	1.6	0
489	2016	309	5011.2	-0.7	9.8	0.7437	1.7	0.7
489	2016	310	604.8	3.8	8.2	0.9067	2.2	8.3
489	2016	311	4147.2	1.3	8.5	0.7708	2.9	0
489	2016	312	4579.2	0.9	8	0.7301	2.8	0
489	2016	313	2678.4	-0.4	3.3	0.6106	3.1	0.8
489	2016	314	4060.8	-0.4	5.9	0.6625	3.2	9.3
489	2016	315	2073.6	1.9	7.6	0.7884	3.8	10.6
489	2016	316	864	1.2	4.4	0.7022	2.8	14.6
489	2016	317	3283.2	-2.4	2.8	0.5021	1.7	0
489	2016	318	6307.2	-2.9	3.9	0.5195	3.9	0
489	2016	319	7084.8	-5	4.1	0.473	2.1	0
489	2016	320	1296	-2.1	4.9	0.6287	2.8	13.7
489	2016	321	1036.8	5	9.8	0.988	3.7	0.5
489	2016	322	1900.8	8.1	11.2	1.0667	6.1	1.4
489	2016	323	1468.8	5.8	13.8	0.9927	6.2	2.6
489	2016	324	1209.6	1.9	6.7	0.7557	3.5	1.9
489	2016	325	5875.2	2.1	12.9	0.7772	4.3	0
489	2016	326	3110.4	4.5	11.5	0.8255	2.2	0
489	2016	327	1987.2	5.8	10.1	0.9296	1.6	0
489	2016	328	2505.6	3	8.9	0.8756	1.7	0
489	2016	329	3888	4.2	10.7	0.9088	3	0
489	2016	330	1209.6	6	7.7	0.8226	5.1	0
489	2016	331	864	5.7	6.9	0.8112	1.6	0
489	2016	332	2764.8	-0.4	7.2	0.6548	2.3	0
489	2016	333	6048	-3.8	3.3	0.474	3.1	0
489	2016	334	5616	-5.8	2.2	0.4285	1.6	0
489	2016	335	5097.6	-7.6	3.7	0.4025	1.5	0
489	2016	336	1036.8	1.2	4.2	0.5341	3.2	0
489	2016	337	1123.2	-2.4	6.3	0.6399	3	2.5
489	2016	338	3974.4	-5.1	0	0.4914	1	0
489	2016	339	5443.2	-7.6	1.9	0.4311	1.5	0
489	2016	340	1555.2	-6.9	-1.7	0.4134	1.4	0
489	2016	341	950.4	-2.3	-1.4	0.5283	1.5	0
489	2016	342	1036.8	-2.6	-1	0.5249	2.1	0
489	2016	343	3974.4	-4.2	2.5	0.5456	1.2	0
489	2016	344	1296	-3.9	5.2	0.5892	1.5	0
489	2016	345	4579.2	1.1	10	0.7067	2	0
489	2016	346	1382.4	3.2	8.4	0.756	5.2	0.2
489	2016	347	1641.6	3.3	7.3	0.7658	3	0
489	2016	348	2937.6	1.1	5.7	0.7171	1.9	1.5
489	2016	349	1209.6	3.6	6.1	0.8371	1.4	0
489	2016	350	1209.6	2.9	5.3	0.7534	3.9	0
489	2016	351	864	-1.2	3.2	0.5452	3.8	0
489	2016	352	950.4	-1.2	0.2	0.5479	1.6	0.2
489	2016	353	1123.2	-0.7	3.5	0.6557	1.2	0.1
489	2016	354	1382.4	-1.9	2.7	0.5787	3.9	0
489	2016	355	1900.8	-3.2	0.4	0.5074	2.4	0
489	2016	356	777.6	-2.2	-0.2	0.5206	1.8	0
489	2016	357	2073.6	-1.6	1.4	0.5702	2.6	2
489	2016	358	777.6	0.4	2.6	0.6741	1.5	0
489	2016	359	1814.4	2.6	7.6	0.7465	5.7	0.6
489	2016	360	432	5.4	7.8	0.8476	5.9	0
489	2016	361	1641.6	3	9.1	0.8254	4.8	0.3
489	2016	362	1814.4	2.9	5.7	0.6311	5.9	0
489	2016	363	1728	3	5.7	0.65	2.8	0
489	2016	364	4752	-2.1	6.1	0.6069	1.4	0
489	2016	365	3283.2	-6	0.8	0.4846	1	0
489	2016	366	1555.2	-5.9	-3.8	0.4136	0.9	0
