*---------------------------------------------------------------------------*
* Station name: WURZBURG                                
* Year: 2014
* Author: Pedro Alencar                                   -999.000: NIL VALUE
* Source: ECAD 
* Comments: 
* Longitude: 49.7714, latitude: 49.7714, altitude: 268 m.
*
* Column  Daily value
* 1       station number
* 2       year
* 3       day
* 4       irradiation                   (kJ m-2 d-1)
* 5       minimum temperature           (degrees Celsius)
* 6       maximum temperature           (degrees Celsius)
* 7       early morning vapour pressure (kPa)
* 8       mean wind speed (height: 2 m) (m s-1)
* 9       precipitation                 (mm d-1)
*
** WCCDESCRIPTION=GERMANY, WURZBURG                                
** WCCFORMAT=2
** WCCYEARNR=2014
*---------------------------------------------------------------------------*
   49.7714  9.9589    268.  -0.18 -0.55
489	2014	1	3715.2	-1.4	6.9	0.6774	2.5	1
489	2014	2	1987.2	2.7	9.3	0.8132	4.3	1.4
489	2014	3	2246.4	2.4	9.7	0.8442	3.8	0.5
489	2014	4	2419.2	3.9	9	0.8196	3.4	0.2
489	2014	5	1728	0.2	6.9	0.709	3.2	0.2
489	2014	6	1987.2	-0.3	7.5	0.6878	3	1
489	2014	7	4406.4	5.2	13	0.9356	3.1	0.8
489	2014	8	4060.8	4.8	13	1.0028	3.8	0.3
489	2014	9	2937.6	4.4	13.4	0.9458	5.7	1.8
489	2014	10	2419.2	1.8	7	0.669	4.6	0
489	2014	11	1641.6	-1.5	5.9	0.6729	2.7	0.2
489	2014	12	5443.2	-1.9	5.2	0.6194	1.5	0
489	2014	13	1036.8	-2.9	2.9	0.5988	1.7	4.5
489	2014	14	1209.6	1.7	3.4	0.7266	1.2	0
489	2014	15	4665.6	2.6	6	0.7225	3.4	0.8
489	2014	16	1900.8	3	7.2	0.7991	2.5	1.3
489	2014	17	3196.8	1.4	9.1	0.7809	2.9	0
489	2014	18	1728	-0.2	4.9	0.6946	3.3	0
489	2014	19	3628.8	0.6	6.8	0.7245	2.9	0
489	2014	20	777.6	0.6	4	0.7066	1.9	0.1
489	2014	21	1123.2	2.1	3.5	0.6948	2.6	0.1
489	2014	22	1555.2	2.2	4.2	0.7071	1.1	0
489	2014	23	1123.2	1.7	4.8	0.7173	1.9	2.3
489	2014	24	691.2	1.9	3	0.6996	2.3	0
489	2014	25	1468.8	-0.7	1.9	0.5871	2.1	6.4
489	2014	26	2937.6	-0.1	5.6	0.67	5	7.2
489	2014	27	5270.4	-0.1	5.8	0.6823	4.6	1
489	2014	28	4838.4	0.1	4.3	0.6729	3.2	0
489	2014	29	1209.6	-0.2	1	0.5221	4.9	0
489	2014	30	4579.2	-1.4	2.2	0.5032	4.3	0
489	2014	31	3283.2	-2.7	2.2	0.516	1.9	0
489	2014	32	5961.6	-3.1	7.8	0.6078	2.2	2.8
489	2014	33	2937.6	0.8	6	0.7405	1.4	1.4
489	2014	34	2592	0.5	3.2	0.6493	3.5	0
489	2014	35	3283.2	-0.5	4.2	0.6284	2.8	0
489	2014	36	2073.6	-0.6	3.8	0.6378	3.4	0
489	2014	37	6825.6	3.1	10.2	0.7332	4.8	0
489	2014	38	2678.4	3.7	11.4	0.6966	6.3	0.1
489	2014	39	3974.4	0.5	9.5	0.6977	5.3	1.3
489	2014	40	4492.8	0.1	8	0.6446	6.4	1.1
489	2014	41	3196.8	-0.9	4.2	0.6125	3.2	0.5
489	2014	42	3110.4	0.6	6.6	0.6404	4.3	0
489	2014	43	4320	0.2	6.8	0.6359	3.6	0.9
489	2014	44	2678.4	3.2	7.3	0.772	6.3	15.9
489	2014	45	8121.6	1.8	9.2	0.6682	5.3	0.2
489	2014	46	1814.4	5.4	9.3	0.8513	4	7.2
489	2014	47	5616	2.6	9.3	0.7545	6.3	0.9
489	2014	48	9417.6	1.1	10.9	0.7385	2.3	0
489	2014	49	7603.2	-0.8	8.9	0.7099	1.5	1.3
489	2014	50	5875.2	2.8	11	0.8354	3.3	0.6
489	2014	51	6739.2	3.6	11.3	0.8571	2.7	1.2
489	2014	52	4752	1.8	9.3	0.7611	4.3	1.3
489	2014	53	8208	1	9.3	0.6786	3.6	0
489	2014	54	9244.8	1.6	10.4	0.7385	2.5	0
489	2014	55	12787.2	-0.4	11.8	0.6592	2	0
489	2014	56	10972.8	-1.5	13.7	0.6777	1.7	0
489	2014	57	8985.6	4	13	0.8319	1.9	1.7
489	2014	58	4665.6	4.2	9	0.8671	2.7	0.8
489	2014	59	6739.2	3.4	8.9	0.7839	3.5	0.4
489	2014	60	6652.8	1.5	8.5	0.7326	1.5	0
489	2014	61	6998.4	0.4	8.8	0.6869	1.6	0
489	2014	62	6480	0.3	8.9	0.7209	2.2	0
489	2014	63	11923.2	0.2	12.3	0.7038	2	0
489	2014	64	9936	-0.1	12.2	0.6847	2	0
489	2014	65	11491.2	-0.1	10.6	0.701	2.3	0
489	2014	66	13651.2	-1.3	12.6	0.7025	1.3	0
489	2014	67	13910.4	0.3	14.7	0.7357	1.8	0
489	2014	68	15206.4	1.2	17	0.7392	2.1	0
489	2014	69	15120	1.5	16.8	0.6606	2.1	0
489	2014	70	15465.6	1.7	17.5	0.657	3.6	0
489	2014	71	15206.4	3.9	17.8	0.7531	2.8	0
489	2014	72	15292.8	1.3	18.2	0.736	1.4	0
489	2014	73	15120	1	18.2	0.7526	1.5	0
489	2014	74	4060.8	6.3	10.2	0.7524	5.4	0.7
489	2014	75	4665.6	6.6	12.9	0.9412	7.6	0
489	2014	76	6825.6	7.7	13.7	0.9771	4.3	0
489	2014	77	7776	5	14.5	0.9412	3	0.6
489	2014	78	8035.2	7.7	14.5	0.911	7.1	0.9
489	2014	79	17712	2.8	20.8	0.8435	3.3	0
489	2014	80	14947.2	9.3	20.6	0.9337	6.5	0
489	2014	81	3801.6	6.1	10.8	0.9506	3.4	4
489	2014	82	7171.2	2.9	8.3	0.691	2.8	0
489	2014	83	13651.2	0.5	9.8	0.6257	2.6	0
489	2014	84	12355.2	-0.3	8.6	0.6492	1.7	1.5
489	2014	85	15984	-1.7	11.8	0.6038	3.4	0
489	2014	86	17625.6	2.4	15.1	0.6768	4.1	0
489	2014	87	17712	3.4	16.8	0.7782	3.4	0
489	2014	88	19267.2	2.7	19.1	0.7817	3	0
489	2014	89	18576	4.1	20.8	0.8515	1.5	0
489	2014	90	9244.8	5.4	17.3	0.9262	1.1	0
489	2014	91	16502.4	5.1	20.7	0.9513	1.1	0
489	2014	92	18489.6	6.2	21.7	0.939	1.4	0
489	2014	93	13392	6.6	22.4	0.9895	1.4	0
489	2014	94	13824	8.5	23.4	1.0498	3.5	0.3
489	2014	95	11404.8	10	19.6	1.3451	2.3	0.5
489	2014	96	16329.6	10.3	20.2	1.1769	2.4	0
489	2014	97	17971.2	9.6	21.7	1.1364	2.5	0.6
489	2014	98	14601.6	7.5	17.4	0.8515	7.6	0.1
489	2014	99	16761.6	4.3	13.6	0.686	4.8	0
489	2014	100	7430.4	8.8	13.9	0.9396	2.5	0
489	2014	101	18144	8.1	17.5	1.0041	2.3	0.2
489	2014	102	17280	7.6	19.3	0.9706	1.7	0
489	2014	103	21945.6	8	17.6	0.8269	3.8	0
489	2014	104	15811.2	4.3	13.8	0.7828	5.8	2.2
489	2014	105	7862.4	3	8.1	0.5799	3.2	0
489	2014	106	19612.8	0.7	13.6	0.6374	2.9	0
489	2014	107	23587.2	0.3	15.5	0.5537	2.6	0.2
489	2014	108	7689.6	2.7	11.2	0.7584	2.4	3.6
489	2014	109	22636.8	1.8	16.3	0.9094	4.7	0
489	2014	110	17971.2	8	20.2	1.0446	5.2	0
489	2014	111	16243.2	5.6	17.8	0.9479	2.5	0
489	2014	112	17020.8	7.2	18.9	1.0807	2.3	0
489	2014	113	24192	5.4	22.3	0.9962	1.7	0
489	2014	114	23414.4	8.1	24	1.0747	3.3	0
489	2014	115	21859.2	10.3	24.2	1.258	3.2	0
489	2014	116	15292.8	11.4	20.3	1.3848	2.4	8.7
489	2014	117	4233.6	10	12.8	1.2525	2.6	5.5
489	2014	118	4752	9.9	13.1	1.2744	1.9	0.1
489	2014	119	8899.2	11.1	17.4	1.4605	1.9	17.4
489	2014	120	16588.8	9	21.4	1.4319	1.8	1.3
489	2014	121	9849.6	10.5	15.9	1.349	1.6	3.1
489	2014	122	10627.2	6.8	17.5	1.1603	3.3	0.7
489	2014	123	9417.6	4.7	10.8	0.7273	3	0
489	2014	124	26784	1.1	15.9	0.732	1.4	0
489	2014	125	24624	3.6	18.6	0.845	1.6	0
489	2014	126	17366.4	5.8	21.2	0.9738	3.8	4.5
489	2014	127	16675.2	10.3	17.3	1.2136	5	4.8
489	2014	128	14601.6	9.4	18.4	1.2691	5.6	4.7
489	2014	129	14083.2	10	19.1	1.2574	6.6	1
489	2014	130	10454.4	7.7	17.2	1.1979	4.2	6.1
489	2014	131	22550.4	7.9	15.2	1.0473	8	0.8
489	2014	132	19353.6	6.8	14.8	1.0095	6.2	1.7
489	2014	133	20995.2	6.4	16	0.9835	3.8	0
489	2014	134	20908.8	5.9	14.5	0.9202	2.7	1.2
489	2014	135	17107.2	6.1	14.4	0.8609	2.5	0.1
489	2014	136	26179.2	7.9	18.7	0.9002	3.3	0
489	2014	137	24364.8	8	19	0.9583	2.8	0
489	2014	138	18835.2	9.6	20.2	1.1846	2.4	0
489	2014	139	25315.2	7.6	25.4	1.2372	2.2	0
489	2014	140	27475.2	10.1	27.7	1.2645	1.9	0
489	2014	141	25660.8	11.4	28.6	1.2605	2.9	0
489	2014	142	24105.6	13.3	28.3	1.5203	2.3	5.9
489	2014	143	15552	11.7	20.5	1.4619	1.9	0.3
489	2014	144	21081.6	9	20.4	1.2195	3.5	0
489	2014	145	25833.6	6.7	23	1.0458	2.4	1.2
489	2014	146	12009.6	12.8	21.2	1.6059	2.3	30.2
489	2014	147	8553.6	13.4	17.8	1.5399	3.4	0.2
489	2014	148	9849.6	12.1	16.3	1.294	4.5	0.6
489	2014	149	4752	7.9	14.2	1.2369	2.3	6.6
489	2014	150	16416	7	15.3	1.0067	2.5	0
489	2014	151	24364.8	5.7	20.4	0.9757	1.7	0
489	2014	152	21427.2	11.1	20.6	1.0971	2.2	0
489	2014	153	23241.6	10.3	21.8	1.1476	1.7	0
489	2014	154	23587.2	8.8	22.3	1.1821	1.8	0
489	2014	155	21600	9.6	23.7	1.4382	3	1.5
489	2014	156	26092.8	9.5	20.1	1.0593	4.3	0
489	2014	157	30499.2	7.4	26.7	1.087	1.5	0
489	2014	158	27993.6	11.7	30.6	1.4782	1.4	0
489	2014	159	28857.6	15.1	33.3	1.7177	1.8	0
489	2014	160	28857.6	16.9	35	1.7389	1.7	0
489	2014	161	26438.4	19.2	32.5	1.7286	2.5	0
489	2014	162	25315.2	18.6	29.8	1.8985	3	0
489	2014	163	19094.4	15.4	26.2	1.6675	2.4	0
489	2014	164	29635.2	12.8	25.5	1.24	2.8	0
489	2014	165	19267.2	11.6	20.2	1.1006	2.5	0
489	2014	166	26784	9.9	22.4	1.0449	3.1	0
489	2014	167	19872	9.7	22.7	1.1034	2.3	0
489	2014	168	22723.2	11.2	22.8	1.1996	2.5	0
489	2014	169	26438.4	10.8	26	1.1622	2.4	0
489	2014	170	27388.8	12.2	22.7	1.2143	3.5	0
489	2014	171	13910.4	11.6	19.5	1.1468	3.2	0
489	2014	172	18921.6	10	21	1.0904	2.1	0
489	2014	173	23760	7.6	23.5	1.0586	2.5	0
489	2014	174	29030.4	9	24.4	1.0631	2.2	0
489	2014	175	26697.6	11	24.5	1.0955	2.1	0.1
489	2014	176	19353.6	10.2	20.4	1.1286	2.8	0.1
489	2014	177	23846.4	7	21.6	0.9768	1.8	0
489	2014	178	25574.4	8.1	26.9	1.0783	2	2.5
489	2014	179	13564.8	13.1	23.2	1.7266	3.3	10.6
489	2014	180	12960	12.1	18.6	1.498	3.9	1.8
489	2014	181	20476.8	10.8	21	1.281	3.2	0.1
489	2014	182	24624	8.9	23.2	1.0747	1.5	0
489	2014	183	29203.2	9.9	24.9	1.012	2.4	0
489	2014	184	27907.2	9.7	28.3	1.2066	3	0
489	2014	185	25401.6	12.9	30.9	1.2065	2.4	0
489	2014	186	15379.2	17.9	26.3	1.7788	5.1	0
489	2014	187	23932.8	16.5	31.5	1.8759	3.4	9.2
489	2014	188	13651.2	16.3	24.2	1.8727	2.6	10.4
489	2014	189	9158.4	13.1	20.1	1.6978	4.5	17.4
489	2014	190	7430.4	11.2	14.2	1.3644	6	5.5
489	2014	191	5529.6	11.7	16.5	1.4303	2.3	0.2
489	2014	192	21686.4	13.3	26.3	1.8213	1.8	0.6
489	2014	193	19612.8	15.8	25	1.7465	2.4	0
489	2014	194	9158.4	15.4	20.2	1.8315	3.1	11.2
489	2014	195	18144	14.8	24.9	1.7576	2.9	5.7
489	2014	196	21600	13.5	26	1.5859	1.8	0
489	2014	197	19353.6	14.1	26.7	1.6269	1.6	0
489	2014	198	28080	13.5	29.7	1.5194	1.6	0
489	2014	199	27475.2	15.2	31.4	1.6559	1.8	0
489	2014	200	26956.8	16.4	32.8	1.6975	2.4	0
489	2014	201	15120	17.8	30.5	1.8027	2.8	4.8
489	2014	202	15033.6	17	25	2.0356	2.7	2.7
489	2014	203	16502.4	18.9	27.7	2.027	3.5	3.5
489	2014	204	24364.8	17.4	29	1.5324	3.7	0
489	2014	205	24019.2	15.5	27.6	1.4121	3.5	0.1
489	2014	206	24105.6	14.3	27.4	1.5496	1.9	0
489	2014	207	18921.6	15.2	28.6	1.9671	2	3.8
489	2014	208	19267.2	16.6	29.3	2.0406	2	0
489	2014	209	22464	15.5	28.7	1.9381	2.5	0
489	2014	210	17539.2	17.3	27.7	2.2034	2.2	2.4
489	2014	211	11491.2	18.1	24.5	2.1239	2.7	0
489	2014	212	17712	15.7	26.1	1.6777	1.6	0
489	2014	213	20217.6	13.8	26.3	1.5219	1.7	0
489	2014	214	15379.2	14.6	27.9	1.9662	1.8	3.1
489	2014	215	11750.4	16.7	24.8	2.1513	1.9	2.4
489	2014	216	19180.8	16	26.8	1.9589	2.6	0
489	2014	217	19353.6	14.3	24.4	1.6591	2.9	0
489	2014	218	20908.8	12.8	25.2	1.4698	1.8	0.3
489	2014	219	15638.4	15.2	25.8	1.6851	2.1	0
489	2014	220	22291.2	12.8	28.5	1.555	2.2	0
489	2014	221	18835.2	15.2	26.6	1.5297	4.7	0.9
489	2014	222	16070.4	14.5	29.7	1.9647	3.5	8.5
489	2014	223	19353.6	14.3	23.6	1.4434	4.1	0
489	2014	224	16934.4	12.8	23.5	1.2689	4.7	0
489	2014	225	6912	10.7	18.8	1.4748	2.9	12.6
489	2014	226	14428.8	12.5	20.3	1.5832	3.7	5.1
489	2014	227	10627.2	12.3	18.5	1.5028	3.9	1.3
489	2014	228	16675.2	12.2	19.7	1.4842	3.4	1.6
489	2014	229	16329.6	12.8	21.1	1.3694	5.5	0
489	2014	230	8640	11.4	17.6	1.3028	6.1	1.7
489	2014	231	16329.6	9.2	21.3	1.298	3.5	0
489	2014	232	16502.4	8.9	18.7	1.0402	1.6	0
489	2014	233	16934.4	9.4	20.2	1.1265	2.2	0
489	2014	234	17712	7.3	21.5	1.0487	3	0
489	2014	235	11232	10.8	18.9	1.2482	3.7	0.3
489	2014	236	15292.8	8.1	19.1	1.1513	3.4	0.6
489	2014	237	11923.2	6.7	19.6	1.1482	2.5	12.3
489	2014	238	6480	11.5	18.6	1.6232	2.5	24.5
489	2014	239	18144	10.6	20.9	1.3939	1.7	0
489	2014	240	19872	7.9	24.2	1.4026	1.9	0
489	2014	241	13910.4	15.1	24.1	1.7534	2.8	1.9
489	2014	242	15897.6	13.6	23.1	1.6009	2.2	13.2
489	2014	243	5702.4	11.7	17.6	1.532	2.5	4.8
489	2014	244	8467.2	10.5	17	1.3354	2.1	0.1
489	2014	245	7430.4	12.7	17.7	1.5009	1.9	0.5
489	2014	246	7430.4	10.9	17.3	1.3499	4	0
489	2014	247	10800	14.4	23.2	1.7549	3.7	0
489	2014	248	9244.8	15.1	22.6	1.8691	1.4	0
489	2014	249	12441.6	13.5	25.2	1.9506	1.1	0.5
489	2014	250	11318.4	14.1	24.2	1.9265	1.3	1.1
489	2014	251	13737.6	14.6	24.4	1.7878	1.7	0
489	2014	252	15465.6	11.5	21.8	1.4382	2.1	0
489	2014	253	10886.4	10.4	19.3	1.282	2.1	2.3
489	2014	254	8380.8	8.7	17.3	1.3315	2.1	10.8
489	2014	255	1123.2	11.3	16	1.4984	2.9	8.4
489	2014	256	5011.2	14.6	19.1	1.7057	2	0
489	2014	257	7430.4	13.9	19.4	1.6086	2.6	0
489	2014	258	9244.8	13.6	21.3	1.692	1.7	0
489	2014	259	14688	12.2	22.3	1.6708	1.8	0
489	2014	260	16934.4	10.8	23.1	1.5816	1.9	0
489	2014	261	11750.4	12.5	22.8	1.6329	1.6	0
489	2014	262	9331.2	14.4	23.2	1.8849	1.8	0
489	2014	263	10886.4	14.7	23	1.9777	1.6	2.5
489	2014	264	4752	11.1	18.9	1.6009	2	1.9
489	2014	265	8208	7.8	14.7	1.1601	3.8	2.9
489	2014	266	13737.6	5.4	15.8	0.9834	2.3	0
489	2014	267	10540.8	3.7	15.7	1.0462	1.9	0
489	2014	268	7776	9.8	16.2	1.2268	2.9	0
489	2014	269	10281.6	11.3	17.9	1.3113	2.5	0.2
489	2014	270	10800	10.7	21.2	1.5566	1.1	0
489	2014	271	13651.2	7.3	21.9	1.4441	1.4	0
489	2014	272	14169.6	10	25.5	1.6026	1.5	0
489	2014	273	7171.2	13	19.8	1.5646	1.8	0
489	2014	274	12096	11.3	22.3	1.643	1.2	0
489	2014	275	9158.4	10.3	20	1.5649	1.1	0
489	2014	276	12700.8	9.2	20.1	1.4154	1.5	0
489	2014	277	13737.6	8.4	19.5	1.2891	2.6	0
489	2014	278	3369.6	8.5	13.3	1.1986	1.9	0
489	2014	279	9676.8	8.3	16.2	1.2677	2.2	0.9
489	2014	280	3369.6	8.2	17.2	1.291	4.4	0.2
489	2014	281	3369.6	11.1	18	1.489	3.2	0.8
489	2014	282	7776	14.5	24.5	1.6973	2.8	0.1
489	2014	283	3628.8	13.8	17.6	1.6744	1.7	8.1
489	2014	284	3283.2	11.9	17.9	1.6245	2	0
489	2014	285	5097.6	11	16.7	1.518	2.1	1
489	2014	286	3628.8	11	17	1.5328	1.2	0.2
489	2014	287	9590.4	11.1	21.2	1.6132	2	0.9
489	2014	288	6912	11.1	18.4	1.5419	1.5	2.1
489	2014	289	5961.6	12.5	18.5	1.6004	3.9	8.2
489	2014	290	4924.8	10.5	16.9	1.472	2.6	1.2
489	2014	291	9417.6	7.5	19.5	1.4066	1.9	0
489	2014	292	9936	9.3	22.5	1.5877	2.8	0.5
489	2014	293	3283.2	10.8	18.7	1.4078	2.9	0
489	2014	294	6393.6	7.2	15.4	1.1372	5.5	5.6
489	2014	295	2592	6.1	8.5	0.8688	7.8	8.2
489	2014	296	5961.6	4.2	12.7	0.8733	3	0.1
489	2014	297	7516.8	2.7	12.6	1.005	1.1	0
489	2014	298	5097.6	5.6	12.6	1.0742	1.7	0.1
489	2014	299	3628.8	6.8	14.7	1.1738	1.5	0.3
489	2014	300	1987.2	6.3	9.5	0.969	3.8	0
489	2014	301	1641.6	5.6	7.9	0.8367	3.3	0
489	2014	302	2937.6	5.6	9.7	0.9108	1.5	0.7
489	2014	303	3196.8	6.2	11.7	1.0748	1.1	0
489	2014	304	4320	8.4	14.4	1.266	1.6	0
489	2014	305	6048	6.1	14.9	1.2179	1.1	0
489	2014	306	6998.4	4.9	14.1	1.1509	1.3	0
489	2014	307	5529.6	7.1	18.8	1.2377	2.9	0
489	2014	308	2246.4	7.8	11.4	1.0034	2.2	0.2
489	2014	309	1296	7.2	9.7	1.0501	2.5	11.7
489	2014	310	3974.4	2	10.3	0.8784	1.9	0
489	2014	311	2419.2	0.6	7.3	0.8022	1.4	0.1
489	2014	312	7948.8	3.9	13.5	0.9893	2.3	0
489	2014	313	2160	3.2	8.8	0.8787	2.1	0
489	2014	314	1987.2	4.6	8.4	0.9289	1.7	1.8
489	2014	315	1728	3.9	9.2	0.9515	2.7	0
489	2014	316	1555.2	3.9	8.4	0.9351	1.5	0
489	2014	317	1987.2	7	10.1	1.0461	1.4	0
489	2014	318	1641.6	7.1	10.3	1.0118	3.5	0
489	2014	319	3196.8	7.9	11.9	1.1091	2.7	4.1
489	2014	320	1900.8	5.8	9	0.988	3.1	1.6
489	2014	321	4752	3.9	9.7	0.8988	2.4	0
489	2014	322	864	6.5	8.1	0.9608	2.1	15.8
489	2014	323	1641.6	6.1	8.1	0.9377	1.5	0
489	2014	324	2678.4	3.4	7.8	0.8274	1.9	0
489	2014	325	5270.4	1.6	8.6	0.7465	3	0
489	2014	326	2073.6	0.4	4.4	0.7043	2.2	0
489	2014	327	5702.4	0.2	9.6	0.8054	2.5	0
489	2014	328	1296	3.3	6.8	0.8226	1.6	0
489	2014	329	1641.6	-0.5	4.8	0.6776	3.4	0
489	2014	330	2678.4	-0.1	4.6	0.6178	5.1	0
489	2014	331	1814.4	3.1	5.2	0.6903	4.6	0
489	2014	332	950.4	2.3	4.1	0.684	5.3	0
489	2014	333	777.6	2	3	0.6509	5	0
489	2014	334	604.8	2.1	2.6	0.6657	4.5	0
489	2014	335	691.2	1.4	3.8	0.6334	4.8	0
489	2014	336	691.2	-0.1	1.7	0.6151	4	2.6
489	2014	337	1641.6	-0.6	1.4	0.5975	2.8	0
489	2014	338	777.6	0.4	2.9	0.6607	1.5	0
489	2014	339	518.4	2.2	3.2	0.7195	1.2	0
489	2014	340	1296	2.3	4.4	0.7224	1.4	0
489	2014	341	2505.6	-0.1	4.6	0.6681	2.3	0.6
489	2014	342	3369.6	-2.2	5.6	0.6286	2.9	0
489	2014	343	1296	-3.8	0.2	0.5356	1.5	0
489	2014	344	1036.8	-0.8	3.7	0.631	4.4	0.2
489	2014	345	1296	3.5	6.2	0.7767	7.3	9.5
489	2014	346	1555.2	5	10.5	0.8011	8.8	0
489	2014	347	2160	6.4	10.6	0.9095	4.9	3.2
489	2014	348	1036.8	4.2	7.7	0.9036	2.1	3.8
489	2014	349	4752	4.5	9.4	0.8483	3.1	1.9
489	2014	350	1814.4	1.6	7.3	0.7889	2.8	0.8
489	2014	351	950.4	0.2	6.2	0.7224	4.3	2.3
489	2014	352	2073.6	6.2	13	1.1109	5.7	0
489	2014	353	864	4.3	11.7	0.8792	8.5	7.5
489	2014	354	1987.2	2.5	6.2	0.6834	7	3.2
489	2014	355	2592	3.4	6.1	0.7285	7.1	0.1
489	2014	356	1468.8	5.7	8.2	0.8083	7.3	0
489	2014	357	1382.4	3.2	8.6	0.7891	5.6	0
489	2014	358	3888	1.1	9.3	0.7517	6.7	2.9
489	2014	359	3283.2	1.8	7.3	0.6845	6.2	0.2
489	2014	360	3542.4	-1.7	4.5	0.6152	2.8	0.1
489	2014	361	864	-3.3	0.2	0.5346	6.3	9.2
489	2014	362	4060.8	-9	-3.2	0.3102	4	0
489	2014	363	1468.8	-11	-0.2	0.3665	2.9	1.2
489	2014	364	1209.6	-3.2	1.5	0.5341	2.5	0.4
489	2014	365	1296	0.4	2	0.6331	1.8	1.1
