*---------------------------------------------------------------------------*
* Station name: HOF                                     
* Year: 1998
* Author: Pedro Alencar                                   -999.000: NIL VALUE
* Source: ECAD 
* Comments: 
* Longitude: 50.3131, latitude: 50.3131, altitude: 565 m.
*
* Column  Daily value
* 1       station number
* 2       year
* 3       day
* 4       irradiation                   (kJ m-2 d-1)
* 5       minimum temperature           (degrees Celsius)
* 6       maximum temperature           (degrees Celsius)
* 7       early morning vapour pressure (kPa)
* 8       mean wind speed (height: 2 m) (m s-1)
* 9       precipitation                 (mm d-1)
*
** WCCDESCRIPTION=GERMANY, HOF                                     
** WCCFORMAT=2
** WCCYEARNR=1998
*---------------------------------------------------------------------------*
   50.3131  11.8775    565.  -0.18 -0.55
490	1998	1	4406.4	-0.2	7.4	0.6878	2.8	2.9
490	1998	2	1555.2	1.4	6.9	0.7478	5.3	6.5
490	1998	3	1555.2	3.5	6.8	0.7667	7.4	7
490	1998	4	1641.6	1.6	6.8	0.6927	7.7	4.4
490	1998	5	3024	1.4	4.3	0.5098	8.4	6.9
490	1998	6	1296	0.9	4	0.6413	6.8	1
490	1998	7	1382.4	1.1	8.2	0.7744	5.7	1.1
490	1998	8	2246.4	4.5	7.4	0.6987	7.8	0.1
490	1998	9	1814.4	6.1	8.6	0.841	5.5	0
490	1998	10	5184	2.9	11.8	0.8308	2.1	0
490	1998	11	5356.8	-0.7	10.7	0.6279	2.4	0
490	1998	12	5529.6	-0.9	12.2	0.6478	2.6	0
490	1998	13	5011.2	-0.9	5.7	0.6099	2.3	0
490	1998	14	4924.8	-2.8	7.9	0.6018	3.2	0
490	1998	15	1814.4	1.2	4.5	0.6073	4.4	0.4
490	1998	16	1468.8	2.5	4.8	0.7537	4.3	2.9
490	1998	17	4752	0.3	4.7	0.5997	5.2	0
490	1998	18	2419.2	-0.6	4.1	0.5338	5	4
490	1998	19	1555.2	0.2	2.4	0.651	5.6	10.8
490	1998	20	1900.8	-2.3	1.6	0.5599	4.9	4.8
490	1998	21	1641.6	-4	-0.6	0.4748	4	1
490	1998	22	1641.6	-4.7	-1.1	0.4739	4.7	0.7
490	1998	23	1641.6	-5.2	-1.6	0.4518	3	0
490	1998	24	1641.6	-6.1	-2.7	0.4147	2	2.1
490	1998	25	2073.6	-6.7	-2.9	0.3895	4.4	0.1
490	1998	26	4838.4	-9.6	-6.6	0.3156	2.1	0
490	1998	27	6220.8	-14.5	-2	0.2988	0.7	0
490	1998	28	1814.4	-13.3	-5.6	0.278	1.9	0.7
490	1998	29	3801.6	-6.3	-0.8	0.4279	2.3	0.5
490	1998	30	2246.4	-7.9	-2.9	0.3681	4	2.1
490	1998	31	6652.8	-15.4	-2.3	0.2475	3.4	0
490	1998	32	7344	-19.3	-7.2	0.1477	2.5	0
490	1998	33	7257.6	-17.6	-5.6	0.1839	3.3	0.2
490	1998	34	6998.4	-9.9	-1.8	0.3478	4.7	0
490	1998	35	6825.6	-13.5	0.5	0.2519	2	0
490	1998	36	7689.6	-12.7	2.9	0.3313	2.2	0
490	1998	37	6998.4	-2.4	2.8	0.5021	2.2	0
490	1998	38	5961.6	-6.3	2.2	0.4469	4.2	0.3
490	1998	39	3888	-1.2	1	0.5399	4.8	0
490	1998	40	2592	-0.3	4.5	0.462	3.4	0
490	1998	41	8121.6	0.3	8.7	0.4379	3.2	0
490	1998	42	7862.4	-0.8	8.6	0.5006	4	0
490	1998	43	4320	3.9	7.9	0.6313	4.9	0
490	1998	44	4406.4	5.3	10.4	0.9445	4.2	0
490	1998	45	7516.8	7.3	12.9	1.087	3.3	0
490	1998	46	4060.8	4.3	10.4	0.8308	3.6	0
490	1998	47	2505.6	4.5	11.1	0.7509	5.7	2
490	1998	48	3456	0.2	6.4	0.6656	4.6	0.8
490	1998	49	7084.8	-0.7	9.8	0.6676	2.3	0
490	1998	50	8553.6	-0.3	9.8	0.6599	4	0
490	1998	51	8985.6	1.4	10.7	0.7598	2.3	0
490	1998	52	9936	1.5	15.9	0.8207	3.1	0.3
490	1998	53	2764.8	4.7	9	0.9317	2	2.5
490	1998	54	4838.4	1.5	6.7	0.7288	2.7	0
490	1998	55	3628.8	-0.1	5.1	0.6801	3.1	2.9
490	1998	56	2851.2	3.6	8	0.8943	2.3	2.3
490	1998	57	4665.6	5.8	9.6	0.9769	2.1	0
490	1998	58	2937.6	4.2	6.4	0.8192	6.8	0
490	1998	59	3024	-0.7	6.1	0.675	7.1	2.9
490	1998	60	8899.2	-2.1	4	0.5236	5	1.8
490	1998	61	3542.4	-0.9	4.9	0.614	5.7	0.8
490	1998	62	3196.8	3.1	9.7	0.7303	6.4	2.1
490	1998	63	5097.6	8.7	15.7	0.7666	7.8	9.8
490	1998	64	10713.6	-0.2	14.3	0.8239	8.1	5.3
490	1998	65	3369.6	-0.5	3.5	0.6741	6.2	7.9
490	1998	66	4147.2	3.4	7.3	0.8489	7.2	4.7
490	1998	67	5529.6	-1	6.4	0.7047	5.9	1.7
490	1998	68	12873.6	-5.9	0	0.4082	4.7	0.1
490	1998	69	6912	-4.1	0.8	0.5144	2.8	1.8
490	1998	70	11318.4	-3.8	2.7	0.4461	4.1	0
490	1998	71	4406.4	-5.3	2.3	0.4326	3	0.7
490	1998	72	7948.8	-4.8	2.3	0.4183	4.8	0.1
490	1998	73	4752	0.2	5.5	0.6598	5.7	4.1
490	1998	74	7516.8	0	7	0.7222	3.8	4.8
490	1998	75	3888	1.9	6.3	0.8189	3.1	1.7
490	1998	76	3888	4.8	6.1	0.8638	4.1	0.3
490	1998	77	3974.4	4	6.9	0.8278	3.4	0.3
490	1998	78	11318.4	-0.3	5.1	0.5591	4.6	1
490	1998	79	5616	-0.6	2.7	0.5999	4.2	3.7
490	1998	80	15552	-6.7	3.1	0.3856	3.6	0
490	1998	81	8121.6	-4.4	2.8	0.4035	2.3	3
490	1998	82	12528	-3.4	1.2	0.4229	5.8	0
490	1998	83	17452.8	-5.7	3.5	0.3778	3.8	0
490	1998	84	17452.8	-8	5.3	0.3598	1.6	0
490	1998	85	17884.8	-5.4	8.1	0.3907	3.2	0
490	1998	86	4406.4	-1.3	5.6	0.6063	3.4	0.2
490	1998	87	11059.2	5	13.3	0.9619	1.2	0
490	1998	88	17971.2	2.8	16.2	0.8662	3.3	0
490	1998	89	11059.2	3.5	15.9	0.7456	3	0
490	1998	90	18316.8	2.2	20.7	0.9999	1.7	0
490	1998	91	13478.4	4.9	18.9	1.044	2.7	0.1
490	1998	92	12787.2	8.2	14.5	1.1812	3.8	2.1
490	1998	93	5702.4	6.1	12.9	1.1035	4.4	0.5
490	1998	94	6393.6	5.7	11.7	0.9331	5.4	1.2
490	1998	95	13219.2	5	11.8	0.8042	4.9	0
490	1998	96	16416	4	13.5	0.8686	3.7	0.5
490	1998	97	9936	4.7	13.6	0.8808	4.2	6.4
490	1998	98	12441.6	3	9.1	0.8911	6.5	1.3
490	1998	99	15379.2	-1.3	12.1	0.7712	2.4	4.5
490	1998	100	19440	1.6	15.7	0.7507	4.2	0.9
490	1998	101	16329.6	3.4	11.4	0.7719	4.8	0.5
490	1998	102	5270.4	2	4.1	0.7072	3.8	1.2
490	1998	103	16848	-0.9	7.6	0.5437	2.5	0
490	1998	104	19180.8	-3	8.1	0.455	2.8	0
490	1998	105	10108.8	-2.4	10.9	0.5048	4.2	1.3
490	1998	106	14169.6	2.1	7.8	0.6518	4.5	0
490	1998	107	13478.4	-1.8	10.4	0.5979	2.1	0.3
490	1998	108	5529.6	3.9	6.5	0.8578	2.4	0.5
490	1998	109	5616	2.8	5	0.7913	3.1	0.8
490	1998	110	19267.2	3.2	13.9	0.8124	3	0.1
490	1998	111	14774.4	4.3	13.1	0.8882	3.1	1
490	1998	112	23328	-0.4	15.9	0.7062	2.3	0
490	1998	113	23760	3.5	19.1	0.8562	3.1	0.1
490	1998	114	11664	5.5	15.8	0.961	3.5	0
490	1998	115	13737.6	5.5	16.7	1.0166	3	0
490	1998	116	12268.8	9.2	17.6	1.2746	2.7	0.2
490	1998	117	12355.2	10.5	20.5	1.2838	2.9	1.5
490	1998	118	5961.6	6.5	14	1.2227	2.7	5.9
490	1998	119	16329.6	7.4	15.4	1.2255	2.4	0
490	1998	120	24105.6	6.7	19.6	0.9972	3.1	0
490	1998	121	24624	7.3	19.9	1.0268	2.6	0
490	1998	122	12268.8	7.9	15.3	1.2964	2.9	4.9
490	1998	123	6220.8	8.9	11.3	1.1982	2.9	2.4
490	1998	124	12614.4	3.5	9.2	0.7757	4.6	0.1
490	1998	125	14688	1.8	11.6	0.7357	3.6	0.1
490	1998	126	7862.4	6.3	11.2	1.004	4.9	0.4
490	1998	127	13910.4	7.7	16.7	1.1216	3.1	0
490	1998	128	25747.2	5.2	22.7	0.9549	2.1	0
490	1998	129	25833.6	6.1	25.2	0.9588	1.5	0
490	1998	130	22896	8.8	26.1	1.1148	1.9	0
490	1998	131	26352	9.6	25.3	1.1546	1.6	0
490	1998	132	26179.2	9.9	26.5	1.1895	2.1	0
490	1998	133	21686.4	11.6	20.1	1.4927	4.3	0
490	1998	134	27388.8	5	20.6	0.7383	3.8	0
490	1998	135	24278.4	4	17.8	0.7687	3.7	0
490	1998	136	26784	2.7	15.4	0.7367	3.6	0.6
490	1998	137	19872	7.4	15.7	1.0201	3.6	0.3
490	1998	138	24537.6	4	18.2	0.845	3.1	0
490	1998	139	26611.2	7.6	20	0.9772	3	0
490	1998	140	15897.6	8	16.9	1.1257	2.5	0.1
490	1998	141	9936	7.1	11.4	1.0384	2.7	0.8
490	1998	142	14083.2	2.2	10.7	0.6943	3.9	0
490	1998	143	17107.2	2.9	10.3	0.6625	2.7	0
490	1998	144	8467.2	4.9	11.9	0.8923	2.1	2.8
490	1998	145	16588.8	6.2	15.3	1.148	2.9	1.2
490	1998	146	17539.2	7.3	17	1.1745	3.1	0
490	1998	147	25488	8.2	20.6	1.0814	2.8	0
490	1998	148	26006.4	8.9	26.2	1.0817	2.1	0
490	1998	149	26697.6	11.8	21.9	1.4374	3.2	10
490	1998	150	12528	12.4	18.3	1.6199	2	2.2
490	1998	151	26524.8	9.8	23.5	1.4572	1.8	0.9
490	1998	152	12268.8	9.6	16.6	1.4005	3.7	0.1
490	1998	153	26006.4	4.7	23.9	1.0582	2.5	18.5
490	1998	154	23241.6	13.5	20.4	1.5237	3.2	0
490	1998	155	25833.6	12	22.5	1.2187	2.2	0
490	1998	156	28166.4	10	28.3	1.3064	2.4	0
490	1998	157	26784	17.8	31.8	1.7491	2.7	0
490	1998	158	20822.4	14.7	27.1	1.8011	2.5	2.2
490	1998	159	17884.8	12.3	19.2	1.3939	2.8	0.1
490	1998	160	26784	8.3	23.1	1.2113	3.3	0.1
490	1998	161	7862.4	12.4	22.2	1.755	3	3.5
490	1998	162	11836.8	10.8	18.2	1.5007	1.8	13.6
490	1998	163	6739.2	7.3	12	1.1866	3.7	29.6
490	1998	164	16243.2	5.6	11.5	0.8792	2.9	0
490	1998	165	22032	2.1	17.3	0.8177	2.2	0
490	1998	166	20476.8	8.2	19.3	1.3511	2.6	0.7
490	1998	167	18230.4	8.9	16	1.2267	4.3	2.4
490	1998	168	18230.4	8.4	15.4	1.1275	4.2	10.7
490	1998	169	14860.8	8.1	14.7	1.2121	2.5	4.3
490	1998	170	12096	10.4	18.1	1.5091	2.5	0.2
490	1998	171	23673.6	11.8	23.3	1.5826	1.8	0
490	1998	172	29030.4	10.9	28.7	1.5677	2	1.5
490	1998	173	26006.4	15.6	23.4	1.5162	4.5	0
490	1998	174	15638.4	10.4	17.7	1.1533	2.6	1.2
490	1998	175	10281.6	11.7	19.2	1.42	2	0
490	1998	176	28166.4	11.1	26.6	1.4127	1.6	0
490	1998	177	8985.6	14.9	20.1	1.6974	1.7	0.8
490	1998	178	22118.4	15.3	23.9	1.7534	2.7	0.1
490	1998	179	23846.4	14.2	20.3	1.3563	4.2	0
490	1998	180	22809.6	9.9	19.3	1.0457	2.9	0
490	1998	181	19612.8	9.3	21.8	1.3056	3.3	0.1
490	1998	182	10454.4	11.8	15.2	1.4839	2.5	9.7
490	1998	183	12614.4	7.2	17	1.1706	1.9	0
490	1998	184	24105.6	7.8	20.9	1.1923	2.4	0.5
490	1998	185	12009.6	9.4	16.6	1.2867	4	1.8
490	1998	186	7344	11.4	14.5	1.4465	4.4	10.7
490	1998	187	6652.8	12.1	14.8	1.5253	4	5.8
490	1998	188	7776	7.7	12.5	1.2105	2.5	7.8
490	1998	189	12873.6	6	12	1.067	4.8	9.3
490	1998	190	14256	8.2	14.7	1.2837	4.3	2.2
490	1998	191	9072	11.3	16.8	1.5218	3.6	1.1
490	1998	192	14688	11.6	17.8	1.4868	4.4	8.5
490	1998	193	6566.4	10.4	15.8	1.4909	4.5	1.9
490	1998	194	21686.4	12.9	24.4	1.6527	4.6	1
490	1998	195	25488	9.1	18.2	1.077	4.7	0
490	1998	196	23068.8	7.4	18.2	1.1223	3.3	0
490	1998	197	9676.8	9.1	16.9	1.4064	2.5	3.9
490	1998	198	18489.6	8.4	19.4	1.396	2.5	4.4
490	1998	199	18057.6	13.1	19.4	1.6235	3.4	0.3
490	1998	200	27043.2	9.6	22.4	1.2347	2.6	0
490	1998	201	27388.8	10.7	31.3	1.5888	2.5	0
490	1998	202	25660.8	17.8	31.4	1.6667	3	4
490	1998	203	14688	15	23.9	1.8725	1.5	3
490	1998	204	20649.6	13.5	27.2	1.932	2.3	1.7
490	1998	205	22896	12.2	22.9	1.4624	2.4	0.2
490	1998	206	20908.8	13.2	21	1.5577	2.8	0
490	1998	207	22723.2	10.4	24.9	1.4111	1.8	1.3
490	1998	208	16329.6	15.3	25.2	2.0149	2.7	9.2
490	1998	209	16156.8	12.7	20.9	1.7577	2.9	5.6
490	1998	210	10195.2	11.7	17	1.6006	3.5	4.7
490	1998	211	15206.4	13.5	19	1.7711	4.1	3
490	1998	212	24883.2	10.3	21	1.2962	3.4	0
490	1998	213	21945.6	7.7	24.1	1.2629	2.3	0.5
490	1998	214	17625.6	13.5	20.4	1.678	3.4	22.4
490	1998	215	11923.2	12.5	18.4	1.5953	2.1	0
490	1998	216	16675.2	12.4	22.1	1.6119	3.2	0.1
490	1998	217	21600	11	19.9	1.2972	3.2	0
490	1998	218	24624	8.8	22.7	1.233	2.1	0
490	1998	219	24969.6	9.7	26.2	1.1915	2.4	0
490	1998	220	24796.8	11.5	29.8	1.4821	2.1	0
490	1998	221	20822.4	14	22.3	1.5186	3	0
490	1998	222	24624	8.4	27.4	1.0854	1.9	0
490	1998	223	23673.6	13.6	31.9	1.4361	2.7	0
490	1998	224	19180.8	14.3	33.6	1.6625	2.8	6.3
490	1998	225	11491.2	14.1	21.8	1.8283	2.1	1.8
490	1998	226	23328	7.6	20.3	1.0663	1.9	0
490	1998	227	23328	9.4	25.8	1.3062	1.8	0
490	1998	228	22118.4	12.2	23.8	1.6898	1.9	0
490	1998	229	23155.2	11.1	27.3	1.4216	2.2	0
490	1998	230	23155.2	10	27.2	1.2196	2	0
490	1998	231	16848	11.2	21.2	1.4528	2.1	0
490	1998	232	21859.2	8.9	24.3	1.2639	2.4	0
490	1998	233	6307.2	11.8	17.8	1.4796	5.2	21.2
490	1998	234	10713.6	9.1	14.7	1.2249	4.8	4.4
490	1998	235	10800	6.9	14.8	1.0778	3.9	8.6
490	1998	236	11232	8.7	17	1.3482	5.8	8.5
490	1998	237	12700.8	7	14.8	1.0553	4.3	0
490	1998	238	11491.2	8.7	18.9	1.2609	3.7	7.9
490	1998	239	14601.6	6.6	12.7	0.9948	3.5	2
490	1998	240	7344	5	11.7	1.0211	3.7	0.4
490	1998	241	8812.8	7.4	13.3	1.1806	3	2.4
490	1998	242	11318.4	5.6	13.8	1.0102	1.9	0
490	1998	243	12441.6	7.6	16.2	1.3084	1.4	3.2
490	1998	244	15811.2	4.1	18.2	1.02	1.4	0
490	1998	245	4579.2	8.5	14.7	1.1736	2.4	2.1
490	1998	246	7430.4	12.2	18.8	1.5828	3.6	9.9
490	1998	247	13824	12.7	20.3	1.6495	2.8	0
490	1998	248	4492.8	12.1	14.7	1.5049	3.5	20.6
490	1998	249	9244.8	11.7	17.3	1.5172	3	3.7
490	1998	250	13046.4	10.3	19	1.4654	1.8	0
490	1998	251	9072	11	18.4	1.5703	2.7	0.1
490	1998	252	16502.4	12	22.7	1.6418	4	0.2
490	1998	253	9331.2	14.6	22.5	2.0263	3.8	10.4
490	1998	254	6220.8	11.9	15.6	1.5396	3	3.3
490	1998	255	4147.2	8.5	13.2	1.2726	2.9	9.6
490	1998	256	9849.6	4.9	10.8	0.9339	3.5	2.3
490	1998	257	4060.8	4.9	7.3	0.9318	6.4	23.9
490	1998	258	3974.4	6.8	9.7	1.0905	7.6	16
490	1998	259	7430.4	7.9	12.9	1.2476	5.5	12.6
490	1998	260	8985.6	6.9	12.1	1.1747	4.6	7.7
490	1998	261	4579.2	7.6	11.2	1.1079	2.7	1.4
490	1998	262	15984	5.6	15.2	1.0712	1.4	0
490	1998	263	15206.4	7	14.9	1.1503	2.2	0
490	1998	264	13910.4	5.9	15.7	1.1648	2.5	0
490	1998	265	13219.2	6.3	16	1.1524	3.1	0
490	1998	266	13305.6	4.6	15.7	1.1154	2.7	0
490	1998	267	12873.6	7.1	17.4	1.225	2.7	0
490	1998	268	13910.4	5.2	18.7	1.2569	2	0
490	1998	269	8121.6	6	19.5	1.2364	2.4	0
490	1998	270	6998.4	9.6	17.5	1.4112	2.1	1.5
490	1998	271	8640	8.4	16	1.3203	2.7	0
490	1998	272	9331.2	8.7	16.9	1.3586	2	0
490	1998	273	10195.2	4.7	16.7	1.1442	2.7	4.9
490	1998	274	3196.8	7.8	12.5	1.2393	3	34
490	1998	275	3196.8	2.2	7.9	0.8751	2.8	0.8
490	1998	276	3110.4	2.4	5.4	0.8074	1.6	0.8
490	1998	277	3110.4	5	10	1.0051	3.3	0.3
490	1998	278	4233.6	5.7	8	0.9614	3.1	0.2
490	1998	279	3024	4.1	6.3	0.8843	4.6	0.4
490	1998	280	2937.6	4.7	6.2	0.8998	2.7	12.8
490	1998	281	2937.6	5.4	9.8	0.9912	2.5	0.3
490	1998	282	2851.2	7.1	8.9	1.0721	2.3	0.8
490	1998	283	2851.2	7.1	8.8	1.0471	6.4	4.5
490	1998	284	2764.8	7.3	8.4	1.0506	5.3	4.2
490	1998	285	5875.2	4.2	9	0.9645	5.1	6.9
490	1998	286	10886.4	3.8	10.4	0.9276	4.2	1
490	1998	287	2678.4	5.3	11	1.0723	5.2	6.3
490	1998	288	6307.2	8.9	13.7	1.2977	3.2	0.5
490	1998	289	10540.8	3	14.2	1.0273	2.3	0
490	1998	290	9331.2	8.2	18.5	1.347	5.2	4.2
490	1998	291	4060.8	3.8	12.4	1.0039	3.8	5
490	1998	292	4924.8	0.3	8.1	0.7999	1.7	0
490	1998	293	5875.2	1.1	7.7	0.8196	4	1
490	1998	294	6912	1.8	11.7	0.7776	4.3	0.2
490	1998	295	4579.2	7	12.2	1.087	5.1	0
490	1998	296	6307.2	8.3	15.1	1.1402	4.9	4.5
490	1998	297	6307.2	6.1	12.8	1.0879	4.5	20.3
490	1998	298	7084.8	5.3	10.1	0.9139	7.3	5.3
490	1998	299	6912	1.5	7.5	0.7664	5.5	3.3
490	1998	300	2160	1.4	7.7	0.8198	6.7	7.6
490	1998	301	2073.6	6.7	11.9	1.1356	9.4	22.8
490	1998	302	2073.6	3.2	9.5	0.9193	7.1	10.5
490	1998	303	2678.4	0.4	4.8	0.7144	6.5	5.8
490	1998	304	3024	1.2	4.4	0.7247	5.1	15.8
490	1998	305	1987.2	1.6	8.2	0.8574	6.6	15.4
490	1998	306	4838.4	1	5.4	0.6994	4.5	5.1
490	1998	307	1900.8	1.7	6.7	0.7752	6.2	5.7
490	1998	308	3628.8	2.9	6.1	0.8169	5.2	4.5
490	1998	309	3974.4	0	4	0.6704	5.3	1.7
490	1998	310	2851.2	-0.1	4.7	0.7066	5.5	1.8
490	1998	311	3888	-1.7	5.5	0.6586	1.8	0
490	1998	312	4924.8	-2.4	7.5	0.6825	3.2	2.9
490	1998	313	1728	3.3	8.7	0.9348	3.7	11
490	1998	314	1728	5.7	9.3	1.0259	2.5	5.4
490	1998	315	3715.2	-0.3	7.1	0.7639	3.7	1.6
490	1998	316	2332.8	-2.4	2.6	0.597	1.9	0
490	1998	317	1641.6	-2.7	2.1	0.5978	3.3	0
490	1998	318	1987.2	-0.2	2.8	0.6645	3.6	10.4
490	1998	319	1555.2	-0.4	1	0.6182	2.8	0.2
490	1998	320	2505.6	-1	2	0.6336	2.6	2.2
490	1998	321	1555.2	-4.2	-0.9	0.4914	3.7	2
490	1998	322	1814.4	-5.8	-1.3	0.4655	2.6	3.3
490	1998	323	1468.8	-7.1	-2	0.4275	2.7	3.2
490	1998	324	1814.4	-7.2	-3	0.4142	3.9	1.1
490	1998	325	5097.6	-9.6	-4.2	0.3427	3.8	0
490	1998	326	4665.6	-12.4	-5.4	0.2871	3.5	0.2
490	1998	327	1728	-8.8	-0.7	0.4039	2.9	0.9
490	1998	328	1382.4	-4.2	-1.7	0.4918	1.5	0
490	1998	329	1382.4	-4.3	-1.8	0.4833	1.7	0.2
490	1998	330	1382.4	-4.5	-2.3	0.4708	2.6	1.1
490	1998	331	1296	-2.9	0.4	0.5521	3	0.4
490	1998	332	1296	-0.4	1.4	0.6272	2.1	0.3
490	1998	333	1296	-2.3	-0.3	0.5279	2.7	0.1
490	1998	334	1296	-3	-1.8	0.5123	4.1	0.2
490	1998	335	1382.4	-7.1	-2.8	0.4147	4.3	0
490	1998	336	4579.2	-7	-3.9	0.3911	4	0
490	1998	337	1382.4	-4.7	-2.4	0.4655	2.9	0
490	1998	338	1296	-5.9	-4	0.4147	2.3	1.1
490	1998	339	1900.8	-4.4	-2	0.4586	5.7	3.7
490	1998	340	1296	-4.9	-2.9	0.4397	6.1	8.2
490	1998	341	3456	-7	-4.2	0.3545	4.3	2.9
490	1998	342	3628.8	-11.7	-4.6	0.3012	2.5	0
490	1998	343	3628.8	-15.9	-2.8	0.2681	2.3	0
490	1998	344	1296	-12.5	-4.3	0.3051	2.1	0
490	1998	345	3024	-11.4	-6.9	0.2846	3.4	0.1
490	1998	346	1296	-7.2	1.9	0.4979	3.4	2
490	1998	347	3628.8	1.5	6.3	0.7186	7.9	1.2
490	1998	348	1209.6	2	4.7	0.7612	4.9	3.4
490	1998	349	1209.6	3.8	6.7	0.8874	3.8	2.3
490	1998	350	3888	1.1	5.5	0.743	4.7	0
490	1998	351	4665.6	-0.6	7.6	0.683	3	0
490	1998	352	4665.6	-1.7	6	0.5849	4.4	0.8
490	1998	353	1900.8	0.6	4	0.6993	6.2	9.7
490	1998	354	1987.2	-1.1	2.4	0.6084	4.2	0.3
490	1998	355	2505.6	-4.4	-0.7	0.4661	2.7	2.7
490	1998	356	1209.6	-4.2	-1.1	0.5029	3.4	1.2
490	1998	357	1209.6	-4.5	-0.9	0.486	3.6	0
490	1998	358	1209.6	-5.8	-0.5	0.47	3.7	0.1
490	1998	359	1814.4	-2	0.2	0.5379	5.5	0.5
490	1998	360	2678.4	-0.2	5.3	0.7046	6.4	3.2
490	1998	361	1209.6	3.8	8.9	0.8714	6.3	0.9
490	1998	362	4665.6	4	10.8	0.6895	4	0.2
490	1998	363	3283.2	-0.1	5.5	0.6899	2.8	0
490	1998	364	1296	-0.9	1	0.5887	5	0
490	1998	365	1900.8	-3.5	-0.6	0.51	4.7	0
