*---------------------------------------------------------------------------*
* Station name: HOF                                     
* Year: 1999
* Author: Pedro Alencar                                   -999.000: NIL VALUE
* Source: ECAD 
* Comments: 
* Longitude: 50.3131, latitude: 50.3131, altitude: 565 m.
*
* Column  Daily value
* 1       station number
* 2       year
* 3       day
* 4       irradiation                   (kJ m-2 d-1)
* 5       minimum temperature           (degrees Celsius)
* 6       maximum temperature           (degrees Celsius)
* 7       early morning vapour pressure (kPa)
* 8       mean wind speed (height: 2 m) (m s-1)
* 9       precipitation                 (mm d-1)
*
** WCCDESCRIPTION=GERMANY, HOF                                     
** WCCFORMAT=2
** WCCYEARNR=1999
*---------------------------------------------------------------------------*
   50.3131  11.8775    565.  -0.18 -0.55
490	1999	1	1814.4	-4.3	0	0.4801	6.3	0
490	1999	2	3369.6	-4.6	1.8	0.5185	3.8	0.8
490	1999	3	2592	-3.2	3.1	0.5783	4.9	5.8
490	1999	4	1296	1.5	8	0.8484	5.9	1.4
490	1999	5	1296	6.7	9.6	1.029	4.9	0
490	1999	6	5011.2	3	10.5	0.8958	3.3	0
490	1999	7	1641.6	0.1	8.3	0.6927	5.1	9.8
490	1999	8	3974.4	0	4.3	0.6919	4.4	2.6
490	1999	9	1382.4	0	1.2	0.6382	2.9	2.5
490	1999	10	4060.8	-2.7	0.2	0.5075	4.6	0
490	1999	11	1382.4	-3.5	-1	0.5129	3.9	7.8
490	1999	12	1468.8	-5.7	-3.4	0.4144	5.4	1.6
490	1999	13	1468.8	-7.3	-0.4	0.446	5.5	1.7
490	1999	14	1468.8	-1.4	0.8	0.5918	6.9	7.4
490	1999	15	1468.8	-0.5	2.8	0.6441	6.6	0.7
490	1999	16	3196.8	1.4	6.9	0.5917	6.3	0.1
490	1999	17	5875.2	0.4	9.6	0.6453	3.9	0
490	1999	18	5529.6	-1.7	8	0.6586	2.4	0
490	1999	19	4320	-2.3	5.9	0.6609	3	0
490	1999	20	6134.4	-2.9	5.7	0.6219	3	0
490	1999	21	6220.8	-4.6	4.1	0.54	2.9	0
490	1999	22	3456	-5	4.1	0.5144	1.4	0
490	1999	23	6220.8	-2.3	6.4	0.5807	2.2	0
490	1999	24	2246.4	-4.9	2.4	0.5242	4.3	0.5
490	1999	25	1728	1.5	6.3	0.7913	6.6	5.5
490	1999	26	1728	0.5	6.6	0.7405	4	2.6
490	1999	27	2764.8	-0.6	1.2	0.6057	4.4	5.8
490	1999	28	1814.4	-1	0.2	0.5697	3.6	2.1
490	1999	29	4579.2	-8.2	-0.7	0.378	5.7	1.1
490	1999	30	1814.4	-8.2	-5.5	0.3294	5.4	1.1
490	1999	31	7257.6	-14.1	-7.3	0.2274	3.2	3.7
490	1999	32	1900.8	-12.1	-4.9	0.2995	3	1.9
490	1999	33	1987.2	-5.8	0.1	0.4806	2.5	0.3
490	1999	34	1987.2	-0.8	1	0.6031	4.9	0.7
490	1999	35	1987.2	0.3	4.1	0.7087	7.5	4.9
490	1999	36	4147.2	-0.2	5	0.6027	8.4	3
490	1999	37	4320	-2.4	0.3	0.4867	6.6	3.7
490	1999	38	3801.6	-4.4	0.1	0.4906	5	5.2
490	1999	39	4924.8	-5	-1.4	0.4296	5.4	2
490	1999	40	7516.8	-9.7	-1.6	0.3371	1.5	0
490	1999	41	2851.2	-12	-3.8	0.2902	1.9	0
490	1999	42	7171.2	-15.4	-4.4	0.2365	2	0
490	1999	43	6652.8	-12.5	-6.1	0.2571	4	0.4
490	1999	44	2332.8	-8.1	-3.6	0.3675	6.6	1
490	1999	45	2851.2	-6.7	-3.5	0.3891	3.9	0.9
490	1999	46	8899.2	-10.4	-2.7	0.3221	3	0.2
490	1999	47	2505.6	-5.1	0.5	0.48	7	8.8
490	1999	48	6480	-5.1	-1.2	0.4361	7.7	0.6
490	1999	49	3974.4	-5.2	-0.3	0.4443	3.8	0.2
490	1999	50	2592	-6.5	3.4	0.5292	5.1	6.7
490	1999	51	2678.4	-0.8	4.4	0.6887	2.5	3.6
490	1999	52	2678.4	-0.6	2.1	0.6064	4.4	7.8
490	1999	53	5961.6	-2	2.6	0.5558	6.1	5.5
490	1999	54	3542.4	-2.7	0.7	0.5112	5.5	6
490	1999	55	8899.2	-3.3	1.7	0.4957	4.2	2.2
490	1999	56	9331.2	-5.1	1	0.4469	3.4	0.9
490	1999	57	6566.4	-2.6	4.6	0.5189	4.9	0.2
490	1999	58	11318.4	-1.9	9.4	0.5593	4.3	0
490	1999	59	7948.8	2.3	6.6	0.7133	3.6	0
490	1999	60	3974.4	1.1	5.6	0.7068	8.1	11.7
490	1999	61	3110.4	4.8	7.5	0.9351	6.3	5.4
490	1999	62	4147.2	6	9.8	0.969	5.4	0.2
490	1999	63	6566.4	2.4	8.7	0.8064	2.3	2.3
490	1999	64	3715.2	0.4	5.1	0.7072	2.9	3.3
490	1999	65	8467.2	-0.5	4.5	0.6351	4.1	0.3
490	1999	66	5270.4	-2.7	3.3	0.537	2.4	0
490	1999	67	9158.4	-4	6	0.5123	2.9	2.4
490	1999	68	3456	0	2.7	0.6669	3.5	2.2
490	1999	69	3542.4	0.1	6.3	0.7532	2.8	5.8
490	1999	70	5356.8	-2.1	1.7	0.5179	2.5	0
490	1999	71	14947.2	-3.7	9.4	0.5848	3.6	0
490	1999	72	12182.4	0.1	14.1	0.7764	3	0
490	1999	73	11232	2.2	16.8	0.9611	3	0.1
490	1999	74	10540.8	1.4	8.9	0.7314	3.4	0
490	1999	75	3888	-0.7	1.9	0.536	3.5	0
490	1999	76	15638.4	-2.8	4.8	0.4861	3.1	0
490	1999	77	16243.2	-5.3	7.8	0.5216	2.2	0
490	1999	78	5097.6	-2.6	3.1	0.5537	2.6	1.8
490	1999	79	7344	-0.8	3.7	0.5835	3.5	0.3
490	1999	80	4147.2	0.6	4.2	0.668	4.5	1.8
490	1999	81	6566.4	1.5	6.8	0.756	3.7	0.5
490	1999	82	4233.6	-0.4	2.4	0.624	5.4	1.7
490	1999	83	11232	2	11.1	0.8932	3.5	0.2
490	1999	84	18144	1.2	17.2	0.8721	3.1	0
490	1999	85	11750.4	4.9	16.8	0.922	2.3	0.5
490	1999	86	13305.6	1.7	13.2	0.9191	4.1	6
490	1999	87	4492.8	2	7	0.8422	4.7	0.3
490	1999	88	5702.4	1.7	6.3	0.7481	2.5	0
490	1999	89	7862.4	1.4	9.3	0.84	1.2	0
490	1999	90	15984	-0.7	14.6	0.7884	1.7	0
490	1999	91	19008	1.1	16.8	0.7546	2.7	0
490	1999	92	19440	1.2	15.7	0.6411	2.2	0
490	1999	93	14342.4	4	16.7	0.829	1.3	6.4
490	1999	94	5788.8	4.1	11.6	1.0506	2.6	5.9
490	1999	95	9504	7	12.7	1.154	2.5	0.4
490	1999	96	10368	6.5	16.5	1.1117	4.2	3
490	1999	97	5011.2	5.2	12.6	1.0712	3.6	1.9
490	1999	98	7776	2.5	8.5	0.8307	3.2	1.2
490	1999	99	14256	4.6	13.3	0.9147	1.8	0
490	1999	100	21081.6	1.8	16	0.8091	2.5	0
490	1999	101	6825.6	3.5	9.8	0.8701	3	2.5
490	1999	102	9763.2	4	9.3	0.7919	5.5	0.9
490	1999	103	12960	2.3	9.3	0.885	4.3	6.6
490	1999	104	15638.4	-0.6	7.1	0.5862	5.7	1.1
490	1999	105	5356.8	0.8	8.1	0.7889	4.8	1.9
490	1999	106	6825.6	0.1	5	0.6605	2.5	4.3
490	1999	107	7948.8	-0.1	4.3	0.661	3.2	0.2
490	1999	108	14342.4	-0.6	8.2	0.6414	3.1	0
490	1999	109	11923.2	-1.1	6.7	0.7022	2.2	2.8
490	1999	110	17020.8	-0.9	9.6	0.6667	2	0.4
490	1999	111	7084.8	-0.4	8.9	0.7696	3.5	3
490	1999	112	18921.6	5.7	14.6	0.9915	3.8	0.2
490	1999	113	18576	1.7	16.3	0.9178	1.9	0.1
490	1999	114	16675.2	3.7	15.9	1.0654	2.1	4.6
490	1999	115	22464	4.3	16.3	0.9889	2.8	0
490	1999	116	21340.8	3.4	15.2	1.0068	2.5	0
490	1999	117	8467.2	6.9	10.9	1.1054	3.8	0.5
490	1999	118	7084.8	7.2	11.1	1.1126	2.8	0
490	1999	119	18921.6	6.6	14.9	1.0706	2.7	0
490	1999	120	23500.8	2.4	20.4	0.9562	1.6	0
490	1999	121	22032	3.9	21.3	1.1514	2.6	6.1
490	1999	122	20304	5.9	13.1	0.9374	3.2	0
490	1999	123	24710.4	5.6	19	0.9575	2.1	0
490	1999	124	15984	5.3	15.5	0.8443	5.8	0
490	1999	125	10108.8	7.9	14.1	0.682	5.9	0
490	1999	126	7862.4	5.5	12	0.7784	4.3	0.8
490	1999	127	20822.4	6.5	19.4	1.0886	2.6	0.2
490	1999	128	6393.6	8.6	15.8	1.3913	3	9.8
490	1999	129	24710.4	5	18.8	1.0857	2.3	0
490	1999	130	20563.2	5.5	21	1.1405	3.8	0.2
490	1999	131	14774.4	9.6	16.6	1.265	4.3	0
490	1999	132	19526.4	7.8	17.2	1.2452	3.2	7.4
490	1999	133	20908.8	8.5	15.4	1.2709	3.7	1.7
490	1999	134	16329.6	7.5	14.2	1.1427	2.2	3.5
490	1999	135	21081.6	6	11.1	0.8569	4.2	2
490	1999	136	14515.2	2.6	11.8	0.8122	2.8	0.1
490	1999	137	26438.4	2.2	14.9	0.7011	4.7	0
490	1999	138	27820.8	5	18.3	0.7804	6.5	0
490	1999	139	25488	7.6	20	1.1348	5.9	1.4
490	1999	140	22723.2	8.6	20.2	1.2944	2.7	12.4
490	1999	141	6739.2	11.3	12.8	1.3917	4.8	7.2
490	1999	142	6825.6	7.6	14.8	1.3157	2.8	3.2
490	1999	143	21081.6	6.2	14.6	0.9956	2.5	0
490	1999	144	23241.6	4	18	1.023	1.9	0
490	1999	145	17971.2	8.7	19.8	1.3306	2.7	0
490	1999	146	26870.4	6.7	20.9	1.0875	1.7	0
490	1999	147	28339.2	7.3	24.4	1.0971	1.8	0
490	1999	148	26611.2	10.4	27.4	1.4607	2.6	0
490	1999	149	27907.2	12.3	25	1.5024	1.7	0
490	1999	150	26697.6	12.5	27.9	1.7015	3.3	3.5
490	1999	151	26697.6	11.7	22.6	1.5626	3.8	0
490	1999	152	26956.8	7.6	23.8	1.1222	1.5	5.8
490	1999	153	22118.4	12.5	27.7	1.9259	3.6	16.7
490	1999	154	24451.2	13.1	21	1.5528	3.8	2.5
490	1999	155	16934.4	11.6	16.8	1.391	4.4	0.9
490	1999	156	21859.2	8.8	21.4	1.2856	4	0.6
490	1999	157	9417.6	8.7	12.4	1.1583	2.9	0
490	1999	158	21859.2	6.2	17.8	1.177	2.4	0
490	1999	159	11404.8	8.9	13.8	1.3155	2.7	11.9
490	1999	160	19440	6.6	15.9	1.0668	2.6	0
490	1999	161	20908.8	6.2	19.4	1.1666	2.6	15.2
490	1999	162	15811.2	10.2	16.2	1.3945	2.9	0.5
490	1999	163	19353.6	7	17.3	1.2028	2.2	0
490	1999	164	28598.4	6.6	19.5	1.0957	2.3	0
490	1999	165	21254.4	7.5	18.5	1.1371	3.5	0
490	1999	166	16156.8	9	18.3	1.1394	2.8	0
490	1999	167	18921.6	12.1	19.4	1.3581	3	0
490	1999	168	15206.4	12.8	21.1	1.408	1.6	14
490	1999	169	12268.8	7.6	16.5	1.3074	3.9	4.1
490	1999	170	6739.2	7.6	12.1	1.2026	2.6	0.2
490	1999	171	23673.6	7.4	19.3	1.2398	3.4	7.6
490	1999	172	12873.6	7.3	14.1	1.1956	3.5	1.1
490	1999	173	22118.4	6.1	14.3	0.9451	4.6	0
490	1999	174	17712	3.1	16.1	0.8362	1.8	0
490	1999	175	19785.6	8.2	16.2	1.1642	1.9	1.4
490	1999	176	25142.4	7.6	19.1	1.0562	1.9	0
490	1999	177	27129.6	5.9	23.3	1.0955	2.4	1.6
490	1999	178	21254.4	13.8	23	1.6904	3.1	0
490	1999	179	15638.4	12.5	19.2	1.3309	3.5	1.4
490	1999	180	17798.4	7.4	21.5	1.1836	2.8	0.1
490	1999	181	14601.6	11.8	23	1.7066	2.2	0.6
490	1999	182	22032	13.3	22.1	1.5571	2.6	0.8
490	1999	183	20908.8	13	21.1	1.5334	2	0
490	1999	184	28944	10.5	29.4	1.4195	3.3	0
490	1999	185	24364.8	16.8	27.4	1.7788	2.3	0
490	1999	186	28339.2	17.9	30.9	1.8299	3.1	20.5
490	1999	187	6652.8	14.7	22.4	2.0903	2.6	5.3
490	1999	188	6652.8	12.9	15.8	1.5189	3	0.6
490	1999	189	10108.8	12.7	18.4	1.5879	2.9	4.3
490	1999	190	6566.4	12.7	17.3	1.4988	4.2	0.1
490	1999	191	15206.4	14.6	22.8	1.7655	5.3	0
490	1999	192	16416	13.9	23.8	1.8256	3.4	6
490	1999	193	16156.8	15.9	24.4	1.9083	2.5	4
490	1999	194	22204.8	12.9	24.9	1.9185	2.7	3.2
490	1999	195	16243.2	12.3	19.6	1.6109	3.5	16.8
490	1999	196	15897.6	11	17.7	1.3883	3.5	0.7
490	1999	197	22291.2	10	20.6	1.3369	2.5	0
490	1999	198	27216	8.3	23.8	1.2022	1.5	0
490	1999	199	27648	10.2	26.9	1.2585	2.1	0
490	1999	200	25920	12.1	28.8	1.3439	2.5	0
490	1999	201	22809.6	14.9	25.1	1.6806	3.4	0.5
490	1999	202	19612.8	15.7	22.8	1.6711	4.4	2.9
490	1999	203	18057.6	10.7	18.9	1.0929	3.1	6.2
490	1999	204	6307.2	8.6	13.9	1.2134	3.5	3.2
490	1999	205	14601.6	10.2	18.4	1.221	2.4	0
490	1999	206	13564.8	11.7	22.3	1.4898	1.7	0
490	1999	207	22377.6	11.7	24	1.5106	3	0
490	1999	208	9590.4	13.6	17.6	1.5576	3.4	2.4
490	1999	209	26524.8	9.6	22.2	1.0825	3.7	0
490	1999	210	25142.4	9.2	23.4	1.1105	3.1	0
490	1999	211	23760	10.5	23.8	1.0743	2.1	0
490	1999	212	25660.8	10.2	24.9	1.0016	2.4	0
490	1999	213	24969.6	10.8	24.8	0.9972	2.2	0
490	1999	214	24537.6	10.5	25.4	0.9655	2	0
490	1999	215	22204.8	10.7	25.9	1.0709	2	0
490	1999	216	22809.6	11.4	27.5	1.1506	2	0
490	1999	217	6998.4	13	18.1	1.5173	2.9	8.1
490	1999	218	24192	12	26.6	1.4751	1.8	0.7
490	1999	219	12873.6	14.3	21.7	1.7516	2.8	0.3
490	1999	220	19353.6	11.6	24.7	1.6226	2.7	0
490	1999	221	18489.6	15.8	26	1.7764	2.9	3.7
490	1999	222	14342.4	14.5	20.8	1.7941	3.3	4.5
490	1999	223	7084.8	12	16.7	1.3556	3.2	1.6
490	1999	224	12700.8	9.4	16.7	1.1107	2	0
490	1999	225	18921.6	8.2	18	1.024	1.6	0
490	1999	226	14601.6	5.7	20.8	1.1253	3.3	2.4
490	1999	227	18403.2	12.4	18.4	1.3455	5.1	2.5
490	1999	228	12528	10.4	18.3	1.3229	2.7	9.1
490	1999	229	15292.8	11.4	18.4	1.303	3.6	0
490	1999	230	19180.8	8.2	22.3	1.3499	4.2	9.1
490	1999	231	22636.8	11.6	19.3	1.1745	6	0
490	1999	232	22896	8.5	20.4	1.0685	4.4	0
490	1999	233	15897.6	9.7	18	1.1385	3.1	0
490	1999	234	20217.6	7.1	17	0.9981	2.1	0
490	1999	235	22377.6	3.4	19.7	0.8705	1.4	0
490	1999	236	21945.6	5	23.3	0.9512	1.4	0
490	1999	237	16243.2	11.5	25.7	1.1554	2.3	0
490	1999	238	9244.8	13	19.9	1.4575	2.8	3.8
490	1999	239	17452.8	13.4	24.9	1.7715	2	0.3
490	1999	240	5011.2	12.7	15.9	1.5791	2.3	10.5
490	1999	241	15120	11.6	18.7	1.4617	2.8	0
490	1999	242	17366.4	7	20.1	1.1941	1.2	0
490	1999	243	7344	9.6	17.2	1.3514	2.1	2.2
490	1999	244	17798.4	9.2	17.1	1.1785	3.7	0.1
490	1999	245	15206.4	6.2	16.1	1.02	2.9	0.1
490	1999	246	18403.2	9.1	21.6	1.3064	3.3	0
490	1999	247	18921.6	11.3	23.7	1.4178	3.2	0
490	1999	248	17712	9.3	22.8	1.3115	3.4	0
490	1999	249	16848	10.9	24.1	1.4977	3.1	0.5
490	1999	250	12614.4	13.4	19.9	1.6653	2.4	1
490	1999	251	17798.4	9.5	23.6	1.4479	1.8	0
490	1999	252	18230.4	10.5	26.2	1.4535	1.2	0
490	1999	253	18057.6	11.6	26.1	1.4127	1.8	0
490	1999	254	18316.8	10.7	25.2	1.2531	2.5	0
490	1999	255	18144	10.8	26.7	1.3607	1.8	0
490	1999	256	17884.8	10.1	27.6	1.2823	2	0
490	1999	257	17712	11.2	27.7	1.2859	1.6	0
490	1999	258	16761.6	10	27.5	1.2743	1.7	0
490	1999	259	7257.6	11.4	20.3	1.5287	2.3	0
490	1999	260	14515.2	5.3	22.1	1.0961	1.6	0
490	1999	261	11836.8	11	21.6	1.4066	1.4	0
490	1999	262	11664	11.7	22	1.5141	3.3	0
490	1999	263	9331.2	13.8	23.4	1.6047	3.7	12.9
490	1999	264	11750.4	10.1	18.5	1.3675	2.5	0.4
490	1999	265	9504	9.9	20.6	1.4711	2.9	1.3
490	1999	266	10108.8	13.5	22	1.988	3.2	5.1
490	1999	267	13392	11.8	21.2	1.5371	3.3	0.9
490	1999	268	5702.4	10.3	15.6	1.4763	2.6	10.4
490	1999	269	3456	11.7	14.8	1.4447	3.2	1.9
490	1999	270	12182.4	10.4	18.2	1.335	3.8	0
490	1999	271	5875.2	10.6	16.1	1.3164	4.1	3.4
490	1999	272	5443.2	9.6	13.4	1.2744	5.2	10
490	1999	273	4752	11.1	16.1	1.4469	5.5	7.5
490	1999	274	8467.2	9.3	12.6	1.1372	6.2	2.3
490	1999	275	10281.6	9	17.8	1.121	6.4	2.5
490	1999	276	3715.2	6.9	14.2	1.222	4.4	3.5
490	1999	277	8899.2	6.7	11.9	1.0419	3.9	0.7
490	1999	278	7776	4	10.5	0.9474	2.4	0.1
490	1999	279	7084.8	2.8	8.9	0.8789	3	3.4
490	1999	280	8121.6	5.2	11.1	0.964	3	0
490	1999	281	3456	4.5	9.2	0.9217	4.2	1.7
490	1999	282	3715.2	7.5	11.3	1.1197	5.9	3
490	1999	283	2851.2	10.2	12	1.2807	4	3.7
490	1999	284	4665.6	9.7	13.2	1.2837	3.8	1.5
490	1999	285	10454.4	4.5	12.3	0.8923	1.9	0
490	1999	286	10627.2	-0.3	12.9	0.773	1.1	0
490	1999	287	7257.6	-0.6	10.3	0.8199	2.6	1.1
490	1999	288	10368	2.7	10	0.8236	2.6	0
490	1999	289	8467.2	-2.2	6	0.6026	1.7	0
490	1999	290	6566.4	-4.1	5.6	0.5483	2.4	0
490	1999	291	10540.8	-3.4	6.8	0.5457	3.7	0
490	1999	292	10627.2	-3.2	6.4	0.4869	4.5	0
490	1999	293	10627.2	-3	7.1	0.5028	5	0
490	1999	294	2332.8	-0.2	5.3	0.6385	7.2	0
490	1999	295	5788.8	4.1	9.7	0.8951	5.4	0
490	1999	296	2332.8	4.6	9.5	0.9546	4	1.5
490	1999	297	2764.8	5.7	11.2	1.0391	4.1	0
490	1999	298	5702.4	6.3	13.1	1.1545	3.4	6.1
490	1999	299	8812.8	4.9	15.9	1.0586	4.4	0.1
490	1999	300	4492.8	5.3	11.5	1.0025	4	0.1
490	1999	301	6912	3.8	15.6	1.0102	2.5	0
490	1999	302	7948.8	4.9	15.3	1.0376	1.8	0
490	1999	303	3024	3.9	12.2	0.9467	4.8	2.2
490	1999	304	5011.2	5.6	11.3	0.9727	4.1	0.2
490	1999	305	7776	0.6	14.6	0.8242	3.7	0
490	1999	306	1900.8	9	12.6	1.1907	3.9	12.4
490	1999	307	5961.6	0.6	9	0.7482	2.2	0
490	1999	308	6998.4	-3	8	0.6216	2.7	0
490	1999	309	1814.4	2.7	6.1	0.7861	4.3	0
490	1999	310	1814.4	4.5	8.3	0.8744	3.8	1.2
490	1999	311	1814.4	1.8	5	0.7561	3.7	2.6
490	1999	312	3110.4	3.8	7	0.8429	3.6	13.2
490	1999	313	1728	3.6	4.9	0.8275	3.6	11.5
490	1999	314	1728	0.2	4.6	0.7116	5.4	15.6
490	1999	315	1641.6	-0.4	0.5	0.6071	4.4	0.1
490	1999	316	1641.6	-0.6	1.9	0.6213	3	0
490	1999	317	1641.6	-0.8	1.7	0.606	2	0
490	1999	318	1987.2	-1.4	2.6	0.5999	3.8	2.6
490	1999	319	5529.6	-5.2	0.8	0.4524	2.9	0
490	1999	320	5961.6	-8.4	-0.5	0.3736	3.1	0
490	1999	321	2160	-4.1	-0.3	0.4784	4.7	1.5
490	1999	322	2764.8	-3.3	-0.4	0.4909	4.5	1.9
490	1999	323	4752	-3.9	0	0.4502	2.2	1.9
490	1999	324	1814.4	-4	-1.1	0.4661	1.8	1.1
490	1999	325	3196.8	-4.2	-2.3	0.4569	2.3	0.2
490	1999	326	1382.4	-4.8	-2.5	0.4294	3.5	1.9
490	1999	327	1382.4	-3.5	-0.3	0.5157	3	1.4
490	1999	328	1382.4	-0.3	1.3	0.6209	2.6	0.5
490	1999	329	1382.4	0	2.3	0.6441	2.9	0.2
490	1999	330	1382.4	-0.4	4	0.6609	3.2	0
490	1999	331	3888	-1.6	3.9	0.5577	5	0
490	1999	332	2678.4	0.8	6.6	0.6847	3.6	0
490	1999	333	5443.2	-0.5	6.7	0.5418	3.4	0
490	1999	334	5356.8	-1.3	4.1	0.5205	4.6	0
490	1999	335	1382.4	2.2	5.6	0.7509	7.4	4.5
490	1999	336	3283.2	1.1	5.1	0.6258	7.1	0.3
490	1999	337	1382.4	0.6	6	0.6424	8	2.1
490	1999	338	1296	-0.7	6.5	0.6245	5.6	1
490	1999	339	2851.2	-1.6	0.4	0.5205	5.3	1.3
490	1999	340	1296	-4	0.9	0.5019	6.2	0.7
490	1999	341	1296	0.6	3.7	0.6776	5.6	3.3
490	1999	342	3196.8	1.7	5.2	0.6493	6.1	0.2
490	1999	343	1296	4.2	6.3	0.7809	5.8	4.7
490	1999	344	2073.6	2.7	5.3	0.7074	4.4	0
490	1999	345	3628.8	2.1	5.1	0.6562	5.9	13.1
490	1999	346	1296	4.1	8.2	0.85	7.6	12.5
490	1999	347	2160	0	4.3	0.642	6.2	3.5
490	1999	348	1555.2	-1.3	1	0.5742	5.7	1.5
490	1999	349	2678.4	-3.2	-0.9	0.4784	4.2	0.8
490	1999	350	3456	-5.4	-3.1	0.3569	2.8	0
490	1999	351	1209.6	-6.4	-1.3	0.4092	6.4	2.5
490	1999	352	1209.6	-1.4	0.6	0.5579	4.6	1
490	1999	353	2678.4	-6.6	-1	0.4108	2.5	0.9
490	1999	354	1641.6	-7.5	-1.8	0.3983	3.1	0.4
490	1999	355	2592	-6.8	-1.8	0.4178	2.3	0.4
490	1999	356	4492.8	-9	-3.4	0.3309	4.1	0
490	1999	357	1209.6	-9.9	-4.2	0.3063	5.3	0.2
490	1999	358	1209.6	-5.5	-0.2	0.4459	5.2	2.9
490	1999	359	1209.6	-1.6	4.1	0.6688	7.4	13
490	1999	360	1209.6	0	2.2	0.6484	6.5	14.6
490	1999	361	1814.4	-0.6	1.2	0.6244	5.2	3.5
490	1999	362	1296	-2.5	-0.4	0.5331	3.9	0.7
490	1999	363	1296	-1.6	-0.1	0.5628	3.3	2.6
490	1999	364	2505.6	-2.4	-0.2	0.5167	4.2	0.2
490	1999	365	1296	-2.1	-0.8	0.5331	2.8	0.1
