*---------------------------------------------------------------------------*
* Station name: HOF                                     
* Year: 1994
* Author: Pedro Alencar                                   -999.000: NIL VALUE
* Source: ECAD 
* Comments: 
* Longitude: 50.3131, latitude: 50.3131, altitude: 565 m.
*
* Column  Daily value
* 1       station number
* 2       year
* 3       day
* 4       irradiation                   (kJ m-2 d-1)
* 5       minimum temperature           (degrees Celsius)
* 6       maximum temperature           (degrees Celsius)
* 7       early morning vapour pressure (kPa)
* 8       mean wind speed (height: 2 m) (m s-1)
* 9       precipitation                 (mm d-1)
*
** WCCDESCRIPTION=GERMANY, HOF                                     
** WCCFORMAT=2
** WCCYEARNR=1994
*---------------------------------------------------------------------------*
   50.3131  11.8775    565.  -0.18 -0.55
490	1994	1	2160	-1.4	5.8	0.6299	4.4	0
490	1994	2	1296	-2.1	2.2	0.5764	6.6	5.3
490	1994	3	1728	1.3	3.3	0.6777	4.5	7.1
490	1994	4	2160	2.5	5.2	0.7	5.5	1.1
490	1994	5	2073.6	1.6	4.6	0.6868	6.8	12.3
490	1994	6	1296	2	5.6	0.6895	4.8	0.3
490	1994	7	1382.4	2.2	10	0.6683	3.4	0.5
490	1994	8	1382.4	-0.8	3.7	0.6445	1.5	0.3
490	1994	9	1382.4	-1.6	2.6	0.6145	1.3	0
490	1994	10	1382.4	0	3.9	0.661	4	0.2
490	1994	11	1382.4	1.2	3.7	0.7141	2.1	0.9
490	1994	12	1468.8	1.3	4.7	0.6971	5.2	2.3
490	1994	13	1468.8	4.3	8.4	0.8331	6.6	7.6
490	1994	14	3974.4	2.4	5.4	0.6944	5.8	0.2
490	1994	15	1987.2	-0.9	2.7	0.6	3.4	0.2
490	1994	16	1468.8	-1.6	1.5	0.487	1.7	0.4
490	1994	17	2505.6	-5.7	-0.4	0.3954	4.2	0
490	1994	18	5788.8	-9.1	-0.8	0.292	4.1	0
490	1994	19	5616	-4.4	2	0.3135	3.3	0
490	1994	20	1555.2	-4.3	-1.4	0.4558	2.2	0
490	1994	21	1987.2	-5.4	-1.8	0.4404	3.8	0
490	1994	22	1641.6	-4.4	-0.2	0.5058	4.5	0.2
490	1994	23	1641.6	-0.2	4	0.6797	6.7	8.6
490	1994	24	3110.4	-0.3	3.2	0.5495	5.3	0
490	1994	25	1728	0.2	7.5	0.7563	5.5	6.4
490	1994	26	3024	0.2	6.5	0.7146	7.9	2
490	1994	27	1728	0.3	4.4	0.6801	9.1	9.3
490	1994	28	4579.2	-2	5.7	0.6144	9.3	2.7
490	1994	29	3542.4	-2.6	-0.4	0.4873	6.5	2.7
490	1994	30	1814.4	-2.4	1.8	0.5859	6.7	4.1
490	1994	31	3974.4	-0.4	1.7	0.5828	5.6	0.1
490	1994	32	3369.6	-1	2.4	0.5592	3.8	0.1
490	1994	33	3024	1	4	0.5997	4.4	4.1
490	1994	34	1987.2	-1.7	1.4	0.5742	3.3	0.7
490	1994	35	1987.2	-0.8	2.1	0.602	5.6	0
490	1994	36	2073.6	0.3	2.1	0.6331	6	0
490	1994	37	2073.6	-1.7	0.8	0.5795	2.8	0.2
490	1994	38	2160	-0.2	1.9	0.6368	1.9	2
490	1994	39	2160	-1.3	-0.2	0.5669	2.5	6.8
490	1994	40	3369.6	-1.3	1.2	0.5418	2.5	1.2
490	1994	41	3369.6	-1.1	1.9	0.5975	3.6	5.6
490	1994	42	2246.4	-2.5	0.4	0.532	2.9	1.9
490	1994	43	3628.8	-4	-1.4	0.4409	5.3	0.4
490	1994	44	2332.8	-14.2	-4	0.2704	6.6	0.3
490	1994	45	9244.8	-14.4	-6.3	0.1698	8.6	0
490	1994	46	9676.8	-10.6	-2.2	0.1932	6.7	0
490	1994	47	9849.6	-10.8	-2	0.2198	6.4	0
490	1994	48	9676.8	-14	-4	0.2137	1.9	0
490	1994	49	9072	-16.4	-5	0.1949	2.2	0
490	1994	50	8985.6	-16.4	-2.2	0.2208	1.6	0
490	1994	51	8812.8	-9.9	0.6	0.342	3.1	0.4
490	1994	52	2678.4	-6.8	-0.4	0.4404	4.2	0.7
490	1994	53	2764.8	-8.4	1.1	0.4527	2.8	4.5
490	1994	54	2764.8	-4.1	2.6	0.5611	3.7	5.6
490	1994	55	4924.8	-0.2	5.2	0.6874	2.1	1.5
490	1994	56	5529.6	2.1	6.7	0.7861	1.4	0
490	1994	57	6652.8	1.2	8.2	0.7345	3.9	0
490	1994	58	6134.4	2.8	12.5	0.67	3.6	0
490	1994	59	4320	3.5	9.2	0.8619	2	2.2
490	1994	60	3974.4	1.6	8.9	0.8342	2.1	6.2
490	1994	61	8467.2	2.4	5.7	0.7018	4.5	1.2
490	1994	62	10022.4	1.1	7.1	0.6223	4.2	3.1
490	1994	63	11318.4	0.4	5.7	0.5399	5.5	0
490	1994	64	13219.2	-3.1	10.5	0.4777	4.7	0
490	1994	65	10281.6	2.3	9.3	0.6177	3.8	0
490	1994	66	3369.6	1.4	5.5	0.704	6.7	0.9
490	1994	67	3456	4.6	8.7	0.9483	4.8	1
490	1994	68	8035.2	7.4	13	1.1067	3.6	0
490	1994	69	9590.4	2.7	12.1	0.741	2.8	0
490	1994	70	13219.2	-3.1	11.8	0.6084	3.3	0
490	1994	71	3628.8	1.9	8.8	0.8668	2.9	1.6
490	1994	72	3715.2	2	6.1	0.7262	8.1	9.6
490	1994	73	9158.4	0.8	8.4	0.67	9.1	0.2
490	1994	74	3801.6	5.6	6.8	0.9004	9.2	15.5
490	1994	75	11836.8	0.5	5.8	0.6739	6.3	6.9
490	1994	76	12182.4	-1	2.7	0.5133	9.2	0.7
490	1994	77	5011.2	-1.2	2.1	0.5934	5	8.1
490	1994	78	3974.4	0.2	5.6	0.7072	8.4	7.7
490	1994	79	11059.2	-1.4	3.8	0.5598	4.7	0.9
490	1994	80	11059.2	-0.8	7.6	0.5768	2.5	0
490	1994	81	13132.8	-0.4	9	0.6727	3.3	6.2
490	1994	82	5356.8	4.4	10	0.9137	7.3	0.2
490	1994	83	4838.4	6	10.8	0.9584	8.3	11.2
490	1994	84	4320	3	11.2	0.8671	6.5	2.2
490	1994	85	14688	-0.5	10	0.6685	6.4	3.1
490	1994	86	10972.8	-1.9	3.4	0.5225	2.6	0
490	1994	87	15292.8	-3.4	11	0.433	4.7	0
490	1994	88	4492.8	6	10.9	1.0391	4.3	1
490	1994	89	15465.6	7.7	17	1.0467	2.7	0
490	1994	90	11491.2	6.6	16.7	1.2186	4.9	3.4
490	1994	91	6652.8	4.6	13.1	1.0108	6.4	4.7
490	1994	92	13824	0.2	8	0.7124	4.5	0.3
490	1994	93	8380.8	-2.3	5.2	0.6377	2.7	1.1
490	1994	94	7257.6	-2.3	5.3	0.6332	6.8	6.7
490	1994	95	16761.6	-0.5	5.9	0.5415	6	0.3
490	1994	96	15465.6	-0.2	7.5	0.603	3	0
490	1994	97	15897.6	-1.8	8.1	0.5667	1.7	0
490	1994	98	11664	-0.3	8.1	0.6056	2.9	0
490	1994	99	8035.2	-0.3	5.5	0.6629	5.1	4.5
490	1994	100	7689.6	-2.5	3.7	0.5233	2	1.1
490	1994	101	5184	-2.1	1.6	0.588	2.8	6.1
490	1994	102	5270.4	-0.2	6.4	0.7326	3.4	33.6
490	1994	103	5961.6	1	4.5	0.6328	2.9	4.3
490	1994	104	6652.8	1.2	4.3	0.6253	4.7	0.1
490	1994	105	10972.8	-2	8.6	0.6037	2.2	0.1
490	1994	106	5443.2	1.2	7.2	0.7669	5.5	0.4
490	1994	107	5529.6	2.6	5.4	0.7887	6.6	2.3
490	1994	108	13564.8	0	4.9	0.5393	4.4	0
490	1994	109	21772.8	-0.7	10.3	0.516	1.3	0
490	1994	110	21340.8	-1.6	12.6	0.5418	2.1	0
490	1994	111	19958.4	2.2	16.6	0.7661	1.7	0
490	1994	112	15638.4	5	16.7	1.1687	1.6	9.2
490	1994	113	23587.2	3.8	19	0.7542	2.6	0
490	1994	114	22550.4	5	19.9	0.6927	2.8	0
490	1994	115	19094.4	5.4	19.5	0.8804	2.5	0
490	1994	116	11404.8	7.1	14.6	0.9609	3	0.1
490	1994	117	8208	5.9	15.6	0.9416	2.2	0
490	1994	118	11750.4	7.8	19	1.2285	1.8	0
490	1994	119	19958.4	7.5	21.7	1.0955	1.3	0
490	1994	120	23241.6	7.1	22.8	1.0016	3	0.3
490	1994	121	22291.2	5.1	16.1	0.8301	5.1	0
490	1994	122	10454.4	4.1	9.7	0.7161	3.1	0
490	1994	123	25660.8	-0.2	17	0.4957	3.6	0
490	1994	124	14515.2	4.4	16.4	0.9326	3.8	2.8
490	1994	125	16848	5	10.6	0.8884	4.3	6.2
490	1994	126	22464	4	15	0.7831	2.2	0
490	1994	127	22204.8	2.5	18	0.6488	3.1	0
490	1994	128	27043.2	6.9	19	0.6263	5.8	0
490	1994	129	27043.2	5	19.6	0.686	3.3	0
490	1994	130	14688	8.6	15.5	0.8997	3.8	0
490	1994	131	25228.8	5.3	17.3	0.7225	3.6	0
490	1994	132	22896	5.5	17.3	0.8485	2.8	0
490	1994	133	25920	3.8	19.3	0.8161	3.1	0
490	1994	134	19785.6	6.9	20.4	0.9989	3.9	0
490	1994	135	24710.4	11.7	20.7	1.0299	4.8	0
490	1994	136	24969.6	8.2	22.6	0.9436	1.7	0.2
490	1994	137	17280	11	19	1.3284	3	4.3
490	1994	138	14515.2	8.2	19.7	1.1777	4	0.1
490	1994	139	6739.2	7.1	14.4	1.2254	5.6	8.1
490	1994	140	14601.6	5.3	12.2	0.925	2.9	0.4
490	1994	141	16848	7.2	18.3	1.1186	2.7	0.9
490	1994	142	26956.8	9.1	18.5	0.9929	4.3	3
490	1994	143	13219.2	8.4	16	1.2635	3.2	1.5
490	1994	144	24105.6	6	20.8	0.9675	2.2	9
490	1994	145	21772.8	10.8	18.3	1.307	4	0.4
490	1994	146	16329.6	7.9	18	1.1483	1.9	5.2
490	1994	147	10108.8	4.7	10.8	0.9592	3.8	2.8
490	1994	148	18921.6	1	13.8	0.8028	1.6	0
490	1994	149	15811.2	5.9	14	1.0517	2.1	1.8
490	1994	150	25747.2	5.1	12.7	0.7293	2.6	0
490	1994	151	27907.2	0.2	18	0.6237	2.3	0
490	1994	152	28080	4.5	22.2	0.6582	1.7	0
490	1994	153	18576	8.3	27.1	1.1122	4.8	5.2
490	1994	154	24537.6	11.4	18.3	1.0627	5.9	0.5
490	1994	155	17884.8	9.2	14.4	0.8573	5.2	2.4
490	1994	156	11750.4	6	11.6	1.03	5	5.6
490	1994	157	22464	3.7	13.2	0.7185	3.4	0.7
490	1994	158	22896	7.5	19	1.171	3.7	0
490	1994	159	28512	10.4	22.9	1.003	2.5	2.8
490	1994	160	11145.6	6.7	15.8	0.9467	4	0
490	1994	161	13219.2	5.5	12.2	0.9426	2.2	0.1
490	1994	162	16070.4	6.5	12.8	0.9708	3.4	0.1
490	1994	163	23328	6.6	16.8	0.9204	4.1	0
490	1994	164	10022.4	8	17.3	1.0674	3.2	0
490	1994	165	19785.6	10.2	19.3	1.1564	2.7	0
490	1994	166	14860.8	8	16.3	1.0613	2.7	0
490	1994	167	9763.2	6.4	14.7	1.0056	4.7	4.8
490	1994	168	15552	7.1	14.1	1.0472	2.3	0.2
490	1994	169	16588.8	9	22.1	0.9704	3	0
490	1994	170	28857.6	13.2	26.3	0.9883	4.7	0
490	1994	171	19094.4	13.8	20.2	1.3157	2.3	0
490	1994	172	21254.4	13.6	23.6	1.2624	2.5	0
490	1994	173	20476.8	16	23	1.471	5.5	1.4
490	1994	174	25401.6	10.6	20.3	0.9466	2.7	0
490	1994	175	28857.6	6.5	23.4	0.713	1.8	0
490	1994	176	28944	10.5	28.9	0.9394	3.1	0
490	1994	177	22204.8	15.9	29.8	1.6393	2.2	0
490	1994	178	23673.6	15.6	28.9	1.7683	3.7	0
490	1994	179	21168	17.4	32.5	1.8909	3.2	0
490	1994	180	11404.8	16.2	28	1.9647	2.5	24.3
490	1994	181	20217.6	13.5	21	1.3367	3.2	0
490	1994	182	27043.2	10.6	23.9	1.0418	2.1	0
490	1994	183	28425.6	11.7	27.6	1.0736	2.3	0
490	1994	184	27648	12.7	29.6	1.1274	1.5	0
490	1994	185	26352	15.4	32.7	1.6725	2.4	8.3
490	1994	186	10454.4	14.6	22.1	1.7484	2.2	5.7
490	1994	187	20995.2	14.1	23.7	1.5697	2.6	1.2
490	1994	188	15638.4	11.1	18.8	1.2733	3	7.9
490	1994	189	21513.6	8.5	18	1.0037	3.6	0
490	1994	190	20131.2	9.5	19	1.2171	2.6	0.1
490	1994	191	22982.4	12	22	1.335	2.4	0
490	1994	192	26870.4	10.8	25.5	1.1233	2.4	0
490	1994	193	22809.6	12.3	25.1	1.1411	2.4	0
490	1994	194	26870.4	13.6	27.6	1.1142	2.7	0
490	1994	195	24105.6	13.3	30.5	1.4425	2.5	20.7
490	1994	196	11145.6	14.5	24.1	1.6987	1.7	1.2
490	1994	197	19008	15.5	25.6	1.7869	2	4.4
490	1994	198	18403.2	16.1	27.5	2.1898	1.5	0.7
490	1994	199	7948.8	16.8	20.2	1.935	2.1	6.5
490	1994	200	6393.6	14.6	17.4	1.6887	3	13.9
490	1994	201	15033.6	13.6	21.7	1.2297	3.3	0
490	1994	202	26784	15.4	25.3	1.1449	1.6	0
490	1994	203	26611.2	10.6	28.5	0.9307	1.7	0
490	1994	204	22204.8	14.1	28.2	0.952	2.2	0
490	1994	205	26265.6	14	28.5	1.0587	2.6	0
490	1994	206	26524.8	14.2	30.9	1.1732	1.6	0.3
490	1994	207	19094.4	18.7	31	2.3496	1.8	0
490	1994	208	24364.8	15.3	29.2	1.4736	2.1	0
490	1994	209	26179.2	15.3	33	1.2619	2.1	0
490	1994	210	25574.4	16.3	32	1.6225	2.3	0
490	1994	211	22204.8	15.1	32.3	1.433	2	0
490	1994	212	20476.8	16.4	32.8	1.4506	1.4	0
490	1994	213	24710.4	17.5	32.5	1.6437	2.9	0
490	1994	214	19526.4	17.7	25.4	1.6945	2.4	0.3
490	1994	215	21686.4	13.8	28.1	1.2374	1.9	0
490	1994	216	25920	15.4	30.5	1.0343	2	0
490	1994	217	25574.4	15.3	33.6	1.2848	2.4	3.7
490	1994	218	21081.6	17.2	28.3	1.878	2.4	10
490	1994	219	12528	16.2	22.5	1.8609	2.5	7.2
490	1994	220	12787.2	14	23	1.8924	2.4	32.1
490	1994	221	20822.4	13.7	22.9	1.4069	2.5	0
490	1994	222	13737.6	12.5	26.7	1.4801	2.2	25
490	1994	223	16070.4	15.7	22.1	1.4607	4.3	3.5
490	1994	224	12528	13.6	17.8	1.5675	3.9	2.6
490	1994	225	14947.2	10.1	15.7	1.0553	4.3	0
490	1994	226	20044.8	6.7	15.7	0.824	4.2	0
490	1994	227	22636.8	7.1	18	0.8135	3.1	0
490	1994	228	23328	4.4	20.8	0.8891	1	0
490	1994	229	20304	9.1	22.8	1.1946	3.7	7.4
490	1994	230	8553.6	9.8	13.1	1.135	6	1.3
490	1994	231	10886.4	9.2	14.5	1.1931	5	0.8
490	1994	232	17884.8	12.1	19	1.3056	3.6	0
490	1994	233	21600	6.5	21.7	1.0928	1.9	0
490	1994	234	21859.2	10.7	25	1.2657	1.7	4.2
490	1994	235	18144	14.5	25.5	1.774	2.1	0
490	1994	236	11923.2	14.3	21.5	1.6792	2.2	0
490	1994	237	5097.6	12	16.7	1.5516	1.8	11.1
490	1994	238	20044.8	8.6	20.4	1.2039	3	0
490	1994	239	13478.4	13.3	22	1.4918	3.1	0
490	1994	240	13996.8	10.8	20	1.5028	3.2	1.4
490	1994	241	20563.2	8.7	17.3	0.9874	3	0
490	1994	242	17971.2	4.7	19.2	0.9078	1.4	0
490	1994	243	18403.2	6	22.9	1.0356	2.1	0.3
490	1994	244	13996.8	12.8	21.6	1.5088	2	0.8
490	1994	245	4579.2	11	17.1	1.4577	0.8	2.7
490	1994	246	13824	8.8	16.7	1.045	3.4	0
490	1994	247	17020.8	7.9	18.6	0.9276	3	0
490	1994	248	6825.6	12.2	17	1.4109	4	1.6
490	1994	249	10540.8	9.4	16.3	1.1111	2.3	2.1
490	1994	250	4406.4	13	15.3	1.451	3.5	1.4
490	1994	251	5875.2	11.4	17.1	1.4118	2.3	17.8
490	1994	252	15638.4	9	14.6	0.9265	5.1	0.1
490	1994	253	11318.4	6.3	15.1	1.0157	4.1	8.9
490	1994	254	15465.6	9	16	1.1294	4.4	0.4
490	1994	255	9331.2	12	19.2	1.4691	3.4	0.7
490	1994	256	4060.8	11.1	14.8	1.3123	2.1	1.5
490	1994	257	5788.8	8.2	17.9	1.3359	2.6	12.8
490	1994	258	13478.4	8.8	14.9	1.0683	6	4.1
490	1994	259	10281.6	7.1	11.1	0.8547	7	0.3
490	1994	260	8294.4	6.5	10.6	0.7011	5	0
490	1994	261	3888	4.6	7.5	0.8442	2.8	1.9
490	1994	262	10108.8	7.2	13.8	1.053	2.4	0.1
490	1994	263	13478.4	2.4	15.6	0.849	2.4	0
490	1994	264	12700.8	3.8	13	0.8813	2.4	0
490	1994	265	13824	2.3	15.2	0.8799	1.7	0
490	1994	266	15638.4	4.2	19.6	0.9326	2.7	0
490	1994	267	13910.4	10.2	21.6	1.4253	3.4	0
490	1994	268	15033.6	11.2	21.1	1.3932	2	0
490	1994	269	11145.6	9.4	21.3	1.2715	2.2	0
490	1994	270	12268.8	12.3	19.7	1.3073	2.6	0
490	1994	271	7689.6	10	13.9	1.1033	1.8	0
490	1994	272	11145.6	6	17	1.0574	1.6	0
490	1994	273	13392	2.4	19.1	1.0061	1.3	0
490	1994	274	7084.8	8.1	15.2	1.1501	1.6	0
490	1994	275	8899.2	8.6	16.7	1.3014	2.3	1.7
490	1994	276	4320	8.6	14.1	1.2618	4.8	23.6
490	1994	277	12528	0.2	10	0.7289	3	0.1
490	1994	278	6825.6	0	4.5	0.6825	3.4	0.8
490	1994	279	10886.4	-1.2	6.7	0.603	1.4	0
490	1994	280	12441.6	-3.9	8.1	0.5331	1.9	0.7
490	1994	281	5961.6	1.4	6.5	0.6806	1.8	0
490	1994	282	9072	-3.3	8.7	0.5712	2.3	0.9
490	1994	283	10454.4	3.8	11.7	0.8643	1.3	0
490	1994	284	11577.6	-2.1	15.6	0.7579	0.9	0
490	1994	285	12268.8	0.2	17.8	0.8604	1.3	0
490	1994	286	7776	3	12	0.9222	1.5	0
490	1994	287	11577.6	1.5	19.6	0.9928	2.2	0
490	1994	288	11404.8	5.4	19.9	1.1259	2.6	0
490	1994	289	2592	2.9	9.4	0.9162	2.1	0
490	1994	290	6480	-2.7	5	0.5046	3.7	0
490	1994	291	10022.4	-5.3	6.3	0.3991	3.4	0
490	1994	292	8121.6	-1.5	5.3	0.4624	6.4	0
490	1994	293	9763.2	-0.2	7.2	0.5652	7.2	0
490	1994	294	9763.2	1.6	12.1	0.7632	6.4	0
490	1994	295	5702.4	2.1	10.4	0.7608	5.3	0.2
490	1994	296	2332.8	3.4	7.3	0.8489	6.3	1.5
490	1994	297	6480	5.2	11	0.9823	3.5	0.7
490	1994	298	6134.4	4.9	10.6	0.9486	3.6	2.8
490	1994	299	4406.4	4.8	7.6	0.8719	4.1	3.9
490	1994	300	5011.2	5.1	8.3	0.8044	4.7	0.7
490	1994	301	2073.6	5.4	7.6	0.8611	3	2.9
490	1994	302	5270.4	2.3	7.6	0.7735	3.5	4.8
490	1994	303	2073.6	5.4	11.1	1.0687	7.7	8.7
490	1994	304	3888	10.7	14.2	1.0968	7.2	1.2
490	1994	305	5616	6.9	13.4	1.0287	5.7	0
490	1994	306	7257.6	1.4	9.3	0.7595	1.4	0
490	1994	307	8121.6	0.1	11.2	0.739	4.6	0
490	1994	308	5097.6	5.8	9.7	0.8749	5.7	0
490	1994	309	6825.6	5.5	12	0.9814	7.9	0
490	1994	310	6048	4.7	9.8	0.927	4.2	0
490	1994	311	1814.4	4	5.6	0.8256	2.2	0.9
490	1994	312	1728	5	7.5	0.9225	1.8	0
490	1994	313	1728	5.6	8.5	0.9144	1.6	0
490	1994	314	1728	3.4	6.7	0.8489	2.1	2.8
490	1994	315	1641.6	0.8	6.4	0.7748	2.7	1.1
490	1994	316	1641.6	-1.2	0.8	0.5781	2.3	0
490	1994	317	1641.6	0	5.3	0.717	2.6	0.4
490	1994	318	1555.2	3.8	9.7	0.9056	6	3.5
490	1994	319	3196.8	7.7	9.6	0.986	6.8	5.6
490	1994	320	3542.4	3.3	7.7	0.8126	6.1	2.9
490	1994	321	2073.6	2.2	5.7	0.7698	4.8	6.1
490	1994	322	1468.8	0.2	4	0.6894	3.3	13.7
490	1994	323	2419.2	-3.2	4.6	0.6299	2.2	4.9
490	1994	324	1468.8	2.3	11.2	0.9056	5.4	0
490	1994	325	2592	3.3	11.3	0.9097	2.7	0
490	1994	326	4320	0.6	8	0.7142	1.2	0
490	1994	327	5788.8	-2.4	10.3	0.6806	2.1	0
490	1994	328	1382.4	1.6	7.1	0.7834	4.4	0.3
490	1994	329	1382.4	2.4	7.1	0.7627	4.1	1.5
490	1994	330	1382.4	3.9	5	0.7889	4	3
490	1994	331	1296	4.2	6.9	0.8698	1.9	0.7
490	1994	332	1296	3.8	5.5	0.7744	2.3	0.3
490	1994	333	5356.8	0.8	9.3	0.7439	2.2	0
490	1994	334	1555.2	0.9	5.1	0.7047	2	0
490	1994	335	4233.6	-1.6	3.5	0.5563	3	0
490	1994	336	4752	-4.4	0.7	0.3949	4.3	0
490	1994	337	4233.6	-2.6	6.3	0.4678	3.1	1.1
490	1994	338	1296	0.2	8.9	0.8029	3.8	4.9
490	1994	339	2592	5.1	8.9	0.8912	4.3	2.9
490	1994	340	4492.8	2.6	6.3	0.6798	5.6	0
490	1994	341	4579.2	-2.1	5.7	0.5496	3.4	0.3
490	1994	342	3024	0.7	5.6	0.6203	4.8	4.4
490	1994	343	3888	-0.6	7.2	0.6579	4.4	1.2
490	1994	344	1296	-2.1	5.4	0.647	2.8	7.2
490	1994	345	1728	5.4	9.6	0.8808	8	0.1
490	1994	346	1814.4	7.7	9	0.8783	7.4	0.2
490	1994	347	1296	7	8.1	0.967	8.8	14.2
490	1994	348	2764.8	-2.3	7.2	0.6486	5.1	1.2
490	1994	349	4147.2	-6.3	1.2	0.4357	1.9	0
490	1994	350	1209.6	-7.1	-1.8	0.4043	4.1	1.5
490	1994	351	1209.6	-2.4	-0.6	0.4983	3.4	0
490	1994	352	4579.2	-4.8	0.9	0.4555	3.8	0
490	1994	353	1209.6	-1.3	1.4	0.5887	2.7	0.1
490	1994	354	1900.8	-0.5	2	0.5935	2.2	0.4
490	1994	355	2246.4	-2.7	0.6	0.5037	1.8	0.3
490	1994	356	1209.6	-2.3	-1	0.509	5.7	0.5
490	1994	357	1209.6	-3.8	-2	0.3801	5.5	0
490	1994	358	1209.6	-7.1	-3.3	0.3737	3	0
490	1994	359	1209.6	-8	-3.9	0.3765	2.6	0
490	1994	360	1209.6	-4.6	-2.1	0.4392	4.2	1.9
490	1994	361	1209.6	-2.5	6.1	0.6539	8.3	16.5
490	1994	362	1296	6	9.4	0.9874	6.8	3.4
490	1994	363	1555.2	6.6	9.4	0.8792	7.1	7.1
490	1994	364	1296	1.7	7.2	0.7301	7	8.7
490	1994	365	2505.6	0.8	2.7	0.6239	6.6	3.3
