*---------------------------------------------------------------------------*
* Station name: HOF                                     
* Year: 2002
* Author: Pedro Alencar                                   -999.000: NIL VALUE
* Source: ECAD 
* Comments: 
* Longitude: 50.3131, latitude: 50.3131, altitude: 565 m.
*
* Column  Daily value
* 1       station number
* 2       year
* 3       day
* 4       irradiation                   (kJ m-2 d-1)
* 5       minimum temperature           (degrees Celsius)
* 6       maximum temperature           (degrees Celsius)
* 7       early morning vapour pressure (kPa)
* 8       mean wind speed (height: 2 m) (m s-1)
* 9       precipitation                 (mm d-1)
*
** WCCDESCRIPTION=GERMANY, HOF                                     
** WCCFORMAT=2
** WCCYEARNR=2002
*---------------------------------------------------------------------------*
   50.3131  11.8775    565.  -0.18 -0.55
490	2002	1	2246.4	-11.8	-3.5	0.3406	4.7	0
490	2002	2	1296	-8.7	-1.3	0.4089	5	1.1
490	2002	3	3974.4	-16	-7.8	0.2361	1.6	0
490	2002	4	4492.8	-17.7	-6.5	0.2081	1.6	0
490	2002	5	4752	-17.6	-2.1	0.252	1.5	0
490	2002	6	4233.6	-15.7	-2.3	0.2663	1.9	1.2
490	2002	7	1641.6	-3.7	0.2	0.5375	2.3	0
490	2002	8	1382.4	-4.1	-1.5	0.4973	1.7	0
490	2002	9	1382.4	-7.1	-3.7	0.409	1.8	0
490	2002	10	1382.4	-10.2	-6.8	0.322	1.3	0
490	2002	11	2332.8	-10.1	-4.1	0.359	1.9	0.1
490	2002	12	1468.8	-4.9	-2.4	0.4667	2.2	1.4
490	2002	13	2160	-4.6	-0.9	0.4942	2.2	0
490	2002	14	3110.4	-6.4	-3.3	0.4179	3.1	0
490	2002	15	2505.6	-8.8	-6.3	0.3467	4.2	0
490	2002	16	1468.8	-9.5	-6	0.3414	2.3	0
490	2002	17	1555.2	-6.1	-2.4	0.4462	2.5	0
490	2002	18	1555.2	-4.1	-2.3	0.4827	4	0
490	2002	19	1555.2	-2.7	1.6	0.5811	4.5	2.7
490	2002	20	1555.2	0.4	2.8	0.6584	5.4	7.4
490	2002	21	1641.6	2.4	4.4	0.7717	6	0.7
490	2002	22	5011.2	0.6	5.4	0.6971	4.6	0.6
490	2002	23	3801.6	2.5	5.7	0.6715	4.8	0.7
490	2002	24	5011.2	3.1	6.8	0.7561	6.3	4.5
490	2002	25	5443.2	0.6	5	0.6126	4.6	2.9
490	2002	26	2419.2	2	7.9	0.6952	6.9	3.6
490	2002	27	1728	5.9	8.2	0.8641	6.7	22
490	2002	28	3715.2	7.1	10.5	0.9055	8.8	0.4
490	2002	29	7084.8	5.3	10.6	0.6945	6.2	0
490	2002	30	3196.8	6.6	9.8	0.7934	4.2	0
490	2002	31	5529.6	3.6	9.5	0.6117	5.5	0
490	2002	32	3456	3.9	7.7	0.7652	4.8	0
490	2002	33	5702.4	4.8	12.8	0.7244	3.3	0
490	2002	34	7776	2.4	12.7	0.6862	4.4	0
490	2002	35	7516.8	1.3	8.5	0.5543	5.1	0
490	2002	36	2678.4	5.1	10.1	0.699	6.3	2
490	2002	37	2073.6	3.7	7.2	0.7828	2.8	0.6
490	2002	38	4233.6	0.1	4.1	0.6184	3.1	0.4
490	2002	39	2160	1.2	4.6	0.6847	5.3	0.6
490	2002	40	3024	4.5	9	0.8564	6.6	15.5
490	2002	41	3628.8	1.3	5	0.6663	5.9	3
490	2002	42	2246.4	3.6	7.6	0.7819	8.1	6.9
490	2002	43	2332.8	5.7	9	0.8718	8.6	25.2
490	2002	44	2332.8	2.2	5.7	0.7212	2.6	8.1
490	2002	45	7516.8	-4.5	2.2	0.4494	5.4	0
490	2002	46	9590.4	-5.5	4.1	0.3774	4.1	0
490	2002	47	9676.8	-5.7	6.7	0.3675	4	0
490	2002	48	8985.6	-2.1	7.3	0.5377	2.8	0
490	2002	49	3456	-2.8	2.8	0.5132	3.8	0
490	2002	50	2592	-0.7	0.8	0.5335	6.2	7.9
490	2002	51	2678.4	0.4	2.9	0.6194	6.6	16.5
490	2002	52	4492.8	-6.7	1.4	0.3973	5.1	0.9
490	2002	53	2764.8	-6.6	2.6	0.4327	6.9	9.4
490	2002	54	5356.8	-2.2	2.7	0.5351	6.8	8.6
490	2002	55	5875.2	-2.6	0.2	0.4534	5.8	2.2
490	2002	56	2851.2	-2.2	5.2	0.6264	3.4	8.5
490	2002	57	2937.6	4.7	7.2	0.7918	7.4	10.2
490	2002	58	9244.8	1.5	7.3	0.5854	6.8	5.4
490	2002	59	10108.8	0.7	5	0.5848	6.3	0.4
490	2002	60	10540.8	0	6.5	0.5476	4.4	0
490	2002	61	4579.2	-3.3	0.3	0.4106	2.8	0
490	2002	62	8208	-4	2	0.3862	3	0
490	2002	63	6998.4	-1.3	7.1	0.5492	2.2	0
490	2002	64	12182.4	-3.4	9.4	0.5456	1.3	0
490	2002	65	9590.4	-2.2	8.7	0.563	4.8	0.5
490	2002	66	4320	2	7	0.6737	8	6.7
490	2002	67	13910.4	0.3	8.4	0.5167	4	0
490	2002	68	3456	0.4	6.8	0.506	3.9	0
490	2002	69	14688	1.1	7.5	0.4484	5.8	0
490	2002	70	14860.8	0.5	14.3	0.4837	3.7	0
490	2002	71	11232	4.2	16.8	0.647	2.1	0
490	2002	72	11059.2	3.1	14.6	0.7269	2.8	0
490	2002	73	3715.2	-0.8	3.5	0.6601	6	0
490	2002	74	4579.2	-1.3	3.5	0.6484	3.4	0
490	2002	75	11923.2	0.6	11.7	0.8406	2.7	0
490	2002	76	12355.2	2.3	13.1	0.8929	3.9	0
490	2002	77	13996.8	2.3	15.8	0.8288	3.8	10
490	2002	78	5097.6	4.4	8.2	0.878	5.8	7.4
490	2002	79	5184	3.6	9.3	0.8678	4.3	13
490	2002	80	7603.2	3.8	10.5	0.8701	3.8	4.2
490	2002	81	5529.6	-0.3	6.1	0.6621	4.7	7.3
490	2002	82	4233.6	-1.6	-0.1	0.5283	6.1	2.8
490	2002	83	6307.2	-2.7	0.2	0.5075	4.9	0.7
490	2002	84	4320	-2.9	-0.6	0.4408	2.9	0.1
490	2002	85	4924.8	-5	-0.8	0.3406	1.5	0
490	2002	86	11145.6	-5.6	1.4	0.4086	2.3	0
490	2002	87	18230.4	-6.2	7.7	0.4516	2.4	0
490	2002	88	18662.4	-2.7	14.2	0.4777	3	0
490	2002	89	18316.8	-0.3	17.1	0.5288	2	0
490	2002	90	12182.4	1.5	14.6	0.6347	1.2	0
490	2002	91	17280	-0.7	15.2	0.6214	1.3	0
490	2002	92	18576	0.5	15.8	0.6607	2.7	0
490	2002	93	19699.2	4.1	14.6	0.5756	6.1	0
490	2002	94	20217.6	0.2	14.1	0.4452	4.6	0
490	2002	95	19353.6	-2.9	7.9	0.4388	4.5	0
490	2002	96	10368	-5	0.2	0.3842	3.7	0
490	2002	97	20131.2	-4	7	0.4221	2.6	0
490	2002	98	20390.4	-4.8	8.5	0.377	3.2	0
490	2002	99	18230.4	-3.5	9.1	0.4109	3.5	0
490	2002	100	15724.8	-0.9	7.1	0.5037	4.6	0
490	2002	101	15206.4	1.9	10.8	0.6991	4.2	0
490	2002	102	5270.4	4.4	9.7	0.8943	3.8	0.3
490	2002	103	5270.4	4.3	6.4	0.8757	3	8.1
490	2002	104	5356.8	2.9	4.6	0.791	3	1.6
490	2002	105	14774.4	2.5	7.5	0.7151	4.1	0
490	2002	106	14169.6	1.6	8.6	0.7025	2.9	0.1
490	2002	107	5529.6	1.5	5.2	0.7534	2.7	1.5
490	2002	108	14083.2	2.9	11.4	0.8094	2.1	0
490	2002	109	12960	1.9	11.2	0.8156	2.3	0.5
490	2002	110	5616	3.8	7.6	0.8606	2.5	0.9
490	2002	111	18835.2	4.5	12.3	0.8813	3.1	0
490	2002	112	18662.4	2.9	14.2	0.8792	1.9	0
490	2002	113	14515.2	2.1	15.6	0.8631	2.8	2.4
490	2002	114	5788.8	6.9	9.6	1.0033	2.4	1
490	2002	115	9072	7.9	12.8	1.0802	1.6	0.1
490	2002	116	11232	5.8	15.4	1.0345	3.7	5.2
490	2002	117	16329.6	2.7	9.1	0.6962	5.8	6.6
490	2002	118	14256	3.4	12.8	0.6693	4.9	0
490	2002	119	16761.6	4.6	10.9	0.6535	5.9	1.8
490	2002	120	19267.2	4.8	13.7	0.6067	4.7	0
490	2002	121	18835.2	8.1	16	0.7872	3.8	0.6
490	2002	122	11750.4	7.7	13.7	1.0285	2.4	0.1
490	2002	123	6220.8	7.6	9.9	1.0265	4	0.3
490	2002	124	6220.8	6.5	8.5	0.9533	3	12.6
490	2002	125	9590.4	4.7	9.7	0.7918	2.7	0
490	2002	126	10886.4	3.7	11.2	0.8778	2.1	1.6
490	2002	127	16848	7.2	16	1.1327	3.2	0
490	2002	128	20044.8	8.7	20.7	0.9522	3.6	0
490	2002	129	23932.8	9.9	23.2	0.7898	3.7	0
490	2002	130	20736	10.9	19.1	1.1411	2.7	0.8
490	2002	131	18835.2	10.1	18.9	1.1709	2.5	0.3
490	2002	132	6480	9.6	13.8	1.1677	1.5	4.3
490	2002	133	20217.6	10.8	18.1	1.2822	2	0
490	2002	134	21427.2	8.9	16.1	0.8688	4.4	0
490	2002	135	22723.2	7.1	15.7	0.7946	3.8	0
490	2002	136	26784	5.3	22.7	0.8622	2.1	0
490	2002	137	26784	8.4	24.7	1.0342	2.5	0
490	2002	138	21772.8	9	23.4	1.0666	2.2	8.6
490	2002	139	9849.6	8.2	14	1.0958	2.4	7.4
490	2002	140	15292.8	7.5	16.9	0.9512	1.4	0
490	2002	141	26265.6	10.4	20.4	1.0485	2.7	0
490	2002	142	27561.6	10.2	24.5	1.0286	2.9	0
490	2002	143	13737.6	10.8	19.5	1.3069	2.9	5.8
490	2002	144	12787.2	9.9	14.7	1.1861	3.1	0.1
490	2002	145	11491.2	8.2	15.5	1.0683	2.9	7.4
490	2002	146	14774.4	6.4	13.8	0.9264	1.7	0
490	2002	147	6912	6.6	12.7	1.0188	2.1	6
490	2002	148	11059.2	8.3	13.6	1.1372	2.8	0.1
490	2002	149	25315.2	6.7	17	0.9434	3.5	0.4
490	2002	150	22809.6	5.1	17.3	0.731	1.6	0
490	2002	151	25488	8.7	18.7	0.8143	2.5	0
490	2002	152	28166.4	5.8	16.3	0.7501	2.1	0
490	2002	153	28598.4	3.9	17.5	0.72	2	0
490	2002	154	25228.8	6.2	20.9	0.7443	1.9	0
490	2002	155	22464	8.9	22.7	0.9143	2.4	0
490	2002	156	15033.6	11.6	22.9	1.0222	5.2	4.4
490	2002	157	8208	13.1	17.9	1.4773	1.9	1
490	2002	158	6652.8	11.7	14.8	1.3687	2.8	37.9
490	2002	159	6652.8	10.3	15.6	1.2079	2.4	0
490	2002	160	17107.2	10.2	18.5	1.1433	1.5	0
490	2002	161	10281.6	9.5	15.2	1.0897	3.3	0.1
490	2002	162	18230.4	8.3	15.4	0.9434	3.1	0
490	2002	163	20649.6	8.8	19.7	1.0223	3.4	0
490	2002	164	14860.8	11.6	18.8	1.0868	4.5	0
490	2002	165	23241.6	11.9	21	1.2332	3	0
490	2002	166	12268.8	11.9	23.5	1.5369	3.2	10.7
490	2002	167	18576	11.9	21.4	1.2111	1.7	0
490	2002	168	28166.4	10.6	26.8	1.2057	1.6	0
490	2002	169	28857.6	15.3	30.6	1.4256	2.4	0
490	2002	170	15552	17.3	22.9	1.785	2.8	0
490	2002	171	25315.2	17.3	30.4	1.7411	2.9	0
490	2002	172	16329.6	15.1	23.3	1.5771	1.9	0.1
490	2002	173	26092.8	13.3	25.4	1.3228	2.4	0
490	2002	174	25315.2	14.1	24.6	1.3901	3	5.7
490	2002	175	11836.8	10.2	19	1.1287	2.6	0
490	2002	176	24537.6	7.7	20.2	0.9867	1.4	0
490	2002	177	28252.8	7.7	22.9	1.0418	1.5	0
490	2002	178	25920	10.1	22.4	1.0885	3.5	0
490	2002	179	21340.8	8.9	16.9	0.981	4.2	0.8
490	2002	180	18921.6	7.3	15.4	0.9665	3.8	1.8
490	2002	181	26956.8	5.6	19.6	0.8745	3	0
490	2002	182	14947.2	12.3	20.2	1.0332	3.6	2.1
490	2002	183	6652.8	10.6	15	1.2995	3.9	2.1
490	2002	184	22032	9.2	23.9	1.2787	3.8	0.1
490	2002	185	15552	10.3	15.9	1.2047	4.9	0.3
490	2002	186	27820.8	9.7	21.3	1.1607	2.3	0
490	2002	187	13305.6	9.7	19.7	1.3532	2.3	1.2
490	2002	188	13996.8	10.7	22.1	1.4901	1.8	0
490	2002	189	28857.6	11.6	27.4	1.4031	2.5	0
490	2002	190	28857.6	14.2	31.3	1.3809	2.6	2.3
490	2002	191	18748.8	13.4	28.2	1.8636	3.4	0
490	2002	192	22118.4	10.4	20	1.3111	2.8	0.1
490	2002	193	24019.2	10.1	24.1	1.1488	2.4	0
490	2002	194	16070.4	11.5	22.8	1.4259	2.1	9.4
490	2002	195	10281.6	14.5	19.9	1.8223	2.1	0
490	2002	196	7689.6	15	17.9	1.7004	3.2	0
490	2002	197	6480	14.9	19.4	1.8752	3.5	1.6
490	2002	198	6480	14.5	17.5	1.7976	2.3	1.7
490	2002	199	6393.6	11.6	14.5	1.411	4.1	0
490	2002	200	19008	9.7	19.5	1.2947	2.8	0
490	2002	201	25401.6	7.7	23	1.1844	1.5	0
490	2002	202	27043.2	10.9	24.6	1.2172	4.2	0.1
490	2002	203	22204.8	9.5	17.5	1.0511	4.1	0
490	2002	204	11059.2	8.2	19.3	1.0997	2.8	0.1
490	2002	205	10195.2	11.7	18.9	1.5105	3.7	6.1
490	2002	206	8121.6	9.4	16	1.2323	2.4	0.1
490	2002	207	6220.8	8	15.4	1.2776	2.7	0.5
490	2002	208	20822.4	13.8	23.8	1.7116	1.9	0
490	2002	209	27302.4	10.7	27.2	1.3996	2.2	0
490	2002	210	24192	13.6	29.9	1.5594	2	0
490	2002	211	24019.2	16.3	29.7	1.5421	1.8	0
490	2002	212	19440	14.9	28.1	1.8941	1.2	3.3
490	2002	213	13219.2	15.5	23.5	1.9236	2.7	0
490	2002	214	22464	13.2	24	1.5406	2.3	0
490	2002	215	24192	10.4	27.3	1.3257	1.4	0
490	2002	216	12009.6	13.6	19	1.5732	1.6	0.8
490	2002	217	19958.4	12.1	22.2	1.5236	2.4	0.9
490	2002	218	13219.2	9.4	21.4	1.4154	1.4	18.2
490	2002	219	5875.2	13.3	18.2	1.6619	2.8	6.4
490	2002	220	5788.8	12	17.4	1.6037	1.6	2.6
490	2002	221	20649.6	11.3	23.1	1.548	1.2	0
490	2002	222	12182.4	14.4	21.7	1.7985	2	0.1
490	2002	223	6393.6	14.9	19.8	1.8594	2.8	24
490	2002	224	5616	12.3	16.4	1.5679	5.5	15.1
490	2002	225	10800	13.5	17.3	1.363	4.7	0.1
490	2002	226	8812.8	13.4	19.1	1.6051	2.5	0.1
490	2002	227	19008	13.1	23	1.5918	2.4	0
490	2002	228	21254.4	11.3	23.2	1.5529	2	0
490	2002	229	15120	12.1	23.1	1.8086	1.4	6.2
490	2002	230	22204.8	12.1	26.1	1.6335	1.9	0
490	2002	231	23328	13.1	27.6	1.5504	2.2	0
490	2002	232	22982.4	14.8	27.7	1.5629	2.5	0
490	2002	233	13305.6	11.2	21.5	1.5596	2.3	23.7
490	2002	234	14947.2	10	21.5	1.5368	1.2	0
490	2002	235	19094.4	12.4	23.9	1.6434	1.4	0.5
490	2002	236	18748.8	12.4	25.6	1.6672	1.5	0
490	2002	237	16416	13.2	25.6	1.8217	1.8	0.1
490	2002	238	18921.6	16.2	26.3	1.8654	3.5	0
490	2002	239	17193.6	13.9	26.2	1.8965	1.8	1.8
490	2002	240	12960	14	23.3	1.8888	1.5	0.9
490	2002	241	14860.8	13.2	23.1	1.8722	1.3	0
490	2002	242	13910.4	13.2	25.4	1.9669	1	2.4
490	2002	243	14947.2	14.4	25.2	1.9366	2.2	0.6
490	2002	244	8035.2	9.1	16.3	1.159	4.3	0
490	2002	245	20044.8	6.6	18.8	1.0563	2.8	0
490	2002	246	12873.6	7.4	20	1.2058	2.8	0
490	2002	247	19008	12.3	23.4	1.5106	2.3	0.2
490	2002	248	9158.4	11.9	16.7	1.4489	1.5	4.7
490	2002	249	15638.4	9.3	20.5	1.3538	1	0
490	2002	250	14601.6	8.7	22.5	1.3629	1.5	0
490	2002	251	19180.8	9.4	23.7	1.3727	1.9	0
490	2002	252	18748.8	11.6	25	1.4909	2.4	0
490	2002	253	8640	10.8	17.3	1.5378	2.2	20
490	2002	254	4924.8	10.7	15.6	1.4655	2.4	0
490	2002	255	17712	6.4	17.3	1.0544	3.1	0
490	2002	256	18316.8	4.5	17.2	0.909	2.2	1.4
490	2002	257	9676.8	6.3	18.7	1.2597	2.4	3.8
490	2002	258	12441.6	7.4	14.7	1.0527	4.2	0
490	2002	259	13564.8	5	12.9	0.8804	2.1	0
490	2002	260	8294.4	7.6	15.1	1.0738	2.2	0
490	2002	261	5529.6	5.8	15.6	1.0671	1.7	0
490	2002	262	13737.6	4.3	18.7	1.1252	1.1	0
490	2002	263	10022.4	7.5	16.7	1.213	1.7	0
490	2002	264	3715.2	6	13.7	1.0325	1	0.2
490	2002	265	9504	5.6	14.5	1.108	1.9	1.2
490	2002	266	5443.2	4.4	12	1.0433	3.8	1.3
490	2002	267	11318.4	2.1	9	0.7158	6.1	5.1
490	2002	268	3542.4	3.1	6.6	0.7853	2.8	1.6
490	2002	269	4492.8	5.3	10.6	1.0258	3.2	4.8
490	2002	270	8640	4.8	9.4	0.8671	3.8	1.2
490	2002	271	13219.2	1.3	11.7	0.7353	1.3	0
490	2002	272	6134.4	4.1	13.4	0.9814	0.8	0
490	2002	273	14688	1	16.1	0.9126	1.1	0
490	2002	274	14256	1.3	16.7	0.9408	1.3	0
490	2002	275	11923.2	3.5	17.1	1.0265	1.9	0
490	2002	276	7689.6	6.5	15.1	1.1648	2.7	3
490	2002	277	7948.8	8	13.8	1.1465	3.4	0.6
490	2002	278	7430.4	5.9	10.5	0.9781	3.9	8.1
490	2002	279	3024	4	10.9	1.0017	4.5	15.2
490	2002	280	7084.8	1.9	7.1	0.7832	1.9	5.8
490	2002	281	11836.8	0.5	7.2	0.6839	2.8	0
490	2002	282	8553.6	2.1	9.6	0.7586	4.1	0.2
490	2002	283	5961.6	4.3	9.3	0.8099	5.4	0.1
490	2002	284	2764.8	2.2	4.4	0.6734	4.1	0.1
490	2002	285	2764.8	0.2	2.7	0.631	2.7	0.6
490	2002	286	2678.4	0.2	3.7	0.6891	1.2	0.3
490	2002	287	4752	3.3	12.2	0.9697	3.3	0
490	2002	288	4406.4	5.9	12	1.0062	3.3	3.7
490	2002	289	3110.4	11.1	13.9	1.39	3.9	10.8
490	2002	290	2505.6	5.6	11.8	1.0456	5.2	0.5
490	2002	291	4320	2.6	7.2	0.7967	3.9	5.4
490	2002	292	7862.4	2.2	6.5	0.7584	4.2	0.6
490	2002	293	6912	0.4	6.6	0.6908	2.2	0
490	2002	294	2851.2	1.9	11	0.8582	4.1	5.1
490	2002	295	4838.4	7.6	13.2	1.1972	3.8	3.4
490	2002	296	4752	5.1	12.9	0.9752	5.9	3.3
490	2002	297	8208	1	8.1	0.7268	4.4	2.7
490	2002	298	2246.4	1.2	11.9	0.9224	4.6	24.9
490	2002	299	6048	5.6	10.4	0.9113	7.9	1.3
490	2002	300	2160	6	12.3	0.9967	8	15.5
490	2002	301	6307.2	3.1	7	0.7089	7.3	1.4
490	2002	302	5875.2	1.8	7.5	0.6979	2.7	0.5
490	2002	303	3974.4	1.3	7.4	0.7667	2.9	0.2
490	2002	304	1987.2	0.9	6.6	0.767	1.9	0.8
490	2002	305	2592	0.5	9.3	0.84	2.5	3.1
490	2002	306	1900.8	4	9.8	0.9746	3.8	11.4
490	2002	307	1900.8	2.6	7.1	0.8544	4.3	5
490	2002	308	1900.8	-1.4	6.8	0.7344	2.7	8.4
490	2002	309	1814.4	-2.8	-1.3	0.4574	2.5	0
490	2002	310	8121.6	-4.8	2.7	0.4697	2.9	0
490	2002	311	1814.4	-3.9	0.1	0.4838	2.8	2.3
490	2002	312	3542.4	0.1	3.9	0.6704	4.7	13.4
490	2002	313	4838.4	0.2	5.3	0.6849	6.4	4.7
490	2002	314	4147.2	-1.5	2.8	0.5892	2.3	9
490	2002	315	2419.2	1.2	6.9	0.7834	4.3	1.3
490	2002	316	3110.4	3.8	8.9	0.9002	3	0
490	2002	317	3542.4	3	10.5	0.8072	3.8	0
490	2002	318	4665.6	1.8	7.2	0.7664	2.6	0.9
490	2002	319	1900.8	3.1	10.6	0.9416	2.1	1.7
490	2002	320	2332.8	4.8	10.6	0.9769	2.3	1
490	2002	321	1900.8	3.2	8.5	0.7956	5.1	0
490	2002	322	3283.2	0.6	8.1	0.7834	1.7	5.8
490	2002	323	1468.8	1.6	5.3	0.7744	5.3	11.5
490	2002	324	3196.8	0.6	5.3	0.7324	1.9	0
490	2002	325	4752	1.2	5.9	0.7563	3.7	0
490	2002	326	1728	1.2	5.5	0.7534	2.7	10.1
490	2002	327	4406.4	1.5	7.8	0.817	2.9	0
490	2002	328	4233.6	1.7	8.5	0.7816	3.2	0
490	2002	329	1641.6	2.9	8.1	0.8668	3.6	0.4
490	2002	330	1382.4	3.9	7.4	0.885	1.8	0.8
490	2002	331	2246.4	4.1	7.4	0.8912	1.8	0
490	2002	332	1296	4.4	6.9	0.8941	2.8	0
490	2002	333	1296	3.5	4.8	0.8053	2.2	20.6
490	2002	334	1296	3.3	4.9	0.8025	3	13
490	2002	335	2764.8	0.6	5.6	0.7326	2.6	0.3
490	2002	336	2073.6	-0.2	4.4	0.6894	2.9	0.4
490	2002	337	1382.4	-1.3	2.9	0.641	1.7	1.2
490	2002	338	1296	1.7	2.8	0.704	1.5	1.3
490	2002	339	1296	-1.6	2	0.6137	3.3	0.3
490	2002	340	1296	-3.3	-1.5	0.5072	4.5	0.4
490	2002	341	1296	-6.5	-3	0.4125	2.6	0
490	2002	342	5011.2	-10.4	-4	0.342	2	0
490	2002	343	4752	-11.6	-7.2	0.2851	2.2	0
490	2002	344	5011.2	-11.9	-6.5	0.2835	2.3	0
490	2002	345	4752	-12.3	-5	0.2737	3.5	0.1
490	2002	346	4320	-10.5	-4.9	0.3016	3.7	0
490	2002	347	3283.2	-9.4	-2.5	0.3686	2.1	0
490	2002	348	1209.6	-6	-2.1	0.4348	3.3	0
490	2002	349	1209.6	-6.5	-3.1	0.4066	4.3	0.8
490	2002	350	1209.6	-3.4	2.8	0.5859	3	0.6
490	2002	351	1209.6	-2.6	2.7	0.601	2.9	0.8
490	2002	352	1209.6	-4.3	-2.1	0.4489	3	0.1
490	2002	353	3542.4	-6.3	1.4	0.4798	1.7	0
490	2002	354	1209.6	-7.4	0.4	0.4531	2.9	0
490	2002	355	1209.6	-1.3	1.9	0.612	2.1	0
490	2002	356	1209.6	-2	6.6	0.7066	3.3	13.7
490	2002	357	1209.6	-1.5	6.5	0.7167	3.8	0
490	2002	358	1209.6	-3.1	-0.3	0.5233	4.4	2.6
490	2002	359	1209.6	-3.3	-1.5	0.4969	3.5	0
490	2002	360	1209.6	-3.1	-0.5	0.5195	3.5	2
490	2002	361	1209.6	-1.6	2.2	0.612	3.4	0
490	2002	362	1641.6	-2.8	3.3	0.5973	2.3	0.1
490	2002	363	1296	2.4	4.5	0.7588	3.8	10.3
490	2002	364	1296	1.4	9.3	0.8668	6.7	26.9
490	2002	365	1296	-8.5	1.4	0.4467	3.9	2.1
