*---------------------------------------------------------------------------*
* Station name: SAARBRUCKEN/ENSHEIM                     
* Year: 2000
* Author: Pedro Alencar                                   -999.000: NIL VALUE
* Source: ECAD 
* Comments: 
* Longitude: 49.2142, latitude: 49.2142, altitude: 320 m.
*
* Column  Daily value
* 1       station number
* 2       year
* 3       day
* 4       irradiation                   (kJ m-2 d-1)
* 5       minimum temperature           (degrees Celsius)
* 6       maximum temperature           (degrees Celsius)
* 7       early morning vapour pressure (kPa)
* 8       mean wind speed (height: 2 m) (m s-1)
* 9       precipitation                 (mm d-1)
*
** WCCDESCRIPTION=GERMANY, SAARBRUCKEN/ENSHEIM                     
** WCCFORMAT=2
** WCCYEARNR=2000
*---------------------------------------------------------------------------*
   49.2142  7.1081    320.  -0.18 -0.55
491	2000	1	604.8	1.2	4.1	0.7318	2.1	0.8
491	2000	2	3196.8	-0.4	6.3	0.7173	0.9	0
491	2000	3	950.4	-1.6	3.7	0.6197	3.3	0
491	2000	4	1123.2	3.3	6.4	0.7681	6.2	3.4
491	2000	5	2937.6	2.4	8.7	0.7974	2.8	0
491	2000	6	1900.8	-1.3	5.6	0.7062	2.9	0.6
491	2000	7	2764.8	4.5	7.4	0.857	2.4	0
491	2000	8	777.6	2	5.1	0.7405	3.6	2.7
491	2000	9	604.8	2.5	5.2	0.7563	3	12
491	2000	10	2073.6	1.3	3.1	0.6085	3.4	0
491	2000	11	950.4	0.8	2.6	0.6078	1.9	0
491	2000	12	1209.6	0.3	2.2	0.5417	2.1	0
491	2000	13	3888	-0.4	5.3	0.5757	3.2	0
491	2000	14	2505.6	-0.9	3.4	0.5484	2.2	0
491	2000	15	5875.2	-2.5	2.6	0.5335	4.6	0
491	2000	16	6393.6	-2.2	3	0.4529	3.2	0
491	2000	17	1296	-1.2	6	0.6463	4.1	0
491	2000	18	1728	4.2	6.8	0.7133	5.4	0.2
491	2000	19	1987.2	1	4.3	0.5765	2.5	0
491	2000	20	2246.4	-1.4	3.6	0.5227	3.3	0
491	2000	21	2160	1.4	4.6	0.6668	5.2	0.5
491	2000	22	432	0.9	3.1	0.6704	4.6	3.8
491	2000	23	1814.4	-1.3	2.4	0.5786	3.8	0.9
491	2000	24	6998.4	-8.6	-1.3	0.3216	3.7	0
491	2000	25	7430.4	-10.1	-1.8	0.2784	2.4	0
491	2000	26	7430.4	-10.6	1.4	0.2911	1.4	0
491	2000	27	7344	-9.4	1.5	0.3377	1.6	0
491	2000	28	4752	-6.5	3.5	0.4599	4	0.2
491	2000	29	345.6	1.9	7.6	0.7884	9.9	12.1
491	2000	30	777.6	7.3	9.6	1.0391	9.7	3
491	2000	31	691.2	7.4	8.4	0.8625	7.7	0
491	2000	32	2246.4	4.2	7.6	0.8541	3.7	0
491	2000	33	2505.6	2.9	7.7	0.8014	3.8	0.8
491	2000	34	2937.6	1.4	5.9	0.6744	3.9	0
491	2000	35	4665.6	2	7.8	0.6755	3.4	0
491	2000	36	7344	3.2	12.8	0.6969	2.4	0
491	2000	37	6393.6	4.6	10.8	0.7458	4.9	0.2
491	2000	38	3542.4	5.5	8.9	0.8223	7.4	4
491	2000	39	1382.4	5.6	11	0.952	8.6	10.8
491	2000	40	5184	2.1	8.2	0.6697	7.5	0.5
491	2000	41	8553.6	0.6	9.3	0.7039	5.3	9.8
491	2000	42	8208	-1.9	6.9	0.5851	1.6	0
491	2000	43	7948.8	-3.9	5.8	0.5432	3.8	1.1
491	2000	44	1036.8	0.3	6.8	0.7563	5.2	8.2
491	2000	45	4838.4	-4	5.7	0.6303	1.8	3.7
491	2000	46	4147.2	4.6	10.1	0.9436	5.3	10
491	2000	47	3283.2	-0.8	5.5	0.6657	6.4	5.9
491	2000	48	7430.4	-0.5	3.3	0.5476	4.8	0.8
491	2000	49	1900.8	-0.5	5.5	0.6728	5	7.5
491	2000	50	4838.4	2.4	7.5	0.7561	6	0.4
491	2000	51	9158.4	-1.4	5.4	0.494	3.7	0
491	2000	52	7948.8	-2.8	5.4	0.5101	1.3	0
491	2000	53	5270.4	-1.5	6	0.546	1.1	0
491	2000	54	5443.2	1.3	6.9	0.6142	2.3	0
491	2000	55	1555.2	2.8	5.8	0.7391	5.3	5.2
491	2000	56	2764.8	0.8	8.3	0.7437	5.2	3.6
491	2000	57	9849.6	-2.6	8.1	0.603	1.1	0
491	2000	58	12009.6	-0.7	12.4	0.7308	2.4	0
491	2000	59	9244.8	5.4	15.1	0.9357	7.2	3.4
491	2000	60	3888	4.4	7.3	0.8048	6.9	11.7
491	2000	61	3283.2	1.3	6.9	0.7534	5.4	4.9
491	2000	62	7257.6	-0.4	5.4	0.5412	5.3	0.5
491	2000	63	1036.8	3.3	6	0.783	9.2	18.7
491	2000	64	9504	-1.4	6	0.5047	5	0
491	2000	65	9936	-4.6	6.1	0.4516	2.7	0
491	2000	66	14342.4	-2.8	8.9	0.5171	2.1	0
491	2000	67	6652.8	-0.4	10.3	0.6344	3.8	1.2
491	2000	68	1987.2	6.3	9.8	0.9897	6.9	7.8
491	2000	69	2678.4	8.6	10.5	1	7.7	0.2
491	2000	70	7516.8	7.3	12.1	0.938	4.9	0
491	2000	71	1641.6	6.4	9.9	0.9315	6.4	0
491	2000	72	13824	0.3	10.6	0.6839	2.3	0
491	2000	73	15206.4	-0.6	13.1	0.6943	2.1	0
491	2000	74	2160	4.8	10.7	0.917	5	3.1
491	2000	75	12441.6	0.5	7.7	0.5568	3.9	0
491	2000	76	4838.4	3.4	8.7	0.7598	5	0
491	2000	77	3283.2	6.2	9.1	0.8375	4.6	0
491	2000	78	5961.6	4.5	10.1	0.7973	3.5	0.9
491	2000	79	8899.2	-0.3	7.1	0.6236	3.2	0
491	2000	80	13564.8	0.7	10.2	0.5759	3.8	0
491	2000	81	18057.6	0.7	14.4	0.6239	3	0
491	2000	82	17107.2	1.2	16.5	0.636	2.5	0
491	2000	83	11664	4	15.6	0.6174	2.1	0
491	2000	84	4060.8	6.9	12.3	1.0392	4.6	1.3
491	2000	85	9849.6	6.6	14.4	1.0276	3.4	6.4
491	2000	86	14688	3.5	11.8	0.848	4.9	0.6
491	2000	87	8899.2	2.5	9.3	0.7055	1.9	0
491	2000	88	7948.8	2	7.1	0.693	3.9	0
491	2000	89	3715.2	1	7	0.6993	4.9	17.9
491	2000	90	1468.8	1	4.7	0.7197	6.2	5.3
491	2000	91	8380.8	3.3	10.1	0.8338	3.4	4.8
491	2000	92	6652.8	1.5	9.6	0.7702	3.2	0.2
491	2000	93	19267.2	2.4	14.3	0.6917	3.6	0.3
491	2000	94	9676.8	5.7	16.2	0.8627	3.3	0.3
491	2000	95	11750.4	6.4	15.7	0.9738	4.1	1.4
491	2000	96	2419.2	3.4	9.6	0.8418	3	13.1
491	2000	97	22636.8	-0.2	8.1	0.3889	5	0
491	2000	98	22723.2	-0.2	11.9	0.4811	3.8	0
491	2000	99	21600	1.1	14.5	0.5606	3.5	0
491	2000	100	18921.6	4.8	15	0.6216	4.7	0
491	2000	101	19958.4	3.5	13.9	0.6633	5.1	0
491	2000	102	13737.6	4.2	13.3	0.722	3.3	10.1
491	2000	103	13996.8	2	9.3	0.7847	5.7	0.7
491	2000	104	15552	3.2	11.8	0.7461	7	1.7
491	2000	105	3456	4.7	6.8	0.8544	3.3	5.3
491	2000	106	9504	5.3	13	0.8576	5.6	1
491	2000	107	14688	1.8	13.4	0.7095	3.7	5.1
491	2000	108	9504	7.2	12.3	0.8808	5	0
491	2000	109	11404.8	6.2	13.1	0.8989	2.6	0
491	2000	110	14947.2	4.9	16.4	1.0251	2.8	0
491	2000	111	23414.4	3.2	19.8	0.949	1.8	0
491	2000	112	10540.8	9.9	16.7	1.0375	2.2	0
491	2000	113	22204.8	8.9	23.7	1.0735	3.5	0
491	2000	114	11750.4	10.8	20	1.4154	4.3	9.7
491	2000	115	12009.6	8	15	1.1252	3.2	0
491	2000	116	26092.8	5.1	19	0.9559	2.7	0
491	2000	117	25488	8.1	22.7	1.0485	4	0
491	2000	118	20217.6	10.2	22.5	1.2811	3.4	0
491	2000	119	18835.2	11.8	22.9	1.4836	3.2	0
491	2000	120	4060.8	10.5	12.9	1.2089	3.1	0
491	2000	121	22377.6	10.8	20.9	1.4028	1.3	0
491	2000	122	22291.2	10.9	21.3	1.3157	3.9	0
491	2000	123	19612.8	12.1	21.1	1.4525	4.4	0.5
491	2000	124	8467.2	13.4	17	1.6389	1.9	5.9
491	2000	125	13564.8	12.5	20.7	1.5657	1.5	0
491	2000	126	26784	10.7	23.7	1.3324	3.6	0
491	2000	127	23414.4	11.8	23.5	1.4111	2.4	0
491	2000	128	24364.8	13.3	24.2	1.5119	1.4	0
491	2000	129	18662.4	11.5	24.3	1.5359	1.7	15
491	2000	130	26006.4	10.2	25.6	1.372	1.9	0
491	2000	131	23760	13	25.6	1.3857	2.6	0
491	2000	132	20822.4	16.1	25.8	1.6581	3.3	8.1
491	2000	133	7689.6	14.4	19.3	1.8399	1.5	0.5
491	2000	134	19180.8	12.9	22.4	1.5522	2.1	0
491	2000	135	28252.8	12.3	23.7	1.2364	3.6	0
491	2000	136	28166.4	11.4	26.1	1.1015	2.3	0
491	2000	137	24883.2	13.2	27.3	1.3749	2.3	0.2
491	2000	138	8208	13	20.4	1.4808	4	6.1
491	2000	139	11404.8	8.2	13.8	1.0623	4.6	6.2
491	2000	140	10195.2	6.2	12.1	1.0314	4.5	7.5
491	2000	141	18576	5.3	14.8	0.9356	3.4	0
491	2000	142	11404.8	3.7	13.9	0.9847	2.9	11.8
491	2000	143	5097.6	7.1	12.3	1.0703	4.6	0
491	2000	144	24624	6.8	18.3	1.0169	1.5	0
491	2000	145	19180.8	6.9	21.3	1.1249	2.6	1.7
491	2000	146	9417.6	10.5	16.9	1.3623	4.6	1.5
491	2000	147	25747.2	5.1	21	1.0207	2.6	1.6
491	2000	148	19699.2	9.5	17.2	0.9949	5.8	1.6
491	2000	149	14083.2	8.3	15.7	0.9248	6.1	3.9
491	2000	150	17625.6	5.2	13.8	1.0086	4.4	0.4
491	2000	151	10022.4	4.7	13.9	1.0185	2.1	15
491	2000	152	15811.2	9	16.5	1.1481	1.7	0
491	2000	153	24624	8.6	22.1	1.2193	2.6	0
491	2000	154	28598.4	10.8	27.7	1.4928	2.2	0
491	2000	155	29030.4	15.3	29.2	1.7683	1.4	3.3
491	2000	156	22291.2	15.8	25.9	1.9185	2.6	0.4
491	2000	157	16934.4	16.1	25.3	1.9741	3.8	8.9
491	2000	158	15984	10.7	16.9	1.2766	4	0
491	2000	159	18576	9.5	17.7	1.1046	2.9	0
491	2000	160	30672	8.1	22.6	1.0451	3.9	0
491	2000	161	24710.4	13.1	28.8	1.5344	2.3	0
491	2000	162	15897.6	16.1	25.4	1.7357	1.7	2.3
491	2000	163	6652.8	14.7	19.7	1.646	2.3	7.7
491	2000	164	30672	9.9	21.7	1.1294	2.2	0
491	2000	165	29894.4	11	26.8	1.4171	1.4	0
491	2000	166	29289.6	15.3	25.4	1.6458	2.9	0
491	2000	167	16416	14.5	20.8	1.5119	4.2	0
491	2000	168	27734.4	9.1	19.7	0.934	2.5	0
491	2000	169	31968	6.9	21.3	0.7875	2.9	0
491	2000	170	31017.6	9.7	27.2	0.9115	2.8	0
491	2000	171	31017.6	14.3	30.5	1.3519	1.9	0
491	2000	172	30240	16.6	31	1.4711	2.2	0
491	2000	173	29548.8	17	28.6	1.2742	3.6	0
491	2000	174	19785.6	16.4	21.8	1.5452	4.9	0
491	2000	175	13305.6	13.5	19.4	1.1772	4.4	6.3
491	2000	176	12096	10.5	16.3	1.1671	4.2	0
491	2000	177	16502.4	9.7	17.3	1.2056	3.3	0
491	2000	178	22723.2	6.4	17.1	0.8683	2.5	0
491	2000	179	31622.4	5	19.5	0.7264	2.9	0
491	2000	180	30240	8.1	21.1	0.8299	3.2	0
491	2000	181	30067.2	5.9	21.3	0.8712	2.5	0
491	2000	182	22291.2	10.8	23.8	1.2029	1.3	0
491	2000	183	22032	12	27.1	1.3847	2.3	10.1
491	2000	184	20822.4	13.2	25.8	1.9009	2.1	16.9
491	2000	185	12441.6	14.6	22.4	1.9137	2.2	0.5
491	2000	186	9763.2	13.4	18.8	1.5533	4.5	14.2
491	2000	187	12960	12.9	19.8	1.5039	4.7	1.4
491	2000	188	23932.8	11.3	23.6	1.3138	1.7	2.2
491	2000	189	8812.8	14.4	19.3	1.7441	2.8	10.5
491	2000	190	19008	9.8	16.6	1.2126	3.9	0.5
491	2000	191	6307.2	10.9	14.7	1.3881	6.2	26.2
491	2000	192	13478.4	11.3	17.9	1.3113	6	0.2
491	2000	193	8640	10	14.9	1.27	5	2.6
491	2000	194	17452.8	9.3	15.6	1.068	3.5	0.8
491	2000	195	6739.2	8.5	14.4	1.2566	4.2	6.6
491	2000	196	9417.6	9.7	16.9	1.4189	4.8	9.6
491	2000	197	14515.2	9.2	14.9	1.2933	3	1.7
491	2000	198	14342.4	9.1	14.8	1.2709	2.9	0.4
491	2000	199	12355.2	9.9	17.7	1.2924	1.4	0
491	2000	200	25228.8	7.7	20.4	1.1373	2.2	0
491	2000	201	14601.6	9.4	17.9	1.1706	2.1	0
491	2000	202	20995.2	11	22	1.1997	1.8	0
491	2000	203	26784	10.2	22.2	1.1586	2	0
491	2000	204	26697.6	10.1	22.1	1.2609	2.7	0
491	2000	205	20736	12.4	23	1.5167	3.6	14.7
491	2000	206	17107.2	15.9	22	1.8151	4	11
491	2000	207	17280	14.3	22	1.7058	4.6	17.1
491	2000	208	7948.8	14.7	17.5	1.736	2.9	18.6
491	2000	209	13132.8	10.8	20.9	1.6186	2.7	4.6
491	2000	210	11664	13.6	19.5	1.6736	2.6	6.8
491	2000	211	14428.8	11.2	18.9	1.5378	2.6	3.8
491	2000	212	21168	12.4	22.1	1.5725	2.5	0
491	2000	213	23846.4	10.5	24.2	1.3847	1	0
491	2000	214	27475.2	11.9	27.3	1.4801	2.1	15.7
491	2000	215	12787.2	15.6	21.4	1.6798	3.5	7.9
491	2000	216	20217.6	12.1	22.8	1.4333	3.1	0.5
491	2000	217	20390.4	10.9	21.3	1.4253	1.8	0
491	2000	218	23155.2	10.9	23.2	1.3975	3.4	0.5
491	2000	219	21168	12.5	21.9	1.3912	3.1	0
491	2000	220	20563.2	14	23.2	1.6475	2.6	0
491	2000	221	13132.8	14.3	21	1.7337	2.1	0
491	2000	222	20390.4	12.7	24.8	1.7278	1.2	0
491	2000	223	21081.6	13.8	26.7	1.7068	3	0
491	2000	224	25920	11.7	26.2	1.4871	1.2	0
491	2000	225	25228.8	13.8	27.8	1.4958	1.9	0
491	2000	226	25056	12.4	28.6	1.4203	1.1	0
491	2000	227	21772.8	14.3	29.4	1.935	1.7	12.6
491	2000	228	17193.6	17.2	25.2	2.0607	2.9	0
491	2000	229	21427.2	13.2	26.1	1.5532	2.4	0
491	2000	230	21600	16.2	26.1	1.6285	3.1	0
491	2000	231	16502.4	14.2	24.4	1.8104	2	8
491	2000	232	11577.6	17.7	24.7	2.0858	2.8	3.7
491	2000	233	14428.8	16.9	24.9	2.0972	2.5	1.4
491	2000	234	8208	14.2	18.6	1.6577	2.5	10.3
491	2000	235	20908.8	10.3	21.7	1.38	1.5	0
491	2000	236	21859.2	12.6	23.8	1.419	4.4	0
491	2000	237	23068.8	12.4	25.9	1.395	2.3	0
491	2000	238	22982.4	13.7	25.5	1.389	3	0
491	2000	239	21427.2	13	27.2	1.5736	3.9	15.4
491	2000	240	7862.4	14.8	20.8	1.8112	3.5	3.6
491	2000	241	18057.6	11.1	21.3	1.4712	2	0
491	2000	242	20649.6	10.2	22.3	1.3468	1.2	0
491	2000	243	16502.4	11.8	21.8	1.3374	3.2	0
491	2000	244	14083.2	12.1	22.3	1.45	2.2	0
491	2000	245	9244.8	12.1	21.2	1.7599	4	10.1
491	2000	246	3974.4	11.2	14.6	1.3823	5.7	10
491	2000	247	10368	10.9	17.1	1.2933	3.4	1.9
491	2000	248	9849.6	7.8	15.4	1.2419	1.9	2.1
491	2000	249	9417.6	6.3	16.8	1.1153	1.3	0
491	2000	250	5270.4	9.8	15.1	1.3278	3.8	12.7
491	2000	251	11404.8	10.8	16.8	1.3712	3.3	0
491	2000	252	19699.2	8	21.2	1.3279	1.1	0
491	2000	253	17884.8	10.6	23.3	1.5623	1.4	0
491	2000	254	19699.2	12.9	24.9	1.6569	3	0
491	2000	255	19267.2	14.2	25.4	1.7522	3	0
491	2000	256	14601.6	13.3	25.1	1.777	1.6	11.9
491	2000	257	9849.6	13.1	20.4	1.6569	3.4	0
491	2000	258	10886.4	10.1	20.8	1.4901	1.4	0
491	2000	259	14169.6	13.1	23.9	1.7648	2.2	6.3
491	2000	260	4406.4	10.9	19.5	1.6044	7.7	23.2
491	2000	261	1641.6	11.9	13.2	1.4237	4.4	2
491	2000	262	8985.6	10.4	18.4	1.4911	1.5	0
491	2000	263	16329.6	9.2	22.4	1.4163	3.7	0
491	2000	264	2937.6	12.5	15.3	1.5388	1.6	22.8
491	2000	265	13478.4	10	17.7	1.344	3.8	0
491	2000	266	8985.6	7.4	18.1	1.31	1.3	0.1
491	2000	267	15465.6	10.1	17.4	1.3354	5	0
491	2000	268	16070.4	8.1	21.2	1.3155	3.1	0.1
491	2000	269	10368	11.2	20.4	1.5059	1.5	0
491	2000	270	12096	9.8	21.8	1.5238	2	0.4
491	2000	271	4147.2	12.5	17.6	1.6232	2.7	0.6
491	2000	272	10972.8	13.9	22.5	1.6485	3.9	0.4
491	2000	273	13392	13.8	22.5	1.685	3.1	0
491	2000	274	2937.6	12.5	15.5	1.5169	2.7	15.8
491	2000	275	5270.4	9.1	15.3	1.3345	2.8	0
491	2000	276	7689.6	8	14.5	1.2534	4	2
491	2000	277	6566.4	9.6	15.5	1.3365	1.5	0
491	2000	278	8553.6	7	16.6	1.1892	0.7	0
491	2000	279	5788.8	11.2	16.7	1.4005	2.1	0.5
491	2000	280	7084.8	5.5	12.4	0.9948	3	5.1
491	2000	281	11318.4	3.5	12.5	0.9006	1.2	0
491	2000	282	3801.6	2.1	10.7	0.8168	2.5	12.2
491	2000	283	8294.4	6	12.9	0.9342	3.6	11.5
491	2000	284	8467.2	5.1	12	0.8569	7.2	12.6
491	2000	285	3542.4	5.9	12.5	1.0117	6.4	5.7
491	2000	286	8294.4	7.5	13.7	0.9834	3.6	2.5
491	2000	287	4752	8.3	11.9	1.124	1.4	0.2
491	2000	288	8467.2	5	14.6	1.0775	2.4	0
491	2000	289	3369.6	11.5	15.4	1.479	3.4	1.4
491	2000	290	9676.8	10.6	17.2	1.2374	5.8	2
491	2000	291	6480	5.1	13.7	1.0372	2.7	1.1
491	2000	292	5184	3.8	12	0.9051	1.8	3.5
491	2000	293	1641.6	8.9	12.1	1.2686	2.1	2.8
491	2000	294	6307.2	9.1	15.4	1.3532	3.6	0
491	2000	295	6307.2	8.4	17	1.203	2.4	0
491	2000	296	10627.2	6.2	19	1.268	1.8	0.1
491	2000	297	9676.8	7.5	18.6	1.2308	3.1	4.5
491	2000	298	8294.4	9.3	15.2	1.0825	4.8	0
491	2000	299	1296	8.1	14.9	1.2337	5.3	8.3
491	2000	300	5097.6	8.9	13.1	1.1279	5.3	0.6
491	2000	301	4406.4	8.2	11.5	0.9961	4.6	0
491	2000	302	5529.6	9	13.6	1.0703	4.1	3
491	2000	303	5961.6	8.3	13.7	1.023	6.8	0
491	2000	304	4665.6	7.3	15.5	0.9966	9	16
491	2000	305	2332.8	5.6	9	0.9302	5.9	2.1
491	2000	306	3456	6.6	10.9	0.9476	6.8	2.1
491	2000	307	6048	7.4	13.1	0.9856	5.3	2.7
491	2000	308	2073.6	6.3	9.5	1.0116	3.4	4.4
491	2000	309	5270.4	4.8	9.3	0.9043	3.8	2.3
491	2000	310	4665.6	4.5	9.5	0.7911	3.8	4.9
491	2000	311	2937.6	5.1	9.3	0.8629	4.5	4
491	2000	312	1728	7	9.4	0.9238	7.1	1.9
491	2000	313	3628.8	6	9.8	0.8199	7.7	3.3
491	2000	314	3715.2	5	9.4	0.8832	5.5	0.6
491	2000	315	1555.2	1.6	5.9	0.783	3.6	4.4
491	2000	316	5529.6	2.5	9.6	0.7504	3.5	0
491	2000	317	4579.2	4.2	13.3	0.8235	5.4	13.7
491	2000	318	604.8	8.7	11.4	1.2188	3.6	18.4
491	2000	319	1641.6	5.7	9	0.9744	3.3	2.3
491	2000	320	3283.2	5	8.8	0.8652	4.1	0.4
491	2000	321	6652.8	2.3	9.5	0.7891	3.3	0
491	2000	322	2332.8	2.7	5.9	0.7225	3.4	0.4
491	2000	323	1728	2.4	6.2	0.7474	4	0
491	2000	324	1123.2	2.2	6.7	0.7721	4.6	4.3
491	2000	325	2073.6	2.9	6.3	0.6954	4.2	0
491	2000	326	3628.8	0.9	6.9	0.6621	4	4.8
491	2000	327	1036.8	4.9	8.9	0.9548	4.9	18.3
491	2000	328	1036.8	7.1	9.3	1.0216	4.1	8.6
491	2000	329	2419.2	1.4	8.6	0.7587	3.5	0
491	2000	330	5011.2	-0.5	8.5	0.6261	2.5	9.6
491	2000	331	1036.8	3.8	6.8	0.7925	5.8	6.3
491	2000	332	1987.2	3.9	7.4	0.7847	2.9	3.2
491	2000	333	1209.6	6.4	12.1	1.1434	3	0
491	2000	334	4752	7.9	16	1.0334	3.5	0
491	2000	335	3888	9.6	15.4	1.1439	2.4	0.1
491	2000	336	4492.8	4.8	13.6	1.0233	3.2	4.5
491	2000	337	1641.6	8.6	11.9	1.1229	2.6	2.9
491	2000	338	1468.8	6.8	10.2	0.9539	3.8	0.1
491	2000	339	4147.2	0.9	10	0.7738	3.1	1.4
491	2000	340	4838.4	6.6	13.2	0.8532	2.9	0
491	2000	341	864	6.9	10.7	1.0074	3.3	7.4
491	2000	342	1468.8	7.7	11.8	0.9894	3.5	7.2
491	2000	343	777.6	8	13.9	1.2026	5.1	4
491	2000	344	3283.2	6.1	10.8	0.9838	4.3	0.1
491	2000	345	604.8	5.6	9.8	0.8719	7.4	10.6
491	2000	346	5011.2	6.6	13.2	0.9141	6.3	0.5
491	2000	347	5011.2	9.8	13.1	0.9729	5.5	0.5
491	2000	348	5011.2	8.5	11.2	0.9353	7.9	1.3
491	2000	349	5011.2	6.3	8.8	0.9566	6.5	12
491	2000	350	5011.2	3.3	6.8	0.7526	6.4	0.6
491	2000	351	1209.6	0.4	3.4	0.6306	4.9	5.6
491	2000	352	1296	-2.1	3.7	0.628	2	3.8
491	2000	353	777.6	-2.8	4.5	0.6433	2.1	4.6
491	2000	354	1036.8	3.6	6.7	0.8284	2.5	0
491	2000	355	1900.8	-0.2	4.2	0.5998	6.1	0
491	2000	356	2073.6	-3.5	0.1	0.464	4.9	0
491	2000	357	3974.4	-5.8	-1.2	0.3918	4.8	0
491	2000	358	1728	-5.6	-1.8	0.4603	2	0
491	2000	359	1209.6	-4.9	4.8	0.5844	2	5.8
491	2000	360	691.2	0.4	4.7	0.7266	2.6	8.1
491	2000	361	1814.4	0.4	7.2	0.7617	2.8	8.8
491	2000	362	1209.6	4.6	7.1	0.8881	2.9	8.4
491	2000	363	1900.8	0.6	6.5	0.6854	4.9	0.6
491	2000	364	1382.4	-0.7	1.4	0.5891	2.4	11.3
491	2000	365	1900.8	-2.3	0.1	0.5357	2.4	0
491	2000	366	3110.4	-6	1.5	0.4662	2.7	0
