*---------------------------------------------------------------------------*
* Station name: SAARBRUCKEN/ENSHEIM                     
* Year: 2021
* Author: Pedro Alencar                                   -999.000: NIL VALUE
* Source: ECAD 
* Comments: 
* Longitude: 49.2142, latitude: 49.2142, altitude: 320 m.
*
* Column  Daily value
* 1       station number
* 2       year
* 3       day
* 4       irradiation                   (kJ m-2 d-1)
* 5       minimum temperature           (degrees Celsius)
* 6       maximum temperature           (degrees Celsius)
* 7       early morning vapour pressure (kPa)
* 8       mean wind speed (height: 2 m) (m s-1)
* 9       precipitation                 (mm d-1)
*
** WCCDESCRIPTION=GERMANY, SAARBRUCKEN/ENSHEIM                     
** WCCFORMAT=2
** WCCYEARNR=2021
*---------------------------------------------------------------------------*
   49.2142  7.1081    320.  -0.18 -0.55
491	2021	1	1209.6	-3.1	2.1	0.5656	2	1.4
491	2021	2	1814.4	-4	1	0.4983	1.8	0
491	2021	3	2073.6	-0.1	1.3	0.5552	2.1	0.5
491	2021	4	864	-0.5	0.9	0.5703	2.9	0
491	2021	5	777.6	0.3	1.4	0.5783	3.5	0.3
491	2021	6	1123.2	0.4	2.1	0.6086	2.1	0.1
491	2021	7	2160	-1.4	1.7	0.5621	2.8	1.5
491	2021	8	1814.4	-0.8	-0.1	0.544	3.6	1
491	2021	9	4233.6	-4.6	1.6	0.4654	2.5	0
491	2021	10	6393.6	-5.5	0.8	0.4217	3.1	0
491	2021	11	6307.2	-7.7	1.2	0.3944	2.6	0.6
491	2021	12	691.2	-1.8	3.1	0.6084	5.9	8
491	2021	13	4060.8	-3.1	3.3	0.5724	3.2	6.2
491	2021	14	1641.6	-1.3	2	0.5891	2.8	7.9
491	2021	15	6134.4	-7.2	0.6	0.3977	4.2	0
491	2021	16	4406.4	-10.3	-3	0.3457	1.5	4
491	2021	17	1900.8	-3	1.5	0.5554	2.6	0.6
491	2021	18	2764.8	0.6	2.9	0.6169	4.2	0
491	2021	19	1296	0.8	2.5	0.5712	6.2	2
491	2021	20	4579.2	2.1	9.6	0.6198	5.9	0
491	2021	21	2419.2	5.6	10	0.7932	8.6	3.6
491	2021	22	1382.4	1.9	9.4	0.812	5.5	6.4
491	2021	23	1641.6	0.8	4.2	0.6728	4.1	7.3
491	2021	24	3715.2	-0.6	1.8	0.5105	6.1	2.2
491	2021	25	2160	-2.1	1.4	0.5539	3	2.2
491	2021	26	3369.6	-1.1	2.3	0.536	5	0.5
491	2021	27	1555.2	-0.9	1.6	0.5954	3.7	6.6
491	2021	28	1036.8	1.6	11.4	0.9192	6.4	21.6
491	2021	29	3110.4	6.3	10.2	0.9596	8.4	5.4
491	2021	30	1468.8	0.3	6.4	0.7301	4.9	12.5
491	2021	31	1641.6	-0.4	2.9	0.642	4.5	5
491	2021	32	1987.2	3	7.7	0.8668	3	6.4
491	2021	33	1728	4.2	10.8	0.9844	5.3	13.6
491	2021	34	1987.2	6.9	10.9	1.037	7	13.2
491	2021	35	5356.8	3.4	9.3	0.8236	3.2	4.6
491	2021	36	1555.2	5.2	8.2	0.9515	1.6	12.3
491	2021	37	1123.2	5	6.7	0.9066	4.3	10.5
491	2021	38	1987.2	0.8	6.7	0.7351	3.7	3.2
491	2021	39	1900.8	-4.1	0.8	0.5036	1.5	6.5
491	2021	40	2851.2	-7.9	-2.6	0.3599	2.4	0
491	2021	41	4492.8	-9.9	-5.8	0.2507	5.1	0.3
491	2021	42	10108.8	-11.6	-2.7	0.2754	3.6	0
491	2021	43	10108.8	-8.8	-2.8	0.2618	6.8	0
491	2021	44	11145.6	-9.4	-1.9	0.2408	7.2	0
491	2021	45	10800	-8.6	2.6	0.2842	4.9	0
491	2021	46	3801.6	-4.1	4.5	0.4092	4.3	0.1
491	2021	47	7948.8	3.6	11.8	0.7878	4.6	2.8
491	2021	48	4579.2	2.8	9.7	0.8369	4.3	0
491	2021	49	5875.2	1	11.9	0.7328	3.8	2.7
491	2021	50	7516.8	0.9	11.9	0.8264	2.7	0
491	2021	51	9849.6	7.4	16	0.9067	3.3	0
491	2021	52	12096	5.1	18.2	0.7941	2.8	0
491	2021	53	6048	2.7	13.6	0.769	2.5	0
491	2021	54	10540.8	11.1	18.7	1.0492	3.2	0
491	2021	55	10886.4	9.2	18.6	1.047	3.2	0
491	2021	56	12268.8	6.7	18.1	0.6905	2.7	0
491	2021	57	3110.4	1.4	9.2	0.6768	2.3	0.1
491	2021	58	13132.8	0	9.1	0.6085	4.7	0
491	2021	59	13651.2	0.1	10.9	0.6321	5.7	0
491	2021	60	13910.4	-0.3	13.6	0.6061	4.9	0
491	2021	61	13737.6	1.3	15.9	0.7035	2.9	0
491	2021	62	8899.2	3.3	13.5	0.672	2.1	0
491	2021	63	5702.4	4.2	10.7	0.8055	2.5	8
491	2021	64	5702.4	-1.6	5.4	0.5185	3.6	0.1
491	2021	65	15552	-3	7.3	0.3923	4.7	0
491	2021	66	15292.8	-3.2	9	0.4063	3	0
491	2021	67	14774.4	-2.9	7.9	0.468	3.8	0
491	2021	68	7171.2	-0.3	6.7	0.5687	2.9	0.1
491	2021	69	7862.4	1.1	10.2	0.6934	3.3	0.4
491	2021	70	4320	4.5	12.2	0.8783	8.8	9.4
491	2021	71	9244.8	3	9.9	0.7232	8.1	10.4
491	2021	72	4752	1.9	7.6	0.7456	8.9	13
491	2021	73	5097.6	1.9	7.8	0.7422	5.2	7.9
491	2021	74	10022.4	2.1	9	0.743	5.2	1.9
491	2021	75	5875.2	2.6	6.2	0.6941	3.9	3.5
491	2021	76	8380.8	0.9	7.3	0.6551	2.8	0.7
491	2021	77	12441.6	-2.7	7.1	0.5083	1.5	1.7
491	2021	78	10454.4	-1.4	5.4	0.5434	4	0
491	2021	79	15724.8	-2.8	6.4	0.4452	2.6	0
491	2021	80	8899.2	-0.9	8.9	0.5448	2.8	0
491	2021	81	4924.8	1.2	6.1	0.5792	2	0
491	2021	82	13651.2	1	10.6	0.6269	1.5	0
491	2021	83	18748.8	-1.4	15.4	0.6709	1.7	0
491	2021	84	14688	3.3	13.9	0.7593	2.8	0
491	2021	85	14083.2	2.9	15.1	0.8031	3.3	0.6
491	2021	86	9849.6	3.3	9.9	0.682	6.5	1.1
491	2021	87	19353.6	2.4	14.9	0.6499	3.7	0
491	2021	88	19872	3.8	20	0.696	1.9	0
491	2021	89	20390.4	5	23.3	0.6772	2.3	0
491	2021	90	20217.6	6.8	24	0.7339	2	0
491	2021	91	18316.8	9	23.9	0.8969	2.1	0
491	2021	92	21513.6	2.9	13.4	0.6607	4.6	0
491	2021	93	15379.2	4.1	11.2	0.5444	4	0
491	2021	94	19699.2	-0.1	13.8	0.5749	2.3	0
491	2021	95	4233.6	-2.4	6	0.5357	5.6	1.8
491	2021	96	12268.8	-2.8	4.5	0.4678	4.7	0.2
491	2021	97	6566.4	-1.5	5	0.4575	5.8	0.5
491	2021	98	16675.2	-1.3	8.7	0.4618	2.8	0
491	2021	99	19612.8	-0.1	16.3	0.5829	4.1	0.9
491	2021	100	4147.2	7.1	11.4	0.8401	4.6	0.3
491	2021	101	4406.4	2	10.5	0.8084	3.6	9.4
491	2021	102	16761.6	0.5	8.1	0.6228	2.7	0
491	2021	103	20649.6	-0.2	8.4	0.4995	3.1	0
491	2021	104	14860.8	-1.5	8.2	0.4583	3.2	0
491	2021	105	20822.4	-1.7	9.3	0.4891	4.2	0
491	2021	106	10195.2	0.9	7	0.5348	4.1	0
491	2021	107	20995.2	-0.2	12.7	0.5516	3.5	0
491	2021	108	8380.8	4.6	9.7	0.7284	2.2	1
491	2021	109	8812.8	3.5	11.6	0.9046	1.6	1.4
491	2021	110	22291.2	0.1	16.5	0.7659	2	0
491	2021	111	18230.4	4.6	18.6	0.7915	2	0.4
491	2021	112	25142.4	4.4	15.1	0.6395	3.9	0
491	2021	113	26265.6	2.3	16.7	0.5695	3.6	0
491	2021	114	25920	4.7	18.8	0.6478	4.3	0
491	2021	115	26611.2	4.2	15.7	0.5992	5.2	0
491	2021	116	26870.4	2.8	15.7	0.5134	5.7	0
491	2021	117	26006.4	3.3	17.5	0.5167	4.5	0
491	2021	118	18835.2	4.9	19.7	0.8003	2.9	8.6
491	2021	119	18316.8	2.3	15.1	0.8432	4.5	0.5
491	2021	120	9936	0.4	9.6	0.6715	1.5	0
491	2021	121	12873.6	1	12.6	0.6618	2.2	0
491	2021	122	21686.4	2.2	12.4	0.5826	3.3	0
491	2021	123	19353.6	-0.3	13.9	0.6025	3	0
491	2021	124	6566.4	6.4	9.8	0.8204	7.6	6
491	2021	125	19008	3.6	10.6	0.7259	6.9	4.1
491	2021	126	5529.6	3.5	9.3	0.8648	3.3	4.7
491	2021	127	24710.4	2.8	12.6	0.7038	4.3	0
491	2021	128	18316.8	2	18.4	0.7585	2.9	0
491	2021	129	24537.6	9.9	26.5	1.1268	5.6	0.3
491	2021	130	5356.8	10.9	20.1	1.4597	3.6	8
491	2021	131	5616	9.7	13.4	1.2922	1.9	7.7
491	2021	132	17971.2	6.5	16.3	1.0505	2.9	0
491	2021	133	16848	5.1	14.2	0.9468	3.1	1.7
491	2021	134	21340.8	5.2	16.6	1.0032	3.1	2.4
491	2021	135	7516.8	7.7	13.1	1.109	4.7	10.8
491	2021	136	17625.6	7.9	17.1	1.2163	5.4	2.8
491	2021	137	12009.6	7.7	14	1.1687	5.4	28.9
491	2021	138	18921.6	5.4	14.7	1.0341	4.8	0.5
491	2021	139	16848	4.3	14.6	1.0406	2.5	4.5
491	2021	140	15984	7.6	15.5	1.0065	3.3	0
491	2021	141	13910.4	7.6	15.3	0.9594	6.9	4.9
491	2021	142	18835.2	6.4	15.5	1.0065	6.3	0.8
491	2021	143	17971.2	6	15.6	0.9707	4.7	0.1
491	2021	144	14860.8	6.2	17.9	1.0684	4.1	6.5
491	2021	145	12182.4	6	14.4	0.9824	7	7
491	2021	146	8726.4	6.8	12.2	1.0323	5.6	3.9
491	2021	147	15033.6	6.6	15	1.0483	3.7	0.5
491	2021	148	24969.6	6	17.7	0.9295	3.1	0
491	2021	149	28684.8	8.5	20.2	0.9146	3.7	0
491	2021	150	30844.8	8.7	20.2	0.9206	5	0
491	2021	151	31190.4	7.1	21.5	0.8791	4	0
491	2021	152	31449.6	9.5	23.2	0.9098	4.4	0
491	2021	153	26870.4	11.2	26.5	1.304	3	0
491	2021	154	22550.4	15.6	25.7	1.7736	2.3	0
491	2021	155	25401.6	14.4	27.5	1.8809	2.7	10.2
491	2021	156	5961.6	13.7	18.5	1.736	2.4	22.9
491	2021	157	10627.2	13.5	18.5	1.5616	2.6	0
491	2021	158	12614.4	14	19.3	1.5139	2.6	0
491	2021	159	17712	13.9	23	1.7169	1.9	0
491	2021	160	27648	13.7	25.7	1.581	1.8	0
491	2021	161	27561.6	13.7	26.5	1.5031	1.8	0
491	2021	162	29030.4	14	27.2	1.5017	1.9	0
491	2021	163	23068.8	14.3	23.8	1.5624	3.5	0
491	2021	164	31708.8	10.8	24	1.1311	2.9	0
491	2021	165	31622.4	11.5	27.8	1.2106	2.9	0
491	2021	166	29808	12.6	29.4	1.4398	1.5	0
491	2021	167	30153.6	16.9	31.1	1.6377	2.1	0
491	2021	168	28080	17.4	31.4	1.8604	2.5	0
491	2021	169	22550.4	20.1	31	2.0574	2.3	0.5
491	2021	170	25833.6	17	31.5	1.9042	2.3	0
491	2021	171	18316.8	16	25.9	1.8809	3.7	4.9
491	2021	172	21686.4	15.2	25.6	1.8183	3.6	11.2
491	2021	173	10627.2	13.3	19.4	1.7082	3.1	34.2
491	2021	174	19440	14.7	23.8	1.7825	2.5	25.5
491	2021	175	7862.4	14.8	18.6	1.7655	2.4	31
491	2021	176	15552	12.2	20.7	1.5322	2.7	0
491	2021	177	26438.4	10.7	24	1.3847	1.9	0
491	2021	178	15379.2	15.1	24.8	1.7452	2.5	0.2
491	2021	179	15984	16.2	25.1	1.8951	2.4	0.7
491	2021	180	11318.4	13.5	21.2	1.7605	2	7.7
491	2021	181	8380.8	12.3	16.2	1.4767	4.4	3.1
491	2021	182	10022.4	11.5	17.6	1.4394	3.4	0.6
491	2021	183	20131.2	9.7	22.3	1.38	1.8	0
491	2021	184	22982.4	11.5	25.5	1.4672	2	0.3
491	2021	185	10627.2	13.6	20.9	1.7888	2.2	20.8
491	2021	186	13824	14.8	23.4	1.8984	3.8	6.8
491	2021	187	7257.6	12.7	19	1.4927	3.7	12.9
491	2021	188	24710.4	12	23.3	1.4514	2.3	0
491	2021	189	8812.8	13.5	18.3	1.5877	2.3	11.6
491	2021	190	22204.8	12	22.7	1.6023	2.7	1.5
491	2021	191	20476.8	11.8	24.2	1.6486	1.7	20.6
491	2021	192	21340.8	12.4	21.9	1.5626	2.4	0
491	2021	193	10972.8	13.4	23.5	1.7381	2.6	8.9
491	2021	194	4147.2	13.6	16.9	1.6615	3.8	17.9
491	2021	195	3110.4	13.8	15.3	1.5883	3.9	26.9
491	2021	196	15638.4	14.5	22.6	1.7917	1.6	0.1
491	2021	197	17539.2	13.3	22.6	1.7667	2.7	3.6
491	2021	198	16934.4	11.8	24.7	1.7165	2.5	0
491	2021	199	28598.4	13.3	27.2	1.5408	3.6	0
491	2021	200	28598.4	15.1	26.4	1.589	3.4	0
491	2021	201	27993.6	12.7	24.1	1.3524	2.9	0
491	2021	202	28339.2	12.5	24.6	1.3864	2.9	0
491	2021	203	26611.2	12.8	25.7	1.426	2.7	0
491	2021	204	26784	13.9	26.4	1.4607	2.8	0.1
491	2021	205	12096	15.2	24.5	1.8732	2.8	25.4
491	2021	206	17798.4	14.6	24.1	1.9281	2	11.7
491	2021	207	19440	14.5	24.2	1.7712	2.7	0.2
491	2021	208	12441.6	14.3	23.3	1.8199	2.6	2.8
491	2021	209	14688	14.1	21.5	1.6484	4.5	0.2
491	2021	210	20995.2	12.8	21.9	1.3649	4.6	0
491	2021	211	23155.2	10.9	25.1	1.4013	3.8	0
491	2021	212	20908.8	12.5	21.7	1.3435	4.2	0
491	2021	213	19785.6	12.7	21.8	1.4743	3.1	1.6
491	2021	214	13910.4	11.9	20.2	1.6394	2.3	16.5
491	2021	215	10108.8	11.9	19.7	1.6672	2.9	22.1
491	2021	216	17625.6	13.1	20.4	1.5236	2	0
491	2021	217	16156.8	13	21.5	1.6905	2.4	7.3
491	2021	218	13564.8	14.8	20.2	1.6375	4.9	0.8
491	2021	219	7430.4	13.6	18.9	1.5497	3.9	2.3
491	2021	220	17452.8	12.3	20.2	1.4575	4.9	0.9
491	2021	221	19699.2	12.3	22	1.4259	3.3	0
491	2021	222	15120	13.3	23.3	1.6169	1.9	0
491	2021	223	19958.4	14.2	26.1	1.7434	1.5	0
491	2021	224	23328	14	29.1	1.7715	1.4	0.2
491	2021	225	22896	16.4	28.1	1.9291	3.1	0
491	2021	226	24019.2	14.4	29.1	1.8712	1.4	0
491	2021	227	23500.8	16.6	28.6	1.8884	2.1	0
491	2021	228	10886.4	10.1	20.2	1.3757	5	3.3
491	2021	229	11404.8	7.1	17.4	1.225	3	2
491	2021	230	9331.2	12.8	19.1	1.6109	4	2.1
491	2021	231	8208	14.6	19.9	1.7298	2.9	0
491	2021	232	19440	13.3	22.8	1.6124	1.9	0
491	2021	233	22032	13.3	25.9	1.7306	2.4	29.5
491	2021	234	9331.2	13.7	19.8	1.6759	3.6	5.7
491	2021	235	11491.2	14	21.7	1.7148	2.4	3
491	2021	236	20476.8	11.8	20.7	1.4021	4.7	0
491	2021	237	22723.2	10.9	21.3	1.334	3.6	0
491	2021	238	12355.2	10.4	18.9	1.3488	3	0.4
491	2021	239	15638.4	9.4	18.1	1.2411	3	0
491	2021	240	6912	10.8	16.9	1.4389	1.7	5.3
491	2021	241	5356.8	12.3	16.5	1.4747	2.8	0.6
491	2021	242	8899.2	11.9	20	1.5204	2.4	0
491	2021	243	13305.6	9.8	19.8	1.3283	2.4	0
491	2021	244	21168	9.7	21.3	1.3366	3.7	0
491	2021	245	21945.6	10.4	22.5	1.3453	4.8	0
491	2021	246	21513.6	11.9	24.5	1.4607	2.8	0
491	2021	247	20044.8	11.4	24.9	1.4354	2	0
491	2021	248	18662.4	12.7	25.5	1.5673	2.2	0
491	2021	249	20044.8	13.6	26.2	1.5543	2.2	0
491	2021	250	18316.8	14.2	25.2	1.558	3.1	0
491	2021	251	20304	12.8	25.7	1.4483	3.5	0
491	2021	252	12096	14.3	25.5	1.7398	3	0
491	2021	253	10972.8	16.4	22.4	1.8442	3.8	2.2
491	2021	254	12787.2	11.4	22.5	1.5623	3.2	0.2
491	2021	255	17452.8	9.6	22.4	1.4344	1.4	0
491	2021	256	17625.6	11.4	23.5	1.5129	2.7	0
491	2021	257	12268.8	12.5	23	1.6432	2.4	1
491	2021	258	4147.2	17.3	20.2	1.9654	3.7	8.1
491	2021	259	11491.2	10.9	19.2	1.4523	2.2	0
491	2021	260	14342.4	8.6	20.3	1.348	1.4	0
491	2021	261	17625.6	8.9	21.4	1.3069	2.9	0
491	2021	262	11404.8	10.5	19.8	1.4273	2.9	0.2
491	2021	263	6825.6	10.3	17	1.3891	2.2	0
491	2021	264	14688	7.4	16.8	0.9873	3.2	0
491	2021	265	15724.8	6.8	18.6	1.0856	3	0
491	2021	266	17452.8	6.8	21.5	1.2253	2.9	0
491	2021	267	15638.4	7.8	21.2	1.3193	1.9	0
491	2021	268	15724.8	7.7	23.7	1.3716	1.5	0.2
491	2021	269	5184	13.1	20.4	1.7331	2	4
491	2021	270	8899.2	11	20.8	1.5877	3.1	9.3
491	2021	271	12268.8	10.1	16.6	1.2705	1.8	0
491	2021	272	8985.6	5.3	15.5	1.0586	4.2	4
491	2021	273	15033.6	3.6	15.6	0.9556	1.9	0
491	2021	274	14428.8	3.9	18.3	0.9638	2.6	1.6
491	2021	275	12009.6	10.1	19.7	1.2522	4.3	0
491	2021	276	2592	11.3	20	1.2962	6.6	1.6
491	2021	277	7603.2	9.2	15.4	1.2719	2.9	0.2
491	2021	278	8985.6	9.1	17.3	1.349	4.3	5.8
491	2021	279	5443.2	8.7	12.8	1.1738	5.2	2.4
491	2021	280	11836.8	7.5	16.1	1.1892	2.3	0
491	2021	281	12787.2	7	16.8	1.1414	4.4	0
491	2021	282	13996.8	6.2	17	1.0781	4.4	0
491	2021	283	13478.4	3.4	15	0.9303	2.8	0
491	2021	284	4924.8	0.7	12.1	0.9033	1.1	0
491	2021	285	4579.2	4.9	12	1.028	2.8	3.2
491	2021	286	7171.2	1.4	10.8	0.8659	1.6	1
491	2021	287	11750.4	2.5	15.3	1.0028	1.2	0
491	2021	288	9244.8	1.7	13.9	0.9307	1.6	0
491	2021	289	10540.8	5.3	14.4	1.0204	2.4	0
491	2021	290	3801.6	2.5	11.1	0.8593	1.2	0
491	2021	291	8812.8	1.3	12.5	0.915	2.2	3.8
491	2021	292	6393.6	6.5	18	1.2107	3.8	1.8
491	2021	293	2851.2	12	17	1.4348	6.9	27.4
491	2021	294	5616	3.3	14.3	0.9055	9.4	8.7
491	2021	295	8640	0.7	9.9	0.7836	3.5	0
491	2021	296	7171.2	3.2	12.5	0.9233	1.8	0
491	2021	297	11232	0.8	13.6	0.802	2.9	0
491	2021	298	10195.2	1.8	16.5	0.9619	2.2	0.9
491	2021	299	5788.8	5.5	14.5	1.092	2.9	0
491	2021	300	8380.8	6.5	14.8	1.1276	1.5	0
491	2021	301	7603.2	4.3	14	1.0662	2.1	0.1
491	2021	302	8726.4	4.5	17	0.9674	3	0
491	2021	303	1641.6	8.2	12.6	1.1216	3.4	11
491	2021	304	5011.2	10.2	18	1.3981	4.2	5.1
491	2021	305	5443.2	6.7	12.7	1.0583	4.4	1.5
491	2021	306	2592	4.4	9.1	0.9253	3.3	17
491	2021	307	2764.8	4.6	8.8	0.9221	3.5	5.5
491	2021	308	2073.6	4.5	6.9	0.8423	3.9	2.3
491	2021	309	5097.6	2.2	10.8	0.8708	1.6	0
491	2021	310	3974.4	0.9	6.1	0.7693	1.6	0
491	2021	311	950.4	2.4	7.3	0.8371	4.4	1.9
491	2021	312	5702.4	-0.8	8.4	0.7617	1	0
491	2021	313	8553.6	-0.8	9.6	0.7025	3	0
491	2021	314	4838.4	-0.7	6.9	0.6944	1.3	0
491	2021	315	3542.4	-2.3	3.5	0.6318	1.1	0
491	2021	316	2419.2	-1.3	1.7	0.6137	1.4	0.1
491	2021	317	1209.6	0	7.8	0.7913	2.4	7.6
491	2021	318	2592	6.6	8.9	0.9908	3.8	0.2
491	2021	319	604.8	5.5	7.5	0.8515	4.4	0
491	2021	320	864	4.3	6	0.8107	1.4	0.6
491	2021	321	1641.6	3.5	5.9	0.7942	2.6	0
491	2021	322	2419.2	3.6	8	0.8482	1.9	0.1
491	2021	323	1814.4	4.8	8	0.9033	2	0.1
491	2021	324	4233.6	1.4	7.9	0.817	1.7	0.1
491	2021	325	1123.2	2.4	5	0.7802	2.3	2.4
491	2021	326	3888	0.3	6.3	0.6269	5.4	0
491	2021	327	6566.4	-1.6	5.9	0.5564	4.8	0
491	2021	328	6480	-1.5	5.8	0.5849	4.3	0
491	2021	329	1382.4	-1.9	2.3	0.5269	1.9	0
491	2021	330	1036.8	-1.7	2.1	0.5765	4.1	4.1
491	2021	331	2160	1.1	3.6	0.6657	4.5	2.4
491	2021	332	1123.2	-0.3	1.8	0.6064	2.2	0.3
491	2021	333	2678.4	-2.1	1.9	0.5459	3.9	2.2
491	2021	334	345.6	0.5	3.8	0.6705	8.3	8.6
491	2021	335	691.2	2.8	6.5	0.8	8.2	5.7
491	2021	336	1814.4	-1.3	4.8	0.5961	4.5	1.1
491	2021	337	1296	-2.5	1.7	0.5223	4.9	6.9
491	2021	338	864	0.6	8.3	0.7889	5.2	10.4
491	2021	339	2332.8	0.4	3.9	0.642	3.6	0.5
491	2021	340	2678.4	-1.9	2.3	0.5827	2.5	3.1
491	2021	341	2419.2	2	4.9	0.6727	4.5	4.5
491	2021	342	1641.6	0.8	5	0.7072	3.4	0
491	2021	343	777.6	0.7	2.5	0.6515	3.8	5.3
491	2021	344	864	-0.6	3.5	0.6242	4.8	2.8
491	2021	345	1728	0.6	3.3	0.6469	2.9	0
491	2021	346	1209.6	1	4.1	0.6752	3.7	0.4
491	2021	347	2073.6	3.8	6.4	0.8518	1.2	0
491	2021	348	1209.6	3.1	5.7	0.8279	1.7	0.1
491	2021	349	1987.2	0	6.2	0.725	1.2	0
491	2021	350	3024	3.9	8.9	0.8456	1.6	0
491	2021	351	4924.8	3.6	7.7	0.7573	4.9	0
491	2021	352	1900.8	2.1	3.7	0.7072	4.3	0
491	2021	353	1036.8	1.2	3.8	0.6947	1.6	0
491	2021	354	2937.6	-2.7	6.2	0.5546	2.4	0
491	2021	355	5184	-4.5	1.7	0.4523	4.1	0
491	2021	356	5788.8	-6.8	-0.1	0.4075	3.1	0
491	2021	357	1382.4	-5.6	6.2	0.537	3.7	0.1
491	2021	358	518.4	5.8	7.4	0.9255	4.4	6.4
491	2021	359	1036.8	0.7	8.4	0.8282	3.2	0.8
491	2021	360	864	0.6	6.1	0.7612	2.9	11.5
491	2021	361	1987.2	6.1	10	1.022	3.3	9.8
491	2021	362	950.4	7.3	10	1.0196	7.5	5.9
491	2021	363	864	7.2	12.8	1.1779	5.6	8.6
491	2021	364	1814.4	10.1	13.9	1.3031	5.6	0.1
491	2021	365	1987.2	7.2	11.5	1.1276	3.4	0.2
