*---------------------------------------------------------------------------*
* Station name: NURNBERG                                
* Year: 1998
* Author: Pedro Alencar                                   -999.000: NIL VALUE
* Source: ECAD 
* Comments: 
* Longitude: 49.5042, latitude: 49.5042, altitude: 314 m.
*
* Column  Daily value
* 1       station number
* 2       year
* 3       day
* 4       irradiation                   (kJ m-2 d-1)
* 5       minimum temperature           (degrees Celsius)
* 6       maximum temperature           (degrees Celsius)
* 7       early morning vapour pressure (kPa)
* 8       mean wind speed (height: 2 m) (m s-1)
* 9       precipitation                 (mm d-1)
*
** WCCDESCRIPTION=GERMANY, NURNBERG                                
** WCCFORMAT=2
** WCCYEARNR=1998
*---------------------------------------------------------------------------*
   49.5042  11.0567    314.  -0.18 -0.55
492	1998	1	3974.4	-1.2	9	0.6621	3	2.1
492	1998	2	2332.8	1.8	9.6	0.7508	5	0.3
492	1998	3	3110.4	5	9.9	0.7952	6.5	2.5
492	1998	4	2937.6	4.6	9.1	0.7136	6.3	0.6
492	1998	5	3456	3.9	8.4	0.5195	7.7	4.8
492	1998	6	2851.2	2.1	8.1	0.6499	6.5	3.9
492	1998	7	2764.8	1.6	11.9	0.7875	4.2	0.2
492	1998	8	3024	3.1	10.5	0.721	4.5	0
492	1998	9	3542.4	5.3	12.1	0.7757	3.1	0
492	1998	10	6048	-0.2	12.7	0.7703	2.9	0
492	1998	11	5961.6	-3.2	11.6	0.6102	2.2	0
492	1998	12	6048	-5	9.5	0.5675	2.5	0
492	1998	13	4924.8	-3.6	6	0.5598	2.7	0
492	1998	14	5356.8	-3.3	7.1	0.5675	3	0
492	1998	15	4320	-0.6	7.6	0.6202	3.2	3.8
492	1998	16	1641.6	3.9	7.6	0.8544	3.5	3.7
492	1998	17	3542.4	0.2	6.1	0.6127	4.6	0
492	1998	18	4579.2	-3.6	6.1	0.5283	4.7	10.4
492	1998	19	1641.6	0.3	5.1	0.6824	6.4	4.4
492	1998	20	1728	0	4	0.6492	3.8	0.7
492	1998	21	2937.6	-1.4	2.2	0.5158	3.2	0
492	1998	22	2764.8	-1.8	0.2	0.4899	3	0
492	1998	23	1728	-0.8	1.3	0.5351	2.1	0
492	1998	24	1814.4	-3.6	-0.7	0.4749	2.2	0.4
492	1998	25	5875.2	-3.7	1.1	0.4167	3.1	0
492	1998	26	6998.4	-9.1	0.1	0.3371	1.9	0
492	1998	27	7171.2	-11.4	-0.7	0.3191	1.1	0
492	1998	28	2246.4	-12.1	-4.6	0.2932	2.2	0.7
492	1998	29	1900.8	-6.7	-1.2	0.4198	1.1	0
492	1998	30	6220.8	-8.8	0.1	0.3764	2	1.2
492	1998	31	6220.8	-11.9	-0.4	0.2781	2.5	0.1
492	1998	32	8035.2	-15.4	-3.5	0.1704	2.9	0
492	1998	33	8035.2	-15.6	-3	0.2329	1.6	0
492	1998	34	4752	-13.4	0.8	0.3207	2.8	0.1
492	1998	35	8380.8	-13.1	1.2	0.3177	1.6	0
492	1998	36	8467.2	-12.3	2.9	0.3148	1.5	0
492	1998	37	2592	-5.8	3.9	0.4276	1.8	0
492	1998	38	6739.2	-8.2	3.8	0.4056	3.6	0
492	1998	39	6825.6	-1.8	5.4	0.5635	3.2	0
492	1998	40	4838.4	-3	7.5	0.4957	2.9	0
492	1998	41	8380.8	-4.4	13	0.5398	2.6	0
492	1998	42	8640	-3.7	13.8	0.5513	2.9	0
492	1998	43	6912	-0.3	13.1	0.5573	3.1	0
492	1998	44	3369.6	5.1	12.2	0.8515	2.2	0
492	1998	45	6652.8	5.4	15.6	1.053	1.7	0
492	1998	46	8294.4	-0.2	14.8	0.8177	2.9	0
492	1998	47	4665.6	1.2	14.5	0.7641	5.1	0.2
492	1998	48	5097.6	1.2	9.3	0.7277	4.8	0
492	1998	49	9936	0.1	11.8	0.6893	1.5	0
492	1998	50	8726.4	-1.8	12.3	0.6744	4.3	0
492	1998	51	9676.8	4.3	13.6	0.8919	2.9	0
492	1998	52	10454.4	0.1	17.5	0.815	2.9	0.5
492	1998	53	2851.2	4.5	9.7	0.9478	2.3	1.4
492	1998	54	2851.2	2.6	9.1	0.8419	2.4	2.3
492	1998	55	2937.6	-2	6.2	0.6823	1.8	1.5
492	1998	56	3024	5.9	10.6	1.0142	1.2	0
492	1998	57	8035.2	5	13.6	0.9834	2.1	0
492	1998	58	3110.4	4.3	8.8	0.8253	5.1	0
492	1998	59	4665.6	0.5	9.8	0.6609	6.3	1.4
492	1998	60	8035.2	1.5	6.6	0.5386	4.4	0.2
492	1998	61	3974.4	2.3	8.6	0.6389	5.5	0
492	1998	62	3369.6	4.7	14.1	0.6247	5.1	0
492	1998	63	6220.8	11.6	19.9	0.6791	6.9	5
492	1998	64	9244.8	1.5	18	0.9291	8.5	0.6
492	1998	65	3542.4	1.4	7.5	0.6546	5.2	4.9
492	1998	66	4752	6.3	11.4	0.8972	6.3	1.8
492	1998	67	5702.4	4.7	9	0.8524	5.3	5.5
492	1998	68	13305.6	-3.9	4.7	0.434	4.2	0
492	1998	69	11232	-4.7	5.1	0.4774	3.1	0
492	1998	70	13910.4	-5.4	6.1	0.4262	4.7	0
492	1998	71	4579.2	-1.9	3.7	0.4369	2.7	0
492	1998	72	10540.8	-5	5.2	0.3816	3.8	0
492	1998	73	3888	3.5	6.5	0.75	6.4	0.3
492	1998	74	4752	4.6	8.4	0.8515	5.2	1.4
492	1998	75	4060.8	5.4	8.6	0.9113	3	0.1
492	1998	76	4060.8	6.7	8.1	0.8954	4.6	0
492	1998	77	4147.2	5.3	10	0.8375	3.4	0
492	1998	78	10972.8	1.7	8.4	0.5513	4.6	0
492	1998	79	5356.8	0.7	7.1	0.6783	6.2	0.9
492	1998	80	15724.8	-1.5	6	0.4239	2.8	0
492	1998	81	13824	-3.9	6.3	0.3732	1.9	1.3
492	1998	82	8467.2	-1	3.8	0.4529	5.2	0.1
492	1998	83	17884.8	-2.2	7.2	0.3437	3.7	0
492	1998	84	18316.8	-7.1	8.3	0.351	1.6	0
492	1998	85	18403.2	-5.6	10.6	0.3949	2.6	0
492	1998	86	4579.2	-0.3	10.9	0.6322	2.7	0
492	1998	87	8208	6.2	13.5	1.0082	1.4	0
492	1998	88	19094.4	2.3	19	0.8329	2.9	0
492	1998	89	16502.4	2.5	18.9	0.7842	1.9	0
492	1998	90	19180.8	2.2	22.1	0.9905	1.9	0
492	1998	91	9072	5.4	17.8	0.9416	2.7	0.5
492	1998	92	8812.8	9.5	15.9	1.1736	2.8	7.5
492	1998	93	5616	6.7	15.7	1.143	4.7	2.4
492	1998	94	5011.2	7.4	13	0.9824	4.6	1.8
492	1998	95	13392	6.9	13.9	0.8821	5	0
492	1998	96	12787.2	4.9	14.3	0.872	2.9	0.2
492	1998	97	6998.4	5.7	13.1	0.8368	3.5	0.2
492	1998	98	13564.8	6	12.2	0.7508	6.4	0
492	1998	99	13824	-1.1	14.8	0.7731	2.9	1.4
492	1998	100	17712	2.2	18.7	0.8219	4.3	0.7
492	1998	101	15811.2	5.6	13.4	0.7357	4.1	4.1
492	1998	102	5443.2	3	8.3	0.8303	3.8	2.4
492	1998	103	15206.4	-0.8	9.1	0.5999	1.9	0
492	1998	104	17798.4	-0.8	9.3	0.5131	2.7	0
492	1998	105	9072	-1.8	12.2	0.5394	4.7	0
492	1998	106	10108.8	4.1	10.4	0.6214	4.3	0
492	1998	107	11664	0.7	13	0.7235	3	5
492	1998	108	15206.4	4.6	10.8	0.8299	2.6	0
492	1998	109	5788.8	4.6	6.8	0.7599	3.5	0
492	1998	110	22550.4	3.2	15.7	0.6977	3.2	1
492	1998	111	11664	7.6	14.1	0.9349	2.8	0
492	1998	112	23328	1.4	18.1	0.6757	2.5	0
492	1998	113	23932.8	2.8	20.9	0.7492	2.8	0.5
492	1998	114	13996.8	6.4	16.1	0.9334	3.9	0
492	1998	115	17452.8	4.5	19.8	0.9198	2.9	0.3
492	1998	116	16243.2	8.9	20.3	1.1785	2.2	0.1
492	1998	117	6825.6	10.5	20.7	1.3983	3.1	2.6
492	1998	118	6220.8	8.3	12	1.165	2.2	7.5
492	1998	119	6220.8	8	13.7	1.1687	1.5	0.2
492	1998	120	21168	3.8	21.5	0.9943	2	0
492	1998	121	18489.6	7.2	20.9	1.2014	1.8	0.1
492	1998	122	7344	10.3	14.9	1.2972	3.2	0.1
492	1998	123	8380.8	10.5	15.3	1.308	3	0
492	1998	124	13564.8	6.7	11.3	0.7916	4.8	0
492	1998	125	14342.4	1.8	11.8	0.6717	2.7	0
492	1998	126	7516.8	8.8	13.3	1.0264	4.2	0.6
492	1998	127	14169.6	9	19	1.0698	2.6	0
492	1998	128	26438.4	4.4	25	0.9021	1.6	0
492	1998	129	26265.6	7.3	26.8	1.0675	1.7	0
492	1998	130	24624	9.3	28.3	1.0616	1.7	0
492	1998	131	26870.4	9.5	27.5	1.1057	1.5	0
492	1998	132	26697.6	9	29.3	1.1072	1.6	0
492	1998	133	26352	10.3	29.1	1.3977	2.6	0
492	1998	134	26092.8	11.5	24.4	0.8423	3.5	0
492	1998	135	26265.6	6.1	21.8	0.7003	3.3	0
492	1998	136	27216	6.3	20.1	0.7276	3.6	0
492	1998	137	17366.4	7	17.2	0.9027	2.5	0.1
492	1998	138	21600	4	20.1	0.8435	1.8	0.3
492	1998	139	23155.2	5.4	22.4	0.9677	2.3	0
492	1998	140	24710.4	6.1	22.6	0.98	2.2	0
492	1998	141	16416	8.2	19.3	1.084	3.4	0
492	1998	142	19872	7.2	13	0.667	4.4	0
492	1998	143	21081.6	6.6	14.7	0.6663	2.9	0
492	1998	144	9158.4	3.8	15	0.8722	2.5	0.1
492	1998	145	13478.4	6.3	17.2	1.1853	2.1	0.5
492	1998	146	15206.4	9.1	18.8	1.3687	2.5	8.1
492	1998	147	22982.4	9.6	23.5	1.3163	2.4	0.6
492	1998	148	25660.8	9.4	26.2	1.0786	1.7	0
492	1998	149	10368	13.3	20.3	1.452	3.4	3.5
492	1998	150	14083.2	13.9	20.4	1.7189	2.1	0.5
492	1998	151	22118.4	9	24.3	1.3436	2	4.4
492	1998	152	17712	11.9	19.3	1.2744	4	0
492	1998	153	20131.2	8.7	27.6	1.2273	2.7	2.8
492	1998	154	17107.2	15.1	22.5	1.5599	2.3	0
492	1998	155	25660.8	12.6	26.2	1.3944	1.8	0
492	1998	156	26006.4	12.7	32	1.3208	2.9	0
492	1998	157	26956.8	16.9	34.1	1.4001	2.5	0
492	1998	158	15984	15.3	27.2	1.7897	2.7	4.2
492	1998	159	17107.2	13.6	21.4	1.298	3.1	0
492	1998	160	25660.8	8.9	25.4	1.1134	3.3	0
492	1998	161	12009.6	14.4	24.8	1.8444	3.4	6.1
492	1998	162	10627.2	12.4	17.9	1.4445	2.1	14.7
492	1998	163	6652.8	8.7	12.9	1.2683	5.2	14.9
492	1998	164	19785.6	7.6	15.1	1.0067	2.7	0
492	1998	165	21427.2	3.9	19.2	1.0065	3.4	1.3
492	1998	166	19094.4	7	18.7	1.1852	2.8	3.9
492	1998	167	15724.8	11	19.3	1.2381	4.8	0.1
492	1998	168	15120	11.1	18	1.2409	4.1	0.3
492	1998	169	9072	11.2	16.7	1.3687	2.5	0.6
492	1998	170	13046.4	12.2	22.1	1.4845	1.8	0
492	1998	171	28080	13.6	27.4	1.5647	1.6	0
492	1998	172	28166.4	13.6	31.9	1.4913	2.1	0.5
492	1998	173	25228.8	16.3	25.2	1.3934	6.1	0
492	1998	174	18230.4	10.7	22.4	1.0718	2.7	0.9
492	1998	175	18230.4	13.7	22.7	1.5025	2.1	0
492	1998	176	28080	11.7	29.6	1.4092	2.8	0
492	1998	177	14860.8	17	23.9	2.0159	1.6	8.2
492	1998	178	19872	15.9	26	1.8314	2.3	10.8
492	1998	179	17107.2	16.1	21.3	1.4856	3.8	0
492	1998	180	19440	11.5	22.3	1.1536	2.5	0
492	1998	181	19872	11.4	24.8	1.1198	3.9	0
492	1998	182	8640	13.7	20.6	1.465	2.8	0
492	1998	183	21427.2	10.1	21.4	1.1794	2.1	0
492	1998	184	23241.6	10.3	23.6	1.1187	2.6	0
492	1998	185	12182.4	11	18.9	1.1035	4.7	0.5
492	1998	186	6566.4	13.2	18.7	1.4661	4.4	3.3
492	1998	187	7344	14.9	19.2	1.4751	4.2	0.6
492	1998	188	6566.4	10.1	16.6	1.4235	2.8	2.6
492	1998	189	12268.8	9.1	14.5	1.1616	5.8	1
492	1998	190	9763.2	10.6	17.1	1.3282	3.5	1.7
492	1998	191	10713.6	13.1	20.8	1.4851	3.8	0
492	1998	192	12614.4	15.1	20.9	1.3189	6	2.2
492	1998	193	7257.6	13.4	19.2	1.5917	4.9	0
492	1998	194	20995.2	11.5	26.6	1.3864	4.2	1.3
492	1998	195	22636.8	10.5	20.1	1.0244	4.6	0
492	1998	196	15638.4	7.2	20.2	0.9865	3.6	0
492	1998	197	15465.6	8.2	17.8	1.2418	2.6	1.9
492	1998	198	13564.8	12.2	23.1	1.6732	2.8	1
492	1998	199	10540.8	15.5	21.1	1.4909	3.6	0.2
492	1998	200	26265.6	14	27.4	1.3648	1.7	0
492	1998	201	26956.8	13.3	35.1	1.5369	2.9	0
492	1998	202	25142.4	18.2	33.2	2.0099	3.6	3.7
492	1998	203	11059.2	17.1	22.6	2.1739	1.6	2.7
492	1998	204	20476.8	13.3	29.6	2.0414	2.7	4.2
492	1998	205	19872	14.5	25.4	1.6289	1.6	0
492	1998	206	14256	13.7	23.1	1.5425	1.9	0
492	1998	207	24537.6	11.5	27	1.3592	2.1	0
492	1998	208	10022.4	16.3	25.3	1.9617	2.6	3.6
492	1998	209	14169.6	15.5	22.1	1.6899	2.6	1
492	1998	210	7344	13.5	20.8	1.6603	2.8	5
492	1998	211	8294.4	15.5	22.6	1.8485	3.4	0.9
492	1998	212	22982.4	11.9	23	1.2342	3.3	0
492	1998	213	23500.8	9	26.4	1.3953	3	3
492	1998	214	18576	14.8	24	1.7767	2.6	2.1
492	1998	215	9504	14.9	21.5	1.6485	2.1	0
492	1998	216	22032	12.6	26.3	1.6694	3	0
492	1998	217	22550.4	13.6	22.9	1.2769	3.2	0
492	1998	218	25056	9.4	26.8	1.1405	1.8	0
492	1998	219	24451.2	10.5	30.4	1.2479	1.9	0
492	1998	220	24796.8	13	34	1.3003	2	0
492	1998	221	24192	14.3	30.9	1.4505	2.8	0
492	1998	222	24710.4	11.7	32.4	1.0852	1.9	0
492	1998	223	23932.8	16.5	35.9	1.4253	3.4	0
492	1998	224	19180.8	15.8	36.5	1.8949	3.1	27.1
492	1998	225	9676.8	16.5	21.4	1.8807	2.3	4.1
492	1998	226	24105.6	8.5	24	1.1438	1.5	0
492	1998	227	23846.4	9.3	28.6	1.2247	1.7	0
492	1998	228	23328	13.5	29	1.3612	2.7	0
492	1998	229	22291.2	12.5	30.4	1.4035	1.9	0
492	1998	230	17625.6	10.7	28.3	1.1994	2.2	0
492	1998	231	21772.8	11.3	25.5	1.4369	1.9	0
492	1998	232	19526.4	10.8	27.4	1.3245	1.9	0
492	1998	233	5270.4	13.1	20.7	1.4997	4.9	4.5
492	1998	234	10800	12	18	1.3455	5.3	0
492	1998	235	13046.4	9.7	18.3	1.0219	3.9	3.3
492	1998	236	10108.8	12.5	19.1	1.4521	5.7	2.9
492	1998	237	16416	9.6	18.1	1.0752	3.8	0
492	1998	238	16848	7.9	22.2	1.0935	4.2	0.5
492	1998	239	9763.2	9.8	16.9	1.0409	4.5	0
492	1998	240	8899.2	8.5	14.2	0.9665	3.6	0
492	1998	241	7430.4	7.6	14.2	1.0293	2.1	0
492	1998	242	14428.8	4.4	16.6	0.9642	1.3	0
492	1998	243	16502.4	6.6	19.7	1.0425	1.7	0
492	1998	244	16934.4	3.9	21.7	0.9303	1.9	0
492	1998	245	8035.2	11.8	20.8	1.3881	3.4	2.9
492	1998	246	8553.6	14.1	20.7	1.8455	2.4	17.8
492	1998	247	13651.2	14.5	22.1	1.6589	1.8	0.5
492	1998	248	4752	13.9	17	1.7004	2.5	19.7
492	1998	249	7948.8	12.1	17.7	1.5061	3.1	0.1
492	1998	250	15552	7.8	20.7	1.3306	2.4	0
492	1998	251	10108.8	12.6	21.8	1.6264	2.3	0.8
492	1998	252	15638.4	12.7	25.3	1.5137	3.8	0
492	1998	253	11664	15.2	25.4	2.0687	2.8	8.6
492	1998	254	5616	13.7	17.1	1.5902	3.8	5.2
492	1998	255	4406.4	9.1	13.8	1.2431	3.3	4.8
492	1998	256	11577.6	7.3	13.5	0.92	3.8	0
492	1998	257	4233.6	6.8	9.3	0.9144	6.9	16.9
492	1998	258	4233.6	9.1	12.3	1.1185	7.9	7
492	1998	259	5270.4	10	14.6	1.229	5.4	6.5
492	1998	260	4147.2	7.9	11.5	1.1184	5.6	6.6
492	1998	261	4060.8	8	13.1	1.1329	2.9	0
492	1998	262	13219.2	2.4	16	0.9535	1.1	0
492	1998	263	12960	5.4	17.5	1.0675	1.7	0
492	1998	264	14601.6	6.1	18.9	1.1149	2.9	0
492	1998	265	16070.4	7	17.7	1.061	3.6	0
492	1998	266	16156.8	4.8	19.4	1.0155	2.5	0
492	1998	267	15897.6	4.5	20	1.1395	2.1	0
492	1998	268	14342.4	6.3	22.2	1.3306	1.5	0
492	1998	269	11491.2	7.8	21.1	1.348	2.4	0.1
492	1998	270	10972.8	10.9	21.1	1.4163	2	0.4
492	1998	271	6739.2	10.8	17.5	1.2737	2.4	0
492	1998	272	8294.4	9.6	17.6	1.4469	1.9	0.2
492	1998	273	6912	6.5	17.9	1.2493	1.9	19.5
492	1998	274	4924.8	10.9	15.9	1.4128	1.5	12.3
492	1998	275	3369.6	6.7	11	1.0903	2.5	0
492	1998	276	3369.6	6.7	11.2	1.0977	1.7	0.8
492	1998	277	5529.6	7.6	14.9	1.1468	1.7	9.6
492	1998	278	3888	7.2	11.8	1.0679	2.7	0
492	1998	279	3196.8	8.4	11.1	1.0377	3.1	1.3
492	1998	280	3196.8	7.7	10.2	1.1205	2.3	21.9
492	1998	281	5270.4	7.7	12.8	1.048	1.9	0
492	1998	282	3110.4	9.2	10.9	1.1942	1.6	0
492	1998	283	3888	6	13.1	1.0239	4.5	2.3
492	1998	284	2937.6	8.7	11.4	1.1572	3.9	3.8
492	1998	285	5702.4	6.6	11.4	1.044	5	7
492	1998	286	7603.2	7	12	1.0441	4	0.7
492	1998	287	2851.2	6.9	13.8	1.1555	3.3	4.9
492	1998	288	6912	9.8	16.3	1.3809	3	1.5
492	1998	289	6393.6	7.2	15.5	1.2081	2.4	0
492	1998	290	11232	8.6	19.9	1.3144	4.2	1.6
492	1998	291	6998.4	6.2	14.2	1.0694	3.6	0
492	1998	292	3110.4	0.8	8.5	0.8	1.4	0
492	1998	293	6825.6	2.1	10.6	0.8044	3.5	1.1
492	1998	294	8294.4	1.3	13.9	0.7929	4.2	0
492	1998	295	4406.4	4.8	16.8	0.9707	3	0
492	1998	296	7516.8	6.3	17.2	1.0613	3.9	2.8
492	1998	297	6307.2	7.6	13.9	1.0448	4.6	15
492	1998	298	5961.6	7.3	13.2	0.9357	7.4	1.1
492	1998	299	6393.6	5.3	10.1	0.8509	5	4.2
492	1998	300	2764.8	4.1	10.4	0.8659	5	3.8
492	1998	301	2246.4	10	15.1	1.2639	8.4	34.3
492	1998	302	3283.2	6.4	12.5	1.0288	6.7	10.2
492	1998	303	3110.4	2.9	7.6	0.7454	6.9	3.3
492	1998	304	4147.2	2.6	6.9	0.7713	4.3	10.9
492	1998	305	4147.2	3.6	11.5	0.8734	7.4	0.8
492	1998	306	6566.4	2.4	8.1	0.701	3.5	1.3
492	1998	307	2073.6	3.4	9.1	0.7799	4.8	2
492	1998	308	3024	5.7	8.4	0.8842	3.8	2.3
492	1998	309	6480	1.1	6.9	0.6912	3.8	0
492	1998	310	1987.2	0.3	6.6	0.6336	4.3	0
492	1998	311	5097.6	0.7	9.5	0.764	1.5	0
492	1998	312	5011.2	-2.4	6.9	0.6394	2.9	9.6
492	1998	313	1900.8	4.9	11	1.0471	2.5	10.5
492	1998	314	1814.4	8.8	10.9	1.154	2.4	8.6
492	1998	315	3801.6	1	8.9	0.7908	4.3	0.4
492	1998	316	3628.8	-1.8	4.8	0.6332	1.9	0
492	1998	317	1728	-2.1	5.3	0.6446	2.4	0.2
492	1998	318	1728	-0.5	4	0.6793	3.4	5.2
492	1998	319	1728	1.8	4.6	0.7378	3.4	3.5
492	1998	320	1728	1.4	5	0.7071	3	1.9
492	1998	321	2764.8	-1.1	1.6	0.5662	4.1	0
492	1998	322	2505.6	-2.4	0.2	0.4793	2.6	0.2
492	1998	323	1641.6	-2.6	0.5	0.532	2.4	0.8
492	1998	324	4233.6	-5.3	-0.7	0.441	2.4	0
492	1998	325	5270.4	-9.2	-3.2	0.3232	2.3	0
492	1998	326	6307.2	-11	-2.8	0.3063	2.3	0
492	1998	327	1555.2	-9.3	0.3	0.3897	1.4	0.1
492	1998	328	1555.2	-1.2	0.1	0.5518	1.3	0
492	1998	329	1468.8	-2.4	-0.4	0.4909	2	0
492	1998	330	1468.8	-2.2	0.1	0.498	1.8	1.2
492	1998	331	1468.8	-0.7	1.5	0.6164	2	1
492	1998	332	1900.8	-0.8	4.3	0.6447	2.3	0
492	1998	333	1468.8	-1	0.4	0.544	3	0.1
492	1998	334	1382.4	-1	1.7	0.5891	1.6	0
492	1998	335	1468.8	-3.5	1.3	0.4398	3.5	0
492	1998	336	4579.2	-4.2	-0.5	0.4165	2.7	0
492	1998	337	1468.8	-3.1	-1.9	0.4526	2.4	0
492	1998	338	1468.8	-4.9	-1.9	0.4565	2.6	0.4
492	1998	339	2332.8	-2.3	0.5	0.4864	5.8	0.1
492	1998	340	1382.4	-2.5	-0.2	0.4816	7.4	0
492	1998	341	2851.2	-5.7	-0.4	0.4247	4.6	0.1
492	1998	342	2592	-11.1	-2.8	0.3305	1.5	0
492	1998	343	3542.4	-11.8	-3.5	0.3097	3.1	0.9
492	1998	344	1382.4	-8.1	-3.1	0.3706	2.3	1.4
492	1998	345	1382.4	-3.6	-1.2	0.4508	3.7	0.8
492	1998	346	1641.6	-2.6	4.6	0.624	2.8	2.7
492	1998	347	3888	2.3	9.7	0.7198	6.6	0
492	1998	348	1382.4	4.8	7.3	0.8911	2.7	3.4
492	1998	349	3024	3.6	11.6	0.9494	2	0.4
492	1998	350	4060.8	1.2	8.3	0.7027	3.8	0
492	1998	351	4924.8	-2.8	7.4	0.6705	2.6	0
492	1998	352	5184	-3.4	8.3	0.6267	3.1	0.6
492	1998	353	2851.2	0.6	7.6	0.6469	4.9	2
492	1998	354	1641.6	0.2	4.6	0.6608	2.8	0
492	1998	355	1641.6	-3.8	1.5	0.5225	2.7	0
492	1998	356	1296	-1.9	0.7	0.5498	2.4	1.9
492	1998	357	3196.8	-5.9	1	0.4747	2.7	0
492	1998	358	1296	-5.7	0.8	0.49	2.9	1.9
492	1998	359	3456	-2.1	2.5	0.5207	3.1	0
492	1998	360	2332.8	1.8	7.7	0.7027	4.5	0
492	1998	361	1382.4	5.8	11.1	0.7517	4.5	0
492	1998	362	5184	1.2	12.3	0.7284	3.3	0
492	1998	363	5011.2	0.3	8.9	0.7124	2.6	0
492	1998	364	4233.6	-3	4.5	0.5677	2.8	0
492	1998	365	1382.4	-3.1	0	0.5073	4	0
