*---------------------------------------------------------------------------*
* Station name: NURNBERG                                
* Year: 1996
* Author: Pedro Alencar                                   -999.000: NIL VALUE
* Source: ECAD 
* Comments: 
* Longitude: 49.5042, latitude: 49.5042, altitude: 314 m.
*
* Column  Daily value
* 1       station number
* 2       year
* 3       day
* 4       irradiation                   (kJ m-2 d-1)
* 5       minimum temperature           (degrees Celsius)
* 6       maximum temperature           (degrees Celsius)
* 7       early morning vapour pressure (kPa)
* 8       mean wind speed (height: 2 m) (m s-1)
* 9       precipitation                 (mm d-1)
*
** WCCDESCRIPTION=GERMANY, NURNBERG                                
** WCCFORMAT=2
** WCCYEARNR=1996
*---------------------------------------------------------------------------*
   49.5042  11.0567    314.  -0.18 -0.55
492	1996	1	1382.4	-4	-1.1	0.4155	2.7	0
492	1996	2	1382.4	-8.3	-1.4	0.3838	1.2	0
492	1996	3	1382.4	-4	-1.3	0.3923	1.5	0
492	1996	4	4492.8	-9.6	0.3	0.355	1.8	0
492	1996	5	5356.8	-11.1	-2.2	0.2862	3.4	0
492	1996	6	3715.2	-11.8	-2.4	0.2764	3.3	0
492	1996	7	1468.8	-6	2	0.4486	3	3
492	1996	8	1468.8	0.6	3.2	0.6726	2.7	0
492	1996	9	1468.8	0.9	3	0.6399	4.6	0
492	1996	10	1468.8	0	1.4	0.5849	4	0
492	1996	11	4838.4	-1.8	6.5	0.6222	2.4	0
492	1996	12	4665.6	-2.1	7.1	0.6362	1.6	0
492	1996	13	1555.2	-2.8	0.7	0.5433	2	0
492	1996	14	1555.2	-0.1	2.1	0.5912	3.1	0
492	1996	15	1555.2	-0.5	1.1	0.5433	3.5	0
492	1996	16	1641.6	-2.1	0.4	0.5054	2.9	0
492	1996	17	4579.2	-5.4	-2.1	0.3938	2.6	0
492	1996	18	1641.6	-5.3	-2.9	0.4061	1.5	0
492	1996	19	1641.6	-5.6	-3.6	0.3737	2.3	0
492	1996	20	1728	-4.9	-0.8	0.3667	4.2	0
492	1996	21	1728	-4	-1.7	0.3766	4.2	0
492	1996	22	6393.6	-6.2	0.7	0.3794	3.3	0
492	1996	23	5097.6	-6.7	-0.2	0.3695	4.6	0
492	1996	24	1814.4	-5	-3.1	0.3805	3.9	4.6
492	1996	25	1814.4	-7.8	-4.9	0.2891	3.6	0
492	1996	26	1814.4	-8.2	-5.4	0.2829	3.3	0
492	1996	27	4406.4	-6.7	-1.8	0.3391	2.5	0
492	1996	28	1900.8	-5	-1.7	0.3819	2.1	0
492	1996	29	2678.4	-5.7	-0.6	0.3828	4	0
492	1996	30	7603.2	-6.2	1	0.3432	4	0
492	1996	31	7862.4	-8.5	1.1	0.2976	2.8	0
492	1996	32	8035.2	-10.7	3.4	0.3034	2.1	0
492	1996	33	6048	-9.8	0.5	0.3074	1.8	1.3
492	1996	34	2073.6	-2.2	0	0.53	1.8	0.5
492	1996	35	3628.8	-9.9	-0.8	0.3407	1.8	0.5
492	1996	36	4406.4	-11.4	-1.7	0.3146	0.9	0
492	1996	37	8467.2	-12.3	-2.1	0.2494	3.5	0
492	1996	38	8294.4	-14.5	-4.3	0.204	4	0
492	1996	39	6220.8	-14.1	-3.9	0.2539	1.9	0
492	1996	40	6480	-7.9	0.5	0.3627	2.1	0
492	1996	41	2332.8	-8.8	-1.3	0.3318	3.9	0.1
492	1996	42	2419.2	-2.8	3	0.5478	3.1	2.3
492	1996	43	4060.8	0.6	5	0.6275	5.3	3.9
492	1996	44	3196.8	0.1	3.5	0.64	4.1	7
492	1996	45	2505.6	-1.8	0.4	0.5109	3.4	0.1
492	1996	46	3024	-3	-0.6	0.4231	2.1	0.9
492	1996	47	2592	-2.1	1.8	0.5681	4.5	6.7
492	1996	48	5702.4	1.3	3.3	0.584	8	0.8
492	1996	49	2678.4	1.1	3.8	0.6486	4.8	3.8
492	1996	50	5875.2	-1.4	5.5	0.5666	3.3	0.8
492	1996	51	3283.2	-3	2.1	0.5085	2.4	0
492	1996	52	4924.8	-4.7	0.7	0.3641	3.8	0
492	1996	53	3888	-6.9	-4.1	0.3369	4.1	0
492	1996	54	7257.6	-9.1	-3.4	0.3143	1.8	0
492	1996	55	10108.8	-13.6	0.8	0.2539	3.3	0
492	1996	56	11059.2	-1.2	9.7	0.5131	4.3	0
492	1996	57	12009.6	-4	11.6	0.5372	2.9	0
492	1996	58	11923.2	-4	12.4	0.4948	2.4	0
492	1996	59	12096	-2.1	9.8	0.523	2.3	0
492	1996	60	11404.8	-4.5	8.7	0.5331	1.8	0
492	1996	61	3283.2	-2.8	4.1	0.506	5.2	0
492	1996	62	8726.4	-7.8	3.3	0.3678	2.4	0
492	1996	63	9244.8	-3.3	-0.1	0.3939	2.4	0
492	1996	64	9072	-8.6	0.3	0.3192	1.4	0
492	1996	65	4665.6	-9.2	2.3	0.3743	3.2	0.1
492	1996	66	3542.4	0	1.5	0.5483	2.2	0.4
492	1996	67	7862.4	-0.9	6.1	0.5156	3.7	0
492	1996	68	14515.2	-1.7	6.4	0.4197	4.5	0
492	1996	69	14688	-3.8	6	0.3837	3.9	0
492	1996	70	15120	-4.2	6.5	0.3585	3.7	0
492	1996	71	8208	-5.3	-0.6	0.3295	2.8	0
492	1996	72	6393.6	-8.1	-2.4	0.3392	2.6	0.3
492	1996	73	10022.4	-7.5	0.1	0.3441	1.7	0
492	1996	74	15292.8	-9.5	5.4	0.3523	2.6	0
492	1996	75	14342.4	-5.6	8.4	0.5003	2.8	0
492	1996	76	12873.6	-2.2	9.8	0.6013	2.5	0
492	1996	77	4147.2	-1.9	8.6	0.6059	1.8	0
492	1996	78	11491.2	1.7	10.5	0.6495	1.6	0
492	1996	79	11318.4	1.7	11.7	0.7161	1.8	0
492	1996	80	13824	-3.1	10.4	0.5633	1.5	0
492	1996	81	9849.6	-2.4	12.1	0.6645	2.1	4.5
492	1996	82	5788.8	4.7	10.4	0.915	1.8	1.4
492	1996	83	4492.8	4.1	10.6	0.8616	3.3	0
492	1996	84	5097.6	3.5	12.6	0.9144	2.3	0
492	1996	85	17625.6	-2.1	11.6	0.6599	3.5	0
492	1996	86	4579.2	1.2	8.4	0.7396	3.7	2.6
492	1996	87	16329.6	-1.3	4.9	0.3896	4.1	0
492	1996	88	17712	-7.1	7.2	0.3311	2	0
492	1996	89	8380.8	-0.6	3.9	0.5988	3.5	1.1
492	1996	90	10281.6	-1	4.4	0.5871	3.9	0.1
492	1996	91	15379.2	-2.6	3.3	0.4512	3.4	0
492	1996	92	12096	-2.2	4.5	0.4714	2.3	0.3
492	1996	93	11577.6	-3.5	6	0.4681	3.4	0
492	1996	94	5616	-1.9	2.4	0.5289	3.7	1.4
492	1996	95	5097.6	-0.7	0.7	0.5866	2.3	4
492	1996	96	5184	0.4	4.8	0.6702	1.9	0
492	1996	97	10195.2	2.7	9.6	0.8406	2.3	0
492	1996	98	13219.2	1.2	12.1	0.8505	1.4	0
492	1996	99	14774.4	-0.4	17.4	0.7542	1.8	0
492	1996	100	12873.6	3.9	12.7	0.8863	2.3	0
492	1996	101	7776	0.8	10.3	0.752	1.3	0
492	1996	102	9072	0.2	13.1	0.7234	2.2	2.6
492	1996	103	12614.4	-1.8	9.2	0.5812	2.4	0
492	1996	104	10454.4	-5.7	4	0.402	1.7	0
492	1996	105	10886.4	1.2	8.8	0.5843	2.1	0
492	1996	106	23414.4	-1.3	13	0.4903	2.1	0
492	1996	107	23328	-2.5	15.6	0.4952	1.8	0
492	1996	108	23414.4	1.5	17.8	0.5034	2.8	0
492	1996	109	22291.2	0.2	18.8	0.7001	2.3	0
492	1996	110	22464	2.5	21.7	0.7334	2.2	0
492	1996	111	23414.4	4.5	25	0.7039	2.1	0
492	1996	112	23587.2	5.3	25.5	0.7689	2.5	0
492	1996	113	22377.6	6.1	26.5	0.7218	2.7	0
492	1996	114	22464	7.3	25.5	0.8568	3.3	2.3
492	1996	115	9504	8.9	17.6	1.2014	3.3	0
492	1996	116	21772.8	3.7	17	0.8918	1.8	0
492	1996	117	24710.4	1.3	18.6	0.6848	1.3	0
492	1996	118	23328	4	20.6	0.7002	2.9	0
492	1996	119	14860.8	8.6	19.5	1.1053	2.2	2.7
492	1996	120	13737.6	8.8	15.4	1.1001	2.2	0
492	1996	121	7430.4	8	12.9	1.0874	1.2	1.8
492	1996	122	17020.8	5.6	19.4	1.057	1.3	2.4
492	1996	123	17625.6	9.9	18.8	1.1923	1.7	3.9
492	1996	124	7948.8	8.5	13.2	0.9739	2.7	0.2
492	1996	125	10368	6.3	12.1	0.8605	4.4	0
492	1996	126	23932.8	-0.9	13.5	0.6203	1.6	0
492	1996	127	25056	5.5	19.6	0.8426	2.1	0
492	1996	128	26352	5.4	18.9	1.033	3.7	1.2
492	1996	129	6652.8	8	12.5	1.0605	3.5	0
492	1996	130	6652.8	4.6	9.1	0.8226	4.3	0
492	1996	131	6652.8	4.2	10	0.7864	2.5	0
492	1996	132	6739.2	6.8	14	0.9704	2.4	0
492	1996	133	7776	9.6	13.9	1.1026	3.3	1.4
492	1996	134	6825.6	9.4	12.9	1.1922	3.7	2.3
492	1996	135	6825.6	10	13.9	1.2848	3	4.8
492	1996	136	6825.6	10.9	14.8	1.2889	1.9	1.3
492	1996	137	6912	7.8	12.7	1.1603	1.7	4.8
492	1996	138	17884.8	7.2	21.9	1.3732	2.1	15.6
492	1996	139	21081.6	9	22.3	1.5981	2.4	16.1
492	1996	140	19180.8	11.6	22.2	1.4997	3.2	1.8
492	1996	141	14860.8	9.8	15.2	1.1873	2.7	0.2
492	1996	142	22032	4.8	18.7	1.075	2.7	2
492	1996	143	20822.4	5.5	15.4	0.8472	4	0.1
492	1996	144	7084.8	7.6	15.4	1.0032	3.8	0
492	1996	145	19612.8	9	22.9	1.2308	2.6	7.8
492	1996	146	10627.2	11.1	18.4	1.4916	3.7	5.8
492	1996	147	21600	9	16.7	1.0223	3.4	2.5
492	1996	148	13996.8	11.4	16.1	1.2725	5.1	4.2
492	1996	149	17193.6	5.9	12.3	0.8201	5.7	0.1
492	1996	150	27302.4	1.1	19.9	0.7485	1.9	0
492	1996	151	28771.2	6.4	25.4	0.9201	2.4	0
492	1996	152	29635.2	11	29	1.2138	2.1	0
492	1996	153	25056	12	22.6	1.4	3.8	0.2
492	1996	154	7862.4	13.7	17.6	1.5803	2.8	0.6
492	1996	155	6566.4	11.4	15.7	1.3026	2.7	0
492	1996	156	27475.2	10.3	22.4	1.114	2.4	0
492	1996	157	29548.8	9.1	25.7	1.012	3.3	0
492	1996	158	29376	11.5	30.2	1.4266	1.8	0
492	1996	159	28684.8	13.8	31.5	1.5372	1.7	0
492	1996	160	26784	15.8	31	1.6372	2.1	0
492	1996	161	22377.6	16.1	26.3	1.7089	1.9	0
492	1996	162	24105.6	17.5	29.5	1.936	1.1	18.6
492	1996	163	28166.4	16.5	29.7	1.6925	1.7	0
492	1996	164	24710.4	15.9	28.5	1.6561	3.8	0
492	1996	165	26870.4	12.9	21.3	1.0515	4.2	0
492	1996	166	28771.2	4.9	19.8	0.8173	2.2	0
492	1996	167	29289.6	5.3	21.7	0.8501	1.8	0
492	1996	168	28425.6	7.2	22.6	0.9646	2.1	0
492	1996	169	29030.4	8.5	25.7	0.9346	1.5	0
492	1996	170	25315.2	10	26.8	1.1411	4.6	1.7
492	1996	171	23328	9.2	19.6	0.9504	3.9	0.2
492	1996	172	10972.8	9.5	16.2	1.2148	2.9	7.2
492	1996	173	14342.4	11.8	17.4	1.3113	3.2	7.1
492	1996	174	6652.8	9.1	11.8	1.0874	3.2	2.7
492	1996	175	11404.8	9.2	15.1	1.0047	3	0
492	1996	176	8726.4	9.6	15	0.9861	2.1	0
492	1996	177	20736	5.8	17.5	0.9447	1.5	0
492	1996	178	21600	5	19.6	0.9289	1.4	0
492	1996	179	20131.2	9.1	22.4	1.2509	3.5	0.1
492	1996	180	16329.6	13.8	22.4	1.4101	2.5	0
492	1996	181	17107.2	11.7	23.4	1.4824	4.9	2.6
492	1996	182	15379.2	10.1	16.6	1.1021	5.2	0.4
492	1996	183	15638.4	11.8	18.9	1.3412	4.4	3.4
492	1996	184	17971.2	10.7	18.6	1.1323	4.2	0
492	1996	185	24796.8	9.6	22.1	1.0071	2.8	0.7
492	1996	186	13478.4	13.7	24.4	1.5844	4.3	0.1
492	1996	187	15120	15	26.2	1.8651	3.4	12.6
492	1996	188	13305.6	12.8	17.5	1.3585	3.9	1
492	1996	189	10022.4	8.5	18.6	1.1941	2.3	20.4
492	1996	190	6566.4	9.7	12.9	1.271	6.2	33.6
492	1996	191	14860.8	9	17.8	1.1671	6	6.9
492	1996	192	12009.6	11.2	17.5	1.4863	2.5	0.4
492	1996	193	11750.4	8.9	18.7	1.3082	2	5.4
492	1996	194	14601.6	14.1	22.7	1.8172	1.8	3.3
492	1996	195	26265.6	13.1	25.8	1.6469	1.9	0
492	1996	196	26265.6	14	25.7	1.5495	2.5	0
492	1996	197	22464	12.4	25.5	1.6402	2.4	0
492	1996	198	27216	10.3	19	1.099	3.1	0
492	1996	199	26006.4	4.8	21.8	0.9764	1.6	0
492	1996	200	26697.6	6.4	18.2	0.9718	3	0
492	1996	201	24019.2	6.5	19.9	0.9398	2.2	0
492	1996	202	22982.4	5.1	20.6	0.8445	1.9	0
492	1996	203	24883.2	5.6	21.8	0.8926	1.3	0
492	1996	204	27561.6	6	24	0.8345	2.5	0
492	1996	205	23155.2	9.1	28.5	1.3649	3.4	22.2
492	1996	206	22377.6	14	23.6	1.5816	4.5	0
492	1996	207	6220.8	13.2	17.1	1.4445	4.5	0.2
492	1996	208	18403.2	13.1	21.5	1.5381	1.8	0
492	1996	209	26352	9	25.6	1.3606	1.1	0
492	1996	210	16070.4	12.4	26	1.5993	1.8	0
492	1996	211	19872	14.1	27.2	1.8465	1.5	22.2
492	1996	212	17625.6	13.1	23	1.5711	2	0
492	1996	213	20131.2	12.5	25	1.5551	2.4	0
492	1996	214	25315.2	12.8	28.4	1.526	2.3	0
492	1996	215	20304	14.4	24.1	1.582	2.4	0
492	1996	216	11318.4	15.5	22	1.5119	2.3	0
492	1996	217	18057.6	11.7	20.6	1.2649	2	0
492	1996	218	25056	7.2	22.6	0.9815	3.5	0
492	1996	219	23155.2	9.2	23.9	1.2223	2.4	0.9
492	1996	220	6480	13.5	19.9	1.7086	2.6	0.5
492	1996	221	20995.2	13.1	24.4	1.5335	1.1	0
492	1996	222	23155.2	10	26.8	1.3524	1.7	0
492	1996	223	22896	13.2	28.1	1.3849	3.1	1.2
492	1996	224	10281.6	15.8	21.3	1.877	2.7	1.7
492	1996	225	5616	13.6	16.1	1.6024	2.4	18.4
492	1996	226	10022.4	12.8	18.8	1.6135	2.5	10.2
492	1996	227	6220.8	12.9	19.2	1.6576	2.9	2.3
492	1996	228	11664	12.5	19.9	1.6551	1.5	3.6
492	1996	229	13910.4	13.7	20.8	1.6905	2.2	0
492	1996	230	17712	10.1	22.8	1.4761	1.4	0
492	1996	231	21772.8	9.8	24.3	1.3781	2.2	0
492	1996	232	23500.8	12.5	27.1	1.268	3.7	0
492	1996	233	23587.2	13.1	27.1	1.3152	3.7	0
492	1996	234	11577.6	12.7	24.3	1.5522	1.7	0
492	1996	235	12700.8	14.9	26	1.9439	1.7	2.4
492	1996	236	14688	15.5	25.4	2.0399	1.1	0
492	1996	237	6825.6	14.1	20.2	1.7189	2.1	0.2
492	1996	238	12355.2	11.8	21.6	1.7086	1.8	2.3
492	1996	239	17193.6	10.3	22.6	1.4761	1.7	2.6
492	1996	240	12441.6	14.1	22	1.7778	1.1	8.5
492	1996	241	7171.2	13.9	17.7	1.47	2.9	5.6
492	1996	242	19440	7.7	20.4	1.1533	3.8	0
492	1996	243	13392	8.6	18.6	1.1202	3.6	0.2
492	1996	244	10454.4	10.4	17.6	1.2933	2.5	0
492	1996	245	7084.8	9.2	14.2	1.2226	3	0.3
492	1996	246	16588.8	7.4	18.9	1.0576	2.7	0
492	1996	247	15552	10.8	22	1.3411	2.8	0
492	1996	248	19008	11.4	22.5	1.3115	2.9	0
492	1996	249	14688	9.7	19	1.2576	2.7	0
492	1996	250	14774.4	2.9	15.7	0.9483	3	2.5
492	1996	251	9676.8	4.1	14.5	0.9834	2.9	0
492	1996	252	5270.4	6.2	13.1	0.9828	1.3	0
492	1996	253	9504	5.4	15.1	1.0231	1.4	0
492	1996	254	8467.2	5.9	15.4	1.0379	2.5	0.1
492	1996	255	9936	10.5	16	1.1862	2.1	0.4
492	1996	256	4320	8.9	13.8	1.0873	3.4	2.6
492	1996	257	4233.6	6.5	9.6	0.979	5.5	2.7
492	1996	258	6220.8	8.1	13.1	1.1239	3.5	1.7
492	1996	259	6652.8	7.9	14	1.1372	1.5	1
492	1996	260	9072	3.2	13.3	0.916	1.6	0
492	1996	261	9849.6	6.1	11.9	0.9408	2.2	0
492	1996	262	5097.6	4.3	11.8	0.8499	3.5	0
492	1996	263	16416	7.7	16.6	0.9764	4.2	0
492	1996	264	10800	6.8	14.1	1.0242	2.5	0
492	1996	265	5270.4	9.2	14.7	1.1591	2.1	1
492	1996	266	3801.6	9.7	13.4	1.197	2	0.3
492	1996	267	3801.6	10.5	13.1	1.1616	2.4	0.9
492	1996	268	3715.2	7.4	10.6	1.1128	1.2	1.7
492	1996	269	5529.6	4.3	12.3	1.0067	1.1	0.5
492	1996	270	11145.6	4.3	15.9	1.0746	1.4	0
492	1996	271	11059.2	3.7	18.6	1.1524	3.2	1.1
492	1996	272	6048	8.6	15.4	1.261	3	0
492	1996	273	3456	4.8	14.6	0.9861	3.2	0
492	1996	274	14515.2	8.6	22.5	1.1821	3.2	0
492	1996	275	10800	9.1	22.6	1.2589	3.3	3.6
492	1996	276	5184	6.6	13.2	1.0482	3	0
492	1996	277	11059.2	2	15.5	0.9589	1.2	0
492	1996	278	8726.4	2.5	15.7	0.9471	2.6	0.2
492	1996	279	3196.8	6.6	11	1.0979	1.7	9.2
492	1996	280	3196.8	4.9	10.8	0.9763	1.6	0
492	1996	281	3110.4	8.6	14	1.2041	2	0
492	1996	282	3110.4	11	15.2	1.3553	2	0
492	1996	283	5443.2	10.1	15.7	1.3675	2	0
492	1996	284	2937.6	10.1	14.5	1.329	1.7	0
492	1996	285	9849.6	6.4	16.6	1.1659	2	0
492	1996	286	7516.8	5.5	16.4	1.1111	2.3	0
492	1996	287	12009.6	4.8	20.1	1.0824	2.9	0
492	1996	288	10713.6	3.2	18.2	1.1185	1.5	0
492	1996	289	7948.8	4	16.9	1.0621	1.5	3.4
492	1996	290	2678.4	9.2	12.5	1.2596	3	2.6
492	1996	291	2678.4	7.3	9.6	1.0722	3.5	11.9
492	1996	292	2592	4.7	9.8	0.9575	2.4	0.3
492	1996	293	3110.4	2.9	12.4	0.9841	3.1	3
492	1996	294	2505.6	5.3	11.5	1.0576	4	10.7
492	1996	295	2505.6	9.3	13.9	1.2555	4.5	8.6
492	1996	296	5270.4	4.1	11.6	0.9127	2.9	0
492	1996	297	10368	-0.7	13.3	0.7825	1.5	0
492	1996	298	10281.6	-0.5	12.5	0.7478	2.8	0
492	1996	299	10022.4	-0.7	12	0.7208	3.2	0
492	1996	300	5616	2.1	12.6	0.9436	2.6	0.1
492	1996	301	4665.6	5.4	13.1	1.0267	3.5	6.1
492	1996	302	5875.2	10.1	16.6	1.0868	3.6	1.2
492	1996	303	5184	6.7	14.4	1.0438	7.2	1.3
492	1996	304	3024	6.1	8.7	0.7307	6.4	0
492	1996	305	5529.6	5.4	10.3	0.7004	3.2	3.3
492	1996	306	2073.6	5.8	12.2	1.044	4.3	0.7
492	1996	307	2505.6	8.8	12.9	1.0518	3.7	0
492	1996	308	5270.4	6.6	14.3	1.0495	2.9	0
492	1996	309	7776	7.6	15.6	1.119	3.6	0
492	1996	310	4147.2	5.3	13	0.8112	4.7	0
492	1996	311	5961.6	4	13	0.8429	4.7	1.9
492	1996	312	1900.8	8.2	12.5	1.0676	4.4	17.8
492	1996	313	5097.6	3.8	9.1	0.8196	3.9	0.1
492	1996	314	4492.8	3.1	10.2	0.743	3.3	0
492	1996	315	4147.2	1.9	8.9	0.7443	3.3	0.7
492	1996	316	5270.4	3.6	12.7	0.8232	3.3	0
492	1996	317	2332.8	4.5	12.5	0.965	1.3	0
492	1996	318	1728	4.4	9.5	0.9281	2.6	5.8
492	1996	319	3628.8	1.9	4.5	0.6379	2.7	0
492	1996	320	1728	2.1	4.9	0.6751	2.2	0.7
492	1996	321	1641.6	3	4.5	0.743	1.1	0
492	1996	322	1641.6	2.6	4	0.7198	1.5	0
492	1996	323	1641.6	2	5.9	0.7293	2.9	4.4
492	1996	324	2505.6	-0.3	4.4	0.6445	3.8	0.7
492	1996	325	1900.8	2	8.3	0.6257	5.4	0.4
492	1996	326	4492.8	0.7	6	0.5826	5.3	0
492	1996	327	3974.4	-2.8	3.3	0.5413	1.9	0
492	1996	328	4147.2	-4.9	3.1	0.5035	2.4	0.7
492	1996	329	3196.8	-2.8	1	0.4921	3.3	0
492	1996	330	2851.2	-2.8	1.4	0.4529	4.9	1.4
492	1996	331	1468.8	-0.6	4.4	0.6586	2	0.4
492	1996	332	1468.8	-0.5	2.7	0.602	2.3	0.4
492	1996	333	1468.8	-1.2	0.2	0.5243	2.9	0.6
492	1996	334	3628.8	-0.9	1.9	0.5449	4.8	5.3
492	1996	335	1382.4	-0.2	2.9	0.6264	2.3	2.9
492	1996	336	2073.6	0.3	1.8	0.5735	3.5	0.7
492	1996	337	2937.6	0.4	5.7	0.6464	4.4	0.6
492	1996	338	4752	1.6	6	0.6254	4.5	0
492	1996	339	5356.8	-0.4	9.7	0.6042	3.7	0
492	1996	340	2505.6	-2.4	1.1	0.5361	2.5	0
492	1996	341	1382.4	-1.3	0.6	0.542	2.7	0
492	1996	342	1382.4	-1.4	-0.3	0.5111	2.7	0
492	1996	343	1382.4	-1.7	-0.7	0.4758	3.1	0
492	1996	344	1382.4	-2.9	0.1	0.4799	3.6	0
492	1996	345	3974.4	-4.6	3.8	0.5163	1.5	0
492	1996	346	1382.4	-5.1	0.5	0.4748	2.7	0
492	1996	347	1382.4	-2.9	-0.5	0.5018	4	0
492	1996	348	1382.4	-3.9	2.8	0.5518	2.9	2.6
492	1996	349	1382.4	-1.9	3	0.5595	2.7	0
492	1996	350	2505.6	-5.3	1.9	0.4802	2.9	0
492	1996	351	1296	0.7	3.9	0.6561	2.2	0
492	1996	352	1900.8	-0.1	4.6	0.6466	3.5	5.1
492	1996	353	1296	2.1	6.4	0.8027	2	0.2
492	1996	354	1296	2.6	6.8	0.8199	2.8	4.2
492	1996	355	1296	-0.4	5.1	0.6657	2.3	4
492	1996	356	1900.8	-4.9	-0.3	0.4089	2.6	0
492	1996	357	3888	-7.4	-1.2	0.2667	3.5	3
492	1996	358	1296	-7.4	-4	0.3518	3.1	3.4
492	1996	359	4233.6	-13.9	-4.8	0.244	2.3	0
492	1996	360	5011.2	-20	-3.4	0.1924	1.5	0
492	1996	361	5356.8	-18.5	-4	0.1943	0.9	0
492	1996	362	2073.6	-19.9	-9.5	0.1468	1.6	0
492	1996	363	5270.4	-19.9	-8.9	0.1364	2.4	0
492	1996	364	5443.2	-22.4	-9.7	0.1225	1.2	0
492	1996	365	4838.4	-14.2	-8.2	0.1899	2.7	0
492	1996	366	2937.6	-16.6	-10	0.1668	2.1	0
