*---------------------------------------------------------------------------*
* Station name: NURNBERG                                
* Year: 1982
* Author: Pedro Alencar                                   -999.000: NIL VALUE
* Source: ECAD 
* Comments: 
* Longitude: 49.5042, latitude: 49.5042, altitude: 314 m.
*
* Column  Daily value
* 1       station number
* 2       year
* 3       day
* 4       irradiation                   (kJ m-2 d-1)
* 5       minimum temperature           (degrees Celsius)
* 6       maximum temperature           (degrees Celsius)
* 7       early morning vapour pressure (kPa)
* 8       mean wind speed (height: 2 m) (m s-1)
* 9       precipitation                 (mm d-1)
*
** WCCDESCRIPTION=GERMANY, NURNBERG                                
** WCCFORMAT=2
** WCCYEARNR=1982
*---------------------------------------------------------------------------*
   49.5042  11.0567    314.  -0.18 -0.55
492	1982	1	1641.6	1.9	5.7	0.7457	1.2	0.8
492	1982	2	1987.2	1.9	5	0.6962	2.3	1.9
492	1982	3	3024	2.9	9	0.8477	1.8	0
492	1982	4	3196.8	1.6	10.1	0.7771	2.6	0.9
492	1982	5	2592	6.6	9.3	0.9189	5.2	4.2
492	1982	6	1728	-6.6	9.1	0.4548	7.5	0
492	1982	7	3974.4	-10	-5.7	0.2304	3.1	0
492	1982	8	1468.8	-11.4	-7	0.2073	3.9	0.4
492	1982	9	1468.8	-9	-6.6	0.3163	3	5.3
492	1982	10	3024	-11.5	-7.8	0.2413	3.4	1
492	1982	11	1468.8	-12	-3	0.3307	3.4	12.5
492	1982	12	3715.2	-13.1	-3.9	0.2963	1.2	0
492	1982	13	5702.4	-21.2	-10.1	0.1628	0.2	0
492	1982	14	4838.4	-21	-8.5	0.1618	1.5	0
492	1982	15	5529.6	-14.9	-3.2	0.2683	1.3	0
492	1982	16	5184	-11.1	-2.1	0.3097	2.1	0
492	1982	17	5529.6	-11.7	-4	0.2947	1.6	0
492	1982	18	1641.6	-10	-2.3	0.3708	1.4	0
492	1982	19	1641.6	-3.4	-0.4	0.5157	1.2	0
492	1982	20	1728	-6.4	-2.3	0.4251	1.7	0
492	1982	21	5702.4	-10.2	-5	0.3005	1.2	0.1
492	1982	22	1728	-7	-1	0.4365	1.4	0.8
492	1982	23	1728	-1	1.5	0.5911	0.9	1.6
492	1982	24	1814.4	-1.7	0.7	0.5538	0.4	0
492	1982	25	5356.8	-5	1.3	0.4749	0.8	0
492	1982	26	1814.4	-5.4	1.9	0.4892	2.9	2.5
492	1982	27	1900.8	0.5	3.2	0.6702	0.9	0.5
492	1982	28	2764.8	0.2	1.9	0.5274	3.6	0.2
492	1982	29	1900.8	0.2	2.5	0.6332	6.5	12.3
492	1982	30	1987.2	2	6.9	0.7805	7.3	2.5
492	1982	31	5270.4	-2.2	6.4	0.6184	5.8	1.6
492	1982	32	6480	-6.7	1.6	0.4205	0.8	0
492	1982	33	7948.8	-6.5	0	0.3607	3	0
492	1982	34	8208	-7.4	1.2	0.3599	2.7	0
492	1982	35	7430.4	-8.9	0.9	0.3774	2.4	0
492	1982	36	2160	-8.4	-1.8	0.3975	2.4	0
492	1982	37	2160	-5.7	3	0.5259	1.4	2.4
492	1982	38	4060.8	0.7	6.9	0.7376	0.9	0.5
492	1982	39	2246.4	0.2	6.2	0.6994	2.3	4.6
492	1982	40	3196.8	-3.9	5.5	0.5762	1.3	0.1
492	1982	41	9072	-0.4	10.3	0.617	2.5	0
492	1982	42	7603.2	-1.6	10.8	0.6615	1.6	0
492	1982	43	8812.8	-1.3	9.2	0.6644	1.5	0
492	1982	44	8380.8	-4.2	6.2	0.5649	1.8	0
492	1982	45	2505.6	0.1	2.1	0.6087	2.5	0
492	1982	46	2505.6	-0.6	1.9	0.5508	2.6	0
492	1982	47	2592	-1	0.3	0.4944	2	0
492	1982	48	4752	-0.6	5.3	0.5933	3.2	0
492	1982	49	2678.4	-2.1	2.9	0.5409	2	0
492	1982	50	6912	-2	0.2	0.3834	4.5	0
492	1982	51	10540.8	-5.5	2.3	0.3207	3.9	0
492	1982	52	10800	-6.6	3	0.3213	3.4	0
492	1982	53	8121.6	-6.6	2	0.3613	4.2	0
492	1982	54	2851.2	-7.3	-0.1	0.3348	2.7	0
492	1982	55	2937.6	-9.6	-0.8	0.3529	1.5	0.5
492	1982	56	3024	-5	-1.6	0.46	1	3.3
492	1982	57	8208	-5.4	-0.3	0.4261	1.3	0
492	1982	58	10022.4	-5.9	2.4	0.4462	1	0
492	1982	59	5097.6	-4.7	5.2	0.5724	1.3	0.9
492	1982	60	3715.2	3.4	10.5	0.8483	3.6	2.4
492	1982	61	6652.8	2	8.2	0.7465	4.6	1.7
492	1982	62	3369.6	1.5	8.6	0.6301	4.1	0.8
492	1982	63	5875.2	4	9.5	0.7186	4.6	0.3
492	1982	64	12700.8	-1.7	5.8	0.5807	2.3	0.2
492	1982	65	12355.2	-6.2	4.3	0.3763	2.7	0
492	1982	66	13564.8	-2.3	8.9	0.4954	5.2	0
492	1982	67	13046.4	-0.8	10.2	0.6576	2.1	0
492	1982	68	11491.2	-2.9	7.5	0.5984	1.5	0
492	1982	69	6739.2	-1.6	11	0.6064	4.5	7.1
492	1982	70	8812.8	0.8	6.9	0.7563	7.2	3.1
492	1982	71	8899.2	0	7	0.6594	3.6	1.2
492	1982	72	10886.4	0.8	7	0.6863	4	2.5
492	1982	73	9244.8	-0.4	6.7	0.5744	2.8	0
492	1982	74	16243.2	-0.7	10.6	0.5823	3.3	0
492	1982	75	11232	0.5	12.8	0.6648	3.7	0.2
492	1982	76	5616	3.2	10.6	0.8354	3.3	0
492	1982	77	9417.6	1.8	8.3	0.6651	1.7	0.1
492	1982	78	10540.8	-1.6	5.7	0.6162	2.6	0
492	1982	79	4233.6	-2.4	3.8	0.5914	2.7	0.7
492	1982	80	9072	2.3	8.7	0.7224	0.7	0
492	1982	81	5961.6	-0.7	7	0.6816	1.1	5.1
492	1982	82	11664	0.3	8.4	0.5584	2.4	0.1
492	1982	83	17798.4	-3.1	11.6	0.5048	1.9	0
492	1982	84	17625.6	-3.2	13.2	0.532	1.1	0
492	1982	85	17625.6	-2.6	16.4	0.6266	1.3	0
492	1982	86	18489.6	-1.4	19.5	0.6677	1.5	0
492	1982	87	14342.4	0.6	17.4	0.8604	2.9	0.2
492	1982	88	7603.2	2.8	11.9	0.8821	2.3	3.9
492	1982	89	9331.2	2	11.7	0.7731	2.8	0
492	1982	90	15379.2	2.7	9.9	0.6871	5.7	0
492	1982	91	19440	-0.2	16.2	0.7398	3	0
492	1982	92	17971.2	1.8	16.4	0.8432	1.9	0.7
492	1982	93	12528	3.4	12	0.7878	4.5	0.1
492	1982	94	19958.4	-1.8	15	0.5943	2.1	0
492	1982	95	20304	0.6	19.7	0.6321	2.8	0
492	1982	96	15984	4.2	21.4	0.9598	3.5	0.3
492	1982	97	5184	9.4	12.6	1.0886	4.1	1.1
492	1982	98	7948.8	2.7	12.2	0.9398	6	14.5
492	1982	99	16502.4	-0.4	6.6	0.5342	6.3	0.1
492	1982	100	9244.8	1.4	6.5	0.7131	5.2	1
492	1982	101	9504	1.5	6.6	0.6446	5.8	1
492	1982	102	15379.2	-0.3	5.5	0.6113	4.2	0.4
492	1982	103	16416	-0.9	6.8	0.5814	2.2	0
492	1982	104	20476.8	-4.5	9.1	0.4542	2.7	0
492	1982	105	22896	-2.2	12.3	0.4376	4.1	0
492	1982	106	23155.2	-1.7	15.6	0.5389	3.6	0
492	1982	107	20822.4	2.3	16	0.649	2.3	0
492	1982	108	20908.8	-0.6	11.6	0.5598	2.4	0
492	1982	109	23155.2	-1.7	11.8	0.5251	2.1	0
492	1982	110	16070.4	3.1	11.2	0.6273	1.8	0
492	1982	111	18921.6	0.7	13.8	0.6418	1.7	0
492	1982	112	22550.4	4.3	13.4	0.5451	2.6	0
492	1982	113	23414.4	-2.4	13.8	0.5402	1.2	4
492	1982	114	10800	2.1	10	0.7692	2.8	0.4
492	1982	115	18057.6	2.1	13	0.6551	1.7	0
492	1982	116	14169.6	-0.8	10.8	0.6802	3.8	0
492	1982	117	22291.2	3	12.7	0.6474	3.3	0
492	1982	118	10281.6	-0.6	9.3	0.65	2	0.6
492	1982	119	8812.8	5.2	10.5	0.9551	3.8	3.6
492	1982	120	17625.6	0.2	8.5	0.5667	3.8	2.2
492	1982	121	6307.2	3	10	0.8224	5	0.6
492	1982	122	21945.6	0.7	10.2	0.6389	4.4	0
492	1982	123	19958.4	1.7	17.3	0.8187	3.3	0
492	1982	124	9763.2	5.3	15.2	1.0605	1.7	1.5
492	1982	125	11059.2	8	15.6	1.2998	2.9	6.7
492	1982	126	10368	5.6	13	0.9717	1.4	13.1
492	1982	127	19872	4.1	11.5	0.7932	4.9	0.9
492	1982	128	21772.8	-0.4	16	0.624	1.7	0
492	1982	129	7689.6	4	13.8	0.9686	1	0.5
492	1982	130	16848	5.4	15	1.0818	2.6	9.4
492	1982	131	10108.8	4.7	10.3	0.9119	2.7	0
492	1982	132	25056	-0.4	17.7	0.7507	1.2	0
492	1982	133	27475.2	2	20.1	0.7895	1.1	0
492	1982	134	27129.6	3.6	22.5	0.7955	1.1	0
492	1982	135	26956.8	6.4	24.8	0.9027	1.2	0
492	1982	136	27561.6	9.4	26.6	0.9479	1.8	0
492	1982	137	13737.6	10.6	21.9	1.2176	1.6	0
492	1982	138	22550.4	11.6	23.4	1.2181	1.4	0
492	1982	139	18662.4	14.2	21.3	1.5417	2	0.1
492	1982	140	20217.6	7.7	23.1	1.2407	1	0
492	1982	141	16070.4	12.5	20.7	1.4525	1.6	0
492	1982	142	10195.2	12	19.8	1.281	3.2	0
492	1982	143	15465.6	11.6	21.4	1.6683	2.4	11.4
492	1982	144	18576	10.8	15.6	1.1671	4.1	0.4
492	1982	145	25747.2	5.4	20.2	1.0041	1.7	0
492	1982	146	29203.2	5.7	25.2	0.9116	2.6	0
492	1982	147	28598.4	9.7	27.5	1.2624	1	0
492	1982	148	13392	13.3	18.8	1.4208	2.8	0
492	1982	149	25660.8	5.6	20.4	0.9426	2.4	0
492	1982	150	29548.8	10.8	22.7	0.876	5.5	0
492	1982	151	29635.2	8.8	28.2	1.127	2.8	0
492	1982	152	28771.2	11.8	30.4	1.2239	2.1	0
492	1982	153	29289.6	11.8	31.1	1.1993	2.1	0
492	1982	154	28425.6	14.3	31	1.3176	1.6	0
492	1982	155	28512	17.2	31.7	1.5906	2.4	0
492	1982	156	28166.4	14.8	31.9	1.5463	1.5	0
492	1982	157	21254.4	14.9	29.7	1.9618	2.2	32.7
492	1982	158	22291.2	14.1	27.4	1.7601	2.2	0
492	1982	159	27388.8	13	26.4	1.4435	1	0
492	1982	160	25488	14.5	25.3	1.5079	2.4	0
492	1982	161	29462.4	9.8	25.6	1.1325	1.3	0
492	1982	162	14342.4	15	22.1	1.749	2.5	8.3
492	1982	163	14860.8	13.6	19	1.4621	3.8	2.6
492	1982	164	17193.6	10.3	16	1.2842	4.5	3.1
492	1982	165	17020.8	9.7	15	0.932	5.7	0.5
492	1982	166	20044.8	9.3	16	0.9651	3	0
492	1982	167	13305.6	6.4	17.7	1.209	3.1	8.4
492	1982	168	20044.8	4.2	18	0.9638	1.3	0
492	1982	169	18921.6	6.4	20.5	1.1247	2	9.9
492	1982	170	24537.6	10.4	20.6	1.02	4	0.1
492	1982	171	25920	9.1	20.7	1.0323	2.7	0
492	1982	172	16416	7.5	23.4	1.0869	1.9	0
492	1982	173	19267.2	11.1	25.5	1.6169	1.6	8.6
492	1982	174	15897.6	16	20.7	1.6641	2.9	6.2
492	1982	175	21945.6	12.3	22	1.3282	4.3	0
492	1982	176	21513.6	9.1	25.2	1.2306	2.2	8.6
492	1982	177	7948.8	16	21.6	1.9066	2	5.2
492	1982	178	18316.8	14.6	19.7	1.4064	4.3	0
492	1982	179	15897.6	12.9	19.7	1.3696	4.1	1.5
492	1982	180	17884.8	12	19.1	1.3409	3.9	0.3
492	1982	181	20908.8	11.4	19.4	1.1882	4.2	0.7
492	1982	182	21168	10.6	21.2	1.1727	1.4	0
492	1982	183	23414.4	12.9	27.3	1.3857	2.2	0
492	1982	184	19353.6	17.9	30.4	1.953	3.1	4.2
492	1982	185	19612.8	14.2	22.2	1.3981	4.6	0.2
492	1982	186	26784	8.9	22.5	1.0866	3	0
492	1982	187	12528	12.1	22.6	1.3451	2.3	0
492	1982	188	25660.8	14.2	23.2	1.421	2.1	0
492	1982	189	29203.2	10.1	26.3	1.2312	1.5	0
492	1982	190	29116.8	12.5	28.5	1.2759	1.6	0
492	1982	191	28598.4	14.6	31	1.5513	1.8	0
492	1982	192	28857.6	16.1	29.1	1.56	2.4	0
492	1982	193	26611.2	16	28.5	1.6879	2.7	0
492	1982	194	25747.2	17.2	28.7	1.6492	2.7	0
492	1982	195	27561.6	16.6	30.3	1.5557	2.6	0
492	1982	196	22464	16.5	31.9	1.9287	2	0.2
492	1982	197	24105.6	16.4	31.5	1.9891	1.7	2.1
492	1982	198	15120	17.4	25	2.111	2.1	16
492	1982	199	15984	15.6	23.1	1.6143	2.4	0.1
492	1982	200	13824	11.6	22.8	1.4108	2.9	0
492	1982	201	21427.2	17.2	28.9	1.9686	1.4	0
492	1982	202	22636.8	16	31	1.8493	1.1	1.6
492	1982	203	23760	17.1	27.9	1.7953	3.2	0
492	1982	204	6307.2	16.8	21.3	1.7385	1.8	0
492	1982	205	7862.4	15.7	23.7	1.8101	1.6	3.1
492	1982	206	6998.4	14	19.6	1.7386	1.5	24.3
492	1982	207	6220.8	15	17.8	1.6763	2.4	8.8
492	1982	208	9763.2	12.4	17.4	1.523	1.5	14.5
492	1982	209	9244.8	12.1	19.2	1.4915	1.2	13.4
492	1982	210	22464	14.5	26.4	1.5119	2	0
492	1982	211	24710.4	15.5	28.4	1.3943	3.3	0
492	1982	212	17884.8	17.4	28.2	1.7175	3.3	2.1
492	1982	213	17971.2	15.2	25.3	1.8727	0.6	0
492	1982	214	19785.6	15	27.7	1.5471	3.3	0
492	1982	215	18403.2	17	26.4	1.5805	2.3	10.3
492	1982	216	15897.6	16.8	24.3	1.8835	1.3	0.3
492	1982	217	14515.2	15.3	22.2	1.9222	1.2	5.4
492	1982	218	12787.2	15.7	22.6	1.7715	1.2	10
492	1982	219	8294.4	16.2	21	1.7973	1.5	0.5
492	1982	220	15724.8	11.9	23.5	1.6178	1.3	0
492	1982	221	14688	17.4	25	1.7591	2.6	0
492	1982	222	14601.6	17.5	23.5	1.8055	2.6	0.2
492	1982	223	24451.2	12.6	25.2	1.4389	1.3	0
492	1982	224	24364.8	12.9	31.5	1.389	2.8	0
492	1982	225	19094.4	16.5	27.2	1.8304	2.9	3.4
492	1982	226	12960	14	19.8	1.6535	2.9	0
492	1982	227	21600	10.6	28.4	1.5162	2.4	0
492	1982	228	22032	16.4	26	1.734	2.2	7.4
492	1982	229	12700.8	16	21.7	1.5431	3.2	0.7
492	1982	230	23587.2	15.8	26.1	1.5839	3.1	0.1
492	1982	231	14083.2	14.3	21	1.6933	2.5	6.9
492	1982	232	7084.8	10.6	16.4	1.3911	2.1	5.8
492	1982	233	20044.8	7	18.9	0.9991	2.9	0
492	1982	234	21427.2	10.4	21.6	1.2529	2	0
492	1982	235	21168	8.4	23.2	1.1832	1.6	0
492	1982	236	13478.4	11.7	18.8	1.3153	2.3	2.1
492	1982	237	7862.4	12.7	19.3	1.5071	2.3	0.1
492	1982	238	16156.8	11.2	24.2	1.7189	1.8	2.7
492	1982	239	7948.8	14.1	19.3	1.6706	2	3
492	1982	240	15292.8	12	19.8	1.4073	0.8	0
492	1982	241	19612.8	7	22.5	1.2234	0.9	0
492	1982	242	20217.6	8.5	23.5	1.2347	1.9	0
492	1982	243	6480	10.3	16	1.3598	0.8	3.2
492	1982	244	13046.4	13	18.9	1.4299	2	0
492	1982	245	8035.2	9	18.1	1.2406	2.5	0
492	1982	246	17884.8	7.6	20.8	1.1969	1.3	0
492	1982	247	19440	6.5	25.4	1.1584	1.4	0
492	1982	248	18662.4	10.7	28.9	1.5216	1.5	1.4
492	1982	249	10713.6	17.2	23.4	2.14	1.7	4.3
492	1982	250	12787.2	13.4	20	1.4808	2	0
492	1982	251	15724.8	10	22	1.2892	1.3	0
492	1982	252	16156.8	9.8	23.5	1.3247	1.3	0
492	1982	253	18489.6	13.2	24.7	1.3778	3	0
492	1982	254	17280	10.9	25.4	1.5394	1.1	0
492	1982	255	17625.6	10.4	25.3	1.4494	0.8	0
492	1982	256	16934.4	12.8	25.2	1.5575	1	0
492	1982	257	16675.2	10.3	25.7	1.5043	0.9	0
492	1982	258	17107.2	10.5	27	1.4903	1	0
492	1982	259	17366.4	10	27.6	1.4733	1.2	0
492	1982	260	17107.2	9.3	26.6	1.3558	1.5	0
492	1982	261	16588.8	8.4	25.6	1.3737	1.4	0
492	1982	262	15897.6	12.2	26.8	1.5615	1.4	0
492	1982	263	15724.8	13	27.4	1.5597	2	0
492	1982	264	13305.6	15.8	25.8	1.8391	2.3	10.3
492	1982	265	3888	11.9	18	1.5788	2	1.5
492	1982	266	7776	8.7	15.9	1.2004	2.3	0
492	1982	267	15033.6	4.9	18.4	0.9447	2.7	0
492	1982	268	10800	9.4	22	1.2825	3	0
492	1982	269	12787.2	12.4	24.1	1.5281	4.3	2
492	1982	270	13219.2	12	19.4	1.3182	1.3	0
492	1982	271	13824	7.9	19.4	1.2018	1.4	0
492	1982	272	14083.2	6.2	20.6	1.2132	1.7	0
492	1982	273	10454.4	7.5	18.7	1.2349	1.7	4.3
492	1982	274	3456	12.7	15.4	1.4417	0.6	0.2
492	1982	275	8467.2	12.2	18.5	1.4806	1.9	0
492	1982	276	8035.2	8.4	16.4	1.2371	1	0
492	1982	277	10886.4	6.6	14.9	0.9932	2	0
492	1982	278	4492.8	7.5	14.5	0.9705	1.9	1.3
492	1982	279	7603.2	8.2	16.4	1.1004	3.6	10.6
492	1982	280	3196.8	3.7	11.8	0.8538	7	4.4
492	1982	281	6480	8.9	14.5	1.044	4.4	0.4
492	1982	282	7689.6	8.8	14.6	0.9753	2	0
492	1982	283	4406.4	7.8	12.4	1.0252	1.2	2
492	1982	284	5788.8	7.5	13.7	1.06	2.2	5.1
492	1982	285	2937.6	9.3	10.4	0.9596	3.6	1.5
492	1982	286	2851.2	8.2	13.1	1.1404	3.6	17.1
492	1982	287	9244.8	7.4	15.7	0.9521	4.5	0.7
492	1982	288	5961.6	7.3	11.5	0.8604	5.3	0
492	1982	289	8380.8	5.5	11.2	0.8234	1.7	0
492	1982	290	2678.4	4.3	10.1	0.9035	2.1	2.4
492	1982	291	5961.6	7	15.5	1.0268	1.9	0
492	1982	292	3110.4	4.9	12.9	1.037	0.8	0.1
492	1982	293	8899.2	4	15.3	1.0068	1.9	0
492	1982	294	2505.6	3.9	10.9	0.9571	1.8	0
492	1982	295	5961.6	7	11.7	0.9984	3	0
492	1982	296	6307.2	3.4	14.6	0.9752	1.6	0.3
492	1982	297	2419.2	8.3	11.2	1.0618	3	1.3
492	1982	298	7603.2	3.1	10.8	0.8582	1.2	0
492	1982	299	9417.6	0.7	12.8	0.7579	1.7	0
492	1982	300	2332.8	5.9	10.6	0.916	1.5	0
492	1982	301	6393.6	4.1	11.1	0.9077	1.2	0
492	1982	302	2246.4	5.8	9.9	0.8702	1.9	0
492	1982	303	2160	7.8	10.8	0.9365	2	0
492	1982	304	6307.2	5.1	12.2	0.9076	2.2	0
492	1982	305	5875.2	1	14.5	0.8643	1.4	0
492	1982	306	8553.6	6	15.7	1.0258	1.1	0
492	1982	307	5011.2	5	15.3	0.9915	1.1	0
492	1982	308	2073.6	3.3	9	0.8595	1.2	0
492	1982	309	5788.8	5.3	10.2	0.8116	3	0
492	1982	310	8380.8	-1.5	6.6	0.3816	4.5	0
492	1982	311	7948.8	-1.7	9.7	0.3171	4.7	0
492	1982	312	1900.8	3	9.9	0.4339	3.7	0.2
492	1982	313	3715.2	6	14.8	1.0082	2.2	0.4
492	1982	314	5011.2	4.1	13.5	0.9281	1.3	0
492	1982	315	3196.8	4	11.7	0.9127	1.6	0
492	1982	316	4406.4	1.5	9.6	0.752	2.9	1.8
492	1982	317	1728	6.2	10.1	0.9748	2.2	9
492	1982	318	3110.4	0	6.8	0.6704	1.8	0.9
492	1982	319	2678.4	-0.6	5.3	0.6078	1.6	0.1
492	1982	320	2764.8	1.2	5.2	0.5995	2.2	7.9
492	1982	321	3542.4	0.4	4.3	0.5861	4.6	3.9
492	1982	322	1641.6	2.8	9.6	0.853	4.1	3.7
492	1982	323	2332.8	6.6	10	0.8644	5	1.9
492	1982	324	5788.8	3.4	8.4	0.6777	4.2	0
492	1982	325	5875.2	-1.8	8.3	0.6247	2.2	0
492	1982	326	6048	-0.8	11.8	0.6411	2.3	0
492	1982	327	4838.4	4.5	13	0.6768	2.7	0
492	1982	328	1987.2	3.8	9.9	0.7235	2.7	0.2
492	1982	329	5616	0	9.4	0.7088	2.2	0
492	1982	330	2937.6	0	7.4	0.6767	2.4	0
492	1982	331	1468.8	1.2	6	0.6799	1.7	0.5
492	1982	332	1468.8	2.8	4.8	0.7376	1.9	1.2
492	1982	333	1468.8	3.1	4.7	0.6863	1.8	0.9
492	1982	334	1382.4	2.5	4.5	0.5731	4.3	0
492	1982	335	5443.2	-1	4.4	0.4835	4.6	0
492	1982	336	5011.2	-3.5	7.2	0.5725	1.2	0
492	1982	337	3888	-2.3	5.6	0.6125	0.8	0.2
492	1982	338	1468.8	0	2.7	0.5995	2.2	0
492	1982	339	1382.4	0	2.2	0.5888	2.4	0
492	1982	340	1382.4	-0.2	5	0.639	2.1	3.6
492	1982	341	1382.4	4	7.9	0.8477	2.6	6.2
492	1982	342	1382.4	7	12	1.0204	2.7	9.3
492	1982	343	1814.4	6.7	8.9	0.8673	3.5	1.3
492	1982	344	2246.4	4.6	12.9	0.8122	6.7	5.5
492	1982	345	1900.8	2.1	5.9	0.6343	5.7	0.2
492	1982	346	1382.4	0	3.1	0.6218	3.2	10.7
492	1982	347	1382.4	0.7	4.7	0.6973	1.4	1.5
492	1982	348	1382.4	1	3	0.6704	2	0
492	1982	349	1382.4	0.8	7.4	0.737	4.6	3.8
492	1982	350	1382.4	6.2	11.7	0.9948	8.9	25.7
492	1982	351	1296	0.4	6.2	0.7121	3.2	14.2
492	1982	352	1296	0.4	1	0.6235	2.8	3.3
492	1982	353	1987.2	-1.9	0.8	0.5224	2.3	2.5
492	1982	354	1296	-1.8	8.2	0.6994	4.5	3.9
492	1982	355	1296	2.5	4.6	0.646	3.7	0
492	1982	356	2851.2	-0.9	4	0.5945	2.1	0
492	1982	357	1296	-2	1.7	0.5258	0.7	0
492	1982	358	2937.6	-5.2	0.8	0.442	0.8	0
492	1982	359	1382.4	-5.2	0.4	0.4713	1.2	0.2
492	1982	360	1382.4	0.2	2.6	0.6219	1.2	0.8
492	1982	361	1382.4	2.4	6.4	0.7527	3.6	1
492	1982	362	2332.8	1.6	6.3	0.705	6.9	1.7
492	1982	363	3456	0	2.7	0.5995	3.7	0
492	1982	364	4060.8	-2.1	3.1	0.5259	1.4	0
492	1982	365	5011.2	-4.2	2.2	0.4771	0.8	0
