*---------------------------------------------------------------------------*
* Station name: NURNBERG                                
* Year: 2009
* Author: Pedro Alencar                                   -999.000: NIL VALUE
* Source: ECAD 
* Comments: 
* Longitude: 49.5042, latitude: 49.5042, altitude: 314 m.
*
* Column  Daily value
* 1       station number
* 2       year
* 3       day
* 4       irradiation                   (kJ m-2 d-1)
* 5       minimum temperature           (degrees Celsius)
* 6       maximum temperature           (degrees Celsius)
* 7       early morning vapour pressure (kPa)
* 8       mean wind speed (height: 2 m) (m s-1)
* 9       precipitation                 (mm d-1)
*
** WCCDESCRIPTION=GERMANY, NURNBERG                                
** WCCFORMAT=2
** WCCYEARNR=2009
*---------------------------------------------------------------------------*
   49.5042  11.0567    314.  -0.18 -0.55
492	2009	1	1036.8	-10.8	-2.9	0.3404	1.8	0
492	2009	2	2332.8	-7.3	-1.7	0.3897	1.1	0
492	2009	3	5184	-12.2	-2.3	0.3194	0.9	0
492	2009	4	1900.8	-5.9	-1.3	0.4076	2.7	4.3
492	2009	5	2764.8	-5.6	-2.2	0.426	1.7	1.1
492	2009	6	3542.4	-10.2	-3.4	0.3197	2.4	0
492	2009	7	3628.8	-9.2	-5.8	0.2993	1.2	0
492	2009	8	5788.8	-15.7	-3	0.2621	1.5	0
492	2009	9	5875.2	-17.5	-6.1	0.2157	0.9	0
492	2009	10	5270.4	-16.9	-4.6	0.2292	0.9	0
492	2009	11	5011.2	-16	-4.9	0.2403	1.4	0
492	2009	12	5875.2	-16.8	-2.7	0.2481	3	0
492	2009	13	5961.6	-13.3	0.8	0.3181	2.8	0
492	2009	14	3369.6	-13.8	-2.5	0.2846	1.5	0
492	2009	15	3456	-8.6	0.9	0.423	1.1	0
492	2009	16	4492.8	-8.1	-0.2	0.4361	2.1	0
492	2009	17	2678.4	-3.8	1.6	0.5188	3.2	0
492	2009	18	1987.2	-1.8	4.6	0.5814	4.3	1.2
492	2009	19	1382.4	-1.1	4.9	0.6376	4.7	7.6
492	2009	20	1209.6	0.5	5.5	0.7199	1.9	0
492	2009	21	1382.4	-0.2	1.4	0.6382	0.9	1.9
492	2009	22	1641.6	-0.8	1.5	0.5954	4.2	0
492	2009	23	950.4	-1.8	6.6	0.6535	6.9	9.4
492	2009	24	6134.4	-4	4.6	0.5058	2.7	0
492	2009	25	5011.2	-3	5.7	0.5995	2.3	0
492	2009	26	5702.4	-5.1	3	0.5037	1.7	0
492	2009	27	1728	-4.8	0.4	0.4732	1.1	0
492	2009	28	2246.4	-0.4	0.9	0.5164	1.7	0
492	2009	29	4233.6	-5	2.2	0.4413	2.1	0
492	2009	30	5529.6	-5.1	0.7	0.416	2.7	0
492	2009	31	6307.2	-2.2	2.8	0.4434	3.1	0
492	2009	32	4579.2	-3.3	0.1	0.3859	4	0
492	2009	33	3196.8	-2.3	4.2	0.4974	4.7	0
492	2009	34	7344	-2.6	8.3	0.6148	1.9	0
492	2009	35	3888	-4.4	1.7	0.5481	1.7	0
492	2009	36	5270.4	-3.8	5.6	0.5869	3.2	0
492	2009	37	6048	-2.6	5.4	0.6084	1.9	0
492	2009	38	1382.4	-1.8	2	0.6031	1.2	0.2
492	2009	39	2419.2	0.6	2	0.5302	3.6	0
492	2009	40	4060.8	-0.6	3.4	0.4867	3.4	6.8
492	2009	41	1987.2	0.2	8.5	0.7584	7.7	4
492	2009	42	5184	-1.7	1.9	0.5293	6.7	0.8
492	2009	43	7776	-5.7	0.1	0.4426	3.5	0
492	2009	44	4665.6	-4.4	0.5	0.482	3	1.1
492	2009	45	9072	-6.1	-0.1	0.4037	2.9	0
492	2009	46	7516.8	-7.2	-2.2	0.3407	2.2	0.4
492	2009	47	2592	-3.1	0.3	0.5019	2.7	5
492	2009	48	5097.6	-9.7	1.1	0.4134	3.1	3.4
492	2009	49	9936	-11.9	-2.1	0.3003	1.4	0
492	2009	50	9244.8	-11.8	-1	0.3107	1.5	1.1
492	2009	51	2246.4	-4.7	0.8	0.5032	2.1	4
492	2009	52	5443.2	0.2	3.8	0.6422	2.1	4.1
492	2009	53	1900.8	0.1	2.8	0.6649	3.2	1.3
492	2009	54	2937.6	1.5	3.2	0.6584	5.2	1.4
492	2009	55	3628.8	-0.4	2.1	0.5978	2.7	0.4
492	2009	56	11145.6	-1	5.5	0.546	1.6	0
492	2009	57	1987.2	0.8	4.6	0.6379	4	2.2
492	2009	58	2160	3.3	5.9	0.7548	5.5	0.5
492	2009	59	4147.2	4.6	9.3	0.9181	2.3	0
492	2009	60	3715.2	1.5	5.5	0.7536	3.4	0
492	2009	61	3369.6	1.2	8.9	0.8139	2.4	2.8
492	2009	62	8640	0.6	9	0.7052	1.9	0
492	2009	63	9417.6	0.3	10.5	0.7443	4.3	0
492	2009	64	5702.4	0.5	11.1	0.7928	2.1	7.7
492	2009	65	3196.8	2.7	6.5	0.8057	3	5.7
492	2009	66	2332.8	0	2.8	0.6219	4.3	0.1
492	2009	67	3542.4	-0.8	7.2	0.6533	3.4	3.6
492	2009	68	7603.2	2	6.6	0.6976	5.2	0.6
492	2009	69	3888	2.3	5.5	0.7106	4.8	5
492	2009	70	7862.4	1.5	6.4	0.705	5.2	2
492	2009	71	2937.6	1.2	5.9	0.7169	3.5	9.9
492	2009	72	9590.4	0.6	10.6	0.7183	4.2	0
492	2009	73	7430.4	-0.7	11.7	0.7675	2.2	1.4
492	2009	74	3456	4.5	8.5	0.8321	4.3	0.2
492	2009	75	4838.4	3.3	8.2	0.7993	1.2	0.3
492	2009	76	7689.6	1.8	10.5	0.7839	2.1	0
492	2009	77	16329.6	-2.2	10.5	0.5341	2.2	0
492	2009	78	9763.2	-1.9	8.6	0.567	2.5	0
492	2009	79	10454.4	-3.5	4.1	0.3996	2.7	0
492	2009	80	18057.6	-4.3	6.3	0.4007	1.7	0
492	2009	81	8467.2	-3.9	7.2	0.468	4.7	0
492	2009	82	3456	0.3	9.3	0.6364	8.2	1.9
492	2009	83	8899.2	0	5.6	0.6051	6.4	0.6
492	2009	84	4320	-3.5	3.2	0.5379	3.7	5.7
492	2009	85	6566.4	2.5	8.4	0.7738	4.8	2.8
492	2009	86	4924.8	4.8	8.3	0.8058	4.2	1.5
492	2009	87	3542.4	4.5	7.6	0.8161	4.2	5.4
492	2009	88	6825.6	1.3	8.5	0.6755	2.4	0
492	2009	89	13824	-1.4	11.2	0.6409	2.1	0
492	2009	90	20044.8	-2.5	13.5	0.614	2.6	0
492	2009	91	14083.2	1.6	13.3	0.7539	3.7	0
492	2009	92	19440	8	21	0.9895	4.3	0
492	2009	93	19699.2	7.2	21.4	1.0256	2.8	0
492	2009	94	18316.8	4.9	19.6	1.054	2.4	0
492	2009	95	14947.2	6	18.5	1.168	2.3	0
492	2009	96	14515.2	6.5	19.4	1.193	1.8	0
492	2009	97	15811.2	3.9	22.1	1.0174	1.9	0
492	2009	98	14342.4	6	17.8	0.9883	1.9	0
492	2009	99	19440	5.2	20.9	0.9606	1.9	0
492	2009	100	19440	4.1	23.9	0.958	2.2	0
492	2009	101	20476.8	6.3	24.2	0.8827	2.1	0
492	2009	102	20476.8	5	24.3	0.8659	1.7	0
492	2009	103	20390.4	6.1	23.2	0.8992	1.6	0
492	2009	104	18489.6	6.5	22.7	0.9129	1.6	0
492	2009	105	20649.6	4.9	23.4	0.8223	2.4	0
492	2009	106	15811.2	7.4	23.4	0.9436	3.4	3.5
492	2009	107	2592	7.6	9.8	1.0456	4.6	15.5
492	2009	108	4492.8	3.6	10	0.9087	2.9	2
492	2009	109	21686.4	0.9	19.4	0.8799	2.7	0
492	2009	110	17625.6	6.4	21.2	0.9457	2.9	0
492	2009	111	15984	7.1	21.3	0.9058	2.1	0
492	2009	112	18662.4	3.1	18.2	0.7816	3.2	0
492	2009	113	12614.4	1.9	12.2	0.7838	2.2	0.6
492	2009	114	18662.4	0.2	18.1	0.8228	3.3	0
492	2009	115	22896	5.2	22.1	0.796	2.9	0
492	2009	116	18230.4	4.9	22.1	0.8656	3	0
492	2009	117	18316.8	8.7	20.9	1.0593	2.6	0
492	2009	118	11232	8.5	14.6	1.0881	3.3	1.5
492	2009	119	4924.8	7.4	9.4	1.0025	3	6.1
492	2009	120	7689.6	7.2	13.2	1.144	2.3	0.1
492	2009	121	18662.4	7.6	20.4	1.2773	2.1	0.1
492	2009	122	17366.4	5.5	20.9	1.1823	2	0
492	2009	123	23068.8	2.8	21.3	0.9559	1.9	1.9
492	2009	124	17712	0.6	13	0.642	4.1	0
492	2009	125	9936	-0.2	13.4	0.7502	3.9	6.5
492	2009	126	5097.6	7.3	13.5	1.0586	3.8	0
492	2009	127	24278.4	4.8	21.2	1.0323	2	0.1
492	2009	128	15379.2	7	23.7	1.3412	3.2	5.2
492	2009	129	19526.4	7.9	23.4	1.4027	3	11.9
492	2009	130	16329.6	10.2	20.5	1.4283	1.9	8.7
492	2009	131	11664	10.9	20.9	1.6418	2.2	24.1
492	2009	132	6566.4	9.8	13.5	1.2186	2.7	7.7
492	2009	133	11664	9.5	17	1.2166	3	0.3
492	2009	134	6739.2	9.5	12.2	1.1687	3.5	3.2
492	2009	135	13219.2	10.4	20.1	1.4365	3.1	4.8
492	2009	136	18662.4	8.1	17.5	1.1075	2.6	0
492	2009	137	24624	6.6	26.8	1.3669	3.6	10.6
492	2009	138	12787.2	11	18.6	1.4292	2	5.9
492	2009	139	26092.8	8.1	23.2	1.1897	1.8	0
492	2009	140	24105.6	10.3	26.5	1.2467	2.2	0
492	2009	141	10800	13.1	24.1	1.5406	3.3	0.4
492	2009	142	16934.4	8.2	21.3	1.1732	3.8	0
492	2009	143	27043.2	5.1	21.7	0.9521	1.7	0
492	2009	144	24883.2	13	27	1.4238	2.5	0
492	2009	145	25920	12.3	30.6	1.6076	1.6	0
492	2009	146	18835.2	13.8	26	1.647	3.7	9.1
492	2009	147	19353.6	9.2	16.7	0.9842	4.2	0
492	2009	148	8812.8	7.9	16.5	1.1074	4.4	0.6
492	2009	149	22550.4	4	16.3	0.8428	3.7	0
492	2009	150	16070.4	5.5	18.7	1.0155	2.8	0.1
492	2009	151	23155.2	9.8	19.6	1.1861	2.8	0
492	2009	152	20563.2	10.2	21.9	1.184	2.8	0
492	2009	153	23846.4	8.3	23.9	1.0964	3.3	0
492	2009	154	27302.4	8.8	18.9	0.759	5.4	0
492	2009	155	19699.2	7.6	14.6	0.779	3.4	0
492	2009	156	20822.4	7.4	16.7	0.8153	2.4	3.2
492	2009	157	7862.4	7.9	17	1.2267	3	4.3
492	2009	158	14860.8	10.1	19.7	1.4215	2.9	8.1
492	2009	159	19180.8	9.9	21.4	1.2784	2.3	0.4
492	2009	160	14947.2	12.6	20.5	1.5044	2.5	1.7
492	2009	161	23241.6	10.7	21.8	1.1438	3.4	2.4
492	2009	162	15638.4	10.2	18.5	1.1923	6.6	8.5
492	2009	163	19267.2	8.8	18.8	1.0875	4.8	0
492	2009	164	29030.4	4.8	21.4	0.9337	2.6	0
492	2009	165	24883.2	8.2	26.7	1.2342	3	0
492	2009	166	16329.6	13.4	25.2	1.6316	3.4	0.4
492	2009	167	15552	11.1	19.9	1.319	3.7	1.4
492	2009	168	28771.2	7.1	24.3	1.1222	1.7	0
492	2009	169	27129.6	11.7	27.5	1.389	4.1	0.1
492	2009	170	8985.6	13	19.5	1.4206	2.9	0.3
492	2009	171	22896	9.5	19.8	1.0324	2.8	1.3
492	2009	172	19353.6	6.2	18.4	1.0718	2.5	6.4
492	2009	173	15897.6	9.6	18.2	1.2691	4.1	1.2
492	2009	174	3715.2	12.4	16.4	1.2617	4.4	1.2
492	2009	175	12614.4	12.6	18.5	1.3409	3.9	0
492	2009	176	12009.6	14.2	20.8	1.6574	2.9	0
492	2009	177	16502.4	12.4	24.5	1.7381	1.8	0.2
492	2009	178	9676.8	15.2	22.3	2.0302	2.1	28.7
492	2009	179	14083.2	13.6	22.8	1.7946	2.2	0
492	2009	180	23760	11.8	26.2	1.6014	1.7	0
492	2009	181	26092.8	14.7	28.2	1.7352	1.5	0
492	2009	182	20304	14.9	27.7	1.8711	1.6	1.7
492	2009	183	15984	14.6	26.8	1.9741	1.6	12.8
492	2009	184	19958.4	16.8	28.4	2.1073	2	1.1
492	2009	185	15897.6	16.5	25.5	2.0356	1.5	1.7
492	2009	186	25228.8	13.9	27.2	1.7386	1.6	0
492	2009	187	11664	14.8	22.8	1.8632	1.8	12.3
492	2009	188	13305.6	12.9	21.1	1.5285	2.7	1.6
492	2009	189	13132.8	11.7	18.2	1.3581	5	1.8
492	2009	190	11923.2	11.2	17.8	1.3193	3.1	4.5
492	2009	191	16848	9.7	18.9	1.0908	4.5	1.5
492	2009	192	14774.4	12.2	20.5	1.244	3	0.2
492	2009	193	13996.8	9.6	21.7	1.3317	3	0.4
492	2009	194	20649.6	14.4	27.2	1.8146	2.3	10.1
492	2009	195	15379.2	16.4	26.6	2.0477	2.5	5.8
492	2009	196	11836.8	16.7	25.7	2.1361	2.4	23.4
492	2009	197	25833.6	18	27.7	2.0005	1.6	0
492	2009	198	11318.4	13.1	23.5	1.7219	2.4	30
492	2009	199	6048	12.9	16.2	1.4559	3.7	3.5
492	2009	200	14342.4	10.1	21	1.4114	3.5	3.2
492	2009	201	16070.4	10.4	22.3	1.3554	3.4	0.2
492	2009	202	22291.2	11.7	29.1	1.6508	2.8	0
492	2009	203	15206.4	16.8	28.7	1.7675	3.2	0
492	2009	204	10800	15.5	26.1	1.9617	3	7.8
492	2009	205	20563.2	13.2	23.4	1.4279	4	0.6
492	2009	206	19958.4	11.3	21.1	1.3977	4.9	2.1
492	2009	207	23068.8	9.5	22.6	1.3297	1.7	0
492	2009	208	27043.2	10.4	28.8	1.389	3.2	5.2
492	2009	209	23673.6	11.2	22.4	1.3756	3	0
492	2009	210	25401.6	9.8	26.9	1.3692	2.8	0
492	2009	211	17712	11.8	23.1	1.2541	4.1	0
492	2009	212	21686.4	10	22.8	1.2479	1.4	0
492	2009	213	22982.4	11.1	27.5	1.4528	1.6	0
492	2009	214	17712	11.8	24.4	1.5553	3.2	0.2
492	2009	215	14688	14.3	22.3	1.6169	2.5	0
492	2009	216	23673.6	11.1	24.1	1.3464	2.4	0
492	2009	217	24883.2	9.9	26.2	1.323	1.5	0
492	2009	218	24278.4	12.4	27.8	1.5501	2.2	0
492	2009	219	24451.2	13.8	28.5	1.5032	2.3	0
492	2009	220	21686.4	13.2	29.1	1.5784	1.6	0
492	2009	221	21254.4	17	27	1.768	2.5	0
492	2009	222	9244.8	14.3	22.2	1.7165	2.4	0
492	2009	223	11145.6	15	23.7	1.9281	3	2.7
492	2009	224	15638.4	16.6	24.2	1.6748	3.1	4.4
492	2009	225	11750.4	16	22.1	1.8265	2.4	1.6
492	2009	226	16675.2	13.4	23.2	1.6169	1.3	0
492	2009	227	24105.6	10.4	28.1	1.5597	1.8	0
492	2009	228	23241.6	13.2	30.4	1.6945	2.4	0
492	2009	229	15638.4	15	31.5	2.0494	2.8	0.7
492	2009	230	21513.6	13.7	25.2	1.692	1.7	0
492	2009	231	22377.6	11.4	30.1	1.589	2.2	0
492	2009	232	22982.4	16.5	33.4	1.7648	3.5	0
492	2009	233	10108.8	15.1	25.2	1.7669	2.8	3.8
492	2009	234	13478.4	10.4	21.4	1.3892	2.3	0.3
492	2009	235	20822.4	7.5	23.9	1.2291	2.7	0
492	2009	236	23328	10.5	28.1	1.4081	3.6	0
492	2009	237	17884.8	14.2	28.2	1.7089	2.5	0.5
492	2009	238	10281.6	15.4	24.4	1.9254	1.3	0
492	2009	239	20390.4	14.5	29	1.8193	2.3	0
492	2009	240	15033.6	13	27.9	1.6079	3.9	0
492	2009	241	18144	9.1	19.8	1.0192	3.5	0
492	2009	242	21254.4	6.1	22.4	0.9899	2.7	0
492	2009	243	21427.2	5.9	26.5	1.0115	3	0
492	2009	244	20822.4	10.5	32.3	1.5773	3.2	2.6
492	2009	245	14428.8	17.1	25.2	2.0293	2.3	0
492	2009	246	8812.8	14.9	22.2	1.6424	5	1.8
492	2009	247	10540.8	10.6	20.4	1.4597	4.5	5.4
492	2009	248	10281.6	9.9	17.1	1.2211	4.8	0
492	2009	249	12873.6	6.8	19.1	1.2079	1.6	0
492	2009	250	19612.8	8.2	23.4	1.2728	2.5	0
492	2009	251	19785.6	7.5	25.4	1.2332	2.2	0
492	2009	252	19699.2	7.6	25.5	1.2411	1.6	0
492	2009	253	18144	7.2	24	1.2921	2.4	0
492	2009	254	10972.8	9.9	20.4	1.2897	2.2	0
492	2009	255	16070.4	7.6	20.4	1.0857	2.4	0
492	2009	256	11664	4.4	18.3	1.0738	2.6	6
492	2009	257	4665.6	9.4	12.5	1.268	2	5.7
492	2009	258	7344	10.9	20.2	1.6055	1.7	0
492	2009	259	12096	9.6	22	1.5955	2.2	0
492	2009	260	3715.2	12.5	17.7	1.5084	2.3	0
492	2009	261	13910.4	13.9	23.2	1.6851	2.7	0
492	2009	262	11750.4	10.8	21.2	1.5071	1.7	0
492	2009	263	10800	9.9	21.9	1.5697	1.6	0
492	2009	264	14342.4	9.5	24.4	1.6394	1.6	0
492	2009	265	13132.8	9.7	23.6	1.6275	1.1	0
492	2009	266	14688	10.5	24.3	1.5478	2.2	0
492	2009	267	7430.4	10.3	20.2	1.5057	1.3	0.9
492	2009	268	15292.8	7.9	20	1.2255	2	0
492	2009	269	15552	5	20.6	1.1075	1.9	0
492	2009	270	15120	4	20.5	1.1395	1.2	0
492	2009	271	13564.8	5	21.2	1.1445	1.7	0
492	2009	272	6393.6	7.8	16.6	1.1358	2.9	0
492	2009	273	4147.2	9.2	17.1	1.2238	1.8	0
492	2009	274	6307.2	5.9	18.2	1.1949	3.1	0.2
492	2009	275	12528	6.8	14.4	0.9323	3	0
492	2009	276	12873.6	2.7	18.3	0.888	3.1	0
492	2009	277	10454.4	7.5	17.4	0.8948	5.3	0
492	2009	278	7776	10.5	17.5	1.2135	2.1	4.1
492	2009	279	4406.4	10.8	20.4	1.5753	2.1	2.2
492	2009	280	12268.8	13.4	26.5	1.7918	2.7	0.5
492	2009	281	9331.2	13.4	22.8	1.6382	4	0.2
492	2009	282	11404.8	10.6	16.8	1.1901	2.7	1.6
492	2009	283	2764.8	10.3	14.9	1.37	2.7	10.2
492	2009	284	4838.4	10.1	14.1	1.2271	4.3	16.8
492	2009	285	5356.8	4.4	10.2	0.8995	5.4	1.1
492	2009	286	7516.8	0.4	10	0.6986	3.8	0.2
492	2009	287	6307.2	-1.4	5.9	0.5675	3.4	0
492	2009	288	2937.6	-0.7	3.1	0.5864	2.8	3
492	2009	289	1814.4	0.7	6.5	0.7431	4.5	5.2
492	2009	290	4838.4	3.6	7.8	0.8423	3.4	2.6
492	2009	291	4838.4	0.4	7.8	0.7452	2	0.2
492	2009	292	7084.8	-1.6	7.9	0.7199	1.4	0
492	2009	293	11750.4	-2.7	9.4	0.6369	2.9	0
492	2009	294	9763.2	-2.7	9.2	0.6402	3.2	0
492	2009	295	3628.8	1.6	8.1	0.7594	1.7	2.5
492	2009	296	2419.2	5.4	8	0.9712	1.5	0
492	2009	297	2246.4	5.7	9.6	0.9945	2.2	0
492	2009	298	2592	7.5	12.8	1.1774	2.2	1.2
492	2009	299	6912	6.8	14.5	1.0507	2.9	0.1
492	2009	300	3628.8	6	12.5	1.0034	1.7	0
492	2009	301	6825.6	2.1	13.7	0.9477	1.7	0
492	2009	302	2419.2	2.2	7.1	0.851	1.4	0
492	2009	303	3542.4	-0.2	10.4	0.8167	1.8	0
492	2009	304	5616	-2.4	5.3	0.6106	2.5	0
492	2009	305	2419.2	2.6	6.7	0.783	3.9	3.6
492	2009	306	1036.8	4.4	8.7	0.9418	3.6	26.4
492	2009	307	3628.8	1.9	8.2	0.7614	4	5.2
492	2009	308	4233.6	2.1	10.7	0.8456	4.9	1.5
492	2009	309	4320	0	10.6	0.7124	3.5	0
492	2009	310	7430.4	-1.2	11	0.7534	2.9	0
492	2009	311	4320	0	8.3	0.7724	4.2	0
492	2009	312	1468.8	2.5	6	0.7531	2.4	5.4
492	2009	313	1123.2	4	5.4	0.8284	2.1	6.4
492	2009	314	1296	3.4	5	0.7752	2.3	0.9
492	2009	315	1555.2	0.8	6.9	0.7402	2	0
492	2009	316	3369.6	-2.9	5.8	0.6513	2.8	0.1
492	2009	317	4492.8	2.7	16	1.0689	3	0
492	2009	318	2678.4	4.1	11.2	0.9422	3	0.3
492	2009	319	4579.2	3.5	12.5	0.9328	2.9	0
492	2009	320	864	7.4	11.6	1.1628	2.8	10.6
492	2009	321	2592	7.7	15.8	1.268	3	0.4
492	2009	322	5270.4	4.4	12.1	0.916	2.7	0
492	2009	323	6739.2	3.3	13	0.9098	2.8	0
492	2009	324	3542.4	1.3	13.9	0.9286	2.8	0
492	2009	325	4060.8	2	14.4	0.9564	2.7	0
492	2009	326	2332.8	3	12.6	0.8778	2.9	0
492	2009	327	5011.2	6	12.2	0.8201	6	0.8
492	2009	328	1468.8	9	11.8	1.109	4.8	5.5
492	2009	329	5788.8	5	14.3	0.9349	3.4	0.1
492	2009	330	5702.4	2.7	11.1	0.726	3.8	0
492	2009	331	3715.2	1.8	10.9	0.7086	4.2	0
492	2009	332	3801.6	4.7	9.9	0.7155	4.4	0
492	2009	333	4320	2.2	11.3	0.7087	2.9	0
492	2009	334	1814.4	3.1	7	0.7789	2.8	7.7
492	2009	335	691.2	1.1	4.6	0.7272	3.2	1.1
492	2009	336	2678.4	-0.9	5.1	0.6681	3.3	0
492	2009	337	3801.6	0.2	7.1	0.7061	4.1	1
492	2009	338	1468.8	-0.1	4.5	0.6586	2.5	2.1
492	2009	339	2592	-2.7	3.9	0.5935	3.5	2.2
492	2009	340	2073.6	3.9	8.2	0.863	3.8	6
492	2009	341	2678.4	5	8.3	0.958	1.9	7.2
492	2009	342	1123.2	4.1	8.3	0.853	4	1.8
492	2009	343	1641.6	-1.3	6.3	0.6655	2.2	0
492	2009	344	1296	-2	8.4	0.7301	4.2	12
492	2009	345	950.4	0.7	6.1	0.7171	4.8	0.6
492	2009	346	2073.6	-2.8	1.3	0.5438	2.3	0
492	2009	347	2419.2	-4	-0.2	0.4191	2.1	0.3
492	2009	348	3456	-5.5	-1.8	0.3407	2.9	0
492	2009	349	3456	-4	0.3	0.3628	3.4	0
492	2009	350	3024	-6	-1.2	0.3842	1.3	0
492	2009	351	3974.4	-10.6	-3.2	0.3099	1.1	0
492	2009	352	2246.4	-12.2	-5.1	0.2928	1.9	0.8
492	2009	353	3715.2	-17.3	-12.1	0.1781	2.5	0
492	2009	354	4492.8	-17	-2.3	0.2501	3.5	0.6
492	2009	355	3369.6	-13	-0.2	0.3433	3.7	3.3
492	2009	356	2678.4	-1.2	7.9	0.6991	4.2	3.7
492	2009	357	1209.6	0.3	2.8	0.6765	2.5	1.1
492	2009	358	1641.6	-0.3	5.1	0.7116	1.8	1.9
492	2009	359	1036.8	0.8	7.4	0.7206	4.9	0
492	2009	360	4579.2	-4.1	5.3	0.536	2.8	0
492	2009	361	3628.8	-5.4	2.7	0.4872	2.7	0.5
492	2009	362	2332.8	-3.7	4	0.5374	2.9	0
492	2009	363	1641.6	-6	5.9	0.5783	3.5	9.7
492	2009	364	777.6	5.3	7.5	0.9321	2.5	5.4
492	2009	365	1382.4	2.9	7.2	0.8576	2.1	1.2
