*---------------------------------------------------------------------------*
* Station name: NURNBERG                                
* Year: 2012
* Author: Pedro Alencar                                   -999.000: NIL VALUE
* Source: ECAD 
* Comments: 
* Longitude: 49.5042, latitude: 49.5042, altitude: 314 m.
*
* Column  Daily value
* 1       station number
* 2       year
* 3       day
* 4       irradiation                   (kJ m-2 d-1)
* 5       minimum temperature           (degrees Celsius)
* 6       maximum temperature           (degrees Celsius)
* 7       early morning vapour pressure (kPa)
* 8       mean wind speed (height: 2 m) (m s-1)
* 9       precipitation                 (mm d-1)
*
** WCCDESCRIPTION=GERMANY, NURNBERG                                
** WCCFORMAT=2
** WCCYEARNR=2012
*---------------------------------------------------------------------------*
   49.5042  11.0567    314.  -0.18 -0.55
492	2012	1	864	4.4	10.9	0.9841	2.8	0
492	2012	2	950.4	4.7	10.8	0.9276	3.8	2.6
492	2012	3	4838.4	2.1	8.6	0.6434	4.6	4.9
492	2012	4	2937.6	3.5	10	0.7383	6.1	0.3
492	2012	5	777.6	0.5	6.6	0.6539	8.3	10.8
492	2012	6	3715.2	1.8	5	0.6392	7.3	0.4
492	2012	7	518.4	1.2	5.1	0.651	5.4	1.4
492	2012	8	1382.4	2.2	4.9	0.6854	4.8	1.4
492	2012	9	1555.2	2.8	5.5	0.7231	4.4	1.6
492	2012	10	4233.6	1.8	7.8	0.731	3.5	0
492	2012	11	1814.4	3	7.2	0.7377	2.3	0
492	2012	12	3024	3.8	7.3	0.743	4.6	0
492	2012	13	2764.8	0.1	4.1	0.5686	6.9	1
492	2012	14	4665.6	-2.4	3.7	0.506	4.6	0
492	2012	15	5011.2	-7.3	1	0.4361	1	0
492	2012	16	6307.2	-8.4	0.5	0.3788	0.9	0
492	2012	17	5270.4	-8.3	1.8	0.3944	1.3	0
492	2012	18	6134.4	-8.6	5.2	0.3939	2.2	7.6
492	2012	19	604.8	0.9	8.8	0.7853	5	19.6
492	2012	20	3888	0.2	5	0.6408	4.6	3.3
492	2012	21	1209.6	-1	8.8	0.7348	4.9	8.7
492	2012	22	2073.6	3.7	6.3	0.6715	8.2	0.6
492	2012	23	2332.8	0.1	5.6	0.6073	4.1	3.7
492	2012	24	2592	-0.9	2.7	0.5934	3	0.1
492	2012	25	1641.6	-2.5	-0.1	0.5167	1.4	0
492	2012	26	2851.2	-4.8	0.4	0.4368	3.9	0
492	2012	27	3024	-3.7	0.9	0.4413	2.3	3.7
492	2012	28	3715.2	-1.8	0.1	0.5341	1.1	1.7
492	2012	29	2851.2	-4.4	-0.7	0.4408	1.9	0
492	2012	30	4924.8	-8.1	-0.7	0.3573	2	0
492	2012	31	5788.8	-8.5	-2.4	0.2567	3.3	0
492	2012	32	8121.6	-9.8	-1.9	0.2134	4	0
492	2012	33	8121.6	-14.1	-5.5	0.1279	3.4	0
492	2012	34	8899.2	-17.1	-6.5	0.1438	2.4	0
492	2012	35	9331.2	-19.5	-8.1	0.1538	1.5	0
492	2012	36	8640	-20.7	-7.3	0.141	1.8	0
492	2012	37	8380.8	-19.8	-9.3	0.1367	1.5	0
492	2012	38	5011.2	-18	-9.6	0.1496	3	0
492	2012	39	7603.2	-12.6	-3.5	0.2235	2.9	0
492	2012	40	5529.6	-16.8	-6.5	0.2158	1.8	0.1
492	2012	41	8294.4	-15.3	-6	0.1984	2.7	0
492	2012	42	9676.8	-17.4	-6.2	0.171	2.9	0
492	2012	43	9676.8	-20.7	-5.7	0.1549	1.5	0
492	2012	44	3196.8	-14.2	-4.3	0.2459	2.1	1.6
492	2012	45	3456	-4.7	0.8	0.4714	2.3	0.4
492	2012	46	3715.2	-0.6	2.4	0.5478	7.6	0.4
492	2012	47	9936	-4.3	3.1	0.4737	2.7	2.5
492	2012	48	1641.6	1.4	3.8	0.6702	3.8	0.4
492	2012	49	2419.2	2	5.8	0.7106	2.3	4.6
492	2012	50	5011.2	-1.8	4.1	0.571	3.9	1.2
492	2012	51	8640	-5	3	0.4544	1.2	0
492	2012	52	10972.8	-7.4	4.4	0.3997	2.2	0
492	2012	53	11491.2	-2.2	9.3	0.5436	2.1	0
492	2012	54	2851.2	-1.4	5.2	0.5465	3.1	0
492	2012	55	2419.2	4.4	8.3	0.8714	4	0.1
492	2012	56	9676.8	4.7	11.4	0.8391	4.4	0
492	2012	57	5097.6	-1.5	6.5	0.5997	3.3	1
492	2012	58	4752	-2.8	5.5	0.5726	1.7	0.5
492	2012	59	1641.6	3	7.3	0.7402	3	0.7
492	2012	60	2764.8	6.5	10	1.0033	1.9	0
492	2012	61	3283.2	7.2	9.9	1.0573	1	0
492	2012	62	4233.6	4.4	9.4	0.9448	1.4	0
492	2012	63	6480	-1	10.3	0.7574	2.5	0
492	2012	64	3196.8	0.9	8.1	0.7074	1.6	0
492	2012	65	2246.4	-0.8	5	0.5686	2.9	2.3
492	2012	66	12268.8	-3.5	8.4	0.5684	1.7	0
492	2012	67	11836.8	-3.7	9.3	0.5379	2.3	1.1
492	2012	68	4579.2	-1.2	7.2	0.6517	3.7	1.3
492	2012	69	14515.2	-2.5	9	0.5862	1.3	0
492	2012	70	9158.4	-2.4	9.3	0.571	2.7	0
492	2012	71	3628.8	5.5	8.5	0.8111	3.8	0
492	2012	72	2937.6	6.2	9.5	0.8702	4.1	0
492	2012	73	3628.8	5.5	8.3	0.7857	2.6	0
492	2012	74	3715.2	4.5	6.8	0.6843	1.6	0
492	2012	75	15465.6	2.5	14.9	0.7645	2	0
492	2012	76	17798.4	-0.3	22.2	0.7843	2.2	0
492	2012	77	15984	1.4	20.9	0.6623	2.7	0
492	2012	78	12009.6	3.3	17	0.818	3.6	4.1
492	2012	79	12528	-1.6	10.7	0.6254	2.1	0
492	2012	80	18576	-4.8	13.4	0.5149	1.4	0
492	2012	81	18489.6	-3.1	17.1	0.5508	1.4	0
492	2012	82	17971.2	-0.8	18.7	0.7432	2.2	0
492	2012	83	17280	0.9	19	0.856	1.6	0
492	2012	84	15379.2	1	18.3	0.863	1.6	0
492	2012	85	18489.6	1	19.3	0.7684	1.8	0
492	2012	86	18921.6	0.1	17.3	0.6408	2	0
492	2012	87	17280	-1.9	18.6	0.6478	1.8	0
492	2012	88	18057.6	1.2	19.1	0.756	2	0
492	2012	89	10800	-0.2	14.5	0.6475	5.8	0.5
492	2012	90	5097.6	6.4	10.4	0.8483	6.6	0
492	2012	91	6307.2	-1.4	12.5	0.598	6.7	0
492	2012	92	21168	-4.6	9.4	0.3848	2.1	0
492	2012	93	17020.8	-1.7	12.7	0.5237	1.8	0
492	2012	94	19958.4	0.8	19.4	0.7535	3	0.2
492	2012	95	13132.8	8.6	16.5	0.9733	3.2	0.2
492	2012	96	4838.4	4.8	10	0.813	3.2	0.1
492	2012	97	7516.8	-1.4	7.9	0.6093	2.8	0
492	2012	98	7603.2	-1.7	7.3	0.635	2.5	0.6
492	2012	99	12614.4	-3.2	5.4	0.3639	2.9	0
492	2012	100	8121.6	-4.3	8.2	0.5133	4	0.9
492	2012	101	17280	5.5	20.1	0.8565	3.8	0.3
492	2012	102	5270.4	4.5	9.7	0.8066	3	1.6
492	2012	103	14256	3.5	13.3	0.8813	2.1	0
492	2012	104	20563.2	0.3	12.8	0.7088	1.9	0
492	2012	105	16070.4	-2.3	14	0.5643	2.5	0
492	2012	106	7862.4	4.3	12.3	0.7441	3.8	0.3
492	2012	107	8467.2	0.4	8.9	0.5106	4	0
492	2012	108	16675.2	-4.1	10.7	0.4412	2.6	0
492	2012	109	11059.2	2.2	12.3	0.7131	3.6	0.1
492	2012	110	19353.6	1.6	16.7	0.7185	2.5	0.4
492	2012	111	11664	5.5	13.6	0.8453	2.3	0.1
492	2012	112	13651.2	2.1	14.9	0.854	3.7	6.5
492	2012	113	14256	2	12.3	0.779	3.6	0.3
492	2012	114	15292.8	0.2	13.7	0.7884	3.1	1.2
492	2012	115	9072	5	11.4	0.902	2.9	4.1
492	2012	116	21340.8	6.4	17.6	0.8127	3.9	0
492	2012	117	22032	7.5	20.2	0.8222	3.1	0
492	2012	118	20563.2	3.7	23.6	0.9365	1.6	0
492	2012	119	25488	9.1	31	1.0068	3.4	0
492	2012	120	10454.4	14.2	25.4	1.0144	3.6	0
492	2012	121	22204.8	9.1	27.2	1.1025	3.2	0
492	2012	122	25488	12	24.6	1.3019	2.5	1.4
492	2012	123	24019.2	13.6	26.7	1.4135	3.4	7.5
492	2012	124	24969.6	8.8	20.2	1.0555	2.6	0
492	2012	125	25920	6.8	22.4	0.9295	2	0
492	2012	126	7430.4	6.5	14.8	1.0507	2.8	10.6
492	2012	127	10886.4	5.5	15.1	1.1016	2.3	7.2
492	2012	128	14774.4	7.1	16	1.1289	2.3	0.3
492	2012	129	23241.6	4.6	21.7	0.9972	2.8	0.8
492	2012	130	15292.8	11.4	21.9	1.3436	3	0
492	2012	131	24451.2	10.6	26.7	1.4381	3.2	0
492	2012	132	23328	14.7	30.4	1.6371	3.3	6.1
492	2012	133	15984	4.1	17.2	0.9482	4.5	0
492	2012	134	27388.8	2.1	13.3	0.6303	2.7	0
492	2012	135	28598.4	-0.9	16.5	0.6029	2	0
492	2012	136	16416	2.9	17.9	0.8569	3.8	10.2
492	2012	137	16588.8	2.7	12.7	0.8299	4.5	2.8
492	2012	138	26438.4	-0.6	14.3	0.6442	1.9	0
492	2012	139	20131.2	4.2	19.7	0.7681	3.9	0.7
492	2012	140	26611.2	9.7	25.1	1.1906	2.6	0
492	2012	141	25056	11.2	28	1.093	2.5	0
492	2012	142	22982.4	14.7	27.3	1.2164	4.9	0
492	2012	143	21859.2	14.1	26.2	1.5078	2.8	0.1
492	2012	144	23068.8	14.9	28.9	1.6524	2	0
492	2012	145	28771.2	12.7	27.1	1.2991	3.4	0
492	2012	146	29203.2	9.9	24.1	0.8707	3.1	0
492	2012	147	29894.4	10.4	23.9	0.8204	3	0
492	2012	148	15292.8	9.3	21.7	0.9848	1.5	0
492	2012	149	20131.2	9.5	24	1.1427	2.3	0
492	2012	150	24019.2	10.7	25.8	1.2141	3.1	0.1
492	2012	151	19785.6	10.8	24	1.3097	2.9	0.4
492	2012	152	19180.8	10.4	23.5	1.3887	2.7	13.8
492	2012	153	15724.8	9.6	19.1	1.2249	5.4	0
492	2012	154	15811.2	9.6	18.2	1.2215	2.1	0
492	2012	155	9072	9.7	21.8	1.5368	3.7	3
492	2012	156	12182.4	12	19.3	1.385	3.1	3.4
492	2012	157	17366.4	5.1	14.1	0.8601	4.3	0.1
492	2012	158	10368	5	18.2	1.1054	3	3.1
492	2012	159	21772.8	10.2	24.9	1.5225	3.4	4.6
492	2012	160	10972.8	11.8	20.5	1.4482	3.1	0
492	2012	161	23760	10.8	21.3	1.1658	3.3	0
492	2012	162	16761.6	10.2	19.3	1.0559	1.7	0
492	2012	163	17539.2	8.5	19.3	1.1898	2.4	0.6
492	2012	164	20563.2	9.1	20.8	1.1884	3.2	0.1
492	2012	165	11836.8	11.1	18.4	1.3743	3.7	0.6
492	2012	166	21081.6	10.5	18.8	1.2822	2.1	0.3
492	2012	167	22636.8	9	27.1	1.3023	3	0
492	2012	168	25660.8	12.7	31.3	1.5833	3.9	0.2
492	2012	169	23155.2	14.2	23.8	1.404	2.3	0
492	2012	170	26697.6	13.3	32.2	1.657	3.2	0
492	2012	171	25401.6	16.2	30.5	1.6895	2.6	0.1
492	2012	172	10627.2	17.2	25.5	2.0036	2.4	0.5
492	2012	173	19612.8	15.8	26	1.8011	2.2	4.6
492	2012	174	26784	11.3	23.1	1.2149	4	0
492	2012	175	24364.8	8.3	24.3	1.0179	2.7	0
492	2012	176	21168	9.4	25.8	1.2459	4.1	1.1
492	2012	177	19699.2	11.9	20.2	1.2387	4.8	0.2
492	2012	178	27216	11	22.2	1.0941	3.9	0
492	2012	179	19699.2	8.6	25.9	1.2777	3.3	0.2
492	2012	180	25315.2	14.6	31.7	1.8673	2.1	2.6
492	2012	181	26697.6	17.4	33.7	1.9268	2.6	0.5
492	2012	182	25488	17.4	34.1	2.0819	2.6	20.5
492	2012	183	4838.4	13.2	19.3	1.6973	2.7	10.9
492	2012	184	12441.6	12.2	22.4	1.755	2	3.1
492	2012	185	18748.8	15.8	24	1.879	2.3	0
492	2012	186	25228.8	14.4	28.2	1.7699	1.6	2.8
492	2012	187	17798.4	17	26.2	2.0602	2	10.1
492	2012	188	19267.2	17	25.5	1.8906	2.3	2.6
492	2012	189	16070.4	14.7	24.4	1.8387	1.9	1.7
492	2012	190	21600	13.4	25.4	1.6193	3.3	1.2
492	2012	191	22291.2	14.3	24.8	1.4301	3.1	0
492	2012	192	25228.8	12.7	25.7	1.3549	2.6	0.7
492	2012	193	21600	14.3	23.4	1.3475	4.2	1
492	2012	194	14860.8	11.1	20.2	1.2784	4.4	1.1
492	2012	195	11491.2	9.8	19.5	1.3655	3.4	4.6
492	2012	196	21168	13.4	21.2	1.3803	5.5	0.1
492	2012	197	16243.2	10.1	20	1.2644	3.8	5
492	2012	198	15292.8	12.6	19.1	1.205	4.6	0
492	2012	199	8467.2	12.2	18.3	1.3153	5	0.5
492	2012	200	20736	10.4	25.8	1.3894	3.6	0
492	2012	201	14774.4	15.6	21.9	1.3823	4.8	0.7
492	2012	202	9763.2	13.3	17.4	1.3586	2.6	0.7
492	2012	203	14601.6	9.6	19	1.3512	2.2	0.5
492	2012	204	22032	7.6	20.2	1.0629	2.3	0
492	2012	205	28944	6.2	24.8	1.0376	3	0
492	2012	206	26956.8	14.2	30.9	1.3915	3	0
492	2012	207	22291.2	15.3	28.7	1.6889	2.3	0
492	2012	208	25574.4	15.9	32.3	1.7674	2.1	0
492	2012	209	24537.6	17	34.6	1.6904	2.8	0
492	2012	210	12787.2	17.7	26.1	1.8622	3	1.8
492	2012	211	17107.2	9.8	23.2	1.3496	3.9	0.6
492	2012	212	21600	8.4	23.6	1.0531	3.9	0.1
492	2012	213	20649.6	13.3	24.2	1.4471	2.1	0
492	2012	214	27129.6	11.3	31.5	1.4246	2.4	0
492	2012	215	20217.6	15.7	28.5	1.4868	2.9	10.9
492	2012	216	22118.4	14.7	26.8	1.589	2.4	0
492	2012	217	21686.4	13.8	27.6	1.6085	1.8	0.4
492	2012	218	19440	17.3	28.4	1.806	2.2	0.2
492	2012	219	7603.2	14.4	21.1	1.6837	2.8	3.8
492	2012	220	15724.8	12.2	22.5	1.3451	3.6	0
492	2012	221	17193.6	10.1	21.5	1.1832	2.1	0
492	2012	222	15724.8	8.6	24.4	1.2934	1.9	0
492	2012	223	20217.6	11.7	23.5	1.3866	2.2	0
492	2012	224	17798.4	8.9	21.2	1.0935	2.3	0
492	2012	225	25574.4	8.4	25	1.0441	2.8	0
492	2012	226	25401.6	10.8	26.3	1.0025	2.5	0
492	2012	227	23673.6	11.7	28	1.0869	2.1	0
492	2012	228	23673.6	15.1	30.5	1.1634	2.5	1.5
492	2012	229	9590.4	14.5	22.4	1.6957	3	8.3
492	2012	230	23673.6	12	26.7	1.5246	1.5	0
492	2012	231	23932.8	12.5	31.1	1.4859	2	0
492	2012	232	24105.6	14.5	35.8	1.5308	3.2	0
492	2012	233	21081.6	15.2	36.3	1.7184	2.9	0
492	2012	234	20822.4	18.4	33.9	1.7595	2.5	0.9
492	2012	235	16070.4	14.2	27.4	1.6184	3.1	0
492	2012	236	22550.4	10.3	27.7	1.2066	1.4	2.7
492	2012	237	8726.4	17.6	25.6	2.0087	3.7	1.6
492	2012	238	14601.6	17.1	26.9	1.768	3.6	0
492	2012	239	17625.6	14.8	21.2	1.4219	5.7	0.5
492	2012	240	22118.4	11.3	23.8	1.2019	2.4	0
492	2012	241	19180.8	9.7	28.6	1.2179	3.2	0
492	2012	242	19872	14	30	1.3458	3.3	0.6
492	2012	243	7430.4	15.3	23.9	1.7989	2.2	15.3
492	2012	244	6739.2	12	17.2	1.3943	1.8	0
492	2012	245	7603.2	12.1	18.6	1.4283	2.2	0
492	2012	246	11318.4	10.9	21.5	1.3977	1.9	0
492	2012	247	12873.6	14.7	23.5	1.5673	1.8	0
492	2012	248	19094.4	12	24.7	1.4324	2.1	0
492	2012	249	15897.6	10.4	25.2	1.5466	2.2	0
492	2012	250	18576	7.3	19.6	1.0014	2.4	0
492	2012	251	20908.8	5.3	24.1	1.0358	1.8	0
492	2012	252	20044.8	8	26.8	1.1708	1.9	0
492	2012	253	19872	11.1	28.7	1.3919	2.8	0
492	2012	254	15811.2	12.2	29.6	1.5544	2.3	0
492	2012	255	13132.8	14	29.1	1.7972	3.4	20.5
492	2012	256	5443.2	8.2	16.7	1.27	3.2	3.1
492	2012	257	16156.8	5.4	16.3	1.0129	1.9	0
492	2012	258	17280	3	19.7	0.8993	3.4	0.5
492	2012	259	12096	7.9	17.8	1.126	2.3	0
492	2012	260	17280	5.6	21.5	1.101	2.3	0
492	2012	261	15379.2	7.7	22.9	1.3196	1.8	0
492	2012	262	16416	9	24.7	1.3991	2.5	11.4
492	2012	263	14688	4.4	15.9	0.9419	3.3	0
492	2012	264	15206.4	2	15	0.8429	1.6	0
492	2012	265	15379.2	3.3	19.3	0.9231	2.7	2.8
492	2012	266	10454.4	4.5	16.3	1.0334	3.1	0
492	2012	267	12096	5.2	17.2	1.0234	2.7	0
492	2012	268	6998.4	9.1	21	1.384	3.1	3.9
492	2012	269	12528	8.2	23.1	1.3672	3.7	0
492	2012	270	10627.2	7.2	21.3	1.2982	2.1	11.1
492	2012	271	10368	9.7	17.6	1.2487	3.8	1.9
492	2012	272	11923.2	6.3	17.8	1.0684	2.3	0
492	2012	273	8467.2	4.9	16.9	1.0814	1.7	0
492	2012	274	14428.8	4	17.9	1.0457	1.2	0
492	2012	275	5097.6	8.4	15.1	1.1026	1.2	0
492	2012	276	13219.2	6.9	18.7	1.0927	2.1	0
492	2012	277	8726.4	6.7	18.5	1.1077	3	0
492	2012	278	4060.8	6.8	18.6	1.1736	4.4	1
492	2012	279	10108.8	5.2	20.8	1.167	3.8	0
492	2012	280	9763.2	9.8	22.5	1.2832	4.4	10.3
492	2012	281	6739.2	4.3	13.6	0.9719	3.2	4.7
492	2012	282	13737.6	0.3	14.6	0.8055	1.9	0
492	2012	283	4233.6	3.8	13.3	0.9794	2.1	0.3
492	2012	284	11145.6	0.5	12.1	0.8016	1.3	0
492	2012	285	13219.2	-1.2	14.1	0.7521	2.2	0
492	2012	286	2678.4	4.2	12.6	0.9915	3.6	7.4
492	2012	287	10195.2	2.6	13.7	0.899	3	0.2
492	2012	288	9936	6.8	14	0.9956	2.7	0.9
492	2012	289	2073.6	6.9	9.8	0.9003	3.2	0
492	2012	290	10627.2	3.3	13.2	0.807	2.5	0
492	2012	291	10713.6	2.2	18.5	0.942	3.9	0
492	2012	292	10454.4	4.8	19.5	1.132	2.9	0
492	2012	293	11318.4	5.8	21.8	1.2924	2.4	0
492	2012	294	3888	4.7	12.8	1.1168	1.7	0
492	2012	295	2505.6	6.5	10.3	1.0906	2.6	0
492	2012	296	2851.2	6.8	9.8	0.9848	2.1	0
492	2012	297	2419.2	3.3	11.3	0.8893	1.6	0
492	2012	298	2332.8	4.8	9.7	0.9372	1	0
492	2012	299	2332.8	7.4	9.5	1.017	1.4	0.2
492	2012	300	4233.6	4.5	7.9	0.7961	2.4	6.3
492	2012	301	2419.2	-0.3	4.5	0.6823	4	2
492	2012	302	7689.6	-3.7	3.7	0.5499	2.3	0
492	2012	303	5875.2	-6.2	2.1	0.489	1.6	0
492	2012	304	1555.2	1	5.7	0.7146	2.7	1.4
492	2012	305	9590.4	1.4	11.2	0.773	3.3	1.6
492	2012	306	5529.6	3.1	10.8	0.8483	2.6	0.8
492	2012	307	7689.6	3.7	11.1	0.7822	4.1	5.5
492	2012	308	5529.6	5.9	15.1	1.0657	3.9	9.5
492	2012	309	3974.4	6.3	13	1.0907	2.8	9.9
492	2012	310	4060.8	4.7	10	0.8718	3.7	3.6
492	2012	311	3801.6	1.2	6.6	0.7186	3.5	0.1
492	2012	312	691.2	3.7	7.3	0.8126	4.6	0.9
492	2012	313	950.4	6.3	7.6	0.8682	2.9	0
492	2012	314	5443.2	2	10.9	0.8292	2.2	0
492	2012	315	2160	2.4	10.3	0.8044	3.5	8.8
492	2012	316	1468.8	7.1	9.8	1.0833	2.1	6.6
492	2012	317	1728	2.2	7.9	0.8051	1.5	0
492	2012	318	7776	-3.1	8.1	0.6655	1.4	0
492	2012	319	2592	-1.9	5.5	0.6679	1.9	0
492	2012	320	950.4	-2.1	3.5	0.5914	2.4	0
492	2012	321	1468.8	1.2	4.1	0.6578	3.3	0
492	2012	322	1641.6	0.1	1.9	0.6109	3.7	0
492	2012	323	2851.2	-0.2	6.6	0.6994	3.2	0
492	2012	324	5961.6	-1.9	7.2	0.7096	1.1	0
492	2012	325	1555.2	2	4.8	0.7405	2	0
492	2012	326	950.4	2.9	5.8	0.7667	3.9	0
492	2012	327	3628.8	2.2	8.8	0.8126	2.1	0
492	2012	328	1728	2.2	7.5	0.8026	3.6	0
492	2012	329	4838.4	1.8	10.2	0.8506	3.3	0
492	2012	330	3888	0.8	13.8	0.7768	3.6	0
492	2012	331	2160	-0.5	10.5	0.7849	3	0.7
492	2012	332	1382.4	5.6	8.7	0.9207	1.1	0
492	2012	333	777.6	4.1	6.8	0.8278	3.3	15.2
492	2012	334	604.8	0.1	4.1	0.6894	5.1	9.8
492	2012	335	2678.4	-3.2	2.4	0.546	2	0
492	2012	336	1382.4	-4	-2.3	0.4748	1.7	0.1
492	2012	337	1555.2	-4.9	1	0.4979	3.3	1.3
492	2012	338	2937.6	-0.4	1.2	0.5724	4.1	3.4
492	2012	339	1036.8	0.2	2.7	0.6445	3	5.4
492	2012	340	1641.6	0.2	3.3	0.6377	3.1	2.4
492	2012	341	3801.6	-6.2	1.1	0.4408	4	0.1
492	2012	342	3542.4	-8.8	-2.1	0.3626	3.5	0
492	2012	343	3283.2	-8.6	-2.6	0.3383	1.7	0
492	2012	344	1382.4	-9.4	1.1	0.4181	3	4.6
492	2012	345	1814.4	-1.2	2.2	0.5639	5.5	1.5
492	2012	346	2246.4	-5.6	-0.9	0.4184	3.7	1
492	2012	347	3196.8	-8.3	-2	0.3376	2.5	0
492	2012	348	4147.2	-11	-3.2	0.298	4.2	0.1
492	2012	349	2160	-3.3	1.4	0.4447	4.4	8.6
492	2012	350	2160	0.2	5.7	0.7173	3.5	4.6
492	2012	351	1987.2	2.7	7.1	0.7967	3.3	5.7
492	2012	352	1382.4	3.5	6.3	0.8227	2.5	2.5
492	2012	353	2073.6	2.5	5.5	0.7562	2	4.6
492	2012	354	1209.6	-0.3	3.4	0.6628	1.9	0
492	2012	355	1555.2	-0.5	2	0.587	3.6	1.5
492	2012	356	1296	0	1.9	0.6414	2.6	7.3
492	2012	357	2246.4	1.7	6.8	0.7862	2.5	14.4
492	2012	358	259.2	4	12.7	0.9662	5.3	7.9
492	2012	359	3024	5.7	12.8	0.8984	3.2	0
492	2012	360	3715.2	4	14.3	0.8692	4.2	0.4
492	2012	361	1987.2	5.8	8.5	0.779	5.2	3.1
492	2012	362	1123.2	5.5	8	0.8268	4.6	6.2
492	2012	363	1468.8	1.2	5.7	0.7118	2.9	0.2
492	2012	364	4579.2	2.3	8.3	0.7569	4.3	0
492	2012	365	2851.2	2	9.3	0.7299	4.2	0.9
492	2012	366	2678.4	-0.6	8.3	0.6356	3.5	0
