*---------------------------------------------------------------------------*
* Station name: NURNBERG                                
* Year: 2021
* Author: Pedro Alencar                                   -999.000: NIL VALUE
* Source: ECAD 
* Comments: 
* Longitude: 49.5042, latitude: 49.5042, altitude: 314 m.
*
* Column  Daily value
* 1       station number
* 2       year
* 3       day
* 4       irradiation                   (kJ m-2 d-1)
* 5       minimum temperature           (degrees Celsius)
* 6       maximum temperature           (degrees Celsius)
* 7       early morning vapour pressure (kPa)
* 8       mean wind speed (height: 2 m) (m s-1)
* 9       precipitation                 (mm d-1)
*
** WCCDESCRIPTION=GERMANY, NURNBERG                                
** WCCFORMAT=2
** WCCYEARNR=2021
*---------------------------------------------------------------------------*
   49.5042  11.0567    314.  -0.18 -0.55
492	2021	1	1468.8	0.1	3.1	0.6378	1.5	0.5
492	2021	2	1209.6	-1.1	1.8	0.5578	1.9	1.8
492	2021	3	777.6	-0.4	0.9	0.5973	1.1	0.2
492	2021	4	777.6	0.1	1	0.5723	1.6	0.2
492	2021	5	1036.8	0.2	3	0.6378	2.1	0
492	2021	6	1209.6	0.1	1.3	0.5978	2	1.8
492	2021	7	1382.4	0.1	2.2	0.5843	2.8	0.2
492	2021	8	1468.8	-0.4	1.2	0.5472	3.3	0.6
492	2021	9	3369.6	-1.5	0.4	0.5107	1.9	0
492	2021	10	4924.8	-5.5	2.1	0.4748	1.4	0
492	2021	11	3542.4	-7.9	-1.7	0.3767	2.3	0
492	2021	12	1123.2	-3.9	1.9	0.5055	4.6	7.4
492	2021	13	1123.2	-2	1.8	0.4913	5.5	0.1
492	2021	14	1728	-2.1	1.8	0.4775	4	0
492	2021	15	3369.6	-6.8	-0.1	0.4027	2.1	0
492	2021	16	1900.8	-4.7	-1.5	0.3745	2.5	0
492	2021	17	2592	-5.5	-1.3	0.4185	1.6	2.8
492	2021	18	2160	-1.4	2.1	0.5578	3.9	0
492	2021	19	2073.6	0.1	3.4	0.5754	3.8	3.1
492	2021	20	5443.2	-1.4	7.2	0.5869	4.1	0
492	2021	21	3974.4	0.6	12.2	0.6342	4.7	0.5
492	2021	22	4579.2	3.4	12.5	0.78	4.6	5.8
492	2021	23	2332.8	-0.8	4.3	0.6516	3.8	2.6
492	2021	24	1728	-4.1	1.2	0.4836	5.5	0.5
492	2021	25	2160	-6.5	0.4	0.4442	2.1	1.1
492	2021	26	2246.4	-2.1	1.2	0.5204	5.2	1
492	2021	27	3974.4	-4	0.9	0.4801	2.6	0.2
492	2021	28	1036.8	0.8	9.7	0.843	3.4	24.4
492	2021	29	2419.2	3.9	9.8	0.8623	5.8	3.5
492	2021	30	1814.4	-1.2	7.1	0.672	4.6	4.5
492	2021	31	5616	-1.9	2.1	0.517	3.2	0
492	2021	32	2246.4	-0.3	3.6	0.6263	3.9	1.9
492	2021	33	2505.6	3.6	9.8	0.9123	2.9	5.5
492	2021	34	1036.8	8.4	11	1.0583	4.5	10.1
492	2021	35	6998.4	1	9.4	0.6455	4.7	0
492	2021	36	2678.4	2	8.1	0.7439	1.8	2.8
492	2021	37	1814.4	2.6	5.5	0.7507	3.4	0.8
492	2021	38	2246.4	-2.8	3.5	0.5515	3.3	12.1
492	2021	39	2764.8	-8.2	-2.7	0.3585	2.1	1.5
492	2021	40	3715.2	-8.7	-6.2	0.297	1.7	0
492	2021	41	4665.6	-11.5	-7.2	0.247	3.3	0.3
492	2021	42	8208	-14.3	-4.1	0.2561	1	0
492	2021	43	10454.4	-17.8	-3.7	0.2049	2.2	0
492	2021	44	14256	-15.5	-2.3	0.2372	2.6	0
492	2021	45	12182.4	-17	1.5	0.256	1.3	0
492	2021	46	6480	-10.8	-0.3	0.2992	3.5	0.9
492	2021	47	5788.8	-0.4	6.4	0.7199	2.9	1.4
492	2021	48	4665.6	1.3	9.7	0.7675	3.3	0.2
492	2021	49	9072	-0.6	11.1	0.701	3.9	0
492	2021	50	9763.2	4.2	11.4	0.7509	2.7	0
492	2021	51	11232	2.2	16.4	0.878	3.5	0
492	2021	52	12182.4	-0.2	15	0.7822	3.3	0
492	2021	53	9504	0.3	11.8	0.7785	3.1	0
492	2021	54	10195.2	-0.6	18.1	0.8573	2.1	0
492	2021	55	11059.2	1.3	19.4	0.9169	2.6	0
492	2021	56	12182.4	2	19.7	0.896	2.1	0
492	2021	57	10108.8	0.2	15.3	0.8327	3.7	0.1
492	2021	58	10800	-2.6	7.6	0.6289	2.1	0
492	2021	59	12960	-4.9	10.7	0.5492	1.6	0
492	2021	60	2160	-4.4	14.6	0.5796	2	0
492	2021	61	2246.4	-3.6	15.7	0.6003	1.7	0
492	2021	62	7257.6	-3.4	10.9	0.5992	2.2	0
492	2021	63	10713.6	3.3	14.3	0.8263	3.5	8.4
492	2021	64	6825.6	-5	5.8	0.4906	3.6	0.4
492	2021	65	9158.4	-7.2	6.5	0.3753	1.6	0
492	2021	66	18835.2	-7.2	7.8	0.3934	1.4	0
492	2021	67	8467.2	-6.6	4.4	0.4398	1.4	0
492	2021	68	11232	-4.9	6.2	0.4803	1.4	0.1
492	2021	69	8467.2	1.2	8.1	0.6383	2.5	0.2
492	2021	70	3196.8	2.9	12.8	0.7747	5.6	7
492	2021	71	10454.4	2.7	9.4	0.6097	6.7	0.8
492	2021	72	5097.6	4	10.5	0.7436	7.1	1.9
492	2021	73	8294.4	1.6	7.6	0.6615	5.1	0.1
492	2021	74	6220.8	2.2	6.9	0.693	4.4	2.5
492	2021	75	7084.8	0.1	6.4	0.6016	5	3.9
492	2021	76	8380.8	-1.7	4.7	0.5651	2.4	0
492	2021	77	10195.2	-2.5	5.6	0.533	1.9	0.4
492	2021	78	8985.6	-1.2	4.7	0.5476	2.8	1.6
492	2021	79	17539.2	-4.1	2.5	0.3401	2.8	0
492	2021	80	4579.2	-0.1	6.9	0.5223	4	0
492	2021	81	6134.4	-0.7	6.3	0.5304	2.7	0
492	2021	82	5788.8	-1.6	7	0.5712	2.1	0
492	2021	83	18748.8	0.8	13.6	0.67	1.5	0
492	2021	84	21340.8	-2.3	17.4	0.6655	2.7	0
492	2021	85	15552	3.9	17.6	0.7611	2.3	0.6
492	2021	86	11577.6	2.5	10.9	0.6278	5.9	0.4
492	2021	87	15552	2.4	14.5	0.6632	2.9	0
492	2021	88	19785.6	2.4	19.6	0.6951	3.2	0
492	2021	89	20649.6	1	22	0.6914	1.8	0
492	2021	90	20649.6	1.9	23.5	0.7629	1.9	0
492	2021	91	18144	4	22.1	0.7955	3.1	0
492	2021	92	11318.4	4.7	12	0.7027	3.2	0
492	2021	93	16761.6	-0.3	10.2	0.4954	3.9	0
492	2021	94	21340.8	-2.3	11.9	0.5074	1.9	0
492	2021	95	6307.2	-2.5	9.6	0.5751	5.9	2.1
492	2021	96	9849.6	-2.5	3.5	0.5068	5.6	1.2
492	2021	97	8985.6	-1.5	2.5	0.5132	6.4	1.7
492	2021	98	12355.2	-1.5	6.1	0.4686	3.7	0
492	2021	99	21600	-2.4	16	0.5235	3.9	0
492	2021	100	11059.2	3.4	15.1	0.7351	3.4	0
492	2021	101	16588.8	5.6	20.5	0.9156	4	0.9
492	2021	102	6480	0.2	5.6	0.5869	4.1	1.2
492	2021	103	19872	-2.1	8.7	0.5186	2.9	0
492	2021	104	16761.6	-4.4	7.5	0.4442	2.2	0
492	2021	105	14256	-5.2	8.1	0.4613	2.5	0
492	2021	106	10454.4	1.2	5.2	0.5687	3	0
492	2021	107	10281.6	0.6	6.9	0.6312	2.7	0
492	2021	108	10627.2	3.3	11.6	0.7952	1.8	0.7
492	2021	109	10627.2	5.8	11.1	0.9617	1.8	4.1
492	2021	110	20217.6	3	16.1	0.881	1.8	0
492	2021	111	18489.6	4.9	17	0.9673	2.6	0.6
492	2021	112	25660.8	1.1	13.1	0.5949	3.5	0
492	2021	113	29808	-2.4	15.1	0.5458	2	0
492	2021	114	26784	-1.4	17	0.5923	2	0
492	2021	115	31190.4	1.2	14.8	0.5682	3.2	0
492	2021	116	32400	1.1	14.4	0.4638	2.6	0
492	2021	117	27216	2.1	16.5	0.48	3	0
492	2021	118	24624	2.4	20.2	0.6422	2.9	0
492	2021	119	11923.2	6	15.9	0.8497	4.3	0.6
492	2021	120	11664	-0.1	11.8	0.7031	2.5	2.7
492	2021	121	10800	6.1	12.1	0.9702	2.2	19.9
492	2021	122	11145.6	0.6	12	0.7253	4.5	1.1
492	2021	123	16934.4	-1.6	13	0.5768	2.9	0
492	2021	124	8726.4	3.4	16.1	0.7722	6.3	1.8
492	2021	125	20908.8	2.6	11.7	0.7386	5.9	1.5
492	2021	126	6134.4	2.5	8.9	0.7508	3.2	4.8
492	2021	127	19612.8	0	12	0.673	5.2	0
492	2021	128	26092.8	-1.5	17	0.6219	3.8	0
492	2021	129	28252.8	5.3	27.3	0.9439	4.6	0
492	2021	130	24278.4	10.1	26.9	1.127	4.4	0
492	2021	131	8035.2	11.7	17.5	1.3611	3.4	4.2
492	2021	132	5875.2	9.1	12.6	1.1946	3.9	13.1
492	2021	133	10972.8	8.2	13.6	1.1074	2.2	3.6
492	2021	134	22809.6	8.5	17.6	1.0057	2.9	0
492	2021	135	15379.2	7.7	16	1.0544	2.9	4.1
492	2021	136	18662.4	7.4	17.1	1.0683	3.2	2.6
492	2021	137	18057.6	9.3	16	1.0674	5.3	1
492	2021	138	18489.6	6.7	16.7	1.0028	4.6	0.9
492	2021	139	23414.4	5.6	15.4	0.9261	3	0
492	2021	140	17366.4	7.4	15.9	0.9995	2.9	1.3
492	2021	141	10886.4	7.9	17.7	1.0189	4.6	0.2
492	2021	142	22723.2	8.4	18	0.8337	5.5	0.5
492	2021	143	16588.8	4.9	16.6	0.8514	4	0.1
492	2021	144	14688	4.2	19.1	0.9174	3.4	0.4
492	2021	145	19094.4	7.3	14.8	0.829	6.1	0.6
492	2021	146	8294.4	8	13.1	0.9928	4.3	5.1
492	2021	147	13824	5.7	14	0.9596	4.2	1.7
492	2021	148	14947.2	5.4	16.3	0.9999	2	0
492	2021	149	25401.6	3.1	18.3	0.8485	2.6	0
492	2021	150	30672	4.2	19.2	0.7968	3.2	0
492	2021	151	30067.2	2.9	20.4	0.7667	2.6	0
492	2021	152	31536	4.8	23.8	0.8303	2.3	0
492	2021	153	30326.4	7.7	26.2	0.9451	2.2	0
492	2021	154	29548.8	10.2	28.7	1.128	2.2	0.1
492	2021	155	17193.6	13.8	29.1	1.5821	2.7	0
492	2021	156	22118.4	12.7	25.7	1.7103	3	5.3
492	2021	157	10972.8	16.1	20.8	1.9289	2.1	19.6
492	2021	158	17107.2	15.3	23.4	1.9506	2	16.3
492	2021	159	18489.6	13.4	25.9	1.9415	2.1	24.7
492	2021	160	20131.2	11.4	24.4	1.6383	1.8	0.1
492	2021	161	23932.8	11.7	25.8	1.8142	1.8	33.5
492	2021	162	27993.6	12.4	26.4	1.6643	2	0
492	2021	163	24969.6	13.8	26	1.6007	4.5	0
492	2021	164	30326.4	11.1	21.5	1.092	3.2	0
492	2021	165	33091.2	7.8	26.3	1.1064	2	0
492	2021	166	31104	10.3	28.1	1.2883	1.8	0
492	2021	167	28080	13.2	29.7	1.48	1.8	0
492	2021	168	32140.8	13.7	32.4	1.5467	1.7	0
492	2021	169	30758.4	15.8	32.9	1.7028	1.6	0
492	2021	170	24796.8	17.3	32.4	1.9737	2.1	0
492	2021	171	11318.4	17.7	26.5	2.0443	2.2	21.8
492	2021	172	30240	16.9	27.6	1.8219	2.5	1.9
492	2021	173	19008	15.6	25.2	1.9619	2.5	0.5
492	2021	174	21168	14.7	25.3	1.8207	2.2	5.5
492	2021	175	17884.8	13.4	23.6	1.7861	2.6	0.6
492	2021	176	16416	14	21.6	1.6891	2.6	5.8
492	2021	177	21945.6	13	25	1.6672	1.5	0
492	2021	178	28857.6	12.4	28.4	1.5551	1.9	0
492	2021	179	27561.6	16	30.8	1.8382	2.5	6.3
492	2021	180	21513.6	13	26.6	1.8674	3	7.6
492	2021	181	16848	13.9	20.7	1.5381	3.9	8.7
492	2021	182	8208	13.1	16.5	1.446	4.3	2.1
492	2021	183	14515.2	12	21.4	1.4618	2.6	0
492	2021	184	29894.4	11.1	25.5	1.3859	2.2	0.2
492	2021	185	18230.4	14.6	24.3	1.7822	2.7	4.3
492	2021	186	17366.4	12.8	22.5	1.6329	3.1	0.4
492	2021	187	23500.8	13.3	28.3	1.8391	3.9	5.3
492	2021	188	9849.6	15.1	21	1.7571	1.4	6.1
492	2021	189	10972.8	15.8	21.5	1.8673	1.7	21.1
492	2021	190	7344	12.2	17.3	1.5586	3.4	18.3
492	2021	191	23932.8	11.5	24.8	1.6226	2	0.4
492	2021	192	12355.2	12.7	20.9	1.6239	1.8	3.3
492	2021	193	26956.8	11.1	26.3	1.5717	2.3	0
492	2021	194	15984	14.8	25.3	1.8731	2.7	6.3
492	2021	195	13996.8	14.1	21.4	1.6229	1.8	0.7
492	2021	196	14515.2	12.3	21.9	1.5966	1.9	5.5
492	2021	197	25488	11.4	26.9	1.6829	2.1	0
492	2021	198	9331.2	16.5	23.4	1.9779	3.4	0
492	2021	199	29116.8	14.2	26.7	1.6319	3.3	0
492	2021	200	27043.2	13.8	25.9	1.6188	2.7	0
492	2021	201	27216	12.4	23.7	1.323	2	0
492	2021	202	30240	9.7	25.3	1.298	1.6	0
492	2021	203	29462.4	10.7	26.3	1.3608	1.6	0
492	2021	204	24883.2	10.8	28.3	1.4755	1.5	0
492	2021	205	16070.4	13.3	27.9	1.6229	2.3	0.1
492	2021	206	17625.6	15.5	26.1	1.8146	2.1	0.1
492	2021	207	14428.8	15.4	25.8	1.9135	1.9	0.2
492	2021	208	20736	13.7	26.2	1.6056	2.3	3.1
492	2021	209	13219.2	15.2	22.7	1.7495	2.5	1.2
492	2021	210	25747.2	12.2	24.3	1.4025	3.8	0
492	2021	211	27561.6	10.4	28.1	1.426	3.1	0
492	2021	212	26697.6	13.3	24.4	1.2823	4.2	6.1
492	2021	213	13046.4	13.7	20.9	1.6367	2.2	3.7
492	2021	214	17280	11.1	22.6	1.4949	2.8	0.5
492	2021	215	18403.2	10.1	21.6	1.3488	2.6	3.1
492	2021	216	12268.8	14.5	20.5	1.5177	2	4.2
492	2021	217	17625.6	13.4	22.8	1.6382	1.9	7.7
492	2021	218	15292.8	13.5	22.2	1.6127	3.2	10.3
492	2021	219	12096	11.2	24.2	1.6785	3.2	8.9
492	2021	220	22204.8	10.8	22.1	1.3453	3.8	0
492	2021	221	25920	9.8	24.5	1.3478	2.7	0
492	2021	222	21945.6	10.8	24.6	1.3751	2.9	0
492	2021	223	19785.6	13.2	26	1.6167	1.7	0
492	2021	224	23068.8	11.7	29.3	1.6851	1.3	0
492	2021	225	20131.2	15.2	29.4	1.9887	1.6	0.4
492	2021	226	25920	14.9	29.9	1.7845	1.8	0
492	2021	227	21600	13.6	29.6	1.8799	1.9	23.2
492	2021	228	20563.2	11.8	23.8	1.5059	5.4	4.9
492	2021	229	11059.2	10	16.9	1.1709	4.1	1.2
492	2021	230	8380.8	11.9	19.1	1.4245	3.4	0
492	2021	231	9417.6	15.4	19.7	1.5625	2.6	0.1
492	2021	232	14947.2	12.5	24	1.57	2.1	0
492	2021	233	21168	10.4	26.9	1.5454	1.7	6.4
492	2021	234	8294.4	13.5	21.2	1.721	2.6	6.9
492	2021	235	6652.8	11.7	18.5	1.4913	3.8	1.6
492	2021	236	12009.6	9.4	19.1	1.3306	3	0
492	2021	237	23846.4	6.7	22.1	1.1634	1.5	1.5
492	2021	238	15120	12.2	20	1.4071	3.5	5.6
492	2021	239	11318.4	9.7	16.6	1.3144	3.7	8.1
492	2021	240	14774.4	11.5	18.3	1.4553	2.3	5.1
492	2021	241	9676.8	11.1	16.5	1.4185	2.2	15.3
492	2021	242	11664	13.1	19.1	1.6081	2.6	6.2
492	2021	243	10368	9.9	19.4	1.4154	2.7	0
492	2021	244	18403.2	7.7	20.7	1.3263	1.5	0
492	2021	245	20995.2	6.7	23	1.2482	1.8	0
492	2021	246	22464	8.8	24.9	1.4183	1.2	0
492	2021	247	21254.4	8.2	25	1.3771	1.3	0
492	2021	248	21686.4	9.4	25.8	1.4871	1.3	0
492	2021	249	21168	10.3	26.8	1.5144	1.6	0
492	2021	250	17366.4	10.6	25.5	1.4884	1.8	0
492	2021	251	20908.8	10.4	25.6	1.4837	2.1	0
492	2021	252	19008	11.1	27.7	1.6643	2.5	3.8
492	2021	253	18316.8	13.9	26.7	1.7358	2.3	0.1
492	2021	254	11059.2	16.5	23.3	1.8558	1.9	0
492	2021	255	14947.2	11.8	22.8	1.5578	1.6	0
492	2021	256	19094.4	10	23.6	1.452	1.9	0
492	2021	257	18835.2	11.7	27.3	1.6067	3.2	0
492	2021	258	6566.4	16.7	22.2	1.7822	2.5	0.5
492	2021	259	3974.4	9.5	18.5	1.3891	2.6	2.3
492	2021	260	11145.6	8.4	18.5	1.2788	1.4	0
492	2021	261	15552	8	20.1	1.2815	2	0
492	2021	262	10195.2	5.8	17.8	1.1339	2.3	0
492	2021	263	9936	9.8	15	1.0069	1.8	0
492	2021	264	9936	5.5	15.6	0.9037	1.6	0
492	2021	265	12009.6	3.7	18	1.0388	1.6	0
492	2021	266	17625.6	4.3	22.6	1.0785	3.4	0
492	2021	267	8208	9.7	21.3	1.3718	2.7	0
492	2021	268	16848	7.2	24.2	1.3538	2.2	0
492	2021	269	11923.2	13.4	25.4	1.7767	2.2	11.2
492	2021	270	9504	14.4	21	1.7593	1.5	0.3
492	2021	271	12700.8	9.5	17.7	1.2602	2.6	0.1
492	2021	272	11145.6	9.3	19.4	1.2739	3.4	2
492	2021	273	14860.8	5.1	15.2	0.9171	2.5	0
492	2021	274	15120	3.6	19.3	0.9999	3.3	0
492	2021	275	13824	8.2	21.5	1.2145	3.9	0
492	2021	276	10281.6	13	23.7	1.3903	4.3	0
492	2021	277	3024	10.6	15.2	1.2634	2.4	1.7
492	2021	278	3196.8	10.9	13.7	1.2862	2.8	1.6
492	2021	279	7516.8	8.1	14.1	1.0562	2.8	0.6
492	2021	280	8294.4	6.7	15.1	1.0683	1.5	0
492	2021	281	8553.6	4.9	17	1.0719	1.8	0
492	2021	282	14428.8	1.8	15.7	0.7896	2.8	0
492	2021	283	14256	-0.5	14	0.7186	1.4	0
492	2021	284	10281.6	-2.2	13.7	0.7717	2.3	0.3
492	2021	285	5184	6.1	11.4	0.9927	3.2	4.9
492	2021	286	8380.8	3.1	11.4	0.8455	2.3	0.2
492	2021	287	2937.6	4.8	10.2	0.943	2.1	2.2
492	2021	288	10800	3.6	15	0.9717	2.7	0.1
492	2021	289	11318.4	1.4	13.8	0.9077	1.2	0
492	2021	290	5875.2	-0.8	12.9	0.8067	1.6	0
492	2021	291	6998.4	4	13.7	0.954	2.2	0
492	2021	292	2678.4	3.3	12.7	1.0078	3.1	2.1
492	2021	293	8726.4	5.6	19.9	1.0892	3.5	16
492	2021	294	7084.8	6.9	14.7	0.9189	7	1.7
492	2021	295	10281.6	3.2	10.5	0.7334	5.1	0.2
492	2021	296	11664	-0.7	11.2	0.7099	2.9	0
492	2021	297	10800	-1.4	13.8	0.7013	2.2	0
492	2021	298	8640	-1.5	13.4	0.7732	2.4	0.1
492	2021	299	5097.6	2.2	13.5	0.9339	2.5	0.1
492	2021	300	7257.6	1.3	13.7	0.9326	2.5	0
492	2021	301	3456	3.4	8.9	0.8689	3.1	0
492	2021	302	5356.8	2.6	9.3	0.8477	2.5	0
492	2021	303	6307.2	3.3	13	0.8773	3.2	0.1
492	2021	304	9244.8	5.5	20.5	1.0323	3.3	1.2
492	2021	305	1641.6	5.7	10.3	0.9649	2.6	5
492	2021	306	5097.6	3	11.9	0.9191	2.5	2
492	2021	307	4233.6	2.7	10.1	0.8456	2.2	6.8
492	2021	308	2160	5.2	6.8	0.86	3.7	6
492	2021	309	2160	3.5	7.7	0.8092	2.6	0
492	2021	310	4752	-0.1	6.6	0.7327	2.1	0
492	2021	311	2505.6	0.8	8	0.7359	3.8	0
492	2021	312	4060.8	2.8	8.3	0.7702	1.5	0
492	2021	313	8380.8	-0.3	10.7	0.7163	1.9	0
492	2021	314	5356.8	-1.6	8.3	0.6835	1.2	0
492	2021	315	5788.8	-2.6	7.6	0.6874	1	0
492	2021	316	1555.2	0	4.1	0.6728	3	0
492	2021	317	1814.4	2.2	5.7	0.7455	3.2	1.1
492	2021	318	2937.6	5.7	10.3	0.9113	2.7	0
492	2021	319	2160	5.9	7.9	0.8056	3.1	0
492	2021	320	1728	4.8	7	0.7612	1.7	0
492	2021	321	777.6	4	5.2	0.7717	2.2	0.8
492	2021	322	1814.4	4.8	7.1	0.8011	2.4	0
492	2021	323	2505.6	4.6	8.4	0.8611	2.7	0.1
492	2021	324	1728	5.4	8.7	0.8541	1.7	0
492	2021	325	950.4	3.2	5.5	0.7334	2.2	1.1
492	2021	326	2246.4	-2.5	6.2	0.6144	2.4	0.1
492	2021	327	6825.6	-5.8	4.9	0.5085	1	0
492	2021	328	6134.4	-1.6	7.1	0.603	2.1	0
492	2021	329	604.8	0.5	1.6	0.5471	2.5	0
492	2021	330	1641.6	-0.6	2.5	0.5629	2.3	0.1
492	2021	331	2678.4	-2.8	5.2	0.5664	3.5	0.9
492	2021	332	1382.4	-3.6	1.5	0.5263	1.4	0.6
492	2021	333	2678.4	-0.7	2.2	0.5741	3.4	0.9
492	2021	334	518.4	0.3	4.7	0.6362	7.4	3.1
492	2021	335	1296	4	8.4	0.7866	5.6	0.9
492	2021	336	1555.2	0.3	5.5	0.6621	3.6	2.9
492	2021	337	2505.6	-1.7	1.5	0.4913	3.7	3.4
492	2021	338	1900.8	-0.6	6.4	0.7072	4	6.4
492	2021	339	3110.4	-3.5	4.9	0.5592	2.1	0
492	2021	340	3024	-2.2	2.6	0.5827	1.8	1.5
492	2021	341	2073.6	-2.5	4	0.5612	4.1	0.2
492	2021	342	1123.2	-2.2	1.2	0.542	2.8	8.3
492	2021	343	1814.4	-0.3	2.1	0.6	1.6	0.2
492	2021	344	3369.6	-0.9	2	0.5595	3.7	0.9
492	2021	345	1468.8	0.4	2.3	0.6062	2.6	0.1
492	2021	346	3283.2	0.2	4.5	0.615	2.7	2.7
492	2021	347	1468.8	2.9	6.5	0.8284	1.3	1
492	2021	348	1123.2	3.4	5.2	0.7972	2.1	0.8
492	2021	349	1209.6	4.1	6.5	0.8371	1.3	0.2
492	2021	350	1728	4.3	6.8	0.8427	1.4	0
492	2021	351	1036.8	2.2	5.5	0.7644	1.4	0
492	2021	352	777.6	1.6	3.2	0.6826	1.6	0
492	2021	353	604.8	1.6	4.2	0.6922	3.9	0.3
492	2021	354	5356.8	-5.1	3.6	0.4975	1.7	0
492	2021	355	5443.2	-7.5	2.5	0.4424	0.9	0
492	2021	356	5356.8	-9.7	1.3	0.3672	2.1	0
492	2021	357	1900.8	-6.1	7.7	0.5438	3.4	0
492	2021	358	604.8	6	8.8	0.916	4.7	5
492	2021	359	950.4	-0.7	6.2	0.6923	2.3	8.7
492	2021	360	1209.6	-1.1	1.7	0.5558	3.3	2.8
492	2021	361	1209.6	1.4	3.5	0.685	4.2	1.5
492	2021	362	1036.8	2.5	8.4	0.8278	4.9	16.7
492	2021	363	1468.8	7.1	8.7	0.9477	5	4.6
492	2021	364	1123.2	8.3	13.8	1.1711	3.6	2.3
492	2021	365	4320	9.3	14.2	1.1164	3	0
