*---------------------------------------------------------------------------*
* Station name: STRAUBING                               
* Year: 1984
* Author: Pedro Alencar                                   -999.000: NIL VALUE
* Source: ECAD 
* Comments: 
* Longitude: 48.8283, latitude: 48.8283, altitude: 351 m.
*
* Column  Daily value
* 1       station number
* 2       year
* 3       day
* 4       irradiation                   (kJ m-2 d-1)
* 5       minimum temperature           (degrees Celsius)
* 6       maximum temperature           (degrees Celsius)
* 7       early morning vapour pressure (kPa)
* 8       mean wind speed (height: 2 m) (m s-1)
* 9       precipitation                 (mm d-1)
*
** WCCDESCRIPTION=GERMANY, STRAUBING                               
** WCCFORMAT=2
** WCCYEARNR=1984
*---------------------------------------------------------------------------*
   48.8283  12.5603    351.  -0.18 -0.55
493	1984	1	4492.8	-1.5	7.8	0.6739	1.4	0
493	1984	2	1555.2	-3.2	4.1	0.5429	2.2	0
493	1984	3	3715.2	-1	9.8	0.6858	5.6	1.1
493	1984	4	2592	0.9	3.9	0.6027	6.7	0.2
493	1984	5	3456	-1.8	1.4	0.5299	4	0.1
493	1984	6	1641.6	-2.2	0.1	0.4924	2.2	2.8
493	1984	7	2505.6	-0.2	3.1	0.6174	3.1	4.1
493	1984	8	4579.2	-0.1	3.2	0.5672	5.8	0.1
493	1984	9	2419.2	-1	1.7	0.5327	6.9	1.8
493	1984	10	3456	-2	-0.4	0.4646	2.9	0
493	1984	11	4147.2	-7.2	-0.7	0.3696	2.8	0
493	1984	12	1728	-11.5	-2	0.3246	4.2	5.3
493	1984	13	1728	-6.5	4.7	0.4806	5.4	4.3
493	1984	14	1728	3.1	11.7	0.8645	7.3	8.1
493	1984	15	4233.6	0.5	5.3	0.6094	7.8	10.6
493	1984	16	3542.4	-1	2.1	0.5278	5.5	4.3
493	1984	17	2592	1.9	8.1	0.7326	7.7	8.1
493	1984	18	3542.4	-4.1	2.1	0.4885	6.9	0.7
493	1984	19	1814.4	-7.3	-0.4	0.4046	2.5	1.4
493	1984	20	1900.8	-6.8	-0.6	0.4138	1.6	2.5
493	1984	21	1900.8	-9.1	-3	0.3425	1	0
493	1984	22	1900.8	-8.2	-1.1	0.3593	2.7	5.1
493	1984	23	6048	-1.6	2.1	0.5102	5.9	0.9
493	1984	24	1987.2	-0.7	2.5	0.5347	5.5	5.7
493	1984	25	4233.6	-3.3	1	0.4719	5.2	0.2
493	1984	26	4492.8	-14.6	-1.7	0.2648	2.9	0
493	1984	27	6739.2	-10	-1.6	0.3213	1.3	0
493	1984	28	2505.6	-12.3	-0.7	0.3234	1.6	0
493	1984	29	5702.4	-10.5	0	0.3806	2.4	0
493	1984	30	2160	-4.4	1.5	0.5111	2.5	3.8
493	1984	31	2160	-2	0.6	0.54	4.4	0.7
493	1984	32	3974.4	-9.3	0.3	0.4072	3.9	0
493	1984	33	2246.4	-4	1.5	0.5075	3.3	1.2
493	1984	34	6393.6	0.2	5	0.6187	2.8	10.5
493	1984	35	3369.6	-0.4	4	0.5983	4.3	0
493	1984	36	2332.8	0.9	5.8	0.6991	2.5	0.6
493	1984	37	4752	0.2	5.6	0.5793	8.7	0.6
493	1984	38	3456	-1.6	7.9	0.6433	10	13.5
493	1984	39	2505.6	-2.5	1.9	0.544	6.5	10.5
493	1984	40	4579.2	-0.4	1.6	0.5424	5.6	3.6
493	1984	41	5616	-2.5	0.4	0.4527	4	4
493	1984	42	6134.4	-9.4	2	0.4045	2.7	0.3
493	1984	43	7084.8	-15	-1.7	0.2509	1.6	0
493	1984	44	7948.8	-16.6	-0.5	0.2374	1.4	0
493	1984	45	7603.2	-17	-1	0.223	1.4	0
493	1984	46	8553.6	-13.8	-1.9	0.2744	1	0
493	1984	47	6652.8	-16.2	-4.1	0.2291	1	0
493	1984	48	6480	-18	-6	0.1927	0.7	0
493	1984	49	5702.4	-18.3	-5.9	0.1863	0.6	0
493	1984	50	8035.2	-16.6	-0.1	0.2574	1.4	0
493	1984	51	8726.4	-13.9	1	0.3019	1.4	0
493	1984	52	9417.6	-13.5	2.1	0.3318	2.6	0
493	1984	53	3888	-7.4	0.3	0.4138	1.4	0
493	1984	54	3110.4	-9.9	-1.1	0.3734	1.1	3.9
493	1984	55	3196.8	-1.7	0.6	0.5518	1.6	1.5
493	1984	56	5529.6	-6.5	4.4	0.5093	2	0
493	1984	57	5097.6	-5.4	5.4	0.4949	2.6	1.1
493	1984	58	4233.6	-0.3	4.1	0.5956	3.5	0.1
493	1984	59	9244.8	-1.3	4.2	0.5699	0.9	0
493	1984	60	10108.8	-4.4	6.1	0.5328	1.5	0
493	1984	61	11491.2	-6.8	6.3	0.492	1.5	0
493	1984	62	5011.2	-2.9	3.9	0.5132	2.4	0
493	1984	63	4233.6	-2.2	2.8	0.4871	2.7	0
493	1984	64	11318.4	-3.4	3.1	0.4714	2.9	0
493	1984	65	6739.2	-2.5	3	0.4542	2.6	0
493	1984	66	10713.6	0.3	6.1	0.6072	2.6	0
493	1984	67	3715.2	-0.9	4.5	0.5913	2.5	0
493	1984	68	13305.6	-1.4	3.7	0.4781	4.2	0
493	1984	69	10540.8	-4.2	3.1	0.4696	2.4	0
493	1984	70	10627.2	-5.3	3.1	0.4229	1.6	0
493	1984	71	13219.2	-4.1	3.7	0.3974	2	0
493	1984	72	3974.4	-2.2	3.8	0.4856	1.4	0
493	1984	73	9763.2	-3.5	5.8	0.5046	1.7	0
493	1984	74	12873.6	-3.7	7	0.5506	1.4	0
493	1984	75	13996.8	-3.6	9.2	0.5603	2.5	0
493	1984	76	13392	-4.2	9.4	0.5598	1.3	0
493	1984	77	14515.2	-4	10.1	0.5247	1.9	0
493	1984	78	4233.6	-3.8	8.5	0.521	2.3	0
493	1984	79	16502.4	-3	5.8	0.3853	4.2	0
493	1984	80	15984	-8	8.1	0.3925	2.4	0
493	1984	81	15638.4	-6.9	9.8	0.4342	1.4	0
493	1984	82	15811.2	-6	10.6	0.447	2.1	0
493	1984	83	15379.2	-5.2	10	0.4865	1.2	0
493	1984	84	15292.8	-4.4	13	0.3654	4.5	0
493	1984	85	9676.8	2	10.7	0.6895	2.7	2.7
493	1984	86	15292.8	-2	14.3	0.6517	2.9	0.2
493	1984	87	12787.2	2.3	12.6	0.6609	4	0.5
493	1984	88	9504	4.4	15.6	0.7853	3.7	0
493	1984	89	7084.8	4.5	12	0.9051	4.4	5.6
493	1984	90	4924.8	2.2	5.6	0.6944	3.2	0.9
493	1984	91	12009.6	0.9	9.7	0.6768	2.6	0
493	1984	92	5011.2	1.9	9.6	0.7166	2.4	0.4
493	1984	93	5011.2	1	7.1	0.767	3.5	9.2
493	1984	94	5097.6	-0.1	2.1	0.5715	3.4	5.7
493	1984	95	9763.2	-0.5	4.1	0.6192	2.3	0.3
493	1984	96	17107.2	-2.6	10.9	0.6492	1.6	0
493	1984	97	5270.4	0.9	7.2	0.661	1.9	0
493	1984	98	15465.6	-1.5	11.5	0.6366	1.4	0
493	1984	99	5356.8	4.9	8.8	0.8425	2.3	0.4
493	1984	100	5443.2	3.3	8	0.7482	2.2	0
493	1984	101	12182.4	-1.1	10.2	0.7014	1.8	0
493	1984	102	7689.6	3	11	0.8211	2.2	0
493	1984	103	6912	4.3	10.4	0.7898	2.9	0.1
493	1984	104	12268.8	4.2	12.4	0.8754	1.6	0
493	1984	105	21340.8	1.6	16.9	0.8984	2.3	0
493	1984	106	21686.4	-0.1	21.2	0.8783	2.4	0
493	1984	107	8985.6	3.3	16.5	0.9385	3.6	5.2
493	1984	108	5788.8	3	7.7	0.7506	2.9	0.4
493	1984	109	21340.8	-1.1	10.7	0.6192	2.6	0
493	1984	110	22377.6	-2.4	13.3	0.6209	1.6	0
493	1984	111	22550.4	-2	17	0.5803	2.7	0
493	1984	112	21686.4	4	19.4	0.9067	1.7	0
493	1984	113	20908.8	2.6	20.6	0.8188	2.2	0
493	1984	114	24105.6	4.8	20.5	0.7019	3.5	0
493	1984	115	21513.6	1.7	16.3	0.7228	4.8	0
493	1984	116	24019.2	0	17.9	0.7546	2.4	0
493	1984	117	18489.6	0.5	18.4	0.6622	3.9	0
493	1984	118	25228.8	0.3	12.5	0.5573	5.2	0
493	1984	119	14688	-1.3	7	0.5773	4.1	0
493	1984	120	22809.6	-2.5	11.8	0.4851	4.4	0
493	1984	121	16329.6	-2.1	12.9	0.5021	5.3	0
493	1984	122	21513.6	-0.6	17.2	0.6237	3	0
493	1984	123	25488	0.8	22.8	0.7605	2.5	0
493	1984	124	14947.2	6.8	22.5	0.9991	3.1	0.2
493	1984	125	10886.4	11.1	18	1.274	2.6	0.4
493	1984	126	24019.2	7.5	24.7	1.1695	1.7	5.2
493	1984	127	21686.4	12	22	1.4318	2.2	0
493	1984	128	14169.6	3.1	18.4	1.1609	3.4	21
493	1984	129	17539.2	2	9.8	0.7519	3.7	0.9
493	1984	130	23068.8	-1.1	13.5	0.6634	2	0
493	1984	131	14515.2	0.4	10.5	0.7109	3.5	0
493	1984	132	13219.2	-0.2	11.6	0.6684	3.2	4.6
493	1984	133	6825.6	5.4	8.2	0.889	4.1	2.1
493	1984	134	6825.6	6.1	11.1	1.0385	2.1	14.3
493	1984	135	8467.2	5.7	10.8	1.0033	2.1	1
493	1984	136	23414.4	1.5	19.3	0.92	2.6	0
493	1984	137	22377.6	10.3	23.4	1.2649	4.1	4.5
493	1984	138	21340.8	7.3	15.6	1.0539	4	0
493	1984	139	24969.6	4	22	1.0473	2	0
493	1984	140	24451.2	7.2	24.9	1.0383	4.6	0
493	1984	141	16502.4	7.4	23.1	1.1076	3.5	5.5
493	1984	142	6998.4	9.9	20	1.5788	6	12.7
493	1984	143	26956.8	5.8	17.8	0.968	3.4	0
493	1984	144	14169.6	4.7	17.5	1.0694	2.7	1.7
493	1984	145	12009.6	8.6	14	1.2175	4.5	5.4
493	1984	146	15206.4	8.5	15.3	1.1275	2.9	1.2
493	1984	147	23414.4	9.1	20	1.274	2.1	2.4
493	1984	148	24624	10	19.8	1.3369	3.9	10.5
493	1984	149	8294.4	7	14.3	1.1789	4.3	9.3
493	1984	150	13910.4	7	13.9	1.0242	2.7	0
493	1984	151	18576	7.7	15.6	1.0406	2.5	7
493	1984	152	19180.8	8	15.7	1.1654	2.8	1.3
493	1984	153	26092.8	7.8	20.5	1.1608	1.6	0
493	1984	154	28252.8	8.2	24.9	1.2223	1.2	0
493	1984	155	20908.8	13.7	27.4	1.3281	4.3	0
493	1984	156	10281.6	9.7	20.3	1.4477	3.8	0
493	1984	157	16416	9.5	20.6	1.2302	2.8	4.1
493	1984	158	10627.2	8.5	14.2	1.1141	4.8	2.3
493	1984	159	21340.8	5.7	16.7	1.0367	2.2	0.6
493	1984	160	10627.2	7.8	14.5	1.1392	4.7	9.7
493	1984	161	16502.4	9.6	17.1	1.148	4	0
493	1984	162	23587.2	7.9	20.6	1.071	2.4	0
493	1984	163	20476.8	7.2	19	1.28	2.4	6
493	1984	164	25833.6	6.5	18.4	0.9814	1.6	0
493	1984	165	25747.2	5.7	22.5	1.1089	2.5	0
493	1984	166	23241.6	11.3	24	1.4716	4.3	8.8
493	1984	167	10713.6	10.8	19.4	1.4056	2.9	0
493	1984	168	11664	9.6	16.8	1.0914	2.1	0
493	1984	169	25228.8	8	19.9	1.13	1.6	0
493	1984	170	25315.2	8	22.1	1.1619	1.8	0
493	1984	171	28339.2	10.2	24	1.2851	1.7	0
493	1984	172	27734.4	8.5	27	1.3186	1.5	0
493	1984	173	20908.8	13.5	27	1.6119	3.6	0
493	1984	174	21254.4	14.4	23.2	1.5382	3	2.5
493	1984	175	16416	9.7	16.9	1.2968	5	3.8
493	1984	176	9244.8	9.2	12.6	1.0814	2.9	8.4
493	1984	177	17280	6.7	13.9	0.9639	4.9	3.5
493	1984	178	22464	10.7	16.6	1.155	4.2	0
493	1984	179	29116.8	4.9	23.5	1.1646	1.7	0
493	1984	180	15292.8	9.7	22	1.5287	2.4	20.6
493	1984	181	13651.2	8.6	15.1	1.096	2.2	0
493	1984	182	17712	6.3	16.3	0.9766	2.4	0
493	1984	183	28857.6	5.9	21.5	1.0805	1.8	2.3
493	1984	184	17539.2	12	21.2	1.6223	3.6	6.3
493	1984	185	17366.4	8.6	13.7	1.1657	4.6	7.4
493	1984	186	9504	9	13.4	1.0898	3.9	0.7
493	1984	187	10800	8.8	15.2	1.1069	2.8	0
493	1984	188	23500.8	10	18.8	1.1961	3.1	0
493	1984	189	27820.8	5.5	22.2	1.1385	1.7	0
493	1984	190	29548.8	9.3	25.2	1.1794	3.5	0
493	1984	191	29203.2	6.5	28.9	1.2942	1.3	0
493	1984	192	27043.2	11.3	32	1.8082	2.5	0
493	1984	193	26438.4	12.7	33.7	1.5892	3.1	0
493	1984	194	25574.4	17.5	28.1	1.9391	2.5	17.1
493	1984	195	9849.6	17	22.6	1.8213	1.4	2.6
493	1984	196	23673.6	13.5	23.4	1.3778	2.1	0
493	1984	197	12355.2	13.6	19.7	1.495	4.4	1.4
493	1984	198	13132.8	10.6	17.1	1.3282	5.2	10.2
493	1984	199	12268.8	9.9	16	1.193	4.3	0.2
493	1984	200	10540.8	11.2	17.7	1.2493	2.8	4.6
493	1984	201	10972.8	12	18.2	1.5084	2.2	3.9
493	1984	202	20131.2	9.4	19.6	1.2369	1.7	0
493	1984	203	26179.2	6.7	23	1.2482	1.2	0
493	1984	204	27302.4	8.4	24.1	1.2545	2	0
493	1984	205	20736	10.4	22.7	1.4103	2.1	0
493	1984	206	26438.4	6.4	23.6	1.2433	1	0
493	1984	207	23760	9	25.3	1.3673	1.1	0.3
493	1984	208	16502.4	13.8	22.5	1.4354	3.4	0
493	1984	209	14256	13	16.8	1.3369	3.8	6.7
493	1984	210	5875.2	12.1	14.2	1.4051	3.5	4.8
493	1984	211	14515.2	13.5	22.7	1.8871	2.4	3.1
493	1984	212	24278.4	13.5	27.3	1.6987	3	0
493	1984	213	26870.4	13.4	31	1.9232	1.1	0
493	1984	214	11318.4	15.5	20.8	1.6642	4.4	1.1
493	1984	215	22636.8	11.6	23.8	1.4762	1.8	0
493	1984	216	26524.8	9.7	28.4	1.3644	2.6	0
493	1984	217	25660.8	11	29.4	1.8197	1.6	4.9
493	1984	218	12441.6	15.4	19.9	1.8345	2.4	5.4
493	1984	219	14515.2	13.4	22.2	1.5466	1.3	0
493	1984	220	8726.4	13.4	21.1	1.5725	1.8	0
493	1984	221	16848	13.8	21	1.5478	3.1	0
493	1984	222	19526.4	13.6	25	1.7434	3.8	0
493	1984	223	17625.6	12.5	26.1	1.6987	3.3	0.2
493	1984	224	7084.8	15	20.1	1.8029	2.6	9.6
493	1984	225	5356.8	14.4	17.9	1.7049	3.2	6.6
493	1984	226	12268.8	13.7	21.9	1.5466	0.9	0.1
493	1984	227	12355.2	13.5	21.5	1.4977	1.1	0
493	1984	228	18057.6	9.8	24.5	1.4064	1.2	0.1
493	1984	229	21513.6	10.9	23	1.3887	1.6	0
493	1984	230	22636.8	8.3	22.8	1.2526	1.4	0
493	1984	231	18230.4	7.4	23.4	1.328	1.8	0
493	1984	232	15292.8	9.1	22.1	1.2744	1.5	0
493	1984	233	22464	7.2	24.2	1.2291	1.2	0
493	1984	234	23846.4	6.4	26.6	1.2372	1.5	0
493	1984	235	23760	6	26.8	1.1921	2.1	0
493	1984	236	22550.4	6.6	27.7	1.3087	1.3	0
493	1984	237	16675.2	10.4	28.3	1.6591	2.1	7.9
493	1984	238	4838.4	15.4	19.5	1.7518	2.4	1.9
493	1984	239	6393.6	15.6	19.5	1.7829	2.5	0.3
493	1984	240	15465.6	12.2	21.7	1.4851	1.2	0
493	1984	241	20822.4	7.5	23	1.2807	0.9	0
493	1984	242	19958.4	8.6	24.5	1.2975	1.2	0
493	1984	243	4665.6	11	23.2	1.363	1.4	0
493	1984	244	18489.6	10	25.2	1.4268	2.1	0
493	1984	245	17884.8	11.2	24.5	1.5106	2.4	0
493	1984	246	19440	10.2	25.6	1.413	1.4	0
493	1984	247	17280	9.5	27.7	1.5406	3.2	0
493	1984	248	18921.6	15	26.1	1.642	3.5	11
493	1984	249	4838.4	10.7	17.8	1.4929	2.6	18.2
493	1984	250	6566.4	9	10.9	1.1251	3.3	4.7
493	1984	251	15552	7	16	1.0846	2	0
493	1984	252	8985.6	5.7	13.5	0.9915	3.9	1.6
493	1984	253	5356.8	9.6	13.8	1.1265	5.9	13.8
493	1984	254	10454.4	9.5	15.1	1.129	6.5	8
493	1984	255	6825.6	10.5	14	1.1395	6.3	4.7
493	1984	256	6480	10.1	13.7	1.1971	5.3	0.4
493	1984	257	11404.8	10.6	20.2	1.4154	2.1	0
493	1984	258	15724.8	6.5	23.5	1.4306	1.9	0.7
493	1984	259	4320	13.3	15.3	1.4815	2	0.7
493	1984	260	4233.6	11.5	14.8	1.4202	1.6	27.8
493	1984	261	4233.6	11.2	12.7	1.2569	1.7	0
493	1984	262	11318.4	9.1	18.2	1.2955	1.8	0
493	1984	263	10540.8	5.4	17.5	1.135	1.3	0
493	1984	264	13996.8	10.2	20	1.337	1.4	0
493	1984	265	12355.2	7	19.6	1.2511	2	13.7
493	1984	266	9072	8.6	14.5	1.1017	3.4	2.3
493	1984	267	6566.4	8.2	13.4	1.1648	3	4
493	1984	268	9676.8	6.6	12.5	1	4	0.7
493	1984	269	7430.4	5.9	12.1	0.9522	1.8	0
493	1984	270	7776	7.5	12	1.0497	4.8	2.8
493	1984	271	10368	6.2	14	1.0129	2.5	0
493	1984	272	12700.8	3.7	17.1	1.0586	1.7	0
493	1984	273	14428.8	4.4	21.3	1.2	1.2	0
493	1984	274	9676.8	5.3	17	1.2054	1.2	0
493	1984	275	10454.4	10.1	18.1	1.4464	2.8	0.9
493	1984	276	3456	8.6	14.1	1.2483	3.8	10
493	1984	277	12009.6	3.3	15.2	0.9451	2.9	2.4
493	1984	278	8208	9	13.7	1.1275	3.2	0
493	1984	279	12355.2	6.1	17.1	1.0917	2.2	0
493	1984	280	11750.4	6	16.4	1.0101	2.1	0
493	1984	281	10886.4	6.7	13.9	1.0015	2.2	3.9
493	1984	282	3196.8	5.6	11.6	0.9157	3.1	1
493	1984	283	3196.8	7.6	15.3	1.2431	1.5	0.3
493	1984	284	9936	9.7	19.2	1.3315	0.8	0
493	1984	285	8121.6	6.3	17.6	1.201	1.1	0
493	1984	286	8553.6	8.1	15.7	1.1553	1.9	0
493	1984	287	8899.2	5.1	15.5	1.039	1.3	0
493	1984	288	8035.2	3.5	16.2	1.0568	1	0
493	1984	289	3456	6.4	12.6	1.0086	3.1	0
493	1984	290	9331.2	3.9	13.2	0.9348	1.3	0
493	1984	291	11664	1.8	15.5	0.8515	2.8	0
493	1984	292	8467.2	2.6	16.5	1.0239	1.4	0
493	1984	293	10800	5.2	19.4	1.1147	2.5	0
493	1984	294	10454.4	5.5	16.6	0.8422	3.6	0
493	1984	295	4147.2	4.1	12.1	0.8204	3	0
493	1984	296	9244.8	1	14.1	0.7902	1.5	0.1
493	1984	297	2592	9.1	15.5	1.1718	2.4	0.3
493	1984	298	7948.8	8.3	15.9	1.1424	1.6	0
493	1984	299	8985.6	5.8	18.2	1.0929	2.9	0
493	1984	300	3369.6	7.4	14.2	1.126	1.7	7
493	1984	301	5184	4.7	11	0.9127	0.8	0
493	1984	302	7862.4	0.7	11.9	0.8303	1	0
493	1984	303	8294.4	-1.5	11.1	0.7482	0.6	0
493	1984	304	6480	-0.2	9.1	0.7973	0.3	0
493	1984	305	2246.4	0	4.7	0.6946	0.9	0
493	1984	306	2246.4	1	3.9	0.7141	1.5	0
493	1984	307	2160	1.9	5.7	0.7537	1.8	0
493	1984	308	2160	2.9	4.5	0.7086	1.8	0
493	1984	309	2073.6	3.9	6.4	0.8019	1.5	0
493	1984	310	2073.6	2.1	5.5	0.6815	2.8	0
493	1984	311	2073.6	1.2	7.4	0.7225	3.8	0
493	1984	312	1987.2	4.2	7.3	0.8544	1.3	0
493	1984	313	1987.2	3.9	6.2	0.8314	1.9	0
493	1984	314	1987.2	4.5	8.3	0.884	1.7	0
493	1984	315	1900.8	6.5	7.9	0.9238	1.4	0
493	1984	316	3283.2	1.3	10.1	0.8057	1.4	0
493	1984	317	5616	0.6	10.5	0.6252	1.5	0
493	1984	318	6652.8	4	10.6	0.4395	2.8	0
493	1984	319	4838.4	-4.9	4.4	0.492	2	0
493	1984	320	1814.4	-3.5	4.1	0.5058	1.9	0
493	1984	321	4752	-1	6.3	0.6061	3.3	1.3
493	1984	322	5184	-1	5.9	0.6558	2	0
493	1984	323	1728	-2	3.8	0.6	1	0
493	1984	324	1728	-0.5	1.5	0.5765	1.5	0
493	1984	325	1641.6	1	3.3	0.6277	0.9	0.5
493	1984	326	1641.6	1.8	5.6	0.7404	2.3	1.3
493	1984	327	1641.6	1.3	8.1	0.8028	3.2	17.1
493	1984	328	5616	7.5	15.4	0.8513	6.8	4.5
493	1984	329	5616	7.8	17.3	0.9733	6.6	0
493	1984	330	3196.8	5.6	12.1	0.8404	2.6	0.3
493	1984	331	1555.2	6.1	8	0.9043	1	3.9
493	1984	332	4492.8	-1	6.4	0.6454	1	0
493	1984	333	5356.8	-2.3	3	0.5703	1	0
493	1984	334	4665.6	-4	3.9	0.554	1.5	0
493	1984	335	1468.8	-0.9	0	0.5204	3.1	0
493	1984	336	3456	-2.1	0.9	0.5322	3.6	0
493	1984	337	4579.2	-0.4	9.1	0.675	2	0
493	1984	338	1641.6	0.5	2.9	0.6424	1.2	0
493	1984	339	3801.6	0.2	3.9	0.5949	1	0
493	1984	340	1555.2	0.5	1.5	0.6174	2.1	0
493	1984	341	1555.2	-1.7	0.6	0.5635	2	0
493	1984	342	1555.2	-1.6	1.4	0.5762	1.4	0
493	1984	343	1555.2	-0.5	0.9	0.5889	1.9	0
493	1984	344	1555.2	-0.9	3.9	0.6264	1.5	4
493	1984	345	1555.2	0.6	5.2	0.6094	2.9	0.7
493	1984	346	1555.2	3.5	6	0.6942	2.3	0
493	1984	347	1555.2	-1	4.1	0.6423	0.5	0
493	1984	348	1468.8	-2.7	1	0.5111	1.4	0
493	1984	349	1468.8	-1	0.5	0.564	1.4	8.9
493	1984	350	1468.8	0.3	2.5	0.649	0.7	0.2
493	1984	351	1468.8	-0.2	1.2	0.5955	3.3	5.7
493	1984	352	2073.6	-0.6	4.1	0.6447	2.3	0
493	1984	353	1468.8	-0.5	2.5	0.624	2.2	5.5
493	1984	354	1468.8	-0.4	2.5	0.5999	2.2	0
493	1984	355	1468.8	-2.5	0.3	0.53	1.9	2.1
493	1984	356	1987.2	-2.7	4.6	0.5694	3.2	1.2
493	1984	357	1468.8	-0.5	2.4	0.5956	1.3	0
493	1984	358	3369.6	-3.2	2.3	0.5204	1	0
493	1984	359	3628.8	-3.8	0.3	0.4085	3.2	0
493	1984	360	1468.8	-3.9	-0.9	0.4713	1.9	0
493	1984	361	1468.8	-1.3	0.5	0.5163	0.7	0
493	1984	362	1555.2	-4.3	-1	0.4174	0.6	0
493	1984	363	1555.2	-2.2	-1.6	0.42	0.6	0
493	1984	364	1555.2	-2.4	-1.4	0.4572	1.1	0
493	1984	365	1555.2	-5.9	-2.1	0.4046	1.9	0.2
493	1984	366	1555.2	-9.3	-3.6	0.3095	1.8	0
