*---------------------------------------------------------------------------*
* Station name: STRAUBING                               
* Year: 2016
* Author: Pedro Alencar                                   -999.000: NIL VALUE
* Source: ECAD 
* Comments: 
* Longitude: 48.8283, latitude: 48.8283, altitude: 351 m.
*
* Column  Daily value
* 1       station number
* 2       year
* 3       day
* 4       irradiation                   (kJ m-2 d-1)
* 5       minimum temperature           (degrees Celsius)
* 6       maximum temperature           (degrees Celsius)
* 7       early morning vapour pressure (kPa)
* 8       mean wind speed (height: 2 m) (m s-1)
* 9       precipitation                 (mm d-1)
*
** WCCDESCRIPTION=GERMANY, STRAUBING                               
** WCCFORMAT=2
** WCCYEARNR=2016
*---------------------------------------------------------------------------*
   48.8283  12.5603    351.  -0.18 -0.55
493	2016	1	1555.2	-1.6	1.1	0.57	1.6	0
493	2016	2	2505.6	-1.7	1	0.548	1.6	0.8
493	2016	3	1555.2	-4	-1.1	0.4357	1.6	0.3
493	2016	4	1555.2	-4.7	-1.1	0.4443	4	6.3
493	2016	5	2073.6	-8	0.5	0.4308	2	1.6
493	2016	6	2851.2	-3.2	0.3	0.4946	2.7	0.9
493	2016	7	1641.6	-0.8	1.3	0.5973	2.5	0.9
493	2016	8	5270.4	-2.3	4.1	0.5804	2.1	2.7
493	2016	9	1641.6	0.4	2.5	0.6377	2.7	0.2
493	2016	10	1641.6	1.1	2.9	0.6916	3.2	11.4
493	2016	11	1641.6	2.5	6.3	0.761	3.1	7.3
493	2016	12	2592	3	6.4	0.6576	5.5	0.7
493	2016	13	2073.6	2.1	4.6	0.6136	7.3	1.3
493	2016	14	6393.6	-2.4	4.1	0.5003	3.2	0.1
493	2016	15	2246.4	-0.4	2.3	0.5498	4.9	1.6
493	2016	16	2678.4	-1.7	0.5	0.4854	2.4	0.6
493	2016	17	3715.2	-5.3	-0.2	0.4143	3.4	0.2
493	2016	18	2160	-13	-5.1	0.2838	1.3	0
493	2016	19	4838.4	-11.8	-6.2	0.2756	1.1	0
493	2016	20	1900.8	-8.1	-3.8	0.3412	1.3	0.8
493	2016	21	6912	-14.8	-0.4	0.2936	1.3	0
493	2016	22	6825.6	-13.5	-5.9	0.2579	1.7	0.4
493	2016	23	1900.8	-11.1	3	0.4076	2.5	2.8
493	2016	24	2505.6	-1.4	1.9	0.6035	1.6	3.9
493	2016	25	1987.2	0.3	1.8	0.646	1.7	0.5
493	2016	26	5961.6	-1.1	5.8	0.6874	2.3	0
493	2016	27	2937.6	-1.4	5.5	0.6516	2.5	0.2
493	2016	28	2073.6	3.1	11.5	0.8893	2.1	4.8
493	2016	29	7516.8	-0.5	9.5	0.7243	2.4	0
493	2016	30	6393.6	-1.7	11.7	0.7151	3.6	1.9
493	2016	31	2160	2.2	6.5	0.7167	4.4	17
493	2016	32	2246.4	2.4	12.9	0.8899	4.3	2.1
493	2016	33	2678.4	6.2	11.7	0.869	3.6	0
493	2016	34	2246.4	0.5	10	0.7277	4	1.1
493	2016	35	2332.8	0.8	3.9	0.6078	4.8	2.5
493	2016	36	3024	0.5	4.7	0.6261	2.4	0
493	2016	37	8553.6	-0.5	8.2	0.6839	3.9	0
493	2016	38	7171.2	-0.8	9.4	0.6477	4	0
493	2016	39	5184	0.5	12.8	0.7234	5.1	9
493	2016	40	3369.6	3	10.8	0.7757	4.1	3.2
493	2016	41	4147.2	1.3	5.2	0.617	5.2	0.9
493	2016	42	4579.2	-2.3	5.9	0.5705	4.1	0.2
493	2016	43	7171.2	-2.9	4.5	0.5762	2.3	0
493	2016	44	2678.4	-2.5	3.4	0.5808	3.4	3
493	2016	45	5702.4	1.7	9.4	0.7249	3.7	0.6
493	2016	46	3283.2	2.1	7.4	0.7199	2	0
493	2016	47	5184	-0.8	6.8	0.5759	3.4	0
493	2016	48	2851.2	-1.7	3.9	0.5359	2.2	0.1
493	2016	49	10627.2	-3.8	7.4	0.5705	1.5	0
493	2016	50	3456	0.8	3.9	0.5861	2.4	0
493	2016	51	5356.8	-2.4	5	0.5638	3.4	13
493	2016	52	4406.4	2.1	14.2	0.8557	6.4	0
493	2016	53	9676.8	0.6	17.1	0.7609	2.9	0
493	2016	54	3110.4	1.3	9.7	0.7314	3.5	4.1
493	2016	55	8208	-1	5.6	0.5696	2.9	0.1
493	2016	56	6480	-0.6	4.5	0.5555	2	0.1
493	2016	57	12268.8	-3.2	4.7	0.4645	1.5	0
493	2016	58	9763.2	-4.1	6.5	0.4864	1.8	0
493	2016	59	5443.2	-3.8	6.3	0.5216	3.3	0
493	2016	60	3456	0.7	7.5	0.7042	5.3	11.3
493	2016	61	3369.6	-2.9	1	0.5074	3.3	2.5
493	2016	62	3369.6	-0.3	6	0.7047	3.6	7.1
493	2016	63	5702.4	-0.3	5.1	0.5954	1.7	0.1
493	2016	64	9590.4	0.5	6.4	0.6102	3.5	0
493	2016	65	7516.8	0.2	6.9	0.5908	2.6	3.8
493	2016	66	6393.6	-2.7	5.3	0.5705	3.6	0.4
493	2016	67	7689.6	-1.5	5.3	0.5535	1.4	0.5
493	2016	68	8380.8	-0.9	6.7	0.6245	2.3	0
493	2016	69	12355.2	-3.6	8.6	0.5704	2.8	0
493	2016	70	15638.4	-3.1	9.6	0.5862	2	0
493	2016	71	12096	0.4	8.8	0.6191	3.1	0
493	2016	72	5011.2	1.1	8.2	0.6298	3.4	0
493	2016	73	4838.4	1.1	7.4	0.6289	4.7	0
493	2016	74	16588.8	-2.9	8.6	0.4873	2.3	0
493	2016	75	5702.4	-2.7	3.4	0.5202	3.3	4.7
493	2016	76	13996.8	-1.1	8.2	0.5593	4.8	0
493	2016	77	17452.8	-2.5	11.4	0.5875	1.6	0
493	2016	78	17452.8	-3.2	13.9	0.6076	1.9	0
493	2016	79	15292.8	-1	11.2	0.6235	2.5	0
493	2016	80	12355.2	1.5	8.6	0.5863	2.7	0
493	2016	81	9590.4	2.9	9.9	0.6438	2.4	0
493	2016	82	8467.2	3	9.1	0.6285	2.3	0.2
493	2016	83	5961.6	2.4	9.1	0.6431	2	0.1
493	2016	84	7862.4	3.1	9.3	0.5971	2.6	0
493	2016	85	4579.2	2.9	7.4	0.7314	2.4	7.2
493	2016	86	6134.4	1.5	9.2	0.7595	2.2	0
493	2016	87	12873.6	0.8	13	0.7757	3	1.6
493	2016	88	10368	5.4	14.9	0.9543	2.9	1.4
493	2016	89	15552	3.3	14	0.6835	3.6	0
493	2016	90	5875.2	2.9	12.5	0.9349	2.3	5.8
493	2016	91	16934.4	7.4	19.8	1.1668	2.9	0
493	2016	92	10627.2	7.2	11.4	0.9014	3.4	0
493	2016	93	18144	2.8	16.9	0.7653	3.4	0
493	2016	94	18662.4	5	21.5	0.9885	2.6	0
493	2016	95	18316.8	8.4	21.6	1.1581	1.8	0
493	2016	96	18576	5.4	24	1.0859	2.2	0.2
493	2016	97	9244.8	7.2	15.2	0.9569	4.1	0.4
493	2016	98	10368	3.8	14	0.8547	2.5	0.4
493	2016	99	5356.8	6.1	10	0.7638	2.4	0
493	2016	100	5356.8	5.7	12.2	0.8232	1.6	0
493	2016	101	17280	4.4	15.2	0.7748	1.8	0
493	2016	102	22636.8	-0.1	16.6	0.7743	2.1	0
493	2016	103	15292.8	2.2	15.9	0.9094	1.8	0.2
493	2016	104	16502.4	5.4	18.7	1.1106	2.2	5.3
493	2016	105	16156.8	3.3	15	0.846	3.3	0
493	2016	106	7084.8	2.4	12.1	0.8964	2.5	6.2
493	2016	107	13996.8	6.7	18.4	1.1767	2.7	0.1
493	2016	108	6480	6.1	12.1	1.0164	2.5	7.9
493	2016	109	13737.6	6.2	12.6	0.8839	2	0
493	2016	110	15724.8	4.9	12	0.6853	2.7	0
493	2016	111	24537.6	2.3	14.8	0.6789	2.2	0
493	2016	112	24883.2	-0.4	18.7	0.7185	1.5	0
493	2016	113	20131.2	1.5	18.3	0.7435	1.7	0
493	2016	114	7516.8	3.6	15.1	0.834	2.6	2.9
493	2016	115	16070.4	0.6	8.4	0.5979	3	0
493	2016	116	18230.4	0.4	7.7	0.5875	3.9	1.3
493	2016	117	10022.4	1.9	9.4	0.6752	4.9	0.5
493	2016	118	16156.8	-0.8	8.2	0.621	4.5	0.8
493	2016	119	20908.8	-2.9	8.7	0.6245	2.1	0.7
493	2016	120	25142.4	-2.9	14.4	0.6156	1.9	0
493	2016	121	26179.2	1.3	19.5	0.6805	2.7	0
493	2016	122	6393.6	7	15.4	0.8905	3.3	1.1
493	2016	123	25315.2	4.3	19	0.7667	3.1	0
493	2016	124	20649.6	2.5	18.5	0.888	3.2	3.5
493	2016	125	12614.4	5.4	11.7	0.7902	3.6	0
493	2016	126	24537.6	5.4	16.5	0.9673	3.2	0
493	2016	127	27216	6	22.1	0.9291	4.5	0
493	2016	128	27388.8	8.5	23.2	0.8812	4.2	0
493	2016	129	27475.2	7.6	22.4	0.8856	4.4	0
493	2016	130	27648	7.7	23.7	0.9797	3.9	0
493	2016	131	22377.6	8.1	23.1	1.1151	3.2	0
493	2016	132	21513.6	10.1	21.7	1.2269	4.4	0
493	2016	133	14256	10.6	20	1.389	3	19.9
493	2016	134	12268.8	10.4	19.3	1.535	2.8	20.2
493	2016	135	18835.2	7	18.7	1.0371	3.4	0
493	2016	136	19267.2	5.2	11.5	0.6807	3.7	0
493	2016	137	11664	5	10.4	0.8404	2.9	3.3
493	2016	138	13737.6	3.4	13.4	0.7822	2	0
493	2016	139	26784	1.1	17.4	0.7817	1.7	0.1
493	2016	140	6912	7	14	1.091	2.2	5
493	2016	141	19008	7.8	18.1	1.0886	2.7	0
493	2016	142	27388.8	7.5	21.3	1.1798	2.3	0
493	2016	143	28684.8	8	27.7	1.2248	3	0
493	2016	144	16156.8	10	17.8	1.2532	4	12.5
493	2016	145	7084.8	10.1	12.6	1.2752	3.9	2.8
493	2016	146	13824	8.4	16.9	1.2575	2	0
493	2016	147	26438.4	6.7	22.9	1.3283	1.4	0
493	2016	148	21686.4	9.6	24.4	1.4898	1.8	0.4
493	2016	149	21859.2	13.4	25.6	1.6746	1.7	0
493	2016	150	24624	13.7	26.1	1.8094	2.9	10.1
493	2016	151	13996.8	13.2	21.3	1.5922	3	0.5
493	2016	152	7171.2	13.2	16.4	1.53	2.2	4.9
493	2016	153	8467.2	12.8	18.6	1.5854	2.2	4.9
493	2016	154	11923.2	11.1	19.2	1.5477	1.9	2
493	2016	155	12182.4	9.4	18.2	1.45	1.3	6
493	2016	156	23760	11.2	24.3	1.6432	1.6	7.6
493	2016	157	16070.4	12	21.7	1.6866	1.5	9.4
493	2016	158	24192	10.2	25.5	1.6127	1.6	0
493	2016	159	28857.6	10.4	25.3	1.4086	1.7	0
493	2016	160	21859.2	12.2	23.9	1.5711	2.4	0
493	2016	161	11836.8	11.8	19.3	1.4644	2.1	0
493	2016	162	25920	8.4	22.5	1.2096	1.9	0
493	2016	163	7257.6	9.7	18.9	1.3838	1.6	8.8
493	2016	164	14601.6	12.8	20.3	1.6736	2	9.1
493	2016	165	15206.4	12.2	20	1.535	2.7	2
493	2016	166	16502.4	13	21.5	1.5922	2.3	5.1
493	2016	167	20822.4	12.7	20.2	1.4948	2.4	1.3
493	2016	168	21859.2	12.4	25.3	1.7821	3.3	20.6
493	2016	169	17193.6	9.8	18.7	1.3956	4	4
493	2016	170	26784	8.4	21.4	1.303	1.7	7
493	2016	171	13305.6	13.5	19.4	1.4948	2.5	0
493	2016	172	22982.4	13	22.7	1.4494	2.5	0
493	2016	173	14515.2	13.9	21.9	1.6383	2.2	0
493	2016	174	23932.8	15.1	26.4	1.8824	1.7	0
493	2016	175	29980.8	12.6	30.1	1.8007	2.6	0
493	2016	176	29980.8	14.1	31.6	1.9172	1.4	0
493	2016	177	24710.4	16.5	29.8	2.1503	2.6	33
493	2016	178	10886.4	14.4	20.5	1.5925	2.6	8.5
493	2016	179	19612.8	13.5	22.4	1.4585	2.5	0
493	2016	180	20995.2	13	24.6	1.5166	1.4	0
493	2016	181	25228.8	14.5	26.3	1.6987	2.4	2
493	2016	182	15984	15.1	23.2	1.8822	2.2	0.3
493	2016	183	26524.8	13.6	27.6	1.7682	1.7	0
493	2016	184	15897.6	12.4	24.3	1.7273	2.6	2.4
493	2016	185	20131.2	9.5	20	1.1732	1.8	0
493	2016	186	23932.8	11.9	23.3	1.3464	1.5	0
493	2016	187	27648	10.4	27.1	1.4471	2.8	0
493	2016	188	26352	9.5	21.4	1.0693	3.3	0
493	2016	189	27129.6	8.7	23.9	1.1845	1.7	0
493	2016	190	26956.8	8.7	28.4	1.3224	2	2.2
493	2016	191	23932.8	14	26.6	1.5694	2.5	0
493	2016	192	28771.2	12.2	29.6	1.7024	2.6	0
493	2016	193	22550.4	16.5	31.6	2.3295	2.4	24.9
493	2016	194	7084.8	15.8	21.7	1.9654	1.8	10.7
493	2016	195	9331.2	12.7	21.6	1.7189	2.6	23.5
493	2016	196	9590.4	9.3	15.2	1.2677	3.7	10.1
493	2016	197	14256	10.5	17.3	1.1739	2.8	0
493	2016	198	20044.8	11.3	22.1	1.234	2.3	0.2
493	2016	199	12268.8	14.5	22.4	1.7169	2.3	0.9
493	2016	200	25142.4	13.7	27.3	1.7333	2.1	0
493	2016	201	28425.6	12.1	28.4	1.5882	1.4	0
493	2016	202	28339.2	13.2	29.8	1.7149	1.5	0
493	2016	203	13824	15	25.3	1.9083	2.4	0.9
493	2016	204	23328	16.1	27	1.9256	1.8	0.2
493	2016	205	18403.2	18.2	28.3	2.2487	1.8	2.8
493	2016	206	18748.8	17.1	26.9	2.1375	2	1.3
493	2016	207	20822.4	15.8	28.2	2.2166	2.1	11.4
493	2016	208	11577.6	16.7	26.1	2.1878	1.5	0.5
493	2016	209	17280	14.7	27.4	2.1165	1.8	1.3
493	2016	210	17539.2	15.2	24.5	1.9426	1.8	15.2
493	2016	211	17020.8	15.6	25.8	1.8766	1.9	0.6
493	2016	212	24192	14	28.9	1.8373	1.5	0
493	2016	213	9072	16	22.2	2.0088	2.1	11.6
493	2016	214	24019.2	10.8	22.8	1.3182	2.5	0
493	2016	215	10195.2	9.6	21	1.5105	2	2.1
493	2016	216	19094.4	15.8	27.3	1.8229	1.9	0
493	2016	217	24969.6	13	30.1	1.7715	2.5	25.8
493	2016	218	5616	13.5	17.9	1.621	3.1	5.5
493	2016	219	11059.2	12.3	21.9	1.6356	1.7	1
493	2016	220	25056	9.9	24.7	1.4986	1.4	0
493	2016	221	25228.8	10.3	28	1.5279	1.7	0.8
493	2016	222	10281.6	12.6	20.5	1.4479	2.5	0.3
493	2016	223	12787.2	9.2	17.7	1.3404	1.7	6.9
493	2016	224	21168	6.3	18.6	1.0102	1.9	1.1
493	2016	225	5356.8	10.9	16.3	1.4157	2.4	0.7
493	2016	226	19699.2	13	25.3	1.7493	1.6	0
493	2016	227	20476.8	11.7	27.6	1.6446	1.5	0
493	2016	228	22291.2	13.2	26	1.5712	1.8	0
493	2016	229	22550.4	10.5	25.6	1.4264	1.7	0
493	2016	230	23673.6	9.7	23.4	1.1659	1.7	0
493	2016	231	20217.6	7.5	25.8	1.3436	1.8	0
493	2016	232	16502.4	14.4	24.3	1.7264	1.5	0
493	2016	233	18403.2	15.4	27.5	1.8118	1.8	6.3
493	2016	234	11577.6	12.5	21.1	1.5666	2.3	0.1
493	2016	235	14428.8	10.2	22.3	1.3652	2	0
493	2016	236	21859.2	9.9	24.9	1.528	1.1	0
493	2016	237	22809.6	12.1	26.8	1.6694	2.4	0
493	2016	238	22636.8	12.8	28.5	1.6036	3.5	0
493	2016	239	22464	10.1	29.1	1.685	1.8	0
493	2016	240	22377.6	11.4	30.5	1.7819	1.5	0
493	2016	241	20995.2	12.8	30.9	1.8565	1.5	13
493	2016	242	10972.8	15.8	23.8	2.0519	2.1	6.6
493	2016	243	19785.6	13.3	24.1	1.6794	2	0
493	2016	244	21513.6	10.6	24.3	1.493	2	0
493	2016	245	16934.4	10.5	26.8	1.6098	1.4	0
493	2016	246	20044.8	11.3	26	1.5668	1.2	0
493	2016	247	16156.8	11.8	25.8	1.6032	1.6	0
493	2016	248	12441.6	10.6	25.3	1.6023	2.3	6.1
493	2016	249	12009.6	14.5	19.8	1.5822	3.7	0.5
493	2016	250	19267.2	14.1	21.2	1.4918	3.3	0
493	2016	251	18403.2	11.8	25.6	1.6579	3.7	0
493	2016	252	19353.6	13.1	26.3	1.7643	2.2	0
493	2016	253	18748.8	12.8	27.7	1.7542	1.3	0
493	2016	254	19094.4	11.8	28	1.7166	1.5	0
493	2016	255	18662.4	12.2	29.1	1.8465	1.5	0
493	2016	256	18403.2	13	28.9	1.8314	1.9	0
493	2016	257	18403.2	12	28.2	1.691	2	0
493	2016	258	18230.4	11.3	27.8	1.589	2.4	0
493	2016	259	17452.8	13.3	27.2	1.5645	2.6	0
493	2016	260	10627.2	15.9	23.4	1.6674	2.2	6.3
493	2016	261	4233.6	13.8	18	1.696	5.6	61.8
493	2016	262	4147.2	13.5	18	1.6798	2.4	8.2
493	2016	263	4060.8	12.5	14.1	1.4189	2.9	2.1
493	2016	264	5961.6	8.1	16	1.0403	2.3	0
493	2016	265	16502.4	4.7	17.6	1.02	1.3	0
493	2016	266	16243.2	4.4	19.1	1.1026	1.2	0
493	2016	267	13996.8	5.4	19.7	1.2057	1.3	0
493	2016	268	14947.2	5.7	20.1	1.2188	1.3	0
493	2016	269	15552	5.1	20.7	1.2486	1.5	0
493	2016	270	11923.2	6.6	21.6	1.3821	1.2	0
493	2016	271	14947.2	8.1	21.4	1.391	1.2	0
493	2016	272	8553.6	7.1	20.9	1.421	1.4	0
493	2016	273	14947.2	9.2	24	1.3959	2.1	0
493	2016	274	14860.8	8.5	24.6	1.4291	1.8	0
493	2016	275	12873.6	8.2	22	1.4056	1.5	1.2
493	2016	276	3456	6.3	15.1	1.2342	1.8	6.6
493	2016	277	5270.4	8.9	14.2	1.1698	3.1	0.4
493	2016	278	5184	5.3	13.3	1.0302	3.4	1.6
493	2016	279	12528	3.6	10.5	0.7737	3.3	1.7
493	2016	280	3283.2	6.5	10.3	1.0135	2.9	0.3
493	2016	281	4147.2	7.4	10.7	0.99	1.9	0
493	2016	282	5616	4.6	11.3	0.9082	1.7	0.1
493	2016	283	6825.6	2.6	11.9	0.8862	1.7	0
493	2016	284	6393.6	4.6	11	0.899	1.4	0
493	2016	285	4579.2	3.5	9.3	0.8456	1.7	4
493	2016	286	6912	2.5	9.7	0.8283	2.4	0
493	2016	287	7257.6	-1.3	12	0.7685	3.1	0
493	2016	288	8553.6	0.9	13.5	0.8832	2.8	0
493	2016	289	9676.8	7.7	19.1	1.2592	1.9	0.1
493	2016	290	9763.2	6.1	18.3	1.2777	1.3	0
493	2016	291	3542.4	3.3	11.2	0.9983	1.8	1.1
493	2016	292	2764.8	9.5	13.3	1.3064	1.2	2.2
493	2016	293	6566.4	5.5	12.5	1.0211	2.5	2.3
493	2016	294	5270.4	6.6	11.9	0.9917	2.9	0.6
493	2016	295	4147.2	4.2	8.4	0.8112	2.5	0.8
493	2016	296	2592	1.6	9.5	0.8427	1.5	0
493	2016	297	8294.4	-0.4	11.5	0.8155	2.2	0
493	2016	298	6220.8	6	14.4	1.0943	3.4	3.9
493	2016	299	2419.2	6.1	15.8	1.2549	1.8	3.3
493	2016	300	5184	5.9	13.9	1.1213	1.4	0
493	2016	301	5788.8	2.8	12.3	0.8838	1.9	0
493	2016	302	4924.8	1.8	10.6	0.9099	1	1.8
493	2016	303	5011.2	5.7	13.1	1.0843	2.4	0.8
493	2016	304	6307.2	1.1	11.7	0.8264	2	0
493	2016	305	3110.4	-0.7	6.2	0.737	1.1	0
493	2016	306	2592	0.9	7	0.8022	1.3	0
493	2016	307	3024	4.2	8.5	0.8906	2.6	2.1
493	2016	308	3715.2	-1.3	8.1	0.6782	2.3	0
493	2016	309	7257.6	-2.5	7.2	0.6512	2.5	0
493	2016	310	4320	2	9.3	0.8029	3.6	4.2
493	2016	311	2073.6	3.4	6.9	0.846	2.2	7.5
493	2016	312	1987.2	0.3	4.5	0.6608	1.9	0
493	2016	313	2332.8	-1	3.6	0.6309	1.4	0.3
493	2016	314	4579.2	-0.1	4	0.654	3	2.5
493	2016	315	2332.8	1.1	6.1	0.7352	3.3	3.5
493	2016	316	1900.8	2.1	4.9	0.7458	2.7	4.8
493	2016	317	3110.4	0	3.1	0.5672	2.9	0
493	2016	318	4579.2	-4.2	3	0.4679	2.8	0
493	2016	319	7516.8	-7	3.6	0.4424	1.8	0
493	2016	320	1814.4	-6.3	1.3	0.4679	2.6	12.1
493	2016	321	1728	0.5	5.6	0.7604	2.3	19.6
493	2016	322	2592	2.6	12.1	0.9846	2.3	0
493	2016	323	1728	2.5	8.9	0.8881	3.3	3.9
493	2016	324	1728	0.9	8	0.8056	2.8	5
493	2016	325	6652.8	0.6	9	0.8084	3.1	0
493	2016	326	6048	-0.3	13.4	0.7864	3.5	0
493	2016	327	3369.6	1.7	13.3	0.8704	2.2	0
493	2016	328	6393.6	-0.5	12.1	0.8666	2.1	0
493	2016	329	1555.2	0.6	7	0.7857	2.3	0
493	2016	330	4924.8	0.9	9.8	0.8221	1.3	0
493	2016	331	1555.2	5.7	6.9	0.9162	1	0.4
493	2016	332	2073.6	-0.2	6.9	0.6991	2.5	0
493	2016	333	5788.8	-6.5	2.3	0.4086	2.6	0
493	2016	334	6134.4	-8.3	0.8	0.3938	1.3	0
493	2016	335	4665.6	-9.2	1.2	0.4092	1.2	0
493	2016	336	1641.6	1	3.7	0.5137	3.9	0
493	2016	337	1641.6	-3	4.9	0.5825	4.7	0.4
493	2016	338	1555.2	-6.5	-1.8	0.4495	0.8	0
493	2016	339	5529.6	-7.5	-0.9	0.4299	1	0
493	2016	340	1555.2	-7.3	-2.2	0.4125	1.6	0
493	2016	341	1555.2	-3.3	-1.4	0.4988	1.3	0
493	2016	342	1555.2	-4.2	-2.1	0.4797	2.2	0
493	2016	343	1555.2	-3.8	-1.5	0.5029	1.6	0
493	2016	344	3369.6	-6.6	1.8	0.5021	1.1	0
493	2016	345	5443.2	-3.9	7	0.6355	1.3	0
493	2016	346	3110.4	-4.8	6.7	0.6021	3	2.6
493	2016	347	1468.8	3	6.6	0.774	3.9	0.1
493	2016	348	1468.8	0.9	3.5	0.7015	2.1	0.6
493	2016	349	1468.8	1.4	4.1	0.737	1.3	0
493	2016	350	1468.8	-1.5	3.1	0.6474	2.1	0
493	2016	351	5270.4	-5.2	1.2	0.4855	2	0
493	2016	352	1468.8	-5.3	-0.6	0.4672	1.1	0
493	2016	353	1468.8	-1.9	0.5	0.5748	1.8	0
493	2016	354	4752	-3.7	3.7	0.5866	1.6	0
493	2016	355	4406.4	-4.4	0.6	0.4997	2.8	0
493	2016	356	1468.8	-3.3	-2	0.4928	2.6	0
493	2016	357	1468.8	-4	-2.4	0.4779	2.3	0.2
493	2016	358	1468.8	-3.5	-0.3	0.5316	1.4	0.2
493	2016	359	1468.8	-0.6	5.8	0.7144	2.5	2.2
493	2016	360	1468.8	4.8	8.3	0.7767	4.9	0.1
493	2016	361	1468.8	3.6	9.3	0.8485	3.1	0.1
493	2016	362	1468.8	1	4.1	0.5871	5.6	0.1
493	2016	363	2764.8	3	5.7	0.6834	4.4	0
493	2016	364	4406.4	-4.5	3.1	0.5574	1.4	0
493	2016	365	1555.2	-6.2	-3	0.4302	0.8	0
493	2016	366	1555.2	-6.8	-4.7	0.3863	0.5	0
