*---------------------------------------------------------------------------*
* Station name: STRAUBING                               
* Year: 1993
* Author: Pedro Alencar                                   -999.000: NIL VALUE
* Source: ECAD 
* Comments: 
* Longitude: 48.8283, latitude: 48.8283, altitude: 351 m.
*
* Column  Daily value
* 1       station number
* 2       year
* 3       day
* 4       irradiation                   (kJ m-2 d-1)
* 5       minimum temperature           (degrees Celsius)
* 6       maximum temperature           (degrees Celsius)
* 7       early morning vapour pressure (kPa)
* 8       mean wind speed (height: 2 m) (m s-1)
* 9       precipitation                 (mm d-1)
*
** WCCDESCRIPTION=GERMANY, STRAUBING                               
** WCCFORMAT=2
** WCCYEARNR=1993
*---------------------------------------------------------------------------*
   48.8283  12.5603    351.  -0.18 -0.55
493	1993	1	3542.4	-12.5	-3.4	0.2756	1	0
493	1993	2	4838.4	-14.8	-7.3	0.1974	0.8	0
493	1993	3	2419.2	-14.1	-4	0.2005	2.9	0
493	1993	4	4752	-8	-0.8	0.2647	5.2	0
493	1993	5	3196.8	-13	-1.8	0.2876	2	0
493	1993	6	1641.6	-10	-0.5	0.3723	2.6	11
493	1993	7	1641.6	-0.5	6.9	0.7301	1.8	6.4
493	1993	8	1641.6	1.5	7.5	0.7748	1.9	2.6
493	1993	9	1641.6	-0.6	3.8	0.6515	1.8	0.8
493	1993	10	2160	1.2	8.1	0.7319	2.3	0
493	1993	11	1641.6	2.6	13.2	0.6709	5.2	0
493	1993	12	3801.6	3.9	17.3	0.8812	6.7	1.2
493	1993	13	3196.8	-1.2	5.7	0.6322	3	1.8
493	1993	14	4233.6	2	9.5	0.7442	3.8	1
493	1993	15	4492.8	-0.8	6	0.6481	2.2	0
493	1993	16	5270.4	-0.2	11.8	0.8205	1.8	0
493	1993	17	6393.6	-1.9	8.5	0.6889	1.3	0
493	1993	18	4233.6	-1.5	5.1	0.6192	1.1	0
493	1993	19	3024	-2	7	0.6289	1.3	0
493	1993	20	3888	4	10	0.721	3.9	0
493	1993	21	4320	5	10.3	0.8166	3.7	0
493	1993	22	1900.8	5	11.5	0.8397	5.6	1.2
493	1993	23	3283.2	6	10.9	0.8069	6.3	0.2
493	1993	24	3974.4	6.3	12.4	0.8457	13	10.2
493	1993	25	4924.8	0.4	7.4	0.4925	7.9	0.5
493	1993	26	5356.8	-1.8	1.2	0.4364	6.5	3.9
493	1993	27	2073.6	-0.8	1.7	0.5745	4.7	0.7
493	1993	28	2073.6	-1.3	1	0.55	2.3	7.2
493	1993	29	2160	-0.4	4.7	0.6348	1.4	5.7
493	1993	30	7344	-8.3	-0.4	0.3365	1.1	0
493	1993	31	4060.8	-13.2	-4.8	0.2663	0.8	0
493	1993	32	6652.8	-12.7	-3.9	0.2748	0.8	0
493	1993	33	6307.2	-13.7	-4.6	0.2601	0.6	0
493	1993	34	2332.8	-10	-4.9	0.3285	0.5	0
493	1993	35	7430.4	-12.4	-3.6	0.3114	0.5	0
493	1993	36	2332.8	-7.7	-2.1	0.4036	0.9	0
493	1993	37	2419.2	-6.5	-0.5	0.4579	0.5	1.7
493	1993	38	2419.2	-0.7	2.5	0.613	0.8	0.1
493	1993	39	2505.6	-2	1	0.5656	0.7	0
493	1993	40	2505.6	-1.7	-0.3	0.5169	1.8	0
493	1993	41	5184	-3.6	0.4	0.4729	1	0
493	1993	42	6998.4	-6.6	2.1	0.4559	0.5	0
493	1993	43	7084.8	-6.5	2.5	0.4749	0.2	0
493	1993	44	2678.4	-3.2	-2.1	0.4778	0.7	0
493	1993	45	2764.8	-4.2	-2.7	0.4501	0	0
493	1993	46	2764.8	-3.2	1	0.4567	0.7	0
493	1993	47	2851.2	-6.4	-0.9	0.3967	0.9	1.5
493	1993	48	2851.2	-1.8	1.8	0.5621	3.8	4.2
493	1993	49	7689.6	-0.2	4.7	0.6178	2.1	0
493	1993	50	2937.6	0.2	3.9	0.5878	6.1	4
493	1993	51	4406.4	-0.2	2.2	0.4795	5.4	3.1
493	1993	52	4579.2	-3.5	2.3	0.4971	7.6	3.2
493	1993	53	8726.4	-9.2	-3.2	0.3039	2.6	0
493	1993	54	9331.2	-12.5	-3.5	0.2545	2.6	0.2
493	1993	55	3196.8	-8.7	-3.6	0.3399	3.7	5
493	1993	56	3283.2	-6	-2.2	0.3926	2.6	0.4
493	1993	57	7776	-14	-0.6	0.2863	1.3	0
493	1993	58	8726.4	-17.5	-1.6	0.2521	0.7	0
493	1993	59	4492.8	-15.3	0.1	0.2832	0.9	0
493	1993	60	6048	-10.4	4.4	0.294	5.1	0
493	1993	61	10713.6	1	5.6	0.4489	7.4	0.2
493	1993	62	3456	-1.8	1.4	0.4817	3.7	0
493	1993	63	6825.6	-5.6	-1.7	0.308	3.6	0
493	1993	64	10022.4	-7.5	-0.7	0.3159	3	0.1
493	1993	65	3542.4	-2.6	1.5	0.5342	5.9	3.9
493	1993	66	10022.4	0.1	5	0.5284	3.9	0
493	1993	67	10022.4	-2	1.9	0.4322	3.1	0
493	1993	68	13564.8	-5.5	4.8	0.4467	1.7	0
493	1993	69	11145.6	-6.5	8	0.529	2	0
493	1993	70	3801.6	-0.6	9.3	0.6917	1.1	0
493	1993	71	13651.2	-3.2	10.4	0.6087	1.4	0
493	1993	72	14515.2	-2.7	11.6	0.6546	1	0
493	1993	73	14601.6	-2	13.8	0.7334	0.8	0
493	1993	74	14860.8	-1.4	14.8	0.775	0.7	0
493	1993	75	14515.2	1	15.3	0.7365	2.6	0.4
493	1993	76	4147.2	8.4	11.7	1.0587	5.9	6.7
493	1993	77	13910.4	5.7	17.1	1.0909	2.9	0
493	1993	78	13651.2	5	12.5	0.7784	3.4	0
493	1993	79	16416	-1	15.6	0.7768	0.9	0
493	1993	80	12096	0	16.3	0.8557	0.9	0
493	1993	81	4406.4	7.9	15	1.162	1.2	3.8
493	1993	82	9244.8	5.9	11.3	0.8375	2.7	0.5
493	1993	83	7430.4	4.5	9.1	0.6914	1.4	0
493	1993	84	13564.8	0.2	6.7	0.5867	2.9	0.3
493	1993	85	12960	-2.5	4.1	0.5503	2.5	0.1
493	1993	86	12268.8	-3.5	3.4	0.5418	2.5	0
493	1993	87	11836.8	-3.8	3.4	0.4456	3.6	0
493	1993	88	13046.4	-3.3	3.3	0.4338	2.4	0
493	1993	89	12182.4	-3.5	6.2	0.4446	1.5	0
493	1993	90	7776	-5.9	7	0.515	1.5	0
493	1993	91	17971.2	0.8	16.7	0.7558	3.7	0
493	1993	92	12614.4	-0.2	12.3	0.7504	1.2	0
493	1993	93	16243.2	2.5	11.1	0.8396	1.8	0
493	1993	94	10022.4	2	11.2	0.7307	1.8	0.2
493	1993	95	9590.4	3.5	9.6	0.7573	2.9	4
493	1993	96	13219.2	4.6	12	0.7112	3.5	2.5
493	1993	97	9072	4.5	9	0.8268	5.2	1.7
493	1993	98	12700.8	1.8	9.5	0.6843	2.3	0
493	1993	99	20736	-1.3	12.4	0.6524	1.5	0
493	1993	100	10022.4	2.5	13.3	0.7241	1.6	0
493	1993	101	10972.8	4.7	11.3	0.8255	1.7	0
493	1993	102	5529.6	3	9.6	0.7825	2.2	0
493	1993	103	14169.6	1.1	12	0.7767	1.5	0
493	1993	104	20217.6	1.7	16.6	0.8228	1.1	0
493	1993	105	14774.4	0.5	15.7	0.9283	2	2.1
493	1993	106	19180.8	4.6	14.5	0.75	2.1	0
493	1993	107	16848	0.7	14.3	0.7461	2.3	0.9
493	1993	108	7257.6	6.4	13.2	1.0533	6	4.5
493	1993	109	5875.2	9.6	13.2	1.1447	5	1.4
493	1993	110	20908.8	8.7	18.5	1.1046	1.8	0
493	1993	111	21513.6	7	21.5	1.0872	1.8	0
493	1993	112	23328	6.1	24.1	0.9256	1.5	0
493	1993	113	23241.6	9.6	22	1.0398	2.1	0
493	1993	114	23241.6	10	23.8	0.8844	3.1	0
493	1993	115	16848	8.5	23.7	0.7492	4.3	0
493	1993	116	19440	10.2	24.7	1.1347	2.2	0
493	1993	117	24192	6.7	25.4	0.8743	5	0
493	1993	118	24624	13.2	23.8	0.8293	8.1	0
493	1993	119	24192	11.8	24.5	0.9361	5.6	0
493	1993	120	24105.6	11.5	23	1.0222	6.5	0
493	1993	121	23673.6	10.5	23.4	1.2923	2.7	0
493	1993	122	22636.8	8	21.8	1.1507	2.3	0
493	1993	123	19785.6	10	20.5	1.1942	2.4	0
493	1993	124	6480	10.5	14.1	1.0575	2.7	0
493	1993	125	14515.2	6.4	16.5	0.8783	2.4	0
493	1993	126	22291.2	9	21.1	1.1277	3.5	0
493	1993	127	26179.2	8.5	22.5	0.9848	5.6	0
493	1993	128	25574.4	7.7	23.8	0.9292	3.8	0
493	1993	129	25315.2	12	24.3	1.0817	3.6	0
493	1993	130	26352	8.5	25.1	0.9553	2.9	0
493	1993	131	26956.8	12.1	25.7	1.0464	3.7	0
493	1993	132	23241.6	7.3	24.5	1.0825	1.8	0.9
493	1993	133	24624	9.8	23.9	1.1116	1.7	0
493	1993	134	23587.2	9.7	22.6	1.3199	2.3	8.2
493	1993	135	6825.6	12	20.6	1.277	1.7	6
493	1993	136	23673.6	10.8	19.2	1.107	1.8	0
493	1993	137	27820.8	7	23.8	0.996	2.8	0
493	1993	138	27734.4	9.9	26.7	1.2389	1.8	0
493	1993	139	26697.6	11.7	26.3	1.2285	1.7	0
493	1993	140	26697.6	11.7	28.3	1.3071	1.4	0
493	1993	141	6998.4	9.6	19.2	1.4583	4.1	9.6
493	1993	142	18835.2	8.1	16	1.0965	2.7	0
493	1993	143	27907.2	5.2	20.9	1.0507	1.1	0
493	1993	144	27993.6	6.5	23.2	1.0964	1.4	0
493	1993	145	25920	8	25.9	1.1765	1.8	0
493	1993	146	25833.6	11	30.5	1.5646	1.5	0
493	1993	147	23760	16.5	25	1.589	3	12.7
493	1993	148	18662.4	11.8	20.1	1.3575	3.9	7.9
493	1993	149	28512	9.4	20.7	1.0423	2.1	0
493	1993	150	27216	8	26.1	1.1646	1.6	6.2
493	1993	151	24451.2	12.2	20.3	1.2914	2.8	0
493	1993	152	27388.8	10.4	22.2	1.2215	0.8	0
493	1993	153	8121.6	8.3	24.8	1.2411	2.5	12.7
493	1993	154	6307.2	11.8	17	1.3764	3.1	4
493	1993	155	17971.2	12.8	22.4	1.688	2.1	3.8
493	1993	156	25488	11.7	25	1.6641	1	0
493	1993	157	28080	12.2	27.7	1.5125	1	0
493	1993	158	20822.4	13.7	26.6	1.8847	1.8	1.1
493	1993	159	27388.8	14	26.3	1.5785	1.2	0
493	1993	160	28598.4	12.7	28	1.288	2.5	0
493	1993	161	22723.2	15.5	30	1.9056	1.6	0.4
493	1993	162	23673.6	13.8	27.2	1.637	3.1	77.9
493	1993	163	10368	8.4	16.7	1.2057	2.7	1
493	1993	164	15897.6	7.4	16.2	0.8435	2.7	0
493	1993	165	10886.4	9.7	18.3	1.2454	2.9	1.5
493	1993	166	11836.8	12.4	17.6	1.4988	2.2	1.8
493	1993	167	26006.4	6.8	21.7	1.1035	1.5	7.8
493	1993	168	18662.4	10.5	16.9	1.2058	2.9	1.5
493	1993	169	26784	7.3	21.9	1.0955	1.8	0
493	1993	170	28684.8	8.8	28	1.458	2.3	3.8
493	1993	171	15206.4	14.8	21	1.7202	1.6	7.5
493	1993	172	20649.6	10.5	19.6	1.4182	2.6	3.4
493	1993	173	21081.6	8	22.6	1.3022	1.6	7.9
493	1993	174	8985.6	15.3	19	1.758	1.3	15.9
493	1993	175	24105.6	9.3	17.6	1.0631	2.7	0
493	1993	176	21340.8	5.3	17.7	0.8541	1.9	1.2
493	1993	177	6393.6	10	15.7	1.1852	1.8	5.7
493	1993	178	10627.2	11.2	18.8	1.5499	2.1	3.2
493	1993	179	21945.6	9.4	17	1.0914	2.8	0
493	1993	180	28771.2	5.3	21.8	1.101	2.1	0
493	1993	181	28857.6	6.5	24.3	1.1009	1	0
493	1993	182	29116.8	8	25	1.0872	1.1	0
493	1993	183	28512	8.5	27.5	1.1128	1.2	0
493	1993	184	25660.8	11.5	27.4	1.5566	1.2	0
493	1993	185	26179.2	15	28.5	1.7413	1.1	0
493	1993	186	22291.2	15.5	28.6	1.8793	2.3	9.5
493	1993	187	10540.8	11.8	21	1.2107	3.3	0
493	1993	188	20736	9.1	19.5	1.0582	3.7	0
493	1993	189	28771.2	11.6	22.3	1.2344	1.7	0
493	1993	190	28425.6	6.7	27.2	1.0608	2.2	0
493	1993	191	16243.2	13	23	1.4837	2.6	26.4
493	1993	192	6220.8	9.9	13.3	1.1873	2.6	7.7
493	1993	193	16502.4	9	16	1.1439	2.8	4.3
493	1993	194	20476.8	9.4	16.3	1.126	3.3	0.6
493	1993	195	12614.4	9	16.5	1.1039	2.2	8.2
493	1993	196	8294.4	12.7	19.5	1.5898	3.2	7.9
493	1993	197	20908.8	12.7	25.2	1.6621	2.3	0.3
493	1993	198	20390.4	15.5	25.4	1.7039	1.9	4.2
493	1993	199	15897.6	15.5	22.7	1.9425	2	7.2
493	1993	200	17625.6	13.5	22.2	1.674	1.5	30.6
493	1993	201	12614.4	12.4	19.3	1.4927	2.5	0
493	1993	202	21427.2	11	19.8	1.2581	2.5	0
493	1993	203	22204.8	9	19.1	1.1053	2.1	1.7
493	1993	204	18144	10.4	20	1.1214	2.4	0
493	1993	205	24278.4	14.6	24.6	1.4801	3	0.7
493	1993	206	13046.4	12	23	1.5376	3.5	1.5
493	1993	207	20649.6	8.6	19.4	1.1496	2.4	0
493	1993	208	19785.6	9.5	22.3	1.1547	2.6	4.5
493	1993	209	5875.2	14	18.5	1.642	2.9	7.4
493	1993	210	20736	15	25.2	1.738	1.4	0
493	1993	211	26265.6	14.3	30.2	1.7147	2.7	3.5
493	1993	212	13478.4	11.5	19.8	1.4383	2.8	5.3
493	1993	213	25315.2	7.7	23.2	1.1044	1	0
493	1993	214	25747.2	9.2	29.2	1.2661	1.5	0
493	1993	215	23846.4	12.5	30	1.7141	1.4	3
493	1993	216	20044.8	15	30.4	1.8998	2.3	8
493	1993	217	18921.6	15	25.7	2.0751	2	14.7
493	1993	218	23846.4	14.3	22.3	1.2599	2.6	0
493	1993	219	25401.6	8.5	23.3	1.1547	1	0
493	1993	220	22032	8.5	24.9	1.0441	1.1	1.8
493	1993	221	19353.6	12.7	21.9	1.617	2.7	0.1
493	1993	222	13564.8	12.3	17.5	1.5061	3.1	15
493	1993	223	21168	11	21.8	1.4342	1.5	0
493	1993	224	24710.4	9.8	27.7	1.4255	2.2	0
493	1993	225	21081.6	13.4	25.4	1.6418	1.4	0
493	1993	226	24019.2	14.1	30.4	1.7415	1.3	0
493	1993	227	23673.6	13.5	30.3	1.7311	1.3	0
493	1993	228	23587.2	15.7	30.2	1.8729	1	0
493	1993	229	17712	15.5	25.2	1.6696	2.8	0.3
493	1993	230	23155.2	13.1	23.5	1.4489	1.1	0
493	1993	231	20908.8	10.3	25.4	1.3882	0.9	0
493	1993	232	21600	12.5	26.2	1.4125	1.8	0
493	1993	233	22982.4	12.5	28.2	1.4072	1.7	0
493	1993	234	21168	12.2	32.3	1.3664	3.4	9.1
493	1993	235	16329.6	13	22.3	1.6933	2.7	1.7
493	1993	236	4924.8	11	13.9	1.27	1.7	5.1
493	1993	237	8812.8	10.8	16.9	1.2966	1	0.4
493	1993	238	19440	9.7	19.8	1.1899	1.2	0
493	1993	239	14342.4	5.5	19	1.0256	0.9	6.5
493	1993	240	8640	8.6	15	1.1754	2.7	0.1
493	1993	241	19267.2	5	17.7	0.9933	2.7	0
493	1993	242	16675.2	3.5	18.9	0.917	2.4	11.4
493	1993	243	13996.8	10	14.4	1.079	3.6	4.3
493	1993	244	15292.8	8.7	16	1.1614	2.4	0
493	1993	245	13910.4	5.1	17.3	0.9968	1	1.5
493	1993	246	4924.8	11	13.9	1.2845	2.7	9.4
493	1993	247	10713.6	9.5	13.4	1.108	2.5	2.8
493	1993	248	15120	7.7	13	1.0927	2.8	3.3
493	1993	249	19008	3.8	16.7	0.9607	1	0
493	1993	250	18403.2	2.3	21	1.0269	1.4	0
493	1993	251	8553.6	11.9	20.5	1.508	2.3	2.7
493	1993	252	16588.8	10.2	25.1	1.5321	2.8	6.5
493	1993	253	10281.6	12.1	19	1.4644	2.2	8.9
493	1993	254	16934.4	9.2	19.7	1.2329	1.3	5.2
493	1993	255	13392	10	18	1.2294	2.8	0
493	1993	256	14083.2	7.3	21.7	1.2039	3.7	0.5
493	1993	257	14515.2	10.4	18.3	1.2739	2.6	9.4
493	1993	258	16329.6	9.5	19.7	1.2449	2.4	1
493	1993	259	16156.8	8.3	18.3	1.0832	4.2	0.4
493	1993	260	14774.4	6	17.7	0.985	1.9	0
493	1993	261	16329.6	4.7	18.8	1.0199	0.7	0
493	1993	262	16502.4	4.3	19.4	1.0544	1.4	0
493	1993	263	16416	6.5	20.5	1.1747	1.9	0
493	1993	264	15638.4	10.7	25.3	1.5868	1.7	0
493	1993	265	15120	12.5	26.5	1.6294	2.8	0
493	1993	266	11836.8	12	24	1.6486	1.1	0
493	1993	267	12787.2	11	25.8	1.458	2.2	0
493	1993	268	8208	13.2	19.2	1.4896	2.3	10.3
493	1993	269	3801.6	9.8	14	1.1553	2.9	0.3
493	1993	270	14515.2	6	16.5	1.0268	1	0
493	1993	271	13737.6	4.5	17.8	0.967	1.2	2.9
493	1993	272	4320	8.8	12	1.109	1.2	2
493	1993	273	7776	7.5	11.3	0.9311	3	0
493	1993	274	10972.8	5.5	17	1.0001	3.4	0
493	1993	275	3542.4	10.5	17.5	1.1496	3.6	7.5
493	1993	276	10972.8	7.5	14.8	1.0597	3.7	0
493	1993	277	12182.4	4	16.5	0.9108	1.2	0
493	1993	278	12182.4	9.7	20.5	1.2342	2.6	0
493	1993	279	9849.6	10.5	18.5	1.3358	2.6	0
493	1993	280	12614.4	9.3	19.1	1.1969	1.3	0
493	1993	281	5011.2	7.2	17	1.1142	3.3	0
493	1993	282	7430.4	7.2	14.4	1.0742	2.7	0.2
493	1993	283	6393.6	2.2	14.9	0.9237	2.4	0
493	1993	284	7862.4	7.8	18.2	1.2418	2.2	0
493	1993	285	7257.6	9.3	18	1.2799	3.9	14.2
493	1993	286	10195.2	9.3	18.7	1.2933	3	0
493	1993	287	2937.6	9.3	16.2	1.2069	2.9	1.3
493	1993	288	6307.2	8.3	14.6	1.0404	3.2	3.6
493	1993	289	8467.2	4.7	11.9	0.8754	1.2	0
493	1993	290	2851.2	5.1	8.1	0.8476	2.4	3.8
493	1993	291	4060.8	3.6	9.3	0.7232	2.3	0
493	1993	292	2764.8	0.2	7.1	0.6585	1.1	0
493	1993	293	2678.4	4.7	6.6	0.8394	0.7	0.2
493	1993	294	2678.4	4.5	7.5	0.8506	1	8.3
493	1993	295	2592	3.9	5.2	0.769	3.7	6.3
493	1993	296	2592	5	8.2	0.8768	3.3	18.5
493	1993	297	2592	5	8.1	0.9029	2.9	1
493	1993	298	2505.6	4.3	6.7	0.7946	1.9	0
493	1993	299	2505.6	3.4	6.1	0.7113	1.3	0
493	1993	300	8553.6	-1.4	9	0.6735	0.8	0
493	1993	301	2419.2	-2.6	3.7	0.5723	1	0
493	1993	302	5097.6	-1.8	6.9	0.6458	0.7	0
493	1993	303	4752	-1.5	6	0.6466	0.5	0
493	1993	304	2246.4	-0.5	3.1	0.6108	1.2	0
493	1993	305	2678.4	-0.7	5	0.6277	1.7	0
493	1993	306	2246.4	-0.7	4.7	0.6492	2	0
493	1993	307	2160	2.6	6.1	0.75	1	0
493	1993	308	2160	1.8	5.5	0.7378	1.7	0
493	1993	309	2073.6	2.3	7.6	0.7648	1.8	2.2
493	1993	310	2073.6	1.5	10.4	0.8663	0.8	2.1
493	1993	311	2073.6	6.2	10	0.9931	1	0.9
493	1993	312	1987.2	6.4	8.7	0.8734	1.6	0.3
493	1993	313	1987.2	4.9	7.3	0.8001	1.9	0
493	1993	314	4924.8	2.1	9.6	0.7401	1.4	0
493	1993	315	1900.8	4.3	8.1	0.8056	2.5	7.9
493	1993	316	4060.8	-0.3	6.5	0.6944	1	0
493	1993	317	1900.8	0.9	2.9	0.6236	1.6	0
493	1993	318	3801.6	0.7	9	0.6731	5.6	3.4
493	1993	319	1814.4	0.5	6.4	0.7118	6.4	6.9
493	1993	320	1814.4	0.5	2	0.5283	3.7	0
493	1993	321	2764.8	-2.4	1.5	0.4849	3.1	0
493	1993	322	6393.6	-3.9	0.8	0.3764	1.4	0
493	1993	323	5270.4	-7.5	0.7	0.3376	1.8	0
493	1993	324	4752	-9.5	-2.2	0.2964	1.9	3
493	1993	325	1641.6	-14	-2.8	0.2726	1.1	0.3
493	1993	326	1641.6	-11	-4	0.3028	2.1	0
493	1993	327	1641.6	-10.5	-3.2	0.3221	1.9	0
493	1993	328	1641.6	-6	-3	0.3897	1.9	0
493	1993	329	1641.6	-3.8	-2.5	0.4458	2	0
493	1993	330	1555.2	-4	-2.2	0.4037	1.7	0
493	1993	331	1555.2	-9.6	-3.4	0.3196	0.4	0
493	1993	332	1555.2	-7	-3.9	0.3504	1.8	0.1
493	1993	333	4924.8	-11.3	-4.5	0.2969	0.8	0
493	1993	334	1555.2	-13.7	-2.3	0.3013	1	0
493	1993	335	1641.6	-7.8	-3.5	0.3812	0.8	0
493	1993	336	1641.6	-3.7	2.1	0.5245	2.1	0.2
493	1993	337	1641.6	0.9	5.6	0.7019	1.3	0
493	1993	338	1641.6	-1	3.4	0.6331	1.8	0
493	1993	339	4320	-0.8	7.6	0.7093	1.1	0
493	1993	340	1555.2	-2.4	1.7	0.5718	1.4	0
493	1993	341	1555.2	-1.8	1.8	0.5621	2.1	5.1
493	1993	342	1555.2	0.5	5.1	0.6948	2.9	9.3
493	1993	343	1555.2	3.7	12	0.5943	9	2
493	1993	344	1555.2	4.5	8.1	0.7921	3.2	4.4
493	1993	345	1555.2	1.1	9.4	0.7365	6	4
493	1993	346	1555.2	0.2	4.4	0.6417	3.7	6.8
493	1993	347	2851.2	0.7	6.9	0.7296	3	12.1
493	1993	348	1468.8	1.2	6.4	0.7056	3.4	0.3
493	1993	349	4233.6	0.4	6.9	0.6664	2.5	0.3
493	1993	350	3024	1.5	5.5	0.5966	5.4	1.7
493	1993	351	1468.8	0.7	4	0.6584	4.7	19.8
493	1993	352	1468.8	3.2	8.5	0.8048	2.3	0
493	1993	353	1468.8	1.5	11.3	0.7976	4.6	16.3
493	1993	354	1468.8	4	12.5	1.0033	4.3	29.6
493	1993	355	1468.8	2.7	13.7	0.8368	7.7	0.4
493	1993	356	2505.6	0	6	0.5228	7.5	1.3
493	1993	357	3196.8	3.2	6	0.67	6.4	0
493	1993	358	1468.8	0	3.2	0.6035	2.7	4.3
493	1993	359	1468.8	-0.2	1.1	0.5429	3.3	0.3
493	1993	360	1468.8	-2.2	0.7	0.4512	3.4	0
493	1993	361	1468.8	-1.7	-0.3	0.4885	2	0
493	1993	362	3628.8	-4.3	2.5	0.5035	1.2	0
493	1993	363	1555.2	-5.2	-0.7	0.4377	3.3	1.4
493	1993	364	3456	-2.5	6.5	0.6422	2.8	2.9
493	1993	365	1555.2	2.1	11.8	0.7285	4.7	9.5
