*---------------------------------------------------------------------------*
* Station name: STRAUBING                               
* Year: 2002
* Author: Pedro Alencar                                   -999.000: NIL VALUE
* Source: ECAD 
* Comments: 
* Longitude: 48.8283, latitude: 48.8283, altitude: 351 m.
*
* Column  Daily value
* 1       station number
* 2       year
* 3       day
* 4       irradiation                   (kJ m-2 d-1)
* 5       minimum temperature           (degrees Celsius)
* 6       maximum temperature           (degrees Celsius)
* 7       early morning vapour pressure (kPa)
* 8       mean wind speed (height: 2 m) (m s-1)
* 9       precipitation                 (mm d-1)
*
** WCCDESCRIPTION=GERMANY, STRAUBING                               
** WCCFORMAT=2
** WCCYEARNR=2002
*---------------------------------------------------------------------------*
   48.8283  12.5603    351.  -0.18 -0.55
493	2002	1	1555.2	-8.7	-2.4	0.3477	3.3	0.1
493	2002	2	1555.2	-6.3	-2.2	0.3703	3.7	0.4
493	2002	3	6048	-14.6	-5.7	0.2404	1.6	0
493	2002	4	6134.4	-16.1	-5.8	0.2043	1.2	0
493	2002	5	6048	-17.1	-7.1	0.196	1	0
493	2002	6	4579.2	-18.8	-7.9	0.188	0.8	0.6
493	2002	7	1641.6	-8	-4.2	0.3567	1.1	0
493	2002	8	1641.6	-7.6	-2.7	0.396	0.7	0
493	2002	9	1641.6	-4.4	-2.7	0.4561	1.1	0
493	2002	10	1641.6	-6.4	-4.3	0.39	1.2	0.2
493	2002	11	1641.6	-7	-5	0.3711	1.5	0.8
493	2002	12	1728	-7.2	-2.9	0.4032	1.2	2.7
493	2002	13	1728	-3.8	-1.7	0.4892	0.9	0
493	2002	14	1728	-4.8	-3.1	0.4381	1.4	0
493	2002	15	1728	-4.9	-3.1	0.4092	3.2	0
493	2002	16	1728	-5.6	-4.5	0.3822	1.8	0
493	2002	17	1814.4	-5	-2.8	0.4352	2.3	0
493	2002	18	1814.4	-6.7	-4	0.3941	2.1	0
493	2002	19	2764.8	-4.3	0.5	0.4997	3.1	1.4
493	2002	20	1900.8	-0.4	5	0.6561	2.4	4.1
493	2002	21	1900.8	-0.2	7	0.7015	4.1	0.2
493	2002	22	4579.2	-1.2	4	0.6625	1.9	0
493	2002	23	5961.6	-2	4.9	0.6377	2.4	0.8
493	2002	24	3715.2	0.7	7.1	0.7429	2.7	0.9
493	2002	25	3628.8	-0.5	7.4	0.6649	4.2	1.7
493	2002	26	4406.4	0.2	11	0.7728	2.7	0.6
493	2002	27	2073.6	3	11.9	0.7435	9.2	0.4
493	2002	28	4320	9.3	14.6	1.0195	7.3	0
493	2002	29	7689.6	1.2	11.3	0.7513	2.4	0
493	2002	30	7689.6	-1.1	9.9	0.6941	3	0
493	2002	31	3283.2	-1.5	5.8	0.6634	1.4	0
493	2002	32	5702.4	0.2	11.6	0.8262	2	0
493	2002	33	8553.6	-0.2	12.5	0.8028	2.3	0
493	2002	34	8899.2	-1.4	11.5	0.7789	1.5	0
493	2002	35	8121.6	-2.3	9.4	0.7011	1.9	0
493	2002	36	2764.8	0.1	8.1	0.6879	3.2	0.1
493	2002	37	2419.2	3.7	8.3	0.8413	1.6	9.4
493	2002	38	5011.2	0.8	7.7	0.7365	2.7	2.9
493	2002	39	2505.6	0.6	6.4	0.6987	3.4	9.9
493	2002	40	2937.6	4.2	12.1	0.9748	2.8	3.2
493	2002	41	5616	4.2	9.2	0.7946	6.7	1.3
493	2002	42	3283.2	4.8	10.7	0.7905	5.5	0
493	2002	43	5356.8	10.3	13.7	0.9388	7.5	0
493	2002	44	2678.4	5	11.8	0.9364	4.5	12
493	2002	45	8294.4	-0.5	7.2	0.6214	3.8	0
493	2002	46	10368	-1.8	8.5	0.4971	4.4	0
493	2002	47	10108.8	-2.2	11	0.577	2.5	0
493	2002	48	9417.6	-2	8	0.6517	1.2	0
493	2002	49	5356.8	-3.7	5.4	0.5978	1.7	0.1
493	2002	50	7430.4	2	6.8	0.6523	7.3	1.5
493	2002	51	3024	2.5	6.6	0.7099	9.1	2.9
493	2002	52	3024	-4.9	5.2	0.5189	4.2	2.8
493	2002	53	6048	-6.6	4.8	0.4806	2.9	2
493	2002	54	5961.6	0.3	7.4	0.6517	7.3	8
493	2002	55	6566.4	-1.5	2.7	0.536	5.8	3.2
493	2002	56	3196.8	-1.2	7.3	0.6844	4.9	1.8
493	2002	57	3283.2	5.8	11.8	0.815	6.1	0.4
493	2002	58	7430.4	3.2	13.1	0.8123	6.6	5.5
493	2002	59	8294.4	0	10.3	0.7314	3.4	0.7
493	2002	60	8640	-0.5	8.7	0.6879	2.1	0.5
493	2002	61	3369.6	1.2	5.3	0.7019	2.4	2.6
493	2002	62	13305.6	-1.7	6.2	0.5747	2.4	0
493	2002	63	14601.6	-2.9	7.2	0.5849	1.3	0
493	2002	64	12096	-3.1	9.5	0.6456	1.3	0
493	2002	65	13996.8	-3.1	13.3	0.7113	2.2	0
493	2002	66	5270.4	6.9	11.2	0.8518	6.9	3.2
493	2002	67	15206.4	0.2	10.4	0.5966	2.5	0
493	2002	68	12528	-1.6	12.1	0.6833	1.7	0.1
493	2002	69	15984	-0.4	11.3	0.5489	3.6	0
493	2002	70	15811.2	-1.3	15.6	0.6677	3.3	0
493	2002	71	14342.4	-0.2	16.3	0.7423	2	0
493	2002	72	16070.4	-0.9	16.6	0.8065	1.8	0
493	2002	73	13564.8	-0.4	13.7	0.7723	2.4	0
493	2002	74	15465.6	1.8	12.9	0.7898	1.9	0
493	2002	75	15033.6	-0.4	14.1	0.8425	1.6	0
493	2002	76	12096	0.9	12.7	0.8791	1.8	0
493	2002	77	14688	0.2	16.2	0.9129	1.8	2.6
493	2002	78	4233.6	6.2	11.5	1.0108	4	15.8
493	2002	79	4320	5.2	12.9	1.0706	5.4	31.4
493	2002	80	5270.4	7.3	13.3	1.1392	6.1	29.6
493	2002	81	7257.6	2.2	10	0.8001	5.7	7.3
493	2002	82	11059.2	1.2	4.2	0.5638	4.7	0.1
493	2002	83	7430.4	0.2	3.7	0.5485	4.5	0.9
493	2002	84	11836.8	-2.4	3.7	0.4611	2.9	0
493	2002	85	10108.8	-3.8	3.6	0.4671	1.4	0
493	2002	86	11750.4	-2.7	6.7	0.5222	2	0
493	2002	87	19612.8	-3.8	9.4	0.5379	2.5	0
493	2002	88	19958.4	-1.2	14.5	0.6745	2.2	0
493	2002	89	20217.6	-1.5	16.9	0.7353	1.5	0
493	2002	90	16416	1.5	16.3	0.8091	1.2	0
493	2002	91	19353.6	3.3	16.7	0.8589	1.2	0
493	2002	92	20476.8	1.1	17.7	0.8014	2.9	0
493	2002	93	20390.4	4.8	17.7	0.8267	5.9	0
493	2002	94	21168	3.4	16.1	0.5912	4.9	0
493	2002	95	20822.4	-0.9	11.6	0.4379	4.1	0
493	2002	96	21427.2	-4.1	6.3	0.3705	3.5	0
493	2002	97	21945.6	-5.8	9.1	0.4061	2.2	0
493	2002	98	20908.8	-3.2	11.8	0.465	2.1	0
493	2002	99	19699.2	-0.5	12.1	0.4333	3.4	0
493	2002	100	10800	0.5	9.2	0.5437	6.2	0
493	2002	101	22204.8	-0.5	16.4	0.7052	3.1	0
493	2002	102	14774.4	6.1	17.9	0.9668	3.9	0
493	2002	103	13910.4	6.6	15.1	0.9999	2.1	0
493	2002	104	6220.8	5.7	9.6	0.848	3.6	0
493	2002	105	10886.4	1.4	9.5	0.6659	3.2	0
493	2002	106	17107.2	-1	12	0.6411	1.7	0
493	2002	107	10195.2	-0.3	11.9	0.6822	2.2	0
493	2002	108	18921.6	-1.1	15	0.7185	1.3	0
493	2002	109	19872	0.4	15.1	0.7905	2.2	9.3
493	2002	110	5875.2	6.3	8.5	0.9468	2.7	4.5
493	2002	111	9676.8	7.3	14	1.0892	1.5	0.2
493	2002	112	13824	2.4	16	0.907	1.5	0
493	2002	113	18748.8	5.6	19.3	1.0102	1.9	4.3
493	2002	114	15811.2	9.5	14.8	1.1462	2.8	0.6
493	2002	115	6825.6	7.7	13.5	1.1877	1.7	1.9
493	2002	116	16934.4	5.1	19.7	1.2227	3	12.2
493	2002	117	15811.2	4.6	11.9	0.7524	4.8	0.1
493	2002	118	19699.2	1.8	17.6	0.7456	3.7	0.1
493	2002	119	12787.2	6.1	15.7	0.9511	4.2	0.8
493	2002	120	22118.4	4.3	17.4	0.844	2.8	0
493	2002	121	24624	6.4	21.6	0.958	3.5	0
493	2002	122	21772.8	8.4	19.9	1.1608	2.2	0
493	2002	123	17452.8	7.9	22.6	1.3846	2.3	0
493	2002	124	7430.4	7.7	13.8	1.1351	3.1	0.7
493	2002	125	16934.4	4.9	14.4	0.8749	2.3	12.4
493	2002	126	18489.6	7.8	15.7	1.1302	2	0
493	2002	127	25315.2	6.2	20.8	1.1438	2.4	0
493	2002	128	19872	10	23	1.1434	5.5	0
493	2002	129	27302.4	11.8	25	1.1833	5.4	0.1
493	2002	130	20044.8	11.4	19.1	1.3673	2.6	6
493	2002	131	24710.4	8.9	22.1	1.3366	2.3	4.5
493	2002	132	19008	9	18.8	1.3325	2.5	0.1
493	2002	133	21081.6	7.8	20.8	1.3838	1.6	0.9
493	2002	134	21081.6	8.5	21.3	1.2015	2.8	0
493	2002	135	21945.6	7.7	20.5	1.0446	2.3	0
493	2002	136	28080	6.1	23.5	1.1601	2	0
493	2002	137	28252.8	7.9	28.3	1.3064	1.9	0
493	2002	138	27734.4	10	27.6	1.3649	2.1	2.3
493	2002	139	10713.6	12.1	17.1	1.3943	3.8	0.1
493	2002	140	8553.6	10.1	15.4	1.2952	1.3	0.9
493	2002	141	24364.8	9	22.1	1.3938	1.8	0
493	2002	142	27734.4	11.3	26.2	1.3607	3	0
493	2002	143	22204.8	11.4	25.7	1.4718	2.2	2.6
493	2002	144	9590.4	8.5	14.9	1.2501	3.6	0.2
493	2002	145	13564.8	7	20.7	1.344	2.9	7.3
493	2002	146	13219.2	8.7	15.6	1.1886	1.7	0
493	2002	147	7084.8	10.2	15.7	1.3421	2	2.7
493	2002	148	7084.8	10.7	13.2	1.2429	3.3	0.4
493	2002	149	21254.4	10.4	19.7	1.2644	2.9	0.3
493	2002	150	29289.6	5.9	19.9	0.981	1.6	0
493	2002	151	25315.2	7.2	21.9	1.0754	1.8	0
493	2002	152	28425.6	6.9	21.6	0.9736	2.3	0
493	2002	153	29808	5.1	21.1	0.8885	1.9	0
493	2002	154	27043.2	7.2	22.9	1.0081	2.2	0
493	2002	155	19785.6	8.5	23.6	1.3297	2.1	0
493	2002	156	15897.6	13.6	26.2	1.4383	5.7	0
493	2002	157	12182.4	11.3	20.7	1.4708	1.7	0
493	2002	158	6307.2	12.5	16.8	1.532	3.8	31.8
493	2002	159	23760	10.5	21.3	1.2629	2.6	0
493	2002	160	13478.4	10.7	20.1	1.3805	1.4	9.3
493	2002	161	11145.6	9.4	17.7	1.2871	3.1	1.4
493	2002	162	23328	7.8	20.4	1.1249	1.9	0
493	2002	163	28339.2	9.6	24.2	1.3074	1.5	0
493	2002	164	23414.4	12	26.5	1.5374	2.5	0
493	2002	165	27129.6	13.6	25.9	1.6318	2.1	0
493	2002	166	25833.6	13.3	28.4	1.894	2.4	6.5
493	2002	167	21859.2	15.4	26.7	1.9173	1.5	0
493	2002	168	24451.2	13.5	28.2	1.9185	1.4	0
493	2002	169	27216	16	29.8	2.0902	2.6	0
493	2002	170	27475.2	15	32.2	2.0349	1.6	0
493	2002	171	25142.4	18	31.2	2.1297	1.9	0.9
493	2002	172	22896	16.8	28.7	2.1265	2.2	2.6
493	2002	173	22636.8	16.3	27.2	2.1571	1.5	0
493	2002	174	29462.4	17.4	31.5	2.0495	2.3	15.5
493	2002	175	13910.4	16.1	22.9	1.9009	4.2	1
493	2002	176	24192	12.6	22.7	1.4716	1.6	0
493	2002	177	29980.8	10.1	23.7	1.3458	2	0
493	2002	178	27648	10.7	26.9	1.4949	2.2	4.4
493	2002	179	19353.6	11.5	20.2	1.169	3	0
493	2002	180	20476.8	6.1	18.9	0.8977	3.1	0
493	2002	181	28425.6	4.1	21.2	0.9943	1.9	0
493	2002	182	26092.8	9.2	25.3	1.317	2.2	0.3
493	2002	183	6307.2	13.9	17.2	1.6232	1.5	9
493	2002	184	21340.8	13.9	25.9	1.879	2.8	12.9
493	2002	185	15379.2	10.8	18.2	1.2699	4.8	0.1
493	2002	186	29548.8	7.8	22.8	1.2501	2.2	0.1
493	2002	187	16848	11.7	21.7	1.5757	2.5	1.5
493	2002	188	20044.8	11.5	23.2	1.5627	1.6	0
493	2002	189	29894.4	11.1	27.1	1.5894	2.3	0
493	2002	190	28857.6	11.7	31.4	1.7202	2.1	3.2
493	2002	191	20822.4	15.1	29.5	2.2305	3	5.2
493	2002	192	16243.2	10.9	19.1	1.4136	1.5	0.1
493	2002	193	25920	10.1	25.9	1.4219	1.6	5.8
493	2002	194	20736	15	25.3	1.8612	2.7	4.4
493	2002	195	20476.8	13.9	24.4	1.705	1.4	0.4
493	2002	196	16588.8	17.6	23.6	2.0346	3.6	2.4
493	2002	197	17020.8	18.2	26	2.1771	2.5	13.9
493	2002	198	6134.4	15.6	21.4	1.9562	2.7	17.3
493	2002	199	6134.4	13	15.8	1.5402	3.6	6.5
493	2002	200	20736	11.6	21.8	1.4428	1.8	0
493	2002	201	24105.6	9.3	25.3	1.4592	1.2	0
493	2002	202	20995.2	12.7	27.2	1.815	3.3	5.5
493	2002	203	24883.2	11.5	21.9	1.2719	3	0
493	2002	204	21254.4	8.9	23	1.2851	1.5	0
493	2002	205	14083.2	13.4	24.6	1.7989	2.5	12.6
493	2002	206	13564.8	12.7	19.7	1.4712	3	0.5
493	2002	207	9504	11.8	17.6	1.3866	1.9	1.4
493	2002	208	13824	12.4	21.5	1.6394	1.2	0
493	2002	209	27907.2	10.5	27.5	1.5795	2.5	0
493	2002	210	27043.2	13.8	29.4	1.8027	2.2	0
493	2002	211	26524.8	14.7	29.8	1.8219	1.4	0
493	2002	212	24537.6	14.8	28.6	1.9174	2.1	0
493	2002	213	14860.8	16.9	25.5	1.935	2.5	4
493	2002	214	18230.4	12.3	22.7	1.5776	2.4	0
493	2002	215	26524.8	10.4	28.1	1.6265	1.4	8.3
493	2002	216	12355.2	15.9	23.4	1.8958	2	3.1
493	2002	217	23155.2	13.7	24.5	1.6777	2.4	0
493	2002	218	6393.6	13.9	21.2	1.6426	1.7	22.2
493	2002	219	5529.6	14.2	17.1	1.7046	2.9	11.9
493	2002	220	7257.6	11.3	19.2	1.5749	2	1.2
493	2002	221	19612.8	12.1	23.4	1.6635	1.2	0.1
493	2002	222	13219.2	15.1	23.4	1.8048	1.5	0
493	2002	223	5443.2	15.1	18.2	1.7789	2.2	21.2
493	2002	224	5356.8	14.5	17.4	1.6471	6.1	21
493	2002	225	10713.6	14.1	19.2	1.495	4.3	0
493	2002	226	13392	14.2	22.1	1.6018	2.7	0
493	2002	227	14515.2	15.2	24.5	1.827	1.4	0
493	2002	228	23068.8	13.3	26.6	1.815	1.2	0
493	2002	229	21600	13.5	25.2	1.7936	1.6	0
493	2002	230	23587.2	12.7	28.1	1.7705	2.2	0
493	2002	231	24105.6	12.6	28.6	1.7197	1.8	0
493	2002	232	23760	13.3	28.8	1.6932	2.4	0
493	2002	233	6307.2	14.4	21.3	1.776	2.3	5.8
493	2002	234	11059.2	13.3	21.6	1.712	1.3	0
493	2002	235	21600	11.6	25.4	1.6798	1	0
493	2002	236	17539.2	12	26.7	1.7264	1	0
493	2002	237	22464	13.4	27.9	1.8465	1.7	0
493	2002	238	22291.2	13.2	28	1.6955	2.5	0
493	2002	239	14688	15	24.2	1.8672	2.1	3
493	2002	240	13996.8	14.6	24.1	1.8385	1.3	0
493	2002	241	17452.8	12.6	25.2	1.8313	1.5	0
493	2002	242	18662.4	12.2	27.1	1.873	1	0
493	2002	243	20736	12.5	27.3	1.7398	1.3	0.8
493	2002	244	5011.2	13.4	19.8	1.5657	5.4	0.4
493	2002	245	12096	9.8	20.1	1.2563	2.4	0
493	2002	246	14947.2	7.2	23.3	1.298	2.1	0
493	2002	247	20044.8	11.4	25.9	1.5024	1.8	0.8
493	2002	248	11404.8	9.7	19.7	1.4367	2	1.2
493	2002	249	12355.2	9.5	22.3	1.6418	1.4	6.1
493	2002	250	16848	8.7	23.1	1.4975	1.5	0
493	2002	251	19699.2	9.4	24.9	1.5431	1.6	0
493	2002	252	19785.6	10	26	1.5662	2.2	9.3
493	2002	253	4579.2	11.1	17	1.4417	3.4	4.4
493	2002	254	6566.4	9.8	16.6	1.349	1.4	0
493	2002	255	19353.6	7.3	20	1.1082	2.4	0
493	2002	256	19008	2.6	18.1	0.8038	1.4	0
493	2002	257	15811.2	3.4	20	1.0303	2	1.1
493	2002	258	13737.6	9	16.1	1.0314	3	0
493	2002	259	13910.4	5.6	16.4	0.9705	1.6	0
493	2002	260	13219.2	3.4	17.5	0.9862	1.2	0
493	2002	261	17625.6	3.7	20.5	1.0719	1.1	0
493	2002	262	8121.6	6.1	15.9	1.1935	2.1	16.4
493	2002	263	7862.4	13.1	19.3	1.6551	1.7	1.4
493	2002	264	11404.8	10.4	18.3	1.2413	1.5	0
493	2002	265	8640	7.5	16	1.1026	2	0.1
493	2002	266	7948.8	6.2	13.5	1.069	2.5	6.3
493	2002	267	3888	3.6	9.4	0.8418	5	18.5
493	2002	268	3888	3.7	6.6	0.8019	2.5	2.9
493	2002	269	3801.6	5.7	9.9	1.0048	3.4	7.3
493	2002	270	8380.8	4.7	12.6	0.9748	3.3	12.8
493	2002	271	11491.2	1.9	13.1	0.8601	1.4	0
493	2002	272	12873.6	1	14.5	0.9065	0.9	0
493	2002	273	15379.2	0.2	15.7	0.8975	1.3	0
493	2002	274	13478.4	1.4	16.7	0.99	1.2	0
493	2002	275	10972.8	2.9	15.7	1.0653	1.3	0
493	2002	276	4406.4	3.7	13.1	1.0796	0.9	0.1
493	2002	277	3456	6.1	15.8	1.2549	2.2	3.6
493	2002	278	6825.6	8.6	13	1.1648	3	12.5
493	2002	279	5529.6	8.2	12.8	1.1671	4.7	5.2
493	2002	280	12096	3	10.1	0.767	2.1	0
493	2002	281	9676.8	-0.3	11	0.7238	1.6	0.1
493	2002	282	13824	-0.9	13.8	0.7907	2.8	0
493	2002	283	13132.8	0.3	14.1	0.8629	2.2	0
493	2002	284	3110.4	5.9	10.6	0.9269	2.2	4.8
493	2002	285	3024	4.3	6.1	0.8666	1.6	7.2
493	2002	286	5875.2	3.3	9.7	0.9192	1.9	3.9
493	2002	287	2937.6	5.1	10.9	1.0614	3	0.8
493	2002	288	2937.6	8.2	11	1.1229	2.7	2.3
493	2002	289	9849.6	9.5	18.6	1.4737	2.7	6.4
493	2002	290	2851.2	9.2	13.2	1.2626	3.1	26.1
493	2002	291	5875.2	4	9.9	0.8982	3.4	4.6
493	2002	292	7862.4	0.8	9.9	0.7595	3.8	0.3
493	2002	293	3888	-2.2	7.1	0.6704	1.5	0
493	2002	294	3196.8	3.6	10.3	0.8682	3.2	0.6
493	2002	295	7948.8	7.3	15.5	1.2525	2.7	1.3
493	2002	296	6220.8	7.5	17.8	1.1552	4.9	1.7
493	2002	297	5702.4	3	11.5	0.8455	3.1	2.2
493	2002	298	2505.6	4.7	12.8	1.0717	3.4	8.4
493	2002	299	6825.6	5.9	14.1	0.9448	6	2.1
493	2002	300	3542.4	3.9	16.1	0.9693	5.4	3.8
493	2002	301	7430.4	1.4	11	0.6824	6.2	1.9
493	2002	302	6566.4	1.1	9.5	0.7747	2.3	2.4
493	2002	303	2332.8	3.9	9	0.9257	1.2	5.2
493	2002	304	2246.4	6.9	8.5	1.0084	2.9	1.9
493	2002	305	2246.4	6.7	10.5	1.0832	1.3	2.4
493	2002	306	3196.8	8.2	13.2	1.2214	3.5	7
493	2002	307	2160	5	9.4	1.005	3.5	9.7
493	2002	308	3110.4	5.5	10.1	0.973	3.1	3.3
493	2002	309	2073.6	-1.7	6	0.5706	3.4	0
493	2002	310	3542.4	-1.7	2.2	0.5164	1.9	0
493	2002	311	2073.6	-0.8	0.7	0.5479	2.5	1.2
493	2002	312	3369.6	0.7	6.4	0.6933	3.6	5.6
493	2002	313	1987.2	0.7	8	0.7334	5.1	2.3
493	2002	314	3628.8	-0.6	6.4	0.6395	2.8	11.9
493	2002	315	1900.8	1.7	10	0.8789	4.2	17.4
493	2002	316	6998.4	0.8	11	0.8448	2.5	0
493	2002	317	3110.4	-0.1	7.9	0.759	2.5	0
493	2002	318	3801.6	0.4	11.2	0.8574	2.6	0
493	2002	319	2937.6	2	10.1	0.8911	1.4	0
493	2002	320	2505.6	3.8	15.5	1.0787	2.5	0
493	2002	321	4665.6	2.3	11.4	0.8722	1.6	0
493	2002	322	1728	0.9	7	0.786	1.3	1.6
493	2002	323	1728	5.7	7.9	0.9482	3.1	3
493	2002	324	1728	3.1	6.7	0.7881	1.8	0
493	2002	325	6825.6	0.7	9.9	0.8014	3.5	0
493	2002	326	1641.6	1.1	6.3	0.7723	2.8	21.9
493	2002	327	6393.6	3.2	9.8	0.8805	3.1	0
493	2002	328	4147.2	1	7.1	0.7507	2.5	0
493	2002	329	2073.6	3.5	12	0.8854	2.9	0
493	2002	330	1555.2	4.4	8.7	0.9126	1.5	1
493	2002	331	1555.2	5.8	7.8	0.9779	1	0.5
493	2002	332	1555.2	5.4	7.4	0.9321	2.8	0
493	2002	333	1555.2	5.4	6	0.9064	1.8	7.4
493	2002	334	1468.8	5.5	7.3	0.9033	4.3	4.4
493	2002	335	3456	0.5	6.8	0.7537	2.3	0.3
493	2002	336	1641.6	0.1	3.5	0.6887	2.2	5.3
493	2002	337	1641.6	2.3	3.7	0.7426	1.5	2.8
493	2002	338	1555.2	3.3	4.5	0.7994	1.8	0.5
493	2002	339	1555.2	3.1	6.3	0.8199	2.4	0.3
493	2002	340	1555.2	1.2	3.1	0.6634	3.3	0
493	2002	341	2419.2	-0.5	3.3	0.6084	2.9	0
493	2002	342	5961.6	-2.6	4.1	0.4516	4.2	0
493	2002	343	5616	-5.5	-0.4	0.3197	5.3	0
493	2002	344	5875.2	-8.8	-1.2	0.3035	2.9	0
493	2002	345	5184	-9.4	-3.8	0.3134	2.2	0
493	2002	346	5616	-9.9	-3.5	0.3295	2.3	0
493	2002	347	1468.8	-5.5	-3.7	0.4085	2.3	0
493	2002	348	3974.4	-3.9	-0.2	0.4784	2.5	0
493	2002	349	1468.8	-3	-1.1	0.4679	4.1	4
493	2002	350	1468.8	-1.1	1	0.5966	3.7	10.5
493	2002	351	1468.8	0.5	3.2	0.6912	1.7	0.4
493	2002	352	1900.8	-3.4	1.6	0.4921	2.8	0
493	2002	353	5356.8	-4.3	0.5	0.4678	1.9	0
493	2002	354	1468.8	-5.6	-0.7	0.4651	3.2	2.5
493	2002	355	1468.8	-0.7	1.8	0.6295	1.5	6.1
493	2002	356	1468.8	0.9	3.8	0.7235	2.5	18.6
493	2002	357	1468.8	1.8	8.1	0.8343	2.9	0
493	2002	358	1468.8	-0.3	3.1	0.6557	3.2	3
493	2002	359	1987.2	-1.4	0.2	0.5556	2.9	0
493	2002	360	1468.8	-2.9	-1.3	0.5134	5.1	0.8
493	2002	361	1468.8	-1.6	1.2	0.56	4.5	0.2
493	2002	362	1987.2	-1.4	0.9	0.564	2.2	8.5
493	2002	363	2505.6	0.3	8.9	0.8057	2.4	10.9
493	2002	364	2073.6	8.9	12.4	1.0251	7.4	0
493	2002	365	1555.2	-1.6	9.5	0.7131	3.7	2.4
