*---------------------------------------------------------------------------*
* Station name: STRAUBING                               
* Year: 1982
* Author: Pedro Alencar                                   -999.000: NIL VALUE
* Source: ECAD 
* Comments: 
* Longitude: 48.8283, latitude: 48.8283, altitude: 351 m.
*
* Column  Daily value
* 1       station number
* 2       year
* 3       day
* 4       irradiation                   (kJ m-2 d-1)
* 5       minimum temperature           (degrees Celsius)
* 6       maximum temperature           (degrees Celsius)
* 7       early morning vapour pressure (kPa)
* 8       mean wind speed (height: 2 m) (m s-1)
* 9       precipitation                 (mm d-1)
*
** WCCDESCRIPTION=GERMANY, STRAUBING                               
** WCCFORMAT=2
** WCCYEARNR=1982
*---------------------------------------------------------------------------*
   48.8283  12.5603    351.  -0.18 -0.55
493	1982	1	1555.2	0.5	3.9	0.6729	2	1
493	1982	2	2160	0.6	3.8	0.6514	2.9	1.5
493	1982	3	4060.8	0.7	4	0.6874	3.2	0
493	1982	4	3110.4	-1.4	6.1	0.6584	2.3	1.5
493	1982	5	4320	5.4	9.4	0.8336	6.9	4.7
493	1982	6	1641.6	-5.7	8	0.5046	9.3	1.9
493	1982	7	3974.4	-8.7	-5.7	0.2529	4.3	0.1
493	1982	8	1641.6	-10.7	-5.7	0.2011	5.9	1.8
493	1982	9	1641.6	-8.5	-7.1	0.2857	4.9	11.4
493	1982	10	1641.6	-15.2	-7.8	0.2006	2.5	0.8
493	1982	11	1641.6	-14.4	-3.9	0.2509	4.4	5.3
493	1982	12	2505.6	-16.2	-3.9	0.2195	2.3	0
493	1982	13	1728	-23.5	-13.9	0.0979	0.3	0
493	1982	14	1728	-24	-14	0.1049	0	0
493	1982	15	3369.6	-21	-9.1	0.1483	0	0
493	1982	16	3196.8	-15.5	-8.3	0.1943	1	0
493	1982	17	1814.4	-18.8	-9.7	0.1564	0.6	0
493	1982	18	3542.4	-15.3	-7	0.2063	0.4	0
493	1982	19	1814.4	-17.6	-7	0.1929	0.3	0
493	1982	20	1900.8	-10.3	-7.5	0.2746	1.4	0
493	1982	21	1900.8	-11.2	-8.4	0.253	0.9	0
493	1982	22	1900.8	-11.6	-4.8	0.2934	0.9	0.3
493	1982	23	1987.2	-5	0.4	0.4903	0.7	0.8
493	1982	24	1987.2	-1.1	0.8	0.55	1.3	0
493	1982	25	1987.2	-10.9	-0.8	0.3636	2.1	0
493	1982	26	2073.6	-4	-1	0.4424	4	3.7
493	1982	27	3456	-1.2	2.5	0.5892	1.2	0
493	1982	28	3888	0.2	1.7	0.5498	3.7	1.5
493	1982	29	2160	0.3	2	0.6109	7.8	11
493	1982	30	2160	0.5	5.9	0.6917	9.1	6
493	1982	31	3888	-0.3	5.8	0.6402	7.6	4.1
493	1982	32	7689.6	-3.3	1	0.4551	1.7	0
493	1982	33	8208	-6	-1.4	0.3348	3.4	0
493	1982	34	8553.6	-6.2	-1	0.3561	2	0
493	1982	35	4147.2	-7	-3	0.3668	3	0
493	1982	36	3024	-7.5	-2.5	0.3836	1.8	0
493	1982	37	2419.2	-8.9	0.4	0.4016	1.5	1.8
493	1982	38	2851.2	0	3.5	0.6655	1.7	0
493	1982	39	2505.6	-0.1	6.1	0.7047	3.3	2.7
493	1982	40	2505.6	-0.4	3.4	0.6196	1.6	0
493	1982	41	8985.6	-1.2	6.7	0.5807	2.9	0
493	1982	42	6912	-1.5	6	0.6178	1.7	0
493	1982	43	2678.4	-1.7	0.3	0.5632	2	0
493	1982	44	2678.4	-1.7	-0.7	0.5485	2	0
493	1982	45	2764.8	-1.6	-0.8	0.5373	3.4	0
493	1982	46	2764.8	-2.8	-1	0.4838	2.1	0
493	1982	47	2851.2	-2.4	-1	0.4856	2	0
493	1982	48	5616	-1.5	2.8	0.5636	1.8	0
493	1982	49	2937.6	-2.9	0.5	0.5373	1	0
493	1982	50	6825.6	-2.5	1.1	0.4355	2.8	0
493	1982	51	11232	-6.4	0.9	0.2995	3.3	0
493	1982	52	11491.2	-7	1.6	0.3006	2.8	0
493	1982	53	7257.6	-9.3	-1	0.3084	4.4	0.4
493	1982	54	8380.8	-6.9	0.3	0.3162	3	0
493	1982	55	7689.6	-6.1	0.2	0.3984	1.7	0.2
493	1982	56	3283.2	-4.1	-1.5	0.4376	1.7	5.7
493	1982	57	3283.2	-4	-0.1	0.4574	1.8	0
493	1982	58	8121.6	-9.3	2	0.3641	1.4	0
493	1982	59	5961.6	-10.2	2.3	0.3788	2.3	1
493	1982	60	4320	0.6	9.5	0.7176	2	0
493	1982	61	6912	0.9	7	0.5996	4.7	0
493	1982	62	5184	1.9	9.1	0.5689	5.2	0
493	1982	63	6825.6	2.9	9.3	0.7059	5.9	0
493	1982	64	13996.8	0.7	7.4	0.6202	3.1	0
493	1982	65	11232	-2.5	3.8	0.4291	3.3	0
493	1982	66	13046.4	-2.3	8.7	0.4996	6.6	0
493	1982	67	14342.4	0.8	10.5	0.6478	3.7	0
493	1982	68	12441.6	-1.8	8.9	0.6539	1.1	0
493	1982	69	11750.4	-1.1	10.6	0.5828	3.1	1.7
493	1982	70	11664	0.5	7.7	0.6797	8.6	2
493	1982	71	10108.8	-0.8	6.9	0.5855	4.1	1.6
493	1982	72	11059.2	0.5	5.5	0.6592	3.9	3
493	1982	73	12614.4	0.5	5	0.6104	3.4	0
493	1982	74	16243.2	-2.1	9.2	0.5121	3.8	0
493	1982	75	14688	-0.6	12.4	0.6313	2.7	0
493	1982	76	11059.2	0.6	11.5	0.6941	3.3	1.9
493	1982	77	4233.6	2.5	5.8	0.7149	2	5
493	1982	78	4838.4	0.9	6.1	0.6437	3.7	0
493	1982	79	6220.8	-1.1	5.5	0.6514	3.2	1.9
493	1982	80	4924.8	0.9	6.5	0.6927	1.3	0
493	1982	81	8294.4	2	7.4	0.7942	1.2	3.6
493	1982	82	9072	-0.6	6.6	0.6895	1.3	1.3
493	1982	83	16675.2	-2.3	11	0.6084	1.2	0
493	1982	84	15811.2	-2	12.5	0.6123	1.1	0
493	1982	85	17798.4	-1.1	14.4	0.655	0.9	0
493	1982	86	18057.6	-0.7	18.4	0.6701	1.7	0
493	1982	87	15811.2	1.7	16.9	0.7609	2.5	0.2
493	1982	88	8899.2	4	11.9	0.8762	1.6	2.3
493	1982	89	14169.6	2.2	13.5	0.8172	3.4	0.2
493	1982	90	13392	4.5	11.8	0.769	5.5	0
493	1982	91	19008	0.7	15.9	0.7659	2.6	0
493	1982	92	19612.8	2.6	16.4	0.7594	2.8	0
493	1982	93	6652.8	7.9	11.6	0.8205	3.3	0
493	1982	94	19958.4	-0.2	14.7	0.6723	1.5	0
493	1982	95	21340.8	2.1	19	0.6492	3.6	0
493	1982	96	18316.8	1.5	21.3	0.9023	1.7	2.9
493	1982	97	5270.4	8.6	12.8	1.0671	4.6	0.4
493	1982	98	6652.8	4.2	14.6	0.9429	7.8	7.5
493	1982	99	19612.8	0	6.7	0.435	6.5	0
493	1982	100	8553.6	1	6.4	0.621	5.8	5
493	1982	101	16502.4	1.6	9	0.6233	6.7	0.7
493	1982	102	17452.8	0	5.6	0.4856	5.4	0
493	1982	103	16761.6	-1	6.5	0.4988	3.3	0
493	1982	104	19008	-4	9	0.4315	3.1	0
493	1982	105	22032	-4	12.3	0.4191	3.8	0
493	1982	106	22636.8	-0.7	16.6	0.4488	2.6	0
493	1982	107	17798.4	-0.6	14.5	0.5589	2.4	0
493	1982	108	19180.8	1.4	11.2	0.5631	3.4	0
493	1982	109	19699.2	-2	11	0.4548	3.1	0
493	1982	110	18576	-1.6	11.1	0.5142	2.7	0
493	1982	111	18921.6	0.8	11.6	0.5687	2.3	0
493	1982	112	23846.4	2.4	12.4	0.5043	3.7	0
493	1982	113	23155.2	-2.5	12.5	0.4012	1.9	0
493	1982	114	13564.8	2.1	12.1	0.6251	3.1	0
493	1982	115	17020.8	3.9	13	0.6743	1.5	0
493	1982	116	11318.4	0.4	11.2	0.5716	3.4	0
493	1982	117	19785.6	4	11	0.5596	4.2	0
493	1982	118	10540.8	-0.8	9.3	0.5627	2.6	0
493	1982	119	8380.8	4.8	11.2	0.8899	4.9	4.5
493	1982	120	21254.4	1	7.9	0.5287	3.8	0.8
493	1982	121	6393.6	0.7	7.2	0.6806	4.1	4.1
493	1982	122	21340.8	1.5	10.5	0.6356	4.7	0
493	1982	123	25401.6	0	19	0.7001	4	0
493	1982	124	22896	4.5	21.5	0.8677	3.4	0
493	1982	125	20736	4.5	21.9	1.0156	3.7	1.2
493	1982	126	8899.2	6.5	13	0.9291	2.4	1
493	1982	127	20476.8	4.7	11.2	0.7266	6.2	0
493	1982	128	14169.6	-1.1	14	0.646	2	0
493	1982	129	10022.4	4	13.4	0.8994	1.7	0.5
493	1982	130	17107.2	1.5	18	0.8929	2.4	0.3
493	1982	131	21859.2	4.9	13.5	0.814	4.1	0
493	1982	132	24105.6	1.8	18.5	0.7932	1.5	0
493	1982	133	26179.2	3.5	20.2	0.7492	1.8	0
493	1982	134	27302.4	4.1	22.6	0.8113	1.7	0
493	1982	135	27129.6	4.6	24.3	0.8712	2.2	0
493	1982	136	27907.2	7.5	25.5	0.8435	2.2	0
493	1982	137	23068.8	6.6	25.6	1.0233	2.5	0
493	1982	138	24019.2	10.4	25.4	1.3106	1.9	0
493	1982	139	18144	12	21.5	1.276	2.5	0
493	1982	140	24710.4	7.9	24.9	1.3224	2.1	3.3
493	1982	141	18230.4	11.5	21	1.4206	2.6	2.5
493	1982	142	19612.8	9.3	22.3	1.2191	2.2	0
493	1982	143	21254.4	12.9	22.2	1.4824	2.7	4.8
493	1982	144	13564.8	9.9	15.6	1.1481	3.9	0.9
493	1982	145	27561.6	7.4	20.1	1.0369	1.6	0
493	1982	146	29376	8.3	24.5	1.0803	3.9	0
493	1982	147	29289.6	8.1	27.5	1.2414	1.4	0
493	1982	148	10022.4	11.5	18.5	1.2944	3.3	1.8
493	1982	149	20390.4	10.6	21	1.1473	2.5	0
493	1982	150	29548.8	7	21	0.8941	4.3	0
493	1982	151	29635.2	12.6	27	1.3141	4	0
493	1982	152	27648	9.7	29.9	1.245	1.7	0
493	1982	153	29376	10	30.3	1.2015	2.3	0
493	1982	154	28598.4	11.3	30.3	1.3242	2	0
493	1982	155	29376	12.8	30.1	1.2504	2.9	0
493	1982	156	29289.6	11	31.1	1.3197	1.6	0
493	1982	157	23587.2	11.6	30.2	1.357	2.8	0.7
493	1982	158	13478.4	15.4	23.8	1.6395	2.1	2.4
493	1982	159	27043.2	11.3	25.9	1.4336	2.1	0
493	1982	160	14947.2	12.1	26.1	1.6335	1.8	2.7
493	1982	161	28598.4	11.2	25.7	1.399	1.8	0
493	1982	162	14256	14.7	25.6	1.6256	3.5	9.6
493	1982	163	10627.2	12.2	16.5	1.5026	3.2	17.5
493	1982	164	19699.2	9	16.2	1.0785	4.1	1.1
493	1982	165	18576	9.2	14.7	0.8798	6.3	0.1
493	1982	166	19699.2	7.9	16.2	0.9419	3.3	0
493	1982	167	11404.8	5.6	15.4	1.1164	3.1	11.1
493	1982	168	27388.8	6.9	17.5	1.008	2.6	0
493	1982	169	18144	5.7	19.4	1.0895	2.8	3.1
493	1982	170	24278.4	11	20.2	1.3098	2.8	1.2
493	1982	171	26438.4	7.2	20.8	1.0857	2.3	0
493	1982	172	15033.6	6.4	21.6	1.1975	1.9	0.4
493	1982	173	21081.6	12.4	25	1.4426	2.3	6.6
493	1982	174	11404.8	15.3	20.3	1.8315	3.2	7.2
493	1982	175	27907.2	11.4	22	1.2719	3.1	0
493	1982	176	21686.4	8.5	26.6	1.4223	1.8	4.6
493	1982	177	12268.8	15.2	21.9	1.7704	3	14
493	1982	178	10368	13	17.4	1.4319	3.8	4.9
493	1982	179	18662.4	12	19.6	1.3804	5	3.6
493	1982	180	18489.6	12.1	18.1	1.2684	3.7	2
493	1982	181	24364.8	11.2	19.1	1.0662	4.7	0
493	1982	182	21081.6	8.3	20.3	1.1722	2.2	0
493	1982	183	25315.2	13.9	26.1	1.5172	2.4	0
493	1982	184	21081.6	13.9	28.4	1.8039	3.2	3.7
493	1982	185	17971.2	13.9	19.8	1.3416	3.9	2
493	1982	186	27561.6	9.6	22.6	1.1147	2.7	0
493	1982	187	14860.8	10.5	23.4	1.1958	1.5	0
493	1982	188	24364.8	14.4	23	1.2918	2.8	0
493	1982	189	29030.4	8.5	25.2	1.2458	1.2	0
493	1982	190	27561.6	10.1	27.3	1.2703	1.5	0
493	1982	191	27907.2	10.2	30	1.5031	1.2	0
493	1982	192	28771.2	12.5	27.9	1.4888	1.5	0
493	1982	193	23241.6	13	27.4	1.5833	3.4	0
493	1982	194	26092.8	12.9	28	1.5599	1.9	0
493	1982	195	28252.8	13.5	29.1	1.5171	2.1	0
493	1982	196	24624	13	31.2	1.593	2	0
493	1982	197	26265.6	15.5	30.7	1.7771	2.2	0
493	1982	198	12960	16.9	24	1.7999	1.9	0
493	1982	199	17280	12.9	23.9	1.5425	4.3	0
493	1982	200	16761.6	12.9	24.4	1.5024	2.6	0
493	1982	201	25660.8	13.6	29.6	1.7254	1.4	0
493	1982	202	24624	14.3	31	1.9764	1.7	4.7
493	1982	203	20908.8	15.6	27.9	2.0012	1.5	7
493	1982	204	8467.2	17.3	22.9	1.9024	1.6	2.2
493	1982	205	10108.8	15.9	24.1	1.844	2.2	6.7
493	1982	206	6825.6	13.7	19	1.6525	1.6	2.1
493	1982	207	5961.6	14.7	19	1.6866	3.2	1.1
493	1982	208	9244.8	13	20	1.4996	1.7	11.1
493	1982	209	7603.2	13.4	19.9	1.5518	2	2.3
493	1982	210	21686.4	14.8	26	1.7705	2	0
493	1982	211	26265.6	12.2	27.9	1.2878	2.9	0
493	1982	212	18921.6	13.3	27.3	1.8785	3.4	23.8
493	1982	213	14428.8	16.2	23.2	1.9246	1.7	0
493	1982	214	18489.6	12.7	27	1.5495	3.1	0
493	1982	215	14774.4	16.7	26.5	1.6482	2	17.7
493	1982	216	16588.8	15.6	24.9	1.8727	1.8	5.3
493	1982	217	18057.6	16	24.4	1.9614	1.2	5.2
493	1982	218	13824	15	23.1	1.7825	1.9	14.9
493	1982	219	15379.2	15.5	21.9	1.8732	2.3	0
493	1982	220	14342.4	14.8	23.5	1.8379	1.8	3.6
493	1982	221	7171.2	16.6	22.2	1.9566	2	1.8
493	1982	222	14515.2	15	23.6	1.8328	2	1
493	1982	223	21513.6	14.3	25.7	1.7506	1.4	0
493	1982	224	24451.2	11.7	30.2	1.6581	2.3	0
493	1982	225	18057.6	15	27.6	1.7446	3.1	0.3
493	1982	226	9417.6	16.5	22	1.6488	2.9	0
493	1982	227	23241.6	10.5	28.9	1.833	2.5	14.2
493	1982	228	19440	16.3	25.4	1.894	2.2	6.2
493	1982	229	13824	14.6	21.1	1.7556	2.9	0.2
493	1982	230	22636.8	14.1	25.2	1.6446	2.5	0
493	1982	231	17884.8	13.5	24.7	1.6997	3.6	5.5
493	1982	232	6739.2	11	17.5	1.428	3.8	10.8
493	1982	233	22550.4	7.8	18.3	1.1107	3.1	0
493	1982	234	16502.4	7.7	19.7	1.2058	1.8	0
493	1982	235	22118.4	6.8	22.6	1.2362	1.8	0
493	1982	236	16156.8	11.5	22.1	1.7003	2.3	2.9
493	1982	237	6825.6	10.1	18.4	1.3144	1.8	0
493	1982	238	20304	9.6	25.5	1.5225	2.8	0
493	1982	239	4838.4	13.3	19.4	1.5968	2.4	7.9
493	1982	240	4752	12.5	15.5	1.4849	1.1	2.8
493	1982	241	15897.6	10.3	21.4	1.4568	0.9	0
493	1982	242	21254.4	8.1	22.6	1.289	1.7	0
493	1982	243	14601.6	9.4	21	1.4319	2.5	8.2
493	1982	244	7516.8	12.4	18.3	1.5677	2.5	0
493	1982	245	11836.8	11.6	19.5	1.4291	1.9	0
493	1982	246	17798.4	7.5	20.6	1.2655	1.2	0
493	1982	247	19958.4	5.3	25.2	1.3673	1.4	0
493	1982	248	18576	11.2	28.8	1.7506	1.3	0
493	1982	249	13910.4	16.5	25.3	1.9244	2.3	1.1
493	1982	250	4752	13.8	18.2	1.5797	2.2	0
493	1982	251	16156.8	11.9	23	1.4532	1.5	0
493	1982	252	13132.8	14.6	23.9	1.6043	1.3	0
493	1982	253	19180.8	13.5	24.9	1.5104	2.8	0
493	1982	254	18662.4	8.8	26	1.5478	1.1	0
493	1982	255	15984	10.6	26.2	1.6059	1.3	0
493	1982	256	16243.2	10.1	25.5	1.5466	1.3	0
493	1982	257	17107.2	10.3	25.9	1.576	1.5	0
493	1982	258	17625.6	8.8	27.5	1.5186	1.2	0
493	1982	259	16848	8.6	28	1.5749	0.9	0
493	1982	260	17107.2	7.5	26.2	1.3991	1.2	0
493	1982	261	16588.8	8.2	25.2	1.4808	1.1	0
493	1982	262	14688	10.4	25.5	1.6434	1.2	0
493	1982	263	15379.2	9.5	27.3	1.6693	1.7	0.7
493	1982	264	10022.4	13.8	20.1	1.6394	2.9	1.5
493	1982	265	4060.8	13	18.1	1.5879	2.4	5.7
493	1982	266	3974.4	11.5	15.1	1.3579	2.8	0
493	1982	267	13910.4	4.5	16.6	1.0438	1.6	0
493	1982	268	14515.2	7	21.8	1.1798	3.6	0
493	1982	269	13737.6	11.5	24.8	1.4354	5.8	10.1
493	1982	270	11318.4	9	18.1	1.3181	1.5	0.5
493	1982	271	9417.6	6.1	17.9	1.219	0.7	0
493	1982	272	10886.4	8.5	19.4	1.4165	0.8	0
493	1982	273	12182.4	6.4	20.1	1.2318	1.9	4
493	1982	274	5529.6	12.8	16.5	1.482	2	0.8
493	1982	275	7344	12.8	18	1.5552	1.1	0
493	1982	276	10540.8	9.5	16.6	1.2909	1.6	0
493	1982	277	11836.8	3.4	14.5	0.9376	2.5	0
493	1982	278	11923.2	7.3	15.9	1.0099	4.7	0
493	1982	279	8467.2	6	16.5	0.9868	5.8	5.9
493	1982	280	3283.2	5.3	13	0.7881	6.3	0
493	1982	281	6652.8	6.9	13.4	1.0287	2.9	1.8
493	1982	282	6825.6	6	12.8	1.0489	1.9	1.1
493	1982	283	5961.6	4.8	13	0.9686	1.9	3.5
493	1982	284	6566.4	5.5	13.5	1.0679	2.4	8.3
493	1982	285	4147.2	6.6	12	0.9717	3.9	1.2
493	1982	286	4492.8	6.2	14.9	1.171	5	7.3
493	1982	287	10540.8	9	16	1.1149	4	0
493	1982	288	9072	6.3	12	0.8924	6.9	0.1
493	1982	289	8121.6	2.7	10.6	0.8016	2.7	0
493	1982	290	3369.6	0.6	10.6	0.8092	2.7	0.8
493	1982	291	11059.2	5.7	16.4	1.0132	2.5	0
493	1982	292	2764.8	3.7	11.2	0.9501	1.3	0
493	1982	293	7776	6	14.5	1.1354	1.8	0
493	1982	294	6220.8	4.5	12.4	1.0501	1.5	0
493	1982	295	7862.4	5.5	15.7	1.1111	3.2	0
493	1982	296	7948.8	4	17	1.1037	1.7	0
493	1982	297	3715.2	9.1	13.2	1.1127	2.1	0.4
493	1982	298	2505.6	8	10.7	1.0572	1.7	0
493	1982	299	7171.2	5.1	13.5	1.0302	1.4	0
493	1982	300	2419.2	4.4	7.4	0.8912	1.3	0
493	1982	301	2419.2	6.2	8	0.9074	1.1	0
493	1982	302	6048	5.2	11.5	0.9772	1.9	0
493	1982	303	2332.8	2.8	9.5	0.8595	2	0
493	1982	304	2246.4	2.5	7.7	0.8255	3	0
493	1982	305	2678.4	4.5	7.6	0.8911	2.9	0
493	1982	306	5702.4	1.5	10.4	0.885	1.6	0
493	1982	307	2160	3	7	0.8459	2.3	0
493	1982	308	2160	1.9	5	0.7588	1.2	0
493	1982	309	2073.6	3	7	0.8198	1.5	0
493	1982	310	8726.4	-2	6.9	0.4518	4.2	0
493	1982	311	8640	-1.5	10.1	0.2907	6.1	0
493	1982	312	2678.4	4.6	10.4	0.4767	6.2	0
493	1982	313	1987.2	6.1	10.7	0.9034	1.8	0.5
493	1982	314	3628.8	6.7	11.3	1.0784	0.7	0
493	1982	315	1900.8	5	7.5	0.9225	1.6	0
493	1982	316	1900.8	5.7	8.5	0.9478	3.2	0.6
493	1982	317	1900.8	5.3	7	0.8878	1.8	7.1
493	1982	318	4320	1	7.2	0.7534	2.3	1.2
493	1982	319	1814.4	-1.5	3.6	0.6065	1.9	0
493	1982	320	2160	-0.3	3.1	0.6084	1.7	4.8
493	1982	321	3196.8	0.5	3.7	0.6184	5.3	3.4
493	1982	322	1728	2.3	7.6	0.7821	5.4	3.9
493	1982	323	2073.6	6.5	10.9	0.9219	3.9	0.8
493	1982	324	5961.6	1.2	8.5	0.6473	4.4	0
493	1982	325	6134.4	-2.1	7.3	0.6113	1.8	0
493	1982	326	6220.8	-3	6.2	0.5761	2.9	0
493	1982	327	5270.4	-1.2	7.1	0.6116	3.4	0
493	1982	328	3024	-1.5	4	0.6153	2.7	1.1
493	1982	329	4147.2	0.9	7.6	0.7613	1.8	0
493	1982	330	1555.2	1.8	4.1	0.7249	3.5	0
493	1982	331	1555.2	2.7	6.8	0.797	3.8	0
493	1982	332	1555.2	2.5	4.8	0.7299	1.9	2.8
493	1982	333	1555.2	3.6	5.1	0.7834	2.2	1.2
493	1982	334	1555.2	3.3	5.8	0.7014	3.5	0
493	1982	335	5356.8	-0.6	6.8	0.6105	3.1	0
493	1982	336	5788.8	1.1	10.1	0.7092	1.8	0
493	1982	337	1641.6	-1.5	6	0.6825	1	0
493	1982	338	1641.6	-0.3	1	0.5954	2.1	0
493	1982	339	1555.2	-0.7	0.5	0.5762	2.1	0
493	1982	340	1555.2	-1.6	1.8	0.5785	3.5	4.7
493	1982	341	1555.2	1.7	5	0.7379	3.4	7.2
493	1982	342	1555.2	3.8	9.1	0.916	3.6	12.6
493	1982	343	2851.2	5.4	8.1	0.8761	2.7	5
493	1982	344	1555.2	4.7	12.2	0.8622	5	8.9
493	1982	345	3542.4	1.1	5.4	0.5707	7.3	0.1
493	1982	346	2419.2	-0.8	4	0.5418	4.4	0
493	1982	347	1814.4	2.2	4.5	0.6991	2	0
493	1982	348	1468.8	0.1	3	0.6218	1.1	0
493	1982	349	1468.8	0.2	8.1	0.6738	4.9	3.8
493	1982	350	1468.8	6.3	12	0.904	10.2	22
493	1982	351	1468.8	0.6	10.3	0.8368	3.6	4.5
493	1982	352	1468.8	0.3	3.2	0.6516	3.1	4.4
493	1982	353	1468.8	-2.9	0.9	0.4998	2.5	0.6
493	1982	354	1468.8	-3.5	3.9	0.5331	5.4	12.5
493	1982	355	1468.8	0.5	4.2	0.6584	3.3	0
493	1982	356	3196.8	-2.2	1.1	0.5401	2	0
493	1982	357	1468.8	-3.8	0.7	0.4801	1	2
493	1982	358	1468.8	-7.4	-0.5	0.4107	2.1	2.4
493	1982	359	1468.8	-7.4	-0.2	0.4292	0.8	0.7
493	1982	360	1468.8	-0.2	2.1	0.5956	1.4	1
493	1982	361	1468.8	0.5	4.7	0.6776	2	2.2
493	1982	362	2505.6	0.9	5.1	0.6138	6.1	2
493	1982	363	1814.4	0	1.4	0.5142	4.4	0
493	1982	364	3196.8	-1.4	2.1	0.4826	2.7	0
493	1982	365	2764.8	-4.8	0.7	0.4784	1.4	0
