*---------------------------------------------------------------------------*
* Station name: STRAUBING                               
* Year: 2011
* Author: Pedro Alencar                                   -999.000: NIL VALUE
* Source: ECAD 
* Comments: 
* Longitude: 48.8283, latitude: 48.8283, altitude: 351 m.
*
* Column  Daily value
* 1       station number
* 2       year
* 3       day
* 4       irradiation                   (kJ m-2 d-1)
* 5       minimum temperature           (degrees Celsius)
* 6       maximum temperature           (degrees Celsius)
* 7       early morning vapour pressure (kPa)
* 8       mean wind speed (height: 2 m) (m s-1)
* 9       precipitation                 (mm d-1)
*
** WCCDESCRIPTION=GERMANY, STRAUBING                               
** WCCFORMAT=2
** WCCYEARNR=2011
*---------------------------------------------------------------------------*
   48.8283  12.5603    351.  -0.18 -0.55
493	2011	1	1555.2	-3.1	0.1	0.4983	2.3	0.6
493	2011	2	1555.2	-2.3	0.7	0.513	3	1.2
493	2011	3	1555.2	-9.2	-0.4	0.3809	2.6	0.3
493	2011	4	1555.2	-8.5	-4.3	0.3486	2	0
493	2011	5	2851.2	-11.3	-5.6	0.291	3.5	0
493	2011	6	1555.2	-8.6	-0.7	0.355	5.4	4.2
493	2011	7	1900.8	-1	4.8	0.6026	3.8	0.4
493	2011	8	3024	0.7	3.6	0.6491	3.7	4.9
493	2011	9	3283.2	0	3.8	0.6236	2.7	2.9
493	2011	10	1641.6	0.4	2.3	0.6399	1.8	0.3
493	2011	11	1641.6	0.3	1.1	0.6299	1.8	0.5
493	2011	12	2678.4	0.3	4.4	0.6584	2.8	11.4
493	2011	13	1728	0.9	9.6	0.8519	2.8	15.2
493	2011	14	1728	6	10.8	0.9474	4.1	0.3
493	2011	15	5356.8	4	9.9	0.7684	4.5	0
493	2011	16	6307.2	-1.2	8.8	0.7376	1.4	0
493	2011	17	1814.4	-2.4	0	0.5541	1.2	0.1
493	2011	18	3024	-2.4	4	0.6345	1.8	0.7
493	2011	19	3024	0.4	4.4	0.6463	2.8	0.2
493	2011	20	3024	-3	2	0.5185	1.8	1.1
493	2011	21	6912	-2.6	0.1	0.4071	4	0
493	2011	22	6393.6	-6.2	-0.9	0.3386	2.1	0
493	2011	23	3283.2	-8.1	-1.6	0.3539	2.2	2.8
493	2011	24	1987.2	-2.2	0.6	0.5418	3.4	1.3
493	2011	25	1987.2	0.2	2.1	0.5909	4.9	0.6
493	2011	26	2592	-1	1.6	0.5433	2.7	1.1
493	2011	27	2073.6	-5.5	1.2	0.4801	1.6	0.1
493	2011	28	7776	-10.6	1	0.3381	1.9	0
493	2011	29	7862.4	-13.4	-1.6	0.2715	1.3	0
493	2011	30	6825.6	-14.5	-0.1	0.3182	1.1	0
493	2011	31	2160	-12.5	-5.3	0.2653	1.6	0
493	2011	32	2246.4	-6.4	-4.9	0.3531	1.6	0
493	2011	33	2246.4	-6.3	-3.4	0.3624	2.2	0.2
493	2011	34	2246.4	-3.9	-1.5	0.4509	1.9	1.5
493	2011	35	4752	-3.1	5.5	0.5931	2.5	0
493	2011	36	5443.2	2.5	9	0.6799	3.9	0
493	2011	37	8380.8	-1.9	11.2	0.6468	3.7	0
493	2011	38	9072	-3.8	8.2	0.5942	1.8	0
493	2011	39	5184	-3.9	4.4	0.56	1.4	0
493	2011	40	2505.6	-2.9	0.5	0.5485	1.2	0
493	2011	41	2505.6	-2.9	0	0.5386	1.6	4.4
493	2011	42	2592	-0.6	9.6	0.8085	3.1	11.6
493	2011	43	2592	0.1	9.5	0.7654	4	1.7
493	2011	44	2678.4	-0.3	2.1	0.5869	3.8	0
493	2011	45	2678.4	-0.1	1.8	0.6043	4	0
493	2011	46	2764.8	-0.4	1.5	0.5532	4.1	0
493	2011	47	6048	-1.2	2.5	0.538	3.1	0
493	2011	48	3369.6	-0.7	3.8	0.5808	1.7	0
493	2011	49	2851.2	1.1	3.5	0.6489	1.3	0.3
493	2011	50	2937.6	-1.9	3.1	0.5616	2.2	0
493	2011	51	3024	-2.8	0.1	0.454	3.6	0
493	2011	52	3542.4	-5.1	-1.2	0.3537	3.1	0
493	2011	53	10281.6	-8	-1	0.3021	2.8	0
493	2011	54	11664	-9.1	-0.4	0.2879	2.1	0
493	2011	55	11836.8	-9.1	2.2	0.3411	2.4	0
493	2011	56	12096	-7.1	5	0.3509	1.3	0
493	2011	57	12355.2	-6.6	5.2	0.3658	2.9	0.9
493	2011	58	3283.2	-3	1.3	0.5456	3	0.3
493	2011	59	9590.4	-1.8	9	0.7273	1.2	0
493	2011	60	12009.6	-3.3	5.3	0.5189	2.5	0
493	2011	61	13824	-5	6.3	0.3651	4.8	0
493	2011	62	12614.4	-2.2	6.3	0.4745	3.3	0
493	2011	63	13910.4	-4.8	6.9	0.5274	1.7	0
493	2011	64	14083.2	-5.3	8.9	0.5148	1.6	0
493	2011	65	11059.2	-3.8	5.2	0.3985	3.5	0
493	2011	66	14860.8	-6.3	5.1	0.2924	4.3	0
493	2011	67	15120	-4.9	8	0.3007	3.9	0
493	2011	68	13910.4	-5.1	13.6	0.4882	2.5	1.5
493	2011	69	6912	2.3	11.2	0.7284	3.2	0.2
493	2011	70	5097.6	-1.7	11.4	0.5264	4.2	0
493	2011	71	14601.6	-1.8	15.1	0.7039	2.1	0
493	2011	72	7171.2	-0.5	12.4	0.6428	2.7	0
493	2011	73	9158.4	1.6	14.9	0.7743	1.6	0
493	2011	74	16416	-1.2	18.9	0.7609	2.7	0
493	2011	75	4060.8	3	16.4	0.8418	3.4	1
493	2011	76	4147.2	5.6	11	0.9738	2.6	19.9
493	2011	77	4147.2	4	6.8	0.7891	3.7	4.5
493	2011	78	10972.8	-2.4	8.1	0.5098	3.5	0
493	2011	79	14083.2	-3.8	7.9	0.4745	1.6	0
493	2011	80	17625.6	-2.4	9.5	0.5199	1.6	0
493	2011	81	17884.8	-2.6	13.9	0.6204	1.4	0
493	2011	82	18057.6	-2.1	15.3	0.643	1.5	0
493	2011	83	18057.6	-0.4	17.5	0.7011	1.6	0
493	2011	84	16588.8	-1.3	18.3	0.6766	2.3	0
493	2011	85	5875.2	2.8	12.5	0.6805	2.7	0
493	2011	86	7084.8	-0.4	10.3	0.6865	2.7	0
493	2011	87	12096	-1.6	13.1	0.7625	1.4	0
493	2011	88	16848	-0.1	16.1	0.7934	1.5	0
493	2011	89	16934.4	-1.8	17.1	0.67	1.7	0
493	2011	90	10800	5.7	16.4	0.9738	3.2	3.1
493	2011	91	9072	6.9	17.5	1.1216	3.7	0.2
493	2011	92	20390.4	6	20.6	1.1138	2.9	0
493	2011	93	20390.4	4.4	23.2	1.0875	2	0
493	2011	94	6048	5	13.4	0.9535	3.2	11.5
493	2011	95	15379.2	2.9	14.9	0.8547	2	0.1
493	2011	96	12873.6	9.2	17.9	1.132	2.4	0
493	2011	97	20131.2	6.9	24.7	1.1473	3.4	0
493	2011	98	20476.8	8.9	18.4	0.8116	4.1	0
493	2011	99	21859.2	6.4	18.1	0.6552	4.1	0
493	2011	100	21859.2	0.7	17.9	0.5736	2.2	0
493	2011	101	20476.8	1.5	19.7	0.7663	1.7	0.1
493	2011	102	8812.8	2.7	14.8	0.7784	4.3	0.3
493	2011	103	6220.8	1.8	8.8	0.5699	5.4	0
493	2011	104	20304	-1.2	11.6	0.5394	3.4	0
493	2011	105	10540.8	-3.1	10.1	0.5652	1.7	0.2
493	2011	106	17193.6	-2.1	13.7	0.5992	2	0
493	2011	107	22550.4	-2	16.2	0.5848	2.3	0
493	2011	108	23587.2	0.4	18	0.593	2.4	0
493	2011	109	23673.6	1	19.7	0.6531	2.2	0
493	2011	110	23846.4	1.8	22.7	0.7692	1.8	0
493	2011	111	23846.4	2.9	23.1	0.8378	1.3	0
493	2011	112	24192	4.6	25	0.8575	2.5	0
493	2011	113	23760	7	24.4	0.9619	1.8	0
493	2011	114	24278.4	5.4	22.8	0.8357	2.8	0
493	2011	115	20390.4	7	19.5	0.7452	3.9	0
493	2011	116	19526.4	1.6	16	0.8036	2	0
493	2011	117	15120	4.2	18.1	0.967	3.2	6.3
493	2011	118	16070.4	5.3	20	1.0821	2.4	0
493	2011	119	23846.4	8.2	20.7	0.9206	5.7	0
493	2011	120	20995.2	6.1	21.2	0.9209	4.5	0
493	2011	121	12787.2	3.5	16.5	0.9325	2.3	1
493	2011	122	21686.4	2.1	18.9	0.8627	3.1	5.6
493	2011	123	7430.4	1.7	9	0.697	4.3	0.4
493	2011	124	24364.8	-1.8	12.5	0.554	1.7	0
493	2011	125	26179.2	-1.3	15.2	0.5888	1.6	0
493	2011	126	26179.2	2.9	20.5	0.6594	3	0
493	2011	127	27129.6	1.1	23.3	0.6673	2.4	0
493	2011	128	25228.8	4.8	23.4	0.7392	3.2	0
493	2011	129	27475.2	6.1	22.5	0.7	4.5	0
493	2011	130	26697.6	8.2	25.1	0.8137	2.4	0
493	2011	131	24105.6	6.8	25.6	0.9747	1.6	5.1
493	2011	132	16070.4	11	21.3	1.4482	2.2	13.2
493	2011	133	26092.8	7.1	18.9	0.9276	2.2	0
493	2011	134	19267.2	5.7	19.6	1.1259	2.6	21
493	2011	135	11836.8	8.2	13.2	0.9771	2.8	0.3
493	2011	136	14342.4	5.5	15.1	0.8638	3.1	0.2
493	2011	137	8985.6	10.6	18.8	1.2195	2.2	0
493	2011	138	27993.6	7.8	22.7	1.1942	2	0
493	2011	139	27734.4	8.4	26.2	1.2029	1.7	0.6
493	2011	140	26697.6	12.7	25.4	1.3864	2.4	4.1
493	2011	141	27820.8	10.5	24.3	1.3494	1.8	0
493	2011	142	25488	10.1	26	1.4057	2	1.2
493	2011	143	28080	10.5	23.4	1.2151	2.3	0
493	2011	144	27388.8	8.8	27.4	1.182	2.4	0
493	2011	145	29376	8.6	22.7	0.799	1.9	0
493	2011	146	25747.2	10	28.1	1.2323	3.4	17.5
493	2011	147	9244.8	9.1	16.5	1.27	2.5	12.9
493	2011	148	18489.6	7.6	16.7	1.1603	2.3	0.7
493	2011	149	28771.2	6.7	22.6	1.1989	1.9	0
493	2011	150	29894.4	10.1	26.7	1.3524	2.6	0
493	2011	151	22291.2	11.7	26.3	1.6014	2.4	25.6
493	2011	152	6220.8	13.4	15.7	1.4559	2.9	1.8
493	2011	153	10800	12.1	17.6	1.1639	3.5	0.5
493	2011	154	25401.6	13	24.9	1.5308	2.9	0
493	2011	155	28512	14.6	27.1	1.6234	4.3	0
493	2011	156	29030.4	12.8	27.3	1.5219	2.2	0
493	2011	157	17798.4	12.6	25.7	1.6829	2.5	16.8
493	2011	158	24537.6	12.5	24.8	1.5883	2.4	0
493	2011	159	13478.4	12.7	21.3	1.5479	3.5	2.4
493	2011	160	9849.6	11.9	17.7	1.2106	2.2	0
493	2011	161	12700.8	11	20.8	1.2088	1.7	0
493	2011	162	14083.2	9.1	21	1.2644	2.3	4.6
493	2011	163	21945.6	12.1	21.4	1.3712	1.7	0
493	2011	164	10886.4	9.8	19.8	1.3787	1.6	0.2
493	2011	165	16156.8	12.1	22.6	1.4638	1.6	0
493	2011	166	26352	11.6	26	1.5382	1.2	9.8
493	2011	167	25315.2	14.3	26.8	1.8593	2.5	3.9
493	2011	168	22118.4	14.5	22	1.57	2.5	8.5
493	2011	169	7257.6	9.3	18.1	1.3937	3.8	12
493	2011	170	17366.4	9.3	17.6	1.1401	4.2	0.1
493	2011	171	15379.2	9.6	18	1.1506	3.2	1.2
493	2011	172	19872	12.6	26.5	1.6571	2.3	0
493	2011	173	23760	13.2	28.3	1.9312	3	2.2
493	2011	174	15206.4	12.4	20.6	1.5183	2.1	3.2
493	2011	175	22464	9.8	20	1.1169	3.2	0.1
493	2011	176	13737.6	9.9	18.3	1.1089	2.7	0.3
493	2011	177	16675.2	11.6	23.2	1.5875	1.9	0
493	2011	178	27388.8	10	26.5	1.5281	1.7	0
493	2011	179	29808	11.5	28.2	1.457	1.8	0
493	2011	180	27475.2	12.6	29.9	1.5124	2.3	2
493	2011	181	12700.8	7.6	20.4	1.3252	3.7	17.4
493	2011	182	20044.8	5.2	18.2	1.099	2.3	0.7
493	2011	183	18835.2	9.1	17.5	1.0527	2.9	3.3
493	2011	184	6307.2	10.7	12.7	1.1539	3.3	3
493	2011	185	14688	12	21.4	1.5757	2.1	0
493	2011	186	23414.4	11.4	24.5	1.5407	2.4	0
493	2011	187	24192	12.2	27.4	1.7522	2.2	0
493	2011	188	24537.6	14.5	28.5	1.7917	2.3	18.1
493	2011	189	19958.4	15.1	22.5	1.6899	2.9	1.7
493	2011	190	20217.6	15.6	28	1.903	2.1	3.6
493	2011	191	20476.8	15.5	26.5	1.9363	2.5	2.6
493	2011	192	24969.6	12.8	24.6	1.5502	2.3	0
493	2011	193	27993.6	12.3	27.5	1.5079	3.1	7.5
493	2011	194	13219.2	17	26.1	2.0796	3.6	9.8
493	2011	195	7084.8	13.9	17.4	1.4383	3	1.8
493	2011	196	18662.4	10.3	21.5	1.2088	2.7	0
493	2011	197	28512	7.5	23.6	1.1644	2.3	0
493	2011	198	20044.8	12.3	28.2	1.7068	3.5	8.5
493	2011	199	12873.6	10.9	19	1.3242	3.1	0
493	2011	200	24624	10.9	25.4	1.4146	3.2	14.7
493	2011	201	6048	12.5	15.1	1.45	6.4	21.5
493	2011	202	14256	13.7	21.5	1.6478	3.7	6.1
493	2011	203	15811.2	13.5	21.2	1.4638	4	0.2
493	2011	204	12873.6	11.5	17.7	1.1951	2.5	0.1
493	2011	205	12441.6	7.8	17.7	1.0892	2.7	0
493	2011	206	13910.4	7.3	20	1.155	1.6	0
493	2011	207	27388.8	5.7	23.5	1.1121	1.8	0
493	2011	208	26956.8	8.5	24.1	1.24	1.7	0
493	2011	209	18921.6	10.4	24.2	1.4592	2.1	0
493	2011	210	13910.4	10.6	22.8	1.4998	1.9	0.5
493	2011	211	12960	13.3	17.9	1.416	3.6	1.3
493	2011	212	5788.8	12.9	16.2	1.3401	3	0
493	2011	213	17625.6	11.1	22.1	1.4525	1.6	0
493	2011	214	26265.6	9.4	25.9	1.4313	2	0
493	2011	215	21513.6	11.8	27.4	1.6395	2.2	2.3
493	2011	216	13219.2	14.7	22	1.9169	1.7	20.7
493	2011	217	13305.6	13.3	25.6	1.9176	1.7	0.3
493	2011	218	19958.4	16.9	27	1.9731	1.8	0.3
493	2011	219	6825.6	15.2	19.7	1.7717	2.4	6
493	2011	220	13824	14.3	22.7	1.4884	4.1	0
493	2011	221	15984	11.5	19.3	1.2581	4.5	2.5
493	2011	222	17107.2	7.8	17.6	1.0269	3.3	0
493	2011	223	21340.8	5.7	23.6	1.1323	1.7	0
493	2011	224	19526.4	12.1	25.2	1.481	2.2	4.2
493	2011	225	12960	15.1	22.3	1.8086	2	0.5
493	2011	226	22032	14.7	29	1.9873	2.7	2.5
493	2011	227	10022.4	13.2	21.6	1.7859	2	18.3
493	2011	228	13305.6	13.1	23	1.7365	1.6	0
493	2011	229	23760	13.7	27.2	1.8239	1.4	0
493	2011	230	20563.2	13.1	28.8	1.8561	2.1	0
493	2011	231	16761.6	17.2	28.8	2.1028	2.6	1.1
493	2011	232	23673.6	13	25.8	1.5968	1.7	0
493	2011	233	22550.4	14.2	31.1	2.0588	2.5	0
493	2011	234	22291.2	16.7	31.1	2.1903	1.5	0
493	2011	235	22982.4	17.4	33.5	2.1751	1.9	0.7
493	2011	236	19180.8	19	31.3	2.3281	2.1	6.1
493	2011	237	21427.2	17.2	28.5	2.1394	2.7	0
493	2011	238	22550.4	17.5	31.8	2.0122	3.4	0
493	2011	239	8208	7.7	21.1	1.3108	4.1	2.5
493	2011	240	20822.4	6.4	20.4	1.1671	2.2	0
493	2011	241	20217.6	7.2	22.4	1.1601	2.2	0
493	2011	242	14688	7.8	20.7	1.0548	1.8	0
493	2011	243	20304	6.5	22.5	1.1544	1.4	0
493	2011	244	11059.2	10	20	1.3966	1.8	0
493	2011	245	10972.8	12.7	22	1.7605	2.2	0.1
493	2011	246	19612.8	10.6	26.9	1.6414	1.9	0
493	2011	247	16761.6	12.9	27.2	1.7561	1.7	4
493	2011	248	4838.4	13.7	19.6	1.6653	3	2.7
493	2011	249	19267.2	8.5	21.4	1.2393	2.3	0
493	2011	250	9590.4	11.1	20.5	1.4342	3.7	2.8
493	2011	251	4665.6	12.8	16.2	1.2863	4.1	2.5
493	2011	252	6134.4	13	20.8	1.6919	2.1	0.5
493	2011	253	18316.8	14.7	25.5	1.9494	2.2	0
493	2011	254	18921.6	14.8	27.8	1.9216	2.8	0.6
493	2011	255	16848	11.4	23.1	1.3563	3	0
493	2011	256	17193.6	10.8	24.3	1.4023	2.7	1.2
493	2011	257	12873.6	6.9	19.9	1.1671	2.6	3.1
493	2011	258	17366.4	4.7	19.3	1.0509	1.5	0
493	2011	259	17971.2	4.2	20.8	1.057	1.5	0
493	2011	260	13392	12.7	25.2	1.6839	3.1	1
493	2011	261	4233.6	9.5	17.3	1.4128	2.6	21.9
493	2011	262	4147.2	8.6	11.6	1.1117	2.2	5.5
493	2011	263	4060.8	9.7	15.5	1.2097	1.8	0
493	2011	264	4060.8	8	15.4	1.2089	1.4	0
493	2011	265	8726.4	6.3	18.7	1.2887	1.4	0
493	2011	266	12873.6	7.6	19.6	1.2446	1.5	0
493	2011	267	16156.8	4.7	20.1	1.1364	1.7	0
493	2011	268	15465.6	5.9	22.1	1.3093	1.4	0
493	2011	269	13824	7.9	23.4	1.4915	1.2	0
493	2011	270	15465.6	7.1	23.5	1.4411	1.2	0
493	2011	271	13651.2	9.3	22.9	1.5167	1.8	0
493	2011	272	14601.6	6.8	22.3	1.2243	1.6	0
493	2011	273	15379.2	6.4	25.1	1.2152	1.8	0
493	2011	274	15206.4	7.6	24	1.3445	1.6	0
493	2011	275	14947.2	5.9	23.7	1.2274	1.2	0
493	2011	276	14688	5.8	22.5	1.2576	1.4	0
493	2011	277	13478.4	7.6	23	1.3716	1.6	0
493	2011	278	6652.8	7.3	19.8	1.2251	1.5	0
493	2011	279	10800	10.8	22.1	1.308	3	5.4
493	2011	280	7344	6.9	11.6	0.9684	4.4	9.9
493	2011	281	6998.4	4.3	10.1	0.8629	4.7	8.5
493	2011	282	10713.6	2.2	10.7	0.7617	2.8	2.9
493	2011	283	3110.4	4.1	14.3	1.1047	2.8	5.6
493	2011	284	9072	13.3	19.5	1.397	4.7	0
493	2011	285	3024	8.4	14.3	1.0738	5.6	11.8
493	2011	286	8035.2	3.8	12.5	0.8232	2.7	0
493	2011	287	12268.8	-0.3	10.9	0.6768	2.4	0
493	2011	288	12441.6	-1.2	13.1	0.6241	3	0
493	2011	289	12096	1.1	13.6	0.7282	2.7	0
493	2011	290	11577.6	-2	11.4	0.7259	1.2	0
493	2011	291	10195.2	3.1	17.2	1.0163	3.1	0
493	2011	292	2764.8	4.6	9.9	0.8659	2.9	1
493	2011	293	6912	-1.9	10	0.661	2.4	0
493	2011	294	5356.8	-2.9	3.6	0.6016	1.1	0
493	2011	295	11059.2	-4.7	9.4	0.6005	1.5	0
493	2011	296	10800	-4.3	10	0.6298	2.2	0
493	2011	297	10713.6	2.2	13.9	0.7746	5.2	0
493	2011	298	6480	-0.9	13.8	0.7232	2.6	0
493	2011	299	2419.2	7.6	12.5	1.0587	1.8	0.4
493	2011	300	5529.6	7.7	13.4	1.1329	1.6	0
493	2011	301	6048	2.5	12.8	0.8794	1.3	0
493	2011	302	2332.8	1.6	8.1	0.8199	1.6	0
493	2011	303	2332.8	4.3	9.2	0.8564	2	0
493	2011	304	6652.8	2.6	12.3	0.9707	1.1	0
493	2011	305	2246.4	3.9	7.8	0.8696	1.8	0
493	2011	306	2160	4.6	6.8	0.8515	3	0
493	2011	307	2851.2	1.8	6.8	0.7806	3.6	0
493	2011	308	6134.4	3.6	11.6	0.9286	3.4	0
493	2011	309	6566.4	5.1	13	1.036	4	0
493	2011	310	6307.2	4.3	14.3	1.0653	1.9	0
493	2011	311	8380.8	3	16.5	0.8929	2.9	0
493	2011	312	8121.6	1.4	15.4	0.9254	2.3	0
493	2011	313	8294.4	-1.3	13.4	0.8254	1.4	0
493	2011	314	1987.2	3.7	6.2	0.843	1.9	0
493	2011	315	3888	-1.5	7.3	0.6772	2	0
493	2011	316	7862.4	-3.8	7.3	0.61	1.7	0
493	2011	317	7776	-6	7.4	0.5721	1.2	0
493	2011	318	2419.2	-4.2	1.6	0.5556	1	0
493	2011	319	1814.4	-3	-1.1	0.5258	1.2	0.1
493	2011	320	1814.4	-2.3	-0.5	0.5516	1.5	0
493	2011	321	1728	-1.8	1.8	0.5927	2.5	0
493	2011	322	1728	-3.2	6.6	0.6631	1.6	0
493	2011	323	1728	-1.9	3	0.6359	2.6	0
493	2011	324	1728	0.7	5.1	0.6997	2.6	0
493	2011	325	6307.2	-1.7	7.4	0.6897	2.2	0
493	2011	326	1641.6	-3.3	-0.2	0.5375	1.9	0
493	2011	327	1641.6	-2.3	-0.9	0.5435	2.2	0
493	2011	328	1641.6	-2.8	-1.9	0.5142	1.6	0
493	2011	329	1555.2	-2.5	-1.1	0.5356	2	0.1
493	2011	330	1555.2	-1.2	1.7	0.6222	2.2	0
493	2011	331	4060.8	-0.3	5.8	0.7295	2.1	0
493	2011	332	6220.8	-4.1	7.4	0.6676	1.2	0
493	2011	333	1555.2	-6.5	0.9	0.4973	1.7	0
493	2011	334	1468.8	-1.1	2.2	0.6359	2.3	0
493	2011	335	1641.6	1.6	5.8	0.7962	3.1	0
493	2011	336	1641.6	0.5	3.4	0.6962	3.3	2.9
493	2011	337	3628.8	1.8	8.3	0.7701	3.8	0.7
493	2011	338	2073.6	6.8	11.9	0.9632	6.1	4.2
493	2011	339	3024	0.8	12.6	0.775	6.2	1.8
493	2011	340	1555.2	-1.8	3.8	0.6109	2.7	10
493	2011	341	1555.2	-1.1	7.1	0.7047	4.8	6.8
493	2011	342	3628.8	-1.4	5.6	0.5686	5.8	0
493	2011	343	1555.2	0	11	0.7946	4.1	6
493	2011	344	1555.2	0.3	3.3	0.6748	2.7	1.9
493	2011	345	1555.2	0.6	3.8	0.6944	2.2	0
493	2011	346	1468.8	0.7	5.1	0.7373	3.8	1.5
493	2011	347	2332.8	-1.9	3.3	0.6235	3.7	1.4
493	2011	348	1468.8	1	8.4	0.7515	4.1	1.4
493	2011	349	1814.4	-1.1	6.2	0.6532	3.2	1.9
493	2011	350	1468.8	0.1	9.9	0.7674	6.7	11.8
493	2011	351	2678.4	0.8	3.7	0.6178	6.9	0
493	2011	352	2851.2	-0.7	2.6	0.5694	3.7	0.2
493	2011	353	4838.4	-3	1.9	0.5107	2.4	0
493	2011	354	3542.4	-5.4	0	0.466	2.6	2.2
493	2011	355	1468.8	-1	2.4	0.6106	4.5	0.6
493	2011	356	1468.8	1	3	0.6845	2	3.5
493	2011	357	1468.8	1.7	5.4	0.7878	1.6	1.7
493	2011	358	1814.4	2.3	6.7	0.7411	5	0.6
493	2011	359	1468.8	-1	4.9	0.6258	2.4	0.7
493	2011	360	1468.8	2.7	7.1	0.8314	1.8	0
493	2011	361	1468.8	3.9	5.7	0.817	1.4	0
493	2011	362	1468.8	-0.8	4.6	0.6726	2.7	0
493	2011	363	1468.8	-0.7	4.4	0.5934	3.9	1.4
493	2011	364	1814.4	0.9	4.2	0.6238	6.4	0.2
493	2011	365	1814.4	-1.6	1.9	0.593	2.6	9.7
