*---------------------------------------------------------------------------*
* Station name: STRAUBING                               
* Year: 2003
* Author: Pedro Alencar                                   -999.000: NIL VALUE
* Source: ECAD 
* Comments: 
* Longitude: 48.8283, latitude: 48.8283, altitude: 351 m.
*
* Column  Daily value
* 1       station number
* 2       year
* 3       day
* 4       irradiation                   (kJ m-2 d-1)
* 5       minimum temperature           (degrees Celsius)
* 6       maximum temperature           (degrees Celsius)
* 7       early morning vapour pressure (kPa)
* 8       mean wind speed (height: 2 m) (m s-1)
* 9       precipitation                 (mm d-1)
*
** WCCDESCRIPTION=GERMANY, STRAUBING                               
** WCCFORMAT=2
** WCCYEARNR=2003
*---------------------------------------------------------------------------*
   48.8283  12.5603    351.  -0.18 -0.55
493	2003	1	1555.2	-3.1	-0.2	0.5036	4.7	3
493	2003	2	1555.2	-0.2	11.4	0.8456	4.3	13.7
493	2003	3	4060.8	4.4	10.1	0.7946	7.2	8
493	2003	4	1555.2	-1.3	6	0.6946	2.8	10.7
493	2003	5	1555.2	-7.6	-1.2	0.3926	2.8	0.4
493	2003	6	1555.2	-7.6	-4.7	0.3128	1.9	0
493	2003	7	1641.6	-11.4	-4.4	0.2868	2.9	0.4
493	2003	8	5356.8	-14.8	-5.1	0.2356	1	0
493	2003	9	4924.8	-15.4	-8.9	0.1976	1.4	0.1
493	2003	10	1641.6	-9.5	-7	0.2824	1.6	1.2
493	2003	11	6393.6	-19.3	-2.1	0.222	1.2	0
493	2003	12	6048	-19.8	-8.3	0.1714	1.4	0
493	2003	13	1728	-9.2	-4	0.3283	2.6	14.7
493	2003	14	1728	-4	3.6	0.566	3.6	0
493	2003	15	1728	-1.8	2.7	0.5808	2.1	0
493	2003	16	1728	-3.3	2.6	0.548	2.5	0.5
493	2003	17	6393.6	-7.9	1.8	0.4589	1.7	0
493	2003	18	3024	-9.5	-1.4	0.3952	2	0
493	2003	19	6048	-11.3	-3.6	0.3355	1.8	0.1
493	2003	20	6393.6	-7	1.5	0.4692	2.8	0
493	2003	21	2246.4	-7.1	-3.2	0.4043	2.4	1
493	2003	22	1900.8	-4.5	0.8	0.5229	2.9	0.4
493	2003	23	3024	-1.8	4.3	0.6353	2.4	2.5
493	2003	24	1987.2	0.8	3.1	0.6469	2.8	0.3
493	2003	25	1987.2	-0.1	1.9	0.613	1.5	0
493	2003	26	1987.2	-0.2	1.3	0.5913	1.9	0.6
493	2003	27	2073.6	0.5	4.9	0.7195	2.5	5.9
493	2003	28	3801.6	2.3	8.2	0.7365	5.5	1.9
493	2003	29	2073.6	-0.2	2.6	0.5797	5	1.1
493	2003	30	3369.6	-4	2	0.5226	3.4	2.4
493	2003	31	4579.2	-5.4	-1.4	0.4232	3.1	4.2
493	2003	32	5097.6	-15.5	-2.7	0.2642	2.5	0.3
493	2003	33	2246.4	-16.3	-4.3	0.2487	3.5	1.4
493	2003	34	3369.6	-4.3	4.6	0.5621	4.8	5.2
493	2003	35	5702.4	-1.6	2	0.5393	2.3	0
493	2003	36	3628.8	-2.4	1	0.5226	3	2.7
493	2003	37	5356.8	-3.2	0	0.4511	2.6	0.7
493	2003	38	2851.2	-4.4	-0.7	0.4357	1.9	1.9
493	2003	39	2505.6	-2.3	1	0.5594	1.7	3.6
493	2003	40	8121.6	-14.4	-2.3	0.2998	1.4	0
493	2003	41	3283.2	-17.4	-4	0.2436	0.8	0
493	2003	42	2592	-5.4	-3.8	0.3824	1.7	0
493	2003	43	9849.6	-12.2	0.5	0.2845	1.6	0
493	2003	44	10108.8	-15.6	-0.3	0.2521	1.4	0
493	2003	45	10454.4	-16.4	-0.9	0.2387	1.4	0
493	2003	46	8985.6	-16.6	-2.6	0.2363	1.5	0
493	2003	47	6480	-9.7	1.1	0.3423	2.6	0
493	2003	48	10972.8	-13.6	0	0.2682	2.2	0
493	2003	49	11145.6	-15.9	-1.5	0.2346	1	0
493	2003	50	11318.4	-14.5	0.5	0.2894	1.2	0
493	2003	51	11491.2	-13.1	2.2	0.3259	1.2	0
493	2003	52	10886.4	-12.7	2.2	0.3475	1.2	0
493	2003	53	11404.8	-12.3	3.4	0.3648	1.4	0
493	2003	54	12009.6	-12.3	1.1	0.3383	1.4	0
493	2003	55	12268.8	-11.6	3.4	0.37	1.2	0
493	2003	56	12441.6	-11.2	6.1	0.3952	1.2	0
493	2003	57	12700.8	-9.2	4.8	0.4108	1.7	0
493	2003	58	12355.2	-6.6	4.3	0.4831	2	0
493	2003	59	12268.8	-6.8	4.5	0.4888	1.6	0
493	2003	60	5529.6	-2.4	5.2	0.6084	1.5	0
493	2003	61	3369.6	-1.2	3.7	0.6621	2.2	7.9
493	2003	62	3369.6	0.8	5.4	0.7555	1.6	1.4
493	2003	63	9072	-1.8	5.7	0.668	1.8	0
493	2003	64	9331.2	-2.1	7	0.685	2.1	0
493	2003	65	9676.8	-1.4	6.2	0.6099	3.5	2.9
493	2003	66	4406.4	-1.2	5.9	0.6801	1.5	0.1
493	2003	67	6220.8	-1.1	6.6	0.7295	2.6	0
493	2003	68	3715.2	-1.8	9.9	0.7915	2.2	1
493	2003	69	15638.4	0.2	16.7	0.8511	1.9	0
493	2003	70	8467.2	1.7	15	0.8564	2.7	0
493	2003	71	3888	5.5	14.2	0.911	4.3	2.9
493	2003	72	7862.4	-0.3	5.6	0.5174	3.8	0
493	2003	73	9936	-0.7	4.8	0.4745	2.9	0
493	2003	74	4060.8	-1	3.1	0.4812	2.4	0
493	2003	75	16416	-0.6	9.5	0.5791	1.7	0
493	2003	76	13737.6	-3.8	9.7	0.5587	1.8	0
493	2003	77	17107.2	-1.5	9.9	0.5855	1.6	0
493	2003	78	16934.4	-2.6	12.2	0.6278	1.8	0
493	2003	79	16761.6	-0.9	9.6	0.6	2.8	0
493	2003	80	12960	-2.1	8.2	0.5323	2.6	0
493	2003	81	18403.2	-3.6	9.5	0.3398	4.5	0
493	2003	82	18835.2	-3.6	12.2	0.4069	2.3	0
493	2003	83	18662.4	-4.1	16.8	0.565	1.3	0
493	2003	84	17712	-2.6	18.3	0.6898	1.4	0
493	2003	85	17107.2	4.6	17.7	0.8875	1.7	0
493	2003	86	17539.2	0.6	18.3	0.816	1.5	0
493	2003	87	17798.4	2	19.2	0.8301	1.4	0
493	2003	88	11404.8	3.4	17.8	0.9068	1.6	0
493	2003	89	13132.8	6.4	19	1.203	1.6	0.3
493	2003	90	19353.6	-0.9	13.7	0.5477	3.8	0
493	2003	91	20217.6	-1.2	15.8	0.5622	2.9	2.8
493	2003	92	5011.2	3.3	13.9	0.8375	5	0.2
493	2003	93	6307.2	1.8	7.4	0.5936	2.6	0
493	2003	94	12268.8	1.3	9	0.5904	2.5	0.1
493	2003	95	5788.8	2.4	8.6	0.5869	5.4	0.2
493	2003	96	17452.8	-2.8	3.5	0.376	4.9	0.3
493	2003	97	10540.8	-5	1.1	0.3708	3.9	0.1
493	2003	98	18489.6	-5.3	4.1	0.3334	2.8	0
493	2003	99	21859.2	-5.3	6.5	0.3191	1.9	0
493	2003	100	6048	-4.6	8.1	0.4991	3.6	1.7
493	2003	101	15206.4	-1.5	7.7	0.5418	2.9	0
493	2003	102	18489.6	-3.5	14.6	0.5255	1.4	0
493	2003	103	17539.2	2.4	16.5	0.7332	1.9	0
493	2003	104	23068.8	2.2	19.6	0.6775	4.9	0
493	2003	105	23500.8	6.8	20.9	0.8064	5.3	0
493	2003	106	23414.4	5.1	21	0.6905	4.1	0
493	2003	107	23760	4.5	18.8	0.5614	3.2	0
493	2003	108	20390.4	1	15.1	0.5809	4.7	0
493	2003	109	9072	0	8.5	0.6538	2.8	0.5
493	2003	110	23673.6	0.2	21	0.6641	5	0
493	2003	111	21772.8	6.9	20.5	0.7986	3	0
493	2003	112	19267.2	6	18.8	0.9926	2	0
493	2003	113	21340.8	3.6	19.6	0.8461	3.1	0
493	2003	114	22809.6	1.7	18.7	0.6839	1.8	0
493	2003	115	23760	3.4	20	0.6869	2.4	0
493	2003	116	18835.2	5.6	23.7	0.9658	2.8	1.4
493	2003	117	14083.2	7.8	17.4	0.9619	4.5	0.1
493	2003	118	20908.8	2.7	22.3	0.8688	2.8	0
493	2003	119	17020.8	10.9	21.8	1.0954	3.1	0
493	2003	120	17107.2	7.5	25.9	1.3289	4.1	2.5
493	2003	121	20995.2	10	19.7	1.0289	3.9	0
493	2003	122	21859.2	6.5	22.9	1.0023	2.5	3.9
493	2003	123	19612.8	4.6	18	0.883	4.6	0
493	2003	124	27388.8	2.5	23.2	0.7852	3.1	0
493	2003	125	26956.8	5.8	29.7	0.9534	4.3	0
493	2003	126	24537.6	15.1	31.4	1.224	3	0
493	2003	127	26611.2	14	26.8	1.4834	2.5	0
493	2003	128	25660.8	11.8	29	1.4355	2	4
493	2003	129	19094.4	12.2	23	1.5072	2.9	0.4
493	2003	130	18662.4	10.3	21.1	1.3182	1.4	0.7
493	2003	131	13910.4	12.3	18.8	1.482	1.3	0
493	2003	132	14342.4	10.2	20.4	1.3543	2	0.4
493	2003	133	8380.8	8.1	14.3	1.1828	2.4	5.5
493	2003	134	22204.8	5.6	12.9	0.8167	3.4	1.5
493	2003	135	16070.4	2.5	12.5	0.8186	2.2	0.5
493	2003	136	27475.2	0.6	16.5	0.7456	1.9	0
493	2003	137	21254.4	5.5	20.7	1.0391	2.7	3.5
493	2003	138	17625.6	9.5	19.8	1.4321	2.4	8.1
493	2003	139	22809.6	13	23.9	1.6746	3.6	21.4
493	2003	140	13564.8	8.5	16.5	1.1439	2.6	0.9
493	2003	141	17884.8	7.9	14.7	1.0569	2.8	2.8
493	2003	142	17193.6	7.3	18.3	1.1518	2.1	0.7
493	2003	143	19008	8.9	21.4	1.5133	2.7	0.2
493	2003	144	29462.4	12.3	26	1.5057	3.7	0
493	2003	145	18403.2	13.8	21.1	1.493	3	10.4
493	2003	146	12528	13.5	20.3	1.6919	2.9	0
493	2003	147	17712	13.3	23	1.685	2.2	0.1
493	2003	148	19440	13.8	23.1	1.6322	2.4	0
493	2003	149	27388.8	12.6	26.1	1.6367	2.3	0
493	2003	150	30153.6	11.5	27.8	1.4619	1.3	0
493	2003	151	23500.8	11.1	27.3	1.7325	1.5	1
493	2003	152	25056	12.4	26.1	1.7602	1.9	0
493	2003	153	29289.6	11.6	26.7	1.4836	2	0
493	2003	154	29116.8	12.5	27.2	1.5495	1.8	0
493	2003	155	29116.8	13.2	29.4	1.7194	2	0
493	2003	156	26006.4	15.1	31.7	2.0393	2.1	10.9
493	2003	157	17625.6	17.7	26.6	2.2103	2	2
493	2003	158	22464	15.3	27.1	2.0858	1.5	0
493	2003	159	27561.6	15.8	30	1.9508	2.2	0
493	2003	160	22896	15.1	26.4	1.6379	2	0
493	2003	161	29635.2	13.3	30.3	1.8248	2.5	0
493	2003	162	27907.2	15.8	29.9	1.7227	2	0
493	2003	163	28944	14.1	32.9	1.7915	2.5	0.4
493	2003	164	21513.6	17	28.3	2.2509	1.8	8.4
493	2003	165	19526.4	15.2	27.3	2.1174	2	20.9
493	2003	166	23500.8	16.2	25.1	1.8708	2.1	0
493	2003	167	29030.4	13.5	25.2	1.4573	2	0
493	2003	168	30240	11.3	26.5	1.3953	1.7	10.3
493	2003	169	12700.8	15.9	22.5	1.7992	3	0.9
493	2003	170	12096	14.7	22.9	1.7116	3.1	0
493	2003	171	19094.4	13.7	23.8	1.5767	3.8	2.8
493	2003	172	28339.2	10.8	21.5	1.0999	2.8	0
493	2003	173	29808	8.7	24	1.1883	1.8	0
493	2003	174	26438.4	12.2	31.3	1.8193	3	4.8
493	2003	175	18230.4	17	26.3	2.0407	1.8	6.3
493	2003	176	30153.6	12.5	26.7	1.3207	2.7	0
493	2003	177	29894.4	9.8	26.8	1.3019	1.7	0
493	2003	178	25920	13.6	25.2	1.4394	2.1	0
493	2003	179	19958.4	14.2	23.7	1.6839	1.9	0
493	2003	180	27820.8	11.4	28.2	1.4986	1.6	0
493	2003	181	27302.4	14.2	30.7	1.7085	2.6	0
493	2003	182	6307.2	13.1	21.7	1.6867	3.2	6.1
493	2003	183	20304	11.3	21.5	1.397	2.8	2.5
493	2003	184	14688	10.8	18.1	1.4466	3	5.2
493	2003	185	17366.4	9.9	19.4	1.3655	2.5	6.8
493	2003	186	12355.2	13	19.7	1.4482	3.6	0.2
493	2003	187	17884.8	11	21.4	1.2873	2.6	0
493	2003	188	26956.8	8.7	24.2	1.2706	2	0
493	2003	189	28166.4	12.4	25	1.3349	2.3	0
493	2003	190	19699.2	10.7	24.9	1.4042	2.8	1.3
493	2003	191	27216	11.9	25.7	1.3649	2.5	0
493	2003	192	28598.4	9.3	27.2	1.2769	1.8	0
493	2003	193	18748.8	12.7	25.4	1.3424	2.4	0
493	2003	194	27216	9.8	24	1.0959	2.8	0
493	2003	195	29808	8.5	26.1	1.0648	3.1	0
493	2003	196	29548.8	9.7	29.1	1.1695	2.2	0
493	2003	197	26784	11.5	31.7	1.2876	2.6	0
493	2003	198	16156.8	14.5	26.7	1.8893	2.6	2.1
493	2003	199	24969.6	12.5	25.1	1.4516	2.1	0
493	2003	200	29116.8	10	28.7	1.3228	2.3	0
493	2003	201	28684.8	15.2	30.9	1.4061	2.4	0
493	2003	202	20736	15.8	31.6	1.6962	3	0
493	2003	203	25401.6	15.4	31.6	1.7626	2.4	0.6
493	2003	204	21513.6	15.5	28.2	1.8042	2.9	0
493	2003	205	20217.6	12.4	28.3	1.6935	2.8	8.6
493	2003	206	19872	15	24.6	1.7752	1.8	0
493	2003	207	17971.2	14.6	28.5	1.7972	2.3	0
493	2003	208	21859.2	17.8	34.2	2.2471	3.1	10.3
493	2003	209	16848	17	25.1	1.7928	3.1	0
493	2003	210	21168	14.5	25	1.333	2	0
493	2003	211	27302.4	11	26.5	1.3607	1.5	0
493	2003	212	24105.6	13.4	25.6	1.3578	2.5	0
493	2003	213	19958.4	18.3	28.3	1.9414	1.9	0
493	2003	214	26006.4	15.9	31.8	1.9477	1.6	0
493	2003	215	26352	16.8	33.6	1.8552	1.7	0
493	2003	216	24969.6	16.5	35.8	1.861	1.6	0
493	2003	217	24019.2	19.3	34.9	2.0394	2.1	0
493	2003	218	25142.4	17.8	32.4	1.6535	2	0
493	2003	219	25833.6	13.8	32.5	1.3015	1.4	0
493	2003	220	25142.4	13.8	34.6	1.4465	1.2	0
493	2003	221	23932.8	14.9	33.6	1.4206	1.4	0
493	2003	222	22636.8	16.9	35.2	1.5473	1.6	0
493	2003	223	25228.8	17.3	32.3	1.3431	2	0
493	2003	224	24883.2	14	34.5	1.3602	1.7	0
493	2003	225	21340.8	15.8	37.7	1.5423	2.6	0
493	2003	226	18748.8	16.2	32	1.5876	2.7	5
493	2003	227	19526.4	12.9	25.9	1.5293	2.5	0
493	2003	228	21513.6	10.5	28.1	1.3187	1.5	0
493	2003	229	16934.4	12.4	28.8	1.5017	2.4	0.2
493	2003	230	16675.2	16.3	30.7	2.0516	2.4	1.8
493	2003	231	15552	13.5	26.4	1.5823	2.8	0
493	2003	232	17280	13.3	28.3	1.6675	2	1.7
493	2003	233	21772.8	14.5	29.1	1.7205	1.6	0
493	2003	234	22982.4	13.3	29.1	1.357	2.6	0
493	2003	235	23760	11.3	29.8	1.1832	2.3	0
493	2003	236	22809.6	15.1	28.4	1.3774	2.6	0
493	2003	237	23328	9.9	26.2	1.075	1.6	0
493	2003	238	22291.2	8.8	28.4	1.0484	1.8	0
493	2003	239	22204.8	10	24.9	1.055	2.9	0
493	2003	240	19353.6	10.8	29.3	1.2878	2	0
493	2003	241	13305.6	15.2	28.4	1.9291	4.1	5.9
493	2003	242	9072	12.8	21.6	1.5872	2.8	6.8
493	2003	243	11664	8	16.1	1.1809	2.8	4.8
493	2003	244	13478.4	5.4	17.2	1.0435	2.1	1
493	2003	245	15465.6	5.6	16	0.9448	2.8	0.5
493	2003	246	21513.6	2.2	17.9	0.7756	1.8	0
493	2003	247	20995.2	3.1	21.7	0.8919	1.4	0
493	2003	248	20476.8	6.8	23.2	1.0559	2.3	0
493	2003	249	17884.8	7	23	1.107	1.4	0
493	2003	250	15292.8	7.2	23.8	1.2311	1.4	0
493	2003	251	12009.6	10.1	20.9	1.2838	2.4	3.9
493	2003	252	13219.2	13.3	21.1	1.6068	2.3	0
493	2003	253	13651.2	11	19.2	1.217	3.4	2.8
493	2003	254	8812.8	10.6	16.2	1.2439	5.1	22.8
493	2003	255	4492.8	11	14.9	1.3719	3.2	1.6
493	2003	256	14342.4	11.5	17.4	1.3151	3.2	0.7
493	2003	257	10281.6	9.3	18.8	1.2334	2.1	0
493	2003	258	18748.8	7.3	21	1.1608	2	0
493	2003	259	17798.4	5.4	21.3	1.1327	1.3	0
493	2003	260	17366.4	5.5	23.6	1.1912	1.2	0
493	2003	261	17884.8	7.5	26	1.3522	1.8	0
493	2003	262	17625.6	7.4	26.1	1.3903	1.8	0
493	2003	263	17539.2	8.6	29	1.4516	1.1	0
493	2003	264	17280	9.5	27.5	1.4246	1.5	0
493	2003	265	16934.4	9.9	27.8	1.4996	1.7	0
493	2003	266	3974.4	10.9	19	1.3581	2.6	1.3
493	2003	267	13651.2	5.3	15.6	0.8851	2.2	0
493	2003	268	16848	2	18	0.7607	3.5	0
493	2003	269	16502.4	1.2	19.3	0.8609	2.1	0
493	2003	270	15811.2	6.9	20.9	1.0787	1.6	0
493	2003	271	9936	6.8	19.9	1.148	1.8	2.6
493	2003	272	11664	7.4	16.8	1.0296	3.2	0
493	2003	273	14169.6	1.6	16.4	0.8834	1.5	0
493	2003	274	8640	2.6	16.6	0.9556	2.3	0
493	2003	275	8726.4	9.9	19.1	1.5337	2.2	1.6
493	2003	276	4665.6	9.5	17.1	1.4952	1.5	1.8
493	2003	277	4060.8	10.8	15.6	1.3794	3	15.4
493	2003	278	3369.6	6.9	11	1.0977	2.4	16.4
493	2003	279	9763.2	6.3	11.8	0.8749	4.1	0.4
493	2003	280	3283.2	4.1	10.5	0.8586	6.5	11.1
493	2003	281	3196.8	4.8	8.8	0.8593	6.7	9.7
493	2003	282	7430.4	7.1	13.4	1.0231	5.1	1.1
493	2003	283	3715.2	10	13.5	1.1577	3.9	1.6
493	2003	284	3110.4	10.1	15.1	1.3409	2	1.1
493	2003	285	10627.2	2.9	13.1	0.8148	2	0
493	2003	286	12096	0.2	13	0.7502	1.3	0
493	2003	287	10108.8	-0.7	11.4	0.6702	1.6	0
493	2003	288	12787.2	-2.3	12	0.6473	1.6	0
493	2003	289	12528	-2.8	10	0.5771	2.2	0
493	2003	290	12441.6	-2	11	0.5642	4	0
493	2003	291	12182.4	-4.1	11.4	0.5871	1.7	0
493	2003	292	11404.8	-3.5	9.7	0.6105	1.3	0
493	2003	293	4406.4	0.6	7.2	0.7267	1.3	1.6
493	2003	294	2678.4	0.6	5	0.7097	2.5	3.4
493	2003	295	3628.8	0.5	6.5	0.7222	1.8	0
493	2003	296	3369.6	-0.5	5.9	0.586	3.9	0
493	2003	297	9763.2	-5.4	3.2	0.4003	2.6	0
493	2003	298	3456	-5.5	4	0.4628	2.6	0
493	2003	299	4320	-3	5.2	0.5624	2	0.1
493	2003	300	7776	-4.1	9.2	0.6458	1.3	0
493	2003	301	10281.6	-4.8	8.1	0.5781	2.2	0
493	2003	302	8035.2	-2.3	10	0.6598	2.8	2.6
493	2003	303	2332.8	-1.3	7.1	0.7373	2.4	0.1
493	2003	304	7171.2	-1	11.8	0.7084	5.7	0
493	2003	305	2678.4	4.2	11.6	0.9264	3	1
493	2003	306	4752	-0.1	10.3	0.8255	1.5	0
493	2003	307	3888	-0.1	10.2	0.8226	3.2	0.5
493	2003	308	7516.8	1.3	14.1	0.9139	1.7	0
493	2003	309	7862.4	-1.4	12.1	0.7774	1.6	0
493	2003	310	8121.6	-2.8	9.1	0.6356	1.5	0
493	2003	311	5961.6	0.2	9.1	0.6808	4	0
493	2003	312	5443.2	1.6	10.2	0.6684	6.2	0
493	2003	313	8035.2	-1.4	11.5	0.7701	1.6	0
493	2003	314	1987.2	-2.3	4.3	0.624	2	0
493	2003	315	6307.2	-5.4	5.4	0.5743	1.1	0
493	2003	316	8035.2	-5.8	6.3	0.5289	1.7	0
493	2003	317	1900.8	0.8	3.6	0.6228	1.6	0
493	2003	318	1814.4	1.2	4.3	0.6849	2.4	0.4
493	2003	319	1814.4	-1.6	7.2	0.7396	2.9	0
493	2003	320	1814.4	-1	2.8	0.6521	3	2.5
493	2003	321	3110.4	1.8	7.4	0.7633	3.3	0.1
493	2003	322	1728	2.2	6.9	0.8029	2.2	0.6
493	2003	323	1728	6.2	9.5	1.0082	2.1	0
493	2003	324	1728	5.4	8	0.9712	2.4	0
493	2003	325	3024	-0.1	7.1	0.785	2.4	0
493	2003	326	1641.6	0.5	5.4	0.7551	2.4	0
493	2003	327	3542.4	1.3	6.6	0.8103	3.6	0
493	2003	328	3196.8	1	5.9	0.7822	2	0
493	2003	329	1555.2	2.7	4.5	0.7906	1.4	0
493	2003	330	1555.2	2.8	4.7	0.799	2	0
493	2003	331	1555.2	1	5.4	0.7685	1.5	0
493	2003	332	1555.2	3.3	5.4	0.8334	2.3	14.8
493	2003	333	1555.2	0.1	3.3	0.6907	2.6	6
493	2003	334	1468.8	-0.1	2.6	0.6688	2.9	0
493	2003	335	4406.4	-0.4	6.9	0.7636	2.2	0
493	2003	336	2937.6	0.1	5.7	0.7524	2.5	0
493	2003	337	1641.6	0	4.2	0.7108	2.2	0
493	2003	338	1555.2	1	3.3	0.7133	1.8	0
493	2003	339	1555.2	1.4	3.2	0.6777	1.5	0
493	2003	340	1555.2	-0.4	3.7	0.585	3.9	1.2
493	2003	341	5961.6	-5.6	2.2	0.4208	2.9	0
493	2003	342	6048	-7.5	0.7	0.4042	1.4	0
493	2003	343	5961.6	-6.6	2.7	0.4449	1.8	0
493	2003	344	5875.2	-4.1	5.6	0.4451	4.6	0
493	2003	345	4665.6	-6.4	2.7	0.4802	2.1	1.8
493	2003	346	2419.2	-1.9	5.1	0.6309	3.2	0.1
493	2003	347	1468.8	-1.3	3	0.6368	3.2	10.9
493	2003	348	3024	2.3	9.5	0.7705	9.5	4.1
493	2003	349	3801.6	-1.5	4.2	0.5658	7.3	0.2
493	2003	350	2505.6	-1.3	1.7	0.5207	4.6	0
493	2003	351	1468.8	-0.2	2.5	0.6175	2.4	0
493	2003	352	1468.8	-1.8	-0.2	0.5623	1.2	0
493	2003	353	1468.8	-2.4	-0.4	0.535	2.4	1.6
493	2003	354	3369.6	-0.4	3.9	0.6655	3.2	5.4
493	2003	355	1468.8	0.8	6.5	0.6823	6.1	3
493	2003	356	2851.2	-3.1	3	0.5053	4.2	1
493	2003	357	4320	-10.4	-2.6	0.3046	2.3	0
493	2003	358	5702.4	-12.5	-4.5	0.2802	2	0
493	2003	359	3196.8	-12.3	-4.1	0.2868	2.3	0
493	2003	360	4579.2	-7.3	-0.4	0.3678	2.6	0
493	2003	361	1468.8	-4.9	-0.6	0.4193	3.3	0
493	2003	362	1987.2	-4.2	2.5	0.4709	3.8	0.3
493	2003	363	3196.8	-0.1	3.5	0.594	2.1	0
493	2003	364	1555.2	0.8	2.4	0.5966	1.8	1.6
493	2003	365	1555.2	-2	1	0.5538	3.8	7.6
