*---------------------------------------------------------------------------*
* Station name: STRAUBING                               
* Year: 2007
* Author: Pedro Alencar                                   -999.000: NIL VALUE
* Source: ECAD 
* Comments: 
* Longitude: 48.8283, latitude: 48.8283, altitude: 351 m.
*
* Column  Daily value
* 1       station number
* 2       year
* 3       day
* 4       irradiation                   (kJ m-2 d-1)
* 5       minimum temperature           (degrees Celsius)
* 6       maximum temperature           (degrees Celsius)
* 7       early morning vapour pressure (kPa)
* 8       mean wind speed (height: 2 m) (m s-1)
* 9       precipitation                 (mm d-1)
*
** WCCDESCRIPTION=GERMANY, STRAUBING                               
** WCCFORMAT=2
** WCCYEARNR=2007
*---------------------------------------------------------------------------*
   48.8283  12.5603    351.  -0.18 -0.55
493	2007	1	1555.2	-0.3	11.5	0.7638	5.7	4.2
493	2007	2	1555.2	-1.4	3.2	0.5869	3.7	3.5
493	2007	3	1900.8	2.5	5.1	0.6815	4.2	0
493	2007	4	1555.2	1.4	7.2	0.7059	3.7	0.9
493	2007	5	1555.2	5.1	7	0.7785	6.4	2.1
493	2007	6	1555.2	4.6	8.4	0.8611	2	4
493	2007	7	4060.8	-1.7	9.4	0.6598	3.5	0
493	2007	8	2332.8	-1.8	9.4	0.7376	2.8	1.2
493	2007	9	1641.6	5.9	11.2	1.0016	2.4	7.5
493	2007	10	5356.8	3	11.2	0.9175	2.5	0.6
493	2007	11	3888	2.2	11.7	0.7085	5.1	3.6
493	2007	12	4060.8	6.2	10	0.734	6.6	0
493	2007	13	3283.2	0.2	12.8	0.7257	4.5	0
493	2007	14	4752	-2.2	10.8	0.6644	3.6	0
493	2007	15	6652.8	-3.9	5.6	0.6108	1.3	0
493	2007	16	1728	-3.4	0.7	0.5536	2.2	0
493	2007	17	2160	-0.2	8.9	0.8	2.7	0.5
493	2007	18	1814.4	8.2	14.9	0.8569	10.4	14.4
493	2007	19	1814.4	5.9	12.6	1.0734	5.2	26.1
493	2007	20	2246.4	9.1	12.9	1.023	4.4	3.9
493	2007	21	5184	0.7	11.7	0.7013	4.9	2
493	2007	22	1900.8	-1.7	4	0.571	1.7	0.2
493	2007	23	1900.8	-2.4	2.5	0.5335	4	1.6
493	2007	24	1987.2	-5	-2.1	0.4467	3.2	7.7
493	2007	25	7084.8	-11.3	-2.4	0.3111	2.3	0
493	2007	26	5011.2	-14.9	-5.1	0.2576	2.2	2.1
493	2007	27	2678.4	-5.5	1	0.4559	5.8	0.9
493	2007	28	2073.6	0.4	3.3	0.5865	7.5	0
493	2007	29	2851.2	2.1	4.1	0.6792	7.6	0.3
493	2007	30	2937.6	1.7	6.1	0.7106	2.6	0
493	2007	31	2160	2.2	4.3	0.6016	2.8	0.2
493	2007	32	4665.6	2.8	7.1	0.7474	3.8	0
493	2007	33	2246.4	1.2	6.2	0.7484	1.5	0.4
493	2007	34	6652.8	3	7.3	0.705	4.1	0.2
493	2007	35	6912	-3.2	7.1	0.6258	1.9	0
493	2007	36	6307.2	-5.4	5.4	0.5804	2	2.5
493	2007	37	2419.2	0.9	3.3	0.6468	2	0.8
493	2007	38	2419.2	0.5	4.7	0.685	2.4	6.6
493	2007	39	3369.6	2.4	7.5	0.7821	2.6	6.2
493	2007	40	7084.8	-1.6	8.3	0.6525	2.2	0
493	2007	41	8726.4	-3.8	7.1	0.6194	1.9	0.6
493	2007	42	4579.2	4	7.4	0.8057	3.3	1.8
493	2007	43	2592	3.8	7.4	0.8274	3.1	4.1
493	2007	44	5356.8	5.5	9.4	0.7952	6.4	0.3
493	2007	45	6307.2	-0.8	8.6	0.6621	3.5	7.6
493	2007	46	2764.8	3.6	7.1	0.7774	3.5	1.8
493	2007	47	10713.6	-2.2	8.2	0.6289	2.5	0
493	2007	48	10800	-1.4	11.1	0.6559	4.7	0
493	2007	49	11145.6	-3.1	11	0.5996	2.1	0
493	2007	50	5961.6	-1.4	4.4	0.64	1.8	0
493	2007	51	10108.8	-1.6	9.2	0.7136	1.5	0
493	2007	52	9244.8	-2.4	10.7	0.7478	1.7	0
493	2007	53	9504	-0.3	10.8	0.772	1.2	0
493	2007	54	9763.2	-0.8	11.2	0.734	2.3	0
493	2007	55	8985.6	0.2	11.1	0.7482	3	0
493	2007	56	3196.8	2.2	10.2	0.7772	3.1	0.5
493	2007	57	4924.8	2.4	8.8	0.7547	4.8	1.9
493	2007	58	5011.2	2.8	6.7	0.7199	5.3	5.6
493	2007	59	6825.6	2.5	11.8	0.86	4.5	9.3
493	2007	60	4060.8	5.9	12.2	0.8749	6.6	1
493	2007	61	9504	-0.7	8.5	0.5814	4.7	2.4
493	2007	62	6998.4	-0.8	11.9	0.7611	5.7	8.6
493	2007	63	14256	1.3	10.5	0.6962	3.2	0
493	2007	64	9590.4	0.1	10.2	0.6786	2.9	0
493	2007	65	13046.4	-1.4	13.4	0.7945	2.3	0
493	2007	66	12182.4	-0.1	13.7	0.8099	2.2	0.2
493	2007	67	8812.8	4.2	12.1	0.8015	2.6	0
493	2007	68	5616	1	9.8	0.6994	1.5	1.3
493	2007	69	6912	-1.3	7.8	0.6016	2.4	0.8
493	2007	70	15724.8	-3.6	9.8	0.5952	1.2	0
493	2007	71	16329.6	-3.2	16.6	0.7553	1.4	0
493	2007	72	16416	-0.1	15.5	0.8194	1.2	0
493	2007	73	15552	0	14.7	0.759	1.9	0
493	2007	74	15724.8	0.1	13.7	0.7558	1.2	0
493	2007	75	14515.2	-2.1	14.7	0.7253	1.4	0
493	2007	76	5011.2	1.3	8.8	0.6563	4.8	0
493	2007	77	8208	1.3	13.1	0.7005	6.2	4.1
493	2007	78	4233.6	0.7	4	0.6367	3.8	0.5
493	2007	79	4320	0.6	5.6	0.58	3.6	0.6
493	2007	80	12787.2	-0.5	5.5	0.5997	3.1	0.1
493	2007	81	5875.2	0.3	5.2	0.5955	4.7	1
493	2007	82	11491.2	0.5	8.2	0.6584	4.5	7.7
493	2007	83	4492.8	0.4	4.4	0.6753	1.9	2
493	2007	84	19008	0.4	13.1	0.7383	5.8	0
493	2007	85	19008	2.1	15.1	0.6812	5.6	0
493	2007	86	18921.6	2.9	14.3	0.603	6.1	0
493	2007	87	18316.8	0.8	14.3	0.5615	4	0
493	2007	88	16156.8	2.2	13.4	0.7086	3.5	0.4
493	2007	89	17625.6	0.6	15.5	0.7638	2.8	0
493	2007	90	15552	3.1	16.3	0.7937	2.9	0
493	2007	91	15033.6	3.1	16.8	0.7704	2.9	0
493	2007	92	20563.2	1.4	17.4	0.7307	1.9	0.5
493	2007	93	15552	4	14.5	0.8517	3.2	0
493	2007	94	14515.2	-0.2	10	0.6322	5	0
493	2007	95	21168	-3.7	13.9	0.5445	2	0
493	2007	96	20217.6	3	18.3	0.8073	2.3	0
493	2007	97	20044.8	0.6	17.8	0.8024	2.5	0
493	2007	98	19612.8	0.7	15.1	0.6602	1.5	0
493	2007	99	21600	-0.1	18	0.6746	2.5	0
493	2007	100	21686.4	0.6	17.5	0.7252	2.5	0
493	2007	101	22464	1.2	18.7	0.8316	1.2	0
493	2007	102	22809.6	2.5	22.6	0.9297	2.1	0
493	2007	103	21945.6	5.1	24.6	1.0121	2.6	0
493	2007	104	23414.4	6.8	25.6	0.9195	3.6	0
493	2007	105	23587.2	7.4	24.3	0.7913	2.1	0
493	2007	106	23760	6.5	23	0.7877	2.7	0
493	2007	107	23846.4	2.8	24	0.7678	1.5	0.4
493	2007	108	13046.4	6.2	14.5	0.7536	3.4	0
493	2007	109	23414.4	1.6	16.1	0.6474	1.2	0
493	2007	110	24278.4	1	17.5	0.6767	2.5	0
493	2007	111	23500.8	-0.5	17.3	0.6279	1.8	0
493	2007	112	24883.2	0.3	20.4	0.6908	2	0
493	2007	113	25056	2.8	24.1	0.7703	2	0
493	2007	114	7171.2	9.5	16.3	1.1296	2.2	0.1
493	2007	115	23673.6	6.6	22.5	1.1251	3.5	0
493	2007	116	25833.6	3.7	23.8	0.7541	3.7	0
493	2007	117	25920	6.9	24.5	0.855	3	0
493	2007	118	26092.8	4.7	25.4	0.9568	1.5	0
493	2007	119	24969.6	6.5	21.8	0.9996	3.6	0
493	2007	120	26524.8	4.4	19.3	0.6798	2.2	0
493	2007	121	26006.4	0.5	18.3	0.5539	2.9	0
493	2007	122	26956.8	3	19	0.4853	4.9	0
493	2007	123	24710.4	0.3	20.1	0.6342	1.7	0
493	2007	124	21340.8	3.6	22.4	0.8827	3.7	4.1
493	2007	125	12009.6	10.9	18.4	1.2655	3.6	0
493	2007	126	10972.8	6.3	17.2	1.075	2.4	1.8
493	2007	127	12960	4.3	17.9	0.977	3.8	11.9
493	2007	128	15638.4	9.5	18.3	1.2215	5.5	12.9
493	2007	129	6652.8	9.9	13.5	1.2226	4.3	25.9
493	2007	130	24364.8	10.5	22.7	1.2073	4.5	0
493	2007	131	19612.8	8.7	23.4	1.1111	4.4	0
493	2007	132	20304	7.6	20.6	1.1089	3.4	5
493	2007	133	26352	5.8	26.1	1.2308	2.8	0
493	2007	134	26265.6	11.7	26.6	1.4172	3	0
493	2007	135	8899.2	7.3	14.3	1.0224	3.9	1.4
493	2007	136	23155.2	3.6	16.9	0.9108	2	1.8
493	2007	137	13824	6.8	11.5	0.9851	3.3	4
493	2007	138	27302.4	1.6	16.5	0.8173	1.5	0
493	2007	139	29289.6	3.4	21.5	0.9237	1.9	0
493	2007	140	29376	5.3	26.6	1.1403	2.5	0
493	2007	141	29289.6	8.9	28.6	1.3823	1.3	0
493	2007	142	23068.8	13	28.4	1.8278	2.4	4.4
493	2007	143	24624	14.1	26	1.9199	1.7	0
493	2007	144	29289.6	13.5	26.9	1.7251	2	0
493	2007	145	23587.2	13.4	28.2	1.8881	2.5	21.6
493	2007	146	26352	13.9	27.3	1.8166	2.9	0.2
493	2007	147	18835.2	14	25.1	1.6798	2	4.4
493	2007	148	15897.6	8.6	21.7	1.4789	3.7	17.5
493	2007	149	7171.2	7.5	11.6	1.1191	5.6	17.8
493	2007	150	22982.4	4.9	15.7	0.9013	2.5	0
493	2007	151	28166.4	3.3	19.1	0.9303	1.4	0
493	2007	152	24624	6.3	23.1	1.2362	2	0
493	2007	153	14428.8	12.5	20.3	1.5273	1.6	0.8
493	2007	154	23760	11	22.8	1.4804	2.2	0
493	2007	155	22032	13.7	23.4	1.5571	1.8	0
493	2007	156	19094.4	11.5	23.6	1.5425	1.8	0
493	2007	157	25142.4	12.3	26	1.6607	2.2	0
493	2007	158	29635.2	13.8	26.9	1.4549	4.3	0
493	2007	159	28944	12.8	27.9	1.4549	2.6	0
493	2007	160	27993.6	11.6	27.7	1.439	1.6	0
493	2007	161	26006.4	14.2	27	1.6955	2.1	0
493	2007	162	24192	13	26.5	1.6548	1.5	0
493	2007	163	11577.6	12.9	22.9	1.7816	1.6	10.6
493	2007	164	22291.2	13.1	25.5	1.6987	1.5	0
493	2007	165	28684.8	12.9	27.5	1.7488	2.3	0
493	2007	166	23068.8	13.7	27.3	1.7333	3.2	26.4
493	2007	167	24451.2	11.1	22.6	1.3799	2.4	0
493	2007	168	28512	11.5	26.6	1.4524	1.8	5.6
493	2007	169	24364.8	14.6	26.1	1.6696	3	0
493	2007	170	30326.4	12.8	28.2	1.661	1.3	0
493	2007	171	29635.2	13.7	30.8	1.6611	1.4	0
493	2007	172	19267.2	14.3	25.4	1.8038	3	3.8
493	2007	173	13305.6	10.7	18.9	1.4628	2	3.9
493	2007	174	22982.4	10	21.9	1.3213	3.1	0.1
493	2007	175	29462.4	8.7	24.1	1.3224	1.8	0
493	2007	176	23846.4	12.6	28	1.712	3	13
493	2007	177	18662.4	11.4	19.4	1.2931	6.3	1.3
493	2007	178	13910.4	9.3	16.3	1.1223	3.9	3.4
493	2007	179	13478.4	10.3	19.3	1.261	2.9	0.4
493	2007	180	18489.6	10.4	21.1	1.2509	1.5	0.6
493	2007	181	19440	11	22.7	1.3416	2.5	0
493	2007	182	25315.2	9.9	29.1	1.5841	2.4	7.5
493	2007	183	6307.2	13.2	17.9	1.6584	2.1	10.2
493	2007	184	18662.4	9.6	22.1	1.4568	2.2	6.7
493	2007	185	16588.8	11.3	18.1	1.3365	4.1	14
493	2007	186	12182.4	11.1	16.5	1.3397	6.6	2.6
493	2007	187	16848	12.2	21.7	1.408	5.3	0.1
493	2007	188	26006.4	10.8	23.6	1.0973	3.4	0
493	2007	189	20822.4	14.4	25.7	1.639	1.4	0.9
493	2007	190	8035.2	12	20.2	1.6081	3.6	4.4
493	2007	191	14428.8	10.6	15.6	1.2349	3.2	1.2
493	2007	192	16243.2	9.8	19.2	1.1709	2.9	0.8
493	2007	193	9331.2	11.4	17.3	1.3556	3.5	0.6
493	2007	194	18403.2	11.4	25.3	1.622	1.6	0
493	2007	195	29203.2	12.7	31.5	1.7788	2.1	0
493	2007	196	29376	13.3	32.9	1.7771	3.1	0
493	2007	197	29289.6	16.9	34.8	2.061	1.2	0
493	2007	198	28339.2	15.2	30.7	1.5095	2.4	0.8
493	2007	199	26524.8	17.4	28.3	1.8616	2.9	3.7
493	2007	200	27820.8	15.8	31.9	2.1247	2.5	2.6
493	2007	201	21945.6	18.4	32.5	2.2725	2.6	0.7
493	2007	202	24624	17	28.7	2.0561	2.9	60.6
493	2007	203	15638.4	13.1	22.3	1.638	3.1	0.7
493	2007	204	24796.8	11.8	26.9	1.6591	3.6	6.3
493	2007	205	17366.4	13.9	22.8	1.5798	4.7	1.7
493	2007	206	24451.2	10.9	23.6	1.2777	3.7	0
493	2007	207	26006.4	9.2	26.5	1.4086	1.6	0
493	2007	208	21427.2	12.8	26.3	1.5209	2.5	0
493	2007	209	13910.4	15.4	24.8	1.6441	3	0.2
493	2007	210	10368	14.2	23.7	1.8151	3.5	7.3
493	2007	211	21168	8.8	17.9	1.0409	3.4	0
493	2007	212	25142.4	6.8	19.5	0.9669	2.5	0
493	2007	213	27561.6	4	21.7	0.963	1.5	0
493	2007	214	20476.8	8.6	26.5	1.3422	2.4	0
493	2007	215	15984	14.5	22.6	1.5144	2.5	0
493	2007	216	25833.6	10.4	23.2	1.1845	1.9	0
493	2007	217	26956.8	9.4	24.2	1.1654	2.4	0
493	2007	218	26870.4	8.1	29	1.2798	1.6	0
493	2007	219	24451.2	11.6	29.6	1.5017	2.3	0
493	2007	220	10368	14.7	21.1	1.7611	1.7	1.2
493	2007	221	6307.2	14.5	19.2	1.6482	3.1	8.8
493	2007	222	5443.2	12.5	15.6	1.4737	2.7	3.6
493	2007	223	5443.2	14.5	19.2	1.7632	1.8	1.3
493	2007	224	16588.8	13.6	23.6	1.7545	1.9	0
493	2007	225	22204.8	11.5	25.8	1.6312	2	0
493	2007	226	20649.6	12.2	27.2	1.7184	1.7	0
493	2007	227	15897.6	14.3	29.2	1.9232	2.8	0
493	2007	228	8121.6	15.3	22.2	1.771	2.3	7.8
493	2007	229	8812.8	10.1	16.8	1.3712	2.1	0.1
493	2007	230	19612.8	9.4	22.1	1.4296	1.7	0
493	2007	231	21340.8	8.9	25	1.3887	1.7	0
493	2007	232	7862.4	12.2	18.6	1.4678	1.5	5.8
493	2007	233	13478.4	12.8	21.9	1.6221	1.7	6
493	2007	234	20563.2	10.8	22.8	1.5666	1.5	0
493	2007	235	20304	12.9	24.7	1.6249	1.9	0.7
493	2007	236	21168	10.5	25.9	1.5859	1.5	0
493	2007	237	23241.6	11.5	28	1.5629	1.4	0
493	2007	238	22204.8	12.1	28.8	1.6559	1.7	0
493	2007	239	20476.8	11.8	26.3	1.5184	1.8	0
493	2007	240	21772.8	9.2	21.7	1.157	2.1	0
493	2007	241	4752	10.6	15.3	1.3272	1.7	2.8
493	2007	242	13478.4	8.6	19.4	1.1496	1.7	0
493	2007	243	5356.8	6.6	17.6	1.1424	1.8	1.4
493	2007	244	10108.8	11.6	19	1.4932	2.9	2.7
493	2007	245	12355.2	11.5	20.1	1.488	1.1	0.5
493	2007	246	4924.8	10.1	17.9	1.421	2.3	12.2
493	2007	247	12441.6	6.4	13.6	1.0184	3	8.5
493	2007	248	12960	6.8	13.4	0.9264	3.8	2.5
493	2007	249	4752	8.7	12.9	1.1389	4	11.2
493	2007	250	4752	11.6	15	1.3273	3.1	0.6
493	2007	251	6480	12.3	15.7	1.3891	2.9	3.5
493	2007	252	6134.4	10.7	15.7	1.1823	3.3	0
493	2007	253	7171.2	9.9	15.2	1.1622	3.4	6.3
493	2007	254	10022.4	10	15.7	1.2889	4	6.2
493	2007	255	5270.4	6.8	17.3	1.209	1.6	1.2
493	2007	256	19267.2	3.9	20	1.1172	1	0
493	2007	257	17452.8	5.8	23	1.2944	1.9	0
493	2007	258	15206.4	5.1	19.1	0.9873	2.5	0
493	2007	259	18230.4	2.9	20.4	1.0954	2	0
493	2007	260	16675.2	7.1	25.2	1.4666	2.2	7.6
493	2007	261	5616	8.9	17	1.2825	3.5	2.1
493	2007	262	13651.2	3	13.6	0.8644	1.7	0
493	2007	263	14169.6	4.3	15.5	0.9994	1.4	0
493	2007	264	16934.4	3.2	19.5	1.0604	2	0
493	2007	265	17193.6	3.9	21.3	1.1951	1.7	0
493	2007	266	16934.4	6	22.3	1.3059	1.4	0
493	2007	267	16243.2	6	21.5	1.3196	1.7	0
493	2007	268	3888	8.1	13.1	1.1622	2	6.3
493	2007	269	3801.6	8	11.1	1.1191	1.5	14.1
493	2007	270	5961.6	9.4	14.5	1.2709	1.4	0.3
493	2007	271	3715.2	8.5	11	1.1221	3.4	23.2
493	2007	272	12268.8	8.7	18.4	1.1165	4.3	0
493	2007	273	13737.6	5.5	18.8	1.2028	1.3	0
493	2007	274	14083.2	5.1	19.5	1.2433	1.3	0
493	2007	275	10108.8	7.4	20.1	1.4296	1.3	4.8
493	2007	276	7344	10	20.3	1.6164	1.3	0.7
493	2007	277	3456	10.9	16.8	1.5496	1.7	3.4
493	2007	278	7257.6	6.9	20.3	1.3068	1.9	0
493	2007	279	11664	3.2	16	0.9198	1.4	0
493	2007	280	13737.6	3.3	15.1	0.8838	1.4	0
493	2007	281	12009.6	1.6	15.9	0.9701	1	0
493	2007	282	10368	1.6	16	1.03	1	0
493	2007	283	10800	2.8	15.9	1.0337	0.8	0
493	2007	284	11318.4	2.9	15.3	0.9587	1.1	0
493	2007	285	4406.4	2.3	13.3	0.9413	1.4	0
493	2007	286	7948.8	3.4	13.8	0.871	2.1	0
493	2007	287	12960	0.6	13.2	0.7658	2	0
493	2007	288	12614.4	0	16.2	0.8744	1.8	0
493	2007	289	12096	0.9	17.3	1.0049	1.2	0
493	2007	290	8640	3.8	16	1.1457	1.6	0.6
493	2007	291	6652.8	5.3	13	0.9619	3.6	2.4
493	2007	292	3974.4	2	7.3	0.7659	2.8	5
493	2007	293	4838.4	0.5	6.3	0.608	3	0.2
493	2007	294	4752	-0.6	7.2	0.6734	2.1	0.7
493	2007	295	3110.4	0.2	4.8	0.5851	3.1	0
493	2007	296	2592	2.9	5.1	0.6912	4.5	1.2
493	2007	297	2505.6	-0.9	6.6	0.6673	2	0
493	2007	298	2505.6	5.7	9.6	0.9108	1.5	0.1
493	2007	299	8035.2	3.1	12.5	0.9096	1.8	0
493	2007	300	2419.2	4.8	9	0.8752	1.4	0
493	2007	301	2419.2	-0.4	8.3	0.7698	1.1	0
493	2007	302	6307.2	-1.5	10	0.7944	1.5	0
493	2007	303	2332.8	0.8	8.8	0.8256	1.6	0.1
493	2007	304	9676.8	-0.2	11.2	0.7494	2	0
493	2007	305	7948.8	-1.9	10.4	0.7613	1	0
493	2007	306	2160	-2.1	7	0.6923	0.9	0
493	2007	307	2160	6.2	10.1	1.0723	1.4	0.8
493	2007	308	5011.2	4.1	10.4	0.8149	2.4	0
493	2007	309	9158.4	-2	10.3	0.6574	1.4	2.1
493	2007	310	5529.6	-1.7	8.7	0.683	4.1	2.9
493	2007	311	2073.6	3.4	6	0.743	6.8	7.5
493	2007	312	5270.4	5.8	10	0.9158	5.8	1.2
493	2007	313	4406.4	1.1	8.7	0.7101	6.9	3.1
493	2007	314	1987.2	0.8	3.1	0.6329	6.3	10.2
493	2007	315	1900.8	0.2	8.9	0.769	5.1	11
493	2007	316	2937.6	0.3	4.8	0.6165	5.7	5.7
493	2007	317	1900.8	0.6	4.4	0.6362	6	3
493	2007	318	1814.4	-0.4	2.8	0.6264	2.6	1.5
493	2007	319	6566.4	-2.1	1.8	0.4956	3.5	0
493	2007	320	3888	-3.5	1.2	0.4663	1.6	0
493	2007	321	2332.8	-2.6	-0.5	0.4964	0.9	0.5
493	2007	322	1728	-1.3	1.4	0.5948	1.2	0
493	2007	323	5702.4	-3	4	0.5829	2.4	0
493	2007	324	1728	-1.8	0.7	0.5811	2.2	0
493	2007	325	3974.4	-0.8	2.9	0.6263	3.3	0
493	2007	326	1641.6	-1.1	3	0.6479	2.8	0
493	2007	327	2160	-0.4	3.5	0.6628	1.8	0.3
493	2007	328	1641.6	2.7	4.5	0.7669	0.9	0
493	2007	329	1555.2	1.2	4	0.6629	3.7	7.6
493	2007	330	2764.8	0.8	3.3	0.5807	5.6	0.2
493	2007	331	4492.8	-3.2	4	0.5472	4	0
493	2007	332	1900.8	-4.9	-0.9	0.4838	1.6	0
493	2007	333	1555.2	-5.5	-1.2	0.4773	1.6	3.3
493	2007	334	1468.8	-1.3	3.6	0.6573	1.8	0.2
493	2007	335	1641.6	0.7	4.3	0.724	2	0.8
493	2007	336	3456	0.8	11.4	0.7248	5	7.3
493	2007	337	3283.2	3.9	9.5	0.7848	7.9	1
493	2007	338	2246.4	2.1	5.2	0.6664	3.8	1.6
493	2007	339	2160	3.1	5.5	0.7806	3.3	3.4
493	2007	340	3974.4	3.5	10.1	0.889	2.9	4.6
493	2007	341	2419.2	4.8	13.4	0.9356	6.1	4.1
493	2007	342	2678.4	0.3	5.9	0.6563	3	0.5
493	2007	343	1555.2	0.6	5.7	0.7275	3.3	2.6
493	2007	344	1987.2	-0.6	5.5	0.6923	2.7	0.5
493	2007	345	1555.2	2.7	5.3	0.7481	2.1	0.9
493	2007	346	1468.8	2.3	4.1	0.684	3.3	1.4
493	2007	347	1468.8	-1.5	4.3	0.5341	3.1	0
493	2007	348	3801.6	-1.9	1.2	0.4408	3.5	0
493	2007	349	4233.6	-3.9	-0.1	0.4011	2.9	0.1
493	2007	350	1468.8	-2.2	0	0.4567	3.1	0
493	2007	351	5184	-5.3	0.6	0.3754	4.3	0
493	2007	352	4665.6	-6.3	0.5	0.4196	1.1	0
493	2007	353	5529.6	-7.8	1.2	0.4264	1	0
493	2007	354	1468.8	-8.7	-4.2	0.3623	0.6	0
493	2007	355	1468.8	-9.2	-4.3	0.3578	1.2	0
493	2007	356	1468.8	-6.2	-4.8	0.3937	1.5	0
493	2007	357	1468.8	-6.2	-5.4	0.3808	0.6	0
493	2007	358	1468.8	-5.9	-2.9	0.4367	0.5	0
493	2007	359	1468.8	-3.8	-2.1	0.477	2.8	0
493	2007	360	1468.8	-4.3	-2.4	0.4344	2.7	0
493	2007	361	1468.8	-2.7	-0.1	0.5185	2	0
493	2007	362	1468.8	-3.7	-0.6	0.4801	2.2	0
493	2007	363	1987.2	-5.7	-2.8	0.4283	4	5.4
493	2007	364	1555.2	-3.9	2.6	0.5536	3.1	0.9
493	2007	365	3196.8	-0.2	2.4	0.5822	2.6	0.6
