*---------------------------------------------------------------------------*
* Station name: AUGSBURG                                
* Year: 2020
* Author: Pedro Alencar                                   -999.000: NIL VALUE
* Source: ECAD 
* Comments: 
* Longitude: 48.4264, latitude: 48.4264, altitude: 461 m.
*
* Column  Daily value
* 1       station number
* 2       year
* 3       day
* 4       irradiation                   (kJ m-2 d-1)
* 5       minimum temperature           (degrees Celsius)
* 6       maximum temperature           (degrees Celsius)
* 7       early morning vapour pressure (kPa)
* 8       mean wind speed (height: 2 m) (m s-1)
* 9       precipitation                 (mm d-1)
*
** WCCDESCRIPTION=GERMANY, AUGSBURG                                
** WCCFORMAT=2
** WCCYEARNR=2020
*---------------------------------------------------------------------------*
   48.4264  10.9431    461.  -0.18 -0.55
494	2020	1	5529.6	-5.6	4.7	0.5322	1.9	0
494	2020	2	5184	-5.8	-1.2	0.472	1.5	0
494	2020	3	2332.8	-3.2	6.4	0.6035	3.1	1
494	2020	4	4147.2	2.7	6.3	0.7158	5.4	0.9
494	2020	5	1987.2	-3.3	4.6	0.5572	2.7	0
494	2020	6	3196.8	-5.4	4.5	0.5499	1	0
494	2020	7	5443.2	-5.5	4.4	0.5518	2	0.1
494	2020	8	1123.2	-2.5	6.2	0.5934	2	0
494	2020	9	1036.8	1.2	12.3	0.6497	2.3	0
494	2020	10	6220.8	0.6	10.7	0.6752	4.1	0.3
494	2020	11	5356.8	-4.1	6.2	0.5669	2	0
494	2020	12	4492.8	-5.5	2.1	0.5341	1.6	0
494	2020	13	2332.8	-2.3	5.6	0.5644	2	0
494	2020	14	4406.4	-2.6	10.7	0.5467	2.6	0
494	2020	15	7084.8	-2.7	11.3	0.5896	2.6	0
494	2020	16	7084.8	-2.8	10.4	0.6655	2.1	0
494	2020	17	5270.4	-4.4	10.7	0.651	2.4	2.1
494	2020	18	6048	-1.5	5.2	0.6493	2.6	3.2
494	2020	19	3196.8	-2.6	3.1	0.5911	1.4	1
494	2020	20	4406.4	-4.9	1.5	0.5179	1.8	0
494	2020	21	3628.8	-3	-0.6	0.482	2.3	0
494	2020	22	2764.8	-4	-1.7	0.4657	1.7	0
494	2020	23	2505.6	-3.5	-0.3	0.4997	2.8	0
494	2020	24	3024	-4.5	7.6	0.6082	2	0
494	2020	25	7603.2	-3.8	7.4	0.647	1.4	0
494	2020	26	5443.2	-1.6	8	0.7071	1.2	1.1
494	2020	27	6134.4	1.2	10.2	0.7599	2.7	2
494	2020	28	5788.8	0.7	7.1	0.6702	7	3.5
494	2020	29	2937.6	0.8	4.3	0.6092	6	0.8
494	2020	30	4320	1.7	8.8	0.6922	4.3	1
494	2020	31	8294.4	7.5	14.3	1.0814	7	0
494	2020	32	7948.8	5.9	14.7	1.039	5.2	6.1
494	2020	33	6393.6	7.1	11.8	1.0525	6.7	17.3
494	2020	34	2678.4	5.9	11.9	1.0712	4.2	17.4
494	2020	35	1728	1.2	13.1	0.8397	8	0.9
494	2020	36	5097.6	-4.3	4	0.4714	4.7	0
494	2020	37	6652.8	-5.1	6.3	0.5169	1.6	0
494	2020	38	10886.4	-5.8	4.4	0.4877	2.3	0
494	2020	39	10540.8	-5.8	8.3	0.5685	1.4	0
494	2020	40	10022.4	-1.8	12.7	0.5579	4.5	0
494	2020	41	9849.6	5.7	13.9	0.7627	12.3	18.7
494	2020	42	6134.4	0.7	7.9	0.6311	9.1	1.3
494	2020	43	777.6	0.4	5.4	0.5568	6.9	0.2
494	2020	44	6220.8	-2.4	9.5	0.5987	4.4	1.4
494	2020	45	6739.2	0.7	7.7	0.668	5.8	1.3
494	2020	46	5011.2	-1.8	10.5	0.7	1.7	0
494	2020	47	9417.6	1.8	14.8	0.6456	3.2	0
494	2020	48	5702.4	5.9	13.5	0.9019	3.9	3.7
494	2020	49	3974.4	2	7.9	0.6083	5.7	0
494	2020	50	7171.2	-0.1	6.7	0.565	6.6	0.4
494	2020	51	6825.6	-0.7	9.9	0.6445	3.5	1.7
494	2020	52	8812.8	2	7.9	0.5649	5.5	0
494	2020	53	12787.2	-1.2	14.6	0.5493	4.6	4.5
494	2020	54	11664	5.1	14.7	0.8532	8.1	7.7
494	2020	55	3542.4	3	11.3	0.8903	4.1	0.9
494	2020	56	6480	4.5	11.3	0.7667	5.5	1.3
494	2020	57	7344	-0.2	6.2	0.5835	7.1	0.8
494	2020	58	9590.4	-0.1	4.7	0.584	6.8	6.4
494	2020	59	7171.2	-0.3	5.9	0.5454	5.9	0.6
494	2020	60	11836.8	2.4	13.9	0.769	3.7	5.9
494	2020	61	8812.8	1.9	12.3	0.736	5.3	3.6
494	2020	62	13046.4	-0.3	8.5	0.6305	4.8	2.5
494	2020	63	8035.2	-2.6	5.9	0.5644	4.6	0.4
494	2020	64	5616	-2.9	7.1	0.5757	2.8	0
494	2020	65	7171.2	-2.9	7.9	0.6362	3.6	8.8
494	2020	66	4924.8	3.3	7.5	0.7084	8.2	0.8
494	2020	67	7430.4	-1.9	6.8	0.6194	4.5	0.3
494	2020	68	9504	-3.2	9.6	0.5918	2.7	0.6
494	2020	69	15206.4	1.8	8.6	0.7428	4.1	0.9
494	2020	70	6739.2	1.4	9.3	0.7953	6.8	7.8
494	2020	71	3456	7	16	1.0439	7.3	0
494	2020	72	10195.2	6.9	16.7	1.0233	5.7	0.4
494	2020	73	13910.4	-1.6	10.4	0.5603	5.1	0
494	2020	74	15984	-2.7	9.2	0.6016	1.7	0
494	2020	75	13046.4	-1.1	12.6	0.6615	2.6	0
494	2020	76	19440	-1.5	17.3	0.7667	1.8	0
494	2020	77	17884.8	1.6	14.7	0.899	1.6	1.2
494	2020	78	10281.6	1.9	16.9	0.9429	1.5	0
494	2020	79	19440	1.1	18	0.9048	1.9	0
494	2020	80	19094.4	1	19.4	0.9699	1.9	8.4
494	2020	81	16416	0.2	8.4	0.7889	5.5	10.2
494	2020	82	4838.4	-2.5	5	0.4414	6.2	0
494	2020	83	21600	-4.7	3.9	0.3086	5.8	0
494	2020	84	21686.4	-4.7	5	0.3336	5.2	0
494	2020	85	21168	-5.4	6.2	0.3397	6.5	0
494	2020	86	20304	-2.9	8.5	0.4781	6	0
494	2020	87	16848	-3.3	15.8	0.5992	3.2	0
494	2020	88	20736	-1.6	15.1	0.6497	1.8	0
494	2020	89	20044.8	0.3	7.7	0.6424	3.6	1.2
494	2020	90	9417.6	-5.4	5.4	0.3971	4	0
494	2020	91	15724.8	-8.3	6.2	0.3848	2.3	0
494	2020	92	19440	-6.4	9.6	0.4526	1.9	0
494	2020	93	23587.2	-6.2	13.3	0.4805	1.5	0
494	2020	94	23673.6	-4	12.3	0.5424	2.3	0
494	2020	95	19267.2	-1.8	14.2	0.6066	2.3	0
494	2020	96	21340.8	3.1	16.4	0.6636	4.4	0
494	2020	97	25315.2	-1.7	19.9	0.6815	1.7	0
494	2020	98	25056	0.3	20.4	0.7159	2.6	0
494	2020	99	24710.4	1.3	21.6	0.7837	1.6	0
494	2020	100	24796.8	1.5	21	0.8001	1.7	0
494	2020	101	24451.2	1.6	21.6	0.8597	1.6	0
494	2020	102	24451.2	2.5	20.1	0.8562	1.6	0
494	2020	103	26524.8	2.7	22.3	0.8977	2	0
494	2020	104	22464	1.8	20.2	0.8918	4	0
494	2020	105	20217.6	-4.1	7.1	0.4153	2.8	0
494	2020	106	21859.2	-6.3	16.4	0.4726	1.8	0
494	2020	107	26006.4	-1.1	21.8	0.6657	1.9	0
494	2020	108	26697.6	5.4	23.3	0.931	2.1	0
494	2020	109	24364.8	6.4	22.8	1.1453	2.3	0.1
494	2020	110	20390.4	6.5	19.6	1.0957	3.7	0
494	2020	111	26870.4	6.5	17.3	0.6821	7.2	0
494	2020	112	24969.6	6.9	20	0.6163	7.6	0
494	2020	113	26524.8	5.5	20.3	0.5945	5.3	0
494	2020	114	29894.4	0.6	20.2	0.6679	2.9	0
494	2020	115	28252.8	1.9	21	0.7432	3.5	0
494	2020	116	23932.8	2.9	19	0.6928	2.7	0
494	2020	117	29116.8	1.3	19.4	0.6782	2	0.5
494	2020	118	27820.8	6.5	20.1	1.068	2.7	1.1
494	2020	119	17712	5.6	18.9	1.0968	2.8	11.3
494	2020	120	15206.4	5.8	13.8	1.0896	4.1	6.6
494	2020	121	8812.8	5.4	15	1.0445	4.1	2.9
494	2020	122	9158.4	5.5	15	1.0106	4.5	0.1
494	2020	123	14774.4	3.9	12.4	0.899	4.7	1.8
494	2020	124	14083.2	2.1	15.3	0.8095	1.7	0
494	2020	125	19526.4	7	18	1.1873	2.6	1.7
494	2020	126	14428.8	4.5	13.8	0.8808	2.4	0
494	2020	127	18662.4	1	14.6	0.6452	2.3	0
494	2020	128	30585.6	0.2	19.9	0.7879	1.5	0
494	2020	129	31017.6	3.9	24.6	1.0061	2.1	0
494	2020	130	27043.2	9.3	25.8	1.3021	2.2	0
494	2020	131	21340.8	10.8	23.1	1.4851	2.3	0.1
494	2020	132	18576	2	18.2	1.1611	4.2	5.1
494	2020	133	11059.2	1.3	12.3	0.6914	2.8	0.2
494	2020	134	28684.8	4.9	9.9	0.9057	2.4	6.9
494	2020	135	9504	6	12.4	0.9884	3.2	0
494	2020	136	11059.2	4	12.6	0.8972	3.1	0
494	2020	137	12096	0.2	17.6	0.8319	2	0
494	2020	138	31449.6	2.3	20.4	0.8591	1.9	0
494	2020	139	33782.4	3.1	22.8	0.9544	1.7	0
494	2020	140	33955.2	5.9	24.5	1.0178	2.4	0
494	2020	141	30499.2	8.5	21.2	1.1639	2.2	0
494	2020	142	21254.4	7.7	23.4	1.1821	1.8	0
494	2020	143	30153.6	7.8	25.6	1.177	2.1	0.1
494	2020	144	18835.2	6.3	21.6	1.3687	3.3	10.2
494	2020	145	12355.2	7.1	18	0.9443	4.7	0
494	2020	146	25747.2	7.4	17.8	1.0202	4.1	0.6
494	2020	147	20995.2	4	17.8	0.912	2.2	0
494	2020	148	25228.8	3.3	20.7	0.8687	2	0
494	2020	149	31622.4	4.5	19.5	0.9528	3	7.9
494	2020	150	21081.6	4.3	17	0.9226	2.6	0
494	2020	151	19353.6	4.9	16.8	0.87	3	0
494	2020	152	20476.8	7.2	18.8	0.8378	2.9	0
494	2020	153	29894.4	6.7	23.4	1.0252	3.2	0
494	2020	154	35251.2	6.3	24.3	1.007	1.9	0
494	2020	155	34128	7.4	25.1	1.0885	2.3	0
494	2020	156	23673.6	12.2	20.2	1.3977	4.2	1.2
494	2020	157	12873.6	11	16.1	1.2096	5.4	1.9
494	2020	158	15552	12.2	18.7	1.42	4.1	6.6
494	2020	159	13651.2	6.9	13.4	1.1898	2.6	15.3
494	2020	160	7862.4	4.3	17.3	1.0354	2.4	5.5
494	2020	161	19526.4	10.4	14.2	1.3862	3.1	2.4
494	2020	162	7689.6	11.4	13.9	1.4476	2.6	1.7
494	2020	163	7430.4	9	19.5	1.4118	1.8	0
494	2020	164	23241.6	7	25.8	1.2852	3	0
494	2020	165	35942.4	9.2	26	1.467	2.8	22.9
494	2020	166	28166.4	13.2	15.2	1.5528	5.5	9.5
494	2020	167	3542.4	13.2	15.1	1.5478	4.7	29.3
494	2020	168	5184	11.8	19.1	1.6479	2.3	0.4
494	2020	169	12873.6	11.8	21.5	1.741	2.8	12.2
494	2020	170	17798.4	10.3	21.6	1.4118	2.7	1
494	2020	171	29030.4	12.9	15.4	1.451	4	0.3
494	2020	172	12182.4	10.5	19.6	1.4352	2.7	1.6
494	2020	173	18403.2	8.9	22.4	1.385	2.2	0
494	2020	174	26438.4	11	23.7	1.5627	2.5	0
494	2020	175	24278.4	10.1	24.3	1.45	1.9	0
494	2020	176	34128	11.8	23.6	1.2336	3.2	0
494	2020	177	34473.6	11.8	23.6	1.4358	2.4	0
494	2020	178	26438.4	9.4	26.6	1.5456	2.4	0.2
494	2020	179	31363.2	15.5	28.1	1.8509	3.2	0.6
494	2020	180	31536	14.5	25.7	1.7615	3.3	10.1
494	2020	181	20390.4	13.3	22	1.7135	2.9	1.3
494	2020	182	18057.6	10.5	24.7	1.4268	2.9	0
494	2020	183	29894.4	10.3	29.6	1.6522	2.6	0.9
494	2020	184	1641.6	13.7	24.2	1.8589	2.9	7.1
494	2020	185	20304	10	22.5	1.3283	2.2	0
494	2020	186	24192	8.6	24.6	1.2828	2.6	0
494	2020	187	31363.2	13	27.5	1.5645	4.3	0
494	2020	188	29030.4	7.1	21.6	1.078	4.8	0.1
494	2020	189	25574.4	5.7	21.1	1.0135	1.6	0
494	2020	190	35164.8	6.7	25.4	1.2204	2.8	0
494	2020	191	29289.6	10.6	28.2	1.4618	2.7	0
494	2020	192	29116.8	13.1	30.7	1.5737	4.7	5.4
494	2020	193	29376	9.4	20.6	1.3625	2.2	0.2
494	2020	194	16848	7.1	22	1.1747	2.2	0
494	2020	195	28080	7.5	23.1	1.0765	2.7	0
494	2020	196	33696	6.9	24.4	1.1009	1.6	0
494	2020	197	29030.4	13.5	19.4	1.4575	2.6	1.3
494	2020	198	12528	13.1	16.1	1.527	2.7	11.6
494	2020	199	8812.8	10	21.5	1.376	2.4	0
494	2020	200	26611.2	7	22.5	1.2737	1.7	0
494	2020	201	24537.6	9.4	26.7	1.4884	1.4	0
494	2020	202	32659.2	12.6	28.5	1.5696	2	0
494	2020	203	29980.8	11	27.4	1.7325	1.8	5.1
494	2020	204	26524.8	11.5	26.5	1.4917	1.3	0
494	2020	205	30499.2	11.6	26.3	1.5964	1.8	0
494	2020	206	24278.4	11.8	25.1	1.5262	2.5	0.3
494	2020	207	18316.8	15	26.1	1.4971	2.2	1
494	2020	208	23241.6	12.9	24.8	1.8039	3	7.8
494	2020	209	20044.8	10.3	29.2	1.6318	2.1	0
494	2020	210	31363.2	15.8	31.2	2.0805	3.5	1.5
494	2020	211	23328	11.5	26.6	1.4304	1.7	0
494	2020	212	31968	10.5	29.8	1.4607	1.4	0
494	2020	213	32572.8	11.3	32.1	1.5546	1.4	0
494	2020	214	30844.8	13.8	33.4	1.8605	2.1	0
494	2020	215	23241.6	16.7	23.9	2.0449	2.6	36.5
494	2020	216	9504	13.6	18.4	1.7068	2.4	30.6
494	2020	217	6220.8	9.4	16.6	1.3166	3	1.7
494	2020	218	11232	6.9	21.7	1.1884	2.6	0
494	2020	219	27561.6	9.4	25.6	1.4578	2.5	0
494	2020	220	29548.8	12.2	28.3	1.7305	2.1	0
494	2020	221	30067.2	11.2	29.8	1.7092	1.6	0
494	2020	222	27820.8	12.2	29.9	1.6932	1.7	0
494	2020	223	26870.4	11.1	30.1	1.5986	1.9	0
494	2020	224	28944	14.7	30	1.8599	1.8	0
494	2020	225	26956.8	15.8	29.3	1.8826	2.1	0
494	2020	226	24969.6	14.8	26.6	1.9009	3.1	0.2
494	2020	227	16675.2	15.7	24.5	1.9024	2.7	0.2
494	2020	228	16934.4	15.5	26.9	1.9602	2.1	0
494	2020	229	23500.8	12.3	27.3	1.7291	2.1	0
494	2020	230	24105.6	15.4	23.1	1.8048	2.4	3.5
494	2020	231	11491.2	13.7	23.7	1.7009	2.1	18.6
494	2020	232	17971.2	10.9	25.9	1.5214	1.8	0
494	2020	233	26438.4	13.1	30.1	1.7512	1.7	0
494	2020	234	24710.4	14.4	33.6	1.9355	1.7	0
494	2020	235	25142.4	13.8	21.4	1.7483	1.9	7.6
494	2020	236	7344	12.7	23.6	1.6018	2.8	1.6
494	2020	237	19008	9.7	21.6	1.2962	1.7	0
494	2020	238	17884.8	8.3	24	1.2282	1.9	0
494	2020	239	20908.8	12.7	26.6	1.0736	6.8	0
494	2020	240	25142.4	8.1	22.6	1.1496	1.7	0
494	2020	241	18662.4	11.2	24.9	1.6124	2.8	11.5
494	2020	242	10195.2	12.9	17.1	1.5328	2.3	10.8
494	2020	243	5961.6	10.7	15	1.3778	4.1	22.3
494	2020	244	5443.2	8.7	17.7	1.2733	1.7	0.2
494	2020	245	12268.8	11.4	16.6	1.437	1.7	3.9
494	2020	246	9331.2	7.9	18.5	1.2733	1.5	0
494	2020	247	17020.8	5.6	21.8	1.1275	1.7	0
494	2020	248	2678.4	12.9	26.9	1.6702	1.8	0
494	2020	249	20044.8	13.5	26.2	1.7113	3.4	0.2
494	2020	250	15984	11.5	18	1.2737	2	0.1
494	2020	251	11577.6	7.6	19.6	1.1979	1.8	0
494	2020	252	16329.6	5.7	21.4	1.3491	1.1	0
494	2020	253	17020.8	5.1	24	1.3236	1.4	0
494	2020	254	22291.2	7.5	22.7	1.4227	2	0
494	2020	255	19526.4	8.7	23.4	1.5301	1.4	0
494	2020	256	19440	9	25	1.5285	1.3	0
494	2020	257	20476.8	9.8	26.3	1.5711	1.5	0
494	2020	258	20736	7.4	26.5	1.543	1.6	0
494	2020	259	20908.8	8.4	28.9	1.6956	1.1	0
494	2020	260	19612.8	10.4	26.1	1.6746	1.5	0
494	2020	261	14342.4	11.7	21.2	1.5696	3	1.3
494	2020	262	13219.2	8.1	19.9	1.1336	3.2	0
494	2020	263	18057.6	2.7	21.7	1.079	1.4	0
494	2020	264	18057.6	5.5	21.8	1.2487	1.5	0
494	2020	265	17884.8	6	23.4	1.303	1.2	0
494	2020	266	17712	9.7	24.5	1.5382	1.3	23.9
494	2020	267	14688	11.5	20.9	1.5816	2.8	0.7
494	2020	268	10454.4	10.5	21	1.4117	2.8	15.5
494	2020	269	12441.6	5.8	13.4	1.0392	4.1	5.1
494	2020	270	3542.4	6.5	7.7	0.8671	6.8	3.6
494	2020	271	6134.4	2.5	15.2	0.8291	3.6	0
494	2020	272	17280	0	12.5	0.8274	1.2	0
494	2020	273	8467.2	4.4	12	0.989	2.5	0.9
494	2020	274	3974.4	5.3	16.6	1.1372	1.3	0
494	2020	275	11923.2	4	18.9	1.2026	1.4	0
494	2020	276	864	8.3	18	1.1633	4	0
494	2020	277	7603.2	2.7	19.7	0.9968	4.8	3.3
494	2020	278	6912	1.2	16.2	0.8769	2.7	0.2
494	2020	279	9849.6	7.8	14.5	0.9935	4.8	1.3
494	2020	280	10454.4	9.2	13.6	1.0639	5.3	10.1
494	2020	281	5875.2	7.3	12.6	1.0639	4.8	4.9
494	2020	282	7171.2	8.6	17.2	1.1445	4.2	0
494	2020	283	12960	8.1	18.6	1.2398	2.6	3.1
494	2020	284	10281.6	4.9	11.5	0.9999	2.4	4.1
494	2020	285	3024	0.8	10.2	0.8217	1.1	0
494	2020	286	6307.2	-0.2	8.9	0.7417	2.1	0
494	2020	287	6393.6	1.5	10.9	0.834	1.3	0
494	2020	288	6739.2	1.9	8.2	0.7876	2.4	0.1
494	2020	289	5097.6	4.1	8.7	0.884	1.5	5.7
494	2020	290	3974.4	5.7	10	0.9763	3.1	3.2
494	2020	291	3196.8	5.2	8.7	0.9081	1.5	0
494	2020	292	3801.6	2.6	10.7	0.8798	1.7	0
494	2020	293	6134.4	2.3	10.9	0.8086	2.1	0
494	2020	294	8035.2	-1.3	14.7	0.8534	1.4	0
494	2020	295	9849.6	2.2	19.2	1.1057	1.7	0
494	2020	296	7948.8	8.1	18.8	1.2325	2.1	1
494	2020	297	7171.2	11.4	16.5	1.4324	2.4	4
494	2020	298	4665.6	5.5	15	1.0979	3.2	1.4
494	2020	299	6652.8	1.8	16	0.9914	1.7	0
494	2020	300	10368	4.5	8.8	0.9287	3	18.8
494	2020	301	2160	1.2	10.9	0.8067	2.8	0.1
494	2020	302	7430.4	1.9	13.5	0.8614	3.9	1.5
494	2020	303	6048	8.2	11.2	1.0342	4.6	4.8
494	2020	304	3456	6.3	14.2	1.048	4.3	0
494	2020	305	4838.4	3.3	15.9	1.0392	1.8	0
494	2020	306	9849.6	2.8	14.7	1.0153	3.3	4
494	2020	307	3196.8	14.2	20.2	1.4696	4.3	0
494	2020	308	6739.2	8.1	15.6	1.1793	2.2	2.3
494	2020	309	1728	6.7	8.3	0.9326	2.4	0.9
494	2020	310	1987.2	1.4	10.6	0.8226	2.5	0
494	2020	311	4838.4	-0.2	5.7	0.7146	2.5	0
494	2020	312	3283.2	3.1	5.2	0.8135	1.6	0
494	2020	313	3542.4	1.8	10.4	0.9036	1.4	0
494	2020	314	6220.8	2.8	6.5	0.8425	1.6	0
494	2020	315	2937.6	2.4	5.2	0.8018	1.4	0
494	2020	316	2332.8	4	7.5	0.882	1.8	0
494	2020	317	2678.4	4.7	13.4	1.0245	2.5	0.1
494	2020	318	5270.4	4.1	13.3	0.9556	2	0
494	2020	319	3801.6	1.8	15.5	0.9076	1.8	0
494	2020	320	3801.6	0.8	14.4	0.8973	2.4	1.8
494	2020	321	691.2	5.1	11.9	0.8873	4.1	0
494	2020	322	4320	2	11.2	0.7891	2.7	0
494	2020	323	6566.4	-1.1	12.8	0.8048	1.4	0
494	2020	324	345.6	0.7	12.6	0.8016	4.4	1.8
494	2020	325	3110.4	-3.5	5.2	0.5523	2.4	0
494	2020	326	5702.4	-5.5	4.9	0.5261	1.3	0
494	2020	327	6912	-5.5	7.1	0.5568	1.3	0
494	2020	328	7084.8	-0.4	6.1	0.7047	1.3	0.4
494	2020	329	2160	2.2	5	0.7194	2.6	0
494	2020	330	1641.6	-0.7	2.3	0.6345	1.9	0
494	2020	331	1728	-1.6	0.8	0.5757	1.7	0
494	2020	332	1900.8	-2.3	0.6	0.5685	1.9	0
494	2020	333	2246.4	-2.1	0	0.549	2.6	0
494	2020	334	2419.2	-4.5	1.7	0.4744	3.1	0
494	2020	335	4320	-7.1	-0.7	0.4031	1.9	2
494	2020	336	1728	-3	1.9	0.5577	1.6	3.5
494	2020	337	1641.6	-4.2	-0.1	0.4697	2.5	0.1
494	2020	338	2678.4	-4.9	1.1	0.4572	2.2	0
494	2020	339	1641.6	-3.8	0.1	0.4749	1.9	0
494	2020	340	1641.6	-4.9	1.7	0.5109	1.6	0.3
494	2020	341	1641.6	-0.9	3.3	0.6397	2	0.5
494	2020	342	2851.2	-0.5	2.1	0.6086	2	0
494	2020	343	1641.6	-1.4	0.9	0.558	2.2	0
494	2020	344	1555.2	0.1	0.9	0.5955	2.4	7.3
494	2020	345	1555.2	-0.4	0.8	0.5827	1.3	0
494	2020	346	2332.8	-3	1.1	0.5188	2.1	0
494	2020	347	1555.2	-1	4.3	0.6401	2.5	1
494	2020	348	1555.2	1.2	5.6	0.7327	3.1	0.1
494	2020	349	5356.8	-1.5	6.5	0.6728	1.8	0
494	2020	350	2505.6	0	4.3	0.6848	1.6	0
494	2020	351	4492.8	0.5	7	0.751	1.7	0
494	2020	352	4406.4	-0.5	8.5	0.7806	2	0
494	2020	353	5443.2	-1.6	6.7	0.6825	1.7	0
494	2020	354	1555.2	-1.6	-0.3	0.5644	2.3	0
494	2020	355	1555.2	-1.6	-0.2	0.555	2	0
494	2020	356	1987.2	-0.2	6.9	0.7301	2	4.2
494	2020	357	1555.2	6.9	12.9	1.036	6.4	0.7
494	2020	358	1555.2	8.4	12.8	0.9961	3.6	21
494	2020	359	2678.4	4.3	9.3	0.8297	5.4	4.8
494	2020	360	1555.2	-0.5	4.4	0.6258	4	0.3
494	2020	361	5529.6	-5.5	1.7	0.4359	2.4	0
494	2020	362	3628.8	-6.4	-0.2	0.3833	2.9	0
494	2020	363	1555.2	-2.6	1.8	0.5223	2.2	0.8
494	2020	364	4579.2	-1	6.4	0.5489	5.2	0
494	2020	365	5184	-3.4	5.2	0.5478	2.4	0
494	2020	366	5616	-4.4	4.3	0.4931	2.3	0
