*---------------------------------------------------------------------------*
* Station name: AUGSBURG                                
* Year: 1985
* Author: Pedro Alencar                                   -999.000: NIL VALUE
* Source: ECAD 
* Comments: 
* Longitude: 48.4264, latitude: 48.4264, altitude: 461 m.
*
* Column  Daily value
* 1       station number
* 2       year
* 3       day
* 4       irradiation                   (kJ m-2 d-1)
* 5       minimum temperature           (degrees Celsius)
* 6       maximum temperature           (degrees Celsius)
* 7       early morning vapour pressure (kPa)
* 8       mean wind speed (height: 2 m) (m s-1)
* 9       precipitation                 (mm d-1)
*
** WCCDESCRIPTION=GERMANY, AUGSBURG                                
** WCCFORMAT=2
** WCCYEARNR=1985
*---------------------------------------------------------------------------*
   48.4264  10.9431    461.  -0.18 -0.55
494	1985	1	1641.6	-9.3	-0.6	0.3597	5.7	2.1
494	1985	2	1641.6	-5.7	-0.4	0.4491	6.2	3.1
494	1985	3	1641.6	-9.3	-5.7	0.2993	4.8	1.9
494	1985	4	5011.2	-13.2	-6.1	0.2501	4.5	0.7
494	1985	5	1641.6	-13.4	-10.7	0.2065	2.2	1.4
494	1985	6	5184	-21.5	-11	0.1394	1.6	0.1
494	1985	7	4406.4	-27.1	-17.5	0.0848	0.7	0
494	1985	8	4924.8	-25.5	-17.9	0.0895	0.7	0
494	1985	9	6048	-24.3	-13.7	0.1145	1.5	0
494	1985	10	5616	-23.3	-11.3	0.1323	1.4	0.2
494	1985	11	5702.4	-17.7	-8.9	0.1888	0.6	0.3
494	1985	12	1728	-17.3	-7.3	0.2024	2.1	1.1
494	1985	13	5184	-17	-8.2	0.1999	2.6	0
494	1985	14	1814.4	-15.3	-10.3	0.1966	3.5	0.3
494	1985	15	4233.6	-13.1	-8.1	0.2238	1.3	0
494	1985	16	1814.4	-13.1	-7.6	0.2533	1.5	0
494	1985	17	1900.8	-10.7	-5.4	0.2935	1.1	0
494	1985	18	4320	-15.9	-8.2	0.2162	0.5	0
494	1985	19	1900.8	-12	-0.3	0.3515	0.6	2.4
494	1985	20	1900.8	-2.6	1.3	0.5245	1.5	1
494	1985	21	6220.8	-4.3	4.2	0.5357	1.7	1.4
494	1985	22	1987.2	0.2	6.4	0.7276	2.4	9.5
494	1985	23	1987.2	0	3.7	0.6633	3.1	8
494	1985	24	5011.2	-3.6	0.4	0.4837	3.7	1.6
494	1985	25	2937.6	-10.5	1.5	0.3152	4	0.6
494	1985	26	2073.6	-2.5	4.6	0.5537	3.8	0.6
494	1985	27	4320	-5.6	4	0.4726	4	0.1
494	1985	28	4406.4	-6.4	-2.2	0.3556	3	0
494	1985	29	7862.4	-3.6	6.3	0.5658	1.6	0
494	1985	30	2246.4	-5.1	3.8	0.5128	4.5	4
494	1985	31	4406.4	1.1	6.7	0.7186	5.7	7.8
494	1985	32	2332.8	3.5	7.8	0.7573	7.6	1.3
494	1985	33	2332.8	5.4	8	0.8633	7.5	4.4
494	1985	34	7344	-1.7	6.6	0.5757	4.5	0
494	1985	35	8812.8	-4.7	3.8	0.3725	2.5	0
494	1985	36	9072	-5.3	8.4	0.5193	1.4	0
494	1985	37	2505.6	2.4	7.2	0.774	3.3	2.8
494	1985	38	2505.6	-0.8	5.6	0.6027	3.4	0.1
494	1985	39	2592	-3.6	-0.6	0.4191	3.9	6.9
494	1985	40	2592	-1.2	6	0.6971	2.8	19.9
494	1985	41	2678.4	-10.1	0.1	0.3499	4.7	0.7
494	1985	42	9590.4	-15.9	-9	0.1952	4.3	0
494	1985	43	9849.6	-18.6	-8.8	0.1636	3.9	0
494	1985	44	9849.6	-16.3	-5.3	0.1934	2.4	0
494	1985	45	2764.8	-10.1	0.7	0.3838	2	1.2
494	1985	46	7603.2	-13.9	-2.4	0.2747	2.9	0
494	1985	47	10368	-19.8	-3	0.192	2.2	0
494	1985	48	11059.2	-13.6	-1.3	0.2586	3.7	0
494	1985	49	10972.8	-13.9	-6.5	0.2169	3.5	0
494	1985	50	10886.4	-17.9	-5.6	0.1792	0.9	0
494	1985	51	11318.4	-17.4	-4.3	0.1953	1.1	0
494	1985	52	4665.6	-15.5	-1.5	0.2254	1.5	0
494	1985	53	4233.6	-4	0.6	0.4802	1.4	0
494	1985	54	8035.2	-11.6	1.3	0.3668	1.1	0
494	1985	55	4320	-1.8	6.4	0.5696	2.7	0
494	1985	56	11491.2	-3.5	7.8	0.6134	1.4	0
494	1985	57	10800	-1.1	7.4	0.6586	1.6	0
494	1985	58	6739.2	-1.3	5.3	0.6422	1.4	0
494	1985	59	3456	-0.4	5.7	0.6948	0.9	0
494	1985	60	11404.8	-1.9	12.6	0.6791	0.9	2.9
494	1985	61	3542.4	1.6	6	0.7457	1.7	7
494	1985	62	9072	0.1	7.3	0.6927	2.3	0.1
494	1985	63	5616	-0.7	4.8	0.6374	2.6	0
494	1985	64	3715.2	0	2.6	0.6376	2.4	0.2
494	1985	65	3801.6	0.2	5.8	0.6517	1.2	0
494	1985	66	3801.6	1	4.8	0.632	1.9	0
494	1985	67	3888	0.6	3.8	0.587	2.1	0
494	1985	68	5616	-2	5.1	0.574	1.1	0
494	1985	69	3974.4	-1.3	2.5	0.5616	1.2	0
494	1985	70	8294.4	-3.3	1.8	0.4281	3.1	0.1
494	1985	71	4060.8	-1.5	3	0.5419	3.4	0
494	1985	72	6048	-0.3	4.5	0.5757	1.9	0
494	1985	73	4233.6	1.4	5.6	0.526	3.9	0.1
494	1985	74	9676.8	-0.5	4.3	0.5325	3.1	0.3
494	1985	75	14083.2	-4.7	7.4	0.5052	4.7	0.7
494	1985	76	4406.4	-1.9	1.5	0.554	4.8	5.3
494	1985	77	4406.4	-3.3	-0.6	0.5138	6.5	11.1
494	1985	78	4492.8	-4.3	1.7	0.4723	2.1	0
494	1985	79	13564.8	-5.2	3.1	0.4924	1.3	0
494	1985	80	9936	-10.6	4.7	0.4082	1.7	0
494	1985	81	14860.8	-5.8	8.8	0.5515	1.3	0
494	1985	82	11664	-2.4	9.2	0.5768	2.7	0
494	1985	83	13737.6	-2	10.3	0.6081	3.5	0.1
494	1985	84	18057.6	0.5	14.2	0.6974	3.1	0
494	1985	85	14688	0	14	0.701	5.7	0
494	1985	86	4924.8	3.6	9.5	0.6893	4.7	0.7
494	1985	87	11404.8	-1.4	6.7	0.5544	5.1	0
494	1985	88	10281.6	-0.7	8	0.4522	6.2	0
494	1985	89	14428.8	4.4	14	0.5698	4.7	0
494	1985	90	10368	3.6	15.9	0.7843	5.2	0.2
494	1985	91	10454.4	2.6	16.8	0.8177	3.3	0
494	1985	92	18662.4	3.7	16.2	0.6726	6.5	0
494	1985	93	19526.4	2.8	17.4	0.8029	1.8	0
494	1985	94	20736	1.3	22.8	0.8294	2.3	0
494	1985	95	18230.4	4.6	22.1	0.7806	3.1	0
494	1985	96	12182.4	6.9	15.7	0.99	3.3	8.6
494	1985	97	20822.4	6.3	16.6	0.7702	4.7	0.1
494	1985	98	6220.8	6.5	10.1	0.9082	5.5	0.4
494	1985	99	5616	2.2	9.6	0.8355	2.1	9.8
494	1985	100	8035.2	5.5	9.5	0.8912	3	2.3
494	1985	101	17625.6	2.5	12.3	0.6998	4.5	2
494	1985	102	13219.2	2.7	9	0.6661	6.5	1.1
494	1985	103	13564.8	3.3	12.2	0.7484	7.6	5
494	1985	104	19008	0.7	10.3	0.6411	6.6	1.1
494	1985	105	14947.2	3.4	9.4	0.8072	5.2	2.4
494	1985	106	8899.2	2.4	10.2	0.7635	3.9	1.5
494	1985	107	23068.8	0.5	9.7	0.6235	3.4	0
494	1985	108	23500.8	-0.9	12.3	0.6043	3.7	0
494	1985	109	23932.8	0.9	15.1	0.6433	3.3	0
494	1985	110	23846.4	-0.7	19.8	0.7143	2.9	0
494	1985	111	24883.2	4.7	21.9	0.8391	3.7	0
494	1985	112	17366.4	5	19	0.8547	1.2	2.2
494	1985	113	10627.2	7.5	14.5	1.0099	3.6	3.9
494	1985	114	24192	-0.7	8.5	0.5087	3.2	0.1
494	1985	115	23932.8	-3	13	0.5494	2.7	0.4
494	1985	116	9244.8	0.5	6.1	0.5418	2.3	0
494	1985	117	16243.2	0.7	10.7	0.4944	5	4.2
494	1985	118	17366.4	-0.3	8.3	0.6586	5.9	1.2
494	1985	119	17452.8	0	6.1	0.5399	7.1	0.6
494	1985	120	10800	2.5	7.5	0.75	5.4	2.4
494	1985	121	11404.8	6.8	12	0.9193	7.1	10.9
494	1985	122	9676.8	2.5	8.5	0.7946	5.1	5.8
494	1985	123	20908.8	1.8	8.8	0.6768	5.5	0.4
494	1985	124	19785.6	-2.7	11.2	0.5627	1.8	0
494	1985	125	22896	5.5	16	0.89	2.6	0
494	1985	126	25142.4	3	19.5	0.7467	5.2	0
494	1985	127	17884.8	11.5	21.1	1.3696	4.5	10.5
494	1985	128	7948.8	6.9	13.4	1.0906	5.4	22.7
494	1985	129	6998.4	7.2	9.4	0.9848	5.1	9.1
494	1985	130	20390.4	7	15.1	0.9869	1.7	0.1
494	1985	131	27216	6.6	20.5	1.008	2.4	0
494	1985	132	18403.2	9.5	23.7	1.113	2.8	0
494	1985	133	22204.8	9.2	25.9	1.1018	2.8	0
494	1985	134	26006.4	13.7	21.5	1.2861	3.9	5.8
494	1985	135	16156.8	10.7	17.4	1.2014	2.6	0.1
494	1985	136	22118.4	5.5	21.3	1.1517	2.8	0
494	1985	137	18144	13.3	22.3	1.3838	1.8	0
494	1985	138	11232	11.8	20.2	1.4344	1.9	33.9
494	1985	139	21081.6	11.5	18.6	1.3669	1.4	4.7
494	1985	140	12614.4	10.7	18.3	1.3688	1.4	14.1
494	1985	141	7344	11.7	14.9	1.4036	3.5	29.1
494	1985	142	11145.6	9.3	12.6	1.1111	3.7	10
494	1985	143	19699.2	5.4	15.6	1.0783	3	0.4
494	1985	144	29376	4.4	21.5	0.9097	1.4	0
494	1985	145	29376	7.5	24	1.1973	1.6	0
494	1985	146	29203.2	10.6	26.8	1.3564	1	0
494	1985	147	25660.8	12.3	27.4	1.5726	1.9	12.7
494	1985	148	22204.8	12.4	21.7	1.5528	2.3	21
494	1985	149	13305.6	13.6	17.1	1.5502	3.1	1.2
494	1985	150	13996.8	12	17.5	1.4246	2.2	0
494	1985	151	27043.2	8.2	22	1.3541	1.5	0
494	1985	152	26870.4	9.6	21.7	1.2252	2.7	0
494	1985	153	18403.2	8.4	17.3	1.1111	2.8	0.1
494	1985	154	28339.2	8.8	22.6	1.2825	2.8	0
494	1985	155	27475.2	11.4	26.6	1.4917	1.5	0
494	1985	156	25574.4	12.8	27.2	1.4472	2.8	0.4
494	1985	157	22291.2	14.1	26.3	1.5361	3.2	2.8
494	1985	158	17452.8	14.6	20	1.5184	3.4	5.2
494	1985	159	8812.8	8.7	16.2	1.1257	3.7	1.8
494	1985	160	20476.8	4.5	14.2	0.7048	5.1	0
494	1985	161	15897.6	7.2	16.5	1.096	7.1	7.3
494	1985	162	17020.8	6.5	13.9	0.8953	3.8	5.6
494	1985	163	8035.2	7	16.7	0.9434	3.2	0
494	1985	164	25401.6	9.6	18.1	0.9962	5.1	0
494	1985	165	26352	5.1	21.2	0.9518	1.9	15.9
494	1985	166	18489.6	9.8	15.9	1.0963	3.6	1.6
494	1985	167	22118.4	4.5	16	0.7985	1.6	0
494	1985	168	19267.2	8	14.9	0.8783	2.1	0.3
494	1985	169	20908.8	6.3	16.3	0.9098	1.2	0
494	1985	170	23414.4	6	20.8	0.8753	3.1	5.3
494	1985	171	12700.8	10.7	16.7	1.1744	5.2	1.8
494	1985	172	18662.4	10.4	18.4	1.147	3.5	0.9
494	1985	173	8035.2	11.9	18.2	1.5548	2.8	8.3
494	1985	174	14342.4	10.3	15.6	1.2377	2.8	0.6
494	1985	175	12528	8.6	16.3	1.1546	3	4.4
494	1985	176	23932.8	9.8	18.4	1.0446	4.8	0
494	1985	177	15379.2	11.5	20.3	1.299	3.3	3
494	1985	178	16588.8	9	16.8	1.1296	3.4	1.9
494	1985	179	15033.6	9.6	17.1	1.1939	2.9	0
494	1985	180	26006.4	11.3	21.8	1.3163	1.6	0
494	1985	181	27216	8.6	24.7	1.2868	1.2	1.8
494	1985	182	18576	12.3	21	1.5707	2.1	18.6
494	1985	183	26179.2	12.6	19.1	1.4028	2.7	0
494	1985	184	29721.6	8.3	22.8	1.0939	2.9	0
494	1985	185	29289.6	11.5	24.6	1.2403	3.6	0
494	1985	186	29203.2	10.9	24.3	1.3263	1.8	0
494	1985	187	13219.2	15.6	22.8	1.9547	2.6	5.1
494	1985	188	26784	14.6	21.5	1.5297	2.7	0
494	1985	189	23241.6	9.4	21.3	1.1496	2.2	0
494	1985	190	23846.4	8.9	20.2	1.1416	1.4	1.6
494	1985	191	21513.6	12.4	19.5	1.3756	2.2	0
494	1985	192	23155.2	8.7	20.8	1.1396	1.2	0
494	1985	193	25228.8	9.5	24.2	1.3799	1.2	0
494	1985	194	27993.6	11.4	26.8	1.4569	0.7	0
494	1985	195	27993.6	13.3	30.6	1.6048	1	2.1
494	1985	196	16502.4	15	24.3	1.8273	2.2	1.2
494	1985	197	15984	17.3	26	2.0923	2	2.5
494	1985	198	24364.8	14.4	24.3	1.6143	0.9	0
494	1985	199	28252.8	11.9	28.7	1.4742	0.9	5.1
494	1985	200	24537.6	15.9	25.7	1.6675	4.2	0
494	1985	201	10195.2	15	22.3	1.7815	2.5	1.5
494	1985	202	23673.6	12.6	18.3	1.2096	3.8	1
494	1985	203	25056	7.6	23.4	1.0552	2.4	0
494	1985	204	25833.6	15	25	1.5172	4.4	0
494	1985	205	27129.6	13	24.9	1.334	1.5	0
494	1985	206	28080	11.2	27.7	1.4438	0.8	0
494	1985	207	26524.8	14.4	32.5	1.6421	1.6	1.1
494	1985	208	16416	18.6	25.1	1.7519	2.2	0
494	1985	209	24019.2	15	31.8	1.6372	2	3.3
494	1985	210	17539.2	14.9	27.1	1.8866	3.2	3.3
494	1985	211	19008	13.8	22.5	1.5602	3.7	2.2
494	1985	212	17539.2	13.6	20.4	1.6446	4.5	3.6
494	1985	213	21859.2	11.4	24.3	1.429	2.2	1
494	1985	214	21513.6	13.7	21.7	1.4156	3.2	0
494	1985	215	23673.6	9.8	25.3	1.262	2.9	2
494	1985	216	16848	13.3	20.7	1.1416	3.1	0
494	1985	217	22809.6	13.7	30.2	1.368	5	17.9
494	1985	218	5961.6	10.6	20.8	1.6744	2	30.2
494	1985	219	20044.8	9.9	17.1	1.1747	4.9	0
494	1985	220	10195.2	10.7	17.9	1.2536	3.4	0
494	1985	221	25920	10.1	24.5	1.3606	1.2	0
494	1985	222	12700.8	12.1	25.5	1.7549	3	2.9
494	1985	223	21600	9	25.2	1.4993	2.3	0
494	1985	224	24537.6	13.8	28.9	1.8768	2.1	1.7
494	1985	225	22291.2	13.3	28.7	1.8618	1.9	0
494	1985	226	25315.2	15.5	32.4	2.0188	1	0
494	1985	227	24105.6	15.2	30	1.9431	2.5	11.5
494	1985	228	19008	15.6	26.7	1.9291	2.2	7.4
494	1985	229	12096	14.6	18.8	1.5567	2	5.8
494	1985	230	21081.6	10.4	19.3	1.2651	2	0
494	1985	231	19612.8	10.5	25.7	1.4931	2.3	3.8
494	1985	232	22464	14.3	20.8	1.3822	3.7	0
494	1985	233	24537.6	9.3	25.8	1.3822	1	0
494	1985	234	22809.6	10.5	29	1.5859	1.6	0
494	1985	235	15465.6	15	24	1.6746	0.6	0
494	1985	236	22291.2	14	28.8	1.7554	1.8	0.3
494	1985	237	5184	12.7	21.3	1.722	2.7	29.7
494	1985	238	5184	10.4	13.7	1.2933	2.2	19.8
494	1985	239	10022.4	9.3	16.4	1.2297	2.2	0
494	1985	240	16934.4	6	17.8	1.0996	1.2	0
494	1985	241	20563.2	4.5	19.5	1.1069	1.5	0
494	1985	242	21945.6	6.4	23	1.2863	1.7	0
494	1985	243	21427.2	7.4	26.1	1.4474	1.2	1
494	1985	244	14169.6	14.8	23.1	1.7277	2.6	4.4
494	1985	245	19958.4	9.7	21.1	1.2931	1.4	0
494	1985	246	8899.2	11.5	22.1	1.7003	3.7	10.6
494	1985	247	15292.8	12.1	17.4	1.2234	4.8	0
494	1985	248	6652.8	8.3	16.7	1.2742	2.9	17.5
494	1985	249	19353.6	9.6	16.6	0.9638	5.3	0
494	1985	250	19785.6	4.7	14.4	0.8215	2.4	1
494	1985	251	9417.6	7	16	1.0032	2.2	8.4
494	1985	252	11232	5.3	13.7	1.0916	2.6	1.9
494	1985	253	18316.8	0.3	15.8	0.8391	0.8	0
494	1985	254	19440	3.6	20.9	1.0683	0.8	0
494	1985	255	18835.2	5.7	20.4	1.1708	1.2	0
494	1985	256	17798.4	4.9	23.1	1.2135	0.6	0
494	1985	257	15120	7	18.7	1.2741	0.9	0
494	1985	258	5270.4	8.3	15.3	1.203	1.9	2.7
494	1985	259	11664	9.7	17	1.1633	1.5	0
494	1985	260	11059.2	9.8	19.7	1.1396	4.8	0
494	1985	261	18057.6	11.1	22.9	1.5866	1.5	0
494	1985	262	17884.8	10.4	26.7	1.6211	1.7	0
494	1985	263	17020.8	11.3	26	1.6098	1.7	0
494	1985	264	12096	11.5	25	1.6328	2.7	0
494	1985	265	16675.2	12.8	25.6	1.6215	3.5	0
494	1985	266	14947.2	11.6	24.5	1.5504	1.6	0
494	1985	267	14342.4	10.9	22.5	1.5757	0.9	0
494	1985	268	13046.4	11.5	22	1.5807	0.8	0
494	1985	269	15638.4	7.2	19.7	1.2479	1.4	0
494	1985	270	15724.8	5.3	20.8	1.2008	1	0
494	1985	271	15465.6	6.2	21.7	1.2414	1	0
494	1985	272	15206.4	6	19.7	1.2	0.9	0
494	1985	273	15638.4	3.3	21.8	1.0314	0.9	0
494	1985	274	13478.4	4.8	23.3	1.2495	1.2	0
494	1985	275	10281.6	10	22.9	1.4948	1.8	0
494	1985	276	14169.6	9.3	26.6	1.5407	1.8	0
494	1985	277	14256	9.3	26.4	1.4902	1.8	0
494	1985	278	12355.2	9.8	22.8	1.4806	2	6.8
494	1985	279	3542.4	12.8	16.9	1.5687	1	0
494	1985	280	6393.6	11.6	17	1.4815	1.2	0
494	1985	281	6652.8	8.8	15.5	1.2169	3.3	0.2
494	1985	282	12355.2	5.5	15.1	0.9639	1.6	0
494	1985	283	3888	7.5	13.3	0.9452	3	0
494	1985	284	12096	3.9	17.5	1.0414	1.3	0
494	1985	285	3801.6	5.5	13.8	1.0907	2	0
494	1985	286	10195.2	1.3	11.3	0.7825	0.9	0
494	1985	287	3196.8	0.1	9.8	0.6952	1.4	0.3
494	1985	288	3110.4	6.6	11.1	1.0789	2	2.2
494	1985	289	10022.4	1	10.3	0.7847	0.5	0
494	1985	290	9331.2	0.2	10.3	0.7987	1.2	0
494	1985	291	2937.6	1.1	6	0.7563	0.6	0
494	1985	292	3456	4	9.5	0.8662	1.6	0.5
494	1985	293	10281.6	1.7	10.7	0.7298	3.4	0
494	1985	294	9244.8	-2.8	11.5	0.6917	1.3	0
494	1985	295	2764.8	-1.3	3.5	0.6351	1.3	0
494	1985	296	10368	3.2	10.3	0.7284	4.5	0
494	1985	297	11232	1.4	10.2	0.5808	4.9	0
494	1985	298	10800	-3	10.4	0.5971	0.8	0
494	1985	299	9849.6	-4.1	10.6	0.6402	0.8	0
494	1985	300	6825.6	-3.2	8.2	0.6874	0.3	0
494	1985	301	2592	-1.8	1.3	0.57	0.7	0
494	1985	302	2505.6	-1.3	0.4	0.544	3.2	0
494	1985	303	2505.6	-1.1	1.4	0.5683	2.3	0
494	1985	304	2419.2	0.1	8.5	0.7391	0.9	0.9
494	1985	305	2419.2	1.4	8.4	0.7881	2.4	9.1
494	1985	306	4233.6	2.8	8	0.6725	5.3	1.7
494	1985	307	5356.8	0.4	7	0.7086	1.5	0
494	1985	308	6393.6	-1.6	5.4	0.6446	2.1	1.5
494	1985	309	3542.4	1.1	16.5	0.8942	5.2	10.5
494	1985	310	6739.2	2.4	13.3	0.8065	6.4	0.2
494	1985	311	7171.2	-1	8.1	0.5593	5.6	0
494	1985	312	2160	2.3	9.1	0.8332	3	12.4
494	1985	313	3024	8.7	17.2	1.2526	2.6	1.4
494	1985	314	2073.6	4.8	13.1	0.9605	7.9	5
494	1985	315	7689.6	-1.1	4.8	0.4399	5	0
494	1985	316	6220.8	-4	3.1	0.473	2.3	1.3
494	1985	317	1987.2	-1.7	0.2	0.5611	2.9	8.6
494	1985	318	6134.4	-3.2	0.6	0.5001	2	0
494	1985	319	3974.4	-8.7	-1.7	0.3986	1	0
494	1985	320	1900.8	-8.3	-2.5	0.3722	2	0
494	1985	321	1900.8	-3.5	-1.7	0.4291	3.7	0
494	1985	322	6134.4	-7.6	-2.5	0.3444	3.7	0
494	1985	323	1814.4	-5.3	-2.4	0.3908	6	0
494	1985	324	1814.4	-2.7	0.1	0.5279	3.2	2.5
494	1985	325	1814.4	-4.1	-0.1	0.4872	2.8	4.7
494	1985	326	1814.4	-6	-1.5	0.4262	1.2	2.2
494	1985	327	1728	-5	-2.6	0.4292	0.9	0
494	1985	328	1728	-4.6	-1.7	0.4458	0.6	2.1
494	1985	329	1728	-2.8	-1.7	0.487	1.4	1.2
494	1985	330	1728	-3.9	-2.1	0.4557	1.2	0.3
494	1985	331	5011.2	-12.3	-2.6	0.3215	1.5	0
494	1985	332	3542.4	-11	1.5	0.348	5.1	0.2
494	1985	333	1641.6	-9.2	-0.5	0.388	2.1	5.5
494	1985	334	1641.6	-0.9	4.3	0.6355	2.1	5.7
494	1985	335	3801.6	1.1	8.3	0.8113	1.7	1.1
494	1985	336	4492.8	-0.1	11.2	0.743	1.5	0
494	1985	337	6134.4	1	15.3	0.7149	2	0
494	1985	338	2419.2	4.7	12.8	0.8573	1.9	0
494	1985	339	5788.8	0.5	12.5	0.7837	1.8	0
494	1985	340	2073.6	0.3	10.4	0.6344	4.8	0
494	1985	341	3110.4	0.9	10.8	0.6291	3.9	0
494	1985	342	3110.4	3.1	10.2	0.743	1.7	0
494	1985	343	3974.4	-0.7	6.7	0.6289	1.3	4.6
494	1985	344	1555.2	-0.3	3.8	0.6447	2.1	2.7
494	1985	345	1555.2	-4.1	1	0.5182	0.8	0.1
494	1985	346	2505.6	-0.1	2	0.5759	1.6	0
494	1985	347	3110.4	-2.2	1.6	0.5081	2	1.2
494	1985	348	1987.2	-0.1	5.1	0.6362	2.9	1.4
494	1985	349	1987.2	4.4	8.8	0.8671	4	1.9
494	1985	350	1555.2	6.1	8.7	0.8954	5.2	1.6
494	1985	351	2332.8	4.6	8.5	0.7476	5.7	0
494	1985	352	1555.2	3.1	5.7	0.7359	4.7	3.4
494	1985	353	3369.6	3.7	6.9	0.6412	6.7	0.1
494	1985	354	1555.2	3.1	5.6	0.625	6.4	0
494	1985	355	5184	0	11.6	0.5808	2.2	0
494	1985	356	5356.8	-4.8	6.5	0.5068	1.2	0
494	1985	357	4579.2	-3.4	5.2	0.5347	0.9	0
494	1985	358	1555.2	-5.3	-1.4	0.4535	1.6	0
494	1985	359	1555.2	-4.3	5.7	0.5656	2.6	0.5
494	1985	360	3801.6	1.6	8.7	0.6609	4.7	0
494	1985	361	4233.6	1.6	7.3	0.6126	4.6	1.9
494	1985	362	1555.2	0.5	4.6	0.6605	2	5.9
494	1985	363	1555.2	-4.8	6.1	0.5764	4.8	0.8
494	1985	364	2160	-8.9	-2.8	0.3201	2.9	0
494	1985	365	1555.2	-9.4	-3.7	0.3146	3.5	0
