*---------------------------------------------------------------------------*
* Station name: AUGSBURG                                
* Year: 2009
* Author: Pedro Alencar                                   -999.000: NIL VALUE
* Source: ECAD 
* Comments: 
* Longitude: 48.4264, latitude: 48.4264, altitude: 461 m.
*
* Column  Daily value
* 1       station number
* 2       year
* 3       day
* 4       irradiation                   (kJ m-2 d-1)
* 5       minimum temperature           (degrees Celsius)
* 6       maximum temperature           (degrees Celsius)
* 7       early morning vapour pressure (kPa)
* 8       mean wind speed (height: 2 m) (m s-1)
* 9       precipitation                 (mm d-1)
*
** WCCDESCRIPTION=GERMANY, AUGSBURG                                
** WCCFORMAT=2
** WCCYEARNR=2009
*---------------------------------------------------------------------------*
   48.4264  10.9431    461.  -0.18 -0.55
494	2009	1	1641.6	-5.4	0.8	0.5161	1.3	0.1
494	2009	2	1641.6	-7.4	-1.8	0.3867	2.2	0
494	2009	3	5961.6	-11.6	-2.2	0.3354	2.6	0
494	2009	4	4924.8	-8.7	-2	0.3572	1.8	0
494	2009	5	1641.6	-5.4	-3	0.4075	2.3	0.5
494	2009	6	1641.6	-5.7	-4	0.3966	3.7	0
494	2009	7	1641.6	-9.5	-5.5	0.3133	1.6	0
494	2009	8	5529.6	-13.3	-3.2	0.2988	2.6	0
494	2009	9	3456	-16	-6.8	0.2432	0.8	0
494	2009	10	6307.2	-16.9	-6.8	0.2247	0.9	0
494	2009	11	1728	-15	-7.4	0.2523	0.8	0
494	2009	12	5788.8	-13.3	-3.2	0.3152	0.8	0
494	2009	13	6566.4	-14.2	-2.4	0.2977	0.9	0
494	2009	14	2505.6	-12.3	-1.3	0.338	0.7	0.4
494	2009	15	3715.2	-2.3	1.4	0.5795	1.7	0
494	2009	16	1814.4	-5.3	-2.1	0.465	2.2	0
494	2009	17	6652.8	-9.3	6.6	0.4706	1.8	0
494	2009	18	1900.8	-4.8	4.5	0.5198	3.8	1.2
494	2009	19	1900.8	-1.5	8	0.6787	3.5	9.7
494	2009	20	1900.8	0	4.2	0.7037	2.3	2.9
494	2009	21	1987.2	-1.5	1.7	0.6155	1	2.8
494	2009	22	4492.8	-6.7	-0.3	0.4673	2.2	0
494	2009	23	1987.2	-2.9	5.3	0.6264	4.8	4.6
494	2009	24	6825.6	-2.7	3.9	0.5488	2.8	0
494	2009	25	6912	-3.4	4.3	0.5429	2.4	0
494	2009	26	7516.8	-6.3	2.6	0.4962	0.9	0
494	2009	27	2160	-5.3	-1.4	0.4535	1.5	0
494	2009	28	2160	-2.1	-0.3	0.4982	1.9	0.1
494	2009	29	2592	-2.8	0.3	0.4908	3.1	0
494	2009	30	2592	-3.3	-1	0.4488	3.9	0
494	2009	31	4924.8	-4.2	0.6	0.4177	4.3	0
494	2009	32	2332.8	-3.9	-1.7	0.4128	3.5	0
494	2009	33	2332.8	-4.2	3.8	0.4817	2.9	0
494	2009	34	7257.6	-5.2	7.5	0.6109	1.1	0
494	2009	35	8899.2	-5.7	4.5	0.5556	1.2	0
494	2009	36	7430.4	-5.3	4.6	0.5718	1.4	0
494	2009	37	2505.6	-1.8	0.5	0.5827	1.6	0
494	2009	38	2937.6	-1.4	4	0.6443	2	0.7
494	2009	39	2592	-1.1	2.1	0.5702	3.6	0.5
494	2009	40	5270.4	-3.2	2.6	0.5022	2.6	7.3
494	2009	41	5616	0.6	10.2	0.7532	8.1	0.7
494	2009	42	6134.4	-2.4	1.9	0.504	6.1	0.4
494	2009	43	6134.4	-6	-0.9	0.4169	4	0.6
494	2009	44	5270.4	-5.5	-1.1	0.46	2.9	1.4
494	2009	45	4060.8	-14.6	-0.6	0.3212	2.2	1.1
494	2009	46	8208	-10	-1.2	0.3424	1.6	0
494	2009	47	2851.2	-7.5	-0.2	0.4	4.4	1.5
494	2009	48	2937.6	-13.1	0.9	0.3761	5.4	4.3
494	2009	49	10540.8	-18.8	-1.4	0.2584	0.9	0
494	2009	50	9936	-18.3	-1.7	0.2461	1.6	0
494	2009	51	3110.4	-10.5	-0.1	0.3709	3.8	1.3
494	2009	52	3628.8	-0.4	1.9	0.6193	2.4	3.8
494	2009	53	3196.8	0.1	1.9	0.6437	4.5	1.2
494	2009	54	3715.2	0.9	2.4	0.6538	5.5	1.8
494	2009	55	3283.2	-0.7	1.6	0.6186	2.4	1.8
494	2009	56	9504	-3	5.6	0.5839	1.2	0
494	2009	57	3369.6	-3.9	3.6	0.5016	4.1	0.7
494	2009	58	3456	1.4	4.8	0.6868	4.6	0.4
494	2009	59	10972.8	0.7	10.3	0.7765	1.9	0
494	2009	60	10108.8	-0.7	10.9	0.8518	1.5	0.2
494	2009	61	3542.4	1.2	8.1	0.8085	1.9	4.5
494	2009	62	3628.8	3.3	6.7	0.811	1.6	0.1
494	2009	63	8812.8	0.1	8.7	0.7694	2.3	0
494	2009	64	3715.2	-1.1	3.9	0.6625	3	7.3
494	2009	65	3801.6	0.5	2.3	0.6557	5.5	2
494	2009	66	3801.6	-1.4	1.8	0.5951	4.4	1.4
494	2009	67	7344	-1.7	6.4	0.5933	5.6	5.4
494	2009	68	9158.4	0	5.1	0.6165	6.2	0
494	2009	69	4752	0.8	7.4	0.7042	7.4	3.4
494	2009	70	7084.8	0.2	4.4	0.6705	4.9	3.1
494	2009	71	4060.8	0.9	4.4	0.6652	5.1	6.3
494	2009	72	6739.2	0.9	8.6	0.797	4	6
494	2009	73	10454.4	-0.1	11.9	0.7891	1.7	0.6
494	2009	74	4233.6	4.1	8.2	0.8312	4	0.1
494	2009	75	6652.8	2.1	10	0.7879	1.2	0
494	2009	76	9244.8	-1.6	10	0.7174	1.5	0
494	2009	77	15465.6	-3.1	10.1	0.5495	1.7	0
494	2009	78	7862.4	-3.1	8.6	0.536	2.7	0
494	2009	79	11664	-4.9	3.4	0.4223	3.5	0
494	2009	80	14688	-6.1	5	0.3874	1.6	0
494	2009	81	13910.4	-3.7	9.1	0.4525	4.2	0
494	2009	82	6998.4	0	10.6	0.561	8.3	5.2
494	2009	83	10368	-0.3	5	0.6295	6.5	1.7
494	2009	84	5961.6	-4.7	3.3	0.4877	5.7	2.5
494	2009	85	7430.4	0.5	7.2	0.6839	5.3	4.2
494	2009	86	8208	4.2	11.8	0.8684	5.3	2
494	2009	87	11318.4	3.5	12.3	0.8732	3.6	2
494	2009	88	5011.2	2.5	6	0.72	1.5	2.9
494	2009	89	9331.2	-0.7	8.8	0.7018	2.7	0
494	2009	90	5702.4	-1	9.4	0.6432	3.5	0
494	2009	91	10886.4	2.9	14.9	0.8888	3.8	0
494	2009	92	18489.6	8.4	20	1.0837	5.7	0
494	2009	93	20217.6	3.7	19.7	0.9341	2.3	0
494	2009	94	11750.4	3.4	17.8	0.9706	1.3	0
494	2009	95	14515.2	5.8	18	1.0718	2.1	3.7
494	2009	96	16934.4	5	19.8	1.1939	1.3	0
494	2009	97	20131.2	4.2	21.4	0.9894	1.3	0
494	2009	98	17193.6	4.5	16.9	0.9128	1.7	0
494	2009	99	22118.4	3.8	19.1	0.9323	1.8	0
494	2009	100	22377.6	3.2	22	0.9619	2.1	0
494	2009	101	22982.4	3.5	21.7	0.7287	2.5	0
494	2009	102	22809.6	1.6	21.7	0.7804	1.8	0
494	2009	103	19353.6	3.9	21	0.9092	1.6	0
494	2009	104	21081.6	2.8	21.8	0.8574	1.4	0
494	2009	105	23587.2	1.9	21.7	0.7329	2.6	0
494	2009	106	17366.4	3.6	21.9	0.9126	3.6	0.3
494	2009	107	7430.4	6.6	11.4	0.9408	5.3	5.8
494	2009	108	13996.8	2.5	12.5	0.8393	3.6	1.3
494	2009	109	23500.8	-0.4	18.7	0.7765	4.3	0
494	2009	110	22550.4	8.2	20	1.0285	5.1	0
494	2009	111	23155.2	6.1	20.3	0.9701	3.5	0
494	2009	112	20131.2	1.5	18.4	0.7582	3.1	0
494	2009	113	11923.2	0	10	0.6453	2.6	0.1
494	2009	114	20476.8	-1.2	15.7	0.7334	4	0
494	2009	115	24451.2	-1.7	20.8	0.6072	2.6	0
494	2009	116	17712	3	21.4	0.7241	2.6	0
494	2009	117	17193.6	3.9	19	0.8918	2.1	0
494	2009	118	6566.4	6.4	11.9	0.9735	3	3.3
494	2009	119	7257.6	5.8	9.4	0.9077	2.3	5.2
494	2009	120	8035.2	2.8	10.9	0.8623	2.3	0.6
494	2009	121	21686.4	0.9	18.4	0.9229	2.2	3.3
494	2009	122	19440	6.7	19.2	1.1632	2.4	1.3
494	2009	123	24969.6	4.6	20.2	0.9782	2	8.5
494	2009	124	14342.4	1.5	12.2	0.7533	3.2	0
494	2009	125	14774.4	-1	12.4	0.6592	3.5	1.6
494	2009	126	8812.8	6.1	16.3	0.9835	5.3	0
494	2009	127	27475.2	4.3	21.9	0.9788	1.9	0
494	2009	128	18835.2	6.5	23.7	1.1827	3.6	5.1
494	2009	129	25056	8.4	23.3	1.3668	2.8	4.8
494	2009	130	24364.8	8.4	21.3	1.282	1.9	2.3
494	2009	131	21340.8	11.3	21.6	1.4575	2.2	7.7
494	2009	132	9072	10.4	13.7	1.3074	3.1	5.8
494	2009	133	9072	10.9	15.7	1.3731	2.6	11
494	2009	134	10195.2	10.7	16.8	1.461	2.5	0.7
494	2009	135	7171.2	10.8	13.8	1.329	2.3	6.7
494	2009	136	17366.4	8.9	18.3	1.2135	2	0.1
494	2009	137	27820.8	7.7	26.1	1.3266	2.6	3.9
494	2009	138	13824	10	18	1.2773	2.1	0.1
494	2009	139	27907.2	5.6	21.9	1.1625	1.6	0
494	2009	140	29289.6	9.6	25.8	1.2336	2.2	0
494	2009	141	17884.8	9.7	26.1	1.5154	2.1	20.6
494	2009	142	20649.6	7.1	21.7	1.2617	3.9	0.2
494	2009	143	29462.4	5	22.8	1.0153	2	0
494	2009	144	19785.6	13.7	27.1	1.7226	2.1	0
494	2009	145	27734.4	13	30.2	1.7769	1.6	0
494	2009	146	25142.4	12.9	26.3	1.6623	3.5	26.1
494	2009	147	21254.4	7.9	17	1.0102	3.2	0
494	2009	148	12873.6	9.7	16.4	1.1107	4.2	4.2
494	2009	149	24883.2	6	15.9	0.8627	3.2	0
494	2009	150	23328	5.6	17.5	0.9657	2.4	0
494	2009	151	25488	6.8	17.3	0.984	3	0
494	2009	152	21427.2	5.9	20.2	1.0807	2.2	0
494	2009	153	23414.4	5.8	21.9	1.0594	2.4	0
494	2009	154	29376	7.7	19	0.8878	3.8	0
494	2009	155	23241.6	4.9	15.8	0.829	3.1	0
494	2009	156	29376	5.1	18.1	0.8052	1.8	0.6
494	2009	157	10022.4	9.7	15.2	1.169	3.4	6.7
494	2009	158	23587.2	9.6	21.3	1.1745	4.4	0
494	2009	159	18835.2	11.7	21.5	1.3582	2.3	0.8
494	2009	160	13305.6	11.2	17.7	1.2822	2.9	0
494	2009	161	21513.6	10.7	21.8	1.1438	3.3	4.8
494	2009	162	22377.6	9.9	19.2	1.1416	5.8	0.8
494	2009	163	25920	7.1	19.6	0.9031	5.1	0
494	2009	164	29548.8	5.3	21.7	1.0047	1.8	0
494	2009	165	25401.6	7.2	27.5	1.266	2.4	0.9
494	2009	166	10108.8	16.4	21.4	1.7877	3.1	3.6
494	2009	167	24537.6	7.9	20.2	1.1854	3.9	2.6
494	2009	168	30499.2	6	24.1	1.0935	1.8	0
494	2009	169	26352	9.9	27.2	1.4931	2.8	1
494	2009	170	6739.2	11.3	18.2	1.4916	2.3	8.8
494	2009	171	18921.6	6.3	17.3	1.0095	1.8	0
494	2009	172	20390.4	4.5	17.4	0.9804	2.5	4.4
494	2009	173	9504	8.5	15.2	1.1931	2.9	17
494	2009	174	6739.2	10.4	12	1.2493	3.2	32.6
494	2009	175	6739.2	11.3	14.8	1.3509	1.6	1.7
494	2009	176	15206.4	13.8	20.5	1.6994	1.6	2
494	2009	177	18748.8	13.2	23.1	1.7058	1.7	0.5
494	2009	178	12268.8	14	21.1	1.7829	1.9	5
494	2009	179	15033.6	14.8	22.8	1.8632	1.7	0.1
494	2009	180	27734.4	13	25.1	1.7164	1.6	0
494	2009	181	27216	12.1	26	1.6724	1.6	0
494	2009	182	26784	13.3	27.5	1.8183	1.8	0
494	2009	183	26438.4	12.8	26.8	1.7752	1.7	0
494	2009	184	14601.6	14.3	26.2	1.9675	1.6	1.5
494	2009	185	19958.4	15	25.4	1.8433	1.7	0
494	2009	186	19526.4	12.7	25.4	1.8045	1.5	3.4
494	2009	187	13824	14.3	21.7	1.7928	2.1	28.7
494	2009	188	16588.8	10.7	20.8	1.5011	2.3	8.4
494	2009	189	18230.4	10.7	18.5	1.2947	6.2	0.7
494	2009	190	16156.8	11.2	19.1	1.3757	3.9	6.2
494	2009	191	21686.4	7.6	18.9	1.1558	3.3	0.1
494	2009	192	22032	6.5	20.2	1.0409	2.9	0
494	2009	193	13478.4	8.1	22.5	1.3022	2.6	0.8
494	2009	194	18576	15.6	26.2	1.8504	1.9	0
494	2009	195	17798.4	16.2	28.3	2.0362	1.9	11.6
494	2009	196	17452.8	15.8	25	2.0336	2.4	0.6
494	2009	197	22723.2	14.1	28.7	1.9843	1.4	0
494	2009	198	15638.4	12.5	23.1	1.6077	3.7	16.8
494	2009	199	6480	11	14.1	1.2784	4.4	2.6
494	2009	200	19612.8	9.9	20.1	1.2774	4.7	0.4
494	2009	201	17366.4	9.2	21.7	1.3498	2.6	0.3
494	2009	202	28166.4	9.6	29.1	1.5694	2.1	0
494	2009	203	18316.8	14.9	26.3	1.6713	2.7	0
494	2009	204	18835.2	15	30.4	2.065	3	3.5
494	2009	205	21427.2	13.5	24.6	1.6064	3.7	11.1
494	2009	206	22377.6	8.5	20.8	1.2322	4.8	2.3
494	2009	207	27475.2	7.9	23.6	1.2152	1.3	0
494	2009	208	26352	7.9	29.9	1.4171	1.8	9.6
494	2009	209	22032	10.9	21.9	1.4156	2.5	0.1
494	2009	210	27993.6	8.7	26.6	1.3305	2	0
494	2009	211	20304	13.3	23	1.4562	3.1	0
494	2009	212	16070.4	12.6	22.4	1.3779	2.2	0
494	2009	213	26956.8	9.5	28	1.4687	1.2	0
494	2009	214	17107.2	12.6	24.9	1.7278	2.8	14.8
494	2009	215	6825.6	11.3	19.7	1.5652	1.4	3.9
494	2009	216	18230.4	11.3	21.6	1.4575	2	0
494	2009	217	24710.4	9.5	24.2	1.4183	2.1	0
494	2009	218	25660.8	10.6	26.3	1.505	2.9	0
494	2009	219	26179.2	11.8	26.6	1.5326	2.7	0
494	2009	220	20908.8	11.9	25.9	1.5261	1.6	0
494	2009	221	14774.4	15.3	25.9	1.744	1.6	0
494	2009	222	11664	11.8	22.2	1.7027	2	7.6
494	2009	223	15811.2	13.3	24.1	1.7655	3	0.2
494	2009	224	19094.4	13.6	24.4	1.6234	2.2	0
494	2009	225	11664	12.4	22.4	1.5478	3.5	8.7
494	2009	226	16416	11.8	24.6	1.7111	1.2	0
494	2009	227	24710.4	10.8	27.9	1.6815	1.5	0
494	2009	228	22291.2	12.4	29.3	1.7464	1.9	0
494	2009	229	21168	14.7	29.4	1.694	3.3	3.3
494	2009	230	23414.4	12.9	25.3	1.6556	1.4	0
494	2009	231	24537.6	12.1	29.5	1.6675	2.2	0
494	2009	232	24364.8	15.3	33.2	2.0251	1.4	0
494	2009	233	15638.4	16.1	25.7	1.8504	2.5	7.5
494	2009	234	11577.6	9	19.6	1.3675	1.8	1.9
494	2009	235	23500.8	7.3	21.3	1.2373	3.6	0
494	2009	236	23760	12	29.4	1.7303	2.1	0
494	2009	237	20649.6	12.3	28.1	1.7251	1.8	0.7
494	2009	238	11145.6	14.4	24.7	1.8841	1.2	0.3
494	2009	239	22896	14.5	27.8	1.854	1.8	0
494	2009	240	18403.2	13.7	27.7	1.7303	2.9	0
494	2009	241	17625.6	7	19.3	0.9367	3.1	0
494	2009	242	22550.4	4.9	22.2	1.039	1.3	0
494	2009	243	22377.6	5.3	24.1	1.0358	2.1	0
494	2009	244	21772.8	9.5	31.5	1.5166	2.1	1.7
494	2009	245	12700.8	15.7	24.4	1.8965	1.7	12
494	2009	246	13478.4	14.6	23.1	1.63	4.6	0.1
494	2009	247	8208	11.2	18	1.2449	4.5	1.4
494	2009	248	13046.4	8.9	16.4	0.9797	5	0
494	2009	249	17884.8	7.1	18.5	1.0484	1.7	0
494	2009	250	19958.4	5.9	23	1.1671	1.2	0
494	2009	251	20390.4	5.2	22.8	1.1177	1.9	0
494	2009	252	20217.6	7.9	22.6	1.1076	2.5	0
494	2009	253	19008	6.8	23	1.1846	1.8	0
494	2009	254	9504	11.2	18.1	1.3322	2.9	0
494	2009	255	9849.6	10	18.8	1.2125	2.7	0
494	2009	256	16416	7.1	18.7	1.0256	2.7	6
494	2009	257	4665.6	5.9	11.7	1.03	1.9	4.3
494	2009	258	10627.2	8	16.8	1.2803	1.3	0
494	2009	259	10022.4	7.6	20.7	1.3382	2.7	1.3
494	2009	260	4492.8	13.3	17.1	1.6044	2	5.5
494	2009	261	6307.2	14.8	19.5	1.7189	2.8	0.2
494	2009	262	10886.4	11.8	20.8	1.5917	1.5	0
494	2009	263	11232	11	21.3	1.5766	1	0
494	2009	264	13737.6	10.1	23.4	1.5997	1.3	0
494	2009	265	13651.2	9.6	23.9	1.6378	0.9	0
494	2009	266	15465.6	9	23.8	1.546	0.9	0
494	2009	267	14083.2	8.1	22.2	1.4101	1.2	0
494	2009	268	13046.4	7.9	19	1.2479	1.9	0
494	2009	269	16329.6	7.9	19.2	1.163	2.5	0
494	2009	270	15638.4	4.4	20.6	1.1873	0.9	0
494	2009	271	12441.6	5.9	20.9	1.2285	1.1	0
494	2009	272	14083.2	6.2	18.1	1.1603	2.3	0
494	2009	273	4406.4	5.8	15.7	1.1093	1.3	0
494	2009	274	10195.2	7.6	18.9	1.2014	2.7	0
494	2009	275	5961.6	3.6	14.4	0.8604	1.9	0
494	2009	276	15033.6	1.6	17.6	0.8601	2.1	0
494	2009	277	14342.4	4.5	17.8	0.914	3.6	0
494	2009	278	9504	3.7	17.6	0.9995	1.6	2.3
494	2009	279	7689.6	9.4	22	1.3182	3.3	0.2
494	2009	280	14083.2	11.9	25.9	1.4607	2.8	0
494	2009	281	3974.4	14.3	19.3	1.5284	3.1	7.1
494	2009	282	3369.6	11.4	14.6	1.4064	2.3	2.8
494	2009	283	4147.2	9.7	17	1.4082	2.8	4.7
494	2009	284	6480	7.5	14.1	1.0354	4.2	9.2
494	2009	285	5961.6	3.3	10.3	0.8396	5.7	3.9
494	2009	286	8035.2	1.1	8.7	0.7361	3.9	3.1
494	2009	287	6048	-2.8	4.8	0.5123	2.8	0
494	2009	288	4838.4	-3.2	3.3	0.509	2.5	1.4
494	2009	289	3542.4	0.6	5.5	0.6312	6.1	3.7
494	2009	290	3024	2.7	5.7	0.7422	3.5	6
494	2009	291	4838.4	1.6	6.4	0.7074	1.9	1.1
494	2009	292	7516.8	-0.3	6.7	0.6763	2.2	0
494	2009	293	9763.2	-2.3	8.4	0.6159	2.2	0
494	2009	294	8208	-2.9	8.5	0.65	2.5	0
494	2009	295	3715.2	1.5	7.7	0.7802	1.4	2.5
494	2009	296	2764.8	3.6	8.5	0.9099	1	0.1
494	2009	297	7084.8	5.7	12.3	1.0211	1.6	0
494	2009	298	3801.6	7.7	15.5	1.1873	1.8	1.3
494	2009	299	4060.8	8.8	12.8	1.0613	2.1	0
494	2009	300	6566.4	1.8	13.8	0.8144	1.4	0
494	2009	301	6739.2	0.6	10.5	0.8608	1.2	0
494	2009	302	8640	2	11.9	0.9281	1.7	0
494	2009	303	5702.4	0.1	11.3	0.8057	2.9	0
494	2009	304	2419.2	-2.4	6.1	0.6074	1.4	0
494	2009	305	7689.6	1.9	13	0.9398	2	1.4
494	2009	306	2332.8	4.3	11.4	0.9551	3.5	10.9
494	2009	307	5443.2	2	8.5	0.7365	3.3	4.6
494	2009	308	5961.6	1.9	11.6	0.7973	4.6	4.4
494	2009	309	8812.8	0.5	10.5	0.6953	3.4	0
494	2009	310	7603.2	-1.9	10.1	0.7042	1.4	0
494	2009	311	3110.4	0.5	6.2	0.7457	1.5	0
494	2009	312	2160	1.5	4.2	0.7047	2.1	6.2
494	2009	313	2160	0.1	4.2	0.642	2.3	0.8
494	2009	314	2073.6	0.6	4.7	0.6431	2	0
494	2009	315	2073.6	-1.1	5.7	0.6561	2	0
494	2009	316	4665.6	-2	6	0.6492	2.4	0.6
494	2009	317	5702.4	2.7	15.7	1.0349	1.7	0
494	2009	318	3974.4	0.6	10.1	0.7953	1.8	0.3
494	2009	319	2505.6	2.4	10.7	0.8253	2	4.9
494	2009	320	1900.8	7.3	13.1	1.144	2.1	4.6
494	2009	321	5443.2	7.1	18	1.1912	2.4	2.6
494	2009	322	7084.8	2.1	12.6	0.9026	2.2	0
494	2009	323	6739.2	-1.1	14	0.8871	1.5	0
494	2009	324	4752	-0.8	10.8	0.811	1.1	0
494	2009	325	5616	1	14.6	0.9096	1.5	0
494	2009	326	5356.8	-0.3	14	0.7929	3	0
494	2009	327	4838.4	6.6	11.9	0.7467	8.8	0.8
494	2009	328	1728	7.3	11.5	0.9547	8.3	0.2
494	2009	329	6566.4	2.6	15.9	0.8634	2.7	0.3
494	2009	330	1987.2	2.1	10.1	0.7342	3.7	0
494	2009	331	3110.4	2.2	10.3	0.7228	4.4	0
494	2009	332	5529.6	1.3	10.6	0.6614	4.1	0
494	2009	333	5270.4	-2.4	10.5	0.6365	1.8	0
494	2009	334	1900.8	0.8	10.4	0.791	3	4
494	2009	335	1728	1	3.3	0.6562	3.8	8.6
494	2009	336	1728	0.4	3.5	0.6399	2	0
494	2009	337	5961.6	-3.1	7.8	0.6584	1.6	3.4
494	2009	338	1641.6	-1.1	3.8	0.6062	2.4	1.2
494	2009	339	3110.4	-2.8	4.3	0.5548	2.3	0.3
494	2009	340	3110.4	-1.1	8.8	0.6839	2.5	1.5
494	2009	341	1641.6	6.2	9	0.9494	2.2	8.3
494	2009	342	2246.4	2.1	7.4	0.7542	4.6	3.5
494	2009	343	3456	-1.2	6.9	0.6598	2.5	0
494	2009	344	2592	-1.6	5.9	0.6277	4.3	8.3
494	2009	345	1555.2	0.1	5.2	0.6726	5	11.1
494	2009	346	1555.2	-1.3	0.6	0.548	3.8	3.7
494	2009	347	1555.2	-3.6	-1.3	0.4441	4.2	0
494	2009	348	1555.2	-6.9	-3.5	0.3446	4.4	0
494	2009	349	1555.2	-5.9	-2.7	0.3423	3.9	0
494	2009	350	1555.2	-7.1	-3.3	0.3197	2.2	0.1
494	2009	351	3369.6	-12.2	-3.5	0.2608	1.5	0
494	2009	352	5443.2	-13	-4.7	0.2632	1.4	0.1
494	2009	353	1987.2	-18.7	-7.6	0.1822	2.9	0.1
494	2009	354	5270.4	-19	-1.9	0.2154	3.8	0.5
494	2009	355	1555.2	-6.9	1	0.4377	3.2	1.9
494	2009	356	4320	0.6	10.3	0.7109	2.7	11.6
494	2009	357	1987.2	0.6	2.5	0.6287	2.7	1
494	2009	358	1555.2	-0.1	2.3	0.6285	1.8	0.1
494	2009	359	1555.2	0.6	8.5	0.6676	5.6	0
494	2009	360	5616	-4.2	4.3	0.4783	3.1	0
494	2009	361	3801.6	-5.4	3.5	0.4504	3	0.1
494	2009	362	4752	-3.5	5	0.5225	3.5	0
494	2009	363	1555.2	-3	8.3	0.6431	3.3	3.8
494	2009	364	1555.2	3.8	8.7	0.8369	3	7
494	2009	365	1555.2	0.7	7.3	0.74	2.3	2.6
