*---------------------------------------------------------------------------*
* Station name: AUGSBURG                                
* Year: 2012
* Author: Pedro Alencar                                   -999.000: NIL VALUE
* Source: ECAD 
* Comments: 
* Longitude: 48.4264, latitude: 48.4264, altitude: 461 m.
*
* Column  Daily value
* 1       station number
* 2       year
* 3       day
* 4       irradiation                   (kJ m-2 d-1)
* 5       minimum temperature           (degrees Celsius)
* 6       maximum temperature           (degrees Celsius)
* 7       early morning vapour pressure (kPa)
* 8       mean wind speed (height: 2 m) (m s-1)
* 9       precipitation                 (mm d-1)
*
** WCCDESCRIPTION=GERMANY, AUGSBURG                                
** WCCFORMAT=2
** WCCYEARNR=2012
*---------------------------------------------------------------------------*
   48.4264  10.9431    461.  -0.18 -0.55
494	2012	1	2332.8	5	11.1	1.0005	5.1	0
494	2012	2	1641.6	4	10.9	0.8984	4.8	2.1
494	2012	3	5788.8	1.3	8.3	0.6364	5.6	4.3
494	2012	4	3196.8	2	9.5	0.7534	7.9	1.9
494	2012	5	1641.6	1	6.2	0.6404	11.3	9.3
494	2012	6	1987.2	0.1	3.2	0.6332	7.1	0.3
494	2012	7	1641.6	0.9	3	0.654	7.1	9.6
494	2012	8	2332.8	0.4	3.6	0.6634	5.2	1.5
494	2012	9	1728	2	4.1	0.6996	5.4	2.2
494	2012	10	2937.6	-0.4	6.4	0.6971	4.2	0.4
494	2012	11	3801.6	-2.8	5	0.6219	1.9	0
494	2012	12	5616	-1.3	3	0.6108	4	0
494	2012	13	4838.4	-0.3	4.8	0.6466	6.3	1.5
494	2012	14	2851.2	-4.6	2.6	0.4828	4.2	0
494	2012	15	6566.4	-6.2	0.9	0.4627	1.6	0
494	2012	16	6825.6	-8.4	-0.7	0.3838	2.2	0
494	2012	17	5356.8	-8.6	1.2	0.4138	1.3	0
494	2012	18	6912	-7.9	6.1	0.4577	1.8	2.1
494	2012	19	1900.8	1.7	8.5	0.764	9.4	11.4
494	2012	20	4320	0.1	5	0.6972	5.4	9.1
494	2012	21	1987.2	-2.1	7.8	0.7122	6.8	11.4
494	2012	22	1987.2	2.3	7	0.7064	8.5	0.9
494	2012	23	1987.2	1.5	5.7	0.7115	5.4	4.2
494	2012	24	3456	-2.6	2.2	0.5781	3	1.3
494	2012	25	7344	-6.5	2.4	0.51	2	0
494	2012	26	6220.8	-4.7	0.6	0.4627	3.2	0
494	2012	27	2160	-2.6	0.3	0.5337	1.8	6.6
494	2012	28	2160	-1.8	0.7	0.5635	1.8	1.6
494	2012	29	2160	-4.1	-1.3	0.471	3.2	0
494	2012	30	2246.4	-4.8	-3.2	0.4228	1.9	0
494	2012	31	4579.2	-8.6	-3.5	0.3191	3.2	0
494	2012	32	6998.4	-11.3	-4.8	0.2535	4.8	0
494	2012	33	4320	-12.9	-7.9	0.1858	5.9	0
494	2012	34	8899.2	-19.9	-10.3	0.1363	2.7	0
494	2012	35	8985.6	-20	-10.6	0.149	2.2	0
494	2012	36	9158.4	-20.5	-9.2	0.1566	2.2	0
494	2012	37	9158.4	-21.9	-11.2	0.1409	1.4	0.2
494	2012	38	2505.6	-19.5	-10.5	0.1661	3.7	0.5
494	2012	39	7516.8	-16.6	-6.9	0.2116	3.4	0
494	2012	40	5184	-18.9	-6.9	0.2019	2.4	0.7
494	2012	41	6566.4	-18.9	-9.3	0.181	3	0
494	2012	42	9331.2	-20	-8.9	0.1678	3.5	0
494	2012	43	10108.8	-22.1	-8.2	0.1546	1.4	0
494	2012	44	2764.8	-18.8	-5.5	0.2073	3.2	1.1
494	2012	45	2764.8	-5.7	-0.6	0.4409	3.9	0.1
494	2012	46	2851.2	-0.9	1.8	0.5808	8.8	0.8
494	2012	47	8208	-4.4	2.4	0.4658	3.9	0.2
494	2012	48	3456	-0.4	3.7	0.6125	5.9	0
494	2012	49	7776	0.1	6.7	0.7015	2.9	1.6
494	2012	50	4579.2	-1.9	3	0.5786	3.8	1.4
494	2012	51	6480	-5.6	1.5	0.4574	1.8	0
494	2012	52	9331.2	-8.2	3.3	0.4441	1.2	0
494	2012	53	12009.6	-5.7	6.6	0.5113	1.9	0
494	2012	54	3196.8	-2.8	6.8	0.5222	3.8	0.1
494	2012	55	11836.8	2.3	11.2	0.8367	3	0
494	2012	56	6220.8	4.6	9.9	0.927	3.4	0.5
494	2012	57	4492.8	1.3	5.7	0.6987	3.6	1.4
494	2012	58	7430.4	-0.4	5.8	0.6379	2.1	0
494	2012	59	3456	2.1	7.6	0.7249	3.3	0.5
494	2012	60	6134.4	2.6	10.8	0.9025	2.1	0.1
494	2012	61	8726.4	1.4	11.2	0.9352	2.2	0
494	2012	62	3628.8	5.5	8.8	1.0117	1.8	0
494	2012	63	3628.8	3.4	6	0.854	2	0
494	2012	64	3715.2	4.6	6.5	0.888	1.7	0.4
494	2012	65	5529.6	-1.2	5	0.6166	3.5	4.3
494	2012	66	4320	-2.8	5.7	0.6242	1.8	0
494	2012	67	13392	-4.7	8.4	0.5725	2	0.4
494	2012	68	3974.4	-1.3	4.4	0.6355	4.4	3.6
494	2012	69	14601.6	-3.7	7.7	0.6069	1.3	0
494	2012	70	14169.6	-3.1	9.8	0.5981	1.6	0.2
494	2012	71	4060.8	2.3	7.3	0.7912	2.6	0.3
494	2012	72	4665.6	4.8	9.7	0.8862	3.8	0
494	2012	73	4233.6	4.8	8.8	0.8297	2	0
494	2012	74	13910.4	1.4	11.3	0.7757	1.7	0
494	2012	75	16243.2	-3.6	15.1	0.7901	1.4	0
494	2012	76	17539.2	0.4	20.9	0.8457	2.4	0
494	2012	77	15206.4	2.2	19.3	0.7482	2.2	0
494	2012	78	15465.6	-0.4	16.6	0.7988	3.4	7.1
494	2012	79	5702.4	-0.8	8.3	0.7351	2	0.8
494	2012	80	15897.6	-2.7	12.6	0.7387	1.6	0
494	2012	81	18230.4	-3.2	15.1	0.7359	2.1	0
494	2012	82	18748.8	-1.6	16.9	0.7747	3.1	0
494	2012	83	18403.2	-0.6	17.7	0.8903	1.4	0
494	2012	84	15292.8	-0.3	16.6	0.8773	1.8	0
494	2012	85	17798.4	-0.1	17.2	0.8792	1.6	0
494	2012	86	19699.2	-1.2	16.4	0.7303	1.8	0
494	2012	87	19785.6	-2.3	16.6	0.6677	1.6	0
494	2012	88	19612.8	0.2	19.3	0.8808	1.9	0
494	2012	89	13651.2	-0.4	16.8	0.7173	5.1	0
494	2012	90	5184	6.6	9.5	0.8391	6.5	0
494	2012	91	10454.4	2.9	13	0.7907	6.3	0.1
494	2012	92	20908.8	-3.1	9	0.453	1.9	0
494	2012	93	21340.8	-5.5	14.6	0.524	1.5	0
494	2012	94	13824	0.1	18.6	0.881	2.9	0.9
494	2012	95	11664	7.9	15.6	1.1302	2.9	0.7
494	2012	96	5443.2	5.6	9.7	0.9945	3.5	7.9
494	2012	97	5529.6	4.1	7.9	0.888	2.2	3.2
494	2012	98	5529.6	0.9	7.2	0.7344	2.8	3
494	2012	99	11145.6	-0.9	4.6	0.5097	3.2	0
494	2012	100	8726.4	-2.7	8.2	0.5881	4.2	0
494	2012	101	15120	4.7	19.3	0.9248	3	0
494	2012	102	5788.8	4	8.9	0.8678	3.5	5.1
494	2012	103	14256	1.6	13	0.7973	3.2	4.2
494	2012	104	7516.8	4.2	10.4	0.8688	1.7	0
494	2012	105	5961.6	4.3	11.3	0.8461	3.4	0.6
494	2012	106	5961.6	5.4	8.2	0.8988	3.9	8.8
494	2012	107	6048	3.2	8.2	0.7141	3.9	0
494	2012	108	18057.6	0.4	9.6	0.6279	1.8	0
494	2012	109	9072	0	10.6	0.6946	2.7	0
494	2012	110	22377.6	1.4	15.4	0.7381	2.2	0.8
494	2012	111	14688	3.7	12.9	0.8097	3.5	0
494	2012	112	18489.6	0.7	15.2	0.7266	4.5	6.5
494	2012	113	10195.2	0.7	9.7	0.7605	3.5	5.7
494	2012	114	15379.2	0	13.2	0.7502	2.8	0.2
494	2012	115	10108.8	2.1	10.4	0.8179	4.1	5.8
494	2012	116	20908.8	4.3	17.8	0.8422	3.7	0
494	2012	117	25574.4	3.7	23.2	0.9244	1.6	0
494	2012	118	23760	3.6	24.1	1.0752	2.2	0
494	2012	119	25747.2	6.7	29.4	1.075	2.7	0
494	2012	120	14688	11.8	26.3	0.9903	3.1	0
494	2012	121	24451.2	6	23.9	1.1205	3.4	0
494	2012	122	25056	10.6	21.7	1.2282	2.5	0
494	2012	123	25660.8	9.1	23.1	1.2061	3.2	2.2
494	2012	124	19008	9.1	18.8	1.2096	2	3.3
494	2012	125	26524.8	6.1	21.2	1.077	2.2	0
494	2012	126	13737.6	4.9	16.1	1.0403	3.4	1.3
494	2012	127	9244.8	5.4	13.4	1.0725	2.4	8.5
494	2012	128	22377.6	5.8	16.3	1.0922	2.3	0
494	2012	129	26179.2	3.6	21.1	0.975	2.2	0.3
494	2012	130	18662.4	10.7	21.2	1.3575	3.3	1.8
494	2012	131	26956.8	9.3	26.6	1.4175	2.5	0
494	2012	132	27820.8	11.9	30	1.4601	2.2	2.7
494	2012	133	7084.8	7	17.4	1.1784	3.3	2.4
494	2012	134	20044.8	2.6	13.3	0.7159	3	0
494	2012	135	27561.6	-0.2	14.7	0.6418	2.3	0
494	2012	136	21168	0.6	18.3	0.8751	3.7	9.3
494	2012	137	15811.2	0.6	10.3	0.7648	5	4.9
494	2012	138	26524.8	-1.5	13.5	0.6356	2.3	0
494	2012	139	21686.4	4.7	19.6	0.9339	3.5	0.3
494	2012	140	26092.8	9.1	23.5	1.24	2.7	0
494	2012	141	23760	8.2	26.2	1.1757	2.8	0
494	2012	142	19353.6	11.5	23.6	1.3021	3	0
494	2012	143	16243.2	9	22.5	1.3581	2	0.9
494	2012	144	25747.2	13.5	25.8	1.6217	2.6	0
494	2012	145	24796.8	10.1	25	1.4023	2.5	1.3
494	2012	146	29808	11.9	22.2	0.9899	4.9	0
494	2012	147	29980.8	8	20.9	0.8877	4.2	0
494	2012	148	22204.8	5.7	21.5	0.949	2.3	0
494	2012	149	22636.8	7.8	22.5	1.0662	2.3	0
494	2012	150	22636.8	10	24.3	1.2696	3.1	0
494	2012	151	21168	8.1	24	1.4026	2.4	5
494	2012	152	23068.8	9.6	22.7	1.4482	2.9	6.3
494	2012	153	13737.6	12	19.2	1.3098	4.9	0
494	2012	154	21945.6	12.5	22.2	1.3847	2	0
494	2012	155	11491.2	9.1	20.5	1.4796	3.7	21.4
494	2012	156	9676.8	11.1	17	1.3936	3.6	5.5
494	2012	157	20908.8	7.2	14.2	0.9257	4.1	0.3
494	2012	158	9158.4	7.6	20	1.2766	3.3	0.4
494	2012	159	18576	10.7	24.5	1.5273	3	11.3
494	2012	160	9158.4	11.8	18.2	1.5158	3.4	6.6
494	2012	161	16070.4	11.5	19.9	1.4072	3.3	1.2
494	2012	162	13305.6	10.7	17.3	1.2454	1.7	1
494	2012	163	15724.8	10.7	19.4	1.4352	2	9
494	2012	164	12096	6.4	18.3	1.2904	2.8	9.2
494	2012	165	15206.4	9.8	18.1	1.3528	4.6	5.8
494	2012	166	27302.4	8.8	19.9	1.2249	2.2	0
494	2012	167	29980.8	8.1	27.5	1.3431	2	0
494	2012	168	29980.8	12.3	30.7	1.5869	3	0
494	2012	169	23587.2	11.7	24.6	1.4978	2.3	0
494	2012	170	28339.2	12.5	30	1.6889	2.9	1.9
494	2012	171	25315.2	15.7	27.1	2.0098	3	1.6
494	2012	172	15379.2	17.4	26	2.2801	2	10.6
494	2012	173	24537.6	13.8	25.4	1.8217	1.9	6.9
494	2012	174	20822.4	9.8	22.8	1.4251	2.4	0
494	2012	175	26352	8.9	22.9	1.299	1.3	0
494	2012	176	22896	8.8	24.7	1.2189	3.8	10.3
494	2012	177	18921.6	8.8	19.7	1.2171	3.7	1.7
494	2012	178	26697.6	7.1	22.2	1.149	2.8	0
494	2012	179	21427.2	12.1	26	1.5624	2.2	0
494	2012	180	23241.6	12.5	26.7	1.7534	2.1	0.2
494	2012	181	24451.2	15.9	31.2	1.9708	2.4	0
494	2012	182	28512	17.9	30.3	2.0969	3	0.3
494	2012	183	14947.2	14.8	22.9	1.8256	3.6	8.8
494	2012	184	8812.8	14.8	19.5	1.758	3	2.5
494	2012	185	7516.8	14.3	21.5	1.8226	2.2	0
494	2012	186	21168	12	26.3	1.8157	1.8	1
494	2012	187	26697.6	14.8	28.4	1.9572	1.9	6.9
494	2012	188	17712	13.2	24	1.7759	2.2	4.5
494	2012	189	19958.4	14.6	24.1	1.7936	1.9	0.1
494	2012	190	22636.8	12.6	25.2	1.6351	2.7	0
494	2012	191	21772.8	13.7	24.3	1.5137	2.1	2.8
494	2012	192	23760	11.6	24.8	1.5233	2	2.3
494	2012	193	19267.2	11	22.8	1.4035	3.2	9.1
494	2012	194	17625.6	10.5	19.2	1.1976	4.7	0.5
494	2012	195	12182.4	11.4	20.7	1.4208	2.7	4
494	2012	196	22550.4	11.2	22	1.3394	5.3	0
494	2012	197	18316.8	10.3	19.4	1.3326	3.5	10
494	2012	198	19353.6	10.7	18.9	1.2106	4.5	0
494	2012	199	15120	12.5	20.5	1.2559	5.8	0
494	2012	200	23760	13.7	26.1	1.5079	3.6	0
494	2012	201	20563.2	13.4	24.4	1.5261	4.5	0.4
494	2012	202	7689.6	12.2	18.2	1.3801	1.8	3
494	2012	203	14428.8	8.7	17.8	1.3534	2	5.7
494	2012	204	17712	7.8	18.5	1.1633	2.7	0
494	2012	205	28512	6.8	22.5	1.0824	5	0
494	2012	206	28080	11	28.3	1.5075	2.4	0
494	2012	207	10281.6	12.5	23.3	1.7202	1.5	0.5
494	2012	208	26092.8	13.9	31.2	1.8554	1.7	0
494	2012	209	27388.8	14.2	32.4	1.7415	2.3	0
494	2012	210	15379.2	16.8	25.4	1.7484	2.8	1.8
494	2012	211	13132.8	10.4	21.8	1.4619	3.4	2.8
494	2012	212	23932.8	8.3	24	1.3016	2.5	0
494	2012	213	20908.8	9.4	25.2	1.4	2	0
494	2012	214	27388.8	9.6	29.7	1.3933	2.5	0
494	2012	215	20822.4	14	28.5	1.7141	2.6	13.3
494	2012	216	18403.2	15.4	24.1	1.8387	1.9	0
494	2012	217	17884.8	15.8	26	1.8751	2	0.4
494	2012	218	20131.2	14.4	27.6	1.9115	2.2	0
494	2012	219	9504	12.7	22.7	1.6582	3.4	10.3
494	2012	220	20736	10.2	22	1.3705	3.3	0
494	2012	221	22032	9.5	21.7	1.3275	1.8	0
494	2012	222	21686.4	8.8	24.5	1.3058	1.4	0
494	2012	223	20563.2	10.4	23.7	1.3975	2	0
494	2012	224	20822.4	8.3	20.8	1.1251	2.9	0
494	2012	225	25833.6	8	22.8	1.0834	3.6	0
494	2012	226	25142.4	6.8	24	1.0485	2.3	0
494	2012	227	23846.4	8.8	25.8	1.0845	2.5	0
494	2012	228	20217.6	13.3	27.9	1.2595	2.7	1.4
494	2012	229	11750.4	11.7	21.7	1.6137	2.6	14.6
494	2012	230	21427.2	9.3	25.2	1.5725	1.5	0
494	2012	231	24796.8	11	28.9	1.6289	1.8	0
494	2012	232	24451.2	11.8	32.2	1.768	1.8	0
494	2012	233	23414.4	12.6	33.9	1.9071	2.5	1
494	2012	234	22636.8	14.7	31.8	1.9925	2.3	2
494	2012	235	19872	16.5	27.6	1.9058	2.8	10.2
494	2012	236	19785.6	12.8	26.1	1.7597	1.7	1.9
494	2012	237	6307.2	16.5	22.8	1.9187	3.4	28.9
494	2012	238	15724.8	14.3	25.5	1.9022	4.4	7.2
494	2012	239	17625.6	11.8	20.7	1.3652	5.7	0.2
494	2012	240	22982.4	9.5	21.5	1.2135	2	0
494	2012	241	18316.8	8.1	26.3	1.4108	2.6	1
494	2012	242	20736	11.3	27	1.5943	2.3	0
494	2012	243	7257.6	14	22.8	1.7538	2.5	9.6
494	2012	244	4924.8	11.4	14.3	1.363	2.2	4.4
494	2012	245	5270.4	11.4	15.4	1.3974	2.9	0.5
494	2012	246	5184	11.8	16.3	1.4897	2.7	0
494	2012	247	5184	13.8	20.4	1.694	2.2	0
494	2012	248	11059.2	15.4	21.4	1.7116	3	0
494	2012	249	8035.2	13.3	22.6	1.705	1.8	0
494	2012	250	15206.4	6.7	19.2	1.1483	2.4	0
494	2012	251	20390.4	4.8	22.6	1.1901	1.3	0
494	2012	252	20304	6	25.1	1.2879	1.3	0
494	2012	253	20131.2	7	25.4	1.3977	1.9	0
494	2012	254	16329.6	11.8	28.4	1.7145	1.8	0.1
494	2012	255	16848	11	26.6	1.5382	3.1	3.6
494	2012	256	4752	8.2	17.5	1.2593	4.4	3
494	2012	257	13219.2	3.1	14.3	0.8994	2.1	0
494	2012	258	17625.6	0.9	17.3	0.8432	2.4	0
494	2012	259	10886.4	5.4	16.8	1.109	2.3	0
494	2012	260	18316.8	2.6	19.3	1.0719	1.8	0
494	2012	261	15897.6	6	22	1.3412	1.9	0
494	2012	262	16329.6	8.1	24.2	1.3566	3.1	5.5
494	2012	263	7257.6	3.3	13.9	1.005	2.6	1.5
494	2012	264	16934.4	1.1	15.4	0.8288	1.3	0
494	2012	265	16848	0.8	20.9	1.0518	1.4	12.3
494	2012	266	8553.6	6.3	14.7	1.1545	2.7	2.4
494	2012	267	13132.8	8.2	18.5	1.347	2.3	0
494	2012	268	5616	7.2	18	1.268	3.3	0.5
494	2012	269	15638.4	7	21.2	1.2374	3.4	0
494	2012	270	12268.8	4.5	22.3	1.2439	2	10.3
494	2012	271	12182.4	8.4	17.2	1.1813	4.4	0.1
494	2012	272	15379.2	5.2	18.2	1.0852	1.6	0
494	2012	273	3888	4.7	13.1	1.0826	1.2	5.7
494	2012	274	3801.6	7.3	13.3	1.1767	2	0
494	2012	275	3715.2	6.2	14.3	1.1229	1.6	0
494	2012	276	14428.8	4.6	17.3	1.098	2	0
494	2012	277	12528	6.1	19.6	1.1852	2.8	0
494	2012	278	4492.8	5.8	18.8	1.2004	4.4	4.5
494	2012	279	12960	4.6	19.8	1.1784	3.5	0
494	2012	280	12268.8	7.7	22.1	1.2184	4.2	2.6
494	2012	281	6825.6	3.2	14.5	1.0221	3.6	5.4
494	2012	282	12528	0.5	13.5	0.8712	1.6	1.4
494	2012	283	3369.6	7.1	14.6	1.2466	2.5	5.9
494	2012	284	3801.6	3.9	10.7	0.9302	1.4	0.5
494	2012	285	9244.8	2.7	13	0.9233	2.4	0
494	2012	286	3974.4	5	15.8	1.172	3.3	5.7
494	2012	287	10195.2	3	12.8	0.9264	2.2	0
494	2012	288	7344	5.2	14.5	0.9961	2	2.5
494	2012	289	4320	5.5	9.7	0.8973	3.6	1.3
494	2012	290	10627.2	2.4	12.5	0.7952	2.2	0.1
494	2012	291	10022.4	6.4	18.7	1.1331	2.1	0
494	2012	292	11577.6	2.5	17.3	1.0847	1.3	0
494	2012	293	11577.6	4.1	18.4	1.2134	1.4	0
494	2012	294	9763.2	6.6	15.8	1.3025	1.9	0
494	2012	295	2764.8	7.7	11.4	1.1667	1.9	0
494	2012	296	2764.8	6.9	8.4	1.005	2.2	0
494	2012	297	2678.4	6.7	8.3	0.9533	2.6	0
494	2012	298	3974.4	5	10.9	0.9296	1.8	0
494	2012	299	8640	4.6	13.7	0.9735	1.5	0
494	2012	300	2592	2.9	8.8	0.8419	2.9	2.5
494	2012	301	2592	-1.6	6.2	0.6993	4.3	10.4
494	2012	302	2505.6	-1.8	1	0.5697	3.6	0.2
494	2012	303	2505.6	-2.3	0.6	0.5169	2.3	0.2
494	2012	304	7776	-1	6.7	0.6448	3.2	0.1
494	2012	305	9417.6	-3	9.3	0.6586	1.9	0
494	2012	306	6912	3	12.4	0.8404	3.3	0.2
494	2012	307	7776	5	10.8	0.788	5.7	5.9
494	2012	308	8035.2	6.4	16.8	1.0781	3.6	0.3
494	2012	309	7171.2	6.3	13.7	1.0552	2.8	21.2
494	2012	310	5788.8	3.9	10.3	0.8671	4.3	2.2
494	2012	311	6393.6	-0.1	7.8	0.6678	3.7	0
494	2012	312	2505.6	1.2	7.4	0.681	5.6	0
494	2012	313	7257.6	-1.8	11	0.7039	2	0
494	2012	314	7862.4	-0.5	10.1	0.7482	2.2	0
494	2012	315	2073.6	4.1	8.7	0.884	1.6	0.5
494	2012	316	2073.6	7.1	9.7	1.0686	2	9.2
494	2012	317	1987.2	5	8.1	0.8932	1.9	0.4
494	2012	318	7171.2	2	8.1	0.7614	1.9	0
494	2012	319	1987.2	2.9	6.6	0.7884	2.9	0
494	2012	320	2592	2.5	6.6	0.7521	2	0
494	2012	321	2419.2	1	3.5	0.6969	2.1	0
494	2012	322	1900.8	0	3.3	0.6882	1.7	0
494	2012	323	4233.6	0	7.8	0.7671	1.8	0
494	2012	324	1814.4	-0.9	3.2	0.664	1.5	0
494	2012	325	1814.4	-0.3	2.7	0.6597	2.2	0
494	2012	326	1814.4	0.3	2.5	0.6693	2.2	0.1
494	2012	327	1728	0.8	6.1	0.7588	1.6	0
494	2012	328	2937.6	2.2	9.2	0.8606	2.3	0
494	2012	329	5443.2	1.4	10.4	0.8633	1.7	0
494	2012	330	5529.6	3	15.1	0.9324	3.2	0
494	2012	331	1641.6	4.6	10.3	0.9398	1.9	0.1
494	2012	332	1641.6	5.6	8	0.9383	1.5	0.2
494	2012	333	1641.6	4.7	5.7	0.8666	2.1	16.5
494	2012	334	1641.6	0.1	4.8	0.7141	4.4	8.5
494	2012	335	1641.6	-6.6	1.3	0.4828	1.6	0
494	2012	336	1728	-7.9	-2.5	0.3945	1.4	0
494	2012	337	3369.6	-5.1	0.1	0.4577	4.5	0.1
494	2012	338	2937.6	-1.3	2.7	0.5721	5	1.2
494	2012	339	3628.8	-0.3	5	0.644	5.8	2.6
494	2012	340	3110.4	0.1	3.3	0.6009	4.4	0.1
494	2012	341	3801.6	-5.6	0.7	0.4237	4.7	0.1
494	2012	342	2851.2	-6.9	-2.1	0.359	3	0.1
494	2012	343	3974.4	-7.8	-3.4	0.3464	2.4	0
494	2012	344	3628.8	-8.7	-0.3	0.3897	5.8	2.5
494	2012	345	1555.2	-1.2	1.4	0.5785	6.6	2.7
494	2012	346	1555.2	-7	-0.9	0.4335	3.6	1.5
494	2012	347	5875.2	-18.3	-4.7	0.2235	1.9	0
494	2012	348	4838.4	-18.9	-3.5	0.2367	1.1	0.7
494	2012	349	3801.6	-4	2.5	0.5149	1.7	3.1
494	2012	350	2246.4	-1.2	6.3	0.6825	2.7	3.2
494	2012	351	2678.4	2.6	6.7	0.7319	4	6.2
494	2012	352	3024	3.2	7.3	0.7898	4.2	2
494	2012	353	2764.8	0.4	5.6	0.6895	3.1	0.1
494	2012	354	1555.2	0.2	2.1	0.6042	1.6	0
494	2012	355	1555.2	-1	0.5	0.546	3.7	7.8
494	2012	356	1555.2	0.1	5.4	0.7072	3	3.9
494	2012	357	1814.4	2.9	6.3	0.7802	3.2	9.8
494	2012	358	1555.2	4	12.3	0.8882	7.1	0
494	2012	359	5356.8	1.8	14.7	0.7743	2.5	0
494	2012	360	5011.2	2.2	14.9	0.8235	3.2	1.4
494	2012	361	3283.2	4.6	8.6	0.7404	6.9	0
494	2012	362	1555.2	4.8	8.2	0.7547	7.6	10.6
494	2012	363	2160	0.5	6.2	0.6991	4.6	1
494	2012	364	5184	-0.8	7.4	0.6966	1.9	0
494	2012	365	4752	0.4	9	0.6234	4.9	0
494	2012	366	4147.2	-1.5	7.1	0.5977	2.8	0
