*---------------------------------------------------------------------------*
* Station name: AUGSBURG                                
* Year: 2018
* Author: Pedro Alencar                                   -999.000: NIL VALUE
* Source: ECAD 
* Comments: 
* Longitude: 48.4264, latitude: 48.4264, altitude: 461 m.
*
* Column  Daily value
* 1       station number
* 2       year
* 3       day
* 4       irradiation                   (kJ m-2 d-1)
* 5       minimum temperature           (degrees Celsius)
* 6       maximum temperature           (degrees Celsius)
* 7       early morning vapour pressure (kPa)
* 8       mean wind speed (height: 2 m) (m s-1)
* 9       precipitation                 (mm d-1)
*
** WCCDESCRIPTION=GERMANY, AUGSBURG                                
** WCCFORMAT=2
** WCCYEARNR=2018
*---------------------------------------------------------------------------*
   48.4264  10.9431    461.  -0.18 -0.55
494	2018	1	3715.2	1	8	0.6064	6.2	0.5
494	2018	2	2332.8	1.6	6.2	0.654	6	2
494	2018	3	2073.6	3.8	11.4	0.7929	9.1	6
494	2018	4	1641.6	3.6	11	0.9097	6.1	26.6
494	2018	5	2937.6	5.4	10.9	0.899	4.6	7.8
494	2018	6	5529.6	0.9	10	0.8368	1.7	0
494	2018	7	1641.6	2	5.3	0.7696	2.8	0
494	2018	8	1728	4.2	5.7	0.7735	3.9	0
494	2018	9	4838.4	-1.8	10.2	0.7339	2.1	0
494	2018	10	6134.4	-1.4	9.4	0.7481	1.2	0
494	2018	11	1728	0.6	3.2	0.6797	1.5	0
494	2018	12	1728	1.3	3.6	0.6486	2	0
494	2018	13	1814.4	0.1	3.2	0.6057	3.3	0
494	2018	14	2505.6	-3.9	2.5	0.5109	2.4	0
494	2018	15	4233.6	-5.3	4.5	0.5163	2.6	0.9
494	2018	16	2678.4	0.6	8.2	0.669	8.1	7.2
494	2018	17	4233.6	-0.6	3.1	0.5685	7.2	4.1
494	2018	18	2678.4	0.1	7.3	0.6688	10	8.5
494	2018	19	4665.6	-0.2	4.9	0.6078	5.4	2
494	2018	20	2937.6	0	3.5	0.6169	4.4	12.1
494	2018	21	3196.8	-3.6	1.3	0.4944	4.4	4.1
494	2018	22	1987.2	-2.2	6.5	0.6848	2.5	13.3
494	2018	23	2419.2	0.5	6.9	0.6688	3.8	0.1
494	2018	24	7344	0.9	12.9	0.7956	2.4	0
494	2018	25	6048	1.9	13	0.7952	2.2	0
494	2018	26	5616	0.7	8.7	0.7174	2.3	0
494	2018	27	2160	3.9	5.7	0.8342	1.6	0
494	2018	28	3801.6	3.8	9.7	0.7579	4.6	0
494	2018	29	6220.8	4	9.3	0.8114	5.1	0
494	2018	30	2246.4	2.8	7.3	0.7964	3.1	0.4
494	2018	31	4665.6	2.8	10.2	0.7353	4.1	4.4
494	2018	32	2332.8	0.2	6.2	0.684	4.3	3.9
494	2018	33	6566.4	-1.6	4.8	0.5212	3.8	0.1
494	2018	34	2332.8	-2	2.5	0.5289	2.2	0.5
494	2018	35	5356.8	-4.1	2.7	0.5109	1.2	0
494	2018	36	6912	-4.2	2.2	0.4658	3.7	0
494	2018	37	7430.4	-3.8	3	0.4748	3.1	0
494	2018	38	2505.6	-5	-2.2	0.431	1.6	7.3
494	2018	39	2592	-4.5	1.9	0.4945	0.8	0
494	2018	40	2592	-4.1	0.5	0.4499	1.5	0
494	2018	41	2678.4	-3.6	2	0.4957	1.6	0.1
494	2018	42	3369.6	-1.3	2.4	0.5341	4	0.4
494	2018	43	6566.4	-4.6	2.5	0.4697	3.1	0.3
494	2018	44	9417.6	-7.1	1.4	0.3815	2.6	0
494	2018	45	10368	-9.5	1.7	0.3619	2.2	0
494	2018	46	2851.2	-5.1	1.2	0.4449	2.4	7.9
494	2018	47	2851.2	-1.2	5.4	0.6823	1.4	1.9
494	2018	48	2937.6	-1	0	0.5656	3.1	11.5
494	2018	49	3024	-7.6	0.3	0.4247	2.4	0
494	2018	50	3024	-4.9	-2.2	0.4138	2.2	0
494	2018	51	3110.4	-4.7	0.4	0.4593	1.4	0.2
494	2018	52	7603.2	-5.1	-0.6	0.4212	2.6	0
494	2018	53	4406.4	-5.9	-1.3	0.3607	5.4	0
494	2018	54	3196.8	-4.8	-1.4	0.3696	4.5	0
494	2018	55	11836.8	-7.2	-0.8	0.3001	6.1	0
494	2018	56	12528	-12.9	-5.3	0.1813	5.3	0
494	2018	57	11232	-14.8	-8.7	0.1692	3.4	0
494	2018	58	7689.6	-15.8	-8.8	0.1667	3	0
494	2018	59	12614.4	-18	-7.7	0.1549	4.1	0
494	2018	60	7603.2	-11.3	-3.8	0.2288	4.7	0
494	2018	61	8467.2	-9.9	-1.4	0.3009	3	0
494	2018	62	5961.6	-6.6	2.4	0.461	2.3	0.4
494	2018	63	11577.6	-5	8.2	0.5829	2	0
494	2018	64	10108.8	-0.6	8.3	0.6678	2.4	0
494	2018	65	3801.6	-1.7	4.5	0.5814	1.6	0
494	2018	66	7257.6	0.6	9.8	0.6809	4.8	0.4
494	2018	67	13305.6	1.7	10.1	0.622	4.6	0
494	2018	68	4752	0.3	12.4	0.6608	2.6	0.1
494	2018	69	3974.4	4.5	12.5	0.8873	2.5	1.5
494	2018	70	6912	2.3	13.8	0.8714	1.9	4.6
494	2018	71	8121.6	4.7	12.8	0.9363	4.8	0.5
494	2018	72	8640	4.2	9.9	0.7436	7.3	3.1
494	2018	73	9849.6	1.6	8.5	0.7089	3.1	0
494	2018	74	9763.2	0	11.1	0.7339	3.6	0.2
494	2018	75	10368	0.2	12	0.753	3.5	0.4
494	2018	76	4406.4	-3.1	3.3	0.5662	4.8	4.6
494	2018	77	4406.4	-4.6	-2	0.4073	4.9	0.1
494	2018	78	4492.8	-5.5	-3.9	0.3623	3	0
494	2018	79	15897.6	-6.8	1.7	0.3699	2.2	0.9
494	2018	80	14601.6	-5.8	3.2	0.4001	2.7	0
494	2018	81	12096	-6.2	5	0.4445	3.2	0.5
494	2018	82	6998.4	0.1	6.5	0.6656	2.9	0
494	2018	83	18835.2	-2.4	8.9	0.5707	3.7	0
494	2018	84	19008	-5.2	12	0.5924	1.6	0
494	2018	85	8294.4	-2	8.9	0.6258	2.1	0.2
494	2018	86	14774.4	2.3	9.6	0.68	2.5	0.6
494	2018	87	8467.2	4	12.1	0.9037	5.6	6.1
494	2018	88	13046.4	1.3	9.8	0.6524	3.4	0
494	2018	89	15724.8	-2	14.2	0.7153	3.4	0.1
494	2018	90	7344	3.7	9.4	0.7476	3.3	0.4
494	2018	91	9676.8	1.6	8.7	0.6962	6.5	0.9
494	2018	92	20044.8	-2.2	15.1	0.5978	2.8	0
494	2018	93	14601.6	5.5	19.6	0.8571	2.1	0
494	2018	94	17107.2	5.3	22.1	0.9552	4.1	0
494	2018	95	15033.6	0.1	14.5	0.7257	5.8	1.4
494	2018	96	22118.4	-1.4	13	0.6269	3.4	0
494	2018	97	22377.6	-0.1	19.2	0.7262	2	0
494	2018	98	22204.8	0.5	20	0.8484	1.9	0
494	2018	99	13996.8	2.9	20.1	1.0032	1.5	0
494	2018	100	15120	4.1	18.3	0.9968	2.3	6.6
494	2018	101	20217.6	7.6	17.9	1.0156	3.5	0
494	2018	102	16156.8	6.8	21.5	0.9835	2.8	0
494	2018	103	13737.6	2.7	16.7	0.8899	4.3	0.2
494	2018	104	22464	0.8	18.9	0.8503	1.9	0
494	2018	105	10800	3.2	17.2	0.9078	1.8	0.4
494	2018	106	9158.4	9.3	16.8	1.2909	2.4	0.4
494	2018	107	22723.2	4.9	20.4	1.0528	1.6	0
494	2018	108	24451.2	3.6	21.9	0.942	2.8	0
494	2018	109	24624	6.5	23.9	0.9316	4.1	0
494	2018	110	24796.8	5.4	25.6	1.0728	1.9	0
494	2018	111	24624	6.1	26.1	1.1695	2.2	0
494	2018	112	23068.8	7.1	26.3	1.177	2.1	0.3
494	2018	113	13824	9.7	22.5	1.3523	3.8	1.9
494	2018	114	22204.8	6.9	20.5	1.1431	3.3	0
494	2018	115	21340.8	6.7	22.8	1.0559	5	0
494	2018	116	8467.2	5.5	13.4	0.7805	4.6	0
494	2018	117	25142.4	1.6	20.4	0.6426	3.3	0
494	2018	118	24883.2	6.6	22.1	1.0453	2.4	0
494	2018	119	23414.4	7.6	26	1.089	3.7	0
494	2018	120	20736	8.3	19.6	0.9072	4.4	1.7
494	2018	121	13824	6.5	14.9	0.8357	2.9	0
494	2018	122	11491.2	6.9	18.2	0.9733	2.3	0
494	2018	123	14947.2	8.7	19.6	1.0641	3.3	0
494	2018	124	15811.2	11.5	21	1.2545	4.6	0
494	2018	125	22982.4	10.9	22.6	1.2189	5.3	0
494	2018	126	27475.2	10.1	22.7	0.9872	4.5	0
494	2018	127	27734.4	7.8	23.8	0.9322	4.4	0
494	2018	128	28080	8	23.6	0.8426	4.1	0
494	2018	129	25920	6.9	23.1	1.0219	3.1	0
494	2018	130	20649.6	8.2	20.9	1.1747	5.2	0.3
494	2018	131	20476.8	8.3	20.1	1.2293	2.5	0
494	2018	132	23155.2	6.1	25.2	1.1897	2.5	0
494	2018	133	23328	8.9	25.6	1.4743	2.8	13.4
494	2018	134	13219.2	9.7	21.1	1.5377	2.2	0.3
494	2018	135	17107.2	7.6	19.3	1.2633	2.5	3.6
494	2018	136	10281.6	9.2	14.1	1.2597	3.2	9.6
494	2018	137	8812.8	8.7	16.4	1.3074	3.6	2.3
494	2018	138	24969.6	6.5	19.5	1.1371	1.8	0
494	2018	139	21513.6	6.2	19.7	1.2377	2.6	16.8
494	2018	140	16761.6	11.3	20.9	1.3523	3.8	0
494	2018	141	28252.8	9.8	23.1	1.2332	2.8	0
494	2018	142	26265.6	9.4	23.9	1.3436	2.5	1.6
494	2018	143	19008	13.4	22.7	1.6331	2	6.3
494	2018	144	14774.4	11.4	21.6	1.6308	1.8	9.5
494	2018	145	28512	8.9	24	1.4575	1.9	0
494	2018	146	27907.2	10.4	24.4	1.6073	2.2	0
494	2018	147	26265.6	11.7	26.5	1.6335	1.5	0
494	2018	148	28857.6	11.7	27.5	1.5484	2.5	2
494	2018	149	23932.8	12.6	26.1	1.7488	1.8	0
494	2018	150	26870.4	13.9	25.9	1.6702	2.6	4.9
494	2018	151	27561.6	13.2	27.7	1.8959	2.4	2.9
494	2018	152	19008	14.1	23.8	1.6621	2.7	0.5
494	2018	153	26524.8	11.8	23.4	1.5674	1.9	0
494	2018	154	27043.2	11.2	26	1.562	1.9	0
494	2018	155	29203.2	12.5	26.9	1.4893	2.6	0
494	2018	156	28080	10.7	27.1	1.3735	2.4	0
494	2018	157	22550.4	14.8	26.7	1.8579	2.5	13.1
494	2018	158	18403.2	13.3	26	1.873	1.9	0
494	2018	159	20736	14.6	26.6	1.9135	2.3	0.5
494	2018	160	22291.2	14.8	26.9	1.9923	2.6	0
494	2018	161	23155.2	13	25.4	1.8658	1.9	2.8
494	2018	162	23673.6	13.6	29.4	2.0221	1.8	11.3
494	2018	163	15897.6	15.1	23.8	1.9176	2.3	30.9
494	2018	164	6739.2	11.7	15.8	1.3039	4	0
494	2018	165	15552	8	19.2	1.1668	1.3	0
494	2018	166	25315.2	7.4	20.8	1.1732	1.8	0
494	2018	167	27648	6.8	24.7	1.2509	1.4	0
494	2018	168	15897.6	11	23.1	1.4363	2.5	0
494	2018	169	16934.4	12.6	23.5	1.4264	2.3	0
494	2018	170	22636.8	10.5	24.9	1.456	2	0
494	2018	171	29289.6	11.2	27.7	1.5566	1.7	0
494	2018	172	22636.8	12.1	28.1	1.5266	4.6	4.2
494	2018	173	25401.6	4.9	16.1	0.7739	4.6	0
494	2018	174	21513.6	3.3	18.3	0.8671	2.9	0
494	2018	175	18144	10.1	19.5	1.0929	2	0.7
494	2018	176	16070.4	8.3	20.8	1.1581	2.2	0
494	2018	177	12268.8	6.8	20.9	1.2175	1.9	0
494	2018	178	23673.6	6.6	22.8	1.1527	2.6	0
494	2018	179	9504	6.6	16.7	1.246	2.2	19.8
494	2018	180	17798.4	13.9	24.6	1.9385	1.7	0.5
494	2018	181	29635.2	12.1	26.1	1.479	2.7	0
494	2018	182	30412.8	8.9	22.3	0.9558	3.5	0
494	2018	183	30412.8	7.1	23.6	1.0103	2.6	0
494	2018	184	29289.6	7.3	26.4	1.2266	2	0
494	2018	185	20476.8	13.4	27.2	1.9023	2.1	12
494	2018	186	16588.8	11.3	25.1	1.6694	2.9	4.5
494	2018	187	11923.2	13.4	21.1	1.7101	3.6	6
494	2018	188	26956.8	10.1	24	1.3781	2.1	0
494	2018	189	27561.6	10.3	24.5	1.3692	2.4	0
494	2018	190	26006.4	9.3	26.7	1.2983	1.4	0
494	2018	191	13478.4	12.4	22.6	1.5177	2.2	2.5
494	2018	192	19612.8	8	19.2	1.1668	2.6	0
494	2018	193	20304	7	22.8	1.2522	2.2	0
494	2018	194	29116.8	7.4	26.9	1.2892	1.4	0
494	2018	195	22550.4	10.3	27.1	1.6148	1.7	0.3
494	2018	196	22636.8	11.3	27.1	1.7548	1.8	7.3
494	2018	197	18144	11.7	24.7	1.6694	1.8	0.7
494	2018	198	23760	10	26.9	1.5262	2.6	0.1
494	2018	199	25574.4	11.4	27.3	1.5246	2.2	0
494	2018	200	28166.4	10.4	27.8	1.3686	1.7	0
494	2018	201	22896	10.2	28.6	1.3944	1.6	6
494	2018	202	9072	16.5	20.1	1.9109	1.7	30.3
494	2018	203	7603.2	16	19.8	1.925	2.5	7.8
494	2018	204	21254.4	16	25.6	1.9862	1.7	0
494	2018	205	27820.8	14.2	28.2	1.8345	2	0
494	2018	206	26611.2	12.9	30.3	1.8542	2.1	1.2
494	2018	207	27734.4	13.5	28.4	1.7571	2	0
494	2018	208	24192	16.2	29.5	1.8338	2	0
494	2018	209	20390.4	14.3	27.9	1.7234	3.7	0
494	2018	210	26265.6	14.7	29.1	1.7835	1.5	0
494	2018	211	27129.6	14.7	31.6	1.7542	1.5	0
494	2018	212	27388.8	14.2	33.2	1.8425	1.4	0
494	2018	213	26179.2	15.1	32.8	1.8406	2.7	0
494	2018	214	22377.6	16	30	2.0468	2.5	0
494	2018	215	26092.8	15.5	32.1	2.0889	1.8	0
494	2018	216	24451.2	15.1	33.5	1.9402	1.4	0
494	2018	217	26179.2	15.7	29.8	1.878	2.4	0
494	2018	218	26006.4	15.8	30.8	1.713	1.9	0
494	2018	219	18144	15.7	30.6	1.8107	1.9	0
494	2018	220	18489.6	14.8	29.2	2.0055	2.1	9.3
494	2018	221	24537.6	15	33.5	1.8438	1.6	1.3
494	2018	222	12355.2	11	20.3	1.4027	3	1.4
494	2018	223	23241.6	9.2	24.2	1.2719	2.6	0
494	2018	224	26006.4	6.5	28.9	1.2942	1.7	0
494	2018	225	17539.2	13.5	28.7	1.7983	2.9	2.2
494	2018	226	17020.8	15.5	25.1	1.6169	3.3	0
494	2018	227	21168	11.9	25	1.4626	1.4	0
494	2018	228	25142.4	10.1	27.7	1.4607	1.9	0
494	2018	229	23241.6	10.5	29.7	1.4562	1.6	0.1
494	2018	230	16588.8	14.3	27.3	1.7655	1.9	0
494	2018	231	22032	12	30	1.688	1.3	0
494	2018	232	22377.6	13.6	29.4	1.5869	2	0
494	2018	233	23328	12.7	29.1	1.5544	1.7	0
494	2018	234	23932.8	13.3	31.7	1.5233	1.5	0
494	2018	235	17712	14.7	28.2	1.6842	2.8	0
494	2018	236	10195.2	10.8	22.9	1.6099	3.4	3.9
494	2018	237	5184	10.3	16.6	1.2633	3.1	5
494	2018	238	21513.6	4.9	18.3	0.9826	1.8	0
494	2018	239	16675.2	5	24.6	1.0761	2.8	0
494	2018	240	18921.6	11.5	25.1	1.5119	1.4	0
494	2018	241	21081.6	8.1	29.8	1.5964	2.3	8.5
494	2018	242	10195.2	12	20.4	1.4712	3.5	0
494	2018	243	4924.8	12.3	14.9	1.4313	1.9	3.9
494	2018	244	5356.8	11.2	13.7	1.2845	3.2	5.6
494	2018	245	5270.4	11.3	15.3	1.4799	1.7	0.8
494	2018	246	7776	13.1	19.6	1.6896	1.5	0
494	2018	247	10800	12.5	19.7	1.7177	2.1	16
494	2018	248	19180.8	10.4	23.7	1.6498	1.7	0
494	2018	249	16761.6	9.7	24.7	1.6068	1.7	1.7
494	2018	250	11145.6	11.2	20.8	1.5797	2.6	0.3
494	2018	251	17107.2	10.1	22.2	1.4849	1.2	0
494	2018	252	19958.4	9.1	24.5	1.452	1.6	0
494	2018	253	18230.4	7.2	25.4	1.3326	1.8	0
494	2018	254	19526.4	9.8	27.2	1.4459	2.4	0
494	2018	255	19612.8	10.9	28.8	1.5495	2	0.2
494	2018	256	11232	12.5	25.4	1.8589	1.9	12.3
494	2018	257	12009.6	13.2	21.5	1.721	1.4	0
494	2018	258	15379.2	8.7	20.8	1.391	1.9	0
494	2018	259	17625.6	5.3	22.6	1.2573	1.8	0
494	2018	260	18489.6	8.9	26.1	1.5975	1.4	0
494	2018	261	17366.4	9	27.4	1.5025	2.6	0
494	2018	262	15811.2	11.7	26.6	1.6829	2	0.7
494	2018	263	17971.2	12.1	27.3	1.6039	2.2	0
494	2018	264	14342.4	10.8	27.9	1.6143	4.5	1.1
494	2018	265	14342.4	9.2	17.4	0.9764	3.3	5.5
494	2018	266	9849.6	9.5	24.7	1.5772	6.6	12.5
494	2018	267	12787.2	2.1	13.1	0.7929	3.8	0
494	2018	268	16848	0.2	12.2	0.7013	2.6	0
494	2018	269	15811.2	-0.2	17.2	0.8208	1.8	0
494	2018	270	16588.8	3.2	21.9	1.1186	1.6	0
494	2018	271	15638.4	5.4	20.6	1.0922	2.9	0
494	2018	272	14515.2	3.3	15.5	0.7897	4.3	0
494	2018	273	15724.8	-0.9	19.6	0.8927	1.4	6.5
494	2018	274	6393.6	6.1	12.8	0.9697	3.6	1.2
494	2018	275	10195.2	3	11.1	0.7134	4.9	0
494	2018	276	3715.2	3.4	13.3	0.9113	4.4	0
494	2018	277	12355.2	1.7	16.5	0.9818	1.5	0
494	2018	278	14860.8	0.8	19.9	1.0676	1.3	0
494	2018	279	10800	5.5	23	1.3469	1.6	0
494	2018	280	10108.8	10.9	21.3	1.5167	1.7	0.1
494	2018	281	7689.6	7.4	16.7	1.3355	2.1	0.2
494	2018	282	5788.8	5.4	16	1.2342	1.3	0.2
494	2018	283	9158.4	5	19.7	1.3047	1.8	0
494	2018	284	13132.8	3.4	23.6	1.1747	1.5	0
494	2018	285	13392	7.8	23.9	1.3668	1.7	0
494	2018	286	13132.8	3.9	22.7	1.19	1.9	0
494	2018	287	12960	4.6	23.5	1.1854	1.9	0
494	2018	288	12873.6	3.8	22.7	1.1405	1.5	0
494	2018	289	12614.4	2.4	22.6	1.1149	1.1	0
494	2018	290	12441.6	3.4	20.3	1.1099	1.4	0
494	2018	291	11750.4	2.1	19	1.0692	1.3	0
494	2018	292	9936	2.6	17	1.0775	1.8	0
494	2018	293	6220.8	2.9	16.3	1.0631	1.1	0
494	2018	294	10627.2	-0.4	14.3	0.7784	2.4	0
494	2018	295	11404.8	-3.8	13.1	0.6723	1.7	0
494	2018	296	2764.8	7.6	12.7	0.9295	4.7	0
494	2018	297	2678.4	10.5	12.6	1.0609	7.2	1.9
494	2018	298	5356.8	6.7	13.7	1.0943	3.9	0
494	2018	299	9072	3.2	15.7	0.9579	1.8	2.6
494	2018	300	2592	2.7	7.3	0.811	2.3	29.2
494	2018	301	2592	0.3	3	0.6676	4.7	4.9
494	2018	302	2505.6	2.8	11.6	1.005	3.5	1.8
494	2018	303	3542.4	-0.3	11.2	0.7199	4	0
494	2018	304	6480	-1.9	10.4	0.6951	1.9	0
494	2018	305	6912	1.5	15.2	0.9332	1.9	0
494	2018	306	3628.8	1.7	10.7	0.8814	1.2	0
494	2018	307	2332.8	6.8	10.7	1.0378	2.2	0
494	2018	308	2332.8	8.6	9.7	1.1242	2.7	0
494	2018	309	7084.8	3.2	17	1.1487	1.7	0
494	2018	310	5356.8	-0.1	14.9	0.9777	1.3	0
494	2018	311	8380.8	1.3	14.2	1.0013	1.6	0.2
494	2018	312	3628.8	4.6	12.8	1.068	1.9	0.3
494	2018	313	2160	6.7	9.3	1.04	1.7	0
494	2018	314	2505.6	5.3	8.7	0.9813	2.3	0.1
494	2018	315	4406.4	3.7	13.9	1.0866	2	0.8
494	2018	316	8121.6	1.1	12.1	0.9353	1.5	0
494	2018	317	3283.2	-0.1	10.3	0.8518	2	0.2
494	2018	318	1987.2	-0.5	5.7	0.7365	1.9	0
494	2018	319	1987.2	3.4	5.1	0.8193	2.1	0
494	2018	320	5011.2	-0.3	5.7	0.6824	2.7	0
494	2018	321	7776	-1.8	7.9	0.6007	4.2	0
494	2018	322	7603.2	-2.2	5.1	0.536	3.3	0.1
494	2018	323	3542.4	-1.7	1.1	0.4782	4.7	0
494	2018	324	5702.4	-2.7	5.7	0.5651	3.4	0
494	2018	325	1814.4	-2.2	0.9	0.5711	2.5	0
494	2018	326	2332.8	-1.7	2.8	0.5977	1.5	0
494	2018	327	1728	-0.5	2.3	0.6521	2.6	0.1
494	2018	328	4233.6	-0.3	8.9	0.7972	2.3	2.8
494	2018	329	1728	-2.4	4.1	0.6498	2.2	0.1
494	2018	330	1728	0.1	3.2	0.6814	2.5	10.8
494	2018	331	1641.6	-1.9	2.6	0.6204	0.9	1.4
494	2018	332	3283.2	-2.7	0.3	0.5373	3.2	0
494	2018	333	4492.8	-1.5	1.9	0.5703	2.8	1.4
494	2018	334	1641.6	-0.7	5.3	0.6993	1.4	3.7
494	2018	335	3974.4	0.5	8.3	0.7945	2.3	0
494	2018	336	1728	2.2	10.3	0.8559	5.6	4.6
494	2018	337	1641.6	9.4	13.4	1.1717	7.3	6.4
494	2018	338	2160	1.7	9.7	0.8148	4.4	0.1
494	2018	339	1641.6	0.3	5.2	0.7072	2.3	1.4
494	2018	340	1987.2	3	10.1	0.9224	3.1	0
494	2018	341	2073.6	6.5	12.5	0.973	5.8	1.3
494	2018	342	3974.4	3.4	7.5	0.6659	9.6	4.2
494	2018	343	1641.6	3.9	8.1	0.8226	8.3	12.6
494	2018	344	1900.8	0.1	4.9	0.6655	5.8	3.1
494	2018	345	2160	0	1.9	0.6087	4.8	1.2
494	2018	346	1555.2	-0.7	1.8	0.5913	2.4	0
494	2018	347	1555.2	-1.7	-0.4	0.4867	4.2	0
494	2018	348	1555.2	-2.7	-1.6	0.428	3	0
494	2018	349	1555.2	-6.4	-1.6	0.3546	2.4	0
494	2018	350	1555.2	-5.8	0.4	0.466	2	0.6
494	2018	351	1987.2	-1.4	3.1	0.6303	2.2	0
494	2018	352	5616	-2	5.9	0.654	2.4	0
494	2018	353	1555.2	-1.5	2.8	0.5956	1.9	2.9
494	2018	354	4060.8	1.8	7.5	0.7319	3.9	0
494	2018	355	1555.2	3.4	10	0.7946	7.9	6.4
494	2018	356	1555.2	6.7	10.9	0.9621	7.6	5
494	2018	357	1555.2	6	10.6	0.9957	5.6	20.7
494	2018	358	2764.8	1.2	10.8	0.86	5.5	2.2
494	2018	359	2937.6	-4.3	1.8	0.5186	1.8	0
494	2018	360	2419.2	-4.6	-1.6	0.4717	1.6	0
494	2018	361	2246.4	-4.7	-1	0.4905	1	0
494	2018	362	5356.8	-3.9	4.7	0.5787	1.2	0
494	2018	363	1555.2	-2.4	1.5	0.5558	3.4	0.5
494	2018	364	1555.2	0.4	4.4	0.668	5.7	0.2
494	2018	365	1555.2	2.6	4.9	0.783	3	2.3
