*---------------------------------------------------------------------------*
* Station name: AUGSBURG                                
* Year: 1980
* Author: Pedro Alencar                                   -999.000: NIL VALUE
* Source: ECAD 
* Comments: 
* Longitude: 48.4264, latitude: 48.4264, altitude: 461 m.
*
* Column  Daily value
* 1       station number
* 2       year
* 3       day
* 4       irradiation                   (kJ m-2 d-1)
* 5       minimum temperature           (degrees Celsius)
* 6       maximum temperature           (degrees Celsius)
* 7       early morning vapour pressure (kPa)
* 8       mean wind speed (height: 2 m) (m s-1)
* 9       precipitation                 (mm d-1)
*
** WCCDESCRIPTION=GERMANY, AUGSBURG                                
** WCCFORMAT=2
** WCCYEARNR=1980
*---------------------------------------------------------------------------*
   48.4264  10.9431    461.  -0.18 -0.55
494	1980	1	2937.6	-3.2	0.2	0.4106	4.6	0
494	1980	2	2678.4	-5.6	-1	0.4073	4	0.7
494	1980	3	3456	-6.6	-2.4	0.3853	2	0
494	1980	4	2160	-10.5	-1	0.3584	2.2	4
494	1980	5	1641.6	-1.2	3.9	0.6264	2.2	0.9
494	1980	6	2592	0.1	2.9	0.6196	2.9	2.1
494	1980	7	1641.6	0.6	1.8	0.6264	1.7	0.4
494	1980	8	1728	-0.7	1.5	0.5912	1.3	0
494	1980	9	1728	-2.8	0.1	0.4927	2.7	0
494	1980	10	1728	-4.8	-2.5	0.4154	3.1	0
494	1980	11	1728	-7.5	-3.4	0.3382	3.2	0
494	1980	12	1728	-8.4	-6.6	0.2959	4	0
494	1980	13	6480	-10.6	-3.8	0.2993	2.4	0
494	1980	14	1814.4	-11.8	-6.8	0.2752	0.8	0
494	1980	15	6566.4	-12.3	-6.6	0.263	2.3	0
494	1980	16	1814.4	-11.6	-4.5	0.2868	2.9	0
494	1980	17	1900.8	-5.7	-3.5	0.352	3.5	0
494	1980	18	1900.8	-6.8	-4.3	0.372	1.6	0
494	1980	19	1900.8	-7.9	-4	0.3686	1.9	0
494	1980	20	5529.6	-8.5	-3.5	0.3555	1.5	0
494	1980	21	1987.2	-6.4	-2.8	0.4041	1.8	0
494	1980	22	1987.2	-4.5	3.1	0.5342	2.6	6.1
494	1980	23	6912	0.2	5.4	0.6126	3.1	6.1
494	1980	24	2073.6	0.1	2.5	0.6578	1.9	12.1
494	1980	25	4579.2	0.3	2.9	0.6104	2.6	0
494	1980	26	3110.4	-1.3	1.5	0.5354	2.9	0.6
494	1980	27	2764.8	-2.2	-0.3	0.4908	5	0.6
494	1980	28	2160	-10.4	-2	0.3463	1.1	0
494	1980	29	2160	-4.3	3.4	0.5144	0.8	0
494	1980	30	3801.6	-1	7.8	0.608	4.3	2.3
494	1980	31	2246.4	3.3	9.9	0.7112	4	0.4
494	1980	32	3974.4	-1.2	7.3	0.5779	6.5	0.4
494	1980	33	2937.6	-1.1	6.4	0.4878	5.7	0.4
494	1980	34	3369.6	3.1	5.1	0.696	7.2	8
494	1980	35	3974.4	3.1	6.5	0.774	6.6	16.2
494	1980	36	5270.4	2.6	10.8	0.775	6.1	4.2
494	1980	37	5961.6	2.3	8.2	0.6744	4.9	1.6
494	1980	38	5097.6	1.9	7.5	0.6832	4.5	0
494	1980	39	6652.8	1.9	9.6	0.6707	2.2	0
494	1980	40	7084.8	-1.4	11.2	0.6842	0.9	0
494	1980	41	2678.4	0	8.4	0.7009	1.7	3.9
494	1980	42	6134.4	1.3	6.4	0.7081	2.4	0.8
494	1980	43	4147.2	1.2	5.1	0.6356	2.3	0.2
494	1980	44	7603.2	-2.6	5.4	0.6152	1.6	0.8
494	1980	45	2764.8	-0.5	2.5	0.6174	0.8	0
494	1980	46	8812.8	-0.1	7.8	0.6759	1	0
494	1980	47	2851.2	0	5.6	0.6425	1.8	4.4
494	1980	48	4406.4	1.4	5.8	0.7036	1.6	0.6
494	1980	49	6480	-0.4	4	0.4939	2.4	0
494	1980	50	9158.4	-2.1	3.3	0.485	4.4	0
494	1980	51	11577.6	-3.1	6.1	0.497	2	0
494	1980	52	11577.6	-4.2	7.7	0.5199	1.5	0
494	1980	53	11318.4	-5.2	7.7	0.5016	0.8	0
494	1980	54	11836.8	-4.6	9.7	0.5211	1	0
494	1980	55	11232	-2.8	7.1	0.5706	2	0
494	1980	56	11664	-5	8.1	0.5808	0.6	0
494	1980	57	8467.2	-3.7	7.7	0.6634	0.7	0
494	1980	58	10800	-7	8.6	0.4856	0.8	0
494	1980	59	3456	-4.8	-0.7	0.4443	2.7	0
494	1980	60	3542.4	-3.5	1.3	0.4962	4.4	0.2
494	1980	61	6566.4	-0.7	4.9	0.6184	2.7	0
494	1980	62	7430.4	-1.2	6.8	0.5752	2.4	0.4
494	1980	63	12441.6	-2.3	2.8	0.4044	4.3	0
494	1980	64	12441.6	-3.2	3.1	0.4383	3.1	0
494	1980	65	14688	-4.3	7.1	0.4394	2.8	0
494	1980	66	7171.2	-2.5	10.8	0.5834	2.6	1.4
494	1980	67	6480	2.4	8.8	0.7456	4.5	0.3
494	1980	68	9849.6	0.7	9.1	0.6668	1.7	0.3
494	1980	69	5875.2	0.7	7.2	0.6806	4.3	1.8
494	1980	70	6912	0.8	5.8	0.6966	2.3	2.1
494	1980	71	9676.8	0.4	6.9	0.6902	3.3	2.8
494	1980	72	7257.6	2.2	6.6	0.6774	3.1	2.6
494	1980	73	7603.2	0.3	8.8	0.7099	2.5	0.2
494	1980	74	13737.6	-0.3	12.8	0.6657	5	0
494	1980	75	13046.4	0.3	10.4	0.6434	3.1	0
494	1980	76	4924.8	-0.9	6.4	0.6402	1.3	0
494	1980	77	15811.2	-1.1	11.3	0.6586	1.5	0
494	1980	78	16502.4	-2.7	12.8	0.6476	1	0
494	1980	79	13996.8	-0.3	11.8	0.6799	2.3	0
494	1980	80	4579.2	-0.8	3.8	0.5924	4.1	2
494	1980	81	7516.8	-2.6	3.2	0.5495	2.5	0
494	1980	82	13824	-1.8	10	0.5814	3.2	0
494	1980	83	4752	-0.7	5.2	0.6035	2.2	0.4
494	1980	84	4838.4	1.2	4.9	0.6388	0.9	0.3
494	1980	85	14256	-0.8	12.7	0.6707	1.5	1.3
494	1980	86	13910.4	2.3	11.1	0.6965	2.8	3.3
494	1980	87	5011.2	4.4	10.8	0.8973	5.6	1.2
494	1980	88	11750.4	9.3	17.5	1.0442	6.2	1.3
494	1980	89	12700.8	8.1	14.1	0.7393	6.2	0.8
494	1980	90	14774.4	2.9	8.1	0.6953	5.9	0.6
494	1980	91	12960	1.9	11.2	0.7185	3.3	7.9
494	1980	92	5270.4	5.7	12.4	1.013	4.7	18.4
494	1980	93	17539.2	4.3	11.1	0.7143	7.6	1
494	1980	94	5356.8	1.2	5.5	0.6447	5.9	6.7
494	1980	95	8726.4	0	4.4	0.6443	4.1	2.7
494	1980	96	10540.8	-0.9	3.8	0.5835	2.6	1.8
494	1980	97	5529.6	0	2.6	0.6175	3	0.5
494	1980	98	6912	1.2	6.6	0.654	1.7	2.1
494	1980	99	11318.4	0.2	6	0.6334	4.5	3.9
494	1980	100	15638.4	0	5.2	0.6334	4.4	0.9
494	1980	101	7084.8	0	4.2	0.6539	4.4	1.1
494	1980	102	13305.6	2.6	7.8	0.6898	1.7	0
494	1980	103	22464	-0.4	11.9	0.588	3.8	0
494	1980	104	23760	-0.2	15.4	0.6469	2	0
494	1980	105	23500.8	0.1	18	0.6907	1.4	0
494	1980	106	23414.4	1.4	19.1	0.7361	1.1	0
494	1980	107	23587.2	2.3	19.1	0.8357	1.5	0
494	1980	108	22550.4	1.2	20.2	0.7714	1.7	0
494	1980	109	14083.2	8	15.1	0.9657	4.4	2
494	1980	110	6134.4	4.3	9.3	0.8396	6.7	1.6
494	1980	111	19526.4	0	6.8	0.5456	5.1	0.2
494	1980	112	15465.6	-1.9	6.4	0.5388	2.5	0.6
494	1980	113	16675.2	-1.6	6.6	0.5704	3.4	2.9
494	1980	114	6393.6	0	2.4	0.6264	4.6	25.9
494	1980	115	6393.6	0.3	3.8	0.6728	5.8	28.8
494	1980	116	6480	1.2	3.4	0.6489	4.4	4
494	1980	117	6480	0.8	5.1	0.6947	2.8	5.7
494	1980	118	13132.8	1.4	7.9	0.7234	1.7	0
494	1980	119	11577.6	2.2	10.8	0.8515	1.5	2.9
494	1980	120	24105.6	0.2	14.6	0.7204	2.3	0
494	1980	121	25488	2.3	16.6	0.7687	3.8	0
494	1980	122	23932.8	5.3	17.7	0.8541	5.4	0
494	1980	123	18576	6.9	15.8	1.0336	3.8	10.1
494	1980	124	8294.4	6.5	13.4	0.9905	3.1	4.2
494	1980	125	6825.6	3.5	9.3	0.8744	3.1	0.2
494	1980	126	6825.6	2.5	8.5	0.6682	3.4	0
494	1980	127	17539.2	3.1	14.1	0.871	2	0
494	1980	128	9936	5.1	14.4	0.9774	1.6	3
494	1980	129	14256	6.6	16.3	1.2026	2.1	4.5
494	1980	130	6998.4	5.5	9.6	0.915	3.1	0.9
494	1980	131	23500.8	4.3	13.7	0.7342	2.5	0
494	1980	132	28684.8	5.1	17	0.6843	4.6	0
494	1980	133	28944	7.3	18.9	0.6325	5.2	0
494	1980	134	27993.6	4.7	18.2	0.5405	6.5	0
494	1980	135	27043.2	7	16.3	0.5066	5.3	0
494	1980	136	26870.4	2.3	13.5	0.5111	5.7	0
494	1980	137	26352	1.7	13.6	0.5863	5	0
494	1980	138	24278.4	2.7	15	0.6246	3.6	0
494	1980	139	10972.8	7.3	13.9	0.9706	1.7	4.1
494	1980	140	19526.4	6.4	15	0.9642	1.6	0
494	1980	141	22723.2	1.8	18.8	0.9389	1.5	0.1
494	1980	142	24969.6	3.3	21.3	0.9003	2.1	0
494	1980	143	25747.2	5.5	17.5	0.827	3	0
494	1980	144	28771.2	3.6	16.5	0.6648	2.2	0
494	1980	145	21945.6	4.2	14.6	0.6954	2.1	0
494	1980	146	20649.6	3.1	16.3	0.7937	1.1	0
494	1980	147	28339.2	4.2	21.8	0.8229	1.3	0
494	1980	148	22809.6	6.6	22.4	1.006	1.9	5.6
494	1980	149	14774.4	9.5	18.1	1.1821	2.3	5.1
494	1980	150	22291.2	7.3	20.9	1.1732	3	4.7
494	1980	151	22032	7.3	14.8	0.9869	4.3	0.7
494	1980	152	18316.8	8.2	16	1.0155	2.1	1.9
494	1980	153	15552	7.8	13.9	0.9869	5	5
494	1980	154	15724.8	7.9	15.1	0.9625	4.7	0.2
494	1980	155	23241.6	8.6	19.4	1.0857	5.3	4.8
494	1980	156	18489.6	12.1	19	1.3409	1.6	0
494	1980	157	20908.8	10.5	22.6	1.4667	0.6	1.3
494	1980	158	22809.6	11.2	23.9	1.3822	1.4	0
494	1980	159	13651.2	11.7	19.3	1.53	2	11.8
494	1980	160	9763.2	10.7	18.8	1.4246	1	6
494	1980	161	17366.4	13.3	22	1.6329	1	0
494	1980	162	9504	12.5	18.3	1.4853	2.9	1.3
494	1980	163	29548.8	12.5	22.5	1.318	3.5	0
494	1980	164	28598.4	8.8	25.9	1.1473	1.2	0
494	1980	165	28166.4	12.8	28.2	1.3962	2.2	0
494	1980	166	27302.4	16.2	33.3	1.7751	2.1	3.1
494	1980	167	18662.4	13.6	22.5	1.5091	3.9	2.1
494	1980	168	25315.2	11.5	21.1	1.2585	2.4	0.4
494	1980	169	15033.6	12.6	21.7	1.3673	2.2	10
494	1980	170	15897.6	11.3	16.6	1.3687	2.9	3
494	1980	171	18230.4	11.6	19.6	1.0974	2.7	1.9
494	1980	172	16588.8	10.9	17.4	1.0802	4.2	0
494	1980	173	6739.2	8.5	16.4	0.967	1.6	11.3
494	1980	174	23068.8	9.9	18.3	1.3499	2.7	5.5
494	1980	175	9849.6	7.8	16.5	1.2169	2.8	2.5
494	1980	176	24278.4	9.3	19.3	1.0908	2.9	6.1
494	1980	177	22291.2	10.7	16.7	1.0648	4.8	0
494	1980	178	17020.8	7.7	16.4	1.1106	2.1	6.7
494	1980	179	15033.6	9.1	13.7	1.1178	3.9	8.4
494	1980	180	15379.2	7.3	14.9	1.0826	5.3	15.7
494	1980	181	13305.6	9.5	15.1	1.1433	5.5	1
494	1980	182	20304	8.4	17.1	1.0892	3.7	0
494	1980	183	17280	6.5	17.9	1.1784	3.4	5.6
494	1980	184	6652.8	9.3	12.7	1.1017	7	5.4
494	1980	185	7516.8	10.3	13.5	1.2945	5.2	6.1
494	1980	186	18316.8	10.6	18.3	1.2822	2.1	0
494	1980	187	16934.4	8.7	21.3	1.3114	1.9	0.9
494	1980	188	21513.6	8.6	21	1.1938	2.4	0
494	1980	189	16848	10.3	21.3	1.2728	2.7	2.7
494	1980	190	8294.4	12.2	20.9	1.7112	2.9	12.1
494	1980	191	6566.4	10.6	14.8	1.379	3.2	22
494	1980	192	14947.2	10.5	16.1	1.2663	6.4	1.4
494	1980	193	6566.4	11	14.4	1.291	4.8	6.7
494	1980	194	8294.4	10.7	16.1	1.3053	3	2.8
494	1980	195	6480	10	14	1.177	4.2	3.4
494	1980	196	12960	11.3	20.9	1.4802	3.4	1.3
494	1980	197	6480	13.8	18	1.6057	2.9	9.7
494	1980	198	11491.2	12.6	17.1	1.3326	3	0.3
494	1980	199	23155.2	10.2	16.8	1.0356	2.1	0
494	1980	200	14515.2	6.8	18.6	1.0416	3	0.4
494	1980	201	9072	12.4	20.4	1.546	3.2	0.6
494	1980	202	9331.2	14.3	22	1.581	2.7	12.6
494	1980	203	8035.2	10	15.7	1.2741	7.4	4.9
494	1980	204	23155.2	8	15.1	0.9793	3.2	0
494	1980	205	28166.4	5.4	23.8	1.0789	1.3	0
494	1980	206	27734.4	8.3	26.1	1.3128	1.6	0
494	1980	207	27475.2	10.6	26.6	1.3908	1.7	0
494	1980	208	27302.4	12.2	28.1	1.4371	1.7	0
494	1980	209	15811.2	13.4	23.2	1.6589	2.5	0
494	1980	210	21254.4	15.4	25.5	1.8239	1.3	0
494	1980	211	24883.2	12.2	26.1	1.6829	2.6	2.3
494	1980	212	18230.4	15.3	22.1	1.7009	2.4	6.8
494	1980	213	24105.6	14.5	23.5	1.4917	0.8	0
494	1980	214	25833.6	11.4	26.6	1.5795	1.4	0
494	1980	215	25920	13.1	32.4	1.7399	1.2	0
494	1980	216	22809.6	15.3	33.4	1.9765	1.2	1.7
494	1980	217	23241.6	17.5	28.1	1.9668	2.8	0
494	1980	218	23760	17.6	27.1	1.833	1.7	0
494	1980	219	24278.4	17	24.8	1.4803	2.9	0
494	1980	220	26092.8	10.8	27.8	1.3634	0.8	0
494	1980	221	10281.6	15.1	21.7	1.7538	3	4.2
494	1980	222	8899.2	15.5	21.5	1.6585	2.1	0
494	1980	223	19699.2	12.8	24.3	1.6211	1.3	0
494	1980	224	21168	12.2	24.7	1.5262	0.7	2.3
494	1980	225	14601.6	13.1	20.7	1.5958	4.6	21.3
494	1980	226	11577.6	9.8	16.7	1.2926	2.3	0.1
494	1980	227	25228.8	7.7	21.9	1.1938	2.5	0
494	1980	228	24969.6	12	26.3	1.5057	1.9	0.1
494	1980	229	8035.2	15	22.1	1.7277	1.5	32.4
494	1980	230	9849.6	15.4	20.8	1.8249	2.1	0.1
494	1980	231	18316.8	16.1	24.5	1.8785	1	0
494	1980	232	19267.2	12	24.8	1.6059	0.9	3
494	1980	233	8812.8	15.4	21.6	1.5735	3.1	0
494	1980	234	22723.2	12.7	26.7	1.4893	5.7	0
494	1980	235	20908.8	11.6	19	0.9723	4.9	0
494	1980	236	18748.8	7.7	15.8	0.9234	3.3	0
494	1980	237	15552	6	15.8	0.899	2.2	0
494	1980	238	23155.2	4.4	17.6	0.8525	0.9	0
494	1980	239	18835.2	4.1	22.5	0.9307	1.3	0
494	1980	240	11491.2	13.4	22.6	1.5662	0.8	0
494	1980	241	13564.8	14.9	25	1.4893	1.1	0.5
494	1980	242	14515.2	16.6	24.4	1.7573	1.5	1.9
494	1980	243	15292.8	16.1	22.7	1.5743	3.3	8.1
494	1980	244	10540.8	12.5	16.3	1.4255	5.9	5.8
494	1980	245	6048	9.8	13.6	1.1265	3.4	0.4
494	1980	246	19785.6	5.2	17.1	0.914	2	0
494	1980	247	21340.8	2.4	23.1	1.1039	1.3	0
494	1980	248	20908.8	7.9	26.4	1.3868	2.2	0
494	1980	249	17452.8	11.1	27.5	1.6092	2.3	25.2
494	1980	250	11664	10.7	16.9	1.2924	3	0
494	1980	251	18489.6	5.8	20.6	1.1217	1.4	0
494	1980	252	19094.4	6	23.1	1.2905	0.6	0.8
494	1980	253	11232	11.4	17.4	1.3436	2.7	4.2
494	1980	254	10368	10.2	15.6	1.0999	3.1	1.4
494	1980	255	10108.8	11	16.6	1.1348	6.7	0
494	1980	256	15724.8	11.5	22.3	1.4035	3.2	0.4
494	1980	257	16416	11.7	17.6	1.1157	4.7	0.3
494	1980	258	6307.2	10.2	15.9	1.0657	4.1	0
494	1980	259	10800	6.8	18.3	1.1331	2.3	0
494	1980	260	17625.6	6.5	20.8	1.1862	1.7	0
494	1980	261	13737.6	6.8	21.8	1.221	2.3	0
494	1980	262	13996.8	12.7	21.1	1.4035	1	0
494	1980	263	16934.4	10.7	26.1	1.5425	0.9	0
494	1980	264	12096	9.8	21.3	1.5349	0.9	0
494	1980	265	13478.4	10	22.1	1.5848	0.8	0
494	1980	266	6220.8	10.5	21.1	1.6135	0.9	13.5
494	1980	267	4147.2	13.5	15.2	1.5353	1.8	8.6
494	1980	268	4060.8	12.4	16.1	1.5254	0.6	0
494	1980	269	9072	10.7	18.9	1.4964	0.8	9.7
494	1980	270	5702.4	9.8	16	1.3675	1.4	0
494	1980	271	3974.4	6.8	13	1.1457	0.9	0
494	1980	272	8380.8	9	14.9	1.215	1.5	0
494	1980	273	11836.8	5.5	16.6	1.158	0.4	0
494	1980	274	7430.4	4.5	18	1.1201	2.3	0
494	1980	275	12096	7.8	15.9	1.1099	1.5	0
494	1980	276	5097.6	7.3	13.3	1.1642	2.1	3.2
494	1980	277	14083.2	2.7	14.4	0.8792	0.9	0
494	1980	278	9504	0.5	16.1	0.9738	0.9	0
494	1980	279	6739.2	6.8	12.8	1.1017	1.2	0.3
494	1980	280	9244.8	4.6	15.6	1.0129	2.1	0
494	1980	281	3456	6.4	19.2	1.0927	4.9	7.7
494	1980	282	5097.6	7.9	11	0.9342	4.9	0.3
494	1980	283	3369.6	4.9	9.6	0.8251	2.3	2.2
494	1980	284	7776	2.5	9.6	0.7316	1.7	0
494	1980	285	3283.2	0.7	8	0.6917	2.7	1.1
494	1980	286	3196.8	5.7	7	0.9002	2.3	15.8
494	1980	287	3196.8	4.7	6.4	0.8427	4.2	11.2
494	1980	288	8640	2.3	9.4	0.7956	1.2	0.5
494	1980	289	3024	2.9	11.3	0.8974	1.9	3.1
494	1980	290	5443.2	4.3	15.8	0.9603	2	0
494	1980	291	3715.2	8.1	16.3	1.1926	3.2	5.5
494	1980	292	2937.6	6.9	8.5	0.9664	1.9	8.6
494	1980	293	4233.6	3.1	7.8	0.7918	1.9	0.8
494	1980	294	4492.8	0.2	6.7	0.6727	2.4	0
494	1980	295	10972.8	-1.1	11.8	0.7149	1.6	0
494	1980	296	8985.6	0	14.1	0.834	1.1	0
494	1980	297	4924.8	2.3	12.4	0.9231	4	0.4
494	1980	298	4492.8	3.4	14.4	0.9116	3.7	13.4
494	1980	299	2592	6.2	10	0.9715	3.9	0.7
494	1980	300	7430.4	2.1	10.4	0.7513	1.4	0
494	1980	301	10281.6	-0.9	15.5	0.7257	2	0
494	1980	302	10281.6	1.5	20.2	0.922	2	0
494	1980	303	6566.4	4.8	18.1	0.9729	4.7	0.9
494	1980	304	6566.4	1.9	9.6	0.7258	2.5	0
494	1980	305	6825.6	-2.7	6.4	0.5655	2.5	0
494	1980	306	9331.2	-1.8	3.4	0.4273	5.3	0
494	1980	307	3628.8	-3.4	-1.2	0.4077	5.5	0.1
494	1980	308	2332.8	-3.4	-1.3	0.396	4.3	0
494	1980	309	3024	-3.6	-1.6	0.4139	5.6	0.2
494	1980	310	2246.4	-3.6	-1.3	0.4645	5.3	1.3
494	1980	311	2160	-2.9	-0.3	0.5163	3.4	0.3
494	1980	312	5443.2	-0.7	5.1	0.5798	1.6	0.1
494	1980	313	6307.2	-0.9	10.6	0.7508	0.9	0
494	1980	314	2073.6	0	4.5	0.6897	1.7	0
494	1980	315	3715.2	-3.1	1.8	0.4895	2	0
494	1980	316	4838.4	-3.8	1.7	0.4527	1.2	0
494	1980	317	1987.2	-5.9	-0.6	0.4569	1.2	2.1
494	1980	318	5443.2	-5.3	4	0.5012	1.2	0
494	1980	319	3801.6	-6.6	1.6	0.4628	1.8	0.7
494	1980	320	1900.8	-3.3	8.6	0.6209	4.2	2.9
494	1980	321	1900.8	8.2	13	0.9323	6.5	2.1
494	1980	322	7171.2	3.6	14.3	0.869	3.6	0
494	1980	323	2678.4	3	11.3	0.7284	5.7	1.6
494	1980	324	2332.8	3.7	7.8	0.7074	4.5	0
494	1980	325	6998.4	4.3	15	0.9468	1.7	0
494	1980	326	5529.6	0.4	14.7	0.7694	2.6	0
494	1980	327	5011.2	0.7	11.7	0.7203	2.3	0
494	1980	328	6480	1.2	15.7	0.7627	2	0
494	1980	329	6566.4	0.8	14.2	0.7772	2	0
494	1980	330	5875.2	-0.5	10.3	0.7101	2.4	0
494	1980	331	1641.6	1.7	6.5	0.7616	2.3	3.2
494	1980	332	1641.6	-0.7	2.2	0.5677	1.3	0
494	1980	333	1987.2	-1.9	1.6	0.5258	3.2	1.2
494	1980	334	4320	-5.3	0	0.4476	2	0.7
494	1980	335	1641.6	-4.2	-0.5	0.4165	5.7	1
494	1980	336	6393.6	-12.5	-3.6	0.2401	2.9	0
494	1980	337	4406.4	-19.2	-6.4	0.1944	2.3	1.8
494	1980	338	1641.6	-7.5	-1.8	0.3723	4.6	0.8
494	1980	339	1987.2	-12.6	-1.2	0.3245	5.9	1.5
494	1980	340	1641.6	-10.3	-0.2	0.3806	6.7	8
494	1980	341	2592	-2.2	2.6	0.5703	8.1	3.2
494	1980	342	5184	-12.3	-1.9	0.298	1.8	0
494	1980	343	2073.6	-13.6	-5.6	0.2629	1.8	0
494	1980	344	6048	-15.9	-4.5	0.2113	2.4	0
494	1980	345	4492.8	-8.7	3.1	0.2785	1.8	0
494	1980	346	4838.4	-1.7	6.9	0.3683	4.3	0
494	1980	347	3542.4	-0.6	6.4	0.4815	1.3	0
494	1980	348	2160	-6.6	7.8	0.3382	3.4	1.3
494	1980	349	1987.2	3.6	9.6	0.8184	5.2	0
494	1980	350	1555.2	4.5	10.7	0.8138	6.4	2.4
494	1980	351	3542.4	2	5.6	0.6414	3	0
494	1980	352	1555.2	-3.1	2.2	0.5499	1.5	0
494	1980	353	1555.2	-5.2	3.4	0.4806	3.9	1.3
494	1980	354	1987.2	-1.8	1.1	0.5301	1.5	0
494	1980	355	2419.2	-2.4	3.3	0.4798	2.3	0
494	1980	356	2678.4	0.7	3.9	0.6489	2.8	0.9
494	1980	357	1555.2	-0.5	1.8	0.57	3.5	1.6
494	1980	358	1555.2	0	6.6	0.6811	6.3	0.6
494	1980	359	2160	5.3	10	0.8375	4.6	0
494	1980	360	1555.2	2.6	7.8	0.7517	4	1.4
494	1980	361	3369.6	-0.7	4.8	0.5807	3.4	2.8
494	1980	362	1555.2	-7.6	-0.1	0.4414	1.9	1.4
494	1980	363	1555.2	-11.4	-0.3	0.3636	1	0
494	1980	364	1555.2	-12	-5.5	0.2968	1.1	0
494	1980	365	1555.2	-11.7	-1.8	0.3467	1.5	0
494	1980	366	5961.6	-11.4	2.9	0.3971	2.5	0
