*---------------------------------------------------------------------------*
* Station name: KONSTANZ                                
* Year: 1981
* Author: Pedro Alencar                                   -999.000: NIL VALUE
* Source: ECAD 
* Comments: 
* Longitude: 47.6781, latitude: 47.6781, altitude: 443 m.
*
* Column  Daily value
* 1       station number
* 2       year
* 3       day
* 4       irradiation                   (kJ m-2 d-1)
* 5       minimum temperature           (degrees Celsius)
* 6       maximum temperature           (degrees Celsius)
* 7       early morning vapour pressure (kPa)
* 8       mean wind speed (height: 2 m) (m s-1)
* 9       precipitation                 (mm d-1)
*
** WCCDESCRIPTION=GERMANY, KONSTANZ                                
** WCCFORMAT=2
** WCCYEARNR=1981
*---------------------------------------------------------------------------*
   47.6781  9.1908    443.  -0.18 -0.55
495	1981	1	1814.4	-2.5	2.7	0.517	5.5	1.7
495	1981	2	1209.6	0	2.2	0.602	6.1	1.5
495	1981	3	1641.6	2	7.6	0.6192	9.5	11.3
495	1981	4	1555.2	0.1	5.6	0.7122	4.4	12.8
495	1981	5	4320	-2.2	1.7	0.48	5	1.5
495	1981	6	2332.8	-1.9	1.9	0.5071	4.6	3.3
495	1981	7	4060.8	-5.7	-0.5	0.4231	2.1	0.4
495	1981	8	5443.2	-9.1	-2.1	0.3424	1	0.2
495	1981	9	3542.4	-8.2	-3.1	0.321	0.6	0.5
495	1981	10	2246.4	-4.4	-0.5	0.4696	0.4	2.3
495	1981	11	1814.4	-1.6	0.2	0.4935	3.2	0.1
495	1981	12	4838.4	-2.4	2	0.4817	2	2.1
495	1981	13	2764.8	-3.8	0.5	0.4982	1.8	2
495	1981	14	5529.6	-7	0	0.3871	3.6	10.2
495	1981	15	3456	-1	2.4	0.5464	5.3	3.6
495	1981	16	4406.4	-2.5	0	0.4238	4.5	1.2
495	1981	17	4924.8	-1.6	5.3	0.5516	5.7	1.3
495	1981	18	1900.8	0.9	4	0.6048	4.6	0.3
495	1981	19	1123.2	-0.2	3.9	0.6214	4.4	4.4
495	1981	20	3628.8	-0.5	3	0.5751	2	2
495	1981	21	6825.6	-3.2	1.7	0.4339	1.1	0
495	1981	22	5616	-7.2	-2	0.3607	0.9	0
495	1981	23	5875.2	-8.5	-2.6	0.3437	1.1	0
495	1981	24	2678.4	-8.2	-5.5	0.3404	1.3	0
495	1981	25	3542.4	-7.7	-1.7	0.3752	1.1	0.8
495	1981	26	6480	-1.7	4.9	0.5966	1.8	0.6
495	1981	27	6220.8	-4	0.8	0.4729	1.1	0
495	1981	28	4060.8	-5.6	-1.9	0.4077	1.2	0
495	1981	29	2073.6	-7.8	-4.2	0.3516	1.3	0
495	1981	30	2419.2	-6.8	-4.8	0.357	1.1	0
495	1981	31	4233.6	-8.2	-4.3	0.3679	0.5	0
495	1981	32	3628.8	-7.2	-3.3	0.3971	0.7	0
495	1981	33	4492.8	-6	-2	0.441	0.6	0
495	1981	34	3888	-6.4	4	0.4702	2.1	15.6
495	1981	35	3542.4	1.3	5	0.6739	4.8	9.3
495	1981	36	6220.8	-1.9	1.6	0.5198	3.5	0.9
495	1981	37	1468.8	-0.4	3.3	0.5902	4.1	2
495	1981	38	1555.2	2.9	6.8	0.7336	3.3	0.6
495	1981	39	2764.8	5.4	7.8	0.8379	2.5	0.1
495	1981	40	5184	0.4	5.6	0.7047	1	0
495	1981	41	2419.2	0.1	5.6	0.6373	3.2	0.7
495	1981	42	6307.2	-2.4	3.7	0.5892	1	0.5
495	1981	43	7257.6	-4.1	1.2	0.4012	1.5	0
495	1981	44	10886.4	-5.3	2.1	0.3479	3.5	0
495	1981	45	10800	-5.9	2.2	0.3789	1.4	0
495	1981	46	9849.6	-6.7	2	0.4011	1	0
495	1981	47	10800	-6.6	4.3	0.3933	2.1	0
495	1981	48	3110.4	-3.2	0.8	0.3918	3.4	0
495	1981	49	4492.8	-2.6	0.8	0.3834	3.5	0
495	1981	50	3888	-3.4	-2	0.4108	2.8	0
495	1981	51	3456	-3.1	-1.3	0.39	1.1	0
495	1981	52	7257.6	-3.7	0.8	0.4122	1.3	0.4
495	1981	53	10022.4	-6.6	1.6	0.4068	1.2	0
495	1981	54	4492.8	-5.3	-1.4	0.4153	0.9	0
495	1981	55	7603.2	-6.1	3.4	0.4429	0.9	0
495	1981	56	7689.6	-4.6	3	0.4553	1.9	0
495	1981	57	3715.2	-2	1.8	0.4731	1.2	0
495	1981	58	12873.6	-6.2	6.3	0.3802	1.9	0
495	1981	59	6134.4	-5	2.6	0.4366	1.2	2.2
495	1981	60	6912	0	7.9	0.705	0.7	0.2
495	1981	61	5270.4	-0.1	6.3	0.7097	0.6	4.2
495	1981	62	4147.2	1.1	5.7	0.7249	1.6	8.8
495	1981	63	3542.4	0.2	4	0.6468	1.8	0.8
495	1981	64	7689.6	0.3	7.1	0.6449	1.2	0
495	1981	65	5097.6	-0.8	6.3	0.6402	1.4	1.7
495	1981	66	13737.6	4.2	15.2	0.8899	1.7	0
495	1981	67	3024	4.4	10.7	0.9462	2	4.9
495	1981	68	10195.2	8.2	15.9	0.9559	3.1	2.1
495	1981	69	2851.2	8.3	13.4	1.1297	2	2.4
495	1981	70	3456	6.8	17.5	1.1037	2.2	2.5
495	1981	71	4406.4	8	14	1.1279	3.6	9.7
495	1981	72	10022.4	5.8	11.9	0.8745	4.3	0.8
495	1981	73	13478.4	4.4	11.3	0.6792	4.3	0
495	1981	74	6566.4	0.9	8.3	0.6869	1.5	0
495	1981	75	6652.8	1.2	8.7	0.7213	2.2	0.7
495	1981	76	5788.8	0.8	6.6	0.7165	1.7	2.9
495	1981	77	7862.4	0.2	5.2	0.6008	1.5	1.3
495	1981	78	16761.6	-1.8	9.4	0.5131	1.6	0
495	1981	79	15811.2	-1	11.8	0.5739	1	0
495	1981	80	16588.8	2.1	16	0.6907	1.2	0
495	1981	81	13824	1.5	15.8	0.7619	3.3	0
495	1981	82	10195.2	7.6	15.3	0.9459	2.2	2.6
495	1981	83	11059.2	8.8	17.2	1.0174	4.7	2.6
495	1981	84	14515.2	11.1	19.9	1.3366	2.4	0.3
495	1981	85	5270.4	10	16.9	1.1863	3.4	6.9
495	1981	86	17625.6	3.5	17	0.7486	1.8	0
495	1981	87	17971.2	3	19.1	0.8159	1.2	0
495	1981	88	17107.2	7.4	21.2	0.928	1.6	0
495	1981	89	8380.8	8.9	15.8	1.2044	2	0.3
495	1981	90	4924.8	5.9	13.3	1.087	1	0
495	1981	91	6220.8	8.2	13.3	1.1609	1.1	0
495	1981	92	12182.4	6.6	19.3	1.2079	0.7	0.1
495	1981	93	7516.8	9	16	1.2018	1.2	0
495	1981	94	15811.2	4.6	17.2	0.9381	1	0.7
495	1981	95	2678.4	6.5	12.6	0.9762	1.5	2
495	1981	96	14169.6	4.7	16.3	0.9768	0.9	0.6
495	1981	97	19180.8	5.5	22	0.9897	1.1	0.5
495	1981	98	13132.8	10.1	19.6	1.2145	1.3	0.1
495	1981	99	15379.2	7.5	20.5	1.1975	1.3	0
495	1981	100	20736	7.4	22.2	1.1265	1.1	0
495	1981	101	15206.4	6.8	20.7	1.0526	1.2	0
495	1981	102	18057.6	11	23	1.1803	1	0
495	1981	103	21513.6	9.6	24.2	1.1151	0.9	0
495	1981	104	17798.4	9.9	22.5	1.3241	1.7	0
495	1981	105	15292.8	8.6	19.6	0.9642	1.3	0
495	1981	106	22550.4	8.2	19.1	0.8272	2.9	0
495	1981	107	24278.4	1.3	11.3	0.439	5.1	0
495	1981	108	20736	-0.7	8	0.4363	3.8	0
495	1981	109	14169.6	-1.4	8.9	0.4634	2.3	0
495	1981	110	18057.6	2.2	12.5	0.5641	2.1	0
495	1981	111	23328	1.5	14.3	0.5324	1.6	0
495	1981	112	23587.2	1.1	15.3	0.6303	1.8	0
495	1981	113	24105.6	1.1	13.9	0.6321	2	0
495	1981	114	19785.6	2.6	14	0.6565	2.6	0
495	1981	115	20131.2	2.7	15.9	0.7024	1.3	0.4
495	1981	116	16502.4	2.6	18	0.9389	3.7	6.4
495	1981	117	10281.6	1.7	7.4	0.6507	4.2	5.7
495	1981	118	8121.6	2	8.5	0.7454	3.2	2.6
495	1981	119	7689.6	3.9	8.2	0.6847	3.3	0.3
495	1981	120	13219.2	5.4	15.4	0.8317	3.6	1.6
495	1981	121	8726.4	8.8	13.5	1.0995	4	9.6
495	1981	122	9763.2	3.4	8.9	0.7934	1.2	0.1
495	1981	123	10627.2	4.2	9.4	0.6223	2.4	0.8
495	1981	124	10108.8	3.4	11.1	0.8047	3.2	5.1
495	1981	125	11232	3.8	8.9	0.7948	4	1.3
495	1981	126	8553.6	3.8	12.6	0.9238	1.5	0.6
495	1981	127	26697.6	3.6	23.5	0.9614	1.4	0
495	1981	128	18316.8	9.6	21.5	1.1821	1.2	0.1
495	1981	129	26352	8.4	25.2	1.1463	1.2	0
495	1981	130	24710.4	9.1	28	0.8745	2	0
495	1981	131	10368	8.8	20.7	1.3743	3.4	6.4
495	1981	132	15897.6	6	18.5	1.168	1.2	7.6
495	1981	133	3542.4	8.7	11	1.1297	1.9	3.3
495	1981	134	16070.4	9.5	16.2	1.2	1.4	0
495	1981	135	23760	7.2	19.3	1.1101	1.3	0
495	1981	136	18921.6	7.2	20.9	1.1854	1.8	3.7
495	1981	137	17971.2	7.8	15.5	0.9858	2.2	0
495	1981	138	26784	6.8	21.6	0.9058	0.8	0
495	1981	139	25315.2	10	24.8	0.9723	0.6	0
495	1981	140	22291.2	10.2	26.8	1.1057	0.6	0
495	1981	141	24537.6	13.8	28.9	1.3696	1.3	0
495	1981	142	4579.2	9.4	19.5	1.4795	3	9
495	1981	143	24451.2	8.8	20.6	1.1193	0.5	5
495	1981	144	9676.8	11	16.3	1.3423	1.9	2.1
495	1981	145	7171.2	9.8	16.5	1.2993	2.1	3.4
495	1981	146	3974.4	8.3	11	1.1027	1.1	31.7
495	1981	147	9763.2	6.5	13.3	1.0725	3.2	5.6
495	1981	148	20476.8	6.4	17.6	0.8967	1.5	6
495	1981	149	11232	10.4	19.2	1.4628	1.7	3.7
495	1981	150	26179.2	10.6	24.5	1.4223	0.8	0
495	1981	151	27043.2	12.4	26.7	1.3847	0.7	0
495	1981	152	27129.6	14.8	28.3	1.5404	1.2	0.1
495	1981	153	26697.6	15.2	30.1	1.7568	1.3	0
495	1981	154	15120	17.3	24.9	1.8233	1.8	2.5
495	1981	155	10022.4	11.8	20.2	1.2892	4.5	0.2
495	1981	156	27475.2	11	21	1.0895	0.8	0
495	1981	157	27475.2	10	24.4	1.2541	0.9	17
495	1981	158	26611.2	14.8	24.1	1.6018	1.3	2.3
495	1981	159	6998.4	15.9	20.2	1.8398	0.7	1.2
495	1981	160	17193.6	15.3	24.8	1.8965	1.6	4.3
495	1981	161	21168	12.8	21.3	1.5334	1.7	0
495	1981	162	29721.6	11.3	26.7	1.5575	0.9	0
495	1981	163	25315.2	13.7	27.2	1.4639	2.2	0
495	1981	164	22723.2	15	22.1	1.4504	1.5	0
495	1981	165	29548.8	12.6	27.7	1.2722	1.1	0
495	1981	166	29462.4	14.5	29.5	1.4777	0.9	3
495	1981	167	17107.2	15.6	25.6	1.5017	2.5	0.1
495	1981	168	15033.6	10.5	16.9	0.9552	2.5	0
495	1981	169	6998.4	8.2	11.7	1.0394	2.4	5.8
495	1981	170	11664	7.8	12.7	0.9607	1.2	0
495	1981	171	24105.6	5.6	17.5	0.7889	1	0.2
495	1981	172	8812.8	8.9	13.9	1.1313	1.3	4
495	1981	173	12873.6	6.9	14.3	0.9961	2.1	0.2
495	1981	174	19526.4	9.4	19.9	1.2156	3.4	0
495	1981	175	21427.2	10.6	20	1.3022	1.3	0
495	1981	176	25660.8	10.8	22.7	1.4283	1.2	1.6
495	1981	177	18662.4	13.1	20.6	1.4183	1.5	0.4
495	1981	178	27043.2	13.4	26.6	1.4238	0.9	0
495	1981	179	11318.4	14.2	24.8	1.6067	1.3	8.2
495	1981	180	15379.2	9.9	17.3	1.0735	4.9	0.1
495	1981	181	19958.4	8.1	17.4	0.9273	2.9	0
495	1981	182	29203.2	9.5	23.3	1.0989	1.1	0
495	1981	183	27475.2	10.8	27.4	1.2582	0.7	0.2
495	1981	184	5097.6	12.2	21.2	1.5187	2.7	9.5
495	1981	185	23328	10.9	22.3	1.2262	2	0
495	1981	186	25574.4	11.5	24	1.2375	0.8	0
495	1981	187	20908.8	14.1	24.4	1.6043	0.9	0
495	1981	188	27561.6	14.5	26.7	1.5502	0.8	0
495	1981	189	27907.2	15.1	28.2	1.4207	1	0
495	1981	190	26697.6	15.5	28.6	1.4823	0.8	0
495	1981	191	24451.2	16.8	28.5	1.6745	1.5	0
495	1981	192	20908.8	16.5	27.2	1.9873	2.5	10.9
495	1981	193	8553.6	15.4	19.7	1.6827	1.4	2.7
495	1981	194	9158.4	14.4	22.7	1.813	2	3.9
495	1981	195	16156.8	11.8	22.2	1.3544	1.5	0
495	1981	196	12528	14.4	21.7	1.5091	1.4	0.3
495	1981	197	21859.2	16	25	1.5647	2.6	0
495	1981	198	14515.2	16.1	21.6	1.5865	2.6	13.8
495	1981	199	4320	10.5	17.4	1.496	1.5	22.8
495	1981	200	5875.2	9.8	13.2	1.1117	3.1	0.8
495	1981	201	4147.2	10.3	13.7	1.233	3.9	1.9
495	1981	202	8640	13.2	19.6	1.4528	2.6	0.1
495	1981	203	22896	12.6	25	1.6032	1.4	1.3
495	1981	204	8467.2	12.6	18.7	1.4915	2.1	10
495	1981	205	3715.2	10.3	14.5	1.3234	0.8	13.2
495	1981	206	15120	10.1	16.6	1.2551	3.2	2.7
495	1981	207	12614.4	10.2	17.5	1.1859	2.4	3.3
495	1981	208	5875.2	10.7	17.5	1.4303	2.7	1.8
495	1981	209	20649.6	11	22.2	1.245	1.6	0
495	1981	210	27216	13.9	25.9	1.4151	1	0
495	1981	211	25574.4	12.9	27.3	1.6441	1.1	0
495	1981	212	18489.6	15.8	27.7	1.8972	0.9	0
495	1981	213	15984	17.8	28.3	1.9123	1.6	0
495	1981	214	16243.2	15.7	26.5	1.7484	1.7	0.5
495	1981	215	19267.2	17.5	27.8	2.0588	0.9	0.2
495	1981	216	25747.2	17.6	30.1	1.8886	1.2	0
495	1981	217	25920	15.9	29.7	1.7175	1.1	0
495	1981	218	24192	16.6	29.6	1.8335	1.6	6.3
495	1981	219	14515.2	17	24.8	1.9738	0.9	0
495	1981	220	20390.4	16.6	28.6	2.1894	1	17
495	1981	221	8467.2	16.5	20.4	1.8441	2.1	7.2
495	1981	222	6220.8	14.9	18.5	1.6137	2.6	0.3
495	1981	223	22032	13	23	1.5456	1.1	0
495	1981	224	21254.4	15	23.4	1.5548	1.8	0
495	1981	225	22723.2	14.6	25.4	1.5406	1.6	0
495	1981	226	23760	13.6	27.2	1.5551	1	0
495	1981	227	24105.6	13.9	28.5	1.6837	0.7	0
495	1981	228	22809.6	15.4	29.6	1.8225	1.7	6.3
495	1981	229	18489.6	14	21.3	1.27	1.8	0
495	1981	230	23673.6	9.9	23.2	1.1095	1.2	0
495	1981	231	22291.2	11.3	26	1.4381	2.1	0
495	1981	232	10713.6	13	22.6	1.4856	3.1	4.4
495	1981	233	9504	11.9	16.8	1.3393	1.9	1.8
495	1981	234	19267.2	8.8	20.8	1.2106	2.4	4.7
495	1981	235	10800	10.8	16.5	1.2643	2.2	4.7
495	1981	236	12268.8	10.2	17.6	1.2215	1	0
495	1981	237	22291.2	10	21.3	1.1186	1.1	0
495	1981	238	19094.4	8.8	22.1	1.2096	0.9	0
495	1981	239	16329.6	14.4	23	1.5071	1.2	0
495	1981	240	17280	10.9	22.8	1.3224	1	0
495	1981	241	19526.4	11.4	23.4	1.4287	1	0
495	1981	242	18748.8	12.5	23.9	1.5233	0.6	0
495	1981	243	16761.6	12	25	1.5522	1.1	2.8
495	1981	244	1728	13.6	18.2	1.732	0.9	29.6
495	1981	245	10195.2	13.2	17.6	1.5377	0.8	0.7
495	1981	246	14774.4	12.2	19.4	1.2908	2.5	0
495	1981	247	13305.6	11.1	19.8	1.1921	3.7	0
495	1981	248	14774.4	10.8	19.8	1.2848	1.5	0
495	1981	249	20131.2	9.4	23.4	1.2293	1.1	0
495	1981	250	18662.4	9.3	22.5	1.4795	1.1	0
495	1981	251	13219.2	13.9	24.6	1.7157	1.2	22.1
495	1981	252	12009.6	15.6	21.2	1.8384	1.1	5
495	1981	253	12355.2	12.2	21.8	1.6833	1.4	3
495	1981	254	11577.6	15.3	22.7	1.6234	1.8	0
495	1981	255	14774.4	13.3	23.8	1.749	1.1	2.1
495	1981	256	3801.6	12.6	16.7	1.4487	1.9	5.6
495	1981	257	10022.4	9.9	15.3	1.1806	1.9	3.5
495	1981	258	11836.8	9.8	19.2	1.3358	1.5	5.2
495	1981	259	6134.4	12.9	18.8	1.5826	1.3	1.1
495	1981	260	15292.8	14.1	21.2	1.6127	0.7	0
495	1981	261	13305.6	10.9	20.7	1.5417	1.1	1.4
495	1981	262	3369.6	13.1	16.7	1.5907	1.3	6
495	1981	263	12441.6	13	21.9	1.7319	0.8	0
495	1981	264	13996.8	14	24	1.8427	1.2	0
495	1981	265	7171.2	15	24.2	1.6167	1.6	19.4
495	1981	266	3974.4	12.5	19	1.6083	1.8	1.2
495	1981	267	3715.2	9.4	14.3	1.2486	1.5	0.1
495	1981	268	11750.4	10.5	19.4	1.3581	1	0
495	1981	269	8294.4	10.1	23.8	1.408	2	0
495	1981	270	6825.6	9.9	15.7	1.1961	1.8	0.4
495	1981	271	2246.4	8.4	11.4	1.1579	2.3	46.4
495	1981	272	4492.8	8.7	13.4	1.0659	2.5	1.7
495	1981	273	15552	7	17	1.1349	1.6	0
495	1981	274	10540.8	7.4	15.6	1.1523	1	0
495	1981	275	3369.6	8.9	13.3	1.2542	1.3	2
495	1981	276	6307.2	9	14.1	1.1562	1.6	0.3
495	1981	277	11750.4	7.9	16.8	1.0036	2.1	0
495	1981	278	12268.8	10.1	22.5	1.4251	1.3	0.1
495	1981	279	12528	10	23	1.4246	2	12
495	1981	280	11145.6	12.1	17.9	1.2603	3	0
495	1981	281	14083.2	7.1	17	1.1106	1	0
495	1981	282	8812.8	7.2	17.4	1.2433	1.5	4.8
495	1981	283	4665.6	10	14.2	1.0437	3.2	12.5
495	1981	284	6566.4	5.7	14.3	0.9202	5.6	2.7
495	1981	285	2073.6	5.7	12.7	1.0931	2.2	19
495	1981	286	9763.2	6.1	11.1	0.7593	4.1	0.4
495	1981	287	5702.4	3.2	10	0.8281	1.1	15
495	1981	288	6480	6.6	17.4	1.177	5.6	2.2
495	1981	289	8985.6	10.1	16.1	1.3252	1.9	0.2
495	1981	290	5011.2	8.7	14.2	1.2026	1	0.2
495	1981	291	7689.6	8.3	19.2	1.2882	1.4	1.8
495	1981	292	8985.6	9.7	18.3	1.1177	2.3	0
495	1981	293	8294.4	6.8	16	1.0505	3.4	4.7
495	1981	294	1296	3.1	10.4	0.9351	1.9	14.6
495	1981	295	2764.8	2.7	5.5	0.737	1.1	6
495	1981	296	5011.2	1.9	8	0.7735	2.7	0.6
495	1981	297	5702.4	2.3	8.6	0.7468	2.2	0.1
495	1981	298	6912	-0.1	8.7	0.7059	0.9	0.4
495	1981	299	2764.8	2.2	5.9	0.7099	1.9	10.4
495	1981	300	950.4	1.6	3	0.6849	2.7	12.1
495	1981	301	5875.2	1.7	10.3	0.8506	2.5	1.1
495	1981	302	10022.4	1.9	13.3	0.8347	2.2	9.4
495	1981	303	950.4	7.4	9.5	1.0612	2.1	10
495	1981	304	1900.8	9.1	14.5	1.1616	3.8	0
495	1981	305	6220.8	10.1	18.1	1.3017	1.9	0
495	1981	306	9504	10.1	18.3	1.2778	2.2	0.1
495	1981	307	7344	6	16.4	1.143	0.9	0.1
495	1981	308	4752	5.2	11.9	1.0461	0.4	0
495	1981	309	2246.4	5.2	8.8	0.9213	0.6	0
495	1981	310	7862.4	2.3	8.6	0.6569	1.2	0
495	1981	311	3888	0.2	5.5	0.6298	1.9	1.5
495	1981	312	7171.2	-2.1	3.3	0.4722	2.7	0
495	1981	313	6652.8	-4	3.4	0.4543	1.5	0
495	1981	314	7171.2	-3.7	2.7	0.4478	1.3	0
495	1981	315	2505.6	-4.2	1.6	0.4723	1.1	0.6
495	1981	316	1123.2	0.9	4.4	0.6578	2.6	0.6
495	1981	317	2419.2	3.2	7.5	0.7595	1.9	0.3
495	1981	318	3974.4	0.8	6.4	0.6008	4	1.4
495	1981	319	6134.4	-0.6	5.1	0.5388	2.3	0
495	1981	320	6739.2	-2.9	3.4	0.4355	2	0
495	1981	321	5961.6	-4.5	2.9	0.5072	0.8	3.3
495	1981	322	5961.6	1	9.5	0.7277	0.9	0.2
495	1981	323	1382.4	4.6	10.7	0.9108	1.1	0.6
495	1981	324	5356.8	4.5	11.9	0.9564	0.8	0
495	1981	325	6307.2	5.3	14.8	0.8125	3	0
495	1981	326	5788.8	7.6	15.8	0.9341	1.6	0.1
495	1981	327	4147.2	2.4	10.4	0.8264	0.9	0.3
495	1981	328	1814.4	5.2	12.5	0.8745	4.4	2.2
495	1981	329	2851.2	0.7	5.4	0.5095	3.8	0
495	1981	330	4060.8	-0.1	4.5	0.4581	3.1	0
495	1981	331	1814.4	1.5	6.1	0.5773	2.9	5.7
495	1981	332	2764.8	0.8	8	0.7276	4.2	10.9
495	1981	333	1728	0.2	2.2	0.6131	3.9	2
495	1981	334	777.6	0.4	3.6	0.6563	5.8	17.9
495	1981	335	2505.6	0.1	3.6	0.5655	5.3	0.9
495	1981	336	3974.4	0.1	3.4	0.6031	2.3	1.4
495	1981	337	2937.6	-2	1	0.4713	1.3	4
495	1981	338	1296	-2.2	3.4	0.5552	4.4	1.1
495	1981	339	3628.8	0.6	3.2	0.5325	3.5	0
495	1981	340	3196.8	-0.3	3.7	0.5111	2.4	5.4
495	1981	341	1987.2	0.1	2.9	0.6128	4.3	7.2
495	1981	342	1468.8	2.6	11.1	0.8028	7.3	10.1
495	1981	343	1123.2	-0.6	5.7	0.6899	3.4	10.6
495	1981	344	950.4	-0.5	3	0.5885	2.8	3
495	1981	345	1123.2	2	7.6	0.7912	2.4	9.6
495	1981	346	1641.6	-0.4	7	0.7043	3	3.8
495	1981	347	5356.8	-5.8	-0.4	0.3599	2.3	7.8
495	1981	348	2246.4	-3.8	7	0.6378	5.1	7.3
495	1981	349	1555.2	1.7	5	0.6835	5.6	23.4
495	1981	350	604.8	0.1	7.2	0.722	1.8	18.5
495	1981	351	2678.4	-0.9	4.3	0.6493	1.3	2.9
495	1981	352	1036.8	-0.4	1.2	0.5912	1.4	10.1
495	1981	353	2246.4	-8.5	0.4	0.385	2.1	1.2
495	1981	354	3456	-10.5	-5.7	0.3023	1	0
495	1981	355	2073.6	-7.6	-2.6	0.3891	0.7	0.6
495	1981	356	1814.4	-4	-0.9	0.4951	0.7	0.1
495	1981	357	2073.6	-1.7	2.1	0.5827	0.5	0.1
495	1981	358	3456	-0.6	5.4	0.6535	2.1	1.7
495	1981	359	1900.8	-0.4	1.9	0.5612	3.8	0.7
495	1981	360	4752	-3.2	3	0.5217	1.2	0
495	1981	361	1728	-6.8	-3	0.3908	0.9	0
495	1981	362	4838.4	-3.9	2.9	0.5126	1	0
495	1981	363	3715.2	-1.5	7.2	0.6223	2.4	0
495	1981	364	2332.8	-0.4	2.4	0.6174	1.7	0
495	1981	365	2332.8	1.4	9.2	0.6946	1.9	3.8
