*---------------------------------------------------------------------------*
* Station name: KONSTANZ                                
* Year: 1988
* Author: Pedro Alencar                                   -999.000: NIL VALUE
* Source: ECAD 
* Comments: 
* Longitude: 47.6781, latitude: 47.6781, altitude: 443 m.
*
* Column  Daily value
* 1       station number
* 2       year
* 3       day
* 4       irradiation                   (kJ m-2 d-1)
* 5       minimum temperature           (degrees Celsius)
* 6       maximum temperature           (degrees Celsius)
* 7       early morning vapour pressure (kPa)
* 8       mean wind speed (height: 2 m) (m s-1)
* 9       precipitation                 (mm d-1)
*
** WCCDESCRIPTION=GERMANY, KONSTANZ                                
** WCCFORMAT=2
** WCCYEARNR=1988
*---------------------------------------------------------------------------*
   47.6781  9.1908    443.  -0.18 -0.55
495	1988	1	1296	2.8	6.8	0.8084	1.6	0.8
495	1988	2	3369.6	4.2	11.4	0.8038	4.1	2.2
495	1988	3	3542.4	5.6	10.7	0.7149	5.6	0.3
495	1988	4	1382.4	3	8.3	0.8029	4.4	5.8
495	1988	5	5097.6	6	13.5	0.8688	3	0
495	1988	6	5184	1.3	14.2	0.8327	2.8	1.4
495	1988	7	4665.6	1.8	7.9	0.6559	3.1	0
495	1988	8	4752	-0.2	5.4	0.5745	2.3	0
495	1988	9	5356.8	-2.9	4.2	0.5444	1.2	0
495	1988	10	4406.4	-2.2	5	0.5814	0.7	0.6
495	1988	11	1036.8	1.2	5.5	0.7301	1.1	6.5
495	1988	12	4233.6	-2.6	2.3	0.556	0.9	0
495	1988	13	2592	-1.4	2	0.562	0.9	0
495	1988	14	2246.4	-2	1.8	0.552	1.1	0
495	1988	15	4665.6	-0.4	6.2	0.6546	1.3	0
495	1988	16	3196.8	-1.3	5	0.6702	0.5	0.2
495	1988	17	1987.2	-0.4	3.6	0.6721	0.9	5.6
495	1988	18	1382.4	3.2	4	0.7589	0.7	0.2
495	1988	19	1382.4	0.9	3.4	0.6848	0.7	0
495	1988	20	1555.2	-0.1	1.3	0.6126	0.6	0.2
495	1988	21	1468.8	-0.1	4	0.661	1.9	3.1
495	1988	22	4147.2	-1	5	0.5504	3.9	1.9
495	1988	23	4060.8	0.6	4.1	0.5065	3.7	0
495	1988	24	2419.2	1.2	7.9	0.6592	2.2	3.3
495	1988	25	2246.4	4.9	8.2	0.8253	2.5	4
495	1988	26	5702.4	5	11.3	0.7582	4	2.4
495	1988	27	4924.8	4.5	9.3	0.7857	1.2	0
495	1988	28	5011.2	3.3	10	0.7625	1.4	0.2
495	1988	29	3974.4	2.7	8	0.8042	2.5	2.6
495	1988	30	3974.4	2.1	5.5	0.6895	3.3	0.9
495	1988	31	4838.4	0.9	5.3	0.641	3.9	0
495	1988	32	4233.6	-1.6	5.3	0.5865	1.4	7.2
495	1988	33	7776	2.9	9.1	0.7198	5.4	0.1
495	1988	34	4838.4	4	9.8	0.5669	4.6	0
495	1988	35	7603.2	-1	10.1	0.5916	2.1	0
495	1988	36	1641.6	1.9	5.4	0.6744	1.6	3.1
495	1988	37	1468.8	3.5	6.3	0.7188	2.6	11.2
495	1988	38	1641.6	0.6	3.8	0.6944	1.8	7.8
495	1988	39	3801.6	0.7	6.4	0.6066	4.7	5.6
495	1988	40	3110.4	-0.4	8.5	0.6283	3.5	3.7
495	1988	41	6739.2	0.5	6.6	0.6224	5.5	2.2
495	1988	42	6307.2	0.8	6.5	0.6426	4.7	0.8
495	1988	43	2592	0.6	4.5	0.6605	3	1.8
495	1988	44	9936	-1.6	5.2	0.5148	1.6	0
495	1988	45	11318.4	-2.9	5.6	0.4311	1.4	0
495	1988	46	7257.6	-3.4	4.1	0.5264	0.8	0
495	1988	47	6048	-3.5	2.6	0.5617	0.7	0
495	1988	48	7171.2	-3.6	6.7	0.533	1.4	0
495	1988	49	7516.8	-1	6	0.5265	1.4	0
495	1988	50	3801.6	1.6	5.3	0.6102	3.8	0.7
495	1988	51	4838.4	-0.3	5.8	0.5658	2	0.1
495	1988	52	11750.4	-1.8	5	0.5075	1.3	0
495	1988	53	8899.2	-2.9	5.7	0.5611	0.8	0
495	1988	54	6307.2	-2.1	7.3	0.5598	3	0.2
495	1988	55	5616	-0.8	4.2	0.5457	2.8	1.7
495	1988	56	5184	-2.8	0.6	0.4229	2	1.1
495	1988	57	5961.6	-2	0.5	0.5091	3	1.8
495	1988	58	4406.4	-1.9	1.4	0.546	1	2.8
495	1988	59	4147.2	-1.4	1.7	0.5436	3.7	0.9
495	1988	60	8553.6	-1.4	2.7	0.5124	5.4	0
495	1988	61	10800	-1.6	2.6	0.4942	6.7	1.6
495	1988	62	12096	-2	4.2	0.483	3.4	0.1
495	1988	63	13219.2	-3.6	4.5	0.4229	1.5	0
495	1988	64	7430.4	-2.2	6.3	0.517	1.6	0.4
495	1988	65	4060.8	-0.4	3.6	0.6035	1.3	2.3
495	1988	66	6220.8	-2.9	2.3	0.4603	3.4	3.7
495	1988	67	6912	0.5	4.4	0.6486	3.8	3.6
495	1988	68	9936	-2	2.5	0.4666	2.5	0.1
495	1988	69	9244.8	-3.4	2.4	0.4242	0.8	0
495	1988	70	14688	-6.1	4.2	0.3877	1.5	1.7
495	1988	71	2678.4	0	3.8	0.6306	4	1.4
495	1988	72	3628.8	2	4.4	0.684	7.2	0.4
495	1988	73	2937.6	3.1	6.6	0.6473	4.6	0.2
495	1988	74	4838.4	4	7.9	0.6521	5.2	0.2
495	1988	75	12700.8	5.2	13.5	0.6813	3.5	3.7
495	1988	76	8121.6	4.8	11.8	0.8316	6	9.3
495	1988	77	2592	3	6	0.7327	4.3	7.8
495	1988	78	3888	2.4	6	0.7422	0.9	2.4
495	1988	79	8812.8	0.9	7.2	0.6773	1	1.6
495	1988	80	8726.4	4.3	14.9	0.9795	2.1	1.8
495	1988	81	2851.2	6.2	12.6	1.1079	1.9	20.8
495	1988	82	7689.6	5	9.6	0.9097	2.7	1.3
495	1988	83	3628.8	4.9	7.6	0.8179	3.7	8.9
495	1988	84	3715.2	2.1	7.2	0.7489	3.7	4.3
495	1988	85	7430.4	5.2	11.3	0.9269	6	12.8
495	1988	86	11836.8	3.8	10.5	0.8195	5.2	2.6
495	1988	87	9849.6	2.5	8.2	0.7238	5.2	3.9
495	1988	88	6307.2	2.5	6.7	0.7717	2.6	2.8
495	1988	89	13651.2	2.6	12	0.6644	1	0
495	1988	90	7776	3	11	0.721	2.3	10.8
495	1988	91	4579.2	2.3	6.8	0.7775	2.7	5.4
495	1988	92	12355.2	3	8.8	0.7427	2.6	0.4
495	1988	93	18489.6	-0.5	11.8	0.6204	1	0
495	1988	94	15379.2	1	14.6	0.7298	1.8	0
495	1988	95	11491.2	3.5	12.9	0.8042	1.2	0
495	1988	96	5616	4.7	11.2	0.8121	2.2	0
495	1988	97	9849.6	8.1	14.9	0.9761	2.3	0
495	1988	98	15379.2	4.5	15.5	0.9325	1.4	2.8
495	1988	99	6307.2	8.3	12.2	1.048	3.3	6.4
495	1988	100	11836.8	7	15.5	1.0934	1.4	19.7
495	1988	101	13132.8	2.5	9.5	0.7198	1.4	0
495	1988	102	21168	0.6	17	0.7584	1.2	0
495	1988	103	13910.4	5.9	19.9	1.0256	1.8	5.4
495	1988	104	3110.4	5.8	10	0.969	2.7	13.7
495	1988	105	23500.8	2	13.2	0.5321	2.9	0
495	1988	106	19699.2	1	15.8	0.683	1.3	0.5
495	1988	107	21340.8	8	21.4	1.0023	1.3	0
495	1988	108	7257.6	10.6	14	1.1861	1.6	2.5
495	1988	109	21945.6	7	21.5	1.071	0.9	0
495	1988	110	24192	7.8	23.9	0.9532	1.1	0
495	1988	111	6825.6	9.8	15.8	1.2552	3.1	5.2
495	1988	112	22636.8	6.2	18.2	0.937	0.8	0
495	1988	113	22809.6	6	19.9	0.9246	0.8	0
495	1988	114	19440	7.3	16.7	0.7706	2.5	0
495	1988	115	25747.2	0.7	14	0.5128	3.5	0
495	1988	116	25401.6	1.2	17.5	0.5286	1.4	0
495	1988	117	24710.4	3.6	18.2	0.5993	1.3	0
495	1988	118	14601.6	7.1	16.9	0.8407	1.6	0
495	1988	119	3974.4	7.6	11.5	0.9643	1.1	2.4
495	1988	120	20649.6	5.7	17.7	1.0166	1.3	0
495	1988	121	22377.6	7.2	19.6	1.0135	1.3	0.2
495	1988	122	22982.4	8.2	23	1.0974	1.4	0
495	1988	123	19872	10.5	22.5	1.0122	1.8	13.9
495	1988	124	16848	9.4	17	1.1671	2	2.9
495	1988	125	14256	8.2	17.4	1.137	1.8	2.4
495	1988	126	12182.4	9.6	18	1.1348	0.8	0
495	1988	127	26524.8	8.9	24.2	1.053	1.7	0
495	1988	128	18748.8	10.2	25.2	1.2538	1.2	0
495	1988	129	17020.8	14.8	25.6	1.5833	1.3	0
495	1988	130	17452.8	12.9	23.5	1.5859	1.5	19.1
495	1988	131	7516.8	12.5	16	1.4929	0.8	6.8
495	1988	132	17971.2	13	20.8	1.1728	1.9	0
495	1988	133	26524.8	7.9	24	0.9412	1.6	0
495	1988	134	24451.2	10.7	24.7	1.1931	1.3	0
495	1988	135	22896	11.3	23.5	1.1906	1.4	0
495	1988	136	22982.4	11.6	24.2	1.454	1.5	12.3
495	1988	137	14428.8	12.8	22.5	1.6329	1	2.3
495	1988	138	12268.8	13.6	20.2	1.5958	2.3	3.2
495	1988	139	13737.6	13.3	20.2	1.5045	2.5	0.9
495	1988	140	15638.4	11.3	19.2	1.3673	1.3	7.9
495	1988	141	8380.8	10	14	1.0649	2.4	0.4
495	1988	142	19094.4	5.3	15.2	0.7486	2.1	0
495	1988	143	29548.8	6.3	18.7	0.7529	2.4	0
495	1988	144	29289.6	5.8	22.8	0.8628	1	0
495	1988	145	18489.6	11.6	22.5	1.3781	0.8	0
495	1988	146	27561.6	11.1	27.5	1.2293	1.5	0
495	1988	147	26352	12.1	26.5	1.2516	1.7	0
495	1988	148	13996.8	14.3	21.3	1.4856	2	0.2
495	1988	149	12441.6	11.3	17.9	1.0955	2.9	0
495	1988	150	18489.6	8.7	20.5	1.2449	1.9	0.5
495	1988	151	26352	7.2	22	1.2283	2.2	4.2
495	1988	152	13219.2	9.4	15.5	1.0824	2.3	3.1
495	1988	153	14342.4	9.6	17.9	1.2725	2.6	4.9
495	1988	154	12009.6	10.3	18.3	1.2047	1.9	0.1
495	1988	155	25056	9.3	25.3	1.3803	1.2	5.8
495	1988	156	3628.8	11.2	17.3	1.5254	1.4	35.2
495	1988	157	3283.2	8.6	11.2	1.17	1	24.7
495	1988	158	4752	7.8	10	1.094	1.5	11.1
495	1988	159	11836.8	8.2	14.5	1.1007	0.7	0.1
495	1988	160	24969.6	9.4	20.5	1.2053	1.1	0
495	1988	161	23500.8	10.1	23.8	1.273	0.8	0
495	1988	162	20390.4	11.6	23	1.3606	1.1	0
495	1988	163	17798.4	12.7	23.7	1.6903	1.4	11.2
495	1988	164	21513.6	12.7	23.7	1.7111	0.9	0.6
495	1988	165	21513.6	13.2	21.8	1.5776	1	0.2
495	1988	166	29548.8	11.8	25.8	1.2999	1.5	0
495	1988	167	20476.8	13.2	24	1.4764	1.3	0
495	1988	168	22204.8	14.1	24.8	1.6694	1.2	0
495	1988	169	25056	13	23.7	1.2217	1.8	0
495	1988	170	28339.2	11.2	23.3	1.0025	2.1	0
495	1988	171	22723.2	12.8	24.8	1.3216	1.2	0.1
495	1988	172	21686.4	13.6	22.3	1.2326	1.7	0
495	1988	173	16848	10.4	19.8	1.0799	1	0
495	1988	174	15292.8	12	23.7	1.3677	1.3	0
495	1988	175	20649.6	13.3	20.4	1.1308	1.8	0
495	1988	176	29721.6	10.8	23.3	1.1064	2.3	0
495	1988	177	23760	11.7	22.4	1.2616	2	0
495	1988	178	18316.8	14	23.7	1.5213	1.6	0
495	1988	179	26006.4	11.8	25.5	1.5239	1.1	0.1
495	1988	180	17366.4	14	24.6	1.721	1.1	1.4
495	1988	181	26438.4	14	25.6	1.6369	1.3	10.1
495	1988	182	24364.8	15.3	27.3	1.8458	0.9	0
495	1988	183	11059.2	15.2	23.6	1.8217	2.6	4.3
495	1988	184	20995.2	11.5	22.2	1.3224	1.8	3.5
495	1988	185	13046.4	11.4	18.9	1.4273	2	9.8
495	1988	186	19353.6	13.8	22.8	1.6799	1.6	3.2
495	1988	187	26784	14.1	28.3	1.6586	2.3	12.7
495	1988	188	22377.6	13.4	24.5	1.6621	1.3	3.2
495	1988	189	21513.6	15.5	23.2	1.6815	1.3	5.4
495	1988	190	22291.2	13.3	23.5	1.6271	1.5	1
495	1988	191	25228.8	14.3	24.3	1.4528	1.9	0
495	1988	192	29116.8	12.6	26.1	1.4349	1	0
495	1988	193	27820.8	14.2	29	1.6224	1.8	2
495	1988	194	17884.8	14.7	23.5	1.8101	1.1	12.4
495	1988	195	21600	12.8	25.4	1.6997	1.4	6
495	1988	196	19612.8	13.8	20.4	1.1293	4.2	2.5
495	1988	197	17798.4	10.3	18	1.2576	3.8	0.2
495	1988	198	10195.2	12	17.8	1.3369	2.1	0
495	1988	199	14169.6	12.1	19.4	1.3224	1.7	2.2
495	1988	200	25056	13.8	24.6	1.4882	2.5	0
495	1988	201	27907.2	12.8	25.5	1.395	1	0
495	1988	202	28512	11.4	29	1.347	0.8	0
495	1988	203	23587.2	14.6	30.1	1.5904	1.2	0
495	1988	204	25142.4	17.8	29.6	2.1057	0.8	0
495	1988	205	25920	18.7	32.5	2.1291	0.9	1.8
495	1988	206	5443.2	14	25.2	2.0494	2	18.7
495	1988	207	28598.4	12	25.5	1.3175	0.9	0
495	1988	208	27475.2	14	28.7	1.5978	1.1	9.2
495	1988	209	3715.2	14.9	21.7	1.9949	1.4	14.4
495	1988	210	25574.4	12.3	25	1.5668	0.9	0
495	1988	211	16243.2	14.3	25.6	1.9081	2	2.4
495	1988	212	27388.8	12.1	23.4	1.3997	1	0
495	1988	213	26265.6	12.1	26.5	1.4528	0.9	0
495	1988	214	20908.8	13.5	26.8	1.8141	0.9	3.7
495	1988	215	19267.2	15.9	28	1.7363	2.1	4.8
495	1988	216	5702.4	14	22.8	1.8806	1.8	29.8
495	1988	217	5270.4	11	15.7	1.3317	1.5	0.1
495	1988	218	23673.6	10.2	22.3	1.273	1	0
495	1988	219	25574.4	10.7	26.4	1.3224	1	0
495	1988	220	25228.8	12.8	28.2	1.5888	0.8	0
495	1988	221	20736	15.5	29.1	1.8006	0.7	0
495	1988	222	16675.2	16.8	27.3	1.9058	1	2.4
495	1988	223	22636.8	16.1	29.8	1.8729	0.8	0.2
495	1988	224	15120	17.8	27.2	2.0402	0.8	1.1
495	1988	225	15206.4	17.7	26.3	2.1111	1.4	2.6
495	1988	226	18057.6	17.5	27	2.063	1.2	0
495	1988	227	23241.6	16.3	30.4	2.0045	0.8	0.5
495	1988	228	21945.6	19.1	29.6	2.0677	0.9	0
495	1988	229	12700.8	17.8	24.6	2.0104	1	0.5
495	1988	230	22377.6	16.4	27.2	1.7466	1	0
495	1988	231	23414.4	14.8	29.4	1.7257	0.8	0
495	1988	232	19526.4	16.4	29.8	1.8617	1.1	0.9
495	1988	233	2419.2	12.9	22.9	1.8635	2.1	14
495	1988	234	17366.4	12.8	20.7	1.5236	2.2	2.9
495	1988	235	10540.8	11.6	17	1.3024	1.2	4.6
495	1988	236	13219.2	12	18.2	1.4399	1	0.1
495	1988	237	15465.6	10.4	20.2	1.2848	1.1	3.1
495	1988	238	11750.4	11	17.1	1.2815	4.1	1.4
495	1988	239	6566.4	10.6	15.6	1.1144	2.4	2.7
495	1988	240	11664	12.2	21.7	1.6973	1.9	0.3
495	1988	241	17452.8	13.8	25.7	1.7697	1.1	25.8
495	1988	242	5184	14.9	21	1.8488	1.5	3
495	1988	243	22204.8	10.6	21	1.3266	0.7	0
495	1988	244	19008	9.9	24.2	1.5528	1.1	0
495	1988	245	17625.6	9.4	24.3	1.5141	1.3	27.3
495	1988	246	5961.6	11.1	17.5	1.4326	2.5	5.5
495	1988	247	5702.4	10	15.7	1.1704	1.8	0.4
495	1988	248	9244.8	12.8	23.2	1.5868	1.8	0.2
495	1988	249	15206.4	16	24.7	1.6935	1.9	0.1
495	1988	250	16761.6	16.2	25.4	1.7901	1.4	0
495	1988	251	20476.8	11.6	21.6	1.1319	2.8	0
495	1988	252	20304	9.1	21.5	1.2154	1.3	0
495	1988	253	18230.4	10	23.7	1.5333	0.9	0
495	1988	254	17971.2	12.9	24.6	1.7062	0.7	0
495	1988	255	14688	12.3	24.5	1.5425	1.2	0
495	1988	256	10454.4	14.6	21.3	1.5202	2.6	0
495	1988	257	3542.4	9.4	15.2	1.2004	2.5	4.1
495	1988	258	7862.4	8.4	14.2	1.1639	1.5	17.2
495	1988	259	7776	7.4	14	1.1956	0.9	7.8
495	1988	260	11232	7.6	14.4	1.0492	1.1	0
495	1988	261	7344	7.2	13.4	1.0515	0.9	0.1
495	1988	262	11664	6.8	16.2	1.1388	1	0
495	1988	263	15552	8.3	19.2	1.2568	1.7	0
495	1988	264	5529.6	11.2	15.6	1.2439	1.3	0
495	1988	265	10368	11.5	18	1.3743	0.6	0
495	1988	266	12096	9.7	21.3	1.4597	0.8	4.1
495	1988	267	7948.8	10.8	17.7	1.1846	2.2	0.1
495	1988	268	14428.8	11.5	19.4	1.2622	3.8	0
495	1988	269	7516.8	12.1	17.6	1.2145	2.8	0
495	1988	270	16070.4	10	23.5	1.3903	1.4	0
495	1988	271	13910.4	9.6	21	1.4758	1	0.1
495	1988	272	11750.4	8.7	22.5	1.3983	0.7	0
495	1988	273	4492.8	10.8	17.5	1.1931	2	3.6
495	1988	274	2419.2	8.3	11.6	1.0517	2	2
495	1988	275	6048	9.2	14.7	1.1871	2.6	0
495	1988	276	6220.8	10.9	15.4	1.2238	1.2	0
495	1988	277	7344	11.4	16.7	1.3295	0.6	1.4
495	1988	278	2851.2	9	12.6	1.1648	1.1	6.9
495	1988	279	2419.2	8.6	13	1.2425	1	6.9
495	1988	280	4838.4	9.5	13.1	1.1639	3.1	9.3
495	1988	281	10281.6	8.1	14	0.9869	5.1	6.8
495	1988	282	8553.6	5.2	11.6	0.8813	3.4	1.1
495	1988	283	13305.6	7.7	21.5	1.0125	1.9	14.7
495	1988	284	2160	10.2	18.2	1.5043	2.1	5.8
495	1988	285	4492.8	9.6	14.7	1.3018	1	3.4
495	1988	286	3369.6	11.1	14.4	1.3836	0.8	10.2
495	1988	287	11750.4	8.9	18.3	1.3224	0.9	0
495	1988	288	9849.6	10.4	18.6	1.4183	1.2	0.3
495	1988	289	8467.2	9.5	19.5	1.4513	0.7	0.2
495	1988	290	3283.2	11.6	15	1.4036	0.5	0.2
495	1988	291	3801.6	11.2	14.7	1.4167	0.5	0.3
495	1988	292	6912	9.7	18.7	1.4072	0.7	0
495	1988	293	3283.2	11.4	15.8	1.4469	1.1	4
495	1988	294	2505.6	8.1	13	1.1583	2.4	3.1
495	1988	295	10281.6	6.3	15.9	1.043	1.5	0
495	1988	296	3283.2	7	11.5	0.9334	1.7	0
495	1988	297	9676.8	8.9	16.4	1.1113	0.9	0
495	1988	298	3628.8	8.9	13.9	1.239	0.8	4.8
495	1988	299	7430.4	8.7	16.1	1.2371	0.7	0
495	1988	300	5097.6	6.1	11.5	1.0187	0.8	0.2
495	1988	301	6912	5.6	12.2	1.0484	0.6	0
495	1988	302	7516.8	7.1	17.4	1.2392	0.5	0.2
495	1988	303	1123.2	7	12.2	1.1467	1.2	11.3
495	1988	304	9158.4	2.7	11.1	0.6663	2.4	0
495	1988	305	9849.6	0.9	9.1	0.6017	2.2	0
495	1988	306	9158.4	-1.3	8.7	0.6529	1.1	0
495	1988	307	4320	1	10.7	0.7401	1	0.5
495	1988	308	6912	0.8	6.5	0.5871	2.9	0
495	1988	309	8899.2	-0.6	7.1	0.5245	3.4	0
495	1988	310	5702.4	-3	6.5	0.5892	0.8	0
495	1988	311	3456	0.9	3.2	0.6728	0.7	0
495	1988	312	1468.8	1.1	4.2	0.6874	1	0
495	1988	313	2678.4	1	5.8	0.6548	0.9	0
495	1988	314	3369.6	0.4	6.2	0.6811	0.4	0
495	1988	315	3801.6	5	11.6	0.9301	0.2	0
495	1988	316	6825.6	5.1	14.6	1.069	0.6	0
495	1988	317	1468.8	6.2	9.3	1.0119	0.3	9.2
495	1988	318	950.4	6.8	10.8	1.0753	1	8
495	1988	319	5961.6	2.8	8.3	0.7611	1.4	0.6
495	1988	320	1296	3.2	7	0.7904	0.6	0
495	1988	321	3974.4	5.2	11.1	0.8665	1	0
495	1988	322	3801.6	3.2	7.4	0.8192	0.8	0
495	1988	323	1814.4	2.4	8	0.8578	1.2	7.9
495	1988	324	2332.8	3.4	7.3	0.6881	1.8	1.1
495	1988	325	1987.2	1.6	3.7	0.6505	1.6	10.7
495	1988	326	1555.2	-4.5	1.7	0.4744	2.4	7.9
495	1988	327	3196.8	-8	-2.9	0.3178	1.5	0.4
495	1988	328	3888	-7.5	-2.4	0.3597	1	0.1
495	1988	329	5702.4	-3.1	3.4	0.4818	0.7	0
495	1988	330	5529.6	-0.3	5	0.5716	0.8	0
495	1988	331	1036.8	0	1.7	0.5913	0.8	0
495	1988	332	2246.4	-0.5	1.8	0.5764	0.7	0
495	1988	333	2505.6	-1	3.2	0.5425	2.6	0
495	1988	334	864	2.4	6.8	0.6869	4.1	0.9
495	1988	335	1296	5.6	9.2	0.9674	1.8	1.6
495	1988	336	2246.4	4.3	6.3	0.8549	0.9	0
495	1988	337	604.8	2.8	6.1	0.7973	1.2	8.3
495	1988	338	1036.8	3.8	6.4	0.8167	1.5	1.7
495	1988	339	950.4	3.2	9.8	0.8515	4.6	16.1
495	1988	340	1296	4.6	10.4	0.8497	5.1	30.4
495	1988	341	3196.8	1.5	9.9	0.7691	3.6	0.7
495	1988	342	3283.2	0	3.2	0.5623	2.9	1.6
495	1988	343	2592	-0.2	3.8	0.6052	2.1	1.4
495	1988	344	691.2	0.2	2.2	0.6331	2	8.4
495	1988	345	432	1.4	5.6	0.7536	2.2	13.7
495	1988	346	1468.8	5.2	7.2	0.8814	1.8	0
495	1988	347	518.4	2.6	6.1	0.7334	3.1	4.8
495	1988	348	2332.8	1.8	5	0.7015	1	0.1
495	1988	349	2764.8	1.9	4.7	0.6734	2	4.1
495	1988	350	1123.2	-0.8	3.1	0.5777	2.1	1.7
495	1988	351	5702.4	-5.2	1	0.3719	1.8	0
495	1988	352	3456	-5.2	-0.6	0.3949	0.7	0.1
495	1988	353	1728	-0.9	1.5	0.5495	1.3	0.2
495	1988	354	777.6	0.3	5.3	0.5752	6.5	6.4
495	1988	355	1987.2	1.4	4	0.6454	2.5	0.8
495	1988	356	2246.4	-2	2.5	0.5413	0.9	0
495	1988	357	4752	0	6.8	0.647	0.7	5
495	1988	358	2160	1.6	8	0.7568	2.1	1.6
495	1988	359	2678.4	7.4	10.8	0.8085	4.8	0
495	1988	360	5270.4	4.5	12.2	0.9003	1.9	0
495	1988	361	777.6	2	5.1	0.7405	0.7	0.2
495	1988	362	1468.8	2.9	5.4	0.6985	1.6	0
495	1988	363	3283.2	0.1	5.8	0.7022	0.9	0.4
495	1988	364	1296	0.9	2.8	0.6563	0.9	0.3
495	1988	365	1209.6	0	2.5	0.6153	0.7	0
495	1988	366	864	-1.1	0.2	0.544	0.7	0
