*---------------------------------------------------------------------------*
* Station name: KONSTANZ                                
* Year: 1995
* Author: Pedro Alencar                                   -999.000: NIL VALUE
* Source: ECAD 
* Comments: 
* Longitude: 47.6781, latitude: 47.6781, altitude: 443 m.
*
* Column  Daily value
* 1       station number
* 2       year
* 3       day
* 4       irradiation                   (kJ m-2 d-1)
* 5       minimum temperature           (degrees Celsius)
* 6       maximum temperature           (degrees Celsius)
* 7       early morning vapour pressure (kPa)
* 8       mean wind speed (height: 2 m) (m s-1)
* 9       precipitation                 (mm d-1)
*
** WCCDESCRIPTION=GERMANY, KONSTANZ                                
** WCCFORMAT=2
** WCCYEARNR=1995
*---------------------------------------------------------------------------*
   47.6781  9.1908    443.  -0.18 -0.55
495	1995	1	1382.4	-0.3	5.2	0.5611	3.6	3.8
495	1995	2	2592	-2.4	0.3	0.532	3.8	0.8
495	1995	3	3024	-3.5	1.3	0.4511	1.5	0.7
495	1995	4	5184	-6.9	-1.3	0.3429	3	0
495	1995	5	3628.8	-8.8	-4.7	0.2914	1.8	0
495	1995	6	2160	-10.4	-6.8	0.3163	1.2	0
495	1995	7	1987.2	-9	-2	0.4018	0.8	0.1
495	1995	8	3628.8	-3.2	0.1	0.4528	1.3	0
495	1995	9	1036.8	-3.3	0.7	0.5445	1.6	2.8
495	1995	10	1036.8	0.1	3.2	0.6814	5	5.7
495	1995	11	2592	-1	4.2	0.5966	4.3	1.6
495	1995	12	1468.8	-1.8	0.8	0.5361	3.3	3
495	1995	13	5097.6	-3.7	0.8	0.4232	1.4	0
495	1995	14	2419.2	-7.1	-2.5	0.4152	1.1	0
495	1995	15	2678.4	-5.9	-0.2	0.4637	0.9	0
495	1995	16	1900.8	-5.9	-3.3	0.4345	1	0
495	1995	17	2160	-5	-2.8	0.4581	0.5	0
495	1995	18	2160	-5.8	-1.3	0.4702	0.5	2
495	1995	19	6825.6	-1.3	6.8	0.6328	2.3	0
495	1995	20	5184	-1.9	5.5	0.6052	1.4	1
495	1995	21	5616	1.6	7.4	0.6906	1.7	9
495	1995	22	1728	1.8	8.9	0.8221	2.9	6
495	1995	23	1641.6	3.8	11.7	0.9486	5	5.3
495	1995	24	5875.2	2	6.5	0.6372	5.1	7.4
495	1995	25	1468.8	0.3	10.4	0.8578	6	11.7
495	1995	26	5961.6	2.9	14.2	0.8235	5.4	5
495	1995	27	6220.8	-0.3	4.3	0.4728	3.2	4.6
495	1995	28	5616	0.6	9.9	0.701	5.1	4.9
495	1995	29	2678.4	5	8.8	0.726	5.1	1.2
495	1995	30	3196.8	2.4	9.5	0.857	3.5	3.8
495	1995	31	8467.2	-3.7	5.8	0.5603	0.9	0
495	1995	32	8035.2	-1.8	10.2	0.6102	1.1	0
495	1995	33	1900.8	0.1	6.3	0.7301	1	0.2
495	1995	34	2678.4	2.7	5.9	0.7308	1.3	0
495	1995	35	2592	2.5	7	0.7285	1.5	0
495	1995	36	3024	3.6	9	0.878	1.9	0
495	1995	37	4060.8	1.7	8.9	0.7836	2.1	0
495	1995	38	9763.2	5.1	15	0.8002	2.7	0.1
495	1995	39	6998.4	6.8	13.2	0.9325	3.2	1.4
495	1995	40	2678.4	5.2	8.6	0.9945	2.4	8.4
495	1995	41	7344	3.8	9.5	0.7821	1	0
495	1995	42	9331.2	4.9	12.7	0.815	3	0
495	1995	43	6480	5	12.4	0.8769	3	0.1
495	1995	44	9244.8	2	12.1	0.7737	1.4	1
495	1995	45	5788.8	3.9	9.5	0.6671	2.6	0.7
495	1995	46	2332.8	-0.2	10.4	0.8343	1.8	3
495	1995	47	5788.8	4.9	9.8	0.759	3.7	3.9
495	1995	48	5702.4	3.2	12.1	0.7224	3.8	14.3
495	1995	49	2937.6	1.5	5.5	0.785	2.4	3.2
495	1995	50	6825.6	0.6	8.1	0.575	2.3	0
495	1995	51	4492.8	5.9	12.3	0.6815	2.6	0
495	1995	52	11577.6	2.4	16.3	0.7283	2.4	2.4
495	1995	53	10972.8	1.3	11.5	0.7591	1.5	0
495	1995	54	4838.4	1.3	5.5	0.686	3.3	0
495	1995	55	2419.2	0.4	5.6	0.682	2.4	7.6
495	1995	56	2246.4	3.8	7.1	0.8548	3.6	5.8
495	1995	57	1987.2	1.2	4.8	0.7502	1.5	2.8
495	1995	58	7948.8	-0.6	4.9	0.6348	1.5	3.1
495	1995	59	8985.6	-1.7	9.4	0.4667	1.9	0
495	1995	60	13564.8	-1.4	10.8	0.5978	1.4	0
495	1995	61	11491.2	3.4	10.6	0.6108	2.7	0
495	1995	62	2764.8	0.8	5	0.7148	2.1	9.8
495	1995	63	8467.2	0.1	4.2	0.5706	1.1	0
495	1995	64	9936	-3.9	5.7	0.5543	1.3	4
495	1995	65	10195.2	0.3	7.5	0.7267	3.8	1.8
495	1995	66	9417.6	-0.6	5.9	0.6357	2.3	0.1
495	1995	67	8640	-1.9	7.4	0.5955	2	0
495	1995	68	7516.8	-1.5	6.7	0.6555	1.6	0
495	1995	69	16243.2	-2.2	10.9	0.5333	1.5	0
495	1995	70	14428.8	-1.5	12.1	0.6412	1	0
495	1995	71	15033.6	0.1	15.5	0.698	1.5	0
495	1995	72	14428.8	1.8	9.1	0.5759	3.8	0
495	1995	73	9072	2.3	8.4	0.6076	1.8	0
495	1995	74	2505.6	2.7	7.1	0.7015	3.2	1.5
495	1995	75	12355.2	1.2	7.4	0.5564	3.1	0
495	1995	76	5097.6	-0.3	9.9	0.559	2.9	7.2
495	1995	77	2937.6	6.3	9.8	1.0435	5.3	1.7
495	1995	78	5270.4	2.4	11	0.8927	5	17.2
495	1995	79	9072	0.1	5.3	0.6676	2.9	3.1
495	1995	80	6220.8	-1.2	3.7	0.6621	2.6	1.2
495	1995	81	17452.8	-1.6	7.5	0.5436	1.3	0
495	1995	82	19008	-2.1	12.4	0.5376	1.2	0
495	1995	83	18316.8	0	16.5	0.6979	1.3	0
495	1995	84	16416	4.6	13.8	0.721	3.9	0
495	1995	85	5961.6	7.1	12	0.8334	4.2	2.7
495	1995	86	4752	-0.2	9.7	0.857	4.9	10.4
495	1995	87	15292.8	-4.6	3.9	0.405	3.5	2.6
495	1995	88	11491.2	-1.4	3.9	0.5417	4.3	1.4
495	1995	89	19612.8	-4	5.6	0.4014	1.5	0
495	1995	90	13392	-3.5	6.5	0.5447	2.2	3.4
495	1995	91	2592	1.2	7.2	0.8246	3.2	5.3
495	1995	92	18057.6	7.1	15.9	1.1117	2	0
495	1995	93	20304	3.1	18.4	0.8514	1.2	0
495	1995	94	20217.6	7.3	22.4	0.9109	2.6	0
495	1995	95	19008	7.8	21.3	1.2409	1.1	0
495	1995	96	10195.2	9.1	17	1.0507	1.8	0
495	1995	97	8985.6	9	16.3	1.0382	2.3	0.4
495	1995	98	16761.6	4.7	12.7	0.5959	3	0
495	1995	99	19008	1.9	10.1	0.5702	1.9	0
495	1995	100	10108.8	0.7	9.1	0.7448	1.2	0.3
495	1995	101	10368	4.5	13	0.9137	1.1	0
495	1995	102	18057.6	4.1	14.7	0.9547	1.7	3.1
495	1995	103	6739.2	5.4	10.9	0.8015	2.7	0
495	1995	104	17884.8	1.6	11.1	0.6608	2.4	1.4
495	1995	105	6652.8	0.9	6.8	0.7483	1.3	0.9
495	1995	106	6134.4	3.3	8.4	0.8604	1.3	3.7
495	1995	107	9676.8	3.9	11.5	0.7248	3.6	0.4
495	1995	108	7171.2	8.1	13.1	0.8812	3.5	0
495	1995	109	16934.4	5.5	17.6	1.0337	2.8	3.6
495	1995	110	7171.2	2.5	7.9	0.8489	1.7	5.4
495	1995	111	17971.2	3.1	17	0.8741	2.6	0
495	1995	112	17280	9.2	19.7	1.1014	3.4	0
495	1995	113	13910.4	8.7	19.7	1.1646	1.2	0
495	1995	114	18230.4	8.9	22.1	1.2662	1.4	0
495	1995	115	8553.6	8.3	15.8	1.3074	3.2	13.3
495	1995	116	2678.4	6.9	8.6	1.0435	4.3	4.1
495	1995	117	8640	7.5	14.9	1.2227	2.5	7.5
495	1995	118	20476.8	8.3	18.5	1.2132	1.1	0
495	1995	119	20563.2	6.7	19.7	1.1065	1.4	0.5
495	1995	120	11404.8	9.8	17.1	1.2171	1.8	0
495	1995	121	19267.2	10.5	20.5	1.2838	1.8	0
495	1995	122	21945.6	9.5	20.6	1.0764	2.9	0
495	1995	123	27043.2	6.1	22.9	0.8905	1.4	0
495	1995	124	24710.4	6.3	22.9	0.8299	1.1	0
495	1995	125	27129.6	7.6	24.4	0.8352	1.4	0
495	1995	126	26956.8	8.9	26.3	1.1454	1.1	0
495	1995	127	24192	10	26.9	1.2718	1.1	0
495	1995	128	17884.8	12.6	24.3	1.5474	2.5	16.2
495	1995	129	19526.4	12.1	19.4	1.1437	2.2	0
495	1995	130	14947.2	8.8	16.2	0.8688	1.5	0
495	1995	131	20304	6.8	18.3	0.9152	1.4	0.3
495	1995	132	9331.2	9.5	15.1	1.2719	1.9	9.6
495	1995	133	4060.8	2.9	11.8	1.0257	3.2	35
495	1995	134	7689.6	2.7	8.3	0.8126	1.8	2.1
495	1995	135	27820.8	1.8	15.6	0.7195	1.1	0.6
495	1995	136	9331.2	7.2	15.7	1.2161	1.3	2.6
495	1995	137	20390.4	9.8	19.2	1.006	4.2	2.3
495	1995	138	8294.4	7.8	14.6	1.329	2	8.9
495	1995	139	9072	6.2	12.4	0.9717	1	1.7
495	1995	140	17452.8	5.8	13.2	0.973	1.3	0.4
495	1995	141	12787.2	5.4	14.1	0.905	1.2	0
495	1995	142	28944	5.1	19.8	0.7793	1.6	0
495	1995	143	27561.6	6.4	23.4	0.88	1.2	0
495	1995	144	25228.8	9.8	24.9	1.0484	0.8	0
495	1995	145	27388.8	14.1	28.8	1.3269	1.5	0
495	1995	146	7171.2	13.4	21	1.7439	1.4	19.3
495	1995	147	12614.4	13.4	20.7	1.6692	2.2	0.3
495	1995	148	29721.6	10.2	26.8	1.127	1.1	0
495	1995	149	17280	11.8	23.2	1.4977	1.7	17.4
495	1995	150	9417.6	14.1	18.1	1.6995	1.1	22.6
495	1995	151	2073.6	11.6	14.2	1.4864	1.8	34.6
495	1995	152	3024	9.9	12.5	1.329	2.6	22.9
495	1995	153	16156.8	9.3	16.6	1.2676	1.1	0.1
495	1995	154	25660.8	10.2	20.7	1.2096	1.1	3.1
495	1995	155	17280	11.8	19.6	1.4072	1.7	4.2
495	1995	156	7084.8	10.3	14	1.3302	1.2	27.6
495	1995	157	5788.8	9.5	14.3	1.392	2	1.7
495	1995	158	24969.6	10.9	20	1.2972	1.1	0
495	1995	159	15811.2	11.5	21.2	1.4296	1.2	13
495	1995	160	13737.6	8.8	14.6	1.2226	1.5	7.2
495	1995	161	23673.6	7.5	20.6	1.2495	1.2	24.7
495	1995	162	8208	9.7	12.8	1.2134	1.2	5.2
495	1995	163	11750.4	9.1	16.1	1.2389	1.1	20.3
495	1995	164	14428.8	9.3	16.3	1.2847	1.5	3.6
495	1995	165	10627.2	9.2	13.7	1.2296	1.6	1.2
495	1995	166	24537.6	9.8	19.6	1.0692	1.3	0.1
495	1995	167	18576	9.9	18.3	1.0767	2.1	0
495	1995	168	23155.2	9.5	23.6	1.1283	1.6	0.6
495	1995	169	10368	13.3	19.5	1.4715	2.5	1.9
495	1995	170	27475.2	13.7	26.5	1.6206	1.2	0
495	1995	171	29289.6	13.9	30.1	1.6889	1	7.9
495	1995	172	9072	16.5	22.4	2.0304	1.3	11.5
495	1995	173	10368	14	18.6	1.3326	1.9	0
495	1995	174	13478.4	10.3	14.3	1.0289	1.9	1.4
495	1995	175	13651.2	9.5	16.9	1.1823	1.8	1.6
495	1995	176	17107.2	10.7	20.1	1.3979	1.1	0
495	1995	177	27561.6	12.9	26.1	1.5388	1.4	0
495	1995	178	28512	15.6	27	1.5171	3.4	0
495	1995	179	29116.8	17.2	27.9	1.5279	2.7	0
495	1995	180	29808	13.6	28.1	1.2052	2	0
495	1995	181	30153.6	13.8	29.8	1.4599	1.2	0
495	1995	182	22377.6	14.9	30.1	1.877	1.1	1.3
495	1995	183	21945.6	16.6	28.6	1.9978	1.3	10.6
495	1995	184	7776	15	21	1.8134	1.5	3.7
495	1995	185	20649.6	14.3	24.4	1.547	2.3	0
495	1995	186	19612.8	15.1	23.5	1.3634	1.2	0
495	1995	187	25401.6	14	25.5	1.402	1.4	0
495	1995	188	27820.8	13.6	28.1	1.4758	1	0
495	1995	189	27734.4	15.6	30.8	1.7595	0.9	0
495	1995	190	26524.8	18.2	31.5	1.9737	1.1	0
495	1995	191	28080	18.8	33.1	1.9061	1.1	0
495	1995	192	23673.6	17.2	31	1.9771	1.4	0.8
495	1995	193	23414.4	16.7	28	1.9947	1.1	0
495	1995	194	27734.4	17.9	31.4	1.9812	1.2	6.4
495	1995	195	23414.4	16.8	28.4	2.1073	2.1	10.7
495	1995	196	21254.4	15.6	25.5	1.8835	1.2	18.3
495	1995	197	15292.8	15.9	23.1	1.8783	2.2	0.9
495	1995	198	23932.8	13.8	25.6	1.6268	1	0.7
495	1995	199	20908.8	16.2	26.1	1.6285	1.7	0
495	1995	200	28166.4	16.1	29.3	1.7622	1.2	0
495	1995	201	27907.2	17.7	32.1	1.9795	1.2	0
495	1995	202	26092.8	19.2	34.3	2.1382	1.2	0
495	1995	203	23500.8	19	33.7	2.6363	1.5	8.6
495	1995	204	8035.2	15.7	20.3	1.628	2.4	0
495	1995	205	6912	15.8	20.2	1.5868	2	0
495	1995	206	24624	16.7	28.3	1.7681	1.3	0
495	1995	207	25574.4	16.8	31.6	1.9889	1.1	0
495	1995	208	13910.4	20.1	27.5	2.1184	1.7	0.1
495	1995	209	17452.8	17.8	26	2.2556	1.4	6
495	1995	210	26524.8	16	27.1	1.8229	1.3	0
495	1995	211	25488	16.1	28.4	1.5808	1.7	0
495	1995	212	25833.6	16	29.9	1.6213	1.2	0
495	1995	213	25488	16.4	29.5	1.8729	1.1	0
495	1995	214	23155.2	17.1	29.4	1.7932	1.2	0
495	1995	215	26697.6	14.9	30	1.3831	1.2	0
495	1995	216	26438.4	14.9	29.9	1.4871	1.1	0
495	1995	217	26092.8	15.2	31.5	1.575	1	0
495	1995	218	19785.6	16.5	30	1.7932	1.6	0.4
495	1995	219	11836.8	17.9	23.6	2.1024	1.2	34.8
495	1995	220	16761.6	15.8	24.6	1.8906	2.2	0.3
495	1995	221	3024	14.9	17.8	1.6153	2.2	1.8
495	1995	222	15552	14.2	24.4	1.6987	1.6	0
495	1995	223	22032	14	29.7	1.8304	1.3	0
495	1995	224	15897.6	19.1	27	2.053	1.7	0
495	1995	225	6652.8	18	22.3	2.2617	1.4	2.3
495	1995	226	13651.2	16.7	24.1	2.1772	1.5	2.8
495	1995	227	20304	15.1	24.5	1.5677	1.7	0
495	1995	228	16243.2	13.7	23.6	1.5239	1.2	0
495	1995	229	17884.8	13.4	23.1	1.3816	3.1	0
495	1995	230	20476.8	12.7	24.9	1.6032	1.3	0
495	1995	231	20649.6	14.5	26.6	2.0042	1.1	1.1
495	1995	232	16156.8	16.3	25.7	1.9859	0.9	0
495	1995	233	17020.8	16.4	25.6	1.8866	1.6	0
495	1995	234	20822.4	16.8	27	1.9409	1.6	0
495	1995	235	18835.2	18.1	28.1	1.8335	1.9	15.5
495	1995	236	8812.8	16.1	21.6	1.956	1.8	0.9
495	1995	237	14515.2	15.6	24.5	1.9199	2	4.5
495	1995	238	16243.2	15.3	24.1	1.6497	2.8	0.3
495	1995	239	12528	14.3	21	1.6329	2.7	23.8
495	1995	240	11923.2	9.1	15.7	1.2803	3.1	9.5
495	1995	241	4492.8	9.8	11.9	1.2985	3	7.6
495	1995	242	11145.6	8.3	13.7	1.1804	1.5	2.4
495	1995	243	7084.8	7.2	13.4	1.1517	1.3	1.3
495	1995	244	2764.8	7.8	13	1.109	1.7	0
495	1995	245	15724.8	11.3	19.2	1.1769	2.2	0
495	1995	246	10800	10.2	20.3	1.6788	2	3.7
495	1995	247	15120	8.8	15.9	1.19	2.8	0.2
495	1995	248	14860.8	6.3	17.3	1.0509	0.9	0
495	1995	249	18316.8	9.6	20.9	1.3846	1.1	0
495	1995	250	10627.2	10.6	23.1	1.6291	1.8	0.8
495	1995	251	6393.6	10.6	16.7	1.4204	2.3	5.1
495	1995	252	12960	11.1	18	1.3732	2.9	0.2
495	1995	253	13219.2	8.2	19.5	1.2334	1	0
495	1995	254	8726.4	10.8	21.7	1.5682	1.1	5.2
495	1995	255	13478.4	13.1	22.7	1.6792	1.6	4.7
495	1995	256	2678.4	12	15.2	1.5558	1.4	12.4
495	1995	257	3801.6	11.2	14.4	1.4324	1.3	0.3
495	1995	258	8208	9.8	15.9	1.3186	1.3	0.4
495	1995	259	14860.8	8.6	19.8	1.3263	0.9	0.5
495	1995	260	18057.6	10.7	20.8	1.376	1.1	0
495	1995	261	13651.2	9.3	20.8	1.4352	0.9	0
495	1995	262	4060.8	12.1	15.7	1.5229	1.5	1.5
495	1995	263	6912	10.3	17.3	1.4343	2.4	6.2
495	1995	264	4665.6	9.7	14.2	1.2709	1.3	1.7
495	1995	265	17020.8	6.8	17.3	1.1106	1.2	0
495	1995	266	15379.2	7.2	19.3	1.2014	1	0
495	1995	267	8640	8.7	16.7	1.2323	1.1	2
495	1995	268	7776	9.5	14	1.1991	1.7	1.4
495	1995	269	8380.8	8.7	15.9	1.1575	1.6	0
495	1995	270	10627.2	7.9	20	1.2255	3.4	9.3
495	1995	271	9936	7.6	14	0.9189	1.7	0.5
495	1995	272	13478.4	5.6	13.8	0.9019	1.5	0
495	1995	273	8467.2	3	11.9	0.8158	1.2	0
495	1995	274	2332.8	6.7	11.5	1.1204	1.1	1.4
495	1995	275	12700.8	10	20.9	1.5427	0.9	0
495	1995	276	7084.8	9.7	18.6	1.4994	0.9	0.2
495	1995	277	11750.4	13	22.8	1.6792	0.7	0
495	1995	278	12182.4	13.2	22.7	1.5612	1.5	0
495	1995	279	6134.4	14	18.3	1.6132	1	0
495	1995	280	8985.6	11.6	19.2	1.6076	0.8	0
495	1995	281	8467.2	11.5	19.7	1.5576	0.9	0
495	1995	282	5529.6	10.9	16.7	1.5288	0.7	0.4
495	1995	283	3369.6	12.2	15.7	1.5915	0.8	0.3
495	1995	284	5961.6	12.2	16.9	1.5718	0.9	0.5
495	1995	285	2332.8	12.3	14.6	1.5407	0.6	0.1
495	1995	286	2505.6	13.1	15.3	1.569	0.9	0.1
495	1995	287	2073.6	12.9	14.1	1.4839	0.9	0
495	1995	288	6220.8	12.1	17.6	1.5181	0.9	0
495	1995	289	8121.6	10.2	17.8	1.3412	1.4	0
495	1995	290	7344	10.9	17.2	1.3936	1.1	0.1
495	1995	291	6134.4	9.5	15.2	1.3334	0.7	0.1
495	1995	292	5702.4	12	18.5	1.4884	0.9	0.3
495	1995	293	6652.8	9.9	14.6	1.0825	1.4	0
495	1995	294	5529.6	5.2	12.7	0.9719	2.6	0
495	1995	295	8553.6	6.1	12.3	0.9419	1.6	0
495	1995	296	6220.8	5.8	13.1	1.0643	1	0
495	1995	297	3110.4	7.4	10.3	1.0789	0.7	0
495	1995	298	8121.6	6.9	14.5	1.0542	1.1	0
495	1995	299	6825.6	7.9	15.4	1.2323	1	0
495	1995	300	5356.8	7.7	14.6	1.2319	0.8	0.2
495	1995	301	7603.2	10.6	18.2	1.4583	1	3.7
495	1995	302	3110.4	10.9	14.1	1.4335	0.9	1.7
495	1995	303	5184	11.5	16.6	1.4577	0.8	0.9
495	1995	304	4320	11.1	14.8	1.3123	1	0
495	1995	305	3628.8	8.4	12.8	1.1749	1.8	7.8
495	1995	306	4492.8	3.9	9.4	0.7723	1.9	0.5
495	1995	307	1900.8	4.3	7.9	0.753	4.7	2.4
495	1995	308	3888	-1.2	4.8	0.5009	2	0.1
495	1995	309	7776	-2.3	4.5	0.4499	1.5	0
495	1995	310	5616	-3.7	2.5	0.4036	1.1	0
495	1995	311	4752	-2.5	6.2	0.5236	0.6	0
495	1995	312	4924.8	1.4	9.3	0.6702	0.6	0
495	1995	313	5961.6	0.9	11.2	0.7785	1	0
495	1995	314	3283.2	1.7	7	0.7917	1.1	0
495	1995	315	6652.8	4.1	13	0.9126	1.4	0
495	1995	316	7344	2	14.3	0.9098	1.3	0
495	1995	317	2764.8	3.4	8	0.8698	0.9	1.3
495	1995	318	1036.8	6.6	9.5	1.0758	1.2	0.1
495	1995	319	3628.8	5.5	9.9	0.9979	0.9	4.3
495	1995	320	691.2	7.9	10.3	1.155	1.5	46.4
495	1995	321	1468.8	3.7	10.6	0.9207	3	8.5
495	1995	322	2332.8	-2.2	4	0.6391	2.6	2
495	1995	323	2332.8	-3	1.2	0.5207	3.6	1.7
495	1995	324	2505.6	-1	3.5	0.642	2.5	3.6
495	1995	325	4147.2	-4.1	0	0.4679	1.4	0
495	1995	326	1814.4	-4	0.9	0.5455	0.5	0
495	1995	327	4147.2	0.5	4.9	0.727	0.7	0
495	1995	328	5184	2.4	7.8	0.8167	1.1	0
495	1995	329	1728	2.2	4.3	0.7636	0.7	0
495	1995	330	5788.8	0.2	8.1	0.7149	1	0
495	1995	331	864	-0.8	2.3	0.6451	1	1.4
495	1995	332	1036.8	2.3	4.8	0.7878	0.6	8.8
495	1995	333	1382.4	4.4	6.5	0.8638	0.8	0
495	1995	334	950.4	3.1	5.6	0.7	1.8	0
495	1995	335	5097.6	0.3	7.3	0.6655	1.1	0
495	1995	336	3110.4	-0.4	7	0.7043	0.8	0
495	1995	337	777.6	1	4.3	0.6874	1.4	0.3
495	1995	338	1814.4	-2	1.8	0.4792	2.9	0
495	1995	339	1987.2	-1.7	0.7	0.4065	3.3	0
495	1995	340	2419.2	-3.8	0.3	0.3924	1.9	0
495	1995	341	1382.4	-4.5	-1.2	0.4311	1.2	0
495	1995	342	3456	-3.2	2.2	0.5302	1.4	0
495	1995	343	1468.8	-2.3	-0.4	0.5536	1	0
495	1995	344	1209.6	-2.2	-0.7	0.5276	1.1	0
495	1995	345	1036.8	-1.7	0.1	0.5533	0.9	0.3
495	1995	346	777.6	-1	1.3	0.5559	1.6	0.5
495	1995	347	3801.6	-2.4	1	0.4355	4.9	0.4
495	1995	348	1036.8	-4.1	-1.5	0.4277	3.8	1.4
495	1995	349	1468.8	-5.9	-2	0.4244	1.3	0
495	1995	350	2678.4	-4.9	1.1	0.4891	0.9	0
495	1995	351	1209.6	-1.7	0.5	0.5849	0.9	4.6
495	1995	352	691.2	0.5	3.2	0.6982	1.7	5.7
495	1995	353	950.4	1.1	2.7	0.7007	1	0
495	1995	354	950.4	0.9	6.9	0.6944	2.3	12.5
495	1995	355	864	2.8	5.4	0.8189	1.1	4.5
495	1995	356	1209.6	2.3	8.5	0.8967	1.5	14.6
495	1995	357	2073.6	5.5	12.3	0.9572	3.6	1.5
495	1995	358	1296	6.6	9.9	0.9924	3.1	36.5
495	1995	359	604.8	5	6.8	0.9283	2.1	23.5
495	1995	360	777.6	-1	5.2	0.7108	1.7	10.5
495	1995	361	3110.4	-4	1.3	0.4706	1.6	0
495	1995	362	2764.8	-6.4	-3.9	0.3376	2.5	0
495	1995	363	1987.2	-6.7	-4.8	0.3265	1.9	0
495	1995	364	1900.8	-5.4	-1.4	0.4232	1.1	0.8
495	1995	365	1123.2	-2.5	-0.2	0.5536	0.9	0.1
