*---------------------------------------------------------------------------*
* Station name: KEMPTEN                                 
* Year: 2015
* Author: Pedro Alencar                                   -999.000: NIL VALUE
* Source: ECAD 
* Comments: 
* Longitude: 47.7242, latitude: 47.7242, altitude: 705 m.
*
* Column  Daily value
* 1       station number
* 2       year
* 3       day
* 4       irradiation                   (kJ m-2 d-1)
* 5       minimum temperature           (degrees Celsius)
* 6       maximum temperature           (degrees Celsius)
* 7       early morning vapour pressure (kPa)
* 8       mean wind speed (height: 2 m) (m s-1)
* 9       precipitation                 (mm d-1)
*
** WCCDESCRIPTION=GERMANY, KEMPTEN                                 
** WCCFORMAT=2
** WCCYEARNR=2015
*---------------------------------------------------------------------------*
   47.7242  10.3364    705.  -0.18 -0.55
496	2015	1	6307.2	-13	-1.5	0.3123	1.5	0
496	2015	2	3888	-9.2	6.4	0.4854	2.6	6.8
496	2015	3	2160	0.9	7.8	0.775	3.6	30.7
496	2015	4	3369.6	-0.7	2.8	0.5274	2.6	0.1
496	2015	5	6134.4	-4.1	6.4	0.4913	1.8	0
496	2015	6	6220.8	-5.3	6.5	0.4531	1.8	0
496	2015	7	2419.2	-0.5	4.5	0.5152	2.2	0
496	2015	8	2592	-0.9	7.7	0.5301	3.5	1.8
496	2015	9	1900.8	4.9	9	0.7684	5.7	12.1
496	2015	10	6307.2	8.6	14.5	0.9657	7	9
496	2015	11	3456	0	10.5	0.7277	5	6.5
496	2015	12	2505.6	1	7.7	0.4833	3.5	0
496	2015	13	6998.4	-1.5	12.4	0.4679	2.7	0
496	2015	14	2073.6	-0.2	8.4	0.6469	3.6	9.5
496	2015	15	4838.4	-1.8	7.3	0.5955	2.1	0
496	2015	16	3542.4	-3	7.1	0.5737	1.7	4.9
496	2015	17	2073.6	0	4.4	0.6801	1.3	15.8
496	2015	18	2160	-2.2	0.9	0.5303	1.3	0
496	2015	19	7344	-7.7	3.4	0.454	1.5	0
496	2015	20	2505.6	-5.6	2	0.482	1.2	0
496	2015	21	3196.8	-3.2	-0.2	0.4586	1.9	0
496	2015	22	2246.4	-3.5	0.4	0.491	1.1	0
496	2015	23	2246.4	-2	-0.4	0.5094	1.5	0.1
496	2015	24	2332.8	-1.8	0.6	0.5147	1.5	3.1
496	2015	25	2332.8	-3.7	0	0.4482	1.7	0.7
496	2015	26	6048	-3.8	1.1	0.4263	2.6	3.7
496	2015	27	3283.2	-1.1	1.7	0.5308	2.9	3
496	2015	28	5616	-3.7	2	0.4594	2.6	9.4
496	2015	29	2505.6	-1.8	1.6	0.558	2.6	6.5
496	2015	30	2505.6	-2.8	0.4	0.4702	3.9	2.4
496	2015	31	7689.6	-2.1	2.6	0.4791	2.8	0
496	2015	32	4406.4	-6.1	0.6	0.4193	3.1	7.1
496	2015	33	3024	-3.6	0.3	0.4765	3.1	6.3
496	2015	34	8553.6	-10	-0.9	0.3422	1.6	0
496	2015	35	7516.8	-7.3	-1.5	0.3485	2.2	0
496	2015	36	2764.8	-5.5	-3.5	0.3678	3	0.1
496	2015	37	2764.8	-6.4	-3.5	0.347	3.8	0
496	2015	38	6566.4	-11.5	-2.8	0.2825	2.4	0
496	2015	39	3283.2	-11.7	-1.2	0.3246	2.3	2.5
496	2015	40	2937.6	-12.6	-0.1	0.2853	2.6	0
496	2015	41	10454.4	-10.1	4.6	0.3943	1.7	0
496	2015	42	9676.8	-10.3	6.2	0.4364	1.3	0
496	2015	43	10800	-12.9	9.5	0.4154	1.3	0
496	2015	44	10972.8	-10.9	9	0.4048	1.8	0
496	2015	45	5788.8	-7	4.6	0.4086	1.8	0
496	2015	46	9072	-9	0.7	0.3821	1.3	0
496	2015	47	11404.8	-11.9	6.8	0.3952	1.3	0
496	2015	48	10454.4	-10.7	2.2	0.3882	1.7	0
496	2015	49	3283.2	-3.4	-0.9	0.4593	1.7	0
496	2015	50	10627.2	-5.9	6	0.466	1.7	0
496	2015	51	12268.8	-5.7	11.5	0.4213	2.1	0
496	2015	52	3974.4	-8.4	7.2	0.427	1.7	5.9
496	2015	53	3542.4	-1.7	0.9	0.5401	1.3	0.9
496	2015	54	7084.8	-7.3	4.2	0.4855	2.3	5
496	2015	55	3628.8	-2.4	3.3	0.4987	2.7	0.2
496	2015	56	5788.8	-5.5	4.7	0.4807	1.9	0
496	2015	57	13392	-8.1	5.9	0.4116	2	0
496	2015	58	4320	-9	1.6	0.3952	2.3	8
496	2015	59	8985.6	-2.5	4.3	0.5674	1.1	0
496	2015	60	3974.4	-3.8	8.1	0.6063	2.8	13.3
496	2015	61	3974.4	0.1	7.5	0.6815	4.9	12.2
496	2015	62	14428.8	-2.1	8.2	0.4715	2.9	3.3
496	2015	63	4838.4	-0.9	5	0.5737	2.1	0.5
496	2015	64	4924.8	-1.6	1.8	0.4985	1.8	0.7
496	2015	65	15811.2	-4.9	5.5	0.4371	1.7	0
496	2015	66	15811.2	-5.9	10.2	0.4779	2	0
496	2015	67	16156.8	-4.5	14.2	0.5782	2.1	0
496	2015	68	15897.6	-2.2	13.8	0.6085	1.7	0
496	2015	69	14860.8	-2.5	13.8	0.5748	2	0.4
496	2015	70	8294.4	-3.1	7.3	0.5899	1.5	3.3
496	2015	71	15984	-5.1	7.1	0.4795	1.9	0
496	2015	72	15465.6	-4.6	7.2	0.5034	1.5	0
496	2015	73	12268.8	-5.4	6.7	0.4996	1.7	0
496	2015	74	14515.2	-1.1	9.8	0.65	1.9	0
496	2015	75	6566.4	-0.8	12.3	0.6339	1.6	0
496	2015	76	12960	1.3	17.5	0.6954	2.2	0
496	2015	77	17798.4	1.4	16.3	0.7155	2	0
496	2015	78	18576	-1	14.6	0.6618	1.6	0
496	2015	79	18921.6	-2.2	14.3	0.6191	1.8	0
496	2015	80	7344	0.5	11.5	0.7385	2.3	13.1
496	2015	81	5184	0.3	3.9	0.6468	2.1	0.1
496	2015	82	13651.2	0.8	9.5	0.7138	1.6	0
496	2015	83	17193.6	-0.9	15.9	0.7046	1.8	0
496	2015	84	14601.6	0	16	0.7183	2.3	0.1
496	2015	85	5443.2	3	6.2	0.6954	2.8	1.7
496	2015	86	8985.6	1.8	7.3	0.693	2.6	1.3
496	2015	87	18662.4	1.2	12.6	0.6464	2.8	0.2
496	2015	88	7344	6.5	11	0.9137	5.2	23
496	2015	89	7862.4	5	9.1	0.7838	5.6	14.3
496	2015	90	9331.2	4.6	14.4	0.8306	7.8	6.3
496	2015	91	8985.6	-0.8	5.5	0.5427	5.3	5.5
496	2015	92	5788.8	0.6	4.7	0.6578	4.9	16.7
496	2015	93	17971.2	-0.4	9.2	0.5687	2.2	4.4
496	2015	94	5961.6	0.7	3.6	0.6705	1.2	10.4
496	2015	95	10800	-3.9	4.3	0.5145	2	0.2
496	2015	96	12700.8	-4	4.1	0.4967	2	1.1
496	2015	97	22982.4	-5.4	7.7	0.4581	1.9	0
496	2015	98	22982.4	-2.8	13.6	0.5021	2	0
496	2015	99	23500.8	-2.3	18.4	0.6455	2.2	0
496	2015	100	22896	4.6	20.9	0.7065	2.5	0
496	2015	101	12268.8	6.7	15.7	0.7576	3.2	0.2
496	2015	102	22550.4	5.7	18.8	0.9116	2.1	0
496	2015	103	17452.8	5.1	18	0.8569	2.9	0
496	2015	104	23932.8	4.2	18.3	0.7867	2.6	0
496	2015	105	24278.4	3.7	22.6	0.7101	2.3	0
496	2015	106	19785.6	6.9	22.2	0.7114	2.6	1.4
496	2015	107	6652.8	5.8	12.9	1.0219	2.5	18.1
496	2015	108	15897.6	-0.4	9.6	0.5428	2.5	0
496	2015	109	25401.6	-2.3	14.8	0.5421	2.1	0
496	2015	110	25488	-1.3	15.8	0.6112	2.1	0
496	2015	111	25747.2	-0.1	18.5	0.6744	2.1	0
496	2015	112	25920	2.3	21	0.6572	2.5	0
496	2015	113	25747.2	-0.6	12.7	0.6191	1.9	0
496	2015	114	25920	-1.7	19.4	0.6928	2.6	0
496	2015	115	14083.2	3.8	18.5	0.8875	2.6	4.4
496	2015	116	22809.6	8.2	19.6	1.1422	1.9	0
496	2015	117	20044.8	4.8	20.6	1.0856	2	20.2
496	2015	118	8294.4	0.8	10.8	0.8297	2.5	3.5
496	2015	119	25488	-0.8	15.2	0.7208	2.1	0.1
496	2015	120	17452.8	6.7	15.3	0.8263	3.2	6.6
496	2015	121	7344	6.9	12.6	1.098	2.5	21.4
496	2015	122	12528	8.2	16.2	1.2493	2.3	23.3
496	2015	123	7430.4	8.9	16.9	1.308	2.2	9.2
496	2015	124	12441.6	12.5	19.8	1.5216	2.1	0.1
496	2015	125	13737.6	11.9	25.3	1.4336	2.6	5.6
496	2015	126	17625.6	8.3	16.8	1.1186	2	9.2
496	2015	127	23760	5.9	18	0.8798	2.4	0
496	2015	128	26870.4	6.3	22.9	1.0125	2.5	0.8
496	2015	129	13132.8	10.8	17.2	1.1975	3	0.7
496	2015	130	25142.4	6.2	19.5	0.9037	2.7	0
496	2015	131	27302.4	5	24.8	0.9815	2	0
496	2015	132	26006.4	9.1	26.9	0.9892	2.8	0
496	2015	133	22982.4	13.1	24.7	1.4171	2.5	6.1
496	2015	134	18230.4	11.6	19.4	1.3366	2.5	15.5
496	2015	135	7862.4	7.9	12.8	1.1806	1.6	21
496	2015	136	19180.8	7.9	18.4	1.2087	1.8	0.1
496	2015	137	15120	7.5	18.9	1.1368	1.8	0
496	2015	138	29721.6	5.2	22.8	1.1017	1.9	3
496	2015	139	8985.6	8.2	15.4	1.1616	2.5	22.6
496	2015	140	8035.2	4.7	8.6	0.8994	1.5	23.3
496	2015	141	8035.2	4.1	8.8	0.8967	1.2	6.2
496	2015	142	11750.4	5.7	12.3	0.9522	1.4	0
496	2015	143	8121.6	6.6	13.5	0.9479	1.9	1.3
496	2015	144	12873.6	7.1	16.3	1.0578	1.7	0
496	2015	145	13564.8	8.2	19.1	1.2955	1.6	19.9
496	2015	146	8208	7	11.5	1.0617	1.5	4.5
496	2015	147	19180.8	3.3	14.3	0.8263	1.7	0
496	2015	148	29808	2.5	20.5	0.7863	2.8	0
496	2015	149	25920	7.7	22.6	0.9286	2.3	0.3
496	2015	150	23155.2	10.8	19.4	1.1313	3.3	0
496	2015	151	22809.6	8	20.7	1.0943	1.7	0
496	2015	152	21340.8	11.3	23.7	1.3579	2.3	2.5
496	2015	153	27475.2	11.9	24.6	1.4862	2.4	0
496	2015	154	28080	12.7	26.8	1.379	2.6	0
496	2015	155	30240	10.7	27.2	1.4652	1.6	0
496	2015	156	30153.6	13.2	29.7	1.6842	1.7	0.5
496	2015	157	22118.4	14.9	29.3	1.7257	2.1	1.3
496	2015	158	28166.4	13.4	26.9	1.5785	2.1	2.7
496	2015	159	10195.2	11.3	20.6	1.5385	2	0.1
496	2015	160	7257.6	10.9	13.6	1.2819	2	0.2
496	2015	161	7344	10.9	17.3	1.366	1.8	0
496	2015	162	24537.6	12.5	24.2	1.5588	1.8	0.2
496	2015	163	26092.8	11.7	28.8	1.5882	2	0.4
496	2015	164	21945.6	12.8	24.8	1.5599	2.3	9.8
496	2015	165	18921.6	12.9	23.5	1.7737	1.9	6.6
496	2015	166	7344	12.8	15.4	1.5267	1.6	36.4
496	2015	167	14601.6	9.3	20.1	1.2863	1.6	0.1
496	2015	168	18576	9.3	19.2	1.2657	1.7	0
496	2015	169	8121.6	10	15.9	1.2676	2.9	10.2
496	2015	170	12960	11	17.4	1.2616	2.1	2.9
496	2015	171	9331.2	7.5	13.2	1.1304	1.9	24.9
496	2015	172	13219.2	8.7	16.1	1.1939	2.8	1.3
496	2015	173	20995.2	10.2	20.9	1.3056	3.5	24.3
496	2015	174	16070.4	9.7	15.6	1.0821	3	0.1
496	2015	175	28598.4	7.7	19.6	1.0458	1.6	0
496	2015	176	26870.4	6.8	22.8	1.0929	1.8	0
496	2015	177	28944	8.5	24.5	1.1434	2.1	0
496	2015	178	13564.8	12.3	21.6	1.4658	2.1	4.4
496	2015	179	28771.2	10.9	23.1	1.3157	1.6	0
496	2015	180	22550.4	11.3	25.6	1.399	2.3	0
496	2015	181	30240	12.4	28.2	1.3791	1.9	0
496	2015	182	30326.4	12.1	29.9	1.5391	1.9	0
496	2015	183	30153.6	14.8	31.2	1.7944	1.9	0
496	2015	184	24451.2	17.1	31.8	1.9883	1.9	5.4
496	2015	185	28339.2	15.4	32.7	1.8218	2.4	0
496	2015	186	28684.8	17.2	34.8	1.8446	2	16.7
496	2015	187	25401.6	17.2	28.5	2.0839	2.1	0
496	2015	188	29030.4	16.4	33.6	1.8333	2.5	1.9
496	2015	189	9849.6	15	23.2	1.6556	2.7	1.8
496	2015	190	11923.2	11.3	18.5	1.0661	3	0
496	2015	191	29980.8	7.9	23.2	1.1821	1.6	0
496	2015	192	28512	9.4	28.2	1.2999	3.3	0
496	2015	193	27993.6	13.7	27.3	1.324	2.5	1.5
496	2015	194	8380.8	14.2	21.5	1.4698	1.9	0.1
496	2015	195	23414.4	14.3	26.9	1.4291	2.7	0
496	2015	196	28425.6	13.2	28.6	1.653	1.7	0
496	2015	197	26870.4	13.3	30.9	1.6726	1.9	0
496	2015	198	23673.6	15.2	33.1	1.5924	2.5	0.1
496	2015	199	20822.4	15.5	28.2	1.6996	2	0
496	2015	200	21772.8	14.4	29.2	1.7987	2.9	3.4
496	2015	201	27302.4	16.4	28.6	1.8497	2.1	0
496	2015	202	29203.2	16.4	31.6	1.8164	2	0
496	2015	203	22118.4	15.3	32.4	2.0952	2.4	6.9
496	2015	204	9763.2	16.8	21.6	1.7548	1.9	0
496	2015	205	24796.8	14.3	29.4	1.8565	2.1	0.5
496	2015	206	12268.8	13.6	21.5	1.262	3.5	0
496	2015	207	21600	8.1	21.7	1.0492	1.8	6.7
496	2015	208	18316.8	12.9	22	1.3735	3.2	0
496	2015	209	8985.6	12.2	18.2	1.1214	3.1	0.9
496	2015	210	9849.6	9.8	18.5	1.3704	2.3	8.1
496	2015	211	17107.2	9.7	19.6	1.1823	1.8	0
496	2015	212	26611.2	6.6	22.8	1.0692	2	0
496	2015	213	11750.4	13.1	20.9	1.5285	1.7	0.5
496	2015	214	20044.8	12.1	23.8	1.4996	1.7	0
496	2015	215	27734.4	10.3	28.7	1.5162	2.2	0
496	2015	216	21772.8	13.7	28.6	1.8039	2.7	0.5
496	2015	217	27216	12.6	29.6	1.7484	1.6	0
496	2015	218	27043.2	15.2	33	1.7973	2	0
496	2015	219	26784	15.1	34	1.7848	2	0
496	2015	220	25228.8	17.8	32.9	1.7105	1.9	0
496	2015	221	23241.6	14.9	32.5	1.8717	2.4	10.3
496	2015	222	21945.6	16.2	27	2.0087	2	0.7
496	2015	223	20131.2	16.2	29.1	2.0039	1.6	0
496	2015	224	25574.4	14.2	30.8	1.7681	2.1	0
496	2015	225	25056	13.4	32.8	1.636	2.1	0.1
496	2015	226	19353.6	15.4	28.6	2.0319	2	16.7
496	2015	227	10195.2	13.1	21.2	1.7384	1.8	46.6
496	2015	228	6048	13.1	17.6	1.6025	1.5	8.2
496	2015	229	6048	10.9	16.1	1.3447	1.4	0.3
496	2015	230	12182.4	10.9	20.4	1.4027	1.5	9.7
496	2015	231	5961.6	11.6	14.5	1.3809	1.5	1.9
496	2015	232	12873.6	9.1	18.1	1.338	1.5	0.6
496	2015	233	20995.2	7.3	21.4	1.2576	1.5	0
496	2015	234	24278.4	7.7	23.7	1.2647	1.9	0
496	2015	235	19526.4	9.1	26.1	1.467	1.8	0
496	2015	236	14083.2	12.2	24.4	1.7009	2.1	4.5
496	2015	237	18403.2	8	20.3	1.2092	2.4	0.2
496	2015	238	24105.6	8	26	1.3544	1.9	0
496	2015	239	22032	12.6	28.9	1.5646	1.9	0
496	2015	240	22464	13.3	30.2	1.5854	2.1	0
496	2015	241	23673.6	12.3	30.4	1.8007	1.7	0
496	2015	242	23414.4	15.6	31.2	1.8382	2	0
496	2015	243	23155.2	15.7	30	1.6393	2.2	0
496	2015	244	17020.8	13.4	27.6	1.7573	2.6	11.2
496	2015	245	5875.2	12	15.5	1.4296	1.3	7.3
496	2015	246	7430.4	11.2	16.8	1.4849	1.3	14
496	2015	247	14256	10.8	19.3	1.2985	1.7	3.8
496	2015	248	6998.4	9.2	13.5	1.1544	2.1	3.8
496	2015	249	10454.4	7	12.2	1.0273	2.3	2.5
496	2015	250	17280	5.4	16.1	0.9803	1.7	0
496	2015	251	19958.4	5	17.7	1.0202	1.6	0
496	2015	252	20563.2	3.9	17.5	0.9385	2	0
496	2015	253	5443.2	3.4	11.4	0.9057	1.7	0
496	2015	254	16416	2.8	20.1	1.0539	2.2	1.3
496	2015	255	18489.6	8.7	24.4	1.2599	1.8	0
496	2015	256	13132.8	9.1	21.8	1.42	1.4	4.3
496	2015	257	9417.6	11.2	17.3	1.4442	2.4	14.1
496	2015	258	5097.6	9.2	16.4	1.2109	1.3	0
496	2015	259	9590.4	8.8	23.5	1.5399	1.3	0
496	2015	260	13564.8	8.5	21	1.4581	2.3	2.4
496	2015	261	8294.4	7.2	16.3	1.2129	1.6	2.9
496	2015	262	8467.2	6.6	16.7	1.1775	1.5	2.6
496	2015	263	5788.8	8	14.8	1.1717	0.9	0
496	2015	264	17280	4.1	18.5	1.1104	1.6	0
496	2015	265	6825.6	6.5	16.5	1.1523	1.6	8.7
496	2015	266	6739.2	6.8	11.4	1.0164	2.6	0.1
496	2015	267	7257.6	4.1	13.5	0.9621	1.2	0
496	2015	268	12700.8	2.9	16.4	0.9948	1.3	0
496	2015	269	9158.4	3.5	16.2	1.0447	1.7	0
496	2015	270	11577.6	3.8	14.5	0.904	2.1	0
496	2015	271	14947.2	1.4	13.5	0.7642	2.3	0
496	2015	272	15984	2.7	14.4	0.779	3.1	0
496	2015	273	12355.2	2.7	13.3	0.7719	2.6	0
496	2015	274	15811.2	-0.6	15.9	0.7747	1.5	0
496	2015	275	14083.2	1.8	18.5	0.9915	1.5	0
496	2015	276	15552	8.1	19.8	1.2255	1.9	0.1
496	2015	277	11145.6	3.9	15.7	0.9927	2.4	1.5
496	2015	278	10972.8	3.9	19.8	1.0544	1.4	0.3
496	2015	279	9072	11.7	21.2	1.4948	2	1
496	2015	280	6220.8	10.8	14.9	1.2445	2.4	0
496	2015	281	3888	9.4	12.2	1.1001	1	0
496	2015	282	4579.2	5.3	13.8	1.0239	1	0
496	2015	283	3715.2	4.7	11.2	0.9937	1.5	1.3
496	2015	284	3715.2	6	10.4	0.9781	2.2	0
496	2015	285	3628.8	5.1	9.4	0.9168	1.6	0.5
496	2015	286	3628.8	2.8	11	0.9448	1.1	21.5
496	2015	287	7776	1.5	7.8	0.7064	1.7	7.3
496	2015	288	3456	1.3	4.7	0.6971	1	1.3
496	2015	289	3456	2.5	4.8	0.7299	1.1	1.3
496	2015	290	4147.2	2	7.7	0.7853	0.8	10.8
496	2015	291	3369.6	4.4	6.5	0.8638	0.9	7
496	2015	292	5616	-0.8	8	0.7273	1.2	1.1
496	2015	293	9590.4	-0.5	10	0.7456	1.2	0
496	2015	294	7344	-1.2	9.5	0.7149	1.3	0
496	2015	295	7430.4	2.1	11.4	0.7875	2	0
496	2015	296	4492.8	2.7	13.1	0.9264	1.5	0.1
496	2015	297	10627.2	2.8	18.8	1.0613	1.6	0
496	2015	298	6220.8	6	15.7	1.0129	1.9	0.1
496	2015	299	9763.2	5.1	15.7	1.109	1.4	0
496	2015	300	3542.4	2.5	8.5	0.8939	1.1	0
496	2015	301	7516.8	0.3	17.6	0.9833	1.1	5.6
496	2015	302	2851.2	8.3	10.1	1.1163	1.5	3.1
496	2015	303	2764.8	7.4	10.2	1.0413	1.9	0
496	2015	304	7948.8	4.4	13.3	1.0448	1.6	0
496	2015	305	10368	-0.5	15.9	0.9349	1.1	0
496	2015	306	10195.2	-2.6	16.5	0.7984	1.8	0
496	2015	307	9504	-1.3	20.4	0.8096	1.5	0
496	2015	308	9072	2.4	17.2	0.8959	1.7	0
496	2015	309	9331.2	3.5	17	0.9981	1.6	0
496	2015	310	6393.6	4.3	18.2	0.9734	1.9	0
496	2015	311	7171.2	8.1	19.4	1.1468	1.8	0
496	2015	312	9244.8	6.2	20.5	1.1939	1.7	0
496	2015	313	4060.8	8.4	18.4	0.9828	3.3	0
496	2015	314	8726.4	3.2	18.9	0.9343	2.2	0
496	2015	315	8899.2	1.3	16	0.9076	1.7	0
496	2015	316	8726.4	-0.9	13.8	0.81	1.6	0
496	2015	317	6998.4	-0.1	14.8	0.759	2.9	0.6
496	2015	318	4752	6.9	9.8	0.8234	3.2	0
496	2015	319	6220.8	8.4	16.2	0.7574	4.7	0
496	2015	320	7603.2	4.5	18.8	0.89	2.7	0
496	2015	321	3369.6	3	14.6	0.7697	3.7	0.1
496	2015	322	6825.6	8.8	15	0.9187	4	0
496	2015	323	6652.8	10.1	14.7	0.8487	4.6	4.9
496	2015	324	2073.6	1.5	13.1	0.8893	5.4	63.6
496	2015	325	3369.6	-1.7	4.7	0.6128	2.6	4.6
496	2015	326	2678.4	-3.2	0.5	0.4927	2.1	5.3
496	2015	327	5616	-10.4	1.8	0.3912	2	0.3
496	2015	328	7430.4	-11.8	0.1	0.324	2	0.3
496	2015	329	1987.2	-1.6	2.5	0.5745	2.2	6.5
496	2015	330	1987.2	0.1	1.5	0.6215	1	0.6
496	2015	331	2678.4	-2.4	0.5	0.4903	1.7	0
496	2015	332	1900.8	-4.5	1.6	0.4561	3.4	0.9
496	2015	333	1900.8	0	7.2	0.6008	4.7	1.8
496	2015	334	2160	6	8.8	0.7307	5.7	5.8
496	2015	335	1900.8	4.2	9	0.7989	4.8	6.1
496	2015	336	3542.4	-0.4	8	0.7537	1.4	0
496	2015	337	6048	-3.3	7.8	0.6753	1.3	0
496	2015	338	4579.2	-3.9	11.5	0.6254	2.1	1.3
496	2015	339	6134.4	-0.6	11.6	0.8217	1.6	0
496	2015	340	6480	0.6	12.2	0.7591	2.7	0
496	2015	341	6480	-2	12.6	0.7124	1.9	0
496	2015	342	5788.8	-3.3	11.1	0.6621	1.8	0
496	2015	343	1814.4	-1.4	6.3	0.685	1.9	4.5
496	2015	344	6307.2	-4	5.9	0.589	1.8	0
496	2015	345	6048	-4.1	9.6	0.5062	2.6	0
496	2015	346	5702.4	-1.8	8	0.5266	2.8	0
496	2015	347	5961.6	-4.1	9	0.5611	2	0
496	2015	348	6220.8	-5.2	9.1	0.5485	1.8	0
496	2015	349	4233.6	-1.1	9.8	0.6584	1.9	0
496	2015	350	1814.4	0.2	8.7	0.7721	2.4	12.3
496	2015	351	4924.8	0.6	13.2	0.915	2.2	0
496	2015	352	3110.4	0.2	12.1	0.8217	1.9	0.3
496	2015	353	5788.8	0.8	12.9	0.8623	1.6	0
496	2015	354	6134.4	-0.8	14.1	0.8114	2	0
496	2015	355	1728	3.6	10.4	0.8311	2.7	1
496	2015	356	6134.4	1.5	13.3	0.7204	2.3	0
496	2015	357	5961.6	0.6	13	0.6618	2.4	0
496	2015	358	4320	-1.6	10.6	0.6821	1.9	0
496	2015	359	6134.4	0.4	13.6	0.741	2.1	0
496	2015	360	6134.4	-1.8	12	0.6674	1.7	0
496	2015	361	6220.8	-2.6	11.7	0.5831	1.9	0
496	2015	362	6220.8	-4.3	12.4	0.5957	2	0
496	2015	363	6220.8	-5.4	9.6	0.5402	2	0
496	2015	364	6307.2	-5.5	6.3	0.5409	1.4	0
496	2015	365	2246.4	-6.6	4.8	0.5493	1.5	2.3
