*---------------------------------------------------------------------------*
* Station name: KEMPTEN                                 
* Year: 2004
* Author: Pedro Alencar                                   -999.000: NIL VALUE
* Source: ECAD 
* Comments: 
* Longitude: 47.7242, latitude: 47.7242, altitude: 705 m.
*
* Column  Daily value
* 1       station number
* 2       year
* 3       day
* 4       irradiation                   (kJ m-2 d-1)
* 5       minimum temperature           (degrees Celsius)
* 6       maximum temperature           (degrees Celsius)
* 7       early morning vapour pressure (kPa)
* 8       mean wind speed (height: 2 m) (m s-1)
* 9       precipitation                 (mm d-1)
*
** WCCDESCRIPTION=GERMANY, KEMPTEN                                 
** WCCFORMAT=2
** WCCYEARNR=2004
*---------------------------------------------------------------------------*
   47.7242  10.3364    705.  -0.18 -0.55
496	2004	1	1814.4	-2.9	-1.3	0.4767	1.2	1.8
496	2004	2	1814.4	-6	-2.9	0.4043	1.8	0
496	2004	3	1814.4	-7.6	-5.6	0.3321	1.6	0
496	2004	4	1900.8	-8.5	-2.3	0.3435	2.8	0.2
496	2004	5	1900.8	-2.3	-0.1	0.4926	3.6	0.7
496	2004	6	3456	-1.5	4.3	0.5949	1.3	6.2
496	2004	7	2505.6	0.1	3.7	0.6656	1.5	1.8
496	2004	8	1900.8	-3.1	1.5	0.5476	1.4	3.3
496	2004	9	2419.2	0.9	4.6	0.6849	3.2	14.7
496	2004	10	3456	1.2	3.9	0.6092	3.1	0
496	2004	11	2937.6	2.5	9	0.7534	2.9	19.2
496	2004	12	1987.2	2.1	8.9	0.8036	4.5	11.8
496	2004	13	1987.2	4.3	9.8	0.8842	5.2	41.7
496	2004	14	4838.4	-0.6	5.8	0.604	4	2.8
496	2004	15	2851.2	-3.8	1.7	0.4924	4.4	3.6
496	2004	16	2073.6	-5.6	4.1	0.4686	2.5	22
496	2004	17	4406.4	-0.6	2.9	0.6175	2.3	11.3
496	2004	18	2160	-1.8	0.6	0.5498	1.8	1.9
496	2004	19	3628.8	-3.6	0.4	0.4457	2.8	6
496	2004	20	2160	-1.7	1.4	0.5742	3.5	8.2
496	2004	21	2246.4	-5.7	-1.1	0.428	1.5	0.2
496	2004	22	7603.2	-14.1	-2.3	0.2703	1.6	0
496	2004	23	7516.8	-13.4	-1.7	0.2878	1.7	0
496	2004	24	5961.6	-14.4	0.2	0.2944	1.8	9.2
496	2004	25	2332.8	-8.7	-0.1	0.4147	2.3	0.8
496	2004	26	3542.4	-16.5	-4.2	0.2533	1.6	1.4
496	2004	27	2764.8	-5.1	0.2	0.4696	2.3	4.9
496	2004	28	3196.8	-4.5	-1.7	0.4377	2.6	2.1
496	2004	29	2505.6	-7.6	-2.6	0.3682	3.4	3.4
496	2004	30	8640	-10.8	-0.3	0.3032	2.8	0
496	2004	31	8726.4	-7.9	7.1	0.3798	2.3	0.1
496	2004	32	8208	4.2	10	0.5747	4.2	0
496	2004	33	4233.6	2.6	10.2	0.4516	3.7	0
496	2004	34	8467.2	0.2	11.6	0.6034	1.8	0
496	2004	35	8640	-3.1	10.5	0.5255	1.5	0
496	2004	36	9590.4	-1.5	15.3	0.4376	2.5	0
496	2004	37	8294.4	2.3	13.2	0.5165	2.2	0
496	2004	38	3628.8	2.2	12.1	0.7082	4.4	10.1
496	2004	39	4060.8	-0.5	3.7	0.5692	6	5.2
496	2004	40	6998.4	-2.3	0.7	0.4323	4.1	0
496	2004	41	9590.4	-5.9	3.1	0.353	1.9	5.1
496	2004	42	3024	-1.1	1.7	0.5807	3.4	7.4
496	2004	43	3456	-2	0.6	0.5109	1.3	0
496	2004	44	8121.6	-2.7	4.2	0.5483	1.2	0
496	2004	45	7776	-1.5	4.5	0.5856	1.3	0
496	2004	46	3196.8	-1.6	3.4	0.5543	1.2	0
496	2004	47	9763.2	-2.8	4.8	0.5583	1.7	0.1
496	2004	48	8035.2	-5.8	3.7	0.4754	1.8	0.1
496	2004	49	3801.6	-2.5	2.4	0.5175	1.9	0.1
496	2004	50	3369.6	-2.8	-1	0.4359	3.3	0
496	2004	51	11145.6	-4.8	3.3	0.457	2.1	0
496	2004	52	4665.6	-5.4	6.2	0.5095	1.3	0
496	2004	53	3542.4	1	9.6	0.7213	1.4	7.9
496	2004	54	3542.4	-4.7	1.2	0.4999	2	11.7
496	2004	55	8380.8	-12.5	-2	0.3016	1.7	0
496	2004	56	13305.6	-13.7	1.2	0.2798	2.3	0
496	2004	57	4233.6	-5.3	0.4	0.4185	2	2.5
496	2004	58	5788.8	-10.2	-3.2	0.311	1.5	0.1
496	2004	59	12528	-16.6	-1.2	0.2278	1.7	0
496	2004	60	6825.6	-11	-1.4	0.3078	1.4	0.3
496	2004	61	9849.6	-9.8	-1.9	0.3161	1.8	0
496	2004	62	4060.8	-11.5	-1.8	0.3159	2.2	1
496	2004	63	13996.8	-4.7	4.9	0.3939	2.5	0
496	2004	64	12355.2	-8.8	4.8	0.3377	1.6	0
496	2004	65	15638.4	-9.6	2.9	0.3341	1.8	0.8
496	2004	66	4752	-1	4.4	0.6078	1.8	1.8
496	2004	67	8899.2	-0.6	3.4	0.5408	1.5	0.2
496	2004	68	5184	-2.4	1.7	0.5122	1.7	2.9
496	2004	69	13996.8	-8.7	0.7	0.3364	1.6	0
496	2004	70	16156.8	-11.9	1.7	0.3138	1.9	0.2
496	2004	71	7689.6	-5.9	1.3	0.4129	1.6	0
496	2004	72	13910.4	-8.4	11	0.4564	1.7	0
496	2004	73	14169.6	-1	12.6	0.6361	1.8	0.1
496	2004	74	13132.8	0.5	9.4	0.7387	1.7	0
496	2004	75	18057.6	0.2	15	0.7303	2	0
496	2004	76	18316.8	0.1	18.3	0.6628	1.8	0
496	2004	77	18489.6	0.4	21.4	0.6384	2	0
496	2004	78	18489.6	0.7	21.3	0.6164	2.1	0
496	2004	79	16416	5.3	15.9	0.7535	2.8	1.9
496	2004	80	6912	7.3	13.2	0.8983	4.3	0.1
496	2004	81	13737.6	3.2	14.1	0.8403	4.8	7.7
496	2004	82	14947.2	1.5	7.7	0.6191	3.3	0.2
496	2004	83	5270.4	0.1	2.5	0.6242	1.5	15.5
496	2004	84	5356.8	-0.2	0.7	0.5911	2	27.8
496	2004	85	5443.2	-1.1	1.5	0.5641	1.7	3
496	2004	86	5443.2	-3.1	-0.1	0.4511	2	0.1
496	2004	87	13564.8	-6.2	0.5	0.3914	1.7	0
496	2004	88	20736	-8.8	5.4	0.4316	1.8	0
496	2004	89	21168	-6.8	8.5	0.5068	2	0
496	2004	90	21081.6	-3.7	11.5	0.6379	1.9	0
496	2004	91	20649.6	-0.1	16.7	0.7003	1.9	0
496	2004	92	21513.6	1.7	17.1	0.7425	2.1	0
496	2004	93	21340.8	1	20.1	0.7383	1.9	0
496	2004	94	6566.4	2.9	10.7	0.721	2.3	0
496	2004	95	8726.4	1.4	13.7	0.8214	2.6	7.9
496	2004	96	12268.8	3.1	9.1	0.753	3.7	7.1
496	2004	97	7084.8	0.5	5.8	0.7122	3.3	13
496	2004	98	10540.8	0.3	3.7	0.6492	2.8	3
496	2004	99	15811.2	-2.3	6.9	0.584	2.7	0.4
496	2004	100	15552	-3.4	8	0.5263	2.4	2.4
496	2004	101	6307.2	0.4	4.5	0.6704	1.3	9.8
496	2004	102	10972.8	0.4	7.6	0.7156	1.6	2.3
496	2004	103	17280	-0.1	9.7	0.6106	2.9	0
496	2004	104	8899.2	0.2	6.8	0.5966	1.6	0.3
496	2004	105	19180.8	0.9	11.3	0.64	2.4	0
496	2004	106	17712	-1.2	13.6	0.6824	2.2	6.8
496	2004	107	24883.2	0.6	17.8	0.7558	2.4	0
496	2004	108	17798.4	1.9	16.7	0.7375	2.4	0.2
496	2004	109	16675.2	7.6	16.3	1.0334	1.9	3.1
496	2004	110	6825.6	1.8	8.2	0.7849	2.6	5.1
496	2004	111	23328	0.3	14.3	0.6031	2	0
496	2004	112	25660.8	4.1	18.3	0.824	1.8	0
496	2004	113	25401.6	2.4	21.1	0.8683	2	0
496	2004	114	20217.6	5.3	19.7	1.1439	2.5	10.4
496	2004	115	13219.2	2.7	12.2	0.7642	2	0
496	2004	116	8812.8	0.6	9.9	0.7099	1.7	0.3
496	2004	117	26006.4	2	15	0.7875	2.7	0
496	2004	118	25920	1.6	18.9	0.8609	2.1	0
496	2004	119	19526.4	5.5	20	0.9273	2	0
496	2004	120	25747.2	3.1	22.8	0.9246	1.8	0
496	2004	121	14169.6	5.1	20.7	0.8472	1.7	0.1
496	2004	122	8812.8	8	14	1.0361	2	2.4
496	2004	123	16675.2	4.2	15.4	1.0291	1.7	2.5
496	2004	124	21945.6	3.1	18.4	0.9029	1.7	0
496	2004	125	12700.8	8.9	16.9	1.1594	1.6	5.2
496	2004	126	7516.8	3.2	9.3	0.894	1.9	21.5
496	2004	127	7603.2	0.3	4.2	0.6825	2.2	8.2
496	2004	128	18057.6	2	9.3	0.7573	3.5	2.8
496	2004	129	18057.6	1.5	11	0.6372	3.3	10
496	2004	130	7689.6	3	5.2	0.7616	3.2	5.4
496	2004	131	14688	2.3	13.4	0.8384	1.8	0
496	2004	132	19353.6	1.2	16.1	0.8067	1.9	0
496	2004	133	21340.8	2.1	17.6	0.9961	1.9	12.6
496	2004	134	7862.4	6.5	9	0.9697	1.7	1.2
496	2004	135	20649.6	3.4	15	0.907	1.8	0
496	2004	136	25228.8	3.9	17.3	0.8812	1.6	0.6
496	2004	137	16070.4	3.8	14.9	0.9749	1.9	0
496	2004	138	29721.6	2.4	19.6	0.8787	1.9	0
496	2004	139	29289.6	6.7	23.3	0.9878	2.1	0
496	2004	140	26438.4	9.2	23.1	1.1366	2.2	0
496	2004	141	29980.8	7.6	25	1.1105	2.1	0.3
496	2004	142	9072	9.2	15.8	1.2887	2	18.5
496	2004	143	8121.6	3.2	9.3	0.8654	1.7	3.5
496	2004	144	21427.2	0.7	10.1	0.6725	1.9	0
496	2004	145	30499.2	-1.2	14.8	0.6223	1.9	0
496	2004	146	30412.8	0.2	18.3	0.7234	2	0
496	2004	147	28512	4	20.7	0.8889	2.4	0.2
496	2004	148	9244.8	7.7	13.8	1.148	1.1	8.9
496	2004	149	22723.2	4.6	15.1	0.9232	1.7	0
496	2004	150	30585.6	2.2	17.3	0.7722	2.2	0
496	2004	151	29376	3.3	21.4	0.8889	1.8	0
496	2004	152	12787.2	8.9	15.2	1.2371	1.6	7.6
496	2004	153	16243.2	7.5	15.5	1.1388	1.3	10.2
496	2004	154	16588.8	8.8	17.2	1.2268	1.4	9.2
496	2004	155	7257.6	8.9	10.7	1.1501	1.8	25.5
496	2004	156	13478.4	10.1	16.3	1.3036	1.2	12
496	2004	157	8899.2	7.9	12.9	1.1972	1.4	7.8
496	2004	158	23414.4	6.9	17.4	1.132	1.6	0
496	2004	159	30326.4	5	23.4	1.0999	1.8	0
496	2004	160	30240	10.3	26.9	1.3266	2	0
496	2004	161	28512	12.1	28.7	1.3877	2.1	0
496	2004	162	29462.4	14.2	28.6	1.4501	2.3	0
496	2004	163	10540.8	13.1	19.5	1.5362	1.9	5.8
496	2004	164	12528	9.5	17.7	1.338	1.9	14.2
496	2004	165	12268.8	8.5	13.7	1.1486	1.2	11.1
496	2004	166	27993.6	6.6	19.5	1.1107	2	0
496	2004	167	10800	6.2	19	1.1223	1.6	4.1
496	2004	168	15379.2	8.4	17.6	1.2717	1.6	3.6
496	2004	169	29289.6	6.7	21.8	1.071	2.7	0.1
496	2004	170	14774.4	11.2	20.8	1.3981	2.5	6.7
496	2004	171	12787.2	9.5	15.5	1.2308	2	8.7
496	2004	172	13392	7.2	13.1	1.103	1.3	1.2
496	2004	173	24192	6.2	18.7	1.0391	2.2	0.5
496	2004	174	14947.2	9.5	19.3	1.3108	1.6	0.1
496	2004	175	14601.6	10.4	22.8	1.5846	2.6	19
496	2004	176	22809.6	12.6	19.9	1.3283	2.9	0
496	2004	177	17884.8	8.5	19.5	1.0219	2.5	0
496	2004	178	28857.6	5.6	23.6	1.0457	1.8	0
496	2004	179	17280	12.5	26	1.4706	2.9	2.2
496	2004	180	14947.2	12.3	21.8	1.5334	2	1.9
496	2004	181	26265.6	9.4	21.5	1.1219	2.1	0
496	2004	182	28425.6	8.1	24.9	1.1997	1.6	0
496	2004	183	10195.2	12.4	19.5	1.3937	2.3	3.3
496	2004	184	18489.6	10.9	17.1	1.3412	2.2	6.3
496	2004	185	19353.6	8.8	18.1	1.0322	2.8	0
496	2004	186	28339.2	7.6	23.1	1.1148	1.9	0
496	2004	187	18057.6	12.9	23.2	1.5091	2.6	8.2
496	2004	188	11664	12.8	17.3	1.589	1.5	4.4
496	2004	189	20044.8	12.9	23.3	1.8249	1.4	0.2
496	2004	190	22982.4	12.2	24.6	1.8172	2.1	30.9
496	2004	191	15120	10.2	17.5	1.2175	2.8	1.2
496	2004	192	18921.6	9.2	16.1	1.1844	2.3	2.3
496	2004	193	16934.4	8.2	15.8	1.1349	2.7	5.6
496	2004	194	10800	9.1	13.5	1.1773	2.7	6.6
496	2004	195	13478.4	9.1	14.8	1.2429	2.1	9.6
496	2004	196	16675.2	9.5	19.4	1.1836	1.9	0.6
496	2004	197	10454.4	12.2	21	1.3771	2.5	0
496	2004	198	27993.6	14	25.5	1.7467	1.6	0
496	2004	199	27302.4	13	26.9	1.722	2	3.3
496	2004	200	26697.6	14.3	27.6	1.7324	1.8	1.6
496	2004	201	22377.6	15.1	24.9	1.7273	1.5	0
496	2004	202	23328	13.7	25.5	1.7761	2.1	0
496	2004	203	23760	14.2	27.6	1.8504	1.6	7.2
496	2004	204	26870.4	15.9	27.8	1.8827	1.9	0
496	2004	205	19094.4	15.5	28	1.9752	2.5	15
496	2004	206	6825.6	14.9	18.3	1.7921	1.4	13.5
496	2004	207	22291.2	13.4	22.7	1.6124	1.6	3.7
496	2004	208	9849.6	11.3	18.8	1.4523	1.5	3.1
496	2004	209	17884.8	8.6	18.3	1.2325	1.2	0
496	2004	210	28512	6.5	20.6	1.07	2	0
496	2004	211	28252.8	6.6	23.5	1.1619	1.7	0
496	2004	212	27216	10.2	26.4	1.4909	1.9	0
496	2004	213	23846.4	13.4	26.8	1.6675	1.7	0
496	2004	214	25747.2	15.1	27.8	1.6842	2	0
496	2004	215	26524.8	13.4	27.1	1.7542	1.5	0
496	2004	216	25574.4	12.6	27.1	1.7113	1.6	0
496	2004	217	23241.6	14.4	26.9	1.7979	1.9	0
496	2004	218	24105.6	13	26.5	1.7697	1.8	0
496	2004	219	22636.8	16.2	26.2	1.935	2	0
496	2004	220	13305.6	14.7	25.3	1.8907	1.3	0.1
496	2004	221	26006.4	12.1	27	1.6344	1.7	0
496	2004	222	26265.6	11.8	27.4	1.5029	1.9	0
496	2004	223	24019.2	11.9	27.1	1.6067	1.3	0
496	2004	224	10108.8	17.5	23.7	1.9377	1.7	0
496	2004	225	22550.4	13.4	29.2	1.9722	2.3	11.5
496	2004	226	15984	11.5	19.5	1.3718	3.1	2.1
496	2004	227	6134.4	11.6	14.7	1.4051	3.5	11.3
496	2004	228	20044.8	11.8	21.9	1.5716	1.5	0
496	2004	229	19958.4	9.8	26.2	1.6074	2.2	1
496	2004	230	18576	13.3	23.4	1.7273	1.6	0.2
496	2004	231	22118.4	14.5	27.5	1.7625	1.4	0.1
496	2004	232	12182.4	14.8	23.7	1.7825	1.6	9.8
496	2004	233	9849.6	12.8	19	1.5697	1.6	2.8
496	2004	234	12700.8	10.3	15.3	1.2995	2.9	5
496	2004	235	20649.6	9.9	18.7	1.2373	1.6	0
496	2004	236	21945.6	8.2	26.5	1.3649	1.6	0.1
496	2004	237	13737.6	14.4	20.9	1.6127	2.1	2.5
496	2004	238	17366.4	12.5	20.3	1.3224	2.4	2.6
496	2004	239	7862.4	10.3	14.5	1.309	2.7	9.9
496	2004	240	21772.8	10.5	20.1	1.3716	2.4	0
496	2004	241	23068.8	9.2	23.4	1.4251	1.8	2.9
496	2004	242	13132.8	13	20.9	1.6587	1.6	2
496	2004	243	11318.4	11.4	20.9	1.6132	2.2	5.3
496	2004	244	12787.2	9.7	17.6	1.2331	2.1	0
496	2004	245	21686.4	5.8	20	1.1742	1.6	0
496	2004	246	21859.2	7	24.1	1.3761	1.6	0
496	2004	247	19785.6	10.9	26	1.5898	1.6	0
496	2004	248	17625.6	11.9	24.4	1.6434	1.4	0
496	2004	249	21254.4	9.1	24.3	1.3479	2.1	0
496	2004	250	20476.8	8.5	24.4	1.4201	1.2	0
496	2004	251	19612.8	8.8	23.8	1.3881	1.5	0
496	2004	252	20563.2	6.9	23.2	1.2131	1.7	0
496	2004	253	20476.8	6.8	21.6	1.0675	1.8	0
496	2004	254	19526.4	6.2	26.2	1.2873	1.5	0
496	2004	255	15465.6	13.5	24.6	1.5624	1.8	3.4
496	2004	256	10800	11	16.9	1.3687	2.5	2.1
496	2004	257	17280	8.8	21	1.2861	1.8	0
496	2004	258	10627.2	9.3	20	1.4154	1.3	5.1
496	2004	259	6048	9.7	13.1	1.1851	1.8	1.6
496	2004	260	5011.2	6.6	13	1.0048	1.3	0
496	2004	261	16416	3.2	18	1.0728	1.3	0
496	2004	262	18748.8	5.7	22.2	1.2573	1.4	0
496	2004	263	15552	8.2	21.3	1.257	1.9	0.9
496	2004	264	10022.4	12.2	19	1.4868	1.5	0
496	2004	265	6825.6	10.8	16.3	1.101	3.6	0
496	2004	266	4665.6	9.6	11.1	0.8541	3.9	11.9
496	2004	267	6480	7.5	15.2	1.2349	5.2	29.9
496	2004	268	9504	5	11.7	1.0101	2	11.5
496	2004	269	4492.8	4.8	6.9	0.9066	2.2	15.3
496	2004	270	4492.8	5.5	7.5	0.9385	1.6	4.5
496	2004	271	10800	6.8	14.1	1.0368	1.6	0
496	2004	272	6998.4	9.8	15.8	1.2552	1.8	0
496	2004	273	6912	9.5	15.2	1.2617	2	13.7
496	2004	274	6566.4	10.2	15.6	1.3675	0.9	2.2
496	2004	275	10022.4	9.7	18.2	1.4165	1.6	0.6
496	2004	276	11059.2	9.2	17.1	1.2691	1.9	0
496	2004	277	14860.8	7.6	18.6	1.1596	1.6	0
496	2004	278	13910.4	6.4	23.2	1.2442	1.7	0
496	2004	279	15206.4	7.4	24.9	1.3016	1.6	0
496	2004	280	10713.6	10.4	21.8	1.2974	1.8	0.5
496	2004	281	6912	11	17.9	1.4959	1	0.4
496	2004	282	8380.8	11.1	20.7	1.5877	1.4	14.3
496	2004	283	4233.6	8.8	12.8	1.2813	1.6	21.2
496	2004	284	3715.2	5.7	9.8	1.033	1.8	10.2
496	2004	285	3628.8	4.9	6.4	0.8485	2.2	0
496	2004	286	3628.8	5.1	8.2	0.9189	1.5	0
496	2004	287	10195.2	5	13.9	1.0998	1.2	0
496	2004	288	10627.2	6.2	14.9	1.0692	1.6	3.1
496	2004	289	9158.4	3	12.6	0.9201	2	7.3
496	2004	290	8380.8	1.3	8.5	0.7794	2.2	2.3
496	2004	291	6739.2	1	9.8	0.7981	2.4	5.7
496	2004	292	8985.6	1.3	12.1	0.7848	2.2	0.8
496	2004	293	3283.2	1.3	11.3	0.8971	1	4.7
496	2004	294	7084.8	8.2	18.5	1.4082	1.3	1.2
496	2004	295	5356.8	10.5	16.6	1.4112	1.6	3.1
496	2004	296	9072	8	19.2	1.3691	0.8	0
496	2004	297	9590.4	8.6	19.5	1.3776	1.2	0
496	2004	298	11664	6.3	23.8	1.2302	1.1	0
496	2004	299	8985.6	8.3	19.4	1.1543	0.5	0.6
496	2004	300	2937.6	7.1	11.6	1.1629	0.7	7.2
496	2004	301	3283.2	6.6	10.4	1.0648	1	0
496	2004	302	4406.4	6.9	13.7	1.2143	0.2	1.1
496	2004	303	6480	4.6	13.9	1.0734	0.5	0
496	2004	304	7084.8	3.8	13.4	0.9715	0.9	0
496	2004	305	2678.4	3.1	10.2	0.958	1.2	0.8
496	2004	306	2678.4	7.8	9.3	1.0906	0.4	0.2
496	2004	307	3024	6	10.6	1.0614	0.3	0
496	2004	308	2592	6.8	10.9	1.113	0	0
496	2004	309	4579.2	6.1	14.1	1.1858	0	0
496	2004	310	2505.6	5.2	9.9	1.0294	0.2	7.5
496	2004	311	2851.2	4.3	6.6	0.8278	0.6	1.6
496	2004	312	2419.2	0.1	4.3	0.7087	0.2	9.5
496	2004	313	3888	-2.6	3	0.6013	0.1	0
496	2004	314	2419.2	-3.2	0.7	0.5186	0.2	0.3
496	2004	315	6652.8	-4.1	3.1	0.4949	0.8	0.3
496	2004	316	6307.2	-1.7	3.1	0.5721	1.4	0
496	2004	317	2246.4	-0.7	2.8	0.6394	1.6	0.1
496	2004	318	2246.4	-0.2	2.2	0.6371	1.7	5.2
496	2004	319	3715.2	-3.6	0.3	0.4928	1.8	0.4
496	2004	320	6566.4	-6.5	-0.1	0.4408	1.6	0
496	2004	321	6307.2	-7.6	3.2	0.4472	1.7	0
496	2004	322	2678.4	-2.6	5.8	0.5486	2.8	0
496	2004	323	3628.8	4.8	7.3	0.666	3.6	3.5
496	2004	324	2592	-1.4	6.4	0.5997	4.9	7.4
496	2004	325	3110.4	-3.9	0.5	0.4532	3.2	4
496	2004	326	7689.6	-7.5	3.6	0.4343	1.6	1.6
496	2004	327	2332.8	2.1	8.1	0.764	3.6	1
496	2004	328	1987.2	2.6	6.9	0.8056	3.3	8.5
496	2004	329	5443.2	-0.5	4.8	0.6705	1.7	0
496	2004	330	5616	-4.8	1.6	0.5272	1.3	0
496	2004	331	5529.6	-3.8	9.6	0.6094	2.4	0.2
496	2004	332	2505.6	-1.6	6.9	0.68	2.4	0
496	2004	333	3974.4	-3.7	5.6	0.5563	1.9	0
496	2004	334	1900.8	1.1	5.5	0.6811	1.5	0
496	2004	335	1814.4	-0.3	2.1	0.6326	1.9	0.1
496	2004	336	4320	-3.7	4.7	0.6082	1.4	0
496	2004	337	3974.4	-6.2	6.8	0.5682	1.4	0.1
496	2004	338	3456	-3.6	7.1	0.6655	1.2	0
496	2004	339	5961.6	-4.5	5.2	0.6079	1.8	0
496	2004	340	1814.4	-0.1	1.2	0.6231	1.2	0
496	2004	341	4492.8	-4.3	3.4	0.5499	1.5	0
496	2004	342	5702.4	-7	1.5	0.4842	1.3	0
496	2004	343	4492.8	-6.5	-0.4	0.4643	1.5	0
496	2004	344	6048	-6.5	1.4	0.4813	1.5	0
496	2004	345	6048	-9.2	4.4	0.4765	1	0
496	2004	346	6134.4	-9.1	3.2	0.4623	1	0
496	2004	347	6048	-9.4	3.3	0.4589	1.1	0
496	2004	348	6048	-8.8	6.4	0.5038	1.3	0
496	2004	349	6048	-6.8	8	0.485	1.6	0
496	2004	350	5702.4	-8.5	8.9	0.4526	1.4	0
496	2004	351	6048	-6.5	7.7	0.4595	1.7	1
496	2004	352	2764.8	2.7	5.8	0.662	3.7	9.8
496	2004	353	2764.8	-1.2	2.9	0.5458	4.3	0.6
496	2004	354	1728	-3.3	1.1	0.5075	1.9	26
496	2004	355	5788.8	-13.5	-2.9	0.2901	1.8	0
496	2004	356	5875.2	-12.8	-1.1	0.3269	1.5	0
496	2004	357	5529.6	-9.9	-0.7	0.3297	2.2	0
496	2004	358	2332.8	-1	5.9	0.583	3.3	0.6
496	2004	359	1814.4	3	7.4	0.6013	3.3	0
496	2004	360	5702.4	-1.8	8.4	0.5805	2	1.4
496	2004	361	1814.4	-0.4	0.5	0.6071	1.4	6.8
496	2004	362	1814.4	-1.7	0	0.5685	1.3	2.2
496	2004	363	2073.6	-2.1	0.5	0.5591	1.5	4.9
496	2004	364	1814.4	-5.5	-0.5	0.4704	1.9	0.2
496	2004	365	6048	-12.9	-1.4	0.329	1.6	0
496	2004	366	5097.6	-10.1	3.4	0.4248	1.9	0.3
