*---------------------------------------------------------------------------*
* Station name: KEMPTEN                                 
* Year: 2019
* Author: Pedro Alencar                                   -999.000: NIL VALUE
* Source: ECAD 
* Comments: 
* Longitude: 47.7242, latitude: 47.7242, altitude: 705 m.
*
* Column  Daily value
* 1       station number
* 2       year
* 3       day
* 4       irradiation                   (kJ m-2 d-1)
* 5       minimum temperature           (degrees Celsius)
* 6       maximum temperature           (degrees Celsius)
* 7       early morning vapour pressure (kPa)
* 8       mean wind speed (height: 2 m) (m s-1)
* 9       precipitation                 (mm d-1)
*
** WCCDESCRIPTION=GERMANY, KEMPTEN                                 
** WCCFORMAT=2
** WCCYEARNR=2019
*---------------------------------------------------------------------------*
   47.7242  10.3364    705.  -0.18 -0.55
496	2019	1	2419.2	-0.7	2.9	0.6153	2.8	1.9
496	2019	2	2160	-5.9	2.2	0.4375	3.2	1.8
496	2019	3	3196.8	-6.7	-1.9	0.3467	1.6	0.3
496	2019	4	1900.8	-4.8	-0.9	0.4013	2	0.4
496	2019	5	1900.8	-2.1	0.3	0.5035	3.7	17.9
496	2019	6	1900.8	0	1	0.6019	2.3	8.8
496	2019	7	2246.4	0.1	1.8	0.5956	1.6	2.2
496	2019	8	1900.8	-0.3	2.2	0.5759	4.5	6.1
496	2019	9	1900.8	-2.9	1	0.4903	3.3	15.5
496	2019	10	1987.2	-3.6	-1.1	0.4731	1.4	12.4
496	2019	11	3110.4	-11.3	-1.7	0.3158	2.1	0.6
496	2019	12	1987.2	-1.8	2.2	0.5393	3.5	13.2
496	2019	13	1987.2	0.3	4.1	0.6586	4.6	20.9
496	2019	14	2073.6	-1	3.8	0.5746	3.7	3.2
496	2019	15	4320	-3.9	3.5	0.4456	2.5	0
496	2019	16	7257.6	-7.8	7.7	0.4809	1.8	0
496	2019	17	4406.4	-1.3	7.2	0.5436	3.4	3.5
496	2019	18	6566.4	-8	1.3	0.3437	1.9	0
496	2019	19	7344	-14	-1.3	0.2684	1.5	0
496	2019	20	2160	-13.7	2.2	0.3106	0.9	0
496	2019	21	2246.4	-6.4	0	0.4055	0.9	0
496	2019	22	6048	-14.1	-1.3	0.2913	1.2	0
496	2019	23	7689.6	-13.8	-2.1	0.2723	1.2	0
496	2019	24	3888	-7.9	-2	0.3385	1.6	0
496	2019	25	6739.2	-10	-1.9	0.2824	2.1	0.1
496	2019	26	2332.8	-3.6	3.5	0.4809	3	0.7
496	2019	27	3715.2	-0.9	5.2	0.5635	2	5.3
496	2019	28	3369.6	-1.9	0.9	0.4831	4	3.3
496	2019	29	6480	-12.2	0.5	0.324	1.8	3.2
496	2019	30	4406.4	-13.2	2.9	0.3043	2.4	0
496	2019	31	5011.2	-12.2	1.3	0.2974	1.3	0
496	2019	32	2592	-3.5	3.8	0.4571	1	1.5
496	2019	33	5356.8	0.5	6.7	0.7352	1.1	11.1
496	2019	34	2678.4	-2.5	1.4	0.5577	1.5	12.4
496	2019	35	8812.8	-10	1.3	0.3764	1.3	0
496	2019	36	9676.8	-12.8	2.7	0.3444	1.5	0
496	2019	37	9936	-14.6	3.6	0.3288	1.4	0
496	2019	38	2851.2	-12.5	6.4	0.4149	2	2.3
496	2019	39	9590.4	-3.1	7.1	0.5293	1.9	0
496	2019	40	5011.2	-2.2	7.5	0.5544	2.7	4.5
496	2019	41	6998.4	0.6	12.8	0.6867	2.8	9
496	2019	42	3024	0.1	2.8	0.5292	4	0.8
496	2019	43	3024	-6.4	1.8	0.4077	2.3	0.1
496	2019	44	11059.2	-7.4	7	0.4275	1.8	0
496	2019	45	11145.6	-6.6	11.4	0.5301	1.4	0
496	2019	46	11404.8	-6.2	12.9	0.5049	1.5	0
496	2019	47	11577.6	-5.2	13.8	0.49	1.7	0
496	2019	48	11836.8	-4.3	14.6	0.4671	2.1	0
496	2019	49	11923.2	-6.1	12.9	0.4521	1.7	0
496	2019	50	9417.6	-1.1	11.4	0.5552	2.1	0
496	2019	51	10108.8	-1.1	10.3	0.6276	1.4	0
496	2019	52	11923.2	-1.3	12.8	0.588	1.7	1.1
496	2019	53	4579.2	0.6	7.6	0.7288	1.3	1.5
496	2019	54	10540.8	-2.9	5.5	0.4631	2.6	0
496	2019	55	10972.8	-6.7	8.1	0.4178	1.1	0
496	2019	56	13305.6	-4.5	11.3	0.5612	1.5	0
496	2019	57	13046.4	-3.5	15.2	0.6383	1.6	0
496	2019	58	13737.6	-2.1	15.8	0.5947	2	0
496	2019	59	13824	0.8	16	0.5839	3.2	0.8
496	2019	60	3974.4	3.4	7.5	0.7558	3.2	9.4
496	2019	61	4752	3.6	7.7	0.7025	2.7	0
496	2019	62	13046.4	3.8	12.5	0.6499	2.7	0
496	2019	63	9590.4	1.9	13.8	0.6049	5	5.4
496	2019	64	10108.8	1.4	8.6	0.5581	3.7	0
496	2019	65	11491.2	-1.7	15.2	0.6201	1.7	0
496	2019	66	8208	2.3	13.1	0.7143	2.9	5.5
496	2019	67	7430.4	1.1	6.7	0.6379	3.1	2.8
496	2019	68	7689.6	3.5	10.9	0.7411	4.4	6
496	2019	69	6652.8	4.7	11.6	0.8557	5.2	18.9
496	2019	70	5788.8	-1.3	5	0.5097	4.4	4.7
496	2019	71	15120	0.1	9.1	0.4749	2.7	1.1
496	2019	72	11318.4	0.2	10.3	0.6301	4.4	6.3
496	2019	73	4665.6	1	3.5	0.625	4.9	10.4
496	2019	74	4752	2.1	8.3	0.7782	4.8	24.2
496	2019	75	14774.4	4.6	15.4	0.7853	3.9	0
496	2019	76	15811.2	0.1	17.5	0.6452	3.4	11.1
496	2019	77	11750.4	-0.1	5.7	0.6126	2.4	2.1
496	2019	78	9504	-3	6.4	0.5319	1.5	0
496	2019	79	19008	-4.4	8.5	0.4745	1.8	0
496	2019	80	19267.2	-3.9	12.5	0.5066	1.9	0
496	2019	81	19267.2	-2.8	16.5	0.6343	1.7	0
496	2019	82	19612.8	0	18.1	0.6561	1.8	0
496	2019	83	19699.2	-0.3	17.5	0.7035	2.1	0
496	2019	84	10627.2	-0.4	8.7	0.6163	2.6	5.9
496	2019	85	13219.2	-0.7	6.4	0.5548	1.3	0
496	2019	86	11232	0.1	8.3	0.5855	1.7	0
496	2019	87	20736	-1.5	12	0.5679	2.5	0
496	2019	88	20995.2	-0.8	15.4	0.6542	1.4	0
496	2019	89	20995.2	-1.1	17.1	0.654	1.9	0
496	2019	90	21427.2	-0.4	17.6	0.67	2.2	0
496	2019	91	21513.6	0.1	16.1	0.7448	1.7	0
496	2019	92	19180.8	1.6	19.9	0.6192	2	0
496	2019	93	16070.4	4.3	17.1	0.7585	1.9	0
496	2019	94	5961.6	0.9	5.6	0.6247	2.3	0.1
496	2019	95	5961.6	1	7.5	0.6207	1.3	0
496	2019	96	22550.4	-1.5	16	0.7131	1.8	0
496	2019	97	11750.4	2.3	14.1	0.8368	2.2	3.9
496	2019	98	6134.4	5.9	9.7	0.8778	1.7	1
496	2019	99	8812.8	5.9	10.9	0.9364	1.2	10.5
496	2019	100	6307.2	6.2	9.4	0.973	1.2	5.7
496	2019	101	6307.2	4	7	0.7675	1.6	0
496	2019	102	10627.2	1.4	7.7	0.5916	1.6	0
496	2019	103	10886.4	-0.3	8.9	0.6145	1.5	2.1
496	2019	104	6480	0.4	5.2	0.6126	1.2	0.1
496	2019	105	21600	-1.1	13.9	0.6919	2.2	0
496	2019	106	20563.2	0.3	16.8	0.6789	1.8	0.4
496	2019	107	22723.2	4.5	17.2	0.7661	1.9	0
496	2019	108	24364.8	0.9	19.6	0.7236	1.8	0
496	2019	109	24883.2	2.1	20.8	0.7432	2	0
496	2019	110	25488	2.2	21.4	0.7744	2	0
496	2019	111	23587.2	1.7	22.2	0.7262	1.9	0
496	2019	112	23328	1.7	22.5	0.7616	2.3	0
496	2019	113	13564.8	6	21.1	0.8219	1.6	0
496	2019	114	21340.8	5	23.8	0.7865	2.6	0
496	2019	115	19699.2	3	23.5	0.8212	2	0
496	2019	116	9417.6	1.8	7.6	0.7088	2.3	2.7
496	2019	117	13737.6	2.9	12.5	0.8089	3	6.5
496	2019	118	15984	0.6	9.4	0.6715	2.1	0.7
496	2019	119	7948.8	1.8	8.3	0.7614	1.4	8
496	2019	120	9331.2	3.7	9.7	0.8633	2.1	2
496	2019	121	27302.4	0.1	16.7	0.7271	1.8	0
496	2019	122	24364.8	2.9	18.5	0.8357	3	4.3
496	2019	123	7430.4	4.4	9.3	0.8325	2.1	0.8
496	2019	124	10972.8	0.3	11.3	0.8113	2.1	12.3
496	2019	125	10713.6	0.2	5.3	0.67	1.4	3.1
496	2019	126	13737.6	0	7.2	0.6008	1.2	0.8
496	2019	127	26352	-1.4	14.4	0.5999	1.7	0
496	2019	128	7603.2	1	16	0.7542	1.9	0.3
496	2019	129	23500.8	2	15.2	0.7928	3.3	4.3
496	2019	130	19526.4	7.2	15.2	0.9835	2.7	0.5
496	2019	131	7689.6	5.2	12	0.938	2.7	13.5
496	2019	132	7776	1.5	6	0.7351	1.6	10.8
496	2019	133	16502.4	2.8	10.3	0.7379	2	0
496	2019	134	20908.8	-0.3	10.4	0.5951	1.9	2.6
496	2019	135	7862.4	1.2	8.3	0.6599	1.6	0
496	2019	136	12528	0.6	11.7	0.7462	1.5	0
496	2019	137	23414.4	0.2	19.3	0.8567	1.5	0
496	2019	138	21168	3.4	19.6	0.949	1.6	0
496	2019	139	17539.2	6.3	19.6	1.2079	1.6	17.3
496	2019	140	8035.2	9.5	10.7	1.1735	2.2	59.3
496	2019	141	8035.2	8.8	10.2	1.0916	3.1	27.8
496	2019	142	10022.4	8.7	14.7	1.1814	1.8	1.8
496	2019	143	26006.4	6.3	19	1.0674	1.3	0
496	2019	144	28252.8	4.2	21.7	0.9693	1.7	0
496	2019	145	17280	6.7	19.2	1.1184	1.8	0.6
496	2019	146	17452.8	8.9	19.4	1.1931	1.4	0
496	2019	147	11577.6	8.6	17.9	1.171	1.5	20.6
496	2019	148	8208	7.8	11.8	1.1138	2.1	18
496	2019	149	11318.4	7.7	13.5	1.1239	1.6	7.9
496	2019	150	25488	4.5	18.2	0.9665	1.5	0
496	2019	151	22291.2	9.1	21.2	1.1522	1.5	0
496	2019	152	30067.2	6.7	24.7	1.14	1.8	0
496	2019	153	30153.6	8.8	27.2	1.2777	1.7	0
496	2019	154	27561.6	11.5	28.2	1.3644	2	0.1
496	2019	155	30067.2	12.4	28.5	1.4639	1.8	0
496	2019	156	29289.6	11.7	28.8	1.3749	2	0
496	2019	157	8899.2	10.2	20	1.3199	2.1	1.8
496	2019	158	30412.8	7.7	28.3	1.2983	2	0
496	2019	159	20908.8	8.4	21.1	0.8883	2.1	0
496	2019	160	20476.8	6.5	24.4	1.2447	1.5	2.7
496	2019	161	16243.2	11.6	20.9	1.6051	1.5	23.7
496	2019	162	19008	10.2	18.6	1.36	1.9	0.1
496	2019	163	15724.8	11.7	17.5	1.3445	1.6	0.2
496	2019	164	23673.6	10.8	23.2	1.277	1.3	0
496	2019	165	25228.8	9.7	27.4	1.4504	1.6	0
496	2019	166	22464	12.4	23.5	1.438	2.3	13.1
496	2019	167	16243.2	11.6	19	1.3196	1.9	0
496	2019	168	26352	9.5	24.7	1.4409	1.8	0
496	2019	169	28598.4	11.7	27.8	1.5399	1.9	5
496	2019	170	29203.2	13.8	28.6	1.5078	1.9	3.1
496	2019	171	18576	13.3	22	1.6329	1.8	4.9
496	2019	172	15379.2	12.2	22.3	1.6315	1.3	19.5
496	2019	173	11318.4	13.7	22.1	1.8021	1.4	15.1
496	2019	174	24019.2	14.2	23.5	1.7169	1.6	1.1
496	2019	175	30412.8	12.5	28.4	1.6079	1.7	0
496	2019	176	30326.4	14.2	33	1.8896	1.5	0
496	2019	177	30326.4	15.2	34.6	1.8539	1.6	0
496	2019	178	30326.4	17.1	32.1	1.9753	1.9	0
496	2019	179	30412.8	13.5	28.3	1.357	1.4	0
496	2019	180	30326.4	11.5	30.2	1.4266	1.8	0
496	2019	181	30326.4	14.1	33	1.5651	2.6	0
496	2019	182	25142.4	16.8	30.6	1.7255	2.4	18.5
496	2019	183	19872	16.1	24.5	1.8547	1.6	0
496	2019	184	23241.6	12.3	23	1.3103	1.5	0
496	2019	185	30240	10.4	25.4	1.2287	1.5	0
496	2019	186	28944	12.4	28	1.3707	2.5	0
496	2019	187	23673.6	12.1	28.3	1.4179	2.6	5.5
496	2019	188	16588.8	14	23.6	1.7982	2.2	9.8
496	2019	189	7171.2	13.2	17.4	1.5279	1.1	0.9
496	2019	190	17020.8	9.3	19.8	1.092	1.3	0
496	2019	191	29894.4	6.2	20.5	0.9796	1.5	0
496	2019	192	10368	8.7	18.2	1.2171	1.6	4.6
496	2019	193	11318.4	11.4	18.6	1.5158	2	18.2
496	2019	194	12700.8	11.9	18.1	1.3625	1.8	2.6
496	2019	195	21254.4	11.4	21.6	1.4059	1.5	0.1
496	2019	196	23155.2	11	22.1	1.3539	1.8	0
496	2019	197	28684.8	8.8	24.1	1.308	1.6	0
496	2019	198	28425.6	10.3	26.1	1.3147	2	0
496	2019	199	26956.8	10.4	25.7	1.2197	2.3	0
496	2019	200	23414.4	13.3	26.6	1.3962	2	0
496	2019	201	27561.6	12.3	29.6	1.5344	2.4	4.5
496	2019	202	17107.2	15.7	25	1.8843	1.9	1.8
496	2019	203	28252.8	13.5	28.7	1.6984	1.7	0
496	2019	204	28944	12.4	30.9	1.6015	1.7	0
496	2019	205	28857.6	14.5	33.1	1.7065	2	0
496	2019	206	28339.2	16.6	33.3	1.6703	2	0
496	2019	207	23587.2	15.5	33	1.602	2	0
496	2019	208	20649.6	16.1	24.8	1.2719	2	0
496	2019	209	6739.2	14.3	20.2	1.0418	2	0
496	2019	210	15292.8	14.6	22.4	1.5735	2	0
496	2019	211	24019.2	15.9	26.4	1.7788	1.6	5.9
496	2019	212	10281.6	13.6	20.4	1.6446	1.2	2.5
496	2019	213	26006.4	11.7	24.4	1.5091	1.4	0
496	2019	214	15811.2	13.4	22.5	1.7667	1.6	34.3
496	2019	215	19440	11.8	21.3	1.4103	2.1	1
496	2019	216	27129.6	10.1	24.6	1.4045	1.6	0
496	2019	217	17193.6	13.1	27.2	1.5078	2.1	21.8
496	2019	218	12096	15.2	22.4	1.8416	2.8	3.1
496	2019	219	11059.2	14.7	23.1	1.8531	1.9	9.2
496	2019	220	25142.4	13.3	24.8	1.6724	1.7	0
496	2019	221	26006.4	11.4	31.1	1.6637	1.9	0.7
496	2019	222	10886.4	15.3	21.5	1.7327	1.8	8.1
496	2019	223	25660.8	12.5	26.5	1.6746	2	6.7
496	2019	224	9417.6	13.2	18.1	1.6691	1.5	32.7
496	2019	225	10713.6	11	18.7	1.3663	1.8	2.1
496	2019	226	23587.2	8.7	20	1.2086	1.3	0
496	2019	227	13996.8	8.5	18.5	1.252	2.2	4.2
496	2019	228	22550.4	11.3	21.4	1.3739	1.7	0
496	2019	229	10886.4	10.8	22.9	1.3991	1.7	0
496	2019	230	24969.6	13.7	30.3	2.0583	1.5	19.2
496	2019	231	9763.2	15.3	22.8	1.8925	1.6	15
496	2019	232	5961.6	11.4	18.1	1.6089	1.3	26.9
496	2019	233	10281.6	11.2	15.3	1.4447	1	0
496	2019	234	5875.2	11.8	16.1	1.4165	1	0
496	2019	235	5788.8	9.9	20	1.426	1.4	0
496	2019	236	20304	12.1	25.7	1.7877	1.2	0
496	2019	237	23673.6	12.5	26.7	1.7078	1.7	0
496	2019	238	23414.4	13.2	26.9	1.7561	1.6	0
496	2019	239	23587.2	13.4	28.2	1.6675	1.9	0
496	2019	240	18316.8	14.9	28.6	1.8193	1.7	0.9
496	2019	241	13824	14.4	24.3	1.9281	1.7	20.9
496	2019	242	23414.4	12.3	26.8	1.7025	1.5	0
496	2019	243	21427.2	12.3	28.1	1.8197	1.7	0
496	2019	244	15292.8	13.4	24.4	1.5915	2.1	32.4
496	2019	245	5875.2	7.6	14.6	1.1882	1.1	2.2
496	2019	246	20390.4	7.2	20.7	1.2414	1.4	0
496	2019	247	22032	7.7	23.7	1.2825	1.8	0
496	2019	248	5702.4	9.3	14.5	1.2528	1.2	13.7
496	2019	249	5616	9	13.4	1.1828	1.1	15.1
496	2019	250	7171.2	7.8	14.9	1.1678	1.4	3.7
496	2019	251	5529.6	5.6	10.2	0.9903	1.3	11
496	2019	252	12355.2	6	14.7	1.1053	2	4.4
496	2019	253	19353.6	5.3	19.5	1.1364	1.4	0
496	2019	254	17884.8	8.4	20.3	1.3066	1.3	0
496	2019	255	18489.6	11.3	22.7	1.4318	1.4	0
496	2019	256	20131.2	9.7	24.1	1.4804	1.4	0
496	2019	257	18748.8	9.2	23.6	1.5646	1.3	0
496	2019	258	19785.6	10.5	25.2	1.5923	1.7	0
496	2019	259	18921.6	11.8	25.7	1.5983	1.9	0
496	2019	260	16156.8	10.6	21.9	1.4206	1.6	0
496	2019	261	13737.6	5	16.7	0.909	1.6	0
496	2019	262	18230.4	3	15.4	0.814	1.5	0
496	2019	263	18057.6	1.2	15.9	0.8124	1.3	0
496	2019	264	18403.2	2.5	21.4	1.0893	1.4	0
496	2019	265	12355.2	8.3	23.4	1.4208	1.5	6
496	2019	266	4665.6	8.7	15.9	1.2862	2.1	6.8
496	2019	267	11577.6	5.6	17.4	1.1388	1.4	2.3
496	2019	268	10627.2	10.4	16.2	1.2663	2.4	4.8
496	2019	269	4492.8	10.3	15.4	1.3482	1.9	0.1
496	2019	270	10972.8	10.8	20.7	1.4296	2.1	18.2
496	2019	271	12355.2	9.6	17.2	1.2746	2.2	0.1
496	2019	272	15811.2	6.9	22	1.1343	2	0.6
496	2019	273	12355.2	8.1	17.2	1.0821	3.4	0
496	2019	274	15552	6.7	21.7	1.1322	2.2	5.4
496	2019	275	8294.4	5	15.6	1.0891	2.7	10.2
496	2019	276	11836.8	1.7	12.6	0.8094	1.6	0
496	2019	277	5356.8	1.8	10.7	0.8084	2.6	8.2
496	2019	278	4060.8	6.9	11.2	1.036	2.4	11.1
496	2019	279	3974.4	6.2	12.6	1.0843	1.2	19.7
496	2019	280	10022.4	4.6	12.9	0.9589	2.2	0
496	2019	281	7430.4	4.6	18.9	0.9372	2.3	20.4
496	2019	282	3801.6	7.9	14.9	1.2255	2.3	27.2
496	2019	283	8640	4.4	12.7	0.9126	3.1	0.1
496	2019	284	13910.4	2.8	18.8	0.9966	1.7	0
496	2019	285	13824	5.1	22.8	1.0504	1.9	0
496	2019	286	13651.2	6.8	23.3	1.2644	1.7	0
496	2019	287	12268.8	6	21.9	1.2414	1.6	0
496	2019	288	10627.2	5.8	23.9	1.282	2.3	3.6
496	2019	289	12873.6	5.1	17	0.9474	2.1	0
496	2019	290	10886.4	5	18.9	1.0055	1.6	0
496	2019	291	7257.6	8	19.2	1.1979	1.4	0
496	2019	292	5616	5.7	14	1.0811	1.1	1.1
496	2019	293	8380.8	4.6	19.6	1.1565	1.6	0
496	2019	294	5184	7.4	16.1	1.2129	1.2	1.7
496	2019	295	3801.6	9.5	14.3	1.2388	1.3	0
496	2019	296	10886.4	5.7	20.4	1.2909	1.3	0
496	2019	297	5270.4	7.6	18.8	1.3036	1.4	0.5
496	2019	298	6825.6	5.7	15.9	1.0613	1.3	0
496	2019	299	11318.4	4.1	22.4	1.1558	1.5	0
496	2019	300	10886.4	7.4	20	1.0961	2.1	3.6
496	2019	301	2851.2	6.1	11.7	1.094	1.3	6.1
496	2019	302	2851.2	4.5	7.5	0.8693	1.3	17.4
496	2019	303	2764.8	3.8	5.7	0.7713	1.4	15.6
496	2019	304	2764.8	3.7	8	0.8604	1.1	1.1
496	2019	305	2678.4	4.3	12.8	1.0239	1.2	1.6
496	2019	306	4838.4	6.1	16.4	1.1468	1.5	0.3
496	2019	307	2678.4	6.3	11.5	1.0142	1.6	6.3
496	2019	308	6566.4	4.9	13.1	0.8719	2.2	4.8
496	2019	309	2592	1.8	8.1	0.7908	1.7	0.9
496	2019	310	3974.4	2.4	8.5	0.7648	2.1	0
496	2019	311	6480	-1.2	9.1	0.6644	1.4	1.4
496	2019	312	2419.2	2.4	4.7	0.7169	1.7	1.3
496	2019	313	4752	-3.1	6.6	0.5892	1.7	0.5
496	2019	314	8899.2	-5.1	6.5	0.5721	1.5	0
496	2019	315	4665.6	-3.1	3	0.5723	1.1	6.3
496	2019	316	2332.8	1.3	4.9	0.6639	1.7	3.4
496	2019	317	4147.2	-2.7	5.5	0.5949	1.6	0.1
496	2019	318	5011.2	-5.3	7.2	0.517	1.6	0
496	2019	319	3024	-1.1	7	0.6343	1.3	2.8
496	2019	320	3801.6	0.1	6.9	0.7144	1.1	0.6
496	2019	321	2160	2.4	3.6	0.7123	1.3	0
496	2019	322	4492.8	0.9	6.8	0.6196	2	0
496	2019	323	3542.4	-2.4	4.2	0.5674	1.1	0
496	2019	324	2073.6	2.3	4.2	0.6556	1.1	0
496	2019	325	2073.6	0.3	3.8	0.6516	1.2	0
496	2019	326	4924.8	-2.4	6.2	0.6586	1.1	0
496	2019	327	3542.4	-2.5	14.5	0.6824	1.4	0
496	2019	328	1987.2	0	9.6	0.7224	1.1	0
496	2019	329	6652.8	-1.7	9.2	0.743	1.3	0.2
496	2019	330	4147.2	1	11.7	0.8523	1.1	0
496	2019	331	3628.8	1.3	10.4	0.7678	2.3	0.4
496	2019	332	3283.2	3.8	8.6	0.7772	2.9	4.4
496	2019	333	1900.8	0.2	6.5	0.6991	2.7	18.6
496	2019	334	5443.2	-3.6	4.2	0.5495	1.1	0
496	2019	335	1900.8	-3.6	2.3	0.5186	1.1	1.2
496	2019	336	1900.8	-2.7	1.3	0.5051	1.4	0.1
496	2019	337	6652.8	-6.2	2.5	0.4375	1.2	0
496	2019	338	6566.4	-7.3	4.3	0.4709	0.9	0
496	2019	339	6566.4	-6.5	8	0.5612	1	0
496	2019	340	6480	-6.2	10.3	0.4603	1.7	1
496	2019	341	2160	4.5	7.9	0.7677	2.9	2.6
496	2019	342	5875.2	-0.1	10	0.617	2.5	1
496	2019	343	5356.8	1.7	8.6	0.6697	3.6	7.6
496	2019	344	4752	-5.7	2.5	0.4674	1.8	0
496	2019	345	3196.8	-6.5	3.3	0.4674	2	1.8
496	2019	346	2073.6	-6.4	1.6	0.4662	1.9	1.1
496	2019	347	1814.4	-6.1	3.7	0.4702	3.2	4.5
496	2019	348	2419.2	1.2	8.1	0.6298	4.2	5.1
496	2019	349	3283.2	2	12.6	0.6951	2.2	0
496	2019	350	4060.8	-1.4	10.8	0.7003	1.7	0
496	2019	351	1728	0.6	16.3	0.7406	1.8	0
496	2019	352	3628.8	0.6	12.7	0.7919	1.2	0
496	2019	353	5356.8	-0.9	13.4	0.7608	1.7	0
496	2019	354	2505.6	-1.6	12.7	0.6977	2.1	10.4
496	2019	355	1728	-1.9	5.3	0.6493	1.9	2.9
496	2019	356	1728	0.2	7	0.6799	3	7.1
496	2019	357	1728	2.4	4.7	0.6933	3.4	4.6
496	2019	358	1728	0.7	7.2	0.6725	3.6	4.8
496	2019	359	1814.4	2.3	5.6	0.6806	3.7	6.5
496	2019	360	5616	-3.8	4.7	0.5429	1.5	1.3
496	2019	361	1814.4	1.6	4.4	0.7047	1.8	4.6
496	2019	362	1814.4	-4.8	2	0.4854	1.3	0
496	2019	363	6307.2	-7.6	4.1	0.4515	1.3	0
496	2019	364	6307.2	-6.4	8	0.518	1.3	0
496	2019	365	5616	-4.3	8.9	0.5768	1.2	0
