*---------------------------------------------------------------------------*
* Station name: KEMPTEN                                 
* Year: 1991
* Author: Pedro Alencar                                   -999.000: NIL VALUE
* Source: ECAD 
* Comments: 
* Longitude: 47.7242, latitude: 47.7242, altitude: 705 m.
*
* Column  Daily value
* 1       station number
* 2       year
* 3       day
* 4       irradiation                   (kJ m-2 d-1)
* 5       minimum temperature           (degrees Celsius)
* 6       maximum temperature           (degrees Celsius)
* 7       early morning vapour pressure (kPa)
* 8       mean wind speed (height: 2 m) (m s-1)
* 9       precipitation                 (mm d-1)
*
** WCCDESCRIPTION=GERMANY, KEMPTEN                                 
** WCCFORMAT=2
** WCCYEARNR=1991
*---------------------------------------------------------------------------*
   47.7242  10.3364    705.  -0.18 -0.55
496	1991	1	1814.4	0.4	6.4	0.6937	2.5	3.9
496	1991	2	1814.4	-1.9	7.1	0.6261	3	8.8
496	1991	3	4665.6	2.9	12.1	0.7668	2.8	0
496	1991	4	4752	0.8	8.7	0.6942	2	3.5
496	1991	5	5788.8	0.1	4	0.4816	2.4	2.7
496	1991	6	3888	1.1	6	0.5908	3	1.2
496	1991	7	1900.8	2.3	7	0.7744	2.1	9.1
496	1991	8	5961.6	0	9	0.6653	1.7	0
496	1991	9	4233.6	-0.7	8.8	0.4896	1.8	0
496	1991	10	6048	1.3	15.6	0.5637	2	0
496	1991	11	1987.2	6.6	12	0.9248	2	4.3
496	1991	12	1987.2	1.2	6.6	0.7429	1	11.3
496	1991	13	1987.2	-0.2	1.2	0.6209	0.8	12.2
496	1991	14	2073.6	-2	0	0.5339	2.7	0
496	1991	15	2851.2	-9.5	-2	0.3664	0.9	0
496	1991	16	2419.2	-10.4	-4.2	0.3323	0.7	0
496	1991	17	7430.4	-12.5	2	0.3682	0.8	0
496	1991	18	6134.4	-12	-4.1	0.3169	0.5	0
496	1991	19	6566.4	-13.6	2	0.3332	0.8	0
496	1991	20	4060.8	-1.8	1	0.5163	0.7	0
496	1991	21	2246.4	-1.9	0.4	0.5033	1.3	1.8
496	1991	22	2246.4	-3	-0.6	0.4874	1.4	0
496	1991	23	2246.4	-6.6	-3	0.3809	1.1	0
496	1991	24	2332.8	-7	-3.9	0.3545	1.3	0
496	1991	25	7862.4	-12.1	-1.6	0.3001	0.8	0
496	1991	26	7862.4	-13.5	-1.6	0.2913	0.9	0
496	1991	27	2419.2	-8.2	-4.5	0.3537	1.4	0
496	1991	28	2419.2	-10.5	-4.2	0.3134	1.6	0.1
496	1991	29	8726.4	-14.6	-2.6	0.2716	0.9	0
496	1991	30	8812.8	-16.4	-3.1	0.2481	0.7	0
496	1991	31	6480	-12.3	-6.6	0.2839	0.8	0
496	1991	32	8380.8	-11.9	-4	0.279	0.8	0
496	1991	33	9244.8	-15.2	1.4	0.2844	1	0
496	1991	34	9158.4	-12.3	2.2	0.336	0.9	0
496	1991	35	8294.4	-8	0.5	0.3521	0.7	0
496	1991	36	3715.2	-14	-6.4	0.2366	0.9	0.2
496	1991	37	6307.2	-13.9	-9.2	0.215	1.2	0
496	1991	38	8035.2	-15.9	-7.3	0.1789	0.8	0
496	1991	39	6912	-10.3	-0.5	0.3313	1.3	0.7
496	1991	40	4492.8	-11.6	-0.3	0.3098	0.9	1.5
496	1991	41	2937.6	-5.5	2.3	0.4892	1.9	5.5
496	1991	42	10022.4	-14.2	-3	0.2588	1.9	0
496	1991	43	8294.4	-13	-2.2	0.2798	1.5	0.2
496	1991	44	4492.8	-7	-4.2	0.3182	1.7	0.3
496	1991	45	7689.6	-10.9	-3.3	0.2908	2.4	1.2
496	1991	46	6912	-6.4	-2	0.3538	3	5.3
496	1991	47	6048	-3.5	0.9	0.5056	3.6	1
496	1991	48	11750.4	-13.3	2.5	0.3149	1.2	0
496	1991	49	9158.4	-13.9	6.3	0.3323	0.9	0
496	1991	50	12096	-7	8.1	0.515	1.1	0
496	1991	51	12441.6	-7.4	9	0.518	1.1	0
496	1991	52	12268.8	-4.7	8.2	0.5476	1.1	0
496	1991	53	8208	-2.1	5.9	0.5605	1.7	0.7
496	1991	54	3542.4	-2.9	7.9	0.4827	1.4	0
496	1991	55	12960	-0.9	14.4	0.7776	1.4	0
496	1991	56	12355.2	0.2	13.4	0.7507	1.2	0
496	1991	57	13392	-2.6	13.6	0.7404	1.2	0
496	1991	58	13564.8	-3	11.1	0.7181	1.3	0
496	1991	59	3801.6	-1.9	6	0.6516	0.6	0.1
496	1991	60	9676.8	-0.7	6.2	0.67	1	0
496	1991	61	9158.4	-1.9	11.1	0.6785	1.2	0.8
496	1991	62	6307.2	3.1	9.4	0.8559	1.1	0.1
496	1991	63	14169.6	0.2	11	0.7819	1.3	0
496	1991	64	6912	0	13.7	0.7731	0.9	0
496	1991	65	10972.8	1.8	17.3	0.8453	1.1	0
496	1991	66	10108.8	3.6	19.7	0.8078	1.1	0
496	1991	67	7430.4	7	19.2	0.8734	1.9	0
496	1991	68	4406.4	4.2	8.3	0.8464	2.1	3.6
496	1991	69	7430.4	4	11.3	0.8689	1.3	0
496	1991	70	5961.6	2.8	10.3	0.8058	1.4	0
496	1991	71	16243.2	-1.8	14.1	0.7273	1.3	0
496	1991	72	17020.8	-2	11.7	0.7336	1.3	0
496	1991	73	15552	-0.9	15.1	0.7461	1.5	0
496	1991	74	7948.8	2.1	15	0.7234	1.2	0
496	1991	75	17452.8	-0.8	15.9	0.7486	1.9	0
496	1991	76	10195.2	1.4	14.4	0.7348	1.5	2.9
496	1991	77	4924.8	5.6	9.2	0.9263	1.6	0.6
496	1991	78	6566.4	3.3	12.1	0.7878	2.3	10.5
496	1991	79	6912	7.3	13	1.0534	2.7	4.1
496	1991	80	12873.6	7.3	17.4	1.061	1.4	0
496	1991	81	7862.4	2.2	9.1	0.8485	1.8	15.8
496	1991	82	7516.8	2.1	9	0.7883	1	0
496	1991	83	5788.8	5.7	9.6	0.9108	1	0.1
496	1991	84	5356.8	5.2	8.6	0.9349	2	1.4
496	1991	85	5443.2	2.9	6.2	0.786	1.5	3.4
496	1991	86	5443.2	-0.5	2.9	0.6331	1	2
496	1991	87	13046.4	-4.6	3	0.4553	1.2	0.6
496	1991	88	11923.2	-2.2	1	0.4562	1.9	0
496	1991	89	9072	-4.2	4.1	0.4688	1	0
496	1991	90	18835.2	-5.1	9.1	0.5646	1.1	0
496	1991	91	20908.8	-2.4	13.5	0.6252	1.3	0
496	1991	92	15724.8	1.6	15.4	0.7764	1.2	0
496	1991	93	16070.4	4.4	16.2	0.8137	1.7	11.1
496	1991	94	5961.6	4.3	9	0.8994	0.7	9.5
496	1991	95	6566.4	3	7.2	0.7991	0.9	16.2
496	1991	96	12528	1	9.2	0.7025	1.1	0
496	1991	97	8899.2	2.2	9.9	0.7035	2.2	0.2
496	1991	98	8294.4	4.7	8.9	0.8297	2.3	1.6
496	1991	99	9676.8	3	11.3	0.8094	0.8	0
496	1991	100	22464	-1.5	16	0.7436	1.1	0
496	1991	101	23587.2	-0.3	15	0.6051	1.7	0
496	1991	102	23846.4	-1.3	16.2	0.7126	1.2	0
496	1991	103	21945.6	0.3	14.9	0.8034	1.9	0
496	1991	104	18057.6	2.7	15	0.8518	1.1	0.2
496	1991	105	24192	-0.1	16.4	0.7907	1.7	0
496	1991	106	23932.8	0	17	0.6322	2.4	8.8
496	1991	107	8035.2	-2.9	7.4	0.5891	1	0.1
496	1991	108	9417.6	-3.9	2.1	0.5264	1.1	6.2
496	1991	109	12268.8	-2.2	4.5	0.5378	1.9	0.8
496	1991	110	9331.2	-0.8	2.9	0.501	1.4	0
496	1991	111	19180.8	-1.9	5.9	0.501	1.5	0
496	1991	112	23587.2	-4.1	8.2	0.3541	2.4	0.6
496	1991	113	12528	-0.7	4.3	0.6679	1.6	7.6
496	1991	114	16243.2	-2.7	7.1	0.5584	1	0
496	1991	115	23932.8	-5	11.1	0.4639	1.1	0
496	1991	116	23241.6	-3.2	13.1	0.504	1.6	0
496	1991	117	19094.4	-1.3	13.2	0.6893	1.6	2.7
496	1991	118	19180.8	0.4	14	0.7918	1.6	3.5
496	1991	119	10800	2.7	10.6	0.8701	1.3	5.8
496	1991	120	9590.4	3.1	10.8	0.8483	2.2	2.4
496	1991	121	18576	5.9	14	0.9783	2.2	6.4
496	1991	122	7344	3.4	6.9	0.8107	1.2	6.2
496	1991	123	7430.4	2.2	5.4	0.6976	0.9	4.2
496	1991	124	8380.8	0.4	6.1	0.6556	1	5.1
496	1991	125	14256	0.5	8.2	0.675	0.7	0.4
496	1991	126	7516.8	2.8	5.2	0.7562	0.8	7.6
496	1991	127	10195.2	2.9	8.8	0.8696	0.9	1.8
496	1991	128	21513.6	-0.2	13	0.7687	1.4	0.3
496	1991	129	24192	-0.2	15.3	0.759	1.7	0
496	1991	130	16156.8	1.9	16.3	0.9125	1	4.4
496	1991	131	7689.6	6	9.1	0.9878	2.1	60.2
496	1991	132	7776	4.7	7.7	0.8909	1.9	6.8
496	1991	133	16502.4	4.8	12.8	0.9281	1.1	0
496	1991	134	19526.4	2.9	15.2	0.8518	1.9	6.5
496	1991	135	14083.2	4	8.9	0.7425	1.8	2.6
496	1991	136	12787.2	1.4	7	0.7092	1.6	6.6
496	1991	137	13046.4	0.6	7.4	0.7074	1	13.6
496	1991	138	16329.6	0.9	9	0.7561	1.3	4.2
496	1991	139	18748.8	1.9	10.9	0.7495	0.9	0.1
496	1991	140	19526.4	5.1	14.9	0.908	1.4	0
496	1991	141	29289.6	4.2	19.3	0.9372	1.9	0
496	1991	142	24537.6	10	21.6	1.2549	1.7	0
496	1991	143	25488	7.4	15.3	0.7517	2.3	0
496	1991	144	25574.4	4.1	11.3	0.6723	1.6	0
496	1991	145	19785.6	-0.8	13.9	0.6505	1.6	10.2
496	1991	146	8208	6	9	0.9741	1.6	9
496	1991	147	26956.8	1.2	14.5	0.7323	1	0
496	1991	148	30067.2	0.6	18.3	0.6622	1.5	0
496	1991	149	29376	2.9	17.7	0.7386	1.3	0
496	1991	150	30585.6	4.6	19.6	0.7616	1.6	0
496	1991	151	30412.8	4.2	21.2	0.9389	1.3	0
496	1991	152	27302.4	7.3	23.1	1.0178	1.6	0.1
496	1991	153	24883.2	5.8	21.2	1.0511	1.2	12.8
496	1991	154	12614.4	10.7	14	1.1183	2.7	3.2
496	1991	155	8467.2	7	11.4	0.9768	4.5	6
496	1991	156	20304	4.8	14.2	0.8662	4	1.8
496	1991	157	12614.4	6.9	13.6	1.0855	6	2.4
496	1991	158	17712	5.4	17	1.1563	3.5	1.4
496	1991	159	9936	9	13	1.2197	14	9.2
496	1991	160	11577.6	9	18.1	1.2406	3	9.3
496	1991	161	7344	10.9	14.4	1.2137	2.5	0.6
496	1991	162	22550.4	10.3	18.3	1.1722	1	0.2
496	1991	163	25315.2	8.1	24.2	1.1366	4	3.4
496	1991	164	21600	11.9	20.3	1.3705	1.9	16.5
496	1991	165	14601.6	10.2	17.8	1.2454	2.2	0.2
496	1991	166	27734.4	11.7	25.4	1.5357	1.9	0.1
496	1991	167	7344	12.6	17.7	1.5649	1.8	49
496	1991	168	7344	1.4	12.6	0.9613	0.9	58.3
496	1991	169	18576	3.4	12.8	0.8959	2.3	0.6
496	1991	170	21600	4	15.4	0.8057	1.9	0.2
496	1991	171	13219.2	6.4	15.7	1.0527	1.4	8.6
496	1991	172	23155.2	10.7	20.5	1.3629	2.5	0.1
496	1991	173	30067.2	10.8	26.6	1.3564	1.5	0.2
496	1991	174	28944	13.7	25.2	1.6243	2	5.3
496	1991	175	21427.2	14	23.8	1.5043	2.8	2.8
496	1991	176	26352	15.4	25.5	1.5839	2.4	0
496	1991	177	24278.4	15.1	26.8	1.8561	2.5	3.9
496	1991	178	11059.2	7	16.2	1.1873	2	21.7
496	1991	179	11318.4	7.5	11.9	1.0342	3.6	10.4
496	1991	180	16934.4	6.1	13.5	1.017	2.7	0.2
496	1991	181	29808	5.9	20.4	1.0274	1.8	0
496	1991	182	30067.2	7.9	25	1.1024	1.6	0
496	1991	183	30153.6	9.8	25.9	1.0819	2.2	0
496	1991	184	29808	9	25.4	1.3128	2	0
496	1991	185	27216	13.4	25.1	1.6934	2.2	0
496	1991	186	27043.2	15.9	27.1	1.8941	1.6	0
496	1991	187	29462.4	13	28.7	1.7956	1.6	0
496	1991	188	26006.4	13	28.7	1.648	1.4	0.7
496	1991	189	27993.6	14.8	27	1.6777	1.7	21.9
496	1991	190	10368	16.4	20.2	1.9739	0.9	2.9
496	1991	191	27820.8	12.3	26.4	1.7712	1.7	0
496	1991	192	29635.2	15.1	30	1.8008	2.5	0
496	1991	193	27820.8	17.4	30.5	2.0188	2.6	24.9
496	1991	194	26006.4	16	26.4	1.9853	1.6	7.2
496	1991	195	8726.4	14.4	19.7	1.7469	2	7.9
496	1991	196	25401.6	13	23	1.5043	1.4	0
496	1991	197	26611.2	12.4	24	1.4816	1.5	0
496	1991	198	15811.2	11.9	18.9	1.4853	1.4	11.7
496	1991	199	22032	12.5	21.3	1.3266	2.1	0.8
496	1991	200	11404.8	16.4	20.6	1.7861	2.4	1
496	1991	201	27648	15.4	24.3	1.6188	1.7	0
496	1991	202	21081.6	13.2	21.7	1.4333	0.9	0
496	1991	203	28339.2	9.8	23.2	1.2934	1.1	0
496	1991	204	28598.4	10.3	28.3	1.4304	1.6	0.1
496	1991	205	18057.6	14.6	25.7	1.9318	2.4	6.4
496	1991	206	8035.2	12.7	16.7	1.5035	2.2	5.2
496	1991	207	7603.2	10.1	13	1.265	2	26.9
496	1991	208	13046.4	10.2	16.8	1.4529	1	8
496	1991	209	22032	7.3	19.6	1.2479	1.4	0
496	1991	210	27561.6	11.4	25.1	1.4862	1.3	0
496	1991	211	26265.6	12	27.3	1.5761	1.4	0
496	1991	212	6652.8	14.2	20.1	1.6212	1.4	21.3
496	1991	213	6652.8	11.9	14.5	1.4248	2	20.7
496	1991	214	6566.4	12.6	16.1	1.4209	1.8	0
496	1991	215	7776	13.2	18.7	1.6109	1.1	0.2
496	1991	216	13564.8	13.5	22.4	1.705	0.9	3.5
496	1991	217	25747.2	10.9	25.2	1.5091	1.3	0
496	1991	218	25833.6	11.4	27.9	1.5075	1.2	0
496	1991	219	26611.2	13.9	31.5	1.5694	1.2	0
496	1991	220	17712	14.3	26	1.8376	1.8	3.5
496	1991	221	13737.6	13	21.5	1.7495	1	0
496	1991	222	19699.2	15.8	24.7	1.9438	0.8	0
496	1991	223	26352	13.7	27.1	1.7465	1.1	0
496	1991	224	20476.8	15.2	24.7	1.8848	1.5	28
496	1991	225	25315.2	13.6	25.8	1.6955	1.2	0
496	1991	226	22809.6	13.2	25.8	1.6067	1	0
496	1991	227	22204.8	11.5	24.4	1.5407	1	0
496	1991	228	22809.6	11.9	25.8	1.4344	1.4	0
496	1991	229	24883.2	11.2	24.4	1.3838	1.7	0
496	1991	230	16156.8	13.9	20.4	1.4259	1.5	0
496	1991	231	24451.2	9.3	20	1.1823	1.4	0
496	1991	232	22896	5.4	22.3	1.1543	1.1	0
496	1991	233	24883.2	8.3	24.9	1.245	1.1	0
496	1991	234	24364.8	9.9	28.9	1.5068	1.1	0
496	1991	235	13564.8	14.3	21.9	1.7212	1.4	1.8
496	1991	236	10627.2	13.3	22.1	1.7391	1	1.5
496	1991	237	13996.8	13.8	23.4	1.7545	0.6	0
496	1991	238	22896	10.2	24.4	1.5578	0.9	0
496	1991	239	22291.2	9.3	22	1.2074	1.1	0
496	1991	240	21340.8	7.6	22.4	1.2433	1	0
496	1991	241	20649.6	6.9	19.6	1.1101	1.3	0
496	1991	242	23414.4	4.4	20.8	1.0057	1.3	0
496	1991	243	23241.6	4.5	23.2	1.1385	1.2	0
496	1991	244	22550.4	7.1	24.7	1.3351	1	0
496	1991	245	15465.6	10.7	22.7	1.5187	1.3	0
496	1991	246	21859.2	8	24.2	1.4071	1.1	0
496	1991	247	21340.8	7.6	24.6	1.4253	1.1	0
496	1991	248	20822.4	9.9	24.6	1.3367	1.3	0
496	1991	249	19958.4	8.9	22.1	1.3014	1.2	0
496	1991	250	15897.6	9.5	17	1.0645	1.1	0
496	1991	251	21340.8	2.7	19.2	0.9935	1.1	0
496	1991	252	20995.2	4.9	23	1.1141	1.3	0
496	1991	253	20044.8	7.7	25.7	1.0441	1.9	0
496	1991	254	9158.4	13.1	21.7	1.6272	1.3	12.8
496	1991	255	11577.6	13.8	21	1.7462	1	1.6
496	1991	256	5270.4	13.1	14.9	1.4849	1.2	0
496	1991	257	5184	12.3	16.3	1.4326	0.2	0
496	1991	258	6652.8	13.4	19.5	1.5883	0.5	0
496	1991	259	17539.2	10.8	22.1	1.4575	1.2	2.6
496	1991	260	11836.8	13.6	20.4	1.6059	2.1	0.9
496	1991	261	18316.8	9.9	22.4	1.3932	1.2	0
496	1991	262	17366.4	6.7	23.6	1.2897	1.1	0
496	1991	263	8294.4	8.8	19.3	1.4257	0.6	1
496	1991	264	11145.6	7.5	22.1	1.3283	1	0
496	1991	265	14688	12.2	25	1.562	1.6	24.6
496	1991	266	5875.2	9.8	13.9	1.1654	1.8	0.3
496	1991	267	17539.2	8.7	21.6	1.2725	1.1	0
496	1991	268	16848	10.2	24.7	1.4134	1.2	0
496	1991	269	5875.2	10	17.7	1.4705	1.5	26.1
496	1991	270	7948.8	7.9	12.4	1.0658	2.6	4
496	1991	271	9849.6	3.5	15.6	0.9881	1	0
496	1991	272	9244.8	7.7	17.7	1.247	0.9	0
496	1991	273	4320	8.6	13.1	1.0908	2	3.4
496	1991	274	13478.4	8.8	16.4	1.1806	2	5.4
496	1991	275	11145.6	8.5	12.8	0.9482	2.9	0.1
496	1991	276	15638.4	2.2	17.1	0.9229	0.9	0
496	1991	277	15465.6	2.5	20.3	1.0101	0.9	0
496	1991	278	14947.2	5.3	21	1.1785	1.1	0
496	1991	279	3974.4	6.3	11.8	1.0821	1.2	1.2
496	1991	280	5529.6	10.1	14.2	1.2594	0.4	0
496	1991	281	5702.4	10.2	14.5	1.2044	0.5	0
496	1991	282	13392	4.9	19	1.0753	0.8	0
496	1991	283	14515.2	3.7	20	1.096	1.1	0
496	1991	284	10281.6	2.7	14.8	1.004	0.9	0
496	1991	285	5875.2	7.6	14.7	1.2187	1.1	1.4
496	1991	286	4060.8	6.3	13.1	1.0703	0.5	0.6
496	1991	287	10627.2	3.2	17	1.0252	0.9	0.1
496	1991	288	10108.8	7.9	15.3	1.2009	0.7	0
496	1991	289	10368	7.2	16.5	1.1238	0.9	0
496	1991	290	3369.6	7.3	13.3	0.9389	2.8	15.1
496	1991	291	4233.6	3.8	10.2	0.8111	3.3	2.1
496	1991	292	3283.2	1.8	5.2	0.6673	1.5	2.6
496	1991	293	6048	0.8	4.9	0.6897	1.4	3.4
496	1991	294	4492.8	0.8	5.2	0.682	0.5	2.2
496	1991	295	8985.6	-3.1	4.6	0.5225	0.7	0
496	1991	296	3542.4	-4.9	5.1	0.4924	0.7	0
496	1991	297	11059.2	-2	9.2	0.6325	0.7	0
496	1991	298	11318.4	0.9	9.8	0.7149	1.1	0
496	1991	299	4320	0.9	6	0.7118	1.3	0
496	1991	300	6393.6	-0.8	4.9	0.6587	0.9	0
496	1991	301	5184	-0.4	6.4	0.6971	0.8	0
496	1991	302	2851.2	0	3.9	0.661	0.7	0
496	1991	303	2764.8	-0.2	3.5	0.6538	0.6	0
496	1991	304	4320	1.9	8.2	0.7701	0.8	0
496	1991	305	10195.2	-0.7	13.5	0.7495	0.9	0
496	1991	306	2678.4	-0.8	11.5	0.7774	1.4	2.3
496	1991	307	9504	5	17.2	1.0166	1.8	0.8
496	1991	308	2592	4.5	9.9	0.8832	2.3	5.7
496	1991	309	3801.6	2.8	6.7	0.6342	2.9	1.7
496	1991	310	2505.6	0.5	3.8	0.6705	1.1	3.7
496	1991	311	2505.6	-0.4	5.3	0.5903	3.3	6.3
496	1991	312	7171.2	5.1	8.9	0.6909	3.8	0.7
496	1991	313	2419.2	0	7.4	0.7643	2.6	18.7
496	1991	314	4924.8	-3.2	3.3	0.558	1.3	0.6
496	1991	315	5529.6	-4.9	6.7	0.45	1.8	0.7
496	1991	316	5443.2	1.3	10.9	0.7059	1.8	0.2
496	1991	317	3715.2	0.5	13	0.6398	1.3	17.6
496	1991	318	2246.4	0.3	6.7	0.6673	1.8	2.2
496	1991	319	2505.6	-1.2	6.5	0.5987	0.8	0.3
496	1991	320	2160	-0.1	3.8	0.6493	0.8	27.4
496	1991	321	2160	-2.9	0.8	0.532	0.9	2.8
496	1991	322	3196.8	-7.8	4.7	0.5073	1.6	1.8
496	1991	323	6912	1.7	8.2	0.7735	1	0
496	1991	324	2073.6	0.1	2.2	0.6441	0.6	3.7
496	1991	325	2073.6	-0.2	0.7	0.5973	1	0.7
496	1991	326	2073.6	-0.4	1.2	0.6101	0.7	0
496	1991	327	1987.2	0	1.3	0.5892	0.8	0
496	1991	328	1987.2	-0.8	0.7	0.5662	1.1	0
496	1991	329	5875.2	-1.1	5.9	0.6099	1.1	0
496	1991	330	7430.4	-3.5	8.8	0.5692	1.2	0
496	1991	331	7084.8	-3.9	9.8	0.6041	1	0
496	1991	332	6825.6	-3	9.7	0.6447	0.9	0
496	1991	333	6652.8	-4.3	8.7	0.6228	1	0
496	1991	334	6048	-6.7	6.2	0.528	0.6	0
496	1991	335	5529.6	-7	-1	0.4137	1	0
496	1991	336	1900.8	-4.5	-2.2	0.4487	0.6	0
496	1991	337	4665.6	-5.9	-0.8	0.4535	0.6	0
496	1991	338	1900.8	-6	-3.1	0.4231	0.6	0
496	1991	339	2160	-5.8	-1.3	0.4326	0.7	1.6
496	1991	340	4320	-6.9	-1.6	0.3792	0.5	1
496	1991	341	1814.4	-6	-0.7	0.4248	0.6	0.1
496	1991	342	1814.4	-5.6	-1.9	0.4262	0.6	0
496	1991	343	3196.8	-7.4	-1.4	0.3706	1.7	0
496	1991	344	4147.2	-13.9	-7.4	0.2337	1.2	0
496	1991	345	5875.2	-16.2	-1	0.2492	0.6	0
496	1991	346	6220.8	-13.8	1.6	0.2985	0.8	0
496	1991	347	6307.2	-13.8	-0.9	0.2747	1	0
496	1991	348	6307.2	-12.2	1.8	0.3114	1	0
496	1991	349	6220.8	-12.2	4.6	0.3508	0.9	0
496	1991	350	6220.8	-10	7	0.3449	1.3	0.1
496	1991	351	1728	-4.8	3.8	0.5538	2	6.8
496	1991	352	2592	0.5	6.1	0.6656	3.9	12.1
496	1991	353	1728	0	6.9	0.6727	5	18.5
496	1991	354	2073.6	-1.3	7.7	0.684	3.7	7.4
496	1991	355	1728	-1.9	2.4	0.5786	4.8	14.5
496	1991	356	1728	1.4	8.3	0.8199	4.4	12.5
496	1991	357	3628.8	5.9	8.7	0.736	3.4	1.6
496	1991	358	3024	-0.6	6.8	0.6181	2.8	1.5
496	1991	359	1814.4	-1.8	0.7	0.5283	1.3	1.1
496	1991	360	1814.4	-7	1.8	0.3887	3	3.5
496	1991	361	1814.4	-0.2	1.2	0.5829	3.7	4.3
496	1991	362	5443.2	-7.8	1.2	0.4264	0.7	0
496	1991	363	6307.2	-10.5	0.1	0.3363	0.9	0
496	1991	364	6048	-8.4	1.9	0.4184	0.8	0
496	1991	365	4579.2	-9.5	-1.2	0.3736	1	0
