*---------------------------------------------------------------------------*
* Station name: LEEUWARDEN                              
* Year: 2006
* Author: Pedro Alencar                                   -999.000: NIL VALUE
* Source: ECAD 
* Comments: 
* Longitude: 53.2231, latitude: 53.2231, altitude: 0 m.
*
* Column  Daily value
* 1       station number
* 2       year
* 3       day
* 4       irradiation                   (kJ m-2 d-1)
* 5       minimum temperature           (degrees Celsius)
* 6       maximum temperature           (degrees Celsius)
* 7       early morning vapour pressure (kPa)
* 8       mean wind speed (height: 2 m) (m s-1)
* 9       precipitation                 (mm d-1)
*
** WCCDESCRIPTION=GERMANY, LEEUWARDEN                              
** WCCFORMAT=2
** WCCYEARNR=2006
*---------------------------------------------------------------------------*
   53.2231  5.7517    0.  -0.18 -0.55
603	2006	1	691.2	1.4	3.7	0.7119	3.6	1.6
603	2006	2	3024	-1.3	5.3	0.6422	2.1	0
603	2006	3	2937.6	-2.4	3.9	0.5806	2.5	0.5
603	2006	4	1382.4	-1.8	3	0.5743	3.3	0
603	2006	5	345.6	-2	1.9	0.5479	4.8	0
603	2006	6	432	-0.3	1.6	0.57	4.9	0
603	2006	7	518.4	-0.6	1.1	0.5724	5	0
603	2006	8	518.4	-0.1	0.7	0.5745	4.3	0
603	2006	9	950.4	-2.5	0	0.5186	3.3	0
603	2006	10	950.4	-1.5	4.2	0.6332	6.9	0
603	2006	11	345.6	-0.3	6.3	0.7123	6.8	4.2
603	2006	12	1036.8	-2.1	3.2	0.6168	3.4	0
603	2006	13	3456	-1.2	3.6	0.5797	4.5	0
603	2006	14	3628.8	-2.2	3.7	0.5354	4.7	0
603	2006	15	4060.8	-4.2	3.4	0.4451	3.7	0
603	2006	16	3715.2	-4.3	2.7	0.4726	5.6	1
603	2006	17	777.6	2.6	5.6	0.7616	5.3	4.1
603	2006	18	2851.2	-2.3	6.3	0.6492	3.1	0
603	2006	19	604.8	-0.6	7.4	0.7639	4.8	5.8
603	2006	20	1209.6	4.5	7.9	0.853	6.9	4.6
603	2006	21	2419.2	1.3	7.1	0.7009	6.6	4.9
603	2006	22	3542.4	-4.7	1.3	0.3885	4.5	0
603	2006	23	4406.4	-5.7	-1	0.3103	4.6	0
603	2006	24	3801.6	-5.2	1.1	0.3523	3.5	0
603	2006	25	1987.2	-5.6	5.2	0.5179	6.7	0.5
603	2006	26	2764.8	-0.3	1.8	0.5032	7.7	0
603	2006	27	1814.4	-5.5	1.5	0.4169	3.7	0
603	2006	28	5184	-6.4	0.3	0.3612	4.8	0
603	2006	29	1641.6	-9.1	2.5	0.4504	1.6	0
603	2006	30	3715.2	-3.1	6	0.6377	2.5	0
603	2006	31	1555.2	0.1	3	0.6355	2.1	0
603	2006	32	2592	-3.2	0.1	0.5292	1.5	0
603	2006	33	1123.2	-3.1	2	0.5342	2.1	0
603	2006	34	2160	1.4	5.8	0.7115	3.2	0
603	2006	35	2332.8	1	5.8	0.7015	3.7	0.2
603	2006	36	1296	0.2	5.8	0.7274	3	0.9
603	2006	37	1123.2	0.8	5.9	0.7457	4.7	0.4
603	2006	38	1814.4	5.7	7	0.8714	7.6	0.5
603	2006	39	3283.2	2.7	6.1	0.7192	8.5	7
603	2006	40	2246.4	0.4	4.8	0.6261	10.1	7.6
603	2006	41	1468.8	1	3.9	0.634	4.7	0.2
603	2006	42	1209.6	-2.6	2.7	0.5703	1.2	0
603	2006	43	1814.4	-1.9	3.1	0.6062	4.7	1.2
603	2006	44	2073.6	0.2	3.6	0.6166	4.1	0
603	2006	45	2073.6	2.5	6.3	0.7777	4.9	0.9
603	2006	46	2505.6	4.2	8.6	0.8937	6.8	9.6
603	2006	47	2332.8	2.7	8.6	0.8668	4.5	2.3
603	2006	48	1641.6	3.1	5.6	0.7834	5.1	1.9
603	2006	49	3369.6	-2	6.3	0.6634	2.9	0
603	2006	50	3801.6	0.1	6.4	0.7404	3.6	0
603	2006	51	2419.2	0.6	4.2	0.639	7	0
603	2006	52	2073.6	1.9	3.4	0.6283	8.4	0
603	2006	53	1987.2	-0.8	2.2	0.5014	5.4	0
603	2006	54	4060.8	-1.3	2.5	0.536	2.5	0
603	2006	55	9676.8	-1.5	3.4	0.4909	7.2	0
603	2006	56	6912	-1.8	2.5	0.5076	8.2	0
603	2006	57	7689.6	-1.6	4.6	0.5583	3.8	0.3
603	2006	58	5011.2	-1.9	5.3	0.6147	3	1.9
603	2006	59	6048	-1.9	4.6	0.613	3.8	2.6
603	2006	60	7603.2	-2.2	4.5	0.5909	5	1.6
603	2006	61	9936	-3	4	0.5765	6	2.6
603	2006	62	8985.6	-7.2	3.6	0.5034	2.3	2
603	2006	63	10368	-3.4	4.7	0.5572	5	0
603	2006	64	9590.4	-0.9	6.2	0.6652	4.7	2.1
603	2006	65	9676.8	0.1	4.8	0.634	6.3	2.5
603	2006	66	9590.4	-2.4	5.9	0.5199	3.1	0.1
603	2006	67	1814.4	0.2	2.9	0.6355	5.5	5.7
603	2006	68	2419.2	0.9	3.2	0.687	3.2	2.2
603	2006	69	2592	0.3	5.7	0.7274	4.1	1.9
603	2006	70	8985.6	-3.8	0.3	0.43	7.8	0.2
603	2006	71	11923.2	-8.1	2.4	0.3468	2.2	0
603	2006	72	13910.4	-5.9	1.9	0.3483	4	0
603	2006	73	10540.8	-4.1	3.2	0.3962	4.8	0
603	2006	74	13824	-4.7	2.6	0.4414	6.5	0
603	2006	75	3369.6	0.3	2.4	0.5793	7	0
603	2006	76	4492.8	-2	2.7	0.539	5.1	0
603	2006	77	3974.4	-3.4	1.1	0.5112	3.7	0
603	2006	78	5011.2	-3.6	7.2	0.6331	3	0
603	2006	79	9244.8	1.9	6.8	0.625	5.2	0
603	2006	80	10886.4	-2.7	6	0.4955	3.8	0
603	2006	81	14169.6	-5	5.7	0.4888	2.6	0
603	2006	82	17366.4	-6.4	7.9	0.4064	3.6	0
603	2006	83	8553.6	0.4	9.6	0.6279	5.5	1.4
603	2006	84	5875.2	5.8	11.6	1.0456	4.5	3.1
603	2006	85	14688	9	14.5	1.2542	8.5	14.4
603	2006	86	8640	8.6	16	1.229	8.5	1.2
603	2006	87	15465.6	6.7	11.9	0.9365	10.1	0
603	2006	88	8812.8	4.6	8.7	0.8114	6.8	1.6
603	2006	89	9158.4	5.2	13.7	1.0525	8.6	9.9
603	2006	90	8294.4	7.6	11	1.0419	8.9	1.5
603	2006	91	9417.6	6.1	12.3	1.0233	6.7	2.7
603	2006	92	8726.4	5.5	11.1	0.9738	5.6	6.8
603	2006	93	11318.4	4	9.2	0.8086	6	0.4
603	2006	94	14601.6	2.2	7.7	0.6779	6.4	0.5
603	2006	95	15033.6	0.7	7.5	0.6469	5.6	1.4
603	2006	96	9158.4	0.7	9.2	0.6952	6.7	2.6
603	2006	97	15897.6	3.2	9.7	0.7617	5.3	0.1
603	2006	98	10886.4	4.2	8.3	0.7703	7.5	5.5
603	2006	99	13219.2	2.6	9.5	0.741	6.3	0
603	2006	100	15811.2	0.4	9.3	0.6818	4.6	0
603	2006	101	10368	-1.2	9.4	0.6633	6.5	3.7
603	2006	102	12873.6	4.8	10.5	0.9422	4.9	0.6
603	2006	103	15552	7.1	12.9	0.9939	8.4	1.4
603	2006	104	18835.2	2.7	11.1	0.7857	6	0
603	2006	105	13392	1.8	13	0.7204	3.9	0
603	2006	106	16934.4	6.7	13.7	1.057	3.9	3.3
603	2006	107	17798.4	5.8	11.9	0.9426	5.8	2.1
603	2006	108	9158.4	6.3	10.6	0.9064	4.7	0.8
603	2006	109	12873.6	6.6	13.6	1.0746	5.9	2
603	2006	110	6134.4	7	13.2	1.0993	2.8	5.6
603	2006	111	12096	6.5	16.3	1.1447	2.6	1.7
603	2006	112	13910.4	6.6	13	1.0775	2.9	0
603	2006	113	11232	6.9	12.2	1.0239	2.5	0.1
603	2006	114	11664	7.9	15	1.2026	3.4	0
603	2006	115	16070.4	9.9	20.5	1.3629	3.6	0.2
603	2006	116	9417.6	6.2	14.6	1.1342	3.3	0
603	2006	117	21945.6	1.7	13.8	0.8854	3.3	0
603	2006	118	12441.6	1.1	10.5	0.7652	6.1	0.2
603	2006	119	22032	1.3	10.7	0.7572	5.7	0
603	2006	120	13910.4	-0.1	10.2	0.6826	2.7	0
603	2006	121	10281.6	2.9	10.3	0.8476	5.6	5.4
603	2006	122	22636.8	3.7	17	0.942	3.8	0
603	2006	123	20649.6	9.5	22.6	1.348	3.8	0
603	2006	124	22723.2	9	26	1.1982	5.2	0
603	2006	125	20217.6	14.4	23.9	1.1514	5.8	0
603	2006	126	23932.8	13	23.9	0.8903	6.3	0
603	2006	127	21254.4	13.1	23.9	0.9143	6.8	0
603	2006	128	22464	12.6	23.4	1.1128	6	0
603	2006	129	23760	9.6	21.3	1.3498	5.1	0
603	2006	130	26179.2	7.8	23.5	1.1364	4.2	0
603	2006	131	25142.4	6.1	21.6	1.0594	3.1	0
603	2006	132	24019.2	6.7	21.7	1.1969	2.6	0
603	2006	133	15465.6	4.2	19.3	1.1164	3	0.2
603	2006	134	22982.4	4.5	12.9	0.8207	3	0
603	2006	135	13910.4	5.9	18.9	0.9926	4	1.3
603	2006	136	11577.6	10	14.5	1.2535	5.4	0
603	2006	137	20736	7	19.5	1.2166	3	0.5
603	2006	138	22723.2	11.3	17.8	1.3236	7.5	13.6
603	2006	139	5270.4	10.8	14	1.2946	9	12.4
603	2006	140	10368	10.9	15.4	1.2993	7.3	7.8
603	2006	141	11750.4	10.9	16.3	1.338	5.2	8.1
603	2006	142	15638.4	12	17.3	1.3655	7.5	6.3
603	2006	143	12441.6	6.7	12.3	0.9255	6	1.4
603	2006	144	12182.4	6	13.5	1.0136	6.9	3.2
603	2006	145	15033.6	6.1	14.1	1.0005	3.7	2.5
603	2006	146	7689.6	5.4	14	1.1184	3.3	3.9
603	2006	147	10713.6	9.4	15.5	1.3133	5.7	0
603	2006	148	20131.2	9	14.1	1.0881	6.8	0
603	2006	149	13132.8	7.5	13.4	1.0495	5.2	1.9
603	2006	150	20995.2	6.8	12.4	0.9198	6.8	1.4
603	2006	151	9590.4	8.7	12	0.942	7.7	0
603	2006	152	17020.8	5.3	13	0.904	7.3	0
603	2006	153	22636.8	3.9	14.9	0.9193	2.6	0
603	2006	154	23155.2	8.1	18	1.2008	4.1	0
603	2006	155	25228.8	9.3	14.4	1.0128	5.1	0
603	2006	156	13046.4	8	12.5	0.9482	5.2	0
603	2006	157	26352	4.9	14.8	0.9961	3.8	0
603	2006	158	24105.6	4	17.4	1.0542	1.7	0
603	2006	159	29376	3.1	21.2	1.0047	1.9	0
603	2006	160	28944	6.6	21.9	1.2171	2.7	0
603	2006	161	28684.8	10.7	27	1.5431	3.8	0
603	2006	162	29289.6	17.3	29.6	1.4981	4.2	0
603	2006	163	29894.4	16.9	29	1.3418	4.6	0
603	2006	164	28080	15.6	29.8	1.8998	3.9	0.1
603	2006	165	13564.8	12.4	16.6	1.3853	6.8	1.9
603	2006	166	3628.8	11.3	14.4	1.3778	4	7.1
603	2006	167	7776	11.4	15.6	1.2984	3	0.3
603	2006	168	28252.8	11.6	20.5	1.3297	3.4	0
603	2006	169	22809.6	10.9	26.6	1.5551	2.8	0
603	2006	170	21081.6	13.6	23.6	1.6689	4.4	7.1
603	2006	171	21772.8	13.2	20.9	1.5334	5.5	0
603	2006	172	8899.2	13.1	17.7	1.4853	6.9	4.7
603	2006	173	10972.8	13.1	16.6	1.2482	7	0
603	2006	174	24796.8	9.6	18.4	1.2454	3.8	0
603	2006	175	19526.4	9.7	22.7	1.4345	2.6	0
603	2006	176	13564.8	10.3	22.1	1.6368	3.3	18
603	2006	177	3196.8	13.1	18.5	1.721	4.1	3.2
603	2006	178	11059.2	12.2	16.5	1.4863	3.2	4.8
603	2006	179	18835.2	7.4	17.9	1.1844	2.1	0.3
603	2006	180	27993.6	5.4	18.3	1.096	4.1	0
603	2006	181	28684.8	11.1	23.6	1.5232	4.1	0
603	2006	182	29116.8	11.8	24.9	1.6009	4	0
603	2006	183	28684.8	14.7	29	1.5166	4	0
603	2006	184	29116.8	14.3	28.3	1.4918	3.7	0
603	2006	185	28252.8	15	31.3	1.6693	2.9	0
603	2006	186	21168	19.7	29.3	2.1477	3	2.1
603	2006	187	19958.4	16.2	24.8	2.0221	2.9	3.3
603	2006	188	12700.8	16	22.3	1.9486	3.6	0.6
603	2006	189	26006.4	14.4	22.4	1.5214	3.9	0
603	2006	190	12182.4	16.3	23	1.7816	5.3	1.5
603	2006	191	26956.8	15.8	22.7	1.582	4	0
603	2006	192	15897.6	10.7	21.1	1.5516	3.6	7.5
603	2006	193	25488	7.9	21.4	1.3488	1.9	0
603	2006	194	26784	9.9	23.5	1.4998	3.7	0
603	2006	195	22896	11.4	19.2	1.2675	5	0
603	2006	196	28166.4	9	23.5	1.439	4.4	0
603	2006	197	28339.2	12.5	26.6	1.6117	4.2	0
603	2006	198	27993.6	12.7	29	1.5496	2.5	0
603	2006	199	27993.6	12.1	27.2	1.6674	3.2	0
603	2006	200	27043.2	13.9	30.6	2.1166	4.3	0
603	2006	201	17798.4	16.7	27.8	2.063	3.5	0
603	2006	202	25401.6	14.7	26.9	1.9862	2.7	0
603	2006	203	16329.6	14	29.7	2.1965	2.6	6.9
603	2006	204	19440	17	26.9	2.3151	2.2	0
603	2006	205	21772.8	15.3	26.2	2.0535	2.1	0
603	2006	206	25574.4	14.2	27.2	1.9497	3.6	0
603	2006	207	24710.4	16.5	29	2.1541	3.6	0
603	2006	208	18144	15.7	28	2.118	2	0
603	2006	209	17798.4	17.1	26.2	2.1182	1.8	0.4
603	2006	210	15465.6	16.3	25.8	2.1414	2	0
603	2006	211	11836.8	15.7	27	2.1051	3.3	2.8
603	2006	212	16156.8	15.3	23.1	1.777	4.3	1.1
603	2006	213	9417.6	14.1	20.1	1.694	4.7	20.7
603	2006	214	15984	12.4	20.1	1.5497	4.6	4.7
603	2006	215	7084.8	11.4	19.1	1.6269	2	34.3
603	2006	216	13478.4	14.9	20.8	1.8373	5.8	8.2
603	2006	217	20649.6	14.9	23.9	1.9791	4.5	0
603	2006	218	23932.8	13.3	22.4	1.8169	4.2	0
603	2006	219	9849.6	13.5	22.6	1.8398	3.9	9.6
603	2006	220	13996.8	13.7	19.6	1.5329	5.1	0
603	2006	221	9676.8	11.4	19.2	1.4932	3.4	1.4
603	2006	222	10713.6	10.5	17.3	1.396	2.8	12.3
603	2006	223	10540.8	10.5	18.3	1.5075	2.5	25
603	2006	224	11491.2	7.6	18.7	1.3749	1.7	1.1
603	2006	225	21427.2	7.1	20.2	1.3111	2.8	0
603	2006	226	11059.2	14	21.3	1.8143	6.3	11
603	2006	227	11059.2	12.3	18.8	1.4644	5.1	0.1
603	2006	228	18144	12.5	23.4	1.705	2.8	0
603	2006	229	14688	14.1	23.7	1.8095	2.6	0.7
603	2006	230	9417.6	16.5	22.1	1.9222	3.6	3.4
603	2006	231	18489.6	14.9	23.1	1.8208	3.3	0.2
603	2006	232	9849.6	15	20.1	1.8029	4.7	8.4
603	2006	233	11923.2	12.6	19.4	1.616	4.8	13.8
603	2006	234	9849.6	13	19.6	1.5732	5.5	0.5
603	2006	235	10540.8	11.4	21.5	1.6256	2.8	0
603	2006	236	11318.4	14.1	22.5	1.8059	1.8	4.1
603	2006	237	11664	13.7	21.2	1.7916	2.1	0
603	2006	238	18835.2	11.2	20.2	1.425	2.9	0.2
603	2006	239	12614.4	10.9	19.3	1.4913	3.7	3.9
603	2006	240	5356.8	10.8	14.8	1.329	4.2	21.6
603	2006	241	15897.6	10.9	17.9	1.3108	4.6	2.4
603	2006	242	12096	11.9	18.2	1.3669	4.6	4
603	2006	243	4665.6	9.4	17.6	1.4684	4.6	4.5
603	2006	244	10800	14	21.6	1.7908	4.6	0.1
603	2006	245	10108.8	14.1	20.4	1.7101	5.5	1.7
603	2006	246	9158.4	16.2	22	1.9867	8.3	2.5
603	2006	247	14256	13.7	19.5	1.5469	6.5	0
603	2006	248	7084.8	13	19.9	1.719	2.8	0.5
603	2006	249	13651.2	16.2	23.6	2.0414	4.1	0
603	2006	250	13132.8	14.1	18.2	1.4849	6.6	1.4
603	2006	251	13046.4	8.4	18	1.152	4.7	0
603	2006	252	15292.8	7	19	1.2418	2.9	0
603	2006	253	17539.2	9.9	22.6	1.439	3.6	0.2
603	2006	254	16848	12.9	26.7	1.7522	1.8	0
603	2006	255	15897.6	11.9	27.1	1.833	1.8	0
603	2006	256	14947.2	16.8	27.1	2.0783	3.2	0
603	2006	257	14515.2	17.9	27.5	1.9274	4.1	0
603	2006	258	15379.2	15.7	24	1.7345	5.3	0
603	2006	259	11318.4	15.2	23.4	1.7881	3.6	0
603	2006	260	8899.2	13.5	23.1	1.8899	2.6	0
603	2006	261	6998.4	14.4	20.2	1.6958	2.6	0
603	2006	262	9072	11	18.7	1.4338	4.8	0.2
603	2006	263	13824	11.2	19.5	1.3935	4.5	0
603	2006	264	15206.4	10.9	23.7	1.4	4.8	0
603	2006	265	13824	15.6	26.7	1.6786	4.7	0
603	2006	266	5961.6	15.9	23	1.8725	2.4	0
603	2006	267	6912	14.9	22.5	1.744	3	0
603	2006	268	7257.6	14.9	22.6	1.879	1.9	0
603	2006	269	3974.4	13.2	19.2	1.6919	3.4	5.8
603	2006	270	9504	10.8	20.2	1.5652	2.9	0
603	2006	271	6220.8	13.5	19.6	1.6924	3.7	0
603	2006	272	9676.8	14.5	21.6	1.6951	4.3	0.2
603	2006	273	10022.4	13.4	19.9	1.5139	3.3	0.2
603	2006	274	6134.4	12.4	18.9	1.5093	5	1.8
603	2006	275	7948.8	12.4	18.1	1.523	6.8	20.8
603	2006	276	8899.2	12.7	17.8	1.4538	4.8	2.4
603	2006	277	8899.2	9.3	17	1.254	3.3	6.2
603	2006	278	7603.2	8.8	16.3	1.2784	5.3	22.1
603	2006	279	1900.8	13.3	16.6	1.5449	7.6	12.5
603	2006	280	8985.6	12.1	15.6	1.1701	7.5	3.3
603	2006	281	5788.8	10.6	16.8	1.3154	4.3	0
603	2006	282	8553.6	8.4	17.6	1.2867	3.7	0
603	2006	283	5702.4	12.8	18.4	1.6284	2.7	5.6
603	2006	284	10108.8	13.1	19	1.4937	5	0
603	2006	285	3801.6	11.2	19.1	1.5821	3.1	0.4
603	2006	286	4752	13.4	17.1	1.5403	2.8	0.5
603	2006	287	5875.2	10.3	15.2	1.2511	4	0
603	2006	288	4492.8	7.4	12.5	1.0639	4.9	0
603	2006	289	9763.2	3.1	16	0.9643	3.6	0
603	2006	290	9331.2	7.6	15.3	1.081	3.8	0
603	2006	291	2505.6	10.4	15.4	1.3675	3.1	0.1
603	2006	292	4147.2	13	15.5	1.4605	4.2	0.6
603	2006	293	3974.4	13.2	16.3	1.4748	4.7	0.6
603	2006	294	3974.4	12.9	16.2	1.5056	5.5	0
603	2006	295	4406.4	12.7	15.3	1.437	6.6	9.8
603	2006	296	4838.4	10.8	16.9	1.4389	5.6	13.3
603	2006	297	3110.4	8.9	14.9	1.2528	4.5	7.5
603	2006	298	6220.8	7.7	14.3	1.1673	4.3	3.3
603	2006	299	3974.4	12.8	19.5	1.5032	7.1	0.9
603	2006	300	4147.2	11.4	14.5	1.1781	5	1
603	2006	301	2332.8	9.3	15.7	1.3466	5.2	4.8
603	2006	302	4838.4	9.2	15.7	1.1979	6.5	0.1
603	2006	303	1900.8	9.1	13.5	1.1639	5	0.4
603	2006	304	3110.4	7.8	15.7	1.1026	9.5	4.5
603	2006	305	4579.2	2.3	10.1	0.616	11.3	5.4
603	2006	306	5356.8	3.2	10.3	0.7776	4.9	4.9
603	2006	307	3715.2	3.1	11.6	0.9128	2.3	3.6
603	2006	308	1728	7.7	11.5	0.9795	4.2	0
603	2006	309	2419.2	10.8	12.8	1.1201	5.3	0
603	2006	310	1987.2	10.1	12.7	1.1313	4.5	0
603	2006	311	2851.2	6.5	11	1.0378	4.3	0
603	2006	312	2073.6	5.7	12.6	1.043	6	0.9
603	2006	313	4752	5.4	11.2	0.8207	7	2.8
603	2006	314	2678.4	3.5	10.1	0.8198	4.1	0
603	2006	315	2764.8	4.5	11.7	0.8744	8.2	9.8
603	2006	316	3715.2	5.2	9.6	0.7822	7.8	3.8
603	2006	317	2160	7.5	13.5	1.1037	7.2	2.6
603	2006	318	2505.6	8.5	12.2	1.1053	5	6.8
603	2006	319	1900.8	9.9	13.1	1.2472	5.5	0.7
603	2006	320	2332.8	9.8	15.6	1.247	6.8	8.2
603	2006	321	4233.6	8.6	12.2	1.046	5	0
603	2006	322	4233.6	5.1	11.1	0.8959	5.1	0.8
603	2006	323	1641.6	4.1	8.3	0.8814	3.4	0.2
603	2006	324	345.6	5.9	9	0.9294	8.4	3.7
603	2006	325	3369.6	3.5	9.7	0.8573	4.7	4.5
603	2006	326	2332.8	3.7	8.9	0.8589	5.3	12.4
603	2006	327	950.4	6.6	12.1	1.0807	7	12.2
603	2006	328	2505.6	7.5	12.1	1.0775	6.3	0.1
603	2006	329	1296	9.6	16.5	1.2308	8.1	2.3
603	2006	330	3110.4	7.4	12.3	1.069	5.4	0
603	2006	331	3715.2	6.4	13.2	1.0775	4.6	0
603	2006	332	3110.4	8.8	13.3	1.1843	4.7	1.4
603	2006	333	3196.8	6.3	11.2	1.0378	4.3	0.5
603	2006	334	1382.4	3.6	8.5	0.9005	5.3	0
603	2006	335	864	6.2	9.3	0.9065	6.8	0.8
603	2006	336	432	7	9.2	1.0255	5.5	16.8
603	2006	337	864	6.7	10.4	0.9905	8.4	1.9
603	2006	338	2332.8	7.1	12.8	1.0639	7.7	4.8
603	2006	339	432	10.3	13.4	1.1931	10.3	0.6
603	2006	340	1728	7	11	0.9637	7.8	2.6
603	2006	341	259.2	6.3	9.5	0.9264	9.8	11.8
603	2006	342	604.8	7.7	10.6	1.0314	6.7	9
603	2006	343	1987.2	1.3	8.7	0.75	3.4	1.1
603	2006	344	2851.2	0.3	7.8	0.7262	5.5	0.4
603	2006	345	172.8	5.3	9.7	0.9533	8.3	7.5
603	2006	346	2678.4	1.8	9.5	0.8211	6.1	4.3
603	2006	347	1468.8	6.3	11.4	0.9881	7.8	0.3
603	2006	348	1296	9.6	11.3	1.1127	10	0
603	2006	349	777.6	6.3	9.9	0.9715	7.5	0
603	2006	350	950.4	2.6	8.1	0.7864	4.5	4
603	2006	351	1468.8	2.1	8.9	0.7946	4.3	4.3
603	2006	352	2764.8	-1.2	8.1	0.7118	1.4	0
603	2006	353	2505.6	-0.7	7.4	0.7068	1.8	0
603	2006	354	432	1.3	8	0.7404	2.6	0
603	2006	355	432	6.4	7.8	0.8873	1.6	0
603	2006	356	777.6	1.8	6.9	0.7334	1.5	0
603	2006	357	604.8	4.1	6	0.7964	2.4	0
603	2006	358	604.8	5.8	7.3	0.8641	2.3	0
603	2006	359	518.4	6.1	8.6	0.9128	1.3	0
603	2006	360	432	1.6	6.7	0.7724	2.2	0
603	2006	361	259.2	0.8	2.1	0.6377	2.8	0
603	2006	362	950.4	2.1	8.1	0.8079	4.4	1.8
603	2006	363	1555.2	1.1	7.3	0.7257	6	0
603	2006	364	950.4	7	11.1	0.9785	10.3	4.5
603	2006	365	1641.6	8	11.2	1.0273	9.8	7.7
