*---------------------------------------------------------------------------*
* Station name: LEEUWARDEN                              
* Year: 1983
* Author: Pedro Alencar                                   -999.000: NIL VALUE
* Source: ECAD 
* Comments: 
* Longitude: 53.2231, latitude: 53.2231, altitude: 0 m.
*
* Column  Daily value
* 1       station number
* 2       year
* 3       day
* 4       irradiation                   (kJ m-2 d-1)
* 5       minimum temperature           (degrees Celsius)
* 6       maximum temperature           (degrees Celsius)
* 7       early morning vapour pressure (kPa)
* 8       mean wind speed (height: 2 m) (m s-1)
* 9       precipitation                 (mm d-1)
*
** WCCDESCRIPTION=GERMANY, LEEUWARDEN                              
** WCCFORMAT=2
** WCCYEARNR=1983
*---------------------------------------------------------------------------*
   53.2231  5.7517    0.  -0.18 -0.55
603	1983	1	864	2.2	4.4	0.743	7.7	0.4
603	1983	2	3110.4	0	6.5	0.7327	4.6	0
603	1983	3	864	3.3	10	0.9483	9.3	13.2
603	1983	4	864	3.6	10.4	0.8912	11.8	11.2
603	1983	5	864	3.3	11.3	0.9608	8.2	1
603	1983	6	1641.6	4.6	11.7	0.9315	10.8	4.1
603	1983	7	2764.8	4.6	7.2	0.7612	7.7	0.5
603	1983	8	3715.2	3.8	7.2	0.7946	6.7	0
603	1983	9	2073.6	4.2	9.4	0.8692	9.3	1.2
603	1983	10	2246.4	4.7	8.8	0.8958	7.2	0
603	1983	11	1900.8	6.9	9	1.0044	6.7	0.2
603	1983	12	950.4	5.3	7.2	0.8845	7.2	0.1
603	1983	13	950.4	2.1	7	0.7437	9.3	3.5
603	1983	14	1036.8	1.1	6.6	0.7161	9.3	3.8
603	1983	15	1036.8	4.1	7.8	0.8384	9.8	8.4
603	1983	16	1296	6	8.3	0.9004	10.8	0.9
603	1983	17	1036.8	7.1	8.2	0.9213	10.8	0
603	1983	18	2851.2	0.8	8.6	0.6234	14.9	0.7
603	1983	19	1641.6	1.4	4.7	0.6312	10.8	2.2
603	1983	20	1123.2	1.5	5.6	0.6696	7.2	0.1
603	1983	21	1123.2	5.5	7.1	0.8493	9.8	0
603	1983	22	1123.2	4.6	6.8	0.7782	5.7	0
603	1983	23	2332.8	-0.1	4.9	0.639	3.6	0
603	1983	24	2505.6	-0.6	5.3	0.6512	5.7	2.7
603	1983	25	1209.6	4.7	7.3	0.9161	5.7	4.9
603	1983	26	3974.4	4.4	9.1	0.9351	6.7	0
603	1983	27	1296	7.8	10.8	0.9951	10.8	0.3
603	1983	28	1296	7.5	8.9	0.9999	9.3	11.8
603	1983	29	3974.4	5.6	9.5	0.8006	10.8	0
603	1983	30	1296	1.2	6.9	0.7181	8.2	6.3
603	1983	31	2764.8	1.9	9.5	0.8057	7.7	6.2
603	1983	32	3715.2	1.7	9.9	0.7283	15.4	1.3
603	1983	33	4492.8	1.2	6.7	0.6644	9.3	1
603	1983	34	4579.2	0.5	4.6	0.6532	6.7	2.4
603	1983	35	5270.4	-1.2	6.3	0.6605	4.1	0
603	1983	36	3283.2	0.5	5.4	0.672	7.7	5
603	1983	37	1555.2	0.5	3.6	0.6799	3.6	2.2
603	1983	38	2764.8	0.7	3.1	0.6586	7.2	0.6
603	1983	39	1555.2	-1.3	0.8	0.534	8.2	0.6
603	1983	40	2505.6	-9.6	-0.1	0.3923	4.6	0.7
603	1983	41	1641.6	-9.9	-2.6	0.3718	1	0
603	1983	42	1987.2	-4.1	0.5	0.5034	2.6	0.5
603	1983	43	3715.2	-6.5	0.1	0.4055	4.6	0.3
603	1983	44	6048	-11.6	-2.6	0.3052	1.5	0
603	1983	45	5097.6	-11.4	-0.1	0.3544	3.6	0
603	1983	46	2160	-1.7	1	0.4944	6.2	0
603	1983	47	8121.6	-6.9	-0.1	0.3776	4.6	0
603	1983	48	8208	-7	2.2	0.4457	3.1	0
603	1983	49	2073.6	-9	2.5	0.4376	1	0
603	1983	50	1987.2	0.9	3.1	0.614	2.6	0
603	1983	51	1987.2	-0.1	3.5	0.6216	3.1	0.1
603	1983	52	8899.2	-3.5	2.6	0.4317	3.6	0
603	1983	53	9072	-6.4	2	0.3536	3.6	0
603	1983	54	9331.2	-4	4.9	0.3535	6.2	0
603	1983	55	9072	-2	7.1	0.4404	4.6	0
603	1983	56	3542.4	2.2	7.9	0.6301	4.6	2.9
603	1983	57	2246.4	2.4	5.7	0.7752	2.6	0.9
603	1983	58	2246.4	3.8	6.5	0.8372	5.1	4.3
603	1983	59	4665.6	1.7	6	0.7161	6.7	0.8
603	1983	60	5443.2	-0.2	6	0.6772	3.6	0.4
603	1983	61	6998.4	-0.7	7	0.6663	3.1	0
603	1983	62	9763.2	0.8	8.6	0.6832	3.6	0
603	1983	63	5184	0.5	7.8	0.7231	3.6	0.3
603	1983	64	7430.4	0.4	7.6	0.7074	8.2	0
603	1983	65	5961.6	5.5	8.5	0.8712	9.3	0
603	1983	66	8121.6	4.5	10.3	0.9057	5.7	0
603	1983	67	10454.4	3	9.9	0.8485	5.7	0
603	1983	68	9072	4	8.4	0.834	5.7	0
603	1983	69	7084.8	5.2	10.1	0.9213	6.7	0
603	1983	70	10713.6	-0.3	7.7	0.5971	6.2	0
603	1983	71	12700.8	-1.6	8.6	0.4946	4.6	0
603	1983	72	11404.8	0	11	0.4786	5.7	0
603	1983	73	4752	6	11.1	1.0016	5.1	2.4
603	1983	74	10713.6	1.8	9.5	0.812	3.1	0
603	1983	75	6825.6	-0.9	9.9	0.7664	3.6	0.3
603	1983	76	3542.4	6	8.7	0.9846	5.7	5.8
603	1983	77	3542.4	7.6	9.9	1.0604	5.7	0
603	1983	78	3628.8	5.9	8.9	0.988	4.1	9
603	1983	79	3628.8	5.9	9.4	0.9631	5.7	6.1
603	1983	80	4320	1	6.9	0.6725	8.7	9.1
603	1983	81	4579.2	0.6	6.2	0.6314	12.3	4.6
603	1983	82	4579.2	3.3	8.3	0.8205	7.7	10.7
603	1983	83	7948.8	2.6	6.9	0.7199	9.3	1.5
603	1983	84	9417.6	0.6	6.4	0.6594	7.7	9.4
603	1983	85	13305.6	1	6.7	0.6678	7.2	0.2
603	1983	86	4060.8	1.5	4.4	0.6947	5.7	6.8
603	1983	87	14169.6	0.3	6.9	0.6562	4.1	0.5
603	1983	88	10540.8	0.2	7.5	0.6678	5.1	1.4
603	1983	89	13996.8	2.5	8.1	0.7658	6.7	4.9
603	1983	90	7603.2	1.5	8.2	0.7853	4.1	1.4
603	1983	91	10713.6	2.9	10.3	0.8768	6.2	0
603	1983	92	4320	2	6.2	0.7452	6.7	0
603	1983	93	14428.8	-0.4	7.5	0.646	4.1	0
603	1983	94	9590.4	-0.7	7.3	0.6811	5.1	1.1
603	1983	95	8726.4	3.2	8.2	0.8057	5.1	0.3
603	1983	96	10022.4	1.9	7.2	0.7352	6.2	10.2
603	1983	97	14256	2.2	8.5	0.7595	5.1	1.7
603	1983	98	7257.6	2.5	7.5	0.7849	4.1	4.7
603	1983	99	17625.6	-0.3	10.4	0.7176	4.1	0
603	1983	100	4752	-2.4	11.3	0.7469	4.6	4.9
603	1983	101	4838.4	6.3	10	0.8882	5.1	0
603	1983	102	10713.6	3.9	7.6	0.7901	10.8	3.1
603	1983	103	14860.8	2.8	8.6	0.7324	5.7	0.8
603	1983	104	8380.8	6.5	9.3	0.9264	6.2	0.8
603	1983	105	16070.4	3.4	12.2	0.8884	5.1	0
603	1983	106	20131.2	3.4	15.8	0.8839	5.7	0
603	1983	107	6998.4	10.7	14.2	1.1834	5.1	2.5
603	1983	108	11059.2	10.6	19	1.2106	4.6	0
603	1983	109	5616	6.3	14.8	1.0565	6.7	3.3
603	1983	110	16416	3	12.8	0.7135	6.2	0
603	1983	111	5356.8	6.2	12.6	0.9782	4.6	14.3
603	1983	112	14947.2	5	13.1	0.9094	3.1	0
603	1983	113	16243.2	6.8	16.8	1.1062	4.6	1.1
603	1983	114	18921.6	4.7	13.7	0.9535	2.6	0
603	1983	115	8553.6	4.4	14.8	1.0392	3.6	1.6
603	1983	116	10972.8	7.6	14.3	1.1242	3.6	0.4
603	1983	117	5616	7.4	10.9	1.0778	6.2	11.9
603	1983	118	18835.2	4.8	13.1	0.9033	6.7	0
603	1983	119	13651.2	4.7	12.1	0.9805	3.6	2.5
603	1983	120	16416	6.4	14.7	1.1074	2.6	0
603	1983	121	6393.6	6.4	13	1.1064	5.1	6.7
603	1983	122	13564.8	7.1	13.1	1.0252	6.2	6.5
603	1983	123	5875.2	7	8.5	0.9697	6.2	7.3
603	1983	124	10627.2	7.4	10.3	0.9767	5.1	0
603	1983	125	9676.8	6.8	11.8	0.9834	2.6	0
603	1983	126	13910.4	6.6	16.4	0.8812	6.2	0.2
603	1983	127	6048	8.4	15.5	1.2569	2.1	10.8
603	1983	128	15120	8.2	13.7	1.1372	3.1	2.9
603	1983	129	11232	9.1	14.8	1.1452	5.1	1.9
603	1983	130	22636.8	5.9	13.7	0.8596	4.1	2.9
603	1983	131	12096	6	12.8	1.0136	4.1	9.8
603	1983	132	9849.6	6.6	11.2	0.98	7.2	4.7
603	1983	133	14169.6	8.6	14.6	1.1463	5.1	1.6
603	1983	134	13305.6	8.3	15.2	1.1302	3.6	0
603	1983	135	13564.8	6	17.4	1.099	4.1	0
603	1983	136	9849.6	6.2	14.9	1.0819	3.6	5.8
603	1983	137	14688	7.9	17.2	1.2203	2.6	4.9
603	1983	138	11836.8	9.8	16.1	1.2974	3.6	5.7
603	1983	139	15292.8	8.9	15.3	1.1565	4.1	0.1
603	1983	140	16761.6	9.1	16.8	1.2377	4.1	5.5
603	1983	141	6480	8.6	11.5	1.1695	4.1	10.2
603	1983	142	15465.6	7.8	15.1	1.0945	3.6	0.3
603	1983	143	17625.6	5.7	14.8	1.0106	3.1	0
603	1983	144	6566.4	9.6	11	1.1767	6.7	7.4
603	1983	145	6566.4	8.3	10.9	1.1229	8.7	8.6
603	1983	146	6566.4	8.9	9.9	1.0961	10.8	11.5
603	1983	147	7344	7	11.6	1.0419	5.1	0.5
603	1983	148	10627.2	6.3	13.4	1.0325	4.1	1
603	1983	149	6652.8	8.6	11	1.1259	3.1	4.6
603	1983	150	8121.6	8.4	13.9	1.0862	2.6	0
603	1983	151	16243.2	10.3	21.5	1.1727	3.6	0
603	1983	152	22982.4	14.1	24	1.5844	4.6	7
603	1983	153	17193.6	10.6	17.6	1.3981	5.1	9.1
603	1983	154	21168	10.2	17.3	1.3354	3.1	0
603	1983	155	15724.8	12.1	21.8	1.678	3.6	1.4
603	1983	156	18921.6	7.2	17.6	1.2083	4.1	0
603	1983	157	27302.4	7.4	18.5	1.014	5.7	0
603	1983	158	27648	9.6	22.4	0.9079	5.7	0
603	1983	159	17193.6	14.2	26.1	1.6491	4.1	1.5
603	1983	160	17884.8	14.1	18.5	1.5547	4.6	0
603	1983	161	22809.6	11.1	16.4	1.1625	4.1	0
603	1983	162	16070.4	11.4	18.9	1.3241	5.1	0
603	1983	163	18921.6	13.7	17.8	1.4475	4.1	1.1
603	1983	164	27993.6	9.6	18.8	1.1322	2.1	0
603	1983	165	18748.8	9	14.8	1.0022	6.7	9.2
603	1983	166	19440	9	14.3	1.0543	6.2	1.7
603	1983	167	15465.6	6.6	13.3	0.8438	5.7	0
603	1983	168	25315.2	5	14.3	0.839	6.2	0
603	1983	169	28166.4	9.8	17.7	1.2411	5.7	0
603	1983	170	20908.8	9.9	17.7	1.3555	5.1	0
603	1983	171	28339.2	9.3	24.7	1.3737	3.6	0
603	1983	172	28339.2	11.2	24.6	1.5359	4.6	0
603	1983	173	27907.2	16.1	27.6	1.7781	4.1	0
603	1983	174	23932.8	14.4	27	1.8278	3.1	0
603	1983	175	19094.4	13.5	22.3	1.7407	4.6	0
603	1983	176	27820.8	9.5	17.5	1.1747	3.1	0
603	1983	177	23587.2	9	20.8	1.2184	3.1	0.6
603	1983	178	16329.6	12.1	17.2	1.1989	5.1	0.1
603	1983	179	15638.4	10.3	16	1.0878	6.7	1.4
603	1983	180	7948.8	13.3	16.5	1.523	5.7	6.1
603	1983	181	20649.6	9.3	17.5	1.1825	2.6	0
603	1983	182	17280	9.4	16.5	1.1035	3.1	0.1
603	1983	183	9331.2	8.4	17.7	1.2608	4.6	0.2
603	1983	184	25747.2	6.2	19.5	1.1111	3.6	0
603	1983	185	26956.8	9.3	23.7	1.4433	1.5	0
603	1983	186	27475.2	11.8	25.6	1.6148	3.6	0
603	1983	187	21427.2	14.3	27.6	1.7571	4.1	0.1
603	1983	188	18316.8	15.4	27.8	2.0345	2.1	0
603	1983	189	23760	14.9	25.4	1.8847	2.6	0
603	1983	190	15033.6	15.7	21	1.9169	3.6	0
603	1983	191	23932.8	13.7	27.6	1.8708	2.6	0
603	1983	192	28166.4	15.8	30.3	1.8842	3.1	0
603	1983	193	22550.4	14.6	24.2	1.9341	4.1	0
603	1983	194	11577.6	14	17.4	1.4429	6.2	0.1
603	1983	195	24537.6	12.3	19.2	1.3045	3.1	0
603	1983	196	25142.4	12.3	25.4	1.6083	5.1	0
603	1983	197	24624	12.4	21	1.5187	3.1	0
603	1983	198	21427.2	12	27.7	1.6651	4.6	0
603	1983	199	9849.6	14.4	20.3	1.7605	4.6	0
603	1983	200	7257.6	12	17.4	1.3365	3.1	0.1
603	1983	201	18921.6	9.5	16.6	0.9606	5.1	0
603	1983	202	25833.6	8.6	18.6	1.1357	2.6	0
603	1983	203	26524.8	8.6	22.8	1.3716	2.6	0
603	1983	204	20995.2	13.2	27.5	1.7412	3.6	0
603	1983	205	8726.4	14	22.2	1.8456	1.5	7.6
603	1983	206	20044.8	13.7	24.2	1.7714	2.1	0
603	1983	207	11664	15.3	25	2.0261	3.1	1.5
603	1983	208	13305.6	13.9	21.1	1.7573	2.6	0
603	1983	209	11404.8	14.1	18.7	1.4901	3.1	0
603	1983	210	13305.6	16	21.4	1.8301	5.1	0.7
603	1983	211	20995.2	12.2	19.2	1.336	3.1	0
603	1983	212	19612.8	13.4	27.7	1.6179	3.6	0
603	1983	213	7430.4	13.1	23.1	1.6797	5.7	10.7
603	1983	214	21254.4	9	18.2	1.1046	4.6	0
603	1983	215	21859.2	9.3	18.6	1.1618	3.1	0
603	1983	216	8121.6	10	19.4	1.3532	4.6	1.6
603	1983	217	7516.8	14.2	17.7	1.448	7.2	0.1
603	1983	218	8640	14.4	17.4	1.5155	6.2	0.1
603	1983	219	21772.8	11.8	22.5	1.6408	2.6	0
603	1983	220	22118.4	12.1	25.4	1.6414	3.6	0
603	1983	221	22118.4	13.9	24.2	1.8705	5.1	0
603	1983	222	16675.2	12.3	20.5	1.6205	6.2	0
603	1983	223	22896	11.4	19.5	1.4024	3.6	0
603	1983	224	8121.6	13	18.7	1.4388	4.6	0
603	1983	225	10195.2	13.3	17.9	1.3275	5.7	0.4
603	1983	226	15638.4	11.3	19	1.3929	1.5	0.7
603	1983	227	21945.6	11.7	24	1.5106	4.1	0
603	1983	228	18748.8	14.5	21.6	1.6331	5.1	0
603	1983	229	5184	10.6	17.7	1.4833	3.6	2.8
603	1983	230	22896	9	22.1	1.3409	3.1	0
603	1983	231	21340.8	8.7	27.8	1.6328	4.1	0
603	1983	232	21081.6	15.6	28.2	1.9933	3.6	0
603	1983	233	13305.6	16.3	24.1	2.0323	2.6	6.4
603	1983	234	20304	14.3	24.5	1.8667	2.6	0
603	1983	235	16848	14.5	22.9	1.8301	2.1	0
603	1983	236	16243.2	15.6	21	1.7429	4.1	0
603	1983	237	13910.4	13.7	23.3	1.8924	5.7	0
603	1983	238	19785.6	12.6	20.1	1.4111	4.6	0
603	1983	239	4752	12.3	19.6	1.4661	2.6	0
603	1983	240	4752	11.9	16.9	1.2289	4.6	0
603	1983	241	13478.4	8.9	17.7	1.0985	3.6	0
603	1983	242	20217.6	7.2	20.6	1.3008	2.6	0
603	1983	243	20044.8	11.7	27.2	1.5115	3.1	0
603	1983	244	5184	13.8	22.6	1.6277	3.6	6.4
603	1983	245	9849.6	15	20.8	1.5154	5.7	1
603	1983	246	5097.6	14.3	17	1.4738	10.3	30.2
603	1983	247	11750.4	14.2	18.1	1.4116	8.2	1.1
603	1983	248	6739.2	13	17.4	1.1559	9.3	0
603	1983	249	13996.8	10.7	15.8	0.9885	7.7	0.2
603	1983	250	12614.4	8.9	15.3	0.8886	7.7	0.2
603	1983	251	7776	4.9	18.8	1.0128	4.1	0.3
603	1983	252	7430.4	13.4	18	1.4963	5.1	0.7
603	1983	253	6652.8	11.1	18.4	1.4413	5.7	4
603	1983	254	5961.6	8.9	13.3	1.2014	5.7	5.6
603	1983	255	9331.2	8.9	16.7	1.27	6.2	6.6
603	1983	256	5184	10.6	15.1	1.3037	5.7	24.8
603	1983	257	11232	10.6	18	1.4489	5.1	6.6
603	1983	258	9676.8	13.7	18.3	1.5797	7.2	17
603	1983	259	7430.4	11.8	16	1.3643	7.2	8.1
603	1983	260	7948.8	11.1	16.2	1.3735	4.6	3.4
603	1983	261	3628.8	10.6	14.6	1.3409	7.2	5.2
603	1983	262	13478.4	11.8	17.8	1.3451	6.2	1.9
603	1983	263	12700.8	9.4	16.5	1.193	4.6	0
603	1983	264	9072	10.5	18.5	1.3523	4.6	9.5
603	1983	265	12960	8.1	15.8	1.0614	6.2	0.4
603	1983	266	13651.2	7.4	18.4	1.0405	3.6	0
603	1983	267	11577.6	11.3	19.9	1.4691	7.2	0
603	1983	268	11664	6.6	15.5	1.0001	3.6	0
603	1983	269	12009.6	8.8	19.6	1.4072	4.1	0
603	1983	270	5011.2	11.1	18.2	1.482	3.1	0
603	1983	271	3110.4	11.7	16.3	1.437	4.6	0
603	1983	272	11836.8	11.9	22.4	1.6212	4.1	0
603	1983	273	11232	7.5	15.8	1.0543	7.2	0
603	1983	274	10281.6	5.1	14.7	0.7069	6.2	0
603	1983	275	4665.6	11.3	17.9	1.4938	4.6	1.2
603	1983	276	2937.6	13.4	17.2	1.6147	5.1	8.6
603	1983	277	10540.8	13.7	23.8	1.7494	5.1	0
603	1983	278	9936	13.8	16.7	1.3153	8.7	0
603	1983	279	7516.8	12.2	15.5	1.265	7.7	1.4
603	1983	280	2678.4	9.2	16.3	1.2658	6.2	10
603	1983	281	3369.6	9.3	13.7	1.0981	7.7	18.4
603	1983	282	5184	8.1	13.7	1.0032	5.1	2.2
603	1983	283	2592	9.5	15.1	1.2719	6.2	13.1
603	1983	284	8553.6	9.3	13.2	0.9734	8.7	4.6
603	1983	285	4233.6	9.4	13.6	1.1117	7.2	2.2
603	1983	286	9504	9.2	15.9	1.1186	7.2	0.6
603	1983	287	7948.8	8.3	14.3	1.1506	6.7	4.9
603	1983	288	5270.4	8.4	14.4	1.0909	9.3	2.4
603	1983	289	6912	8.5	13	1.0835	10.8	8.1
603	1983	290	4492.8	7.3	12.9	1.0252	8.2	11.1
603	1983	291	2246.4	6.6	14.8	1.1442	7.2	0.9
603	1983	292	7862.4	9.2	14.3	0.9648	8.7	0.1
603	1983	293	3283.2	5.2	12	0.871	6.7	1
603	1983	294	6393.6	4.4	11.5	0.7907	4.6	0
603	1983	295	2073.6	4.6	10	0.736	3.6	0
603	1983	296	8553.6	1.1	11.1	0.8001	4.6	0
603	1983	297	5788.8	1.9	11	0.7714	4.1	0
603	1983	298	2851.2	4	11.5	0.8959	6.2	0.8
603	1983	299	3974.4	8.5	13.4	1.1765	6.2	0
603	1983	300	2505.6	8.7	13.5	1.2146	5.7	0
603	1983	301	6998.4	2.8	11	0.7658	5.7	1.2
603	1983	302	5875.2	0.3	10.1	0.7163	4.1	1.2
603	1983	303	4579.2	-0.4	11.3	0.7378	6.7	0
603	1983	304	3801.6	5.8	11.6	0.8544	7.7	0
603	1983	305	3628.8	7.7	13.3	1.1418	6.7	0
603	1983	306	1641.6	9.7	14.1	1.2667	3.1	0
603	1983	307	4060.8	6.1	13.5	1.0775	4.6	0
603	1983	308	1641.6	4.9	10.6	0.9908	3.1	0
603	1983	309	1555.2	8	12	1.1166	2.6	0
603	1983	310	1555.2	8.8	11.7	1.1603	2.6	0
603	1983	311	5702.4	7.5	14.9	1.1297	4.1	0
603	1983	312	5529.6	4.7	13.5	0.9702	4.1	0
603	1983	313	5011.2	5.1	15.3	1.0818	2.6	0
603	1983	314	3715.2	3.5	14.5	1.0211	3.6	0
603	1983	315	3283.2	2.5	10	0.7703	6.2	0
603	1983	316	5097.6	-3.5	6.2	0.5321	4.6	0
603	1983	317	5356.8	-2.6	4.6	0.5189	5.1	0
603	1983	318	5616	-5.8	3.8	0.4146	3.1	0
603	1983	319	2678.4	1.3	9	0.7579	6.2	5
603	1983	320	2851.2	5.1	9.6	0.8821	4.1	1.9
603	1983	321	5184	-2.9	7.6	0.6078	3.1	0
603	1983	322	1382.4	-3	8.6	0.6873	2.6	0.8
603	1983	323	1468.8	4.3	8.3	0.8207	4.1	0.1
603	1983	324	1555.2	4	8.7	0.7948	5.7	1.9
603	1983	325	3456	1.2	5.9	0.6302	7.2	2.3
603	1983	326	1123.2	1.3	6.2	0.6552	4.1	0.6
603	1983	327	3196.8	2.8	9.1	0.8104	4.1	0.4
603	1983	328	4147.2	-0.7	4.5	0.6026	4.1	0
603	1983	329	1123.2	3.2	12.3	0.9908	7.2	11.6
603	1983	330	1036.8	9.8	12.7	1.2268	8.2	1.9
603	1983	331	1036.8	7.5	11.8	1.0907	11.3	26.7
603	1983	332	1036.8	5.3	7.5	0.8648	3.1	0.8
603	1983	333	2332.8	2.7	8.4	0.7339	6.2	1.5
603	1983	334	3369.6	-4.1	6.5	0.5531	4.6	1.4
603	1983	335	3888	-3.6	0.7	0.4451	3.1	0
603	1983	336	1641.6	-4	0.2	0.4678	4.1	0
603	1983	337	3024	-3.1	1.6	0.5033	4.6	0
603	1983	338	2937.6	-2	4.5	0.5952	4.6	0
603	1983	339	1728	1.4	6.4	0.7429	4.6	2.5
603	1983	340	2592	2.1	6.7	0.7025	5.1	2.5
603	1983	341	864	1.3	6.3	0.6815	4.1	0.2
603	1983	342	864	1.5	6.3	0.7509	7.7	5.4
603	1983	343	864	4.4	6.8	0.8547	7.7	8.5
603	1983	344	2678.4	0.1	6.8	0.6258	6.7	1.7
603	1983	345	3456	-5.3	3.1	0.5018	2.6	1.5
603	1983	346	864	-4.3	-1.5	0.4344	4.1	0
603	1983	347	1123.2	-4.3	0.8	0.4945	4.1	0
603	1983	348	3110.4	-2.5	0.7	0.5035	6.7	0
603	1983	349	2937.6	-2.1	3.5	0.5014	6.2	0
603	1983	350	864	-3.3	1.5	0.4234	5.7	0
603	1983	351	777.6	-4.7	2.8	0.4903	5.1	0.6
603	1983	352	1814.4	1.5	4.4	0.7022	4.6	0.5
603	1983	353	777.6	2.4	6.3	0.7667	5.1	1.1
603	1983	354	1209.6	5.5	8.2	0.892	6.7	2.1
603	1983	355	2937.6	3.7	8.1	0.8169	6.7	0.2
603	1983	356	777.6	3.8	8.7	0.875	8.2	4.2
603	1983	357	777.6	1.9	8.5	0.7694	6.7	3.2
603	1983	358	777.6	1	10.7	0.8234	6.2	6.4
603	1983	359	950.4	8.3	10.5	1.0136	7.2	0
603	1983	360	1468.8	3	8.8	0.7334	7.7	4.6
603	1983	361	864	2	10.3	0.8312	8.7	1.6
603	1983	362	1641.6	8.5	10.1	1.0068	8.2	0.5
603	1983	363	864	5.8	8.9	0.9334	5.1	0.1
603	1983	364	2419.2	4.9	8.9	0.736	7.7	0
603	1983	365	864	4.9	8.1	0.7644	9.8	1
