*---------------------------------------------------------------------------*
* Station name: LEEUWARDEN                              
* Year: 2019
* Author: Pedro Alencar                                   -999.000: NIL VALUE
* Source: ECAD 
* Comments: 
* Longitude: 53.2231, latitude: 53.2231, altitude: 0 m.
*
* Column  Daily value
* 1       station number
* 2       year
* 3       day
* 4       irradiation                   (kJ m-2 d-1)
* 5       minimum temperature           (degrees Celsius)
* 6       maximum temperature           (degrees Celsius)
* 7       early morning vapour pressure (kPa)
* 8       mean wind speed (height: 2 m) (m s-1)
* 9       precipitation                 (mm d-1)
*
** WCCDESCRIPTION=GERMANY, LEEUWARDEN                              
** WCCFORMAT=2
** WCCYEARNR=2019
*---------------------------------------------------------------------------*
   53.2231  5.7517    0.  -0.18 -0.55
603	2019	1	2419.2	5	9	0.761	9.4	0.6
603	2019	2	2246.4	2.8	7.7	0.6567	6.7	0.9
603	2019	3	2764.8	1.1	6.8	0.7212	3.6	0.7
603	2019	4	345.6	3.5	7.6	0.7974	5.5	0.5
603	2019	5	1382.4	6.7	8.4	0.9462	8.4	0
603	2019	6	1987.2	2.2	8.1	0.8196	4.2	0.9
603	2019	7	691.2	2.2	9.2	0.8606	6.6	3
603	2019	8	1900.8	3.7	8.3	0.7385	12.5	3.4
603	2019	9	3974.4	0.8	6.9	0.5874	7.3	0
603	2019	10	950.4	-0.2	6	0.6847	2.6	1.5
603	2019	11	1814.4	5.9	8.5	0.9644	6.1	0.2
603	2019	12	1296	6.3	8.4	0.9231	7	1.3
603	2019	13	1123.2	5.7	9.6	0.9422	9.1	6.5
603	2019	14	2073.6	2.9	6.2	0.6507	6.5	0.9
603	2019	15	1814.4	3.9	8.2	0.8348	7.9	0
603	2019	16	518.4	4.4	8	0.8814	8.1	2.7
603	2019	17	2160	-0.8	5.5	0.6078	6.5	3.3
603	2019	18	3456	-2.7	5.8	0.5877	2.3	0.1
603	2019	19	5702.4	-3.1	1.6	0.4744	3.5	0
603	2019	20	3628.8	-10.2	0.6	0.3767	1.5	0
603	2019	21	3196.8	-7.3	4.7	0.5334	2.3	0.1
603	2019	22	1555.2	-2.7	-0.2	0.4891	6	2.9
603	2019	23	1555.2	-2.6	-0.9	0.4945	2.5	0
603	2019	24	2246.4	-5.5	-2.6	0.3759	2.2	0
603	2019	25	1987.2	-6.7	5.5	0.5322	4.3	2
603	2019	26	1555.2	5.3	7.6	0.9257	6.8	9.4
603	2019	27	2419.2	3.9	7	0.8368	5.8	5.7
603	2019	28	2246.4	0.3	5.3	0.6574	6.8	1.8
603	2019	29	3628.8	-0.6	4	0.5871	4.1	0.5
603	2019	30	3110.4	-3.3	1.6	0.4824	2.6	0
603	2019	31	2505.6	-2.7	2.5	0.5762	3.8	1.2
603	2019	32	1555.2	-1.3	0.6	0.5361	4.1	0
603	2019	33	1641.6	0	3	0.64	2.8	0.4
603	2019	34	6393.6	-2.2	6.4	0.6041	3.2	0.2
603	2019	35	1209.6	0.1	3.9	0.6492	7	2.9
603	2019	36	3024	2.9	7	0.8343	4.3	0
603	2019	37	1296	3.3	6	0.817	5	4.3
603	2019	38	4838.4	5	8.6	0.8396	9.3	3
603	2019	39	1036.8	4.2	8.9	0.8932	8.7	3.5
603	2019	40	4320	6	8.4	0.8122	10.8	0
603	2019	41	1209.6	4.6	7.4	0.8787	5	14
603	2019	42	8035.2	2.3	7.5	0.6842	6.3	0
603	2019	43	5443.2	2.4	8.5	0.8008	5.2	0
603	2019	44	1900.8	4.2	8.7	0.8871	5.2	0
603	2019	45	8467.2	1.7	10.6	0.7839	3.4	0
603	2019	46	9331.2	2.2	13.4	0.6557	3.5	0
603	2019	47	7603.2	1.5	11.4	0.8196	4.2	0
603	2019	48	8380.8	4.1	13.6	0.8518	3.8	0
603	2019	49	8380.8	2.9	11.5	0.8629	3.5	1.7
603	2019	50	3715.2	4.2	8.1	0.8689	5.8	0.8
603	2019	51	5184	5.4	10	0.9139	5.1	0
603	2019	52	2419.2	5	9.2	0.9679	4.6	0.4
603	2019	53	4406.4	6.5	11.5	1.0325	2.5	0
603	2019	54	10195.2	2.4	11.2	0.7902	3.7	0
603	2019	55	9676.8	-0.6	12.3	0.6846	2.3	0
603	2019	56	10972.8	-3.4	15.8	0.7487	1.5	0
603	2019	57	11145.6	-2.4	16.7	0.7993	1.2	0
603	2019	58	11404.8	-1	15.6	0.7564	2.6	0
603	2019	59	6739.2	-0.5	11.6	0.8517	2.3	0
603	2019	60	3974.4	4.3	8	0.7839	4.3	0.2
603	2019	61	7516.8	1.1	11.5	0.8398	5	0.1
603	2019	62	1900.8	8.1	11.2	1.1027	8.8	7.6
603	2019	63	3888	5.5	11	0.9269	10.2	13.8
603	2019	64	11491.2	3.8	9	0.7783	7	0.5
603	2019	65	2505.6	5.1	10	0.9462	5.7	6.5
603	2019	66	6825.6	5	10.2	0.8973	9.4	14.9
603	2019	67	9849.6	5.4	9.2	0.7871	7.3	3.1
603	2019	68	8899.2	5.5	9.7	0.8451	9.9	2.5
603	2019	69	1814.4	1.8	6.7	0.72	5	15.8
603	2019	70	6134.4	1.1	7.5	0.6893	8.8	3.7
603	2019	71	3283.2	1.6	8	0.7224	8.4	7.8
603	2019	72	5443.2	5.3	8.7	0.8211	11.1	4.8
603	2019	73	3628.8	5.9	8.5	0.8934	9	14.1
603	2019	74	10540.8	6.2	12.1	0.9503	9	0.9
603	2019	75	3283.2	5.2	10.4	0.8673	9.5	5.2
603	2019	76	10713.6	4.2	10	0.7965	9.4	3.1
603	2019	77	13046.4	4.2	10	0.7764	6.2	0.3
603	2019	78	15897.6	-0.8	10.8	0.7151	2.5	0
603	2019	79	5097.6	3.4	11	0.9543	4.5	0
603	2019	80	4838.4	5.9	10.9	1.0135	4	0
603	2019	81	11836.8	4.9	15.1	1.1166	3.2	0
603	2019	82	11059.2	3	10.9	0.8882	3.1	0
603	2019	83	14515.2	2.8	9.5	0.765	4	0.1
603	2019	84	12528	3.8	9.5	0.7625	9.6	1.5
603	2019	85	8553.6	5	9.9	0.8571	4.8	0
603	2019	86	12614.4	2.5	12.1	0.9097	3.1	0
603	2019	87	8812.8	7.3	12.7	1.0797	1.4	0
603	2019	88	16156.8	3.7	13.8	0.9927	2.1	0
603	2019	89	17366.4	1.2	15.5	0.9442	2.7	0
603	2019	90	17539.2	-0.3	10.4	0.6476	5	0
603	2019	91	19872	-0.2	12.4	0.5553	4.1	0
603	2019	92	11577.6	4.3	16.6	0.9483	4.3	1.5
603	2019	93	10713.6	4.1	10.4	0.8149	2.9	0
603	2019	94	5184	3.8	9	0.8072	2	0.2
603	2019	95	11491.2	3.3	10.1	0.8534	1.9	0
603	2019	96	9763.2	5.2	13.7	1.0761	3.5	0
603	2019	97	18835.2	4.7	20.9	1.1518	4.3	0
603	2019	98	19526.4	3	16.7	0.9961	5.3	0
603	2019	99	21168	2.2	11.7	0.6986	7.7	0
603	2019	100	22377.6	-0.6	8.6	0.5204	6.3	0
603	2019	101	12096	2.2	9.1	0.6204	4.5	0
603	2019	102	14342.4	-1.8	8.3	0.5322	4.1	0
603	2019	103	13651.2	-2.6	7.7	0.6018	4.8	0.3
603	2019	104	19440	-1.7	9.9	0.6223	4.5	0
603	2019	105	21513.6	5.6	15.5	0.8401	5.5	0
603	2019	106	22636.8	3.4	15.4	0.7543	6.2	0
603	2019	107	17452.8	7.5	19.1	0.7628	4.7	0
603	2019	108	22032	7.3	20.6	0.939	5.7	0
603	2019	109	22464	7.8	21.8	1.0929	5.2	0
603	2019	110	23155.2	6.4	22.3	1.029	4.2	0
603	2019	111	23932.8	1.4	19.1	0.8484	4	0
603	2019	112	22723.2	6.8	23.9	0.749	6.1	0
603	2019	113	22118.4	8.3	20.7	0.8411	7.2	0
603	2019	114	20044.8	11.8	25	1.3524	5.6	10.3
603	2019	115	17452.8	8.9	19	1.2414	5	10.1
603	2019	116	13996.8	9.5	15.3	1.1652	3.3	2.4
603	2019	117	12787.2	6.9	13.4	1.0163	4.7	4.7
603	2019	118	8812.8	1.3	11.3	0.8589	2.5	11.6
603	2019	119	10713.6	0.6	12.5	0.8835	3.6	0
603	2019	120	5184	7.9	10.3	1.0626	3.7	0
603	2019	121	7689.6	7.2	10.4	0.9395	2.9	0
603	2019	122	10281.6	4.7	13.3	0.9866	4.8	0.2
603	2019	123	15984	4	10.6	0.7155	5.4	0.4
603	2019	124	22118.4	3.4	9.9	0.7136	6.3	2.3
603	2019	125	17625.6	3.9	10.8	0.759	5.6	2
603	2019	126	12096	1.8	10.7	0.7418	4.5	1.7
603	2019	127	12960	0.3	10.7	0.7224	2.3	0.6
603	2019	128	10281.6	5.6	14.1	0.9232	4.8	0.3
603	2019	129	22464	7.3	16.4	1.1515	4.5	0
603	2019	130	20995.2	2.3	12.3	0.7666	3.5	1.3
603	2019	131	25142.4	-0.3	12.2	0.6893	4.3	0
603	2019	132	21427.2	1.8	12.7	0.764	4	0
603	2019	133	26179.2	0.3	13	0.7528	2.7	0
603	2019	134	26179.2	1.8	14	0.7987	3.9	0
603	2019	135	27907.2	4	16	0.7975	4	0
603	2019	136	18835.2	5.3	15.8	0.9292	6	0.1
603	2019	137	7430.4	9.8	15	1.2371	3.6	0.4
603	2019	138	20908.8	9.4	21.1	1.3499	3.5	0
603	2019	139	18921.6	9.2	17.9	1.4577	4.4	0
603	2019	140	18230.4	11.5	18.1	1.5637	4.2	0
603	2019	141	8467.2	10.7	13.9	1.3433	6.4	0
603	2019	142	21168	8.3	15.8	1.0262	4.2	0
603	2019	143	26697.6	8.9	20.2	1.1581	4	0
603	2019	144	26956.8	8.9	18.3	1.1979	4.1	0
603	2019	145	19008	9.4	15.1	1.0825	3.2	0
603	2019	146	9590.4	9.8	19.6	1.4367	6.6	12.7
603	2019	147	20044.8	7.4	16.6	1.0929	5.8	2
603	2019	148	25920	4.3	14.2	0.8867	3.7	0
603	2019	149	26697.6	3.9	18.1	0.8525	3	0
603	2019	150	14342.4	12.7	18.9	1.5417	6.5	0
603	2019	151	26006.4	12.6	19.8	1.4712	5.3	0
603	2019	152	25660.8	11.9	21	1.4948	3.4	0
603	2019	153	26956.8	15.1	28.6	1.6996	4.5	0.9
603	2019	154	15292.8	9	17.9	1.1555	3.9	0
603	2019	155	22032	10.7	22	1.244	3.5	15.4
603	2019	156	12355.2	14.4	19.7	1.6304	4.2	0
603	2019	157	18748.8	6.8	18.1	1.1546	5	10.3
603	2019	158	17798.4	6.7	22.3	1.1709	4.9	5
603	2019	159	5961.6	11.2	15.4	1.2816	8.6	13.1
603	2019	160	23673.6	9.9	18.9	1.2617	3.8	0
603	2019	161	23846.4	12	19	1.4773	6.4	6.1
603	2019	162	9676.8	6.2	16.9	1.2378	4.1	17.4
603	2019	163	11923.2	7.1	17.6	1.2761	4	3
603	2019	164	16416	10.8	17.7	1.2495	5.5	0
603	2019	165	22291.2	11.5	22.6	1.5334	3.9	1
603	2019	166	13132.8	12	18	1.5328	3.5	10.1
603	2019	167	22291.2	12.1	19.4	1.3581	4.3	0
603	2019	168	27388.8	13	24.5	1.5767	3.3	0
603	2019	169	25920	11.1	24.4	1.5215	2.4	0
603	2019	170	16848	15.2	23.4	1.721	3.5	0.2
603	2019	171	14428.8	12.5	18.4	1.455	3.2	0.7
603	2019	172	22896	9.8	19.5	1.2822	3.3	1.2
603	2019	173	29116.8	5.7	20.1	1.0851	3.8	0
603	2019	174	27475.2	13	27.5	1.4223	4.5	0
603	2019	175	26784	19.8	31	1.5861	5.4	0
603	2019	176	25488	18.4	32.4	2.0069	2.9	0
603	2019	177	15292.8	12.9	19.6	1.5682	5.3	0
603	2019	178	11404.8	11.5	17.5	1.2534	4.6	0
603	2019	179	25228.8	10.9	18.7	1.2946	3.4	0
603	2019	180	29980.8	9.7	30	1.3182	2.5	0
603	2019	181	25660.8	15.2	24.2	1.6268	4.7	0
603	2019	182	20217.6	15.2	19.7	1.493	6.1	0
603	2019	183	25142.4	9.8	19	1.147	4.7	0
603	2019	184	23068.8	8.6	18.1	1.0715	3.8	0
603	2019	185	25488	8.6	19.7	1.1608	3.8	0
603	2019	186	21772.8	13	19.7	1.3925	4.2	0
603	2019	187	10972.8	13.1	18.1	1.3806	5	1.7
603	2019	188	15638.4	11.3	16.6	1.0663	5	0
603	2019	189	16416	10.9	15.8	1.2092	4.8	2.2
603	2019	190	26784	9.1	18	1.132	3.8	0
603	2019	191	6998.4	9.9	16.3	1.2951	3.1	0.9
603	2019	192	9158.4	14.3	19.9	1.7914	2.9	1.3
603	2019	193	12873.6	12.8	22	1.7264	2.1	13.2
603	2019	194	13046.4	13.8	18.7	1.4575	4.7	0
603	2019	195	10540.8	13.3	16.1	1.3197	4.5	0
603	2019	196	13046.4	12.6	17.1	1.3157	4.3	0
603	2019	197	6480	13.6	16.1	1.4338	3.1	0
603	2019	198	21859.2	14.1	22.2	1.6642	1.8	0
603	2019	199	15984	15.1	23.5	1.7881	4	9.3
603	2019	200	22723.2	11.8	23.1	1.4532	2.4	0
603	2019	201	9590.4	15.8	21.6	1.744	4.6	7.2
603	2019	202	22723.2	13.9	21	1.4731	4.5	0
603	2019	203	19008	15.2	23.7	1.8048	4.9	0
603	2019	204	27475.2	16.2	28.5	1.9678	3.1	0
603	2019	205	25488	17.7	34.8	2.1443	3.6	0
603	2019	206	23932.8	15	34.2	2.0988	3	0
603	2019	207	25574.4	23	34	1.9021	5.6	0
603	2019	208	26524.8	18.4	29.8	1.7374	6.5	0
603	2019	209	21772.8	16.7	28.3	2.0946	4.8	49
603	2019	210	20476.8	15.7	23.8	1.6548	3	0
603	2019	211	24624	16.2	28.5	1.7521	3.5	0
603	2019	212	10454.4	15.8	21.3	1.7704	3.8	9.8
603	2019	213	15638.4	15.4	21.7	1.7917	4.5	2.3
603	2019	214	13478.4	15.8	21.7	1.8574	4	12.9
603	2019	215	10540.8	13.1	20.2	1.5707	3.2	0
603	2019	216	15292.8	11.5	22.5	1.5672	2.1	0
603	2019	217	15120	16.5	23.5	1.844	4.2	0.1
603	2019	218	21686.4	14.7	22	1.6009	4.3	0
603	2019	219	19785.6	15.9	21.4	1.7385	5.4	2.7
603	2019	220	21945.6	11	22.1	1.4855	4.9	0
603	2019	221	6220.8	10.2	21.8	1.6342	4.3	8.1
603	2019	222	17366.4	17.6	22.1	1.7113	9.9	0.2
603	2019	223	15552	15.7	20.7	1.5442	6.8	0
603	2019	224	16416	13.5	20.1	1.4902	4.2	0.4
603	2019	225	12268.8	10.1	18.4	1.3793	2.8	18
603	2019	226	14169.6	9.6	19.6	1.3611	3.9	1.8
603	2019	227	11664	14.7	19.8	1.7101	6	15.3
603	2019	228	16416	13.7	20.8	1.5529	4.2	1.1
603	2019	229	12873.6	15.2	21.8	1.8499	5.5	5.2
603	2019	230	10281.6	14.2	19.6	1.6535	4.4	0
603	2019	231	16070.4	12.8	20.1	1.4575	5.9	1.5
603	2019	232	18489.6	11.6	19.8	1.4072	4.1	3.4
603	2019	233	19180.8	10.7	21.3	1.3618	2.8	0
603	2019	234	21686.4	12.5	22.3	1.3891	3.9	0
603	2019	235	19094.4	12.9	24	1.7169	3	0
603	2019	236	21772.8	15.2	28.8	1.7152	3.2	0
603	2019	237	21081.6	13.3	30	1.7565	2.2	0
603	2019	238	20563.2	13.9	28.6	1.8401	2.8	0
603	2019	239	19958.4	16.1	32.1	2.0669	2.8	0
603	2019	240	16416	18.9	27.6	2.2771	3	0
603	2019	241	16070.4	13.2	22.6	1.7407	3.7	0
603	2019	242	17020.8	13.1	22.3	1.5976	3.9	0
603	2019	243	18748.8	14.5	26.2	1.6696	3.1	10.3
603	2019	244	15465.6	11	19.1	1.2131	4.3	0
603	2019	245	15379.2	10	19.1	1.1747	4.6	0
603	2019	246	7516.8	14.1	19.1	1.4714	5.4	1.5
603	2019	247	4665.6	11.4	17.9	1.482	4.8	13.9
603	2019	248	14947.2	9.8	17	1.1364	6.7	2.4
603	2019	249	7862.4	9.9	17.2	1.3336	5	9.7
603	2019	250	13824	9.6	18.2	1.3325	4.1	1.9
603	2019	251	15811.2	8.6	17.8	1.2429	3	0.7
603	2019	252	17712	9.3	17.6	1.2171	2.7	0
603	2019	253	13305.6	8.7	18.5	1.2913	2.9	1.2
603	2019	254	3110.4	11.7	17.4	1.5718	5	5.7
603	2019	255	17366.4	12.5	20.4	1.5322	5.2	0
603	2019	256	15465.6	9	18.9	1.2573	3.3	0
603	2019	257	15552	7.9	18.5	1.1823	1.9	0
603	2019	258	8726.4	10.2	19.3	1.391	4.2	0
603	2019	259	9504	10.9	16.7	1.2609	2.7	0.4
603	2019	260	11923.2	11	16.2	1.0579	6.7	0.1
603	2019	261	12009.6	7	15.6	1.0435	3.6	1.3
603	2019	262	15897.6	6	16.3	1.0332	1.9	0
603	2019	263	6134.4	7.6	16	1.2169	2	0
603	2019	264	16416	7.8	21.5	1.0657	4.3	0
603	2019	265	14774.4	12.5	24.3	1.3101	4.4	0.1
603	2019	266	6912	12.2	20.5	1.6525	3.1	1.1
603	2019	267	6220.8	13	18.3	1.5093	4.6	6.4
603	2019	268	4838.4	14	17.4	1.5854	3.8	1.5
603	2019	269	2592	14.2	17.6	1.696	5.3	5.1
603	2019	270	8294.4	11.9	17.8	1.5012	5.8	17.6
603	2019	271	9158.4	11.2	18	1.4441	6.3	7.8
603	2019	272	1987.2	12.9	17.2	1.6061	6.7	35
603	2019	273	10713.6	12.4	16.5	1.348	6.7	6.4
603	2019	274	5097.6	9.5	16.9	1.3794	4.7	10.1
603	2019	275	11491.2	7.4	13.9	0.9995	6	1.8
603	2019	276	10800	8.3	15.5	1.1692	3.4	0.5
603	2019	277	2764.8	5.4	10.6	0.9542	4.3	2
603	2019	278	10627.2	3.5	14.3	0.923	3.1	0
603	2019	279	4579.2	6.3	10.8	0.8792	6	0
603	2019	280	8380.8	4.2	12.4	0.9082	4.5	0.3
603	2019	281	7344	10.6	15.7	1.3295	5.5	6.1
603	2019	282	3110.4	7.9	11.9	1.1091	4.6	11
603	2019	283	9072	7.5	15	1.1201	6	0.3
603	2019	284	1641.6	12.5	15.1	1.4973	8.5	25.9
603	2019	285	3715.2	10.3	13.9	1.3258	3.9	10.7
603	2019	286	3196.8	10.5	19.1	1.53	5.1	1.6
603	2019	287	2419.2	10.4	15.5	1.357	4	3.5
603	2019	288	4060.8	12.7	16.7	1.5369	3.7	0.6
603	2019	289	5702.4	10.8	15.8	1.4189	4.4	9.4
603	2019	290	7171.2	10.5	15.3	1.308	3.4	2.4
603	2019	291	5011.2	10.4	14.4	1.2515	6.7	3.7
603	2019	292	5097.6	9.9	14.4	1.2169	5	0
603	2019	293	4579.2	9	14.2	1.2692	2.3	0
603	2019	294	2246.4	10.9	13.4	1.3302	4.3	14.1
603	2019	295	5443.2	7.2	15.2	1.2094	3	0
603	2019	296	4147.2	6.4	14	1.1316	2.7	0
603	2019	297	4406.4	11.5	16.9	1.4396	4.6	0.3
603	2019	298	3196.8	10.8	15.2	1.3315	6.2	2.8
603	2019	299	4147.2	10.2	16.6	1.29	8.6	5.8
603	2019	300	5443.2	8.8	12.5	0.9226	5.9	0.1
603	2019	301	7171.2	3.8	12.2	0.8899	3	1.4
603	2019	302	7689.6	1.3	11.2	0.8179	2.3	0.2
603	2019	303	8294.4	-0.2	9.5	0.6893	3.1	0
603	2019	304	8035.2	-1	8.6	0.6414	3.5	0
603	2019	305	1555.2	0.8	11.1	0.8477	4.3	4.2
603	2019	306	4492.8	10	13.6	1.203	6.6	9.4
603	2019	307	3283.2	8.9	11.9	1.1342	3.4	9.8
603	2019	308	1382.4	6.8	11.1	1.0862	2.5	1.7
603	2019	309	1641.6	8.4	10.7	1.1548	2	2.4
603	2019	310	4147.2	2.6	9.4	0.8226	2.6	1.5
603	2019	311	2332.8	3.4	8.4	0.8355	4.4	5.5
603	2019	312	6393.6	3.1	9.5	0.8493	3.4	0
603	2019	313	1209.6	3.4	9	0.8909	4.5	2.4
603	2019	314	4579.2	3.8	9.4	0.8671	3.8	0
603	2019	315	1209.6	2.4	7	0.7686	6	4
603	2019	316	3369.6	4	6.3	0.7843	6.9	6.1
603	2019	317	4406.4	2.8	10.2	0.8611	5.3	7.8
603	2019	318	3456	3	7.2	0.764	4.3	0
603	2019	319	691.2	3.1	5.1	0.7534	5.2	0.1
603	2019	320	1036.8	2.9	6.7	0.7654	4.1	0
603	2019	321	4233.6	1.1	7.9	0.7495	2.7	0.6
603	2019	322	1900.8	5.4	9.7	0.9254	6.1	11
603	2019	323	3196.8	-0.1	8	0.705	3.7	2.2
603	2019	324	5011.2	-0.7	6	0.7096	1.8	0
603	2019	325	1382.4	-1	4.3	0.6607	4	0
603	2019	326	3283.2	2.4	9.2	0.8482	4.4	0
603	2019	327	2678.4	3.7	8.4	0.8348	6.2	0
603	2019	328	3456	4.3	7.4	0.8511	3.4	0
603	2019	329	2851.2	5.5	9.6	0.9982	3.2	0
603	2019	330	950.4	5.6	10.3	1.0364	4.8	0.7
603	2019	331	1555.2	9.2	11.1	1.1526	5.2	6.8
603	2019	332	1382.4	6.1	10.9	0.9982	6.5	7.7
603	2019	333	2678.4	1.9	8.2	0.6738	5.8	1
603	2019	334	4320	-1.7	8	0.6893	2	0.2
603	2019	335	1900.8	-1.3	6.1	0.6898	1.6	0.4
603	2019	336	2937.6	1.3	8.7	0.7849	3.7	0.9
603	2019	337	3024	2.3	8.4	0.831	4	0.1
603	2019	338	2851.2	0	7.5	0.759	3.7	0
603	2019	339	1382.4	-0.4	5.9	0.7221	5.7	1
603	2019	340	432	5.7	9.3	1.0051	8.3	9.8
603	2019	341	1728	7	9.9	0.9838	6.5	0
603	2019	342	1900.8	6.1	10.4	0.916	9.4	4.9
603	2019	343	1728	4.7	7.9	0.7635	7.4	3.6
603	2019	344	3110.4	1.5	7	0.6538	7	0
603	2019	345	2592	3.8	7.6	0.8698	4.2	2.5
603	2019	346	3369.6	2.3	5.8	0.7099	5.8	0
603	2019	347	864	2.3	6	0.7478	5	6.4
603	2019	348	1728	3.7	7	0.7327	8	8.5
603	2019	349	2851.2	3.6	8.4	0.7665	8.5	2
603	2019	350	1123.2	4.2	7.8	0.8693	4.7	2.4
603	2019	351	950.4	6.1	11.4	1.0378	4.4	5.4
603	2019	352	2160	4	7.3	0.8485	4.3	0
603	2019	353	2419.2	6.2	11.9	0.9554	5.8	0.9
603	2019	354	950.4	7.5	11.6	0.9405	7	0.5
603	2019	355	1296	5.1	8	0.8544	5.4	0.2
603	2019	356	691.2	5.8	8.1	0.9281	4.5	2.2
603	2019	357	1641.6	7	8.6	0.9201	6	0.8
603	2019	358	691.2	4.6	8	0.9066	4.2	5.6
603	2019	359	2419.2	1.6	8.5	0.8139	3	5
603	2019	360	1728	2	7	0.7664	2.8	0
603	2019	361	3542.4	0.7	5.8	0.671	3.5	0
603	2019	362	2073.6	-0.3	1.3	0.5639	3.5	0
603	2019	363	1641.6	-1.1	4	0.5902	4.4	0
603	2019	364	3456	3.2	7.9	0.752	5.3	0.1
603	2019	365	3196.8	-2	8	0.7274	2.4	0
