*---------------------------------------------------------------------------*
* Station name: LEEUWARDEN                              
* Year: 2007
* Author: Pedro Alencar                                   -999.000: NIL VALUE
* Source: ECAD 
* Comments: 
* Longitude: 53.2231, latitude: 53.2231, altitude: 0 m.
*
* Column  Daily value
* 1       station number
* 2       year
* 3       day
* 4       irradiation                   (kJ m-2 d-1)
* 5       minimum temperature           (degrees Celsius)
* 6       maximum temperature           (degrees Celsius)
* 7       early morning vapour pressure (kPa)
* 8       mean wind speed (height: 2 m) (m s-1)
* 9       precipitation                 (mm d-1)
*
** WCCDESCRIPTION=GERMANY, LEEUWARDEN                              
** WCCFORMAT=2
** WCCYEARNR=2007
*---------------------------------------------------------------------------*
   53.2231  5.7517    0.  -0.18 -0.55
603	2007	1	1987.2	4.3	10.1	0.7918	9.5	3.9
603	2007	2	1296	3.9	7.7	0.8021	5.6	9.2
603	2007	3	1036.8	2.8	8.9	0.8511	6.9	1.7
603	2007	4	1296	7.3	9.8	0.9571	9.9	6.5
603	2007	5	777.6	6.1	9.4	0.9486	6.2	1.3
603	2007	6	1036.8	4.3	8.6	0.9064	3	7.8
603	2007	7	604.8	4.6	9.1	0.9217	7.1	1.6
603	2007	8	2851.2	6.8	11.1	1.0062	8	7.7
603	2007	9	3110.4	11	12.5	1.1715	11.7	0.8
603	2007	10	604.8	5.3	12.4	0.954	10.5	14.4
603	2007	11	259.2	6	10.1	0.8606	12.8	19.7
603	2007	12	1728	7.7	11.4	0.9762	10.7	0.4
603	2007	13	1555.2	9.2	11.4	1.1141	9.7	1
603	2007	14	3888	3.8	10.3	0.7737	8.8	0
603	2007	15	2332.8	3.6	8.4	0.8413	5.6	0
603	2007	16	345.6	4.8	9.2	0.9513	6.8	11.1
603	2007	17	1123.2	7.2	10.5	0.9881	9	11.6
603	2007	18	518.4	5.6	12.7	0.9619	12.3	22.5
603	2007	19	2160	6.8	9.7	0.8942	8.6	2.7
603	2007	20	2160	6.7	11.9	0.9248	10.8	0.9
603	2007	21	2851.2	3.9	7.6	0.735	8.5	4.2
603	2007	22	4060.8	-2.1	5.1	0.5107	4.6	1.1
603	2007	23	4665.6	-3.2	5.1	0.5432	2.2	0.4
603	2007	24	5184	-4.5	3.1	0.5342	2.5	1.3
603	2007	25	2851.2	-4.9	1.6	0.444	2.4	0
603	2007	26	1209.6	1.5	7.1	0.6976	7.1	4.2
603	2007	27	3542.4	2	6.6	0.6561	6.5	1
603	2007	28	1296	5.9	8.3	0.8671	8.9	0.5
603	2007	29	3888	5.9	9.1	0.9119	5.6	0
603	2007	30	5184	5.5	9.2	0.8821	4.8	0
603	2007	31	1814.4	4.5	8.5	0.8418	7.6	2.6
603	2007	32	2246.4	3.5	10.2	0.9416	3.1	0.3
603	2007	33	1382.4	3.7	8.5	0.8848	5.8	0
603	2007	34	6307.2	1.8	9.2	0.7946	4.6	0
603	2007	35	3715.2	1	7.3	0.7396	3.3	0
603	2007	36	3628.8	1.2	7.2	0.7174	3.6	1.3
603	2007	37	5529.6	-1.6	5.7	0.5807	3.7	0.8
603	2007	38	5788.8	-0.6	4.9	0.6491	4.2	6
603	2007	39	1987.2	-1.5	1.8	0.5683	6.5	1.5
603	2007	40	2419.2	0	2.2	0.5822	5.7	0.5
603	2007	41	1641.6	-1	0.6	0.5299	8	3.3
603	2007	42	1382.4	0.3	7.7	0.7644	5.8	11.5
603	2007	43	1900.8	4.2	9.8	0.9313	4.8	5.5
603	2007	44	2160	5.2	8.1	0.9189	5.5	3.4
603	2007	45	1900.8	4.1	6.8	0.8368	3.6	5.8
603	2007	46	7862.4	2.2	10.4	0.7921	4	0
603	2007	47	6393.6	3.7	10.1	0.7061	7.8	0
603	2007	48	5097.6	-0.7	9.1	0.6102	4.5	0
603	2007	49	2851.2	-2	8.1	0.6996	2.8	0
603	2007	50	6220.8	-2.9	7	0.6162	2.3	0
603	2007	51	3974.4	4.4	9.1	0.8761	3.5	1.3
603	2007	52	1296	5.2	8.4	0.9285	4.4	6.6
603	2007	53	3974.4	4.5	9.6	0.8842	4.3	0
603	2007	54	4838.4	6.2	11.5	0.9767	5	1.8
603	2007	55	3110.4	7.4	10.7	1.036	5.5	8.4
603	2007	56	1814.4	6	8.4	0.9644	4.3	5.7
603	2007	57	2419.2	5.5	8	0.8859	6.6	2.3
603	2007	58	3369.6	3.2	9.7	0.8292	6.2	9
603	2007	59	5011.2	6.6	10.7	0.9636	9.7	5.1
603	2007	60	5616	5.2	8.6	0.8454	9.3	5.3
603	2007	61	9158.4	2.2	8.7	0.7378	6.2	1.2
603	2007	62	7948.8	2.4	8	0.7605	4.6	1.8
603	2007	63	5875.2	3.1	10.2	0.8798	5.2	0.4
603	2007	64	8726.4	6.9	10.4	0.874	8.3	10.2
603	2007	65	950.4	7.9	8.8	0.9772	8.1	8.5
603	2007	66	3110.4	6.4	10.3	1.032	3.9	7.7
603	2007	67	11750.4	4	11	0.9222	3.4	0
603	2007	68	4233.6	4.9	8.9	0.8752	5.3	4.4
603	2007	69	9590.4	2.1	10.5	0.8207	5.5	0
603	2007	70	12873.6	4.7	12.3	1.0093	4.8	0
603	2007	71	13737.6	2.6	14.6	0.9157	3.3	0
603	2007	72	11750.4	-0.7	11.9	0.7728	2.6	0
603	2007	73	13564.8	2.1	11.9	0.8912	3	0
603	2007	74	13910.4	1.5	12.4	0.8483	4	0
603	2007	75	11577.6	6.1	11	0.8903	6	0
603	2007	76	6480	8.2	11.8	1.0675	8.9	2.7
603	2007	77	11145.6	2.9	9.5	0.7013	12.5	6.4
603	2007	78	9676.8	0.5	7.2	0.692	4.3	6.2
603	2007	79	11232	2.8	8.2	0.7224	7.5	2.8
603	2007	80	12009.6	3.7	8.6	0.6895	7.3	0
603	2007	81	13046.4	4.6	8.6	0.6917	9.1	0
603	2007	82	10281.6	4.1	10.1	0.7663	9.1	0
603	2007	83	9158.4	6	11.3	0.9636	7.4	1
603	2007	84	16243.2	5	14.7	0.8139	6	0
603	2007	85	16416	5.1	15.7	0.8317	5.6	0
603	2007	86	16502.4	5.9	16.4	0.7286	5.9	0
603	2007	87	17020.8	3.8	17.9	0.7012	4.5	0
603	2007	88	10800	2	13.9	0.8441	2.4	0.1
603	2007	89	13996.8	1.5	13.8	0.9213	3.5	0
603	2007	90	16761.6	5.2	13.7	0.9224	6	0
603	2007	91	17280	5	15.1	0.8864	6	0
603	2007	92	17107.2	2.8	15	0.8888	5	0
603	2007	93	12960	4.9	10.3	0.7825	7.6	0
603	2007	94	18230.4	3.5	10.1	0.7408	3.4	0
603	2007	95	19699.2	4.6	14.3	0.9342	4.5	0
603	2007	96	17366.4	3.7	13.3	0.9428	2.6	0
603	2007	97	17712	3.6	12.5	0.8929	3.5	0.3
603	2007	98	18662.4	2	13.1	0.811	5.6	0
603	2007	99	9676.8	6.5	12.5	1.0204	5.2	0
603	2007	100	11491.2	9.9	13.1	1.1659	4.9	0
603	2007	101	12182.4	2.7	14.8	0.9137	2.9	0
603	2007	102	20217.6	3.2	17.1	1.0906	4	0
603	2007	103	15897.6	8.9	21.3	1.2513	4.9	0
603	2007	104	20304	9.2	24.5	1.2649	4	0
603	2007	105	21340.8	8.3	27.3	1.0582	2.7	0
603	2007	106	20822.4	7.5	23.6	1.3761	3.8	0
603	2007	107	15292.8	6.6	12.9	0.9412	4.5	0
603	2007	108	19267.2	4.2	12.5	0.8015	4.4	0
603	2007	109	19699.2	2.9	15	0.8804	6.5	0
603	2007	110	10886.4	0.4	10	0.5836	3.7	0
603	2007	111	21513.6	-0.5	13.8	0.6354	2	0
603	2007	112	22204.8	0.3	17.5	0.7065	2.5	0
603	2007	113	15206.4	7.5	20	1.1783	3.3	0.7
603	2007	114	11836.8	10.8	19.4	1.5084	2.4	0
603	2007	115	17625.6	12	25.9	1.5308	3.3	0
603	2007	116	18230.4	11.3	21	1.5582	4	0
603	2007	117	23587.2	10.2	21	1.416	5.5	0
603	2007	118	21686.4	9	19	1.3093	5.2	0
603	2007	119	23932.8	7.5	18.3	0.9364	6.3	0
603	2007	120	24624	4.8	17.2	0.8	6.4	0
603	2007	121	24969.6	4.8	19.9	0.9893	4.4	0
603	2007	122	25660.8	4.3	17.9	0.977	3.9	0
603	2007	123	24019.2	7.9	16.7	1.2147	4.4	0
603	2007	124	25142.4	9.7	17.2	1.2325	6.5	0
603	2007	125	23155.2	8.6	14	1.0569	4.8	0
603	2007	126	13305.6	8.4	15.8	1.1706	4.3	8.6
603	2007	127	9676.8	9	14.2	1.2146	3.7	1.4
603	2007	128	15033.6	9.9	14.5	1.1216	8.5	0
603	2007	129	19440	9.8	14.8	1.1147	4.5	3
603	2007	130	18489.6	10.6	15.5	1.2308	8.6	9.7
603	2007	131	8553.6	9.6	12.8	1.1828	5	15.9
603	2007	132	13910.4	9.7	15.7	1.2617	6.8	8
603	2007	133	12873.6	9.4	18.7	1.2815	4.3	0
603	2007	134	9244.8	7	15.7	1.1141	6.5	4.6
603	2007	135	23068.8	4	15.2	0.8362	4	0
603	2007	136	9763.2	5.3	13.1	1	4.1	3.6
603	2007	137	20304	5.2	13.9	0.9048	2	0
603	2007	138	21600	7.1	21.9	1.3523	5.8	0
603	2007	139	25142.4	9	17	1.0622	5.9	0
603	2007	140	23068.8	8.2	19.8	1.2454	3.7	3.4
603	2007	141	20131.2	10	17.9	1.4483	3.6	0
603	2007	142	11577.6	6.9	16.3	1.1873	2.3	0
603	2007	143	26265.6	5.2	19.5	1.0753	1.9	0
603	2007	144	27302.4	7	22.2	1.2283	2.3	0
603	2007	145	25142.4	9	23.7	1.4482	3	0
603	2007	146	14169.6	9.4	15.2	1.1004	4.5	0.8
603	2007	147	5529.6	11.3	16.1	1.4876	4.2	27.4
603	2007	148	8035.2	11.4	16.2	1.4343	2.9	1.3
603	2007	149	7689.6	10	13.7	1.1515	5.8	0
603	2007	150	26611.2	8.7	18.9	0.9457	4.8	0
603	2007	151	6480	11.6	16.4	1.437	2.8	12.4
603	2007	152	25056	9.5	22.2	1.4028	3.6	0
603	2007	153	27302.4	9.8	21.7	1.4832	3.8	0
603	2007	154	10800	11.7	19.9	1.5417	3.5	0
603	2007	155	25142.4	11.5	20.1	1.4342	5.3	0
603	2007	156	22636.8	12.9	20.8	1.6099	4.5	0
603	2007	157	12700.8	14.3	19.1	1.7655	3.4	0
603	2007	158	23241.6	13	24.4	1.8732	3.8	0
603	2007	159	26092.8	18	31	2.1477	4.1	0
603	2007	160	24883.2	16.4	24.3	2.0274	2.5	0.1
603	2007	161	19353.6	15.8	23.2	2.082	3.1	0
603	2007	162	28252.8	14.6	26.6	1.9862	3.3	0
603	2007	163	9072	14.5	18	1.642	2.8	0
603	2007	164	18144	13.2	21.4	1.6761	3.6	0.6
603	2007	165	7257.6	11.9	19.1	1.618	4.5	5.4
603	2007	166	10454.4	14.2	19.6	1.6919	4.5	7.4
603	2007	167	14947.2	13.8	20	1.6342	3.1	8.9
603	2007	168	16156.8	12.6	19.1	1.5826	4.1	10
603	2007	169	10108.8	12.4	20.2	1.6657	1.8	15.4
603	2007	170	25142.4	12.2	22.6	1.6669	3.4	0
603	2007	171	20736	13.3	22.5	1.6178	4.5	0
603	2007	172	16329.6	11.9	21.8	1.5333	2	0.4
603	2007	173	21600	14.3	21.3	1.6484	3.1	2.6
603	2007	174	17193.6	13.7	20.5	1.7135	2.9	3.9
603	2007	175	10886.4	13.6	18.4	1.6342	3.7	7.4
603	2007	176	10800	11.5	20.9	1.6735	4	18.3
603	2007	177	9763.2	10.6	15.7	1.3144	8.2	11.8
603	2007	178	19180.8	9.1	16.8	1.1184	8	2.6
603	2007	179	23846.4	11.3	16.3	1.1663	5	0.7
603	2007	180	5702.4	10	15.7	1.3482	5.7	12.1
603	2007	181	24796.8	10	18.7	1.3393	5.3	0
603	2007	182	16848	15.3	20.9	1.7834	4.3	15.1
603	2007	183	18316.8	13.8	20.9	1.6616	4.1	6.2
603	2007	184	12614.4	12.4	17.4	1.523	4.9	17.5
603	2007	185	13996.8	11.5	17.8	1.4487	3.5	22.1
603	2007	186	22982.4	12	18.9	1.5076	4.4	0.5
603	2007	187	8726.4	12.9	16.3	1.4938	9	14.6
603	2007	188	17539.2	12.2	17.8	1.4306	6.7	0.6
603	2007	189	28166.4	10.4	19.1	1.3575	3.4	0
603	2007	190	20649.6	10.3	19.3	1.3115	1.9	0.3
603	2007	191	24278.4	9.9	19.2	1.3236	3.2	0
603	2007	192	7516.8	12.9	17.4	1.5305	5.1	5
603	2007	193	17625.6	14	19.3	1.5518	5.3	0.2
603	2007	194	17798.4	16.4	22	1.8658	4.5	0
603	2007	195	20044.8	13.9	23.3	1.7117	5.8	0
603	2007	196	17020.8	13.9	23.3	1.8401	4	6.1
603	2007	197	17366.4	15.9	25.8	2.1153	3.2	20.5
603	2007	198	24451.2	15.8	21.6	1.7225	5.8	1
603	2007	199	25920	13.9	20.9	1.5875	4.7	0
603	2007	200	24710.4	13.2	21.7	1.6721	3.2	0
603	2007	201	9763.2	13.5	18.8	1.6132	6	15.1
603	2007	202	22896	14.2	21.4	1.628	4.3	0.2
603	2007	203	14688	10.8	19.5	1.5133	2.8	12.5
603	2007	204	16156.8	9.5	19.7	1.3943	3.7	21.5
603	2007	205	10022.4	13.4	17.5	1.5427	6.3	5.2
603	2007	206	22204.8	13	20.3	1.4761	5.1	0
603	2007	207	9676.8	16	21.1	1.813	6.4	4.7
603	2007	208	19526.4	14.9	19.5	1.548	7.4	0.4
603	2007	209	19008	13.3	19.5	1.5087	5.1	0
603	2007	210	12528	11.4	17.7	1.3401	4.8	2.3
603	2007	211	18576	10.8	16.6	1.1901	7.6	1.6
603	2007	212	17280	10.8	17.7	1.2495	5.2	0.5
603	2007	213	25228.8	9.8	21.6	1.3004	2.7	0
603	2007	214	19785.6	11.1	21.5	1.5176	3.2	0
603	2007	215	24969.6	11.2	21.3	1.3837	3.3	0
603	2007	216	25056	13.7	22.5	1.576	4.1	0
603	2007	217	25142.4	16.4	28	1.6828	4.9	0
603	2007	218	21168	17	27.8	1.9738	4.6	0.3
603	2007	219	14169.6	12.9	21.3	1.6161	2.8	0.3
603	2007	220	16070.4	14.4	18.7	1.5232	5.3	0
603	2007	221	12787.2	13.7	18.7	1.5632	6.7	1.1
603	2007	222	17798.4	11.9	19.3	1.5045	5.4	0
603	2007	223	23328	11.2	19.8	1.4069	3.7	0
603	2007	224	21945.6	8.7	23.2	1.448	3	1.8
603	2007	225	17971.2	13.3	20.9	1.5772	3.8	0.5
603	2007	226	12700.8	13.1	22.4	1.5823	4.5	3.3
603	2007	227	15292.8	16.1	22.7	1.8217	7.6	11.6
603	2007	228	12096	11.2	17.8	1.4183	5.7	13.3
603	2007	229	12873.6	10.8	18.2	1.3523	4.3	5.3
603	2007	230	12528	11	19.4	1.3801	3.8	0
603	2007	231	13392	14.4	22.8	1.6047	3.9	0.7
603	2007	232	13564.8	12.2	21.8	1.7414	2.1	4.8
603	2007	233	8035.2	9.8	20.3	1.6061	5.1	3.1
603	2007	234	14256	15.3	22.8	1.9145	6.7	0.4
603	2007	235	17884.8	15.2	22.7	1.8589	2.5	0.1
603	2007	236	16416	14.6	23.1	1.956	2.1	0
603	2007	237	15984	14.9	21.4	1.8098	3.9	0
603	2007	238	17193.6	11.4	20.1	1.4117	4.5	0
603	2007	239	13046.4	10.2	18.6	1.2453	3.7	0.5
603	2007	240	16329.6	8.3	18	1.1029	2.8	0
603	2007	241	16848	7	17.8	1.122	2.3	0
603	2007	242	6652.8	10.6	18.1	1.3393	5.3	0.1
603	2007	243	7257.6	10.7	17.7	1.4072	4.5	1.9
603	2007	244	15379.2	11.4	19.1	1.4019	3.5	0
603	2007	245	10800	12.1	19.2	1.5448	5.8	12.1
603	2007	246	18230.4	9.1	17.2	1.1331	6	0.8
603	2007	247	17020.8	8	16.4	1.0222	6.8	1.2
603	2007	248	4838.4	7	15	1.1935	2.5	3.1
603	2007	249	13824	14.5	19	1.6569	5.5	0
603	2007	250	16070.4	13.7	19.3	1.5746	5.5	0
603	2007	251	8899.2	14.1	19.1	1.5846	6.1	0
603	2007	252	8640	12.7	16.9	1.2778	5.2	0.1
603	2007	253	11059.2	12.4	16.9	1.3988	8.1	6.7
603	2007	254	9072	11.1	17.5	1.2861	5.7	0
603	2007	255	8380.8	9.1	18.6	1.344	3.2	0
603	2007	256	8726.4	8.8	18.4	1.2913	1.8	0
603	2007	257	5443.2	10.7	17.5	1.366	5.3	1
603	2007	258	15465.6	10.5	15.9	1.061	4.1	0
603	2007	259	13737.6	10.3	19.4	1.3832	6.1	0
603	2007	260	4060.8	10.8	16.5	1.3891	3	2.9
603	2007	261	13392	8.2	14	0.9902	5.9	4.8
603	2007	262	11059.2	7.5	16.7	1.1424	6.2	2.3
603	2007	263	5184	13.8	18	1.6599	7.2	14
603	2007	264	5184	13.8	19	1.6763	5.1	0.8
603	2007	265	13392	10.2	19.3	1.4246	2	0
603	2007	266	13824	11.7	21.5	1.5846	3.3	0
603	2007	267	6048	11.2	18.3	1.4581	5.7	3.2
603	2007	268	8035.2	8.2	16	1.2553	4.1	7.8
603	2007	269	5270.4	6.9	13.9	1.1468	3.9	16.6
603	2007	270	13305.6	4.5	15.6	1.0464	6.2	0
603	2007	271	1296	12.7	14.3	1.4375	8.8	11.5
603	2007	272	2160	11.9	13.4	1.3891	5.9	27.3
603	2007	273	5356.8	7.6	14.1	1.1557	3.7	0.8
603	2007	274	6220.8	6.5	14.3	1.1342	2.3	0
603	2007	275	13305.6	5.7	15.4	1.0819	3.5	0
603	2007	276	3024	5.5	14	1.1342	2.8	0.7
603	2007	277	6825.6	8.5	16.2	1.3047	3.2	0
603	2007	278	10195.2	7.1	16.9	1.261	2.1	0
603	2007	279	8467.2	4.9	14.8	1.1418	2.5	0
603	2007	280	11750.4	2.6	16.1	1.0454	1.3	0
603	2007	281	5184	4.1	14.1	1.0164	1.7	0.5
603	2007	282	7084.8	8.6	14.7	1.0817	2.8	0
603	2007	283	6307.2	4.1	13.8	0.9948	3.4	0
603	2007	284	9676.8	3.8	14.9	1.0219	3.2	0.1
603	2007	285	6912	9.5	15.9	1.2763	4.7	0
603	2007	286	8899.2	4.6	14	1.1122	1.7	0
603	2007	287	10454.4	6.3	16.4	1.0604	3.3	0
603	2007	288	7257.6	6.7	15.2	1.1634	4.1	0
603	2007	289	5270.4	11.8	15.7	1.3825	5.3	0.4
603	2007	290	2592	8.4	13.4	1.1595	3.9	17.5
603	2007	291	7689.6	6.5	12.2	0.9045	6.8	3.1
603	2007	292	5529.6	3.1	11.8	0.8262	3.7	0.8
603	2007	293	6220.8	0.5	11	0.7625	1.8	0
603	2007	294	1468.8	4.1	12.1	0.9931	2.8	0.2
603	2007	295	9504	0.7	9.4	0.6914	4.3	0
603	2007	296	9072	-2	9.8	0.6621	4	0
603	2007	297	3283.2	7.2	10.2	0.8994	5.2	0
603	2007	298	1209.6	7.6	9	0.9191	3.5	0
603	2007	299	1209.6	7	8.5	0.8749	3.1	0
603	2007	300	1296	7.5	9.5	0.9539	4	0.1
603	2007	301	3196.8	8.8	11.4	1.0623	7.3	4.4
603	2007	302	1814.4	4.5	11.4	1.0364	3.8	1.7
603	2007	303	6393.6	3.3	12.4	0.9445	3	0.2
603	2007	304	2419.2	4.7	12.7	1.0456	3.7	0
603	2007	305	1987.2	11.3	14.2	1.3541	4.2	0
603	2007	306	1641.6	12.7	13.9	1.5104	3	0.7
603	2007	307	3024	8.8	13.7	1.2134	4	0.2
603	2007	308	2505.6	8.2	11.5	0.9961	2.5	0
603	2007	309	2937.6	8.3	12	1.0906	5	4.9
603	2007	310	4579.2	6.7	9.8	0.8397	8.3	2.5
603	2007	311	2678.4	9.1	13.6	1.1141	8.2	3.3
603	2007	312	2246.4	5.1	11.9	0.9317	7.3	2.5
603	2007	313	3196.8	3.4	8.5	0.6893	11.1	7.4
603	2007	314	3888	5.9	9.1	0.8912	5.9	11.1
603	2007	315	4147.2	4.3	10.8	0.8422	8.7	7.3
603	2007	316	3801.6	5.1	9.9	0.7461	8.3	0.8
603	2007	317	1296	1.4	6.7	0.7262	3.2	4.2
603	2007	318	3801.6	0.2	5.4	0.6051	3.4	1.2
603	2007	319	2160	-2	6	0.5998	1.7	0
603	2007	320	3196.8	1.4	9.6	0.8217	3.3	0.3
603	2007	321	2419.2	2.3	9.6	0.8384	3.5	0.2
603	2007	322	4838.4	0.1	7.2	0.6585	4.9	0
603	2007	323	2332.8	2.7	5.2	0.6806	5	0
603	2007	324	2160	2.1	8.5	0.7213	4.7	0.3
603	2007	325	864	6.4	9.6	0.9113	4.7	0.6
603	2007	326	2851.2	4.5	9.8	0.951	4.7	0
603	2007	327	3110.4	3.2	7.8	0.7494	5.2	1.4
603	2007	328	2678.4	1	8.5	0.737	5.5	1.9
603	2007	329	2332.8	3.6	8.4	0.7478	8.3	4.5
603	2007	330	2246.4	2.4	6.4	0.6774	7.8	5.5
603	2007	331	2937.6	2.2	7.7	0.7387	2.8	0
603	2007	332	950.4	4.9	6.5	0.8148	5.8	0.1
603	2007	333	1209.6	4.7	8.8	0.8859	6.3	2.5
603	2007	334	864	5.7	9.8	0.9803	5.8	4.1
603	2007	335	3283.2	6	9.8	0.9051	9.2	5.7
603	2007	336	1296	5.8	10.7	0.9705	9.3	19.7
603	2007	337	2419.2	5.7	8.1	0.7956	7.8	6
603	2007	338	1728	5.6	9.4	0.8808	5.7	0.3
603	2007	339	518.4	9	11.5	1.1354	9	4.6
603	2007	340	1209.6	7.9	11.9	1.1091	7.3	14
603	2007	341	1900.8	5.3	12.4	0.9654	10	10.7
603	2007	342	1987.2	3.8	7.5	0.7847	6.8	9.9
603	2007	343	3024	5.3	8.6	0.8782	5.2	1.7
603	2007	344	3196.8	3.4	8.5	0.8477	4.4	0.9
603	2007	345	2505.6	0.5	7.4	0.6968	5.2	1.5
603	2007	346	1555.2	-1	6.5	0.7072	1.4	0
603	2007	347	1123.2	-4.1	3.3	0.5519	1.3	0
603	2007	348	1987.2	-2.9	6.2	0.6057	1.1	0
603	2007	349	1036.8	-2.1	4.2	0.5801	2.4	0
603	2007	350	4406.4	-4.9	1.2	0.4482	3.3	0
603	2007	351	777.6	-1.5	1.8	0.5312	5.2	0
603	2007	352	1555.2	-3.5	0.1	0.491	4.2	0
603	2007	353	950.4	-2.1	0.1	0.551	4.4	0
603	2007	354	777.6	-2.8	1	0.5493	3	0
603	2007	355	1296	-4.7	-2.7	0.4603	2.3	0
603	2007	356	3196.8	-5.4	-0.1	0.4892	2.7	0
603	2007	357	3196.8	-2	7.2	0.7071	2.7	0.1
603	2007	358	518.4	-0.6	3.6	0.6537	4.5	0
603	2007	359	1555.2	1	4.6	0.635	6.4	1
603	2007	360	1900.8	1.8	5.3	0.772	4.7	0.1
603	2007	361	604.8	2.7	7.6	0.8548	7.7	0
603	2007	362	1814.4	5.2	7.6	0.8648	8.2	0
603	2007	363	2937.6	4	7.7	0.8141	8.2	5
603	2007	364	2419.2	1.7	7.5	0.7548	4.7	1.7
603	2007	365	2678.4	-4.2	6.4	0.6285	1.6	0
