*---------------------------------------------------------------------------*
* Station name: LEEUWARDEN                              
* Year: 2002
* Author: Pedro Alencar                                   -999.000: NIL VALUE
* Source: ECAD 
* Comments: 
* Longitude: 53.2231, latitude: 53.2231, altitude: 0 m.
*
* Column  Daily value
* 1       station number
* 2       year
* 3       day
* 4       irradiation                   (kJ m-2 d-1)
* 5       minimum temperature           (degrees Celsius)
* 6       maximum temperature           (degrees Celsius)
* 7       early morning vapour pressure (kPa)
* 8       mean wind speed (height: 2 m) (m s-1)
* 9       precipitation                 (mm d-1)
*
** WCCDESCRIPTION=GERMANY, LEEUWARDEN                              
** WCCFORMAT=2
** WCCYEARNR=2002
*---------------------------------------------------------------------------*
   53.2231  5.7517    0.  -0.18 -0.55
603	2002	1	2937.6	-0.5	4.7	0.6113	5.4	0.6
603	2002	2	2073.6	0.3	5.6	0.6569	3.3	0
603	2002	3	3888	-4.7	0.3	0.3952	6.1	0
603	2002	4	3801.6	-6.7	-0.2	0.2748	4.5	0
603	2002	5	2505.6	-5.6	1.8	0.42	3.8	0
603	2002	6	518.4	1.2	5.3	0.7404	3.1	0.3
603	2002	7	1382.4	1.8	5.3	0.7248	1.7	0
603	2002	8	432	1.6	3.5	0.6312	1.6	0
603	2002	9	2332.8	-2	1.7	0.5681	2	0
603	2002	10	1900.8	-3.7	0.9	0.513	3.5	0
603	2002	11	604.8	-1.4	3.7	0.6308	4.4	5.2
603	2002	12	604.8	2	3.9	0.74	3.3	0.1
603	2002	13	3888	0.4	5.2	0.6425	4.2	0
603	2002	14	950.4	0.8	3.5	0.6848	4.6	0
603	2002	15	345.6	2	3.6	0.7172	4.7	8.4
603	2002	16	3801.6	0.4	6.2	0.743	3.4	0
603	2002	17	864	3.5	5.9	0.8284	6.9	2.5
603	2002	18	3715.2	0.7	6.8	0.751	4.6	1.1
603	2002	19	3369.6	3.9	8	0.8477	7.5	2.1
603	2002	20	604.8	2.6	9.3	0.8663	9.5	9
603	2002	21	2419.2	7.6	10.9	1.0734	7.8	0.3
603	2002	22	1382.4	5.3	8.3	0.8791	8.3	4.4
603	2002	23	950.4	5.6	8.2	0.8951	8	1.6
603	2002	24	950.4	4.5	9.5	0.8712	9.8	4.5
603	2002	25	3369.6	2	7.8	0.6928	5.8	3.7
603	2002	26	777.6	7.8	10	1.037	11.7	22.1
603	2002	27	3369.6	6.8	11	1.0028	7.8	0.7
603	2002	28	3888	8.4	11.3	1.0082	13.8	1.7
603	2002	29	4233.6	7.9	10	0.9833	10.6	0.8
603	2002	30	1555.2	6.6	10.8	1.0343	6.9	0.1
603	2002	31	4320	5.2	9.8	0.8912	8.9	6.3
603	2002	32	1382.4	5.5	12.6	1.013	9	0.9
603	2002	33	5875.2	8.4	13.4	0.912	8.3	0
603	2002	34	3628.8	5.8	12.2	0.8031	5.8	0
603	2002	35	1814.4	6.2	10.3	0.9596	9.7	10.6
603	2002	36	1468.8	7.6	11.1	1.0807	7.6	12.2
603	2002	37	1814.4	6.4	8	0.9035	7.3	1.5
603	2002	38	2592	3.8	7.3	0.7974	7	3.3
603	2002	39	4147.2	7.3	10.3	1.03	7.9	1.7
603	2002	40	1900.8	6.6	10.8	0.9669	10.5	0.1
603	2002	41	3888	6.4	9.4	0.9158	9.1	4.9
603	2002	42	950.4	9.2	11.5	1.143	13.8	16.9
603	2002	43	5875.2	7.2	10.9	0.9554	10.8	0
603	2002	44	4924.8	2.6	9.2	0.8169	3.6	0
603	2002	45	8726.4	-4.4	4.7	0.4509	4.7	0
603	2002	46	9331.2	-7	4.8	0.4511	2.3	0
603	2002	47	9504	-5.3	6.8	0.5225	2.4	0
603	2002	48	8467.2	-6.7	6.4	0.5318	2.2	0
603	2002	49	6739.2	3.4	8	0.7782	6.2	2.1
603	2002	50	6566.4	2.7	7.9	0.748	9	13.3
603	2002	51	5702.4	1.9	8.8	0.7327	9.5	6
603	2002	52	7776	0	5.9	0.4908	7.5	0.9
603	2002	53	3628.8	1.9	10.5	0.8056	12.3	21.7
603	2002	54	4579.2	0.7	5.6	0.628	11.4	7.3
603	2002	55	6307.2	0	6	0.6365	5.7	4.9
603	2002	56	2851.2	1	9.3	0.8372	5.8	12.7
603	2002	57	5875.2	6.6	11.2	0.9458	13	17.8
603	2002	58	8380.8	2.8	7.8	0.6679	11	0.7
603	2002	59	5097.6	3.5	7.3	0.7532	6.9	6.3
603	2002	60	9849.6	-2.3	6.7	0.587	4.3	0
603	2002	61	8640	-2.9	7	0.5949	4.7	0.8
603	2002	62	7948.8	0.3	8.1	0.7174	6.3	1.3
603	2002	63	4924.8	6	9.5	0.9592	5.4	0.3
603	2002	64	5702.4	3.4	9.3	0.8523	4.7	0
603	2002	65	4752	4.9	9.9	0.8851	11.4	0.7
603	2002	66	12268.8	6.2	10.2	0.8368	10.6	0.9
603	2002	67	8640	2.5	11.2	0.7929	5.9	0
603	2002	68	11664	4	9.9	0.7884	8.8	2.5
603	2002	69	8899.2	4.1	9.8	0.7185	8.5	0.2
603	2002	70	5184	6.9	11.1	0.9866	5.3	0.3
603	2002	71	6998.4	5.2	12.5	1.0108	2.9	0
603	2002	72	3801.6	-0.3	6.7	0.6225	4.7	0
603	2002	73	7776	1.2	7.6	0.6272	7.7	0
603	2002	74	9158.4	0.8	5.2	0.5683	9	0
603	2002	75	10800	3.7	15.1	0.9664	4.2	0.4
603	2002	76	7171.2	4.8	13.9	1.0454	4.5	1.5
603	2002	77	4147.2	6.5	11.7	1.0626	6.2	11.4
603	2002	78	6134.4	4	9.6	0.8791	7.7	0
603	2002	79	5011.2	6.3	9	0.9631	3.3	2.4
603	2002	80	12009.6	5.2	12.2	1.0006	6.1	0.1
603	2002	81	11836.8	3.7	8.6	0.7556	5.3	1.3
603	2002	82	15638.4	0.1	9.2	0.6723	4.1	0.4
603	2002	83	11318.4	0.4	7.6	0.6099	2.9	0
603	2002	84	13737.6	-0.1	8.1	0.5611	2.4	0
603	2002	85	6739.2	1.4	7.8	0.5936	2.4	0
603	2002	86	11404.8	-1.9	9.4	0.6312	2.8	0
603	2002	87	17020.8	-3.2	12.7	0.5571	3	0
603	2002	88	17280	1	16.6	0.7018	3.4	0
603	2002	89	10972.8	2.3	14.2	0.7743	3.1	0
603	2002	90	13392	5.6	15.3	0.961	3.8	0
603	2002	91	8640	7.9	14.8	1.0873	3.5	0
603	2002	92	16329.6	9.5	20.2	0.8603	5.4	0
603	2002	93	17452.8	9	18.3	0.7492	7.8	0
603	2002	94	18921.6	5.1	15.2	0.6197	6	0
603	2002	95	18489.6	2.1	12	0.6129	7.6	0
603	2002	96	19872	-1.7	9.1	0.5175	5.5	0
603	2002	97	10627.2	-1.2	10.4	0.6954	3.3	0
603	2002	98	17193.6	-2.7	12.8	0.7001	3	0
603	2002	99	5788.8	-1.4	9	0.6735	3.7	0.7
603	2002	100	17884.8	1.7	13.4	0.759	6.8	0
603	2002	101	10281.6	1	11.5	0.7608	4.5	0
603	2002	102	12009.6	0.5	10.5	0.7946	4.8	0
603	2002	103	13564.8	2.4	10.3	0.7374	5.3	0
603	2002	104	6825.6	5.2	10.6	0.9371	3.8	1.8
603	2002	105	2505.6	6.9	8.8	1.0082	4.3	2.6
603	2002	106	5097.6	5.2	9.6	0.9468	3.1	1.8
603	2002	107	11664	3.5	11.1	0.8484	1.9	0
603	2002	108	9072	1.2	12.5	0.8722	2.1	0.1
603	2002	109	15811.2	4	12.2	0.9175	3.3	0.2
603	2002	110	9936	2.2	11.8	0.8612	3.7	0
603	2002	111	20217.6	3.8	16.4	1.0376	2.3	0
603	2002	112	15811.2	7.7	18.4	1.0807	4.2	0
603	2002	113	18316.8	8	15	1.1388	4.2	0
603	2002	114	17539.2	4.9	17	1.1372	3.1	0
603	2002	115	12614.4	3.4	14.9	1.0546	3.7	0
603	2002	116	4233.6	7.2	11.5	1.0572	6	23.3
603	2002	117	15552	5.5	10.4	0.8227	6.5	5.8
603	2002	118	6739.2	6.5	12.8	1.0667	7.5	11.5
603	2002	119	11923.2	5.1	11.1	0.8636	9.4	15.1
603	2002	120	6480	7.2	12.2	0.9981	7.7	6.9
603	2002	121	16156.8	5.9	13.5	0.9981	6.4	3.8
603	2002	122	7862.4	5.7	14.8	1.0855	3.5	8.1
603	2002	123	8035.2	7.8	10.8	0.9717	6.1	0
603	2002	124	11232	7	10.3	0.9076	7.8	0
603	2002	125	3542.4	7	10.7	1.0676	6.5	3.8
603	2002	126	10454.4	4.3	13.4	1.0221	3.8	0
603	2002	127	14515.2	5.7	16.2	1.1242	3.2	0
603	2002	128	13910.4	7.4	13.5	1.1885	5.5	0
603	2002	129	19440	9.6	20.3	1.5279	4.8	0
603	2002	130	18921.6	11.6	22.7	1.6798	3.6	0
603	2002	131	3542.4	10.5	13.1	1.286	3.8	0
603	2002	132	23155.2	7.2	14.3	1.019	3.6	0
603	2002	133	21859.2	7.2	21.1	1.1286	4.7	0
603	2002	134	15206.4	10.6	17.3	1.2891	8.2	3.8
603	2002	135	16329.6	9.2	16.8	1.1819	5.6	0
603	2002	136	26611.2	5.5	19.1	1.1004	4.1	0
603	2002	137	18748.8	4.2	15.1	1.0547	4.5	0
603	2002	138	8812.8	8.1	16.4	1.2107	4.7	0.3
603	2002	139	16416	11.1	17.5	1.3512	4.3	0.4
603	2002	140	18576	10.9	21.9	1.3038	3.6	0
603	2002	141	21772.8	14.3	24.4	1.3004	6.2	0
603	2002	142	6134.4	14.5	19.6	1.6304	4.3	7
603	2002	143	15897.6	9.9	17.9	1.2374	3.5	0
603	2002	144	12700.8	9.4	17.8	1.2291	6.4	1.6
603	2002	145	17625.6	9.4	16.2	1.1223	6.3	4.4
603	2002	146	12268.8	8.7	17.1	1.1445	5.5	1.5
603	2002	147	23155.2	8.2	18.5	1.1939	4.1	5
603	2002	148	16329.6	9.7	19.5	1.2117	3.1	0
603	2002	149	13910.4	10.5	15.2	1.2	5.8	6.9
603	2002	150	17712	8.8	16	1.1364	4.8	1.7
603	2002	151	20131.2	6.4	16	1.0367	5.3	0
603	2002	152	27734.4	4.9	16.8	0.9739	3	0
603	2002	153	27388.8	9	22.8	1.1006	5.1	0
603	2002	154	19353.6	14.2	24.5	1.5246	5.2	8.7
603	2002	155	22377.6	12.3	21.9	1.5382	4.2	0
603	2002	156	14428.8	15.4	25.4	1.5791	5.9	0
603	2002	157	11318.4	16.4	20.8	1.7331	3.5	0
603	2002	158	7689.6	12.6	17.7	1.5133	3.9	4.9
603	2002	159	15379.2	11	18.3	1.3322	1.9	0
603	2002	160	21081.6	8.8	21.6	1.3111	3.1	5.2
603	2002	161	15206.4	11.2	17.8	1.3358	4.6	3.2
603	2002	162	12441.6	10	16.5	1.247	4.1	6.5
603	2002	163	10800	10.3	18.4	1.4209	3.4	0.5
603	2002	164	17193.6	10.8	16.7	1.2568	5.4	1.2
603	2002	165	10108.8	13.1	20.4	1.6188	3	0.2
603	2002	166	19699.2	14.7	19.3	1.5479	6.2	0
603	2002	167	9417.6	13	18.5	1.5726	4.6	0
603	2002	168	26870.4	15.2	28.9	1.8528	3.6	0
603	2002	169	19180.8	11.7	28.8	1.8727	4.2	0.7
603	2002	170	23328	11.8	22.4	1.5188	3.6	0
603	2002	171	4060.8	14.2	16.2	1.6044	3.8	19
603	2002	172	18144	11.9	19.2	1.4291	3	0.1
603	2002	173	8640	13.3	18.6	1.5023	4.8	0.2
603	2002	174	23587.2	12.2	18.1	1.3241	5.3	0
603	2002	175	28166.4	10.9	18.6	1.257	4.3	0
603	2002	176	26438.4	10.9	19.5	1.3456	3.5	0
603	2002	177	23587.2	10.4	20.5	1.3323	5.3	0
603	2002	178	22032	11.3	17.1	1.2293	5.8	4.3
603	2002	179	15465.6	11.2	17	1.2856	8.4	6.9
603	2002	180	17625.6	9.7	17.3	1.1593	6.2	3
603	2002	181	5356.8	13.8	16.1	1.4939	6.5	11.2
603	2002	182	6393.6	12	15	1.422	7.3	17.5
603	2002	183	16243.2	11.6	17.6	1.3279	6.7	3.4
603	2002	184	4579.2	12	15.6	1.4815	4.9	10.2
603	2002	185	22204.8	12.2	17.3	1.391	6.8	0.8
603	2002	186	10454.4	12.2	17	1.4441	3.3	3.3
603	2002	187	13046.4	10.3	18.9	1.4938	3.7	3.9
603	2002	188	10540.8	10.3	18.3	1.4326	4.3	0.3
603	2002	189	18316.8	13.9	22.2	1.6538	4.2	0
603	2002	190	15379.2	12.5	25.5	1.8208	3.1	13.8
603	2002	191	5961.6	10.9	16.4	1.3891	2.8	8.3
603	2002	192	21254.4	11.5	19.5	1.3893	5.1	0.1
603	2002	193	17193.6	11.3	20.9	1.4436	3.2	0
603	2002	194	8985.6	12.8	19.6	1.6368	3	12.4
603	2002	195	25660.8	14.6	21.7	1.8098	4.2	0
603	2002	196	26697.6	13.9	22.2	1.6951	4.3	0
603	2002	197	26265.6	13.9	22.3	1.7212	4.9	0
603	2002	198	22550.4	14.4	19.9	1.5626	6.4	0
603	2002	199	13910.4	14.4	17.8	1.334	8.1	0
603	2002	200	11491.2	8.6	18.1	1.2092	4.3	0
603	2002	201	16934.4	8	20.8	1.2944	2.2	0.6
603	2002	202	11664	13.6	17.8	1.5141	5.1	9
603	2002	203	15292.8	13.1	18.6	1.4208	6.4	1.1
603	2002	204	9676.8	15.5	19	1.7101	6.3	3.9
603	2002	205	19353.6	13.9	18.4	1.4299	5.8	0.9
603	2002	206	15206.4	12.9	19.2	1.4208	4.2	0.3
603	2002	207	21168	12.1	21.4	1.6188	3.9	0.8
603	2002	208	21686.4	12.1	26.5	1.8775	2.3	0
603	2002	209	23500.8	15.8	30.1	2.0406	2.1	0
603	2002	210	23328	15.1	29	2.0116	3	0
603	2002	211	21081.6	18.7	31.6	2.36	3.3	4.4
603	2002	212	20044.8	18.4	26.2	2.2305	2.8	2.5
603	2002	213	4924.8	16.6	21.3	2.0557	4.6	29.3
603	2002	214	23673.6	16.1	24.3	1.7488	3.8	0
603	2002	215	10281.6	15.2	22.3	1.8574	3.3	1
603	2002	216	17884.8	11.9	22.6	1.6708	2.2	0
603	2002	217	10713.6	11.8	22.6	1.8615	1.8	30.9
603	2002	218	17366.4	14.1	22.1	1.8663	2.8	17.3
603	2002	219	9331.2	12.8	22.8	1.8519	1.5	13.8
603	2002	220	14688	13.3	22.9	1.8456	1.8	0
603	2002	221	16329.6	12.7	24.1	1.8172	2.3	7.6
603	2002	222	7344	16.2	20.3	1.9049	2.5	1
603	2002	223	9676.8	14.8	21.6	1.9198	3.1	0.5
603	2002	224	19180.8	13.5	21.2	1.6616	4.6	1
603	2002	225	21600	13.9	21.3	1.6679	3.8	0
603	2002	226	18748.8	15.7	24.1	1.9718	2.7	0
603	2002	227	19958.4	15.8	26.7	1.9914	2.5	0
603	2002	228	17884.8	18	27.2	2.0526	2.9	0
603	2002	229	22032	17.2	27.8	1.9586	3.4	0
603	2002	230	20217.6	19.3	28.7	2.0546	4.7	0
603	2002	231	9676.8	18.8	24.6	2.1506	2.7	2.5
603	2002	232	13651.2	18.1	24.7	2.1878	3.4	19.6
603	2002	233	5184	17.6	20.5	2.0905	2.9	11.1
603	2002	234	7257.6	11.5	18.7	1.5427	3	0.4
603	2002	235	10972.8	10.9	20.1	1.6004	1.9	0.5
603	2002	236	4320	12.7	19	1.6906	3	2.3
603	2002	237	15552	13.2	21	1.694	3	0
603	2002	238	16156.8	11.4	22.6	1.6833	2.3	0
603	2002	239	12355.2	18.1	22.3	2.1741	5.2	0
603	2002	240	15206.4	13.7	22.6	1.8722	3.8	0
603	2002	241	13996.8	14	22.1	1.8191	2.3	0
603	2002	242	9331.2	16.5	22.8	2.0557	4.4	0
603	2002	243	11232	13.3	19.4	1.4668	5.7	1.6
603	2002	244	11664	9.6	19.4	1.3028	2.8	0
603	2002	245	17452.8	7.4	20.5	1.321	3.4	0
603	2002	246	17884.8	12	22.6	1.4198	4.5	0
603	2002	247	14860.8	10.1	21.2	1.527	2.5	0
603	2002	248	15638.4	9.2	21.6	1.4678	3	0
603	2002	249	10108.8	15.1	20.8	1.8283	5.5	1.4
603	2002	250	8035.2	15.3	20.8	1.8398	5.2	8.5
603	2002	251	13305.6	14.2	23.3	1.7278	3.8	0
603	2002	252	14515.2	13.6	26.5	1.8965	4.2	4.1
603	2002	253	2764.8	13.4	16	1.5369	2.3	10.2
603	2002	254	10627.2	14.6	21.3	1.8899	3.8	0
603	2002	255	17193.6	13.1	21	1.6498	4.8	0
603	2002	256	15379.2	10.8	21.4	1.5898	3.6	0
603	2002	257	6307.2	13.9	19.3	1.6412	5.7	0
603	2002	258	13737.6	8.9	20.1	1.3358	2.4	0
603	2002	259	7257.6	10.8	18.5	1.3988	3.6	0
603	2002	260	8121.6	14.1	17.9	1.5071	4	0
603	2002	261	5443.2	12.8	17.7	1.4711	2.1	0
603	2002	262	5270.4	12.9	16.8	1.4844	1.6	0
603	2002	263	5356.8	9.7	17.9	1.3555	2.7	0.1
603	2002	264	6739.2	9.6	16.8	1.349	2.5	4.6
603	2002	265	8899.2	10.7	16.1	1.3053	6.6	10.9
603	2002	266	12873.6	6.6	14.9	1.019	6	3.4
603	2002	267	13392	4.9	15.6	1.048	2.6	2.8
603	2002	268	5011.2	9.7	15.8	1.2805	4.1	0.1
603	2002	269	8985.6	9.8	17.1	1.3404	3.4	3.1
603	2002	270	9936	10	16.3	1.2691	1.9	0.9
603	2002	271	8208	11	17.6	1.4489	2.4	0.2
603	2002	272	7776	10.3	17.5	1.3484	2.4	0
603	2002	273	13392	8.9	18.7	1.2294	2.9	0
603	2002	274	11491.2	7.8	19.1	1.2788	1.8	0
603	2002	275	7603.2	7.9	18.8	1.3164	2	0
603	2002	276	3888	8.9	17.8	1.4388	3.6	0.7
603	2002	277	9676.8	10.6	16.8	1.3154	4.1	0.5
603	2002	278	2332.8	9.9	16.1	1.3914	6	9.4
603	2002	279	7776	5.3	13.7	1.0086	6.2	0.8
603	2002	280	8726.4	4.4	13.5	1.0062	3.3	3.3
603	2002	281	10972.8	0.2	10.1	0.6874	3.3	0
603	2002	282	9504	3.4	14	0.9106	6.6	0
603	2002	283	11232	4.9	13.2	0.8634	7.4	0
603	2002	284	10540.8	2.9	9.9	0.6823	6.6	0
603	2002	285	7084.8	2.1	8.1	0.6586	6	0
603	2002	286	2678.4	4.5	6.1	0.7569	5.9	0
603	2002	287	1555.2	3.5	5.9	0.8199	5.5	4.3
603	2002	288	5788.8	3.5	9.7	0.906	3.6	5.9
603	2002	289	1296	7.2	12.4	1.1138	6.8	0.6
603	2002	290	5443.2	4.7	11.5	0.9607	5.9	1
603	2002	291	5529.6	3.7	11.4	0.9254	3.7	1.9
603	2002	292	7171.2	3.4	11	0.8528	3.3	2.3
603	2002	293	6998.4	2.2	10.8	0.8321	2.9	2.3
603	2002	294	1036.8	5.1	12.4	1.0942	4.8	10.3
603	2002	295	2592	10.3	14.8	1.4091	5.4	4.6
603	2002	296	5443.2	6.4	13.1	0.9894	7.8	4.8
603	2002	297	6739.2	4.2	10.9	0.863	4.5	4.1
603	2002	298	1900.8	7.7	13.2	1.1759	6.8	10.6
603	2002	299	2160	6.3	11.4	0.9881	8.4	13.8
603	2002	300	1987.2	7.5	15	1.1734	12.7	13.7
603	2002	301	6652.8	6.4	11.6	0.9178	7	1
603	2002	302	1728	3.4	10.1	0.8859	3.3	0.5
603	2002	303	5443.2	-1.1	11.7	0.7925	1.4	0
603	2002	304	6134.4	-0.6	12	0.824	1.6	0
603	2002	305	1036.8	1.3	11.6	0.945	3.1	3.6
603	2002	306	2246.4	7.7	12.9	1.2143	5.9	9.6
603	2002	307	2332.8	6.4	13.3	1.1783	5.4	13.3
603	2002	308	3110.4	2.5	9.3	0.919	2.4	0.1
603	2002	309	4060.8	2.5	7.4	0.8082	2.6	0
603	2002	310	3888	2.4	10.7	0.9126	6.1	9.5
603	2002	311	2592	5.5	10	0.9486	4.2	2.6
603	2002	312	2246.4	3.9	10.2	0.9445	6.3	14.9
603	2002	313	5097.6	2.2	10.5	0.8236	6.3	0.9
603	2002	314	2764.8	1.5	8.1	0.8084	4.1	1.6
603	2002	315	3542.4	5.8	11.7	1.0717	3.6	2
603	2002	316	2160	7.5	10.4	1.0862	6.3	1.4
603	2002	317	777.6	7.5	10.1	1.1092	5.5	5.1
603	2002	318	3456	7.1	12.8	1.0517	5.4	0.5
603	2002	319	2851.2	0.6	10.5	0.8517	2.5	0
603	2002	320	1728	-0.4	8.7	0.8218	2.6	0
603	2002	321	1987.2	6.8	11.4	1.1435	2.5	1.5
603	2002	322	1987.2	6	9.4	1.0505	3.3	0
603	2002	323	1296	2.4	7.4	0.8487	2.5	0
603	2002	324	3196.8	-0.3	4.2	0.6469	5	0
603	2002	325	1728	0.6	8.4	0.7832	6.6	0.4
603	2002	326	1382.4	5.7	9.3	0.9637	3.6	0
603	2002	327	3974.4	3.7	9.6	0.8994	4.1	0
603	2002	328	1987.2	0.5	9.5	0.8285	3.6	0.9
603	2002	329	864	0.1	6.6	0.7767	3.8	10.2
603	2002	330	2160	3.5	10	0.9351	2.6	0.2
603	2002	331	3024	3.6	8.1	0.8789	5	0
603	2002	332	432	5.6	7.8	0.9613	3.8	9.9
603	2002	333	1036.8	5.3	9.1	1.005	2.6	1
603	2002	334	1641.6	2.7	9.6	0.9445	1.8	0
603	2002	335	1814.4	6	8.3	0.9713	6.4	7.1
603	2002	336	604.8	5.5	7.6	0.9321	5.4	0.3
603	2002	337	864	1.1	7.9	0.8169	3.1	0
603	2002	338	1987.2	0.8	6.9	0.7885	3.5	0
603	2002	339	1296	2.6	6.3	0.8056	4.6	0
603	2002	340	1123.2	1.7	4.4	0.6692	7.2	0.1
603	2002	341	2160	-4.3	2.8	0.457	7.3	0
603	2002	342	3283.2	-5.8	0.9	0.342	8.2	0
603	2002	343	3456	-8.4	-2.4	0.3067	7.4	0
603	2002	344	3369.6	-8.6	-3.8	0.277	7	0
603	2002	345	3196.8	-7.9	-2	0.2581	7.2	0
603	2002	346	2592	-6.9	-2.8	0.3027	4.8	0
603	2002	347	2332.8	-7.9	-3.6	0.3225	3.5	0
603	2002	348	518.4	-3.9	-1.2	0.456	4.7	0
603	2002	349	950.4	-2.5	-0.9	0.464	7.5	0
603	2002	350	259.2	-1.2	0.4	0.5816	4.7	1.2
603	2002	351	172.8	-4.1	2.2	0.5644	1.9	0.5
603	2002	352	950.4	-5.2	3.8	0.5748	1.8	0
603	2002	353	1209.6	-3.6	2.6	0.5892	2	0
603	2002	354	604.8	-2.3	-1.4	0.5336	1.8	0
603	2002	355	2851.2	-3.5	1.2	0.5618	1.7	0
603	2002	356	259.2	-1.8	1.4	0.5901	6.3	16.4
603	2002	357	604.8	0.2	1.7	0.6479	5.5	0
603	2002	358	604.8	1.4	8.3	0.8544	5.3	9.1
603	2002	359	518.4	7.1	9.3	1.0868	3.5	3.4
603	2002	360	432	7.1	9.2	1.0723	5.5	6.3
603	2002	361	345.6	7.2	11	1.1435	4.6	7.1
603	2002	362	518.4	6.8	9.2	1.0721	3.9	4.3
603	2002	363	1382.4	5.6	7.4	0.9482	3.9	3.8
603	2002	364	950.4	0.6	6	0.7663	6.8	16.3
603	2002	365	2678.4	-5.1	0.6	0.4144	6.7	0
