*---------------------------------------------------------------------------*
* Station name: KAHLER ASTEN (WST)                      
* Year: 1992
* Author: Pedro Alencar                                   -999.000: NIL VALUE
* Source: ECAD 
* Comments: 
* Longitude: 51.1817, latitude: 51.1817, altitude: 839 m.
*
* Column  Daily value
* 1       station number
* 2       year
* 3       day
* 4       irradiation                   (kJ m-2 d-1)
* 5       minimum temperature           (degrees Celsius)
* 6       maximum temperature           (degrees Celsius)
* 7       early morning vapour pressure (kPa)
* 8       mean wind speed (height: 2 m) (m s-1)
* 9       precipitation                 (mm d-1)
*
** WCCDESCRIPTION=GERMANY, KAHLER ASTEN (WST)                      
** WCCFORMAT=2
** WCCYEARNR=1992
*---------------------------------------------------------------------------*
   51.1817  8.49    839.  -0.18 -0.55
812	1992	1	1036.8	-4.8	-0.5	0.4928	9.8	0
812	1992	2	1036.8	-1.5	0.9	0.5978	12.1	0
812	1992	3	3801.6	-3.1	0.2	0.4781	11.6	0
812	1992	4	1036.8	-0.9	1.9	0.6209	10.4	13.2
812	1992	5	1036.8	-0.2	4.9	0.7235	7.9	28.4
812	1992	6	1123.2	2.5	5.1	0.8018	8.8	7
812	1992	7	3456	-2.3	2.5	0.6031	6.9	0
812	1992	8	2419.2	-2.2	4.3	0.5867	8.6	4.6
812	1992	9	1123.2	2	5.9	0.8103	8.2	7.6
812	1992	10	1123.2	-4	3.1	0.5795	7.2	0
812	1992	11	4924.8	-5.4	1.9	0.4677	4	0
812	1992	12	1123.2	-2.5	-0.7	0.5109	6.8	0.2
812	1992	13	1209.6	-3.9	-0.9	0.4867	5	0.9
812	1992	14	1209.6	-2.5	0.5	0.568	9.8	0.8
812	1992	15	1209.6	-0.4	0.5	0.6132	9.9	0
812	1992	16	1209.6	-1.8	-0.2	0.5623	8.5	2.8
812	1992	17	1209.6	-2.1	-0.1	0.5413	9.5	0.1
812	1992	18	1296	-2.8	-0.5	0.5253	6.2	1
812	1992	19	1296	-1.3	-0.1	0.5748	7.4	16.9
812	1992	20	1728	-10.4	0.2	0.3933	6.4	0.1
812	1992	21	5702.4	-11.9	-8.3	0.2158	6.3	0
812	1992	22	5788.8	-12.2	-6.6	0.2581	7.9	0
812	1992	23	5616	-9	-1.8	0.3558	5.7	0
812	1992	24	6134.4	-4	4.7	0.4074	2.7	0
812	1992	25	5961.6	-1.3	4.8	0.3743	3	0
812	1992	26	2073.6	-4.9	-0.6	0.4892	6.7	0.4
812	1992	27	2160	-4.8	-2.6	0.4417	4.1	0
812	1992	28	5443.2	-5.3	-2.5	0.3756	5.2	0
812	1992	29	6739.2	-3.2	10.2	0.4004	4.9	0
812	1992	30	6566.4	3.4	7.7	0.4712	5.8	0
812	1992	31	6912	3.1	8	0.4983	4.8	0
812	1992	32	7171.2	2.8	8.9	0.4996	5.5	0
812	1992	33	6134.4	-2	4.9	0.4546	6.3	0.1
812	1992	34	2332.8	-2.5	-0.8	0.509	10.3	11.8
812	1992	35	1641.6	-2.6	-1.6	0.5134	6.6	3.3
812	1992	36	1728	-2.9	2.8	0.6027	9.1	13.3
812	1992	37	1728	0.6	2.6	0.6858	6.5	0
812	1992	38	3196.8	0.3	2.2	0.6487	7.3	0
812	1992	39	7430.4	-0.7	6.9	0.5723	6.4	0
812	1992	40	6220.8	-2.2	2.5	0.5621	8.8	4.7
812	1992	41	1900.8	-1.2	2	0.6227	9	14.7
812	1992	42	1900.8	-1	1.6	0.6244	6.8	3.3
812	1992	43	1900.8	1.6	6.4	0.8131	5.5	3.3
812	1992	44	1987.2	1	6.6	0.7938	6.3	3.9
812	1992	45	1987.2	-0.6	1.1	0.616	8.3	2
812	1992	46	2073.6	-0.9	5.3	0.6872	11.3	14.5
812	1992	47	2073.6	-3.8	-0.7	0.4818	8.6	13.9
812	1992	48	3888	-8.8	-3.7	0.3488	7.1	3.6
812	1992	49	7084.8	-9.7	-6.4	0.3035	4.4	0.9
812	1992	50	3456	-7	-4.4	0.3717	5	1
812	1992	51	2246.4	-5.3	-2.3	0.4338	5.4	0.2
812	1992	52	2246.4	-3.7	-0.9	0.5058	5.4	2.3
812	1992	53	2332.8	-2	-0.6	0.5445	7.8	0.4
812	1992	54	2332.8	-2.8	1.3	0.5785	9	7.1
812	1992	55	6134.4	-0.6	2.2	0.641	4.6	0
812	1992	56	2419.2	0.1	4.7	0.5954	4.6	0
812	1992	57	2419.2	0.1	4.4	0.6106	5.8	0
812	1992	58	10108.8	1.3	8.3	0.6794	4.7	0
812	1992	59	10368	2.3	9.3	0.6914	6.2	0
812	1992	60	10972.8	3.7	11.3	0.6114	6.2	0
812	1992	61	12096	3.3	10.9	0.6352	6.2	0.5
812	1992	62	6393.6	-1.2	5.3	0.6303	8.2	2.6
812	1992	63	2851.2	-1.5	3.1	0.5827	9.5	2.6
812	1992	64	9590.4	2.6	7.2	0.7534	4.2	0
812	1992	65	11664	2.5	11.8	0.5868	5.8	2.7
812	1992	66	3628.8	0.8	6.6	0.7723	7	2.4
812	1992	67	13392	-0.2	7.6	0.5414	4.9	0
812	1992	68	12441.6	1	8.9	0.6865	3.9	0
812	1992	69	9590.4	1.5	9.2	0.7417	2.6	0
812	1992	70	10281.6	3.1	8.4	0.5788	7.8	5
812	1992	71	3196.8	-2.8	3.9	0.6231	8.7	10.9
812	1992	72	3283.2	-1.3	3.2	0.6545	12.9	35.5
812	1992	73	3283.2	-2.1	3.4	0.6341	11.9	33.4
812	1992	74	5961.6	-4.4	-1.8	0.4572	8.7	11.2
812	1992	75	8899.2	-4.5	-1.7	0.4328	9.9	0.5
812	1992	76	4233.6	-3.8	-0.8	0.449	5.7	0.4
812	1992	77	3456	-1.8	3.9	0.5867	4	0.2
812	1992	78	13737.6	1.8	9.2	0.6682	4.2	0
812	1992	79	3542.4	1.4	4.3	0.7197	5.5	1.4
812	1992	80	4406.4	1.6	8.3	0.7474	8.5	9.7
812	1992	81	4147.2	-1	5.7	0.7091	9.3	11.2
812	1992	82	3715.2	-1.4	0.3	0.5811	8.2	19
812	1992	83	5961.6	-2.5	0.8	0.5628	4.4	5.1
812	1992	84	9417.6	-1.9	0.2	0.5398	9.1	1.1
812	1992	85	3888	-2.4	-1	0.5341	6.3	2.8
812	1992	86	3888	-2.8	-0.7	0.5053	6.4	0.7
812	1992	87	10022.4	-2.4	2.1	0.5439	4.8	11.4
812	1992	88	6652.8	-4.4	-0.9	0.4727	9.6	8.3
812	1992	89	15552	-5.4	0.6	0.3637	4.8	1.8
812	1992	90	10800	-1.9	5.1	0.5761	5.3	0
812	1992	91	10195.2	0.5	8.4	0.5791	6	0.3
812	1992	92	4233.6	-0.9	4.6	0.6842	5.9	6.5
812	1992	93	8208	-0.5	4.3	0.6376	5.6	3.3
812	1992	94	7603.2	0.1	3.8	0.654	5	0.5
812	1992	95	6566.4	-0.9	2.4	0.529	3.6	0.1
812	1992	96	11664	-2.3	2.3	0.4644	4.6	0.3
812	1992	97	4406.4	-1.8	3.2	0.5849	3.9	0.8
812	1992	98	18662.4	0.3	7.6	0.4376	5.5	0
812	1992	99	18403.2	0.4	7.7	0.4733	5.5	0
812	1992	100	20044.8	-0.1	9	0.5455	5	0
812	1992	101	19353.6	2	10.3	0.6045	3.9	0
812	1992	102	19353.6	4.2	13	0.6142	3	0
812	1992	103	13132.8	4.9	12.9	0.7407	4.9	2.9
812	1992	104	12700.8	0.1	6	0.6844	8.7	4.7
812	1992	105	12700.8	0.1	8.5	0.5232	9.7	2.9
812	1992	106	7171.2	-1	6.1	0.7119	9.6	7.3
812	1992	107	4924.8	-3.9	-1	0.4798	8.5	4.1
812	1992	108	4924.8	-4.7	-0.2	0.5002	5.6	7.7
812	1992	109	5011.2	-0.9	6.9	0.7577	5.9	17.5
812	1992	110	17712	0.3	7.7	0.5936	10.1	1
812	1992	111	16675.2	-1.3	4.9	0.4939	5.8	0
812	1992	112	19180.8	-0.8	10.8	0.3663	5.4	0
812	1992	113	7862.4	3.7	10.1	0.726	4.8	0.3
812	1992	114	7171.2	3.3	7.3	0.8638	4.3	2.3
812	1992	115	6307.2	4.1	10.8	0.8468	5.1	0
812	1992	116	13737.6	8.2	14.1	1.0862	6.3	2.1
812	1992	117	13996.8	7.5	14.3	0.925	8.5	7.8
812	1992	118	17884.8	3.8	12.8	0.8425	8	2.2
812	1992	119	6048	3.4	8	0.8423	6.9	12
812	1992	120	12700.8	1.4	7.2	0.7059	5.8	3.2
812	1992	121	18921.6	1.2	10.2	0.6317	5.2	0
812	1992	122	7862.4	1.5	7.5	0.7664	9.3	5.6
812	1992	123	9244.8	0.8	8.2	0.699	3.6	0.6
812	1992	124	11232	0.4	5.7	0.6007	4.2	0
812	1992	125	20476.8	0.9	10.6	0.6339	3.4	0
812	1992	126	20131.2	2.9	12.7	0.624	3.3	0
812	1992	127	21340.8	4.7	13.4	0.7943	4.3	0
812	1992	128	7430.4	5.4	11.2	1.0067	6.2	0.1
812	1992	129	6652.8	1.9	9.8	0.8974	8.2	6.8
812	1992	130	5788.8	0.8	5.5	0.7582	8.7	9.4
812	1992	131	13046.4	1.2	8.3	0.7113	7.1	10.6
812	1992	132	11232	2.5	8.1	0.8638	5.7	5.4
812	1992	133	12441.6	1.3	10.5	0.6962	7.7	0
812	1992	134	23587.2	5.7	19.8	1.0009	4.2	0
812	1992	135	26870.4	11.8	24.2	1.2364	5.5	0
812	1992	136	26352	14.1	25	1.1123	3.7	0
812	1992	137	24796.8	8.4	17.4	1.0999	5.7	0
812	1992	138	23673.6	1.3	12.7	0.8111	5.1	0
812	1992	139	27302.4	6.4	16.2	0.776	5.3	0
812	1992	140	27302.4	7.3	17.5	0.7192	7	0
812	1992	141	26697.6	8.5	19.2	0.8697	6	0
812	1992	142	27475.2	8.7	19	0.8539	4.7	0
812	1992	143	27561.6	10.6	20.5	0.9174	5	0
812	1992	144	25142.4	13	20.6	1.1272	6.1	3.5
812	1992	145	25228.8	11.3	21.7	1.0872	5.3	0
812	1992	146	26179.2	13	22.5	1.136	4	0
812	1992	147	26870.4	11.3	17.5	0.7373	6.5	0
812	1992	148	27475.2	7	17.1	0.8435	6.7	0
812	1992	149	27216	10.1	18.9	0.8905	6.8	0
812	1992	150	24624	8.3	19.6	0.939	6.5	0
812	1992	151	22204.8	10.4	19.6	1.073	4.9	0
812	1992	152	21254.4	11.5	19.4	0.9817	5	0
812	1992	153	15033.6	12	19.1	1.1997	4.6	0
812	1992	154	12873.6	12.3	21.3	1.5284	4.1	12.4
812	1992	155	15206.4	9.5	15	1.2535	4.8	23.4
812	1992	156	6307.2	8.1	10.8	1.1826	6.5	24.4
812	1992	157	15292.8	8.2	16.7	1.3855	4.3	15
812	1992	158	10886.4	10	13.6	1.3137	2.9	9.8
812	1992	159	6393.6	9.8	11.9	1.2855	2.6	6.3
812	1992	160	12182.4	8.9	13.7	1.2442	4.5	1.4
812	1992	161	15292.8	8.5	16	1.225	4.1	0
812	1992	162	25315.2	9.6	17.8	1.0805	5.4	0
812	1992	163	15206.4	6.1	11.2	0.9524	4.8	0
812	1992	164	19094.4	6	15	0.9895	4.7	0
812	1992	165	17020.8	8.6	17.8	1.3036	4.3	0
812	1992	166	14083.2	11.4	19.6	1.1783	2.8	0
812	1992	167	28512	10.8	22.2	1.1434	2.7	0
812	1992	168	18748.8	10.7	20.5	1.5045	6.3	0
812	1992	169	25660.8	6.3	16.1	0.9569	5.8	0
812	1992	170	14428.8	5.5	11.3	0.9364	5.8	0
812	1992	171	6480	4.4	7.9	0.9445	5.4	17.1
812	1992	172	17366.4	7.8	18.6	1.1823	8.3	0.4
812	1992	173	8380.8	9	15.7	1.3191	4.3	0.9
812	1992	174	25747.2	6.7	17.8	1.0683	4.2	0
812	1992	175	17452.8	8	17.8	1.1891	4.6	0
812	1992	176	16588.8	9.8	17.2	1.2365	3.7	0
812	1992	177	23587.2	8.8	18.8	1.0875	4.3	0
812	1992	178	27043.2	11.4	19.8	0.9912	4.3	0
812	1992	179	28944	11.1	20.8	0.7964	3.6	0
812	1992	180	28425.6	12	22.3	0.918	3.2	0
812	1992	181	26611.2	13.2	22.8	0.9273	3	0
812	1992	182	27302.4	14.2	24.2	1.155	4.6	0.1
812	1992	183	14515.2	13.2	18.6	1.4434	4.6	1.5
812	1992	184	17539.2	11.8	19.4	1.3629	3.5	0
812	1992	185	17884.8	12.9	20	1.4948	3.4	3.1
812	1992	186	8899.2	11.4	14.6	1.3315	4.1	12.4
812	1992	187	7948.8	9.7	14.8	1.3532	5.1	28.4
812	1992	188	6307.2	7.6	10.7	1.1589	8.3	5
812	1992	189	24105.6	7.8	16.7	1.0113	5.7	0
812	1992	190	26611.2	9.8	19.9	0.9109	3.1	0
812	1992	191	21600	13.7	22	1.3473	3.1	0
812	1992	192	11836.8	11.6	18.1	1.535	3.8	13.3
812	1992	193	13219.2	9.4	15.5	1.27	4.7	1.5
812	1992	194	15033.6	9.7	14.4	1.3777	5.8	10.7
812	1992	195	14342.4	9.5	14.9	1.1216	7.5	8.4
812	1992	196	6220.8	9.8	13.4	1.3647	8.6	18.5
812	1992	197	23068.8	6.8	14.8	1.0095	4.5	0
812	1992	198	19353.6	8.1	20.9	1.1544	2.5	0
812	1992	199	16761.6	13.7	19.8	1.6378	5.8	8
812	1992	200	12700.8	9.9	16.3	1.2198	6.2	0
812	1992	201	24710.4	11.6	23.9	1.2577	4.6	0
812	1992	202	24969.6	15.2	25.1	1.4135	3.2	0
812	1992	203	22377.6	16.8	26.5	1.9115	5.2	2.6
812	1992	204	17971.2	11.6	18.3	1.3412	4.3	0
812	1992	205	25574.4	10.4	20.3	1.2541	4.2	0
812	1992	206	24278.4	12.5	22.7	1.5674	5.6	21.7
812	1992	207	15984	10.5	17.6	1.3295	4.3	0.1
812	1992	208	19526.4	12	20.7	1.2625	3.8	0
812	1992	209	20304	9.1	21.1	1.2856	6.6	1.7
812	1992	210	24364.8	5.7	15.8	0.9158	4.7	0
812	1992	211	24969.6	8.5	19.6	0.9291	4.5	0
812	1992	212	23587.2	13.4	23.8	1.0056	4.7	5.3
812	1992	213	19872	13.1	24.7	1.5261	3.8	2.7
812	1992	214	21686.4	15.9	25.3	1.6713	5	0
812	1992	215	18576	13.8	18.7	1.5682	5.4	0
812	1992	216	20736	14.4	22.7	1.5357	6.3	0
812	1992	217	18403.2	8.6	16.6	1.0785	5.8	0
812	1992	218	25315.2	9.7	21.8	0.9292	4.4	0
812	1992	219	25142.4	13.2	24.4	1.3433	4	0
812	1992	220	22809.6	13.6	25	1.5869	3.8	0
812	1992	221	19267.2	18	28.6	1.6559	3.7	0
812	1992	222	23414.4	21.6	30.2	1.8004	4.3	1.2
812	1992	223	11232	10.3	21.7	1.5434	7.4	2.3
812	1992	224	16848	9.6	17.5	1.2096	5.6	0
812	1992	225	17020.8	9.7	17	1.2245	7.9	7.4
812	1992	226	6739.2	7.9	11.4	1.1746	9.8	15.7
812	1992	227	9158.4	8.4	10.7	1.1548	8.2	10.5
812	1992	228	9244.8	6.5	11.6	0.967	3.8	0
812	1992	229	8208	6.3	15.3	0.9577	5.3	0.6
812	1992	230	7430.4	9.9	13.1	1.3286	6.1	6.2
812	1992	231	10540.8	8.7	16.3	1.3756	2.5	0
812	1992	232	20304	13.5	22.5	1.628	3.6	0
812	1992	233	10195.2	14.1	21.5	1.7705	4.6	5.1
812	1992	234	8899.2	11.5	15.7	1.4157	6.2	0.7
812	1992	235	17625.6	9.8	19.6	1.3365	3.3	1.8
812	1992	236	13737.6	8.8	15	1.1275	6.2	1.4
812	1992	237	11318.4	6.8	16.9	1.2348	7.3	9.9
812	1992	238	8294.4	13.5	17.7	1.6284	8.8	0
812	1992	239	15984	14.1	21.2	1.6933	6.1	5.7
812	1992	240	11836.8	12.9	18.6	1.519	8.6	0.1
812	1992	241	18316.8	14.5	23.7	1.6777	7	13.6
812	1992	242	8380.8	9.5	17.4	1.479	6	4.9
812	1992	243	15465.6	8.5	16.3	1.1939	7.1	5.2
812	1992	244	4492.8	7.9	10.6	1.1668	6	11
812	1992	245	11059.2	2.8	9.2	0.8506	8.4	4.7
812	1992	246	7516.8	3	11	0.9713	9.3	10
812	1992	247	5961.6	7.1	11.4	1.0967	9.2	4.2
812	1992	248	4924.8	4.7	7.2	0.9315	8.1	11.2
812	1992	249	8035.2	4.3	8.5	0.9417	8.1	6.8
812	1992	250	15465.6	5.3	11.4	0.8344	4.9	0
812	1992	251	11664	5.3	16.2	0.9803	5.6	1
812	1992	252	12009.6	4.8	10.9	0.9021	5.8	0.1
812	1992	253	16070.4	5.1	13.1	0.9125	4	0
812	1992	254	13305.6	6	15.3	0.8713	4	0
812	1992	255	15724.8	10.8	18.3	1.3401	5.8	5.1
812	1992	256	13910.4	5.8	12.6	0.9303	3.9	0
812	1992	257	12700.8	6.6	15.5	0.9869	4.5	1.9
812	1992	258	3801.6	6.3	10.9	1.1167	5.9	9.2
812	1992	259	11577.6	6.9	13.6	1.1354	7.2	0.6
812	1992	260	6998.4	6.4	12.2	1.0302	5.9	0.1
812	1992	261	15638.4	5.2	14.6	0.9872	4.3	0
812	1992	262	14860.8	8	17.9	1.1483	5.1	8.2
812	1992	263	4147.2	9.8	13.6	1.2913	2.7	8.4
812	1992	264	6566.4	9.5	13.1	1.2175	2.9	0.1
812	1992	265	13478.4	8.8	15.8	1.1575	5.2	0
812	1992	266	12355.2	11.1	19.4	1.3673	5.4	0
812	1992	267	8899.2	8.1	13.9	1.0886	6.2	0
812	1992	268	11145.6	6.3	13.7	1.0061	5.2	0
812	1992	269	14428.8	8.3	15.6	1.1033	4.7	0
812	1992	270	14601.6	9.1	19.4	1.1035	3.7	0
812	1992	271	14169.6	12.4	20.6	1.0872	5.1	0
812	1992	272	14169.6	12.4	20.3	1.1326	4.7	0
812	1992	273	8985.6	9	17.1	1.2458	2.9	0
812	1992	274	3024	8.2	11.9	1.2188	2.6	0
812	1992	275	6739.2	9	13.3	1.1789	2.7	2.6
812	1992	276	3974.4	7.5	10.5	1.067	1.8	1.7
812	1992	277	2937.6	7	9.3	1.0506	5.3	2.8
812	1992	278	10886.4	4.8	10	0.7925	12.1	0.6
812	1992	279	2851.2	3.4	6.7	0.8751	9	8.7
812	1992	280	2764.8	3.4	6.8	0.8782	5.6	4.9
812	1992	281	2764.8	6.8	7.6	1.0152	4.2	1.9
812	1992	282	6912	4.3	8.2	0.8654	3.3	0
812	1992	283	2678.4	3.6	6	0.8342	5.9	3.2
812	1992	284	10195.2	1.4	6.7	0.7181	6.2	0
812	1992	285	8294.4	0.7	7.3	0.7237	4.6	1.1
812	1992	286	10454.4	-0.7	4.7	0.494	6.5	0
812	1992	287	11404.8	-2.9	5.5	0.4228	6.4	0
812	1992	288	9676.8	-0.3	6	0.4948	7.3	5
812	1992	289	5961.6	-0.7	2.5	0.626	9.4	4.4
812	1992	290	4406.4	-1.9	1.8	0.5357	7.4	0
812	1992	291	7862.4	-1.9	3.8	0.517	4.5	0
812	1992	292	5616	-2	2.9	0.5303	6.1	0.6
812	1992	293	5788.8	-0.7	6.2	0.603	7	0
812	1992	294	8121.6	-0.7	7.5	0.6704	5.3	4.7
812	1992	295	3283.2	0.7	4	0.7235	5.2	5.4
812	1992	296	3110.4	0	1.6	0.6345	7.5	0
812	1992	297	2073.6	-0.2	2.2	0.6568	6.8	9.7
812	1992	298	2073.6	-0.9	1.2	0.6177	8	9.5
812	1992	299	1987.2	-0.4	3.6	0.6858	8.3	29.2
812	1992	300	1987.2	-0.8	3.5	0.6669	7.9	4.8
812	1992	301	1900.8	-0.5	1.7	0.6382	5.9	11.2
812	1992	302	2678.4	-0.2	4	0.6937	7.9	8.8
812	1992	303	1900.8	0.5	1.6	0.6592	9.9	5.2
812	1992	304	3715.2	0.2	3.8	0.6563	3.4	0.1
812	1992	305	5616	-1.4	3.1	0.5133	3.1	0
812	1992	306	8035.2	-2.8	3.2	0.4897	6.3	0
812	1992	307	6912	-3.8	2.6	0.4737	8.9	7
812	1992	308	1728	1.2	3.5	0.7235	8.6	6.6
812	1992	309	1728	1.2	3	0.7037	7.3	1.6
812	1992	310	1641.6	2.7	6.9	0.86	7.3	2
812	1992	311	1641.6	5.1	6.9	0.9348	6.8	0
812	1992	312	1641.6	4.5	6	0.8874	8	7.6
812	1992	313	5356.8	0.8	6	0.6937	4.6	0
812	1992	314	5875.2	-0.6	4.8	0.6184	7.6	5.1
812	1992	315	1555.2	1.8	5.2	0.7772	8.5	9.1
812	1992	316	1814.4	0.8	7.2	0.805	12	37.3
812	1992	317	1468.8	-1.3	1.2	0.6027	10.4	15.1
812	1992	318	1468.8	-1.8	-0.7	0.5521	6.7	6.7
812	1992	319	1382.4	-2.4	-0.8	0.5326	5.5	4.4
812	1992	320	1382.4	-3	0.5	0.5465	7.4	6.1
812	1992	321	1382.4	0.3	2.5	0.676	8.3	7.1
812	1992	322	1382.4	-2	2.3	0.6115	9.1	26.2
812	1992	323	1296	-1.5	-0.7	0.5526	9.6	11.4
812	1992	324	1296	-1.3	1.8	0.5973	9.6	4.1
812	1992	325	1296	-2.5	-0.7	0.5	9.5	0.1
812	1992	326	1296	-2.7	0.7	0.568	7	22.5
812	1992	327	1296	-0.1	7.1	0.785	9	23.3
812	1992	328	1209.6	2.9	8.3	0.9001	7.8	1.2
812	1992	329	1209.6	2.5	6.5	0.8001	6.3	3.3
812	1992	330	2764.8	3.3	5.7	0.7748	10.8	16.7
812	1992	331	1209.6	1.2	7.5	0.825	11.6	8.8
812	1992	332	3542.4	-0.2	2.3	0.5933	7.8	3.5
812	1992	333	2419.2	-0.3	5.1	0.6826	8.5	0
812	1992	334	1123.2	-1.4	2.4	0.6145	5.4	0.3
812	1992	335	1123.2	2.4	6.2	0.8304	6.6	1.2
812	1992	336	3628.8	0.5	5.6	0.6692	8.4	0
812	1992	337	1123.2	0.7	7.1	0.7671	11.4	29.3
812	1992	338	2764.8	0.5	7.1	0.7376	11.1	3.9
812	1992	339	1036.8	-2.2	2.3	0.601	9.1	16
812	1992	340	1036.8	-2.6	-1	0.5302	7.1	0
812	1992	341	1036.8	-2.3	-1.2	0.5322	7	0.3
812	1992	342	1036.8	-3.1	0.1	0.5421	8.1	4.7
812	1992	343	1296	-2.4	2	0.5962	4.3	0
812	1992	344	1036.8	-2.8	-1.4	0.5134	5.3	0.2
812	1992	345	1036.8	-3	-1.8	0.5021	5.9	0.1
812	1992	346	1036.8	-3.1	-0.4	0.5322	7.6	33.5
812	1992	347	1209.6	-1.5	0.8	0.5837	11.3	7.6
812	1992	348	1036.8	-1.4	-0.2	0.5649	10.1	5.7
812	1992	349	1036.8	-0.2	2.8	0.6712	9.3	0
812	1992	350	4492.8	-0.3	4.6	0.5492	7.8	0
812	1992	351	2419.2	-0.1	3.9	0.5886	7.4	0
812	1992	352	4233.6	0.3	4.8	0.6532	5.6	0
812	1992	353	3974.4	-2	3.4	0.5014	8.7	0.2
812	1992	354	1036.8	-1.2	3.8	0.6578	7.9	3.7
812	1992	355	1036.8	2	3.6	0.7471	3.9	5.3
812	1992	356	1036.8	-1.9	2.2	0.6053	3.7	0.1
812	1992	357	1036.8	-1.2	2.1	0.6313	3.6	5.4
812	1992	358	1036.8	0.5	1.6	0.6592	3.5	0.1
812	1992	359	3283.2	-2.9	1.1	0.5493	2.9	0
812	1992	360	4320	-5.1	2.8	0.2753	6.5	0
812	1992	361	4579.2	-1.7	1.3	0.1265	6.3	0
812	1992	362	2246.4	-6.5	0.5	0.4606	6.3	0
812	1992	363	3888	-7.8	-5.5	0.3159	5.1	0
812	1992	364	4579.2	-7.2	1.4	0.0444	4.9	0
812	1992	365	4665.6	-1.6	4.7	0.1367	3.6	0
812	1992	366	4752	-2.2	3.2	0.2027	3	0
