*---------------------------------------------------------------------------*
* Station name: KAHLER ASTEN (WST)                      
* Year: 2004
* Author: Pedro Alencar                                   -999.000: NIL VALUE
* Source: ECAD 
* Comments: 
* Longitude: 51.1817, latitude: 51.1817, altitude: 839 m.
*
* Column  Daily value
* 1       station number
* 2       year
* 3       day
* 4       irradiation                   (kJ m-2 d-1)
* 5       minimum temperature           (degrees Celsius)
* 6       maximum temperature           (degrees Celsius)
* 7       early morning vapour pressure (kPa)
* 8       mean wind speed (height: 2 m) (m s-1)
* 9       precipitation                 (mm d-1)
*
** WCCDESCRIPTION=GERMANY, KAHLER ASTEN (WST)                      
** WCCFORMAT=2
** WCCYEARNR=2004
*---------------------------------------------------------------------------*
   51.1817  8.49    839.  -0.18 -0.55
812	2004	1	1036.8	-7	-5.5	0.3756	6.2	0
812	2004	2	1036.8	-9.1	-7	0.3202	5.9	0
812	2004	3	3456	-11.3	-7.6	0.281	3.2	0
812	2004	4	1036.8	-10	-2	0.379	7.9	3.7
812	2004	5	1036.8	-2.1	-1.3	0.5395	5.8	0.7
812	2004	6	1123.2	-2.5	1.4	0.587	6.9	5.7
812	2004	7	1123.2	-0.4	1.4	0.6336	6.4	0
812	2004	8	1123.2	-1.8	0	0.5722	7.5	4.7
812	2004	9	1123.2	-1.6	0.5	0.587	6.1	12.6
812	2004	10	1123.2	-1.8	-0.1	0.5701	6.7	0.6
812	2004	11	1123.2	-0.3	5.9	0.7471	9.2	12.6
812	2004	12	1123.2	-1.4	-0.2	0.5764	8.3	6.8
812	2004	13	1209.6	-0.4	2.9	0.6688	10.6	21.6
812	2004	14	1641.6	-1.5	0	0.5785	10	14.2
812	2004	15	1209.6	-2.8	-0.9	0.5336	8.8	9
812	2004	16	1209.6	-1.7	-0.2	0.5701	12.4	17
812	2004	17	1555.2	-2.1	-0.6	0.5536	9.2	2.8
812	2004	18	3456	-7.7	-1.5	0.4259	5.6	0
812	2004	19	1296	-7.2	-0.1	0.4621	10.1	25.9
812	2004	20	2332.8	-6	1.8	0.5186	6.8	0
812	2004	21	2073.6	-9.5	-5.8	0.3269	3.7	0
812	2004	22	1382.4	-9.1	-4.2	0.2936	4.3	0
812	2004	23	1641.6	-5.5	-3	0.3346	5.9	0
812	2004	24	3024	-6.5	-1.2	0.331	8	4.2
812	2004	25	1382.4	-3	-1.3	0.5219	5	5
812	2004	26	1468.8	-5.8	-2.9	0.4384	4.3	0
812	2004	27	1468.8	-7.6	-5.8	0.3628	4.7	1.2
812	2004	28	1468.8	-6.8	-4.5	0.3932	6.8	8.9
812	2004	29	1814.4	-7	-4	0.3978	8.9	10.9
812	2004	30	1555.2	-7.3	-3.9	0.3947	9.6	0.2
812	2004	31	1555.2	-7.4	4.1	0.5361	12.9	5.6
812	2004	32	1555.2	2.8	4.4	0.7589	13.2	6.5
812	2004	33	1641.6	3.9	6.7	0.8905	10.3	26.5
812	2004	34	1641.6	4.5	7.7	0.913	10.4	0.3
812	2004	35	4060.8	5.8	10.2	0.8684	10.6	0.8
812	2004	36	1728	5	8.8	0.915	10.5	6.4
812	2004	37	4147.2	5	8.4	0.8927	10.1	6.1
812	2004	38	1728	-1.1	6.6	0.7146	12.2	18.7
812	2004	39	1814.4	-4.1	-1	0.5066	10.7	14.4
812	2004	40	1814.4	-4.5	-2.8	0.4621	11.4	0.8
812	2004	41	2764.8	-4.2	-2.2	0.4779	8.4	13.9
812	2004	42	1900.8	-4.6	1.5	0.5455	7	0.6
812	2004	43	1900.8	-6.2	-0.1	0.4603	3.2	0
812	2004	44	1987.2	-0.1	1.7	0.6474	7.2	1.2
812	2004	45	1987.2	0.4	1.5	0.6545	3.4	1.4
812	2004	46	2073.6	-1.7	0.6	0.587	4.2	0.4
812	2004	47	9244.8	-2.3	4.2	0.517	4.8	0
812	2004	48	6220.8	-4.1	2.8	0.472	4.6	0.3
812	2004	49	5616	-3.3	0.2	0.5182	6.3	0.7
812	2004	50	2160	-6.8	-3.3	0.3948	8.4	0
812	2004	51	9158.4	-7.7	-2.3	0.3541	8.4	0
812	2004	52	4233.6	-5.2	0.5	0.3702	6.8	0
812	2004	53	2764.8	-5.9	2.2	0.4429	6	0.1
812	2004	54	4838.4	-8	-4.2	0.3722	6.2	1.1
812	2004	55	4665.6	-8.2	-3.8	0.3633	6.9	2.5
812	2004	56	3715.2	-6	-3.6	0.4195	6.2	3.1
812	2004	57	5961.6	-7.7	-4.4	0.3697	6.5	2.6
812	2004	58	9590.4	-8.9	-2.6	0.3584	6.4	0.2
812	2004	59	4406.4	-8.4	-4.8	0.3619	4.8	1.9
812	2004	60	6220.8	-8.5	-4.1	0.3589	5.4	0
812	2004	61	9504	-8.7	-3.1	0.3701	6.9	0.5
812	2004	62	2764.8	-3.2	-1.2	0.52	9.2	0.1
812	2004	63	8294.4	-5.8	-1.1	0.469	6.9	0
812	2004	64	11318.4	-5.9	0.6	0.4476	4.1	0
812	2004	65	13132.8	-8	-0.8	0.3397	7	1.8
812	2004	66	2937.6	-6.8	-3.4	0.41	5.5	0.9
812	2004	67	3024	-5.6	-1	0.4791	4.4	0
812	2004	68	13651.2	-6.8	-1.5	0.4046	5.7	2.4
812	2004	69	4665.6	-7.5	-3.4	0.3952	5.4	0.9
812	2004	70	3110.4	-5.7	-4.1	0.4205	5.2	1
812	2004	71	3196.8	-5.6	-3.1	0.4384	4.8	0
812	2004	72	7776	-4.8	0.8	0.4908	6.6	0.6
812	2004	73	3801.6	0.6	4.6	0.7144	7	1.7
812	2004	74	10627.2	0.9	6.9	0.6783	7.8	0.5
812	2004	75	3888	2.7	7.1	0.7881	8.3	0
812	2004	76	8208	4.2	10.4	0.9199	7.2	0
812	2004	77	15724.8	6.7	17.2	0.8519	6.2	0
812	2004	78	9331.2	7.8	14.8	0.9231	5.1	0.8
812	2004	79	3542.4	4.2	7.8	0.8974	10.9	11.8
812	2004	80	3628.8	2.2	7.5	0.863	12.9	20.7
812	2004	81	5961.6	-0.4	5.8	0.7047	11.4	9
812	2004	82	4233.6	-0.6	0.4	0.6066	7.8	11.8
812	2004	83	7689.6	-2.1	1.3	0.5757	3.4	1.2
812	2004	84	5443.2	-3.3	-0.3	0.5249	7	0
812	2004	85	3888	-4.5	-2.1	0.4791	5.2	0.4
812	2004	86	6652.8	-6.4	-2.8	0.3998	5	0.7
812	2004	87	16156.8	-6.5	1.9	0.3871	2.3	0
812	2004	88	17366.4	-3.6	6.9	0.4405	2.8	0
812	2004	89	18057.6	0.5	8	0.5131	3.9	0
812	2004	90	18748.8	0.5	9.4	0.5562	7.2	0
812	2004	91	17452.8	0.6	11.3	0.5869	4.6	0
812	2004	92	18748.8	4.5	12.8	0.6723	4.6	0
812	2004	93	15206.4	4.5	13.1	0.7923	5.2	0.6
812	2004	94	6652.8	4.9	9	0.8383	7.2	0.1
812	2004	95	9417.6	2.2	7.9	0.7789	8.3	8.8
812	2004	96	7948.8	-0.3	3.4	0.6628	7.7	16.5
812	2004	97	4406.4	-1.4	0.8	0.5978	7.4	4
812	2004	98	4492.8	-1.5	-0.1	0.5764	6.6	10.8
812	2004	99	7776	-1.7	0.3	0.5806	5.5	4.4
812	2004	100	4579.2	-1.5	1.4	0.6088	4.7	0
812	2004	101	10368	-1.5	1.9	0.6075	5.6	0.6
812	2004	102	15292.8	-2.4	2.8	0.5765	5.2	0
812	2004	103	16243.2	-1.4	6.6	0.6113	4.9	0
812	2004	104	8121.6	1.6	6.8	0.7257	4	0
812	2004	105	13046.4	2.2	7.9	0.6301	3.4	0
812	2004	106	16588.8	3.8	12.3	0.6024	3.4	0
812	2004	107	17884.8	6.5	14.4	0.6828	3.4	0
812	2004	108	18921.6	6.4	15.8	0.6601	4.4	4.9
812	2004	109	13824	3.1	10.9	0.8111	7.5	0.1
812	2004	110	15552	1.3	8.4	0.5955	6.1	0.1
812	2004	111	14169.6	1.6	9.1	0.7059	6	0.5
812	2004	112	15465.6	4.5	15.2	0.9475	4.8	0
812	2004	113	16070.4	9.2	16.3	1.1481	4.6	26.1
812	2004	114	12268.8	2.7	9.6	0.8689	7.5	8.7
812	2004	115	19612.8	1.1	9.5	0.7124	6.3	0
812	2004	116	18921.6	2.8	10.9	0.7632	4.3	0
812	2004	117	19008	5.1	12.6	0.7496	3.3	0
812	2004	118	23587.2	6.3	15	0.8713	4.3	0
812	2004	119	15984	7.1	14.9	0.9705	4.4	21.6
812	2004	120	11145.6	6.9	13.3	1.124	4.4	6.9
812	2004	121	21600	7.7	17.4	1.1476	5.4	0
812	2004	122	6825.6	7.6	11.9	1.1221	5.3	14.9
812	2004	123	8467.2	5.5	10.9	0.9781	6.3	0.3
812	2004	124	19094.4	6.5	13.9	0.9451	4.5	0.3
812	2004	125	20304	5.7	14.2	0.8927	6.7	0
812	2004	126	7776	4.2	8.4	0.773	5.5	0
812	2004	127	5702.4	2.9	7.1	0.7587	6.4	12.9
812	2004	128	5702.4	0.6	2.9	0.6932	10.1	29.8
812	2004	129	5702.4	0.6	3.4	0.7057	6.3	1.5
812	2004	130	5788.8	2.1	6.4	0.7613	2.6	1.5
812	2004	131	14342.4	4.9	13	1.0748	3.6	0
812	2004	132	11664	5.2	12.7	1.0634	5.4	0
812	2004	133	8380.8	2.3	6.4	0.775	4.7	0.1
812	2004	134	11318.4	1.1	7.9	0.8001	4.3	0.1
812	2004	135	21340.8	4.7	10.7	0.8824	4.6	0
812	2004	136	12614.4	4.5	11.8	0.964	5.7	0
812	2004	137	22032	5.5	13	0.9567	6.5	0
812	2004	138	26352	6.2	16	0.977	3.5	0
812	2004	139	18835.2	8.7	16.3	1.0425	4.3	0
812	2004	140	26352	7.4	17.9	0.9505	5.5	0
812	2004	141	21513.6	6.5	15.5	0.9836	4.8	4.4
812	2004	142	8294.4	0.1	8.3	0.7752	6.3	4.3
812	2004	143	15120	-1.1	7.3	0.641	7.1	0.8
812	2004	144	17193.6	-0.2	8	0.6137	7.3	0
812	2004	145	16675.2	0	8.9	0.6378	4.6	0
812	2004	146	12614.4	3.2	10	0.8379	4.3	0
812	2004	147	21772.8	1.8	8.4	0.6674	4.8	0
812	2004	148	13392	2.2	8.7	0.7199	3.8	0
812	2004	149	21772.8	3.2	12.2	0.7563	3.3	0
812	2004	150	28857.6	6.8	16.7	0.7443	3.9	0
812	2004	151	24364.8	9.5	17.9	0.7986	4.9	2.4
812	2004	152	11318.4	6.2	10.1	1.0398	3.9	12.6
812	2004	153	12614.4	5.7	14.6	0.9543	2.5	0
812	2004	154	17280	8.8	14.5	1.1227	4	4.3
812	2004	155	15033.6	8.3	15	1.2186	4.9	0
812	2004	156	7948.8	7.9	10	1.132	5.2	6.5
812	2004	157	8899.2	5.7	9.8	1.033	6.6	1.9
812	2004	158	18489.6	6.8	15.2	1.0886	2.8	0
812	2004	159	28857.6	9.4	20.6	1.1411	4	0
812	2004	160	28252.8	14.3	24.5	1.3269	3.4	0
812	2004	161	26697.6	15.3	23.8	1.4982	5.3	3.3
812	2004	162	15811.2	13.2	18.9	1.5848	4.7	5.1
812	2004	163	14342.4	9	15.3	1.3302	5.8	4.2
812	2004	164	12614.4	6.3	10.5	1.0796	4.8	15.9
812	2004	165	13564.8	5.6	10.6	1.0579	5.8	1.6
812	2004	166	23241.6	5.6	16.6	1.109	3.7	0
812	2004	167	19440	6.6	18.5	1.2929	7	4.3
812	2004	168	15033.6	4.8	11.7	0.8942	7.2	0
812	2004	169	17366.4	7.4	17.4	1.2227	8	2.5
812	2004	170	10368	7.8	11.7	1.1583	5.4	5.7
812	2004	171	14947.2	3.9	9.5	0.9025	5	5
812	2004	172	23846.4	3.3	12.2	0.8222	4.4	0.9
812	2004	173	19180.8	4.8	11.8	0.9082	4.9	5.2
812	2004	174	13046.4	6.4	11.8	1.1088	4.8	7.2
812	2004	175	15033.6	9	16.4	1.335	9.7	3.5
812	2004	176	15379.2	6	12	0.9063	11.3	1.8
812	2004	177	9331.2	5.5	9.2	0.9846	7.5	1.4
812	2004	178	23328	5.7	16.1	0.9641	3.7	0.7
812	2004	179	18403.2	9.8	19.6	1.3365	6	1.1
812	2004	180	14169.6	8.2	15.5	1.1377	5.6	0
812	2004	181	18403.2	6.4	14.7	0.9801	4.8	0
812	2004	182	17107.2	9.4	18.6	1.1177	4.5	0.9
812	2004	183	12355.2	7.2	13.7	1.0242	6.2	6
812	2004	184	16502.4	6.6	13	1.0896	5.7	0.4
812	2004	185	16329.6	6.7	12.6	1.1146	8	10.2
812	2004	186	19353.6	5.7	13.6	1.0188	6.3	2.2
812	2004	187	14256	7.5	15.4	1.2296	5.7	1.9
812	2004	188	21168	7.5	15.4	1.0404	3.9	0
812	2004	189	22636.8	8.5	18.1	1.1595	5.7	1.9
812	2004	190	12268.8	10.5	16.9	1.378	5.1	3.8
812	2004	191	6307.2	7.8	10.8	1.1473	8.5	20.5
812	2004	192	13824	6.8	12.1	1.1353	6.4	4.7
812	2004	193	16588.8	6.1	12.2	1.0894	6.3	6.1
812	2004	194	6220.8	6.3	9.5	1.0649	6.8	14.7
812	2004	195	6998.4	5.8	8.7	0.9881	6	1.3
812	2004	196	11491.2	5.8	14.8	1.1266	6.1	9
812	2004	197	6134.4	11.2	13.3	1.4244	5.1	11.1
812	2004	198	13564.8	11.8	16.8	1.5791	5.7	1.3
812	2004	199	21427.2	13.6	22.2	1.8226	5.1	18.9
812	2004	200	15984	12.8	20	1.7695	5.5	13.3
812	2004	201	22723.2	11	18.3	1.3488	4.9	1.4
812	2004	202	7948.8	12.1	16.3	1.5366	5.4	14.9
812	2004	203	18403.2	12.2	21.4	1.6239	4.2	0.4
812	2004	204	17971.2	15.1	22.4	1.7062	3.1	5.4
812	2004	205	18576	13.7	23.3	1.7436	4.9	2.4
812	2004	206	23587.2	10.8	17.3	1.2815	5.1	0.1
812	2004	207	14601.6	7	15.5	1.1201	5.1	4.3
812	2004	208	13478.4	7.2	13.5	1.2058	4.5	2.6
812	2004	209	20476.8	7.7	15.7	1.0715	3.8	0
812	2004	210	20217.6	9.9	17.8	1.1227	3.1	0
812	2004	211	26784	10.7	19.4	1.1277	4.5	0
812	2004	212	24969.6	13.1	23.4	1.2351	4	0
812	2004	213	18835.2	15.2	22.9	1.4304	3.8	0
812	2004	214	22464	13.9	20.3	1.4409	4.5	0
812	2004	215	20304	13.4	21.4	1.3494	3.2	0
812	2004	216	18921.6	15	22.4	1.3564	2.9	0
812	2004	217	17366.4	16.6	23.7	1.4607	4	1
812	2004	218	24796.8	16.8	24.7	1.369	4.1	0
812	2004	219	21254.4	17.3	25.7	1.5358	3.4	0
812	2004	220	20649.6	16.8	24.7	1.3445	3.9	0
812	2004	221	23587.2	15.9	24.5	1.3707	5.2	0
812	2004	222	23414.4	16.4	24.6	1.2759	5.5	0
812	2004	223	19008	15.5	24.6	1.2878	5.7	3.9
812	2004	224	16588.8	13.8	21.3	1.6026	4.1	7.8
812	2004	225	19008	11.2	23.3	1.5725	5.2	19
812	2004	226	7344	10.6	13.5	1.4058	7.5	21.3
812	2004	227	11404.8	11.1	15.7	1.5049	5.3	0.5
812	2004	228	16502.4	12.8	18.7	1.5726	4.6	0
812	2004	229	13737.6	13.3	19.6	1.5883	6.4	1.4
812	2004	230	14428.8	13.4	20.1	1.695	4.7	13.5
812	2004	231	16675.2	13.4	21	1.7047	7.1	14
812	2004	232	17366.4	12.4	18.3	1.4283	9.3	0
812	2004	233	13392	9.3	16.5	1.204	7.3	0.1
812	2004	234	10886.4	7.5	15.2	1.2752	5.7	8.7
812	2004	235	15465.6	6.4	13.4	0.9994	3.3	0
812	2004	236	12182.4	7.6	17.2	1.1076	5.9	0.8
812	2004	237	8553.6	10.5	15.1	1.3733	6	16.4
812	2004	238	5788.8	8.5	11.3	1.2066	7.6	10
812	2004	239	6134.4	7.7	11.9	1.2107	7	15.4
812	2004	240	4665.6	7.3	11.2	1.1551	7.3	9.4
812	2004	241	7257.6	11.1	14.7	1.4715	4.6	2.7
812	2004	242	12096	10.8	16	1.4128	5.2	7.1
812	2004	243	8467.2	6.8	12.8	1.1622	7.1	13.9
812	2004	244	5184	6.8	9.7	1.0905	7	9.2
812	2004	245	16416	5.5	14.1	0.9806	3.9	0
812	2004	246	19785.6	9.2	17.6	0.9828	3.9	0
812	2004	247	17712	12.6	21.2	1.4035	3.6	0
812	2004	248	16675.2	14.5	21	1.5417	3.2	0
812	2004	249	18489.6	14	20.4	1.352	3.9	0
812	2004	250	18662.4	13	19.8	1.2666	4.7	0
812	2004	251	17625.6	12.5	19.2	1.3848	5.8	0
812	2004	252	17452.8	9.2	16	1.0494	5.1	0
812	2004	253	18316.8	8.1	16.3	0.866	6.2	0
812	2004	254	16848	9.1	19	0.865	7.2	6
812	2004	255	7603.2	12.4	17	1.587	6.7	4.1
812	2004	256	11664	7.8	12.7	1.0605	8.6	0
812	2004	257	12268.8	7.5	15.3	1.1178	8.2	0.2
812	2004	258	11923.2	7.9	13.6	1.0964	7.4	0.9
812	2004	259	7516.8	5.9	12	1.0634	7.5	2.1
812	2004	260	10713.6	4.7	11.8	0.9051	3.2	0
812	2004	261	16588.8	5.7	15	0.8666	5.6	0
812	2004	262	16588.8	8.6	17.9	1.0645	7.3	1.1
812	2004	263	8726.4	6.3	13.7	1.1043	5.2	1
812	2004	264	4406.4	6	10.2	0.9715	9.2	4.4
812	2004	265	4320	4.8	8.7	0.9548	11.1	13
812	2004	266	3369.6	3.7	6.9	0.8905	8.8	52.3
812	2004	267	3369.6	4.6	9.3	0.9979	9.1	26.3
812	2004	268	4492.8	4.2	7.2	0.9156	7.7	14.6
812	2004	269	3801.6	4.5	6.4	0.8908	7.2	5.6
812	2004	270	5184	4.9	8.3	0.9548	6	0.7
812	2004	271	3196.8	7.9	10.5	1.1628	6.7	1.1
812	2004	272	3110.4	7.6	11.2	1.1786	7.1	3.6
812	2004	273	3628.8	4.9	8.9	0.9846	7.7	8.7
812	2004	274	6220.8	5.1	10.5	0.9836	3.4	0.6
812	2004	275	4665.6	6.1	12.7	1.1079	4.4	2.3
812	2004	276	5270.4	6.3	10.2	1.036	5.1	1
812	2004	277	10195.2	5.9	13.2	1.0119	5.7	0
812	2004	278	10022.4	7.5	15.9	1.2089	8.5	0
812	2004	279	4838.4	11.1	16.3	1.4563	7.5	2.6
812	2004	280	4838.4	5.4	12.5	1.1091	5.6	0
812	2004	281	9331.2	4.2	10.4	0.9199	5.7	0
812	2004	282	3456	4.5	8.6	0.8738	3.3	0
812	2004	283	11059.2	2.8	9.8	0.8493	4.6	0
812	2004	284	9244.8	0.9	6.9	0.7267	6.7	0
812	2004	285	9676.8	-1.1	4.7	0.6331	8.5	0
812	2004	286	11318.4	-2.5	4.9	0.5331	8.5	0
812	2004	287	5702.4	1.5	9.9	0.8148	5.2	0.4
812	2004	288	2419.2	3.9	6.1	0.8634	5.6	7.3
812	2004	289	2419.2	2.9	5.5	0.8246	6.4	6.1
812	2004	290	4060.8	1.4	4.4	0.7524	5.9	9.7
812	2004	291	2332.8	0.9	3.9	0.7261	6.3	16.1
812	2004	292	2246.4	3	4.9	0.8103	7.8	1
812	2004	293	8121.6	2.7	7.6	0.8548	5.1	0
812	2004	294	2160	4.6	12.1	1.0979	7.5	10.4
812	2004	295	8985.6	4.6	12.1	0.9223	9	3.2
812	2004	296	6652.8	4.8	11.1	0.951	8.6	0
812	2004	297	2073.6	8.2	12.3	1.1354	10.3	0
812	2004	298	6480	9.4	16	1.335	7.2	4.7
812	2004	299	4579.2	6	11.6	1.03	8.6	0
812	2004	300	1987.2	3.1	6.4	0.8227	4	0
812	2004	301	5875.2	2.5	7.4	0.8169	5.2	2.9
812	2004	302	1900.8	5.1	8.2	0.9776	5.7	4.4
812	2004	303	2764.8	6.7	10.2	1.1054	4.8	1.6
812	2004	304	1814.4	5	7.7	0.9576	4.3	0.1
812	2004	305	1814.4	4.6	6.2	0.8967	4.7	0
812	2004	306	1814.4	3.6	4.7	0.8218	6	0.4
812	2004	307	1728	3.5	5.4	0.8392	5.8	0.3
812	2004	308	2246.4	5.4	9.7	1.0398	5	0.2
812	2004	309	1728	5.9	10.1	1.0721	4.9	3.6
812	2004	310	2592	1.3	6.1	0.7802	6.3	1.2
812	2004	311	2332.8	0.2	3.2	0.6907	6.5	3.6
812	2004	312	3024	-0.6	2	0.6428	5.7	0.1
812	2004	313	3283.2	-3	2.4	0.5619	2.8	0
812	2004	314	3369.6	-3.9	-1.5	0.491	5.7	11.1
812	2004	315	1555.2	-3.1	-2.2	0.4979	4.8	0
812	2004	316	3110.4	-3.7	1.3	0.5541	4.3	0
812	2004	317	1814.4	-0.8	1.4	0.6182	6.4	7
812	2004	318	1468.8	-2.1	1.2	0.5854	8.5	0.8
812	2004	319	3196.8	-2.1	-0.3	0.5541	4	0.2
812	2004	320	3456	-2.2	0.3	0.5644	6	1.8
812	2004	321	1382.4	0.3	4.4	0.7163	6.6	18.4
812	2004	322	1382.4	3.3	6.1	0.8455	10.7	33.3
812	2004	323	1296	-0.8	5.9	0.7339	9	40.3
812	2004	324	1296	-3.8	2.4	0.5748	9.4	7.7
812	2004	325	1296	-3.7	-2.9	0.4743	7.2	7.2
812	2004	326	1814.4	-3.9	-1.5	0.496	5.9	3.6
812	2004	327	1296	-1.5	4.9	0.6838	10	32.3
812	2004	328	1209.6	-1.4	4.7	0.6814	8	6
812	2004	329	5788.8	-3.4	2.5	0.4139	3.2	0
812	2004	330	5788.8	-2.9	3.3	0.2046	6.2	0
812	2004	331	2505.6	-5.4	0.6	0.4816	6.9	1.3
812	2004	332	1209.6	0.5	2.5	0.6741	5.7	3.4
812	2004	333	1123.2	1	2.7	0.6912	4.7	0.7
812	2004	334	1123.2	0.5	2.4	0.6581	2.1	0
812	2004	335	3024	-1.5	0.9	0.5859	6.4	0.2
812	2004	336	1123.2	-1.5	-0.1	0.5764	4.8	0
812	2004	337	1123.2	-3.2	-0.2	0.5341	3.4	0.1
812	2004	338	2937.6	-2.8	0.5	0.5449	3.1	0
812	2004	339	4406.4	-2.2	1.6	0.538	3.3	0
812	2004	340	1296	-1.1	1.7	0.587	5.7	0
812	2004	341	1036.8	-0.1	1.2	0.6359	5.4	0
812	2004	342	1036.8	-0.4	2.9	0.6621	4.3	0
812	2004	343	2073.6	-2.5	2.6	0.558	4.6	0
812	2004	344	4838.4	-0.8	8	0.1739	7.3	0
812	2004	345	4752	2.6	9.1	0.148	6.4	0
812	2004	346	4665.6	-0.6	7.5	0.2425	2.6	0
812	2004	347	4752	-3.5	4.7	0.3191	5.4	0
812	2004	348	4665.6	-2.4	5.7	0.2684	4.3	0
812	2004	349	4665.6	-0.1	6	0.3775	6	0
812	2004	350	4579.2	0.8	5.7	0.4319	7.3	0
812	2004	351	2246.4	-3.5	2.6	0.5558	8.9	6.2
812	2004	352	1036.8	-1.9	1	0.5913	7.9	13.3
812	2004	353	1036.8	-2.8	-1.2	0.5224	9.9	16.5
812	2004	354	1987.2	-7.3	-2	0.4286	6.3	0
812	2004	355	4579.2	-9.2	-0.6	0.3271	4.1	0
812	2004	356	4579.2	-10.1	-4.6	0.2676	5.9	0
812	2004	357	1036.8	-9.6	-1.9	0.3823	8.7	7.7
812	2004	358	1036.8	-1.9	3.4	0.6387	9.9	18
812	2004	359	1036.8	0.8	4.1	0.7214	11.6	10.4
812	2004	360	1036.8	-1.8	4.2	0.6597	8.1	0.7
812	2004	361	1036.8	-3.7	-1.8	0.4892	5	0
812	2004	362	1036.8	-7.4	-3.7	0.3922	5.4	0.3
812	2004	363	1036.8	-7.6	-1.8	0.4183	8.7	5.6
812	2004	364	1036.8	-2.9	-1.7	0.511	5.7	0.6
812	2004	365	1036.8	-2.7	-0.2	0.5441	7.7	0.4
812	2004	366	1036.8	-0.2	3.2	0.6741	7.1	3.1
