*---------------------------------------------------------------------------*
* Station name: KAHLER ASTEN (WST)                      
* Year: 1983
* Author: Pedro Alencar                                   -999.000: NIL VALUE
* Source: ECAD 
* Comments: 
* Longitude: 51.1817, latitude: 51.1817, altitude: 839 m.
*
* Column  Daily value
* 1       station number
* 2       year
* 3       day
* 4       irradiation                   (kJ m-2 d-1)
* 5       minimum temperature           (degrees Celsius)
* 6       maximum temperature           (degrees Celsius)
* 7       early morning vapour pressure (kPa)
* 8       mean wind speed (height: 2 m) (m s-1)
* 9       precipitation                 (mm d-1)
*
** WCCDESCRIPTION=GERMANY, KAHLER ASTEN (WST)                      
** WCCFORMAT=2
** WCCYEARNR=1983
*---------------------------------------------------------------------------*
   51.1817  8.49    839.  -0.18 -0.55
812	1983	1	4406.4	-1.6	3	0.18	7.9	0.9
812	1983	2	1036.8	-3.5	-1.2	0.5039	6.6	0.4
812	1983	3	1036.8	-4.3	4.9	0.6182	10	23.4
812	1983	4	1036.8	0.2	5.2	0.6824	12.9	14.1
812	1983	5	1036.8	-0.9	7.9	0.785	9	11.4
812	1983	6	1468.8	2.5	7.9	0.7959	11.4	6.1
812	1983	7	1123.2	-2	3.4	0.6235	10	3.7
812	1983	8	1468.8	-1.5	0.2	0.5711	8.8	5.4
812	1983	9	1123.2	-2.7	2	0.5897	11	7.5
812	1983	10	1555.2	0	3.9	0.6891	9.3	6.3
812	1983	11	1123.2	2.5	4.6	0.7878	7.4	0.1
812	1983	12	1123.2	-2.7	2.7	0.6049	6.7	0
812	1983	13	1555.2	-3.5	0.2	0.5253	9.2	9.7
812	1983	14	1209.6	-4.8	-0.8	0.4774	10.2	37.6
812	1983	15	1209.6	-1.9	0.8	0.5811	11.5	34.1
812	1983	16	1209.6	0.3	2.2	0.6487	15.1	8.2
812	1983	17	1209.6	0.9	2.5	0.6769	14.2	3.2
812	1983	18	3110.4	-3.7	1.4	0.5112	12.9	10.8
812	1983	19	1296	-4.7	-3	0.4414	10.6	22.1
812	1983	20	1555.2	-4.6	-3.1	0.4414	8.4	2.6
812	1983	21	1296	-3.2	-0.4	0.5302	9.4	5.1
812	1983	22	1382.4	-2	-0.1	0.5603	8.2	0
812	1983	23	5875.2	-4.2	4.8	0.4683	3	0
812	1983	24	5270.4	2.4	7.1	0.1971	6.4	0
812	1983	25	1382.4	0.4	4.1	0.5747	8	3.2
812	1983	26	1468.8	1.8	5	0.7795	8.2	3.5
812	1983	27	1468.8	4	5.7	0.8285	11.4	11.3
812	1983	28	1468.8	2.7	4.8	0.799	12.3	18.6
812	1983	29	3369.6	0.2	4.4	0.6777	12.2	3.5
812	1983	30	1555.2	-4.8	1.1	0.5176	9.7	20.3
812	1983	31	1555.2	-4.8	-2.8	0.4477	9	21.2
812	1983	32	1555.2	-2.8	4.2	0.6299	14	19.1
812	1983	33	2246.4	-4.7	-2.5	0.431	11.2	7
812	1983	34	1641.6	-5.1	-2.3	0.4464	9.2	12.8
812	1983	35	3456	-6.4	-2.9	0.4113	7.2	0
812	1983	36	1728	-7.3	-2.5	0.4036	9.4	16.1
812	1983	37	1728	-3.6	-1.8	0.486	4.8	9.2
812	1983	38	1728	-5.8	-3	0.4235	5.8	3.7
812	1983	39	1814.4	-7.4	-5.2	0.3551	5.3	2.9
812	1983	40	1814.4	-8.3	-5.6	0.3414	6.4	0.9
812	1983	41	1900.8	-8.8	-6.6	0.3153	6	2.4
812	1983	42	2505.6	-9.5	-6.7	0.3123	7.3	1.2
812	1983	43	3888	-8	-6.1	0.328	7	0.7
812	1983	44	5270.4	-11.3	-5.6	0.2942	6.5	0
812	1983	45	6048	-10.4	-5.8	0.299	8.1	0
812	1983	46	5875.2	-10.3	-6.3	0.2977	8.1	0
812	1983	47	8812.8	-13.2	-7.3	0.2273	7.7	0
812	1983	48	7862.4	-9.9	-4.8	0.3169	8	0
812	1983	49	9676.8	-8.1	1.5	0.2156	5.2	0
812	1983	50	7948.8	-5.8	-1.1	0.3648	4.8	1.6
812	1983	51	2246.4	-5.1	-3.4	0.4239	5.8	1.6
812	1983	52	9763.2	-10.1	-4.8	0.2795	5.8	0
812	1983	53	10022.4	-11.7	-5.7	0.2187	6	0
812	1983	54	10022.4	-11.5	-1.7	0.2089	9.8	0
812	1983	55	10108.8	-6.3	4.1	0.3552	8.2	0
812	1983	56	3974.4	-2.9	4.1	0.402	8.5	4.8
812	1983	57	2419.2	-1	4.2	0.6858	7.4	6
812	1983	58	2505.6	-0.3	3.7	0.6907	6.6	5.2
812	1983	59	3283.2	-2.1	-0.1	0.5582	7.5	6.6
812	1983	60	5184	-4.3	-0.6	0.4594	2.7	0
812	1983	61	7948.8	-4.3	1.7	0.5223	3	0
812	1983	62	12182.4	-4.2	4.7	0.4355	4.4	0
812	1983	63	5702.4	-2.2	4.5	0.4581	5.9	0
812	1983	64	11491.2	-2.2	3.6	0.5335	7.9	0.8
812	1983	65	2937.6	0.6	2.8	0.6907	9.7	5.5
812	1983	66	2937.6	1.2	2.7	0.7032	8.4	2.3
812	1983	67	5270.4	0.5	3.9	0.7015	7.1	0
812	1983	68	10195.2	-0.3	5.7	0.6899	8	0
812	1983	69	3110.4	-0.6	1.6	0.6336	6.7	0.2
812	1983	70	4924.8	-3.6	2.8	0.546	8.9	0.8
812	1983	71	12873.6	-5.9	2.2	0.3308	6.2	0
812	1983	72	12700.8	-3.6	6.6	0.3473	8.6	1.2
812	1983	73	5702.4	1.5	7.4	0.7301	7.7	2.3
812	1983	74	3369.6	2	4.6	0.7585	4.8	0.9
812	1983	75	12700.8	-0.1	6.2	0.6312	4.3	0
812	1983	76	4924.8	-0.5	5.3	0.6608	7.2	8.4
812	1983	77	3456	4.3	6.2	0.8874	6.4	14
812	1983	78	3542.4	4.6	5.8	0.8843	7.3	14.2
812	1983	79	3542.4	2.6	4.6	0.7431	6.5	7.3
812	1983	80	4147.2	1.4	3.9	0.6431	8.1	9.6
812	1983	81	5011.2	-3.9	2.2	0.5571	9.1	13.9
812	1983	82	3715.2	-4.1	2.5	0.5649	9	21.6
812	1983	83	4579.2	-0.8	3.2	0.6597	10.2	4.7
812	1983	84	7171.2	-4	-0.4	0.4836	8.7	16.2
812	1983	85	3888	-3.2	-2.1	0.4878	7.2	10
812	1983	86	6825.6	-4	-1.6	0.4575	6.1	6.2
812	1983	87	10368	-3.9	-1	0.4747	6.4	2.3
812	1983	88	5443.2	-4.8	-0.7	0.4742	5.8	1.7
812	1983	89	4060.8	-2.4	0.3	0.5603	8.9	3.9
812	1983	90	4665.6	-0.8	2.6	0.6195	6.5	0.7
812	1983	91	10972.8	-0.3	7.3	0.6751	4.7	1.6
812	1983	92	4233.6	-0.5	2.8	0.6573	9.7	8.1
812	1983	93	9417.6	-2.9	0.6	0.5	5.5	0.1
812	1983	94	7948.8	-3.7	2.5	0.4971	5.8	0.7
812	1983	95	7516.8	-2.4	2.6	0.5847	6.8	15.3
812	1983	96	6825.6	-1.5	0.5	0.5774	10.5	8.2
812	1983	97	8208	-1.5	1.4	0.5905	7.2	2.5
812	1983	98	4492.8	-0.4	4.5	0.7082	7.1	12.8
812	1983	99	9504	-0.2	5.9	0.5998	4.5	0
812	1983	100	4579.2	0.2	7.9	0.816	6.8	16.6
812	1983	101	8467.2	1	7.8	0.8279	6.1	12.5
812	1983	102	4665.6	-1.6	1.6	0.6049	7.7	13.4
812	1983	103	9590.4	-2.7	0.4	0.5393	7.2	4.4
812	1983	104	4752	-1.6	0.7	0.5913	7.3	16.2
812	1983	105	4838.4	-0.2	3.7	0.6863	8	2
812	1983	106	20044.8	2.3	13.2	0.7484	5.6	0
812	1983	107	15379.2	4.8	14.9	0.6802	8.4	0
812	1983	108	13996.8	6	16.6	0.8562	6.5	2.4
812	1983	109	6307.2	2	11.3	0.9092	6.6	13.9
812	1983	110	17366.4	0.8	10.7	0.7258	6.3	0.2
812	1983	111	7948.8	7.2	15.6	0.9831	5.8	1.8
812	1983	112	12700.8	3.5	9.9	0.8436	5.5	0.1
812	1983	113	18403.2	4.6	15.8	0.7337	6.1	1.8
812	1983	114	5788.8	4.1	10.2	0.9713	3.3	5
812	1983	115	14601.6	3.6	14.3	0.869	5.2	7.7
812	1983	116	17884.8	5	15.1	0.9849	4.6	0.8
812	1983	117	8035.2	5	9.1	0.844	7.3	3.4
812	1983	118	17625.6	3.4	11.7	0.707	6.6	1.5
812	1983	119	11750.4	3.7	8.5	0.8659	5.4	4
812	1983	120	21427.2	4.2	14.9	0.6905	3.9	1.9
812	1983	121	8121.6	5.7	9.8	1.0224	5.6	3.4
812	1983	122	10108.8	0.8	8.7	0.7199	7.4	5.9
812	1983	123	6393.6	0.7	4.2	0.7214	8	7.4
812	1983	124	11404.8	2.2	8.2	0.7782	6.3	0.8
812	1983	125	20736	1.4	12.5	0.7385	3.8	0
812	1983	126	19180.8	2.1	13.7	0.6496	5.8	2.8
812	1983	127	5702.4	5	9	1.0014	5.1	10.4
812	1983	128	13046.4	5	9.9	1.0017	4.6	2.2
812	1983	129	10454.4	3.9	10.4	0.8397	6	3
812	1983	130	7171.2	2.6	7.1	0.794	6.4	3.3
812	1983	131	9849.6	2	7.9	0.7908	7.6	6.4
812	1983	132	5788.8	3.2	7.9	0.9061	8.6	13.3
812	1983	133	7689.6	3.4	7.7	0.888	5.9	0.2
812	1983	134	15120	3.2	14.6	0.9572	5.2	2.7
812	1983	135	12700.8	6.9	15.2	1.158	5.9	4.2
812	1983	136	10800	8.4	15.3	1.3458	5.5	2.3
812	1983	137	13132.8	6.8	15.6	1.1563	5.9	19.4
812	1983	138	18403.2	4.9	12.7	0.8376	7	0
812	1983	139	12528	5.4	10.8	0.9067	5.6	2.5
812	1983	140	21772.8	5.5	16.1	0.7506	5.8	0
812	1983	141	8294.4	5.9	14.7	1.0515	5.2	2.2
812	1983	142	9244.8	3.2	9.7	0.8003	3.8	0
812	1983	143	6134.4	4.5	8.6	0.9224	6.3	18.5
812	1983	144	6134.4	4.2	6.1	0.8812	8.8	3.6
812	1983	145	6134.4	4.9	6.6	0.9187	7.9	10.6
812	1983	146	6220.8	4.2	6.3	0.8874	5.2	6.1
812	1983	147	6220.8	3.1	4.7	0.7994	5.1	2.1
812	1983	148	9417.6	2.5	7	0.797	4.9	3.6
812	1983	149	6220.8	3.5	5.6	0.8367	6.3	5.9
812	1983	150	10022.4	3.7	10	0.8623	4.2	0
812	1983	151	24883.2	6.1	18.4	0.8689	4.9	0
812	1983	152	15120	11.2	21.1	1.1732	7.2	3.4
812	1983	153	17539.2	7.9	16.6	1.1253	6.6	2.3
812	1983	154	19612.8	7.2	17	0.9873	4.2	0
812	1983	155	23068.8	11	23.4	1.2737	5.3	8.6
812	1983	156	17798.4	8.7	16.2	1.2412	5.2	4.5
812	1983	157	25228.8	5.4	13.4	0.8722	5.7	0
812	1983	158	28166.4	3.4	18.2	0.7506	7.7	0
812	1983	159	23500.8	9.7	25.8	1.0346	5	10.6
812	1983	160	15465.6	10.5	18.5	1.4183	5.3	0.1
812	1983	161	9244.8	8.7	13.3	1.2197	4.7	0.4
812	1983	162	15465.6	6.3	16.9	1.0781	3.5	0
812	1983	163	17884.8	9.7	19.1	1.1306	3.2	0
812	1983	164	16156.8	9.9	17.1	1.2829	5.6	0
812	1983	165	14083.2	8.1	14.2	1.0465	5.5	3.9
812	1983	166	14860.8	3.1	10.5	0.9383	6	3.6
812	1983	167	10368	2.7	7.8	0.772	5.5	0
812	1983	168	10368	2.9	8.2	0.7067	4.8	2.2
812	1983	169	10540.8	3.8	12.6	0.9455	5.3	0
812	1983	170	26784	8.6	17.3	0.9544	7.1	0
812	1983	171	28857.6	9.9	20.3	0.8571	5.9	0
812	1983	172	23760	12.3	22	1.1329	5.3	0
812	1983	173	28339.2	13.5	22.7	1.3064	5	0
812	1983	174	27561.6	13.2	23.4	1.1129	3.8	0
812	1983	175	16156.8	13.3	23.3	1.4489	3.8	17.3
812	1983	176	11232	13	19.5	1.5313	2.6	5.6
812	1983	177	13737.6	11.9	19.1	1.6355	3.5	15
812	1983	178	9849.6	8.9	15	1.3826	5.2	2.7
812	1983	179	12960	4.4	10.3	0.8821	6.1	0.2
812	1983	180	6393.6	6.5	10.7	1.0943	6.9	8.6
812	1983	181	6393.6	9.7	11.5	1.2771	6.7	10.5
812	1983	182	10972.8	7.5	11.4	1.0879	4.6	1.8
812	1983	183	22291.2	6.3	17.5	1.0022	3.8	0
812	1983	184	14774.4	9.8	19.2	1.2204	3	0
812	1983	185	25747.2	10.1	21	1.235	3.7	0
812	1983	186	27302.4	11.7	22.1	1.3074	4.2	0
812	1983	187	15984	14.3	23.2	1.5767	3.3	0
812	1983	188	19094.4	14.7	22.8	1.7926	3.9	23.6
812	1983	189	7948.8	16	21.7	1.8691	4.5	3.3
812	1983	190	22464	15	25.3	1.3429	3.5	0
812	1983	191	28252.8	16.1	26.3	1.2314	4.2	0
812	1983	192	27561.6	16.7	26.1	1.3483	4.1	0
812	1983	193	27216	17	24.3	1.4335	4.7	0
812	1983	194	22550.4	11.6	19.2	1.2756	7.3	0
812	1983	195	14860.8	6.5	17.5	1.163	4.4	0
812	1983	196	26697.6	8.6	22.5	1.1644	4.3	0
812	1983	197	22032	16.1	25.8	1.8561	5	0
812	1983	198	24883.2	16.5	28.2	1.3208	5.4	2.8
812	1983	199	15724.8	13.6	22.2	1.843	5.5	4.4
812	1983	200	12528	13.1	18	1.6232	3	1.2
812	1983	201	20304	7.6	14.5	1.079	6.1	0
812	1983	202	24537.6	4.8	15.6	0.9078	4.1	0
812	1983	203	26956.8	8.3	25	1.1544	2.8	0
812	1983	204	21859.2	13	25.6	1.2516	3.4	0
812	1983	205	11923.2	12.8	20	1.546	3.6	9
812	1983	206	20217.6	12.8	24.3	1.5784	2.9	0
812	1983	207	22118.4	15.9	27.7	1.5641	5.8	0
812	1983	208	13996.8	16.1	25	1.8352	3.7	0
812	1983	209	19958.4	13.2	22.2	1.6785	5.5	0
812	1983	210	5875.2	10	16.8	1.336	6.8	0
812	1983	211	23760	12.4	21.7	1.4363	5.3	0
812	1983	212	24105.6	13	27.7	1.121	5.1	0
812	1983	213	15897.6	12.1	23.5	1.5059	8.5	1.9
812	1983	214	17712	7	16.8	1.044	5.4	0
812	1983	215	10368	7.2	14.2	1.0285	6	0
812	1983	216	6825.6	6	12	1.1128	7.2	14.8
812	1983	217	6307.2	7.5	10.4	1.1434	9.2	20.5
812	1983	218	5616	8	11.5	1.2066	7.8	2.7
812	1983	219	14083.2	8.6	17.7	1.1936	4.7	0
812	1983	220	19872	11.4	21.2	1.3696	5.2	0
812	1983	221	21168	12.5	21.6	1.4946	5.2	0
812	1983	222	21859.2	14.3	22.6	1.4414	4.2	0
812	1983	223	21254.4	13	21.1	1.3199	4.4	0
812	1983	224	19612.8	11	20.4	1.2469	5.3	0
812	1983	225	10886.4	6.7	13.4	1.0464	7.2	0.2
812	1983	226	6393.6	6.5	11.8	1.0314	2.8	0
812	1983	227	23500.8	6.2	21.1	0.9833	4.6	0
812	1983	228	14342.4	12	18	1.3455	5.3	0
812	1983	229	14428.8	12.7	20.7	1.5377	4.7	0
812	1983	230	15206.4	11.4	22.2	1.452	2.3	0
812	1983	231	21427.2	14.5	25.2	1.4107	4.6	0
812	1983	232	20217.6	16	26.4	1.4576	4.2	0
812	1983	233	15120	14.7	25	1.6188	3.6	2.7
812	1983	234	15552	12.7	21.3	1.5092	2.6	0.2
812	1983	235	16156.8	13.5	23.3	1.5214	2.8	0.3
812	1983	236	13651.2	13.4	22.1	1.6432	5.9	0
812	1983	237	18835.2	14.7	23	1.4127	6.4	0
812	1983	238	20390.4	13.2	23	1.4931	5.1	0
812	1983	239	18748.8	12.1	22.8	1.5129	3.6	0
812	1983	240	15033.6	10	17.5	1.3354	5	0
812	1983	241	20390.4	7.2	20.3	1.1625	4.8	0
812	1983	242	20736	10.4	22	0.9931	4	0
812	1983	243	20995.2	12	23.6	0.8954	4.6	0
812	1983	244	11750.4	13.3	19.3	1.5547	6.2	0
812	1983	245	13651.2	12	19.2	1.3452	6.5	0
812	1983	246	9158.4	7.6	13.3	1.0748	9.5	15.6
812	1983	247	10972.8	7	12.9	1.0272	8.4	0.7
812	1983	248	16243.2	7.1	15.5	1.0034	9.3	0
812	1983	249	7171.2	5.1	12.4	0.846	6.8	0
812	1983	250	10972.8	2.8	11.4	0.7461	6.6	0.1
812	1983	251	13046.4	2	15.6	0.7923	6.4	3.5
812	1983	252	4665.6	7.9	14	1.268	6.9	7.5
812	1983	253	3974.4	8	13	1.2559	8.5	8.3
812	1983	254	7516.8	6	9.2	0.9599	9.1	5.8
812	1983	255	3888	5.4	6.4	0.9283	9.6	16.9
812	1983	256	5616	4.7	7.2	0.9129	6.9	15.7
812	1983	257	3801.6	5.6	10.6	1.0794	7	12.1
812	1983	258	5961.6	9.3	15.3	1.329	8.7	1.5
812	1983	259	6652.8	6.3	11.7	1.0096	8.2	3.6
812	1983	260	4924.8	5.5	8.6	0.9747	7.4	5.1
812	1983	261	6134.4	6.6	9.5	1.0005	8.1	0.7
812	1983	262	3542.4	8	11.2	1.1945	6.3	4.4
812	1983	263	11836.8	6.4	12.5	0.9815	6.2	0
812	1983	264	4665.6	5.9	11.2	0.9905	7.2	8.2
812	1983	265	8640	6.1	12.3	1.0349	7.6	0
812	1983	266	15120	4.3	15.4	0.8867	4.5	0
812	1983	267	12441.6	9.9	22.6	1.2914	8.1	3.4
812	1983	268	11836.8	3.8	13.5	0.8515	5.3	0
812	1983	269	14601.6	4	17.6	0.8024	3.5	0
812	1983	270	14342.4	13.5	22.4	1.2942	2.9	0
812	1983	271	12700.8	11.9	22.1	1.3931	2.9	0
812	1983	272	12096	10.9	20.5	1.1222	5.7	0
812	1983	273	9763.2	6.5	16	1.2134	5.5	0
812	1983	274	12528	1	11.7	0.6416	7	0.4
812	1983	275	3024	7.1	11.6	1.1746	6.4	1.9
812	1983	276	2937.6	11	14.3	1.4476	7.4	0.2
812	1983	277	10022.4	12.4	20.8	1.4525	6.6	0
812	1983	278	9676.8	9.4	14.6	1.1069	8.6	2.3
812	1983	279	2851.2	6.7	9.5	0.9823	7.7	0.5
812	1983	280	2764.8	6.2	8.3	0.9066	7.7	3.4
812	1983	281	4060.8	4.2	7.7	0.8663	8.5	30.9
812	1983	282	6825.6	2.9	8.1	0.8126	8.5	8.3
812	1983	283	2678.4	5.6	8.9	1.0085	9.2	5.1
812	1983	284	4665.6	2.7	7.3	0.8721	8.7	3.3
812	1983	285	4752	2.8	6.3	0.786	8.2	0.1
812	1983	286	9676.8	3.7	14.6	0.6838	8.8	0
812	1983	287	7603.2	5.8	11.2	0.8429	7.6	5.6
812	1983	288	4320	5.7	8.1	0.9349	9.7	5.3
812	1983	289	3110.4	3.5	7.7	0.8638	10.9	2.5
812	1983	290	2332.8	2.3	4.2	0.7713	9.4	2.2
812	1983	291	2332.8	2.3	7.2	0.8484	9.4	3.1
812	1983	292	2246.4	3.9	9.1	0.9579	9.4	6.9
812	1983	293	6480	2	4.9	0.7275	6.1	0.4
812	1983	294	6220.8	0.7	4.1	0.6535	5.1	0
812	1983	295	8812.8	-0.7	6.9	0.6563	3.5	0
812	1983	296	9763.2	-1.3	10.1	0.4767	4	0
812	1983	297	9072	1.7	8	0.561	5.4	0
812	1983	298	7257.6	-1.5	5.8	0.592	5.3	0
812	1983	299	5443.2	2.1	8.5	0.8192	7.3	0
812	1983	300	7516.8	5.7	14.1	0.78	5.7	0
812	1983	301	1900.8	1.9	5.9	0.8074	5.8	1.4
812	1983	302	6480	-1.9	2.8	0.5618	5.7	0
812	1983	303	8208	-3.2	5.7	0.4347	4.5	2.1
812	1983	304	2592	-1.6	4.4	0.6152	8.3	0.4
812	1983	305	4752	2.4	6.5	0.7469	8	0.8
812	1983	306	2160	5.3	10	1.0469	5	0
812	1983	307	6998.4	2.4	8.4	0.7532	6.7	0
812	1983	308	7171.2	4.1	12.7	0.8703	5.2	0
812	1983	309	6739.2	7.1	12.5	1.0412	3.6	0
812	1983	310	6998.4	6.7	12.5	0.9795	4.3	0.1
812	1983	311	7257.6	4.6	12.1	0.8454	6.2	0
812	1983	312	7084.8	3.6	14.8	0.4768	5.6	0
812	1983	313	6912	9.1	15.6	0.5592	5.1	0
812	1983	314	5875.2	7	13.3	0.6816	5.7	0
812	1983	315	1555.2	-0.1	8.8	0.7584	5.3	0
812	1983	316	6912	-4.4	0.7	0.4215	7.7	0
812	1983	317	5356.8	-7	-2.1	0.3402	6.6	0
812	1983	318	6652.8	-9.6	-3.7	0.2342	5	0
812	1983	319	1382.4	-8.3	-3.6	0.3373	6.6	5.5
812	1983	320	1382.4	-4	-0.5	0.5129	4.7	1.8
812	1983	321	1382.4	-1.2	0.6	0.5978	3.1	1.2
812	1983	322	3542.4	-4.2	-0.9	0.4914	4.2	1.9
812	1983	323	1296	-1.9	0.1	0.5665	3.8	0
812	1983	324	1296	-1.4	-0.3	0.5685	7.1	4.4
812	1983	325	1555.2	-3.5	-0.4	0.5032	7.9	2.4
812	1983	326	1296	-4.1	-2.8	0.4596	5	0
812	1983	327	3456	-4.2	-0.8	0.4831	5.6	0
812	1983	328	4924.8	-5.5	-0.3	0.39	7.4	2.2
812	1983	329	1209.6	-3.6	7.1	0.6932	8.2	12.7
812	1983	330	1209.6	7	8.3	1.0364	12.2	40.4
812	1983	331	1209.6	3	10.3	0.9483	15.5	35.3
812	1983	332	1209.6	0.4	4	0.7159	9.5	19
812	1983	333	1123.2	-1.6	2.5	0.6186	10.3	7.8
812	1983	334	1123.2	-7.8	-1.6	0.3968	8.6	9.3
812	1983	335	5011.2	-9.5	-4.6	0.3136	4.2	0
812	1983	336	4579.2	-8.8	-4.8	0.316	6	0
812	1983	337	4320	-8.6	0.2	0.1164	6.2	0
812	1983	338	4579.2	-0.8	7.9	0.0394	3.4	0
812	1983	339	4492.8	1.9	6.4	0.2137	7.9	1.7
812	1983	340	1036.8	-2.1	1.9	0.6005	8.5	7.2
812	1983	341	1036.8	-4.7	-1.9	0.4648	8.1	1.8
812	1983	342	1036.8	-3.8	-1.8	0.4824	6.9	9.4
812	1983	343	1036.8	-2.6	-0.4	0.5421	9	13.4
812	1983	344	1036.8	-5.8	0.1	0.4707	8.4	7.2
812	1983	345	2851.2	-10.2	-4.5	0.324	5.5	2
812	1983	346	1728	-10.5	-7.9	0.2713	8.2	0
812	1983	347	3024	-10.9	-4.9	0.3206	6	0
812	1983	348	2851.2	-8.3	-4.6	0.351	8.8	0
812	1983	349	4579.2	-6	-0.3	0.3392	8.6	0
812	1983	350	3196.8	-9	-0.2	0.3303	7.7	0
812	1983	351	1036.8	-3.2	2.1	0.4931	6.9	0
812	1983	352	1814.4	-1.8	0.2	0.5591	6.4	4.8
812	1983	353	1036.8	-1.1	2.1	0.6336	7.8	5.3
812	1983	354	1036.8	0.8	1.4	0.6616	8.8	4.7
812	1983	355	1036.8	0	2.1	0.6526	8.1	1.8
812	1983	356	1036.8	0.6	1.3	0.6479	8.4	7.8
812	1983	357	1036.8	1	4	0.724	10	3.5
812	1983	358	1036.8	3.7	6.9	0.8638	8.8	2.2
812	1983	359	1036.8	4.6	8.5	0.8738	9.3	23.2
812	1983	360	1036.8	-0.4	4.8	0.6872	11.9	19.2
812	1983	361	1036.8	-1.2	2.8	0.6474	11	2.3
812	1983	362	1036.8	2.7	5.1	0.8074	10.4	2.4
812	1983	363	1382.4	2.6	4.3	0.7744	5.9	0.2
812	1983	364	1728	-0.8	10.1	0.5787	9	0
812	1983	365	1036.8	-2	0.1	0.5473	10.7	0
