*---------------------------------------------------------------------------*
* Station name: KAHLER ASTEN (WST)                      
* Year: 2019
* Author: Pedro Alencar                                   -999.000: NIL VALUE
* Source: ECAD 
* Comments: 
* Longitude: 51.1817, latitude: 51.1817, altitude: 839 m.
*
* Column  Daily value
* 1       station number
* 2       year
* 3       day
* 4       irradiation                   (kJ m-2 d-1)
* 5       minimum temperature           (degrees Celsius)
* 6       maximum temperature           (degrees Celsius)
* 7       early morning vapour pressure (kPa)
* 8       mean wind speed (height: 2 m) (m s-1)
* 9       precipitation                 (mm d-1)
*
** WCCDESCRIPTION=GERMANY, KAHLER ASTEN (WST)                      
** WCCFORMAT=2
** WCCYEARNR=2019
*---------------------------------------------------------------------------*
   51.1817  8.49    839.  -0.18 -0.55
812	2019	1	1036.8	-2.2	3	0.5912	11.8	7.2
812	2019	2	2678.4	-5.4	-1.7	0.3856	10.1	1.4
812	2019	3	1036.8	-4.8	-1.9	0.4392	6.2	3.4
812	2019	4	1036.8	-4.2	-0.2	0.4888	8.9	5.5
812	2019	5	1036.8	-0.2	2	0.6326	11.9	15.6
812	2019	6	1123.2	0	1.6	0.628	8	8
812	2019	7	1123.2	-0.9	1.9	0.6082	6.8	9.8
812	2019	8	1123.2	-1.7	2.3	0.5932	13.4	19.4
812	2019	9	1382.4	-4.5	-1.6	0.4442	11.1	0.2
812	2019	10	1382.4	-5.3	-4.1	0.3968	6	0.9
812	2019	11	1123.2	-4.5	1.5	0.5202	8.2	5.4
812	2019	12	1123.2	-0.5	1.3	0.6101	10.1	13.4
812	2019	13	1209.6	0	3.6	0.6679	10.4	33.3
812	2019	14	1641.6	-3.3	0.4	0.5056	11.3	1.7
812	2019	15	1209.6	-3.2	0.4	0.524	9.6	3.4
812	2019	16	1209.6	-1.4	0.7	0.5718	9.6	2.6
812	2019	17	1209.6	-3.9	-0.4	0.4958	8.4	8
812	2019	18	4838.4	-7.2	-3.3	0.364	4.6	0
812	2019	19	5270.4	-7.3	-4.2	0.3026	6.2	0
812	2019	20	5356.8	-7.9	-3.7	0.2698	5.5	0
812	2019	21	5443.2	-7.2	-0.9	0.1993	4.1	0
812	2019	22	5184	-9.9	-5.1	0.2506	7.1	0.1
812	2019	23	1382.4	-10.1	-7.9	0.2756	5.2	0
812	2019	24	1641.6	-11.4	-5.4	0.2888	2.2	0.6
812	2019	25	1382.4	-11.5	-2	0.3319	6.3	13.6
812	2019	26	1468.8	-2	1.4	0.5799	10.1	7.3
812	2019	27	1468.8	-2.2	0.8	0.5574	8.5	7
812	2019	28	1468.8	-4	-1.1	0.4763	9.6	10.7
812	2019	29	1987.2	-5.4	-3	0.412	6.1	0.9
812	2019	30	1555.2	-6.4	-4	0.3779	7.6	1.3
812	2019	31	1555.2	-6.8	-4.2	0.3693	6.2	1.1
812	2019	32	2678.4	-5.9	0	0.4623	6.4	0.3
812	2019	33	1641.6	-3.6	-0.3	0.5085	4.1	1.4
812	2019	34	1641.6	-4	-2.5	0.4473	7.5	0.1
812	2019	35	5270.4	-4.5	-2.1	0.4456	7.8	0.4
812	2019	36	1728	-3.6	-0.6	0.4976	5.7	0.1
812	2019	37	4924.8	-2.4	0.5	0.4789	8.2	0
812	2019	38	1728	-1.6	0.7	0.5322	8.7	3.2
812	2019	39	1814.4	-0.3	1.5	0.619	10	2.8
812	2019	40	2419.2	0.5	2.8	0.6057	10.8	7.4
812	2019	41	1900.8	-1.8	3.6	0.626	11.2	36.2
812	2019	42	1900.8	-2.9	-0.8	0.5016	9.9	3.9
812	2019	43	1900.8	-2.9	-0.6	0.5053	8.1	0.2
812	2019	44	6307.2	-1.3	2.5	0.568	6.4	0
812	2019	45	7948.8	2.5	9.5	0.3085	4.8	0
812	2019	46	8726.4	5.4	11	0.4456	7	0
812	2019	47	8899.2	4.6	12.7	0.4594	7	0
812	2019	48	8985.6	5.6	9.9	0.4954	6.7	0
812	2019	49	9158.4	3.6	10.9	0.489	6.4	0
812	2019	50	5961.6	0.8	4.5	0.5913	7.7	0.5
812	2019	51	2678.4	-0.1	4	0.5977	5.9	0
812	2019	52	2937.6	1.4	5.1	0.7019	6.9	1.1
812	2019	53	2764.8	0.5	4.7	0.6997	5	0
812	2019	54	9849.6	-3.3	4.7	0.4242	6.4	0
812	2019	55	10281.6	1.5	13.6	0.208	4.1	0
812	2019	56	10454.4	6.6	14.2	0.5293	3.1	0
812	2019	57	10627.2	9.2	14.5	0.4023	3.4	0
812	2019	58	10800	7.6	15.6	0.4503	4.3	0
812	2019	59	9244.8	3.6	9	0.7444	8.4	4.6
812	2019	60	2678.4	-0.8	4.1	0.6607	5.9	3.6
812	2019	61	3110.4	-1.1	4.2	0.656	6.1	2.8
812	2019	62	2764.8	3.1	5.8	0.8056	10	3
812	2019	63	3715.2	-0.4	6	0.6574	13	8.2
812	2019	64	3283.2	-1.1	0.6	0.576	8.9	4.3
812	2019	65	7257.6	-0.4	7	0.6579	8.7	1.2
812	2019	66	6134.4	0.5	6.8	0.6902	11.1	6.6
812	2019	67	5184	0	3.6	0.6122	9.6	5.3
812	2019	68	4233.6	0.3	5.9	0.7097	11	9.2
812	2019	69	3110.4	-2.5	5.1	0.6175	11.3	13.2
812	2019	70	3110.4	-3.1	-1.1	0.4924	10.3	16.2
812	2019	71	5702.4	-2.3	2.3	0.5071	9.6	1.4
812	2019	72	3283.2	-1.4	0.2	0.5556	11.1	7.3
812	2019	73	3283.2	-0.4	2.3	0.6218	10.9	7.2
812	2019	74	3369.6	0.8	6	0.7483	11.1	31.6
812	2019	75	3369.6	0.5	4.7	0.6997	10.4	3.5
812	2019	76	6307.2	-2.1	3.9	0.5804	10	5.5
812	2019	77	8294.4	-2.2	1.2	0.5302	8.5	0.8
812	2019	78	10108.8	-2.7	3.7	0.4942	3.9	0
812	2019	79	13910.4	0.1	7.9	0.5855	4.2	0
812	2019	80	16243.2	3.7	13.4	0.779	2.6	0
812	2019	81	16243.2	6.8	14.3	0.7383	4.9	0
812	2019	82	15379.2	3.1	10.2	0.7136	5.7	0
812	2019	83	9417.6	-0.8	6.4	0.6201	4.6	2.3
812	2019	84	6048	-1.5	1	0.552	8.7	8.9
812	2019	85	5011.2	-1.9	0.9	0.5479	7.4	0.5
812	2019	86	8553.6	-0.4	5.1	0.6005	3.9	0.6
812	2019	87	7776	2.3	6.8	0.7183	3.5	0
812	2019	88	17280	2.7	12	0.7385	3.9	0
812	2019	89	16329.6	5.9	14.2	0.7017	5.8	0
812	2019	90	7171.2	0.6	7.9	0.6372	5	0
812	2019	91	18748.8	-1.5	9.2	0.515	6.5	0
812	2019	92	12528	3.5	11.9	0.7878	6.8	6
812	2019	93	4838.4	0.2	5.2	0.6973	5.2	10.9
812	2019	94	4320	-0.1	1	0.606	4.7	1
812	2019	95	4320	-0.3	4	0.6772	4.8	0.2
812	2019	96	11664	4	12.4	0.9129	5.6	0
812	2019	97	18057.6	6.8	13.2	0.8098	5.3	0
812	2019	98	12009.6	7.6	13.7	0.756	4.2	0
812	2019	99	17366.4	2.2	12.5	0.6974	5.2	0
812	2019	100	20736	-0.8	6.2	0.497	6.4	0
812	2019	101	19440	-2.9	3.8	0.3914	5.7	0
812	2019	102	4665.6	-4	-1.3	0.3973	4.3	2
812	2019	103	9158.4	-4.4	-0.2	0.4542	4	0.8
812	2019	104	12700.8	-3.3	2.9	0.5119	5.7	0
812	2019	105	20044.8	-0.1	9.7	0.5762	6	0
812	2019	106	21254.4	1.7	13.4	0.5095	5.7	0
812	2019	107	4924.8	5.3	10.5	0.5963	5.1	0
812	2019	108	21945.6	6.5	14.9	0.6428	6.9	0
812	2019	109	22550.4	7.2	17.5	0.6452	5.4	0
812	2019	110	22723.2	9.9	18.2	0.6087	4.6	0
812	2019	111	22982.4	8.9	18.3	0.5912	4.6	0
812	2019	112	23155.2	5.4	16.8	0.5413	6.6	0
812	2019	113	22032	4.3	15.1	0.7336	7.7	0
812	2019	114	18921.6	4	20	0.8967	6.2	1.4
812	2019	115	17020.8	3.7	16.5	0.8152	6.9	0
812	2019	116	5270.4	4.8	7.2	0.8319	5.2	7.1
812	2019	117	11145.6	1.8	6.4	0.7534	6.2	9
812	2019	118	10108.8	1.7	6.6	0.6985	3.6	5.7
812	2019	119	13132.8	2.7	8	0.7506	6.7	1.9
812	2019	120	22377.6	2.8	11.8	0.7973	6.3	0
812	2019	121	20476.8	4.8	13.9	0.8927	3.8	0
812	2019	122	19699.2	3	11.2	0.8268	5.7	2.2
812	2019	123	11318.4	0.6	5.9	0.617	6.1	4.6
812	2019	124	12096	-2.8	3.6	0.5787	6.4	2.5
812	2019	125	12009.6	-3.2	3.1	0.5357	5.4	0.2
812	2019	126	10281.6	-1.1	5.1	0.5928	4.9	2.2
812	2019	127	8380.8	0.1	5.5	0.6051	3.7	0.2
812	2019	128	5702.4	2.9	6.6	0.737	6.5	12.5
812	2019	129	6652.8	3.5	7.5	0.8578	5.3	1.3
812	2019	130	14256	3.2	8.4	0.8297	5.6	15.9
812	2019	131	5788.8	0.7	6.6	0.7378	6.1	4.8
812	2019	132	17971.2	-0.1	7.6	0.6072	7	0
812	2019	133	26784	-1.1	9.3	0.434	6.5	0
812	2019	134	21600	-0.2	9	0.5269	5.6	0
812	2019	135	24883.2	0.5	9.2	0.4747	5.8	0
812	2019	136	8121.6	2.6	7.4	0.7326	5.3	7.4
812	2019	137	7776	3.2	8.8	0.888	5.3	0
812	2019	138	22291.2	7.9	16.6	0.9401	3.9	0
812	2019	139	18316.8	9.7	16.9	1.007	4.1	0
812	2019	140	7430.4	9	12	1.1798	7	64.6
812	2019	141	6048	7.5	10	1.1055	10.5	5.8
812	2019	142	15638.4	5.8	11	0.9474	6.3	0.3
812	2019	143	24796.8	7.1	15.9	0.827	3.5	0
812	2019	144	20908.8	9.1	18.3	0.8299	4	0
812	2019	145	23673.6	6.2	13.7	0.8927	4.5	0
812	2019	146	18144	7.3	15.9	0.9826	5.7	2.3
812	2019	147	9417.6	8.7	12.6	1.0764	4.9	2.6
812	2019	148	11404.8	4.1	10.4	0.8557	3.6	10.9
812	2019	149	23241.6	2.1	12	0.6732	4.1	0
812	2019	150	9763.2	6.5	13.6	1.0218	6.8	0
812	2019	151	16588.8	10.1	17.7	1.2691	5	0
812	2019	152	28339.2	11.2	22.4	1.28	3.4	0
812	2019	153	28512	15.8	24.7	1.1852	6.7	0
812	2019	154	18835.2	13.5	23.1	1.4279	4.7	3.9
812	2019	155	24624	11.9	21.8	1.3799	5.3	0
812	2019	156	24537.6	17.4	23.5	1.3439	4.7	0.8
812	2019	157	8899.2	7.2	19.3	1.2774	5.5	0
812	2019	158	23155.2	6.9	18.8	1.1704	7.6	8.7
812	2019	159	16070.4	6.6	12.8	0.8779	9.4	0
812	2019	160	25056	6.4	17.4	0.9187	4.1	0
812	2019	161	16243.2	12.1	18.7	1.3106	5	7.2
812	2019	162	7603.2	10.1	14.1	1.3117	3.6	0
812	2019	163	12614.4	9.7	13.1	1.2255	6	9
812	2019	164	22032	8.4	16.5	0.9381	7.4	0
812	2019	165	21168	11.8	22	1.192	6.4	0
812	2019	166	20736	12.4	17.9	1.2553	5.8	1.7
812	2019	167	15206.4	11.1	17.5	1.221	3.2	0
812	2019	168	25920	12	20.2	1.1512	3.7	0
812	2019	169	22291.2	14.9	23.1	1.3162	4.5	0
812	2019	170	25920	14.1	25.1	1.2524	5.8	5.7
812	2019	171	24883.2	10.3	22	1.0083	5.8	9.2
812	2019	172	13737.6	10.6	16.9	0.8641	5.8	0
812	2019	173	25833.6	9.4	19.1	1.2008	5.8	0
812	2019	174	27129.6	13.2	22.3	1.1563	5.8	0
812	2019	175	26870.4	15.5	24.4	1.466	4	0
812	2019	176	28339.2	18.1	27.8	1.5374	6.6	0
812	2019	177	28252.8	14.5	27.9	1.6837	4.9	0
812	2019	178	27993.6	9.2	20.4	1.1433	5.3	0
812	2019	179	28684.8	7.5	22.2	1.0964	3.8	0
812	2019	180	29116.8	13.5	27	0.9719	4.9	0
812	2019	181	27993.6	15.7	30.1	1.3098	6.9	0.1
812	2019	182	24019.2	9.5	20.5	1.09	5.6	0
812	2019	183	18230.4	8.2	16	0.9873	5.2	0
812	2019	184	24451.2	7.9	14.9	0.8754	4.4	0
812	2019	185	27993.6	6.8	19.2	0.8378	3.5	0
812	2019	186	20304	11.4	20.7	1.0747	5.7	0
812	2019	187	20390.4	9.1	22	1.1821	6.3	0.4
812	2019	188	12873.6	7	13.3	0.9419	5.7	0
812	2019	189	10800	5.4	11.8	0.8933	5.8	0.1
812	2019	190	14169.6	5.9	12.9	0.8839	5	0
812	2019	191	25401.6	6.7	18.4	0.9007	3.5	0.5
812	2019	192	6998.4	10.1	14.9	1.3466	3.7	4.6
812	2019	193	18489.6	10.4	18.8	1.4441	4.6	20.6
812	2019	194	11923.2	9.3	14.2	1.2956	6.7	1
812	2019	195	6220.8	7.9	9.9	1.094	4.4	0.2
812	2019	196	6220.8	7.7	10.2	1.0634	4.5	0
812	2019	197	14601.6	7.2	13.6	1.1846	5.3	0
812	2019	198	6134.4	8.5	12.5	1.1925	2.2	0
812	2019	199	21686.4	9.8	20.9	1.2715	4.1	2
812	2019	200	15120	12.1	19.1	1.3806	3.7	4
812	2019	201	18144	13.6	23.2	1.6059	6.3	27.1
812	2019	202	18489.6	11.8	18.5	1.3929	5	0
812	2019	203	20217.6	13.5	22.5	1.3395	4.9	0
812	2019	204	27216	17.5	27.1	1.4243	3.1	0
812	2019	205	26870.4	21.1	30.4	1.3549	4.2	0
812	2019	206	26265.6	24.3	31.9	1.4033	3.8	0
812	2019	207	24710.4	19.4	29.1	1.1788	5.6	0
812	2019	208	22464	17.1	25	1.2201	5.5	0
812	2019	209	7084.8	14.1	20.4	1.4939	3.8	7.5
812	2019	210	10627.2	12.2	17.3	1.4916	4.2	0
812	2019	211	21168	14.9	24.3	1.4118	3.8	0
812	2019	212	16848	12	19.2	1.2036	5.1	0.2
812	2019	213	14774.4	11	18.3	1.1823	3.8	0
812	2019	214	18576	11.3	20.6	1.2851	3.2	13.2
812	2019	215	14774.4	10.8	17.3	1.4257	5.3	0
812	2019	216	17712	10.8	21.9	1.2997	2.6	0
812	2019	217	15033.6	15.4	22.2	1.3216	5.9	0.1
812	2019	218	14169.6	13.3	19.5	1.4156	4.9	1
812	2019	219	12700.8	11.6	17.4	1.3358	5.5	0.1
812	2019	220	18835.2	10.4	17.8	1.2535	6	0
812	2019	221	10800	14.6	20.8	1.5773	5.6	8.8
812	2019	222	15465.6	13.6	19.2	1.397	8.6	0
812	2019	223	17539.2	11	19.9	1.1745	5.7	0.3
812	2019	224	15379.2	8.4	18	1.2278	4.9	6
812	2019	225	11836.8	7.2	13.9	1.0819	5.9	0.8
812	2019	226	21254.4	7.1	16.4	0.9648	4.7	0.4
812	2019	227	8899.2	10.4	14.9	1.3307	7	6.4
812	2019	228	13651.2	9.4	17.3	1.2092	5.3	0.6
812	2019	229	8812.8	12.2	16.7	1.3973	8	3.8
812	2019	230	6566.4	11.8	19	1.6775	7.4	12.9
812	2019	231	17884.8	8.2	17	1.0931	5.9	0
812	2019	232	14688	9.1	14.8	0.9776	4.3	0
812	2019	233	20131.2	9.3	17.9	0.9335	3.5	0
812	2019	234	22464	12.2	20.7	0.9343	3.5	0
812	2019	235	21945.6	15.1	23	0.9903	3.1	0
812	2019	236	22118.4	15.5	23.5	1.0636	4.4	0
812	2019	237	18748.8	18	26.2	1.6992	3.5	0
812	2019	238	20822.4	19.8	27	1.5797	4	0
812	2019	239	17452.8	18	26.4	1.6027	3.7	1.4
812	2019	240	15897.6	19.3	27	1.5844	4.5	0
812	2019	241	12787.2	15	23	1.6672	3.9	0
812	2019	242	12700.8	13.6	21.5	1.5826	2.8	0
812	2019	243	19094.4	16.3	26.3	1.4159	5.7	0
812	2019	244	5788.8	9	18.7	1.3599	5.5	0.5
812	2019	245	16934.4	7.1	14.7	0.8729	4.4	0
812	2019	246	12096	9.2	15.5	1.018	5.5	0
812	2019	247	13564.8	9.2	19	1.2856	5.9	1.5
812	2019	248	9158.4	5.2	12.3	0.9927	6.5	0.3
812	2019	249	18144	3.8	14.9	0.8105	3.8	1.9
812	2019	250	6480	6.6	12	0.9951	4.9	1.8
812	2019	251	4060.8	7.2	9.6	1.0466	3.9	0.5
812	2019	252	6912	6.9	11.1	1.0325	4.4	0
812	2019	253	13910.4	6.8	14.7	0.8643	3.3	0
812	2019	254	10800	9	15.3	1.0188	5.7	5.1
812	2019	255	8985.6	10.1	16.8	1.3866	5.6	0.1
812	2019	256	7171.2	8	15.1	1.265	5.6	0.7
812	2019	257	17107.2	6.8	17.1	0.9078	3.7	0
812	2019	258	16848	11	19.2	0.9428	6.2	0
812	2019	259	3715.2	7.3	12.5	1.1579	5.1	7.6
812	2019	260	8294.4	4.4	10.8	0.9077	7	0.1
812	2019	261	10368	3.9	10.2	0.834	5.7	0
812	2019	262	14688	2.7	9.8	0.7228	4.2	0
812	2019	263	15638.4	5.5	14.4	0.6726	3.4	0
812	2019	264	15724.8	8.6	17.8	0.7276	7.2	0
812	2019	265	14256	11.3	22	0.9841	5.5	3.8
812	2019	266	4838.4	9.6	15.3	1.3278	4.9	5.1
812	2019	267	10108.8	9	13.5	1.1734	5.7	4.5
812	2019	268	4665.6	9.1	12.7	1.2377	5.6	7.5
812	2019	269	3283.2	10.1	12.9	1.3286	6.5	16.9
812	2019	270	6220.8	8.6	13.5	1.2369	6.2	2.5
812	2019	271	4060.8	8.7	11	1.1418	8.3	13.6
812	2019	272	4838.4	8.3	12.3	1.2018	10.4	23.1
812	2019	273	3110.4	7.4	10.4	1.1054	9.7	16.4
812	2019	274	3024	8.3	11.5	1.1944	8.1	13.8
812	2019	275	8640	3.2	10.2	0.9123	7.7	6
812	2019	276	3974.4	4	7	0.8668	6	4.2
812	2019	277	2937.6	3.7	7.4	0.8789	7.3	21.3
812	2019	278	3628.8	3	5.6	0.7889	5.4	0
812	2019	279	3628.8	1.6	3.5	0.7046	9.3	5.4
812	2019	280	3542.4	2.3	6.4	0.8084	6.4	3
812	2019	281	2764.8	6.3	9.6	1.0471	8.1	7.8
812	2019	282	3196.8	5.1	7.5	0.9257	8.4	14.5
812	2019	283	4492.8	4.4	8	0.8909	8.1	0.3
812	2019	284	3024	5.9	10.8	0.9991	9.5	0
812	2019	285	6739.2	9.3	14.7	1.191	9.5	0
812	2019	286	8553.6	12.3	17.8	1.4865	8.1	0
812	2019	287	10108.8	12.1	18.1	1.3541	6.4	0
812	2019	288	7689.6	8.8	18.5	1.2955	5.6	22.1
812	2019	289	2419.2	6.4	9	1.0295	8.1	3.6
812	2019	290	2332.8	8.2	10.4	1.1473	7.6	11.5
812	2019	291	4060.8	4.8	10.2	0.9844	8.8	2.7
812	2019	292	2246.4	4.9	9.4	0.9814	8.1	11.4
812	2019	293	2246.4	7.9	11.8	1.1661	5	5.3
812	2019	294	3542.4	6.1	12.3	1.0582	7.1	0.1
812	2019	295	5961.6	5.1	11.2	1.0181	4.8	0
812	2019	296	8640	6.6	13	1.138	5.9	0
812	2019	297	7430.4	8.6	15.4	1.205	6.8	0.3
812	2019	298	5875.2	7.5	11.2	0.9984	7.9	0
812	2019	299	7344	8.6	14.4	1.1117	9.7	2.5
812	2019	300	1987.2	2	11.2	0.8963	7	2.6
812	2019	301	3369.6	1.8	5.5	0.7299	4.9	0
812	2019	302	5961.6	0	4.6	0.6345	4.9	0
812	2019	303	5270.4	-1.4	1.8	0.5641	7	0
812	2019	304	8035.2	-2	3.4	0.5014	7.7	0
812	2019	305	1814.4	-1.9	6.7	0.6971	8.6	6.7
812	2019	306	2505.6	5.3	10.6	1.0151	9	6.2
812	2019	307	1728	5.1	8	0.9515	7.5	4.3
812	2019	308	1728	4.8	6.7	0.9004	6.4	12.5
812	2019	309	1728	3.1	4.8	0.786	5.3	3.1
812	2019	310	1641.6	2.1	4.3	0.7455	4.3	5.9
812	2019	311	1641.6	1.7	4	0.7272	6.4	5.3
812	2019	312	4492.8	0.5	5	0.6774	3	0
812	2019	313	2764.8	-0.8	1.5	0.6016	4.4	0.4
812	2019	314	4665.6	-1.9	3.9	0.5715	3.6	0
812	2019	315	1555.2	-2.9	-0.4	0.5144	7.1	0.8
812	2019	316	1468.8	-1.5	0.1	0.5632	8.1	4.3
812	2019	317	1468.8	-2.3	0.1	0.5413	6.4	0.6
812	2019	318	3369.6	-1.4	1.3	0.5723	7.5	0
812	2019	319	1382.4	-2.4	1.2	0.5673	6.7	1.6
812	2019	320	3801.6	-0.8	1.9	0.585	5.6	0
812	2019	321	1382.4	-1.4	2.2	0.585	6.4	7.7
812	2019	322	1382.4	-1.3	1.4	0.5948	4.8	13.8
812	2019	323	1296	-1.5	-0.1	0.5591	6.3	0.6
812	2019	324	1296	-2	-1.1	0.5237	4.5	0
812	2019	325	1296	-2.6	2	0.5739	6.1	0
812	2019	326	3715.2	-0.6	2.4	0.626	6.3	0
812	2019	327	4492.8	-0.1	5.5	0.6676	9	0
812	2019	328	3110.4	4.2	8.2	0.7108	5.1	0
812	2019	329	1468.8	2.6	6.6	0.7717	3.4	0.4
812	2019	330	1209.6	2.1	5.3	0.7802	6.8	0.3
812	2019	331	1209.6	3.7	5.5	0.8311	9.1	15.5
812	2019	332	1209.6	3	5.1	0.7915	11.1	21
812	2019	333	1382.4	-0.8	3.2	0.6197	7.6	3.5
812	2019	334	1900.8	-2.4	-0.4	0.513	3.9	0.4
812	2019	335	1123.2	-3.4	-2.4	0.4344	6.3	0
812	2019	336	1123.2	-3.7	0.2	0.5107	6.4	2.8
812	2019	337	1123.2	-0.6	1.1	0.6035	4.8	0
812	2019	338	4320	-2.1	3.2	0.4705	5.1	0
812	2019	339	4406.4	-2.1	3.5	0.4499	6.3	0
812	2019	340	1036.8	-3	2.3	0.542	9.5	10.7
812	2019	341	1036.8	1.7	3.3	0.7167	9.6	6
812	2019	342	1036.8	1.7	5.6	0.7616	11.3	3.3
812	2019	343	1036.8	-1.1	1.7	0.5932	9.9	13.1
812	2019	344	1036.8	-2.8	-1.1	0.4979	8	3.3
812	2019	345	1036.8	-2	-0.9	0.5166	7.3	8.2
812	2019	346	1036.8	-2.9	-0.6	0.516	7.3	1.6
812	2019	347	1036.8	-3.5	0	0.5107	8.8	9.6
812	2019	348	1036.8	-1.1	0.1	0.5656	10.6	12.1
812	2019	349	2505.6	0	4.2	0.6397	9.6	3.7
812	2019	350	1036.8	0.7	5.2	0.74	7.2	2.2
812	2019	351	3024	5	9.9	0.8365	8.6	4.3
812	2019	352	2764.8	2	6.3	0.7889	6.5	0
812	2019	353	3974.4	4.8	8.4	0.8379	6.5	0
812	2019	354	1036.8	2.5	7.3	0.7275	9	10.6
812	2019	355	1036.8	0.7	2.5	0.6652	7.5	1.7
812	2019	356	1036.8	0.4	3.9	0.699	7.5	9.9
812	2019	357	1036.8	0.8	2.2	0.6673	8.5	7.5
812	2019	358	1036.8	0.3	3.3	0.6818	9.3	15
812	2019	359	1036.8	0	3.3	0.6676	8	8.3
812	2019	360	1036.8	-1	0	0.5479	4	0
812	2019	361	2160	-3.9	-0.4	0.4958	5	0
812	2019	362	3110.4	-4.7	-1.4	0.4345	4.8	0
812	2019	363	2332.8	-2.7	4.9	0.1257	5.6	0
812	2019	364	3801.6	3.9	9.3	0.1169	8.2	0
812	2019	365	2419.2	-3	4.7	0.5458	5.9	0
