*---------------------------------------------------------------------------*
* Station name: KAHLER ASTEN (WST)                      
* Year: 2016
* Author: Pedro Alencar                                   -999.000: NIL VALUE
* Source: ECAD 
* Comments: 
* Longitude: 51.1817, latitude: 51.1817, altitude: 839 m.
*
* Column  Daily value
* 1       station number
* 2       year
* 3       day
* 4       irradiation                   (kJ m-2 d-1)
* 5       minimum temperature           (degrees Celsius)
* 6       maximum temperature           (degrees Celsius)
* 7       early morning vapour pressure (kPa)
* 8       mean wind speed (height: 2 m) (m s-1)
* 9       precipitation                 (mm d-1)
*
** WCCDESCRIPTION=GERMANY, KAHLER ASTEN (WST)                      
** WCCFORMAT=2
** WCCYEARNR=2016
*---------------------------------------------------------------------------*
   51.1817  8.49    839.  -0.18 -0.55
812	2016	1	1036.8	-0.8	1.4	0.6182	4.8	1.1
812	2016	2	1036.8	-3	-0.5	0.5268	7.4	4.8
812	2016	3	1036.8	-2.6	-0.8	0.5287	6.8	3.1
812	2016	4	1036.8	-3.4	0.4	0.5366	6.1	5.4
812	2016	5	1036.8	-0.3	0.5	0.6155	4.1	0.5
812	2016	6	1123.2	-0.3	0.9	0.6182	3.4	0
812	2016	7	1123.2	-1	0.6	0.5962	8.1	7
812	2016	8	3283.2	-2	0.3	0.5398	8.9	0
812	2016	9	4492.8	-1.9	2.4	0.5849	7.2	1.5
812	2016	10	2851.2	-0.3	2	0.6368	8.2	5.1
812	2016	11	1123.2	-0.6	0.4	0.6005	6.4	10.7
812	2016	12	1123.2	-0.9	0.2	0.5897	8.1	17
812	2016	13	1468.8	-2.1	-0.3	0.5485	9.7	6.2
812	2016	14	1209.6	-3.2	-2.1	0.4878	7.6	9.7
812	2016	15	1209.6	-4.5	-2.4	0.4596	6.3	6.1
812	2016	16	1209.6	-5.5	-2.7	0.4287	8	6.5
812	2016	17	1209.6	-9.3	-4.8	0.3352	5.4	2.4
812	2016	18	5356.8	-12	-4.2	0.3057	4.1	0
812	2016	19	5616	-10.7	-3.4	0.3027	5.5	0
812	2016	20	1555.2	-7.2	-3.3	0.393	6.2	4.3
812	2016	21	4924.8	-8.2	-4.1	0.3592	3.9	0
812	2016	22	5443.2	-8.5	-3.2	0.3636	7.9	4.5
812	2016	23	1382.4	-3.3	1.4	0.5701	8.1	0.1
812	2016	24	1382.4	-1.1	4.5	0.6907	7.6	2.8
812	2016	25	2419.2	3.8	5.8	0.8084	7.9	0.1
812	2016	26	1468.8	2.4	5.4	0.7832	9.2	0.6
812	2016	27	1468.8	3.1	6	0.7775	10.9	7.6
812	2016	28	4579.2	-1.6	4.6	0.6264	7.8	0.2
812	2016	29	1468.8	-2.3	2.6	0.5992	10.9	1
812	2016	30	1555.2	-2	2.6	0.6182	11.7	19.6
812	2016	31	1555.2	-2.2	5.7	0.6863	9.3	26
812	2016	32	1555.2	4.3	7.1	0.9064	13.3	11.6
812	2016	33	1641.6	-0.5	5.5	0.7313	11.4	28.5
812	2016	34	3283.2	-2.6	-0.2	0.5295	9.1	3.3
812	2016	35	1641.6	-2.3	-0.9	0.5326	7.6	9.6
812	2016	36	1728	-2	3.7	0.6433	6.7	2.8
812	2016	37	3715.2	2.3	4.8	0.7484	8.8	0
812	2016	38	2160	0.2	5	0.6408	9.6	1.9
812	2016	39	2678.4	-0.1	2.7	0.6309	12.3	13.5
812	2016	40	1814.4	-1.9	3.2	0.602	11.7	17.9
812	2016	41	1900.8	-2.2	-0.9	0.5346	9.3	7.9
812	2016	42	2764.8	-3	-0.9	0.5191	7.4	1.1
812	2016	43	3456	-3.5	-1.6	0.4914	5.4	0
812	2016	44	5356.8	-4.2	-1.3	0.4792	6.8	3.3
812	2016	45	1987.2	-2.2	-0.3	0.5521	5	2.1
812	2016	46	2073.6	-6.9	-2.1	0.4247	6.1	0.6
812	2016	47	9158.4	-9	-4.4	0.3443	5.6	0
812	2016	48	2073.6	-7.7	-3.8	0.3783	5.3	0
812	2016	49	2937.6	-5.6	-3.7	0.4113	4.9	0
812	2016	50	3024	-5.3	-1.8	0.4467	4.4	0.3
812	2016	51	2246.4	-3.1	5.2	0.6526	11.1	28.5
812	2016	52	2246.4	4.9	7	0.9315	14.6	10.9
812	2016	53	2332.8	-2.5	4.9	0.6597	10.8	13.8
812	2016	54	4838.4	-2.4	-1.2	0.5249	5.5	3.7
812	2016	55	5788.8	-4.4	-1.4	0.4739	4.8	5.1
812	2016	56	3974.4	-5.6	-2.9	0.4283	5.1	1.2
812	2016	57	4579.2	-5.2	-2	0.4263	3.8	0.1
812	2016	58	10972.8	-6.3	-1.3	0.3831	5.9	0
812	2016	59	7689.6	-5.3	-1.8	0.3762	9.4	0
812	2016	60	10627.2	-6.5	-1.7	0.3565	8.9	0
812	2016	61	9676.8	-8	0	0.3864	6.1	3.6
812	2016	62	3628.8	-2.2	1.1	0.5753	8.5	4.5
812	2016	63	4233.6	-3	-1.1	0.51	4.9	0.3
812	2016	64	2851.2	-3.7	-0.9	0.5058	7.8	5.4
812	2016	65	2937.6	-1.7	-0.2	0.5644	3.1	4.9
812	2016	66	5270.4	-3.5	-0.8	0.5062	2.7	2.5
812	2016	67	7689.6	-4.3	0.6	0.5069	2.8	1.7
812	2016	68	6220.8	-4.8	-0.8	0.4675	4.2	0
812	2016	69	8899.2	-5.1	0.3	0.4457	8.1	0
812	2016	70	9331.2	-4.5	1.1	0.4856	4.9	0
812	2016	71	9676.8	-2.3	2.5	0.5662	4.4	0
812	2016	72	3283.2	-4	-1.7	0.4707	4.7	0
812	2016	73	7948.8	-4.6	0.6	0.5013	6.6	0
812	2016	74	14083.2	-5.7	2.8	0.4122	6.2	0
812	2016	75	6739.2	-1.9	1.8	0.5114	6.9	0
812	2016	76	5961.6	-3.1	0.3	0.4523	7.6	0
812	2016	77	15897.6	-2.8	6.8	0.501	5.5	0
812	2016	78	16243.2	-1.5	7.5	0.5683	5.7	0
812	2016	79	3542.4	-1.7	-0.1	0.5665	5	0
812	2016	80	3628.8	-1.6	1.5	0.6027	7.2	2.5
812	2016	81	4147.2	-0.2	1.2	0.6272	6.2	3.2
812	2016	82	4233.6	-0.4	1.7	0.6277	6.3	8.1
812	2016	83	3801.6	-0.3	1.3	0.6209	5.6	1.6
812	2016	84	3801.6	-1.4	1.4	0.5988	4.8	2.3
812	2016	85	3888	0.2	2.2	0.6664	6.3	9.5
812	2016	86	12700.8	0.4	7.7	0.7262	7	0
812	2016	87	6393.6	2	6	0.7156	9	3.8
812	2016	88	5875.2	0.5	3.5	0.6704	9.7	9.2
812	2016	89	8035.2	-0.2	5.4	0.6923	8.9	5.8
812	2016	90	7862.4	1.7	6.1	0.7267	6.8	3.2
812	2016	91	4147.2	-0.7	2.1	0.6299	6.5	8.4
812	2016	92	14256	-0.9	5.9	0.6362	7	0
812	2016	93	15811.2	0	10.3	0.7314	6.1	0
812	2016	94	9676.8	7.4	14.6	0.9836	6.2	3.2
812	2016	95	12700.8	6.7	13.4	1.0095	6.4	3.5
812	2016	96	4406.4	3.9	8.3	0.913	6.2	9.4
812	2016	97	9504	2	8.5	0.772	8.1	1
812	2016	98	12009.6	-0.7	6.6	0.6267	7.1	2.4
812	2016	99	12355.2	-1.3	5.1	0.5956	4.1	0
812	2016	100	17193.6	1.1	9	0.5601	3.4	0
812	2016	101	9936	1.8	10.3	0.6847	4.5	0
812	2016	102	21168	0.3	10.5	0.7263	6.3	0
812	2016	103	12787.2	3.4	12.1	0.8011	4.3	0
812	2016	104	9331.2	3.6	8.6	0.7906	3.7	0
812	2016	105	15120	2.8	10.2	0.6966	4.5	2.3
812	2016	106	11836.8	4.4	10.7	0.8318	7.5	2
812	2016	107	8726.4	2.1	8.6	0.831	7.2	3.9
812	2016	108	12700.8	-0.4	5	0.62	4.5	1.2
812	2016	109	20736	-0.9	7.8	0.5476	4.8	0.1
812	2016	110	6912	0.3	6.8	0.6145	5.8	0.1
812	2016	111	21686.4	-1.4	10.1	0.5834	3.9	0
812	2016	112	23414.4	2.3	15.4	0.6587	4.1	0
812	2016	113	17971.2	1.9	11.2	0.6311	4.4	0.2
812	2016	114	8899.2	-2.4	2.7	0.525	5.4	2.5
812	2016	115	12787.2	-3	1.1	0.5074	6.4	5.4
812	2016	116	8467.2	-3.5	1.3	0.5244	7	9
812	2016	117	6393.6	-4	0	0.5066	9.3	6.5
812	2016	118	5356.8	-2.3	-0.8	0.5346	8.9	20.2
812	2016	119	12528	-2.1	3.4	0.5764	5	1.5
812	2016	120	13305.6	-1.2	5.4	0.5046	8	0
812	2016	121	12614.4	0.9	6.9	0.654	6.5	2.2
812	2016	122	16502.4	0.9	10	0.8098	8.2	0
812	2016	123	20995.2	3.5	14.7	0.693	3.3	0
812	2016	124	15033.6	1.4	8.7	0.6738	6.2	2.3
812	2016	125	23414.4	0	9.1	0.5409	3.9	0
812	2016	126	25574.4	3	13.4	0.6738	6.6	0
812	2016	127	25833.6	7	18.4	0.9096	7.6	0
812	2016	128	25228.8	10.5	19.6	0.8201	5.6	0
812	2016	129	26352	10.5	17.7	0.8196	7.6	0
812	2016	130	26179.2	8.5	18.1	0.9612	7	0
812	2016	131	21168	10.6	18.8	1.019	5.2	0.9
812	2016	132	23673.6	10.6	18.6	1.1785	5.7	0
812	2016	133	25920	9.5	18	0.9426	7.5	0
812	2016	134	23068.8	6.2	16.2	0.8639	6.3	0
812	2016	135	12873.6	0.2	6.2	0.5918	7.9	0.5
812	2016	136	10972.8	-0.2	4.7	0.6538	6.7	4.8
812	2016	137	11059.2	-0.2	6.1	0.6343	5.1	0.4
812	2016	138	9417.6	2.2	9.8	0.7385	5.6	0
812	2016	139	10886.4	6.6	12.8	0.8779	4.8	0
812	2016	140	10972.8	6.9	10.6	1.0153	4	2.3
812	2016	141	14688	6.1	11.9	0.9637	5.7	0
812	2016	142	23414.4	7.8	17	1.1076	5.7	0
812	2016	143	20649.6	10.2	20	1.1485	6.6	2.7
812	2016	144	7084.8	6.8	10.1	1.0833	5.4	2.7
812	2016	145	6134.4	4.7	6.8	0.9095	7.3	0.8
812	2016	146	9676.8	4.5	11.5	0.9756	2.4	0
812	2016	147	21686.4	7.3	17.2	1.054	3	0
812	2016	148	10454.4	10.5	15.4	1.193	3.5	0.8
812	2016	149	17107.2	10.8	17.8	1.3838	3.1	9.2
812	2016	150	13478.4	11.3	16.7	1.4849	4.2	26.9
812	2016	151	8553.6	10.5	14.4	1.4143	5.9	21.3
812	2016	152	14601.6	9.6	15.4	1.2018	4.5	0.8
812	2016	153	6307.2	11.1	14	1.4237	4.6	28.8
812	2016	154	11923.2	10.9	14.9	1.3972	3.3	0.6
812	2016	155	14601.6	11.1	17.8	1.4466	4	10.7
812	2016	156	19267.2	12.1	18	1.3498	4.4	0.5
812	2016	157	20563.2	13.3	21.8	1.3221	4.7	9.9
812	2016	158	24883.2	14.9	22.1	1.3821	4	0.1
812	2016	159	21859.2	13.1	21.2	1.1915	4.2	0.8
812	2016	160	24969.6	8.6	18.5	1.2096	5.4	0
812	2016	161	20131.2	6.2	12.8	1.0441	5	0
812	2016	162	27475.2	7.9	17.2	0.9007	4.4	0
812	2016	163	10540.8	9.9	15.7	1.2109	3.2	2.1
812	2016	164	6393.6	9.8	14.2	1.2751	3	19.7
812	2016	165	10972.8	9.6	15.1	1.3764	4.7	12.3
812	2016	166	15724.8	8.8	14.4	1.2282	5.1	0.1
812	2016	167	11232	7.1	12.5	1.1259	4.6	8.3
812	2016	168	13910.4	6.8	13.2	1.092	3.7	0.7
812	2016	169	14256	8.5	13.1	1.1777	6	0.2
812	2016	170	12096	8.2	13.8	1.2197	5.6	3.8
812	2016	171	9072	7	11.3	1.0662	4.4	0.4
812	2016	172	21427.2	6.4	15.9	1.0465	6.1	6
812	2016	173	12441.6	10.7	17.6	1.4833	5.2	0.1
812	2016	174	11836.8	12.7	19.7	1.5816	4.1	0
812	2016	175	29203.2	15.8	26.7	1.7141	7.1	0
812	2016	176	20217.6	15.6	26	2.0598	4.9	22.8
812	2016	177	6393.6	8.7	17.3	1.4662	5.8	3.3
812	2016	178	15033.6	7.8	14.1	1.1372	4.9	0.2
812	2016	179	14169.6	7.7	14.4	1.2238	6.2	7.8
812	2016	180	17193.6	8	16.6	1.129	4.1	0.8
812	2016	181	22377.6	10.8	16.5	1.1706	6.9	1.3
812	2016	182	7603.2	10.2	14.8	1.2597	5.9	4
812	2016	183	7603.2	12.3	16.8	1.5056	7.4	1.6
812	2016	184	16675.2	6.8	14.1	1.138	7.3	1.1
812	2016	185	20304	6.3	14.8	1.0438	5.5	1.8
812	2016	186	17020.8	8.4	15.4	1.1692	4.1	0
812	2016	187	9676.8	7.9	15	1.2431	6.6	4.7
812	2016	188	17107.2	7	13.6	0.9889	6.2	0
812	2016	189	24278.4	6.9	17.7	0.9861	3.8	0
812	2016	190	13478.4	12	19.1	1.2526	6.8	0
812	2016	191	20736	11.8	18.4	1.3713	6	0
812	2016	192	24451.2	14.1	23.9	1.5795	6	0
812	2016	193	13910.4	12.2	18.6	1.328	5.7	0
812	2016	194	20736	10.6	17.7	1.2092	4.9	0.9
812	2016	195	16675.2	8.3	14.3	1.1104	4.8	5.2
812	2016	196	13305.6	6.4	11.3	1.0221	6.9	1.6
812	2016	197	14428.8	6.7	13.6	1.0534	6.4	0
812	2016	198	10195.2	9.4	16.3	1.2741	4.6	0
812	2016	199	7689.6	13.2	17.2	1.6389	5.7	1.4
812	2016	200	24364.8	11.8	21.2	1.4433	5.1	0
812	2016	201	22982.4	15.3	24.8	1.4283	2.4	0
812	2016	202	25747.2	16.3	27.1	1.451	5.3	1.6
812	2016	203	13392	16.7	22	1.7488	4.7	0.1
812	2016	204	15206.4	14.7	23.4	1.7825	4.7	15.4
812	2016	205	6739.2	14.9	17.8	1.5596	4.3	0.4
812	2016	206	9417.6	15.2	21.9	1.3011	3.3	0
812	2016	207	21600	15.6	22.2	1.7005	4	0
812	2016	208	11664	13.7	19.5	1.6978	3	7.7
812	2016	209	18489.6	12.9	18.6	1.519	4.4	0
812	2016	210	7689.6	12	16.2	1.5267	4.8	8
812	2016	211	8294.4	11.5	16.8	1.58	5.6	7.9
812	2016	212	15379.2	11.8	17.7	1.4413	4.2	0
812	2016	213	9849.6	9.3	14.8	1.3074	4.8	2.3
812	2016	214	16761.6	7.9	16.7	1.2004	4.7	1
812	2016	215	5702.4	9.5	12.9	1.2892	5.5	18.8
812	2016	216	5616	12.9	15.1	1.5967	7.5	11
812	2016	217	6739.2	10.3	15.9	1.4005	6.7	0.4
812	2016	218	13737.6	9.7	16	1.3778	5.4	0.4
812	2016	219	11577.6	10	15.6	1.329	4.8	0.2
812	2016	220	25056	9.1	20.8	1.2902	5.4	0
812	2016	221	15811.2	9.2	15.7	1.2556	6.5	0
812	2016	222	13996.8	6	12.7	0.9984	5	1.1
812	2016	223	14774.4	4.7	10.8	0.8959	5	0.3
812	2016	224	9331.2	4.2	11.6	0.9264	5.9	15.6
812	2016	225	5356.8	8.7	14.1	1.3468	6.4	7
812	2016	226	18921.6	12.5	20	1.5313	7	0
812	2016	227	14083.2	10.5	17.6	1.3776	4.2	0
812	2016	228	19958.4	9.5	17	1.2166	4	0
812	2016	229	21772.8	9.8	19.1	1.1671	3.9	0
812	2016	230	23587.2	9.3	19.1	1.0352	4.2	0
812	2016	231	22809.6	9.4	20.6	0.9027	3.1	0
812	2016	232	17798.4	12.9	21.2	1.2422	3.4	0.7
812	2016	233	10713.6	11.5	15.7	1.3535	5.8	1.2
812	2016	234	8294.4	10.1	13.1	1.2828	6.7	8
812	2016	235	5616	9.7	13.6	1.3555	5.6	0.1
812	2016	236	22377.6	12.3	22.5	1.3692	4.1	0
812	2016	237	22204.8	15.5	25.6	1.5213	6.3	0
812	2016	238	22032	16.7	26.9	1.3816	6.9	0
812	2016	239	21340.8	17.8	28.8	1.4846	4.5	0
812	2016	240	16934.4	19.4	28.5	1.7516	4	0.1
812	2016	241	16329.6	13.3	27.5	1.603	5	0.6
812	2016	242	7603.2	11.1	14.5	1.3733	5	0.9
812	2016	243	19958.4	9.3	17.9	1.1046	3	0
812	2016	244	18144	9.8	20.8	1.0938	4.9	0
812	2016	245	17280	12.2	19.5	1.3488	4.2	0
812	2016	246	17884.8	11.3	20.3	1.3804	4.2	0
812	2016	247	16502.4	11.5	20.3	1.3712	5.2	0.6
812	2016	248	5616	10.4	14.9	1.3599	7.7	8.1
812	2016	249	6048	9.6	14.7	1.3443	6.7	2.1
812	2016	250	16675.2	11.5	20	1.376	2.7	0
812	2016	251	18662.4	10.4	21.3	1.2949	5	0
812	2016	252	17107.2	14.2	22.9	1.5784	5.6	0
812	2016	253	13910.4	12.4	20.8	1.5469	3.4	0
812	2016	254	16848	14	23.2	1.5833	3.9	0
812	2016	255	17280	14.5	22.1	1.3019	3.4	0
812	2016	256	17366.4	16.3	25.3	1.3732	4.9	0
812	2016	257	17280	18.5	26	1.4736	4.7	0
812	2016	258	16675.2	16.4	25	1.2917	4.6	0
812	2016	259	16243.2	14.3	23.3	1.4516	5.4	0
812	2016	260	9072	11.4	16.7	1.3135	4.1	0.1
812	2016	261	4233.6	11.3	13.8	1.351	5.6	5.9
812	2016	262	10972.8	9.5	14.4	1.2429	5.9	0
812	2016	263	3542.4	8.2	9.7	1.0062	4.1	0.2
812	2016	264	5702.4	6.8	13	0.9507	3.4	0
812	2016	265	14083.2	6.2	14.4	0.8763	3.7	0
812	2016	266	12700.8	7.7	16.2	0.9217	3.7	0
812	2016	267	11059.2	9.8	17.1	1.1555	3.8	0
812	2016	268	14083.2	9.6	18.3	1.1459	4	0
812	2016	269	14774.4	10.1	20.1	1.1485	5.9	0.1
812	2016	270	5011.2	9.3	13.1	1.1828	3.9	0
812	2016	271	11664	9.9	17.2	1.1941	3.8	0
812	2016	272	7430.4	9.5	15.2	1.1757	8.4	0
812	2016	273	12528	11.1	18.5	1.3283	9.1	1.2
812	2016	274	7344	7.8	12.8	1.0891	5.4	3.6
812	2016	275	3024	6.7	10.7	1.113	4.8	5.7
812	2016	276	4406.4	5.8	8.3	0.9948	6.7	11.6
812	2016	277	4147.2	5.7	8.6	1.0016	5.7	3.7
812	2016	278	8121.6	4.2	9.4	0.8988	6.7	0.1
812	2016	279	7862.4	1.1	6.4	0.6951	6.9	0
812	2016	280	2764.8	2.1	5.8	0.8022	7.7	1.2
812	2016	281	5961.6	4.4	7.6	0.9161	5.4	3.5
812	2016	282	5875.2	2.4	5.1	0.775	4.9	1.2
812	2016	283	8640	2.3	6.2	0.7365	3.2	0
812	2016	284	2592	2.6	5.3	0.7293	2.4	0
812	2016	285	4320	1.9	5.3	0.7352	3.7	1.6
812	2016	286	2505.6	1.7	3.9	0.7471	5.2	0.7
812	2016	287	2505.6	1.5	3	0.7184	8.2	0
812	2016	288	6134.4	1.6	7.8	0.8199	8.6	0
812	2016	289	2851.2	5	8.7	0.9812	6.8	0.1
812	2016	290	10540.8	4.9	14.4	1.0787	5.6	0
812	2016	291	5702.4	7.9	13.5	1.2214	4.9	0.9
812	2016	292	4838.4	3.9	9.8	0.9416	5.7	3.8
812	2016	293	2246.4	0.4	4.7	0.7339	8.3	16.8
812	2016	294	2160	0	3.5	0.6793	2.9	1.6
812	2016	295	2160	0.9	2.5	0.6907	5.2	7.4
812	2016	296	2160	1.2	3.1	0.7062	3.3	0.5
812	2016	297	6652.8	-0.1	5.3	0.6997	3.8	0.1
812	2016	298	2073.6	3.4	8.6	0.9348	4.5	10.5
812	2016	299	1987.2	3	8	0.9029	3.7	1.1
812	2016	300	1987.2	2.1	4.6	0.7457	2.6	0
812	2016	301	1900.8	4.3	7.7	0.9348	5.5	0
812	2016	302	1900.8	6	7.8	0.9945	8.1	3.2
812	2016	303	3801.6	3.7	6.9	0.8549	6.3	0
812	2016	304	4233.6	3.4	8.3	0.8881	3.6	0
812	2016	305	1814.4	3.2	6.8	0.8721	2.5	0
812	2016	306	6566.4	2	10	0.86	6	1.6
812	2016	307	1728	1	2.4	0.6838	7.3	10
812	2016	308	1728	0.7	2.6	0.6882	5	0.2
812	2016	309	1987.2	0.2	2.7	0.6513	6.3	0.4
812	2016	310	1641.6	0.8	2.6	0.6907	6.7	1.5
812	2016	311	1641.6	-0.7	0.8	0.6132	7.2	3
812	2016	312	1641.6	-1	-0.1	0.587	3.7	7.3
812	2016	313	1555.2	-4.5	-0.9	0.491	4.6	1.2
812	2016	314	1555.2	-3.9	-1.6	0.4942	5.5	8.8
812	2016	315	1555.2	-2.1	0.2	0.5701	4.5	9.6
812	2016	316	1468.8	-4.9	0.3	0.511	4.1	0.5
812	2016	317	1468.8	-6.1	-4.2	0.396	6	0
812	2016	318	2332.8	-5.9	-2.1	0.4365	5.7	0
812	2016	319	6048	-6	-1.8	0.3848	7.3	0.8
812	2016	320	1382.4	-3.1	3.8	0.6204	8.1	9.8
812	2016	321	1382.4	3.6	7.1	0.8936	7.6	20.1
812	2016	322	1382.4	3	5.4	0.8246	10.3	17.4
812	2016	323	1296	-0.3	6	0.7347	10.1	10.9
812	2016	324	1296	-0.6	0.9	0.6053	8.3	0.5
812	2016	325	1296	-0.9	7.6	0.7068	11.1	0.4
812	2016	326	1296	6.4	9	0.8299	9.2	0.4
812	2016	327	2246.4	5.2	8.5	0.8425	6.8	0.2
812	2016	328	3628.8	6.5	14.4	0.8851	4.7	0
812	2016	329	3369.6	1.5	10.4	0.8477	7.2	0
812	2016	330	5443.2	-1.4	2.4	0.5259	8.9	0
812	2016	331	3542.4	0.5	5.9	0.7147	4.7	0
812	2016	332	1209.6	-2.6	1.6	0.5774	6.3	0.7
812	2016	333	5184	-6.6	-2.6	0.3737	5.5	0
812	2016	334	5097.6	-7.1	1.2	0.2754	3.9	0
812	2016	335	4320	-4.2	-0.5	0.2982	7.4	0
812	2016	336	1123.2	-1.9	2	0.6132	8.3	5.9
812	2016	337	2678.4	-3	2.5	0.576	7.5	3.9
812	2016	338	4752	-3.8	-0.4	0.4348	4.6	0
812	2016	339	4665.6	-3.2	1.5	0.1838	7	0
812	2016	340	4579.2	-2.6	5.9	0.4061	6.2	0
812	2016	341	4579.2	1.4	5.3	0.6369	4.6	0
812	2016	342	1641.6	1.5	5.9	0.5892	6.7	0
812	2016	343	3369.6	2.1	8.4	0.5324	7.9	0.4
812	2016	344	1036.8	2	5.7	0.7966	7.9	0.4
812	2016	345	2592	3	5.7	0.775	8	1.6
812	2016	346	1036.8	1.2	4.9	0.7604	9.5	8.3
812	2016	347	1036.8	0.6	2.2	0.6625	5.3	0.4
812	2016	348	1036.8	0.1	3.4	0.6863	5.7	0.7
812	2016	349	1036.8	2.3	6.4	0.8334	3.5	0.1
812	2016	350	1036.8	-0.4	2.3	0.6545	6.1	0
812	2016	351	2246.4	-2.2	4.2	0.624	5.2	0
812	2016	352	1468.8	0.2	5.4	0.6275	4.1	0
812	2016	353	1036.8	-0.4	0.8	0.6137	6.2	0.2
812	2016	354	1036.8	-2.8	0.5	0.5618	5.7	0
812	2016	355	4233.6	-4.8	5.3	0.504	5.9	0
812	2016	356	4147.2	-4.7	0.7	0.4908	6.8	0
812	2016	357	1036.8	-4.1	-0.5	0.5161	6.1	3.2
812	2016	358	1036.8	-1.3	1.2	0.6088	7.5	2.4
812	2016	359	1209.6	-0.2	2	0.6521	10.5	5.3
812	2016	360	1036.8	1.8	4.8	0.774	12	7.5
812	2016	361	1036.8	-1.6	5.6	0.6916	11.3	5.7
812	2016	362	1728	-1.6	1.2	0.5962	10.2	0
812	2016	363	1036.8	-2.2	0.4	0.5493	5.8	0
812	2016	364	4406.4	-2.9	0.6	0.4944	6.5	0
812	2016	365	4492.8	0.2	6.9	0.2678	5.4	0
812	2016	366	4492.8	-2.8	3.6	0.2893	7.1	0
