*---------------------------------------------------------------------------*
* Station name: KAHLER ASTEN (WST)                      
* Year: 2018
* Author: Pedro Alencar                                   -999.000: NIL VALUE
* Source: ECAD 
* Comments: 
* Longitude: 51.1817, latitude: 51.1817, altitude: 839 m.
*
* Column  Daily value
* 1       station number
* 2       year
* 3       day
* 4       irradiation                   (kJ m-2 d-1)
* 5       minimum temperature           (degrees Celsius)
* 6       maximum temperature           (degrees Celsius)
* 7       early morning vapour pressure (kPa)
* 8       mean wind speed (height: 2 m) (m s-1)
* 9       precipitation                 (mm d-1)
*
** WCCDESCRIPTION=GERMANY, KAHLER ASTEN (WST)                      
** WCCFORMAT=2
** WCCYEARNR=2018
*---------------------------------------------------------------------------*
   51.1817  8.49    839.  -0.18 -0.55
812	2018	1	1296	-0.7	3.7	0.6537	9.6	16.9
812	2018	2	1036.8	-1.1	0.2	0.5736	8.2	19.2
812	2018	3	1036.8	-0.1	4.7	0.6993	13.1	20.6
812	2018	4	1036.8	0.9	5.1	0.735	11.2	6.4
812	2018	5	1036.8	0.7	2.8	0.6516	9.5	0.3
812	2018	6	1123.2	0	2.1	0.6328	4.8	1.2
812	2018	7	1123.2	-2.9	0	0.5276	8.5	0
812	2018	8	1468.8	-2.9	-1	0.5085	10	0.1
812	2018	9	1123.2	-1.4	1.7	0.5992	8.8	0.3
812	2018	10	1728	1.5	2.6	0.6941	5.7	0
812	2018	11	1123.2	1.3	2.2	0.6724	2.7	0.1
812	2018	12	1123.2	0.7	2	0.6534	2.9	0
812	2018	13	1209.6	-3	0.7	0.5393	6.6	0
812	2018	14	3974.4	-5	-2.5	0.4169	8.9	0
812	2018	15	1209.6	-4.4	0	0.4992	10.6	14.3
812	2018	16	1209.6	-2.5	0.6	0.553	9.8	15.8
812	2018	17	1209.6	-3.7	-2	0.4707	10	11.1
812	2018	18	1296	-2.1	0.9	0.5556	11.9	16
812	2018	19	1296	-2.7	-1.6	0.501	7.3	10.9
812	2018	20	1296	-3	-2.1	0.4864	5.8	2.8
812	2018	21	1641.6	-3.6	-2.3	0.4672	5.8	4.3
812	2018	22	1382.4	-3.6	0.7	0.5331	8.2	1.9
812	2018	23	1382.4	0.2	3.3	0.6793	8.1	2.3
812	2018	24	1382.4	3.3	5.9	0.8311	9.6	3.2
812	2018	25	1382.4	1.7	4.9	0.7585	6.8	5.3
812	2018	26	1900.8	0.6	2.3	0.6513	3.2	0
812	2018	27	3196.8	-0.6	2.3	0.6043	6.1	2
812	2018	28	1468.8	-0.2	4.5	0.699	10.5	3.2
812	2018	29	1468.8	-0.3	4.5	0.6894	12.1	7.9
812	2018	30	2419.2	-1.3	0.5	0.5401	7	1.3
812	2018	31	1555.2	-1.3	4.1	0.6625	9.6	14
812	2018	32	1900.8	-3.1	-1.2	0.4958	7.6	4
812	2018	33	1641.6	-2.9	-1.4	0.501	7	3
812	2018	34	2592	-4.2	-1.6	0.464	5.1	1.5
812	2018	35	1641.6	-7.5	-2.5	0.3836	5.9	0.7
812	2018	36	1728	-8.2	-5.6	0.3318	7.1	0
812	2018	37	3888	-9.3	-5.1	0.3242	6.2	0.9
812	2018	38	6307.2	-7.4	-3.2	0.3709	4.5	0
812	2018	39	7603.2	-8.1	-2.7	0.3517	3	0
812	2018	40	2160	-8.2	-5.1	0.3345	6.4	0
812	2018	41	1900.8	-5.1	-2.2	0.4434	5.6	2.1
812	2018	42	1900.8	-4.9	-0.9	0.469	9.1	7.2
812	2018	43	2332.8	-4.4	-2.9	0.4387	7.5	2.1
812	2018	44	6912	-6.6	-2.8	0.3925	6.4	0
812	2018	45	8726.4	-7.2	-2.4	0.3296	7.9	0
812	2018	46	2073.6	-5.6	0.2	0.4559	8.6	3.4
812	2018	47	4752	-3.3	-0.2	0.5053	5.1	0
812	2018	48	2073.6	-4.3	-2.1	0.4055	5.3	0
812	2018	49	8899.2	-4.9	0	0.4288	5.9	0
812	2018	50	6134.4	-6.1	-1.4	0.403	4.2	0
812	2018	51	8899.2	-5.5	-1.1	0.4025	4.2	0
812	2018	52	8899.2	-6.7	-2	0.3587	5.8	0
812	2018	53	7776	-7.7	-4	0.3161	7.5	0
812	2018	54	10281.6	-10	-5	0.2402	7.4	0
812	2018	55	8294.4	-10.9	-5.9	0.2207	9.3	0
812	2018	56	9849.6	-13	-8	0.1953	7.6	0
812	2018	57	6393.6	-12.5	-9.5	0.222	7.5	0.1
812	2018	58	10972.8	-15	-9.7	0.1802	6.3	0
812	2018	59	7776	-15.9	-13.2	0.1605	7.2	0
812	2018	60	11491.2	-15.5	-8.1	0.1735	11.2	0
812	2018	61	10454.4	-14	-7.1	0.2027	9.7	0.8
812	2018	62	2764.8	-10.2	-4.9	0.3121	7.2	0.7
812	2018	63	6825.6	-4.9	1.6	0.5199	6.3	0.7
812	2018	64	7257.6	0.4	4.6	0.6509	6.5	0
812	2018	65	11404.8	1	8.9	0.6257	3.9	0.3
812	2018	66	3888	-0.5	3.2	0.6399	5.3	3.6
812	2018	67	3024	-1.1	0.9	0.5884	8.9	11.3
812	2018	68	6048	-1.3	2.8	0.6129	6.6	3.9
812	2018	69	3110.4	2.7	6.9	0.8428	5.7	0.6
812	2018	70	3888	5.6	8.3	0.958	5.9	2.7
812	2018	71	4579.2	3.4	7.1	0.8342	5.7	4.4
812	2018	72	3283.2	-0.9	3.4	0.6554	7.7	7.9
812	2018	73	7344	-1.2	1.9	0.5891	5	0
812	2018	74	11750.4	-2.8	4.2	0.5592	9.1	8.6
812	2018	75	3369.6	-6.1	0	0.4686	5.2	1.1
812	2018	76	3456	-10.3	-6.1	0.2967	10.8	0.1
812	2018	77	7430.4	-10.9	-8.1	0.2441	10.6	0
812	2018	78	15379.2	-11.8	-4.5	0.2217	7	0.2
812	2018	79	9590.4	-8.4	-1.1	0.3136	7.4	0.4
812	2018	80	16156.8	-6	1.1	0.3522	4.5	0.3
812	2018	81	3715.2	-3.7	0.8	0.5276	7.9	5.3
812	2018	82	4233.6	-0.5	1.7	0.6254	4.5	0.4
812	2018	83	9849.6	-1	3.5	0.5618	4.2	0
812	2018	84	11750.4	0.1	7.2	0.5554	3	0
812	2018	85	7430.4	-0.5	4.1	0.5357	4.5	0.2
812	2018	86	10454.4	-1.4	4.6	0.5692	4.7	5.7
812	2018	87	3974.4	-1	3.8	0.6625	6.7	8.2
812	2018	88	7689.6	-2	0.8	0.5498	6.2	2.3
812	2018	89	13478.4	-0.2	6.2	0.5683	6.4	0.1
812	2018	90	11750.4	1.1	6.3	0.629	5.2	0.1
812	2018	91	4147.2	-0.6	1.2	0.6057	5.7	3.7
812	2018	92	7776	-0.9	6.8	0.6192	6.5	1.6
812	2018	93	12355.2	3.6	12.7	0.8557	7.7	0.1
812	2018	94	7257.6	4.6	9.9	0.9066	7.7	3.6
812	2018	95	7171.2	-2	5.2	0.6104	8.8	1.1
812	2018	96	19872	-2.1	8.5	0.4227	7.4	0
812	2018	97	20044.8	3.2	16.7	0.5625	7.5	0
812	2018	98	18144	10.1	19.5	0.7062	4.6	0
812	2018	99	10800	11.1	16.9	0.7983	4.2	0
812	2018	100	17280	7.7	16.8	0.9259	4.9	0
812	2018	101	10713.6	6.5	10.5	1.0093	5.1	0.1
812	2018	102	14083.2	7	15.6	1.0302	5.5	0
812	2018	103	4752	6.3	11	0.986	7.1	7.8
812	2018	104	15638.4	5.5	13.7	0.9556	5	3.4
812	2018	105	11404.8	7.3	13.5	1.0082	3.3	1.5
812	2018	106	16848	6.9	14.2	0.9419	4.3	0
812	2018	107	20995.2	6.8	16.5	0.8215	3.3	0
812	2018	108	22464	11.5	20.4	0.8507	4.2	0
812	2018	109	22550.4	13.4	22.3	0.837	6.2	0
812	2018	110	22636.8	13.9	23.1	0.8931	5	0
812	2018	111	21340.8	11.7	19.8	1.0901	4.2	0
812	2018	112	17280	11.7	22.3	1.2577	5.8	10.7
812	2018	113	14428.8	6.3	13.9	0.9882	6.5	0.1
812	2018	114	9158.4	4	12.8	0.9034	7.1	0
812	2018	115	10972.8	3.2	10.4	0.8396	7.9	2.6
812	2018	116	11664	0.3	7.8	0.7018	7.5	6.3
812	2018	117	20736	2.1	11.3	0.618	5.2	0
812	2018	118	16761.6	5.9	12.9	0.7897	5.4	0.1
812	2018	119	16761.6	6.6	16.8	0.9753	5	1.5
812	2018	120	12096	1.8	12.6	0.8223	10.1	0.6
812	2018	121	17193.6	0.1	7.7	0.5894	8.5	0.1
812	2018	122	17107.2	2.5	10.6	0.602	4.5	0
812	2018	123	21254.4	4.8	11	0.6922	5.5	0
812	2018	124	25401.6	4.7	13.2	0.6517	5.4	0
812	2018	125	25574.4	5.7	15.6	0.6663	6.7	0
812	2018	126	25747.2	7.4	18	0.7335	6.6	0
812	2018	127	25920	8.7	18.8	0.8326	6.1	0
812	2018	128	26006.4	10.9	20.1	0.8969	5.4	0
812	2018	129	23328	13.1	20.2	1.0598	4.6	0
812	2018	130	11145.6	5.3	14.4	1.0325	6.1	0
812	2018	131	19526.4	4.5	14.5	0.878	3.9	0
812	2018	132	23328	9.4	18.5	1.0186	3.6	0
812	2018	133	17452.8	10.5	20	1.4711	5.7	36.2
812	2018	134	25142.4	9.4	20	1.0525	6.7	0
812	2018	135	21427.2	8	16.1	0.8575	6.4	6.2
812	2018	136	13651.2	6.6	12.9	1.1342	6.7	0.2
812	2018	137	26006.4	3.2	11.3	0.8557	8.6	0
812	2018	138	16502.4	3	11.3	0.8802	5.1	0
812	2018	139	20822.4	4.1	12.8	0.8069	3.4	0
812	2018	140	26006.4	7.2	17.7	0.9237	5.6	0
812	2018	141	27129.6	9.1	18.3	0.9082	6.5	0
812	2018	142	18489.6	11	19.5	1.2634	5.3	5.3
812	2018	143	18403.2	11.7	18.5	1.1142	5.9	5.1
812	2018	144	10108.8	10.1	14.3	1.2777	6.3	3.5
812	2018	145	17366.4	11.3	18.8	1.5036	3.9	0
812	2018	146	23673.6	13.5	21.3	1.3097	4.8	0
812	2018	147	20736	14.4	21.6	1.3395	4.4	0.3
812	2018	148	25056	16	23.9	1.3729	4.2	0
812	2018	149	24278.4	14.2	23.7	1.5527	5	4.5
812	2018	150	23328	14.1	22.4	1.57	2.8	0
812	2018	151	21168	16.7	23	1.642	3.6	0.7
812	2018	152	11232	12.2	19.7	1.5928	4.5	10.7
812	2018	153	14688	11.8	16.7	1.4929	4.9	0.3
812	2018	154	13910.4	11.6	17.2	1.3928	2.8	0
812	2018	155	23760	12.3	20.1	1.4712	4.1	0
812	2018	156	22809.6	10.9	19.5	1.5526	4.1	0
812	2018	157	28166.4	12.3	22.3	1.3212	4.7	0
812	2018	158	18662.4	15.2	23.1	1.4614	3.1	4.6
812	2018	159	10454.4	14.9	21.4	1.7058	3.4	5.7
812	2018	160	17539.2	14.9	23.1	1.5356	4	1.4
812	2018	161	16588.8	13.5	21.6	1.7428	4.5	0
812	2018	162	12009.6	11.4	17.6	1.4018	4.2	0
812	2018	163	7171.2	7.7	12.6	1.0658	5.3	1.2
812	2018	164	6393.6	6.6	9.9	0.9596	5.1	0.1
812	2018	165	23932.8	6.3	16.8	1.0065	4.1	1.9
812	2018	166	10800	10	15.4	1.3057	3	0.1
812	2018	167	18921.6	12	19.5	1.3224	4.4	1
812	2018	168	16502.4	8.4	15.7	1.1527	5.6	0
812	2018	169	7689.6	8.9	15.2	1.209	4.9	0
812	2018	170	8726.4	10.7	15.2	1.4167	5.1	0
812	2018	171	22896	12.6	22.4	1.4777	3.9	0
812	2018	172	18662.4	4.6	16.2	0.983	7.8	3.1
812	2018	173	9849.6	4.1	8.6	0.9002	8.4	8.6
812	2018	174	15379.2	4.6	12.2	0.9144	7.9	0.3
812	2018	175	6480	6.6	10.4	0.9982	6	1.3
812	2018	176	10108.8	7.9	13.6	1.1738	6.1	0
812	2018	177	20304	7.9	15.4	1.2186	3.7	0
812	2018	178	27475.2	10.2	18.4	1.0908	5.3	0
812	2018	179	26438.4	12.1	20.2	1.1366	5.9	0
812	2018	180	27993.6	13.9	22.4	1.1649	5.2	0
812	2018	181	29116.8	11.5	19.5	0.9848	5.6	0
812	2018	182	29030.4	9.8	17.5	0.718	7.7	0
812	2018	183	28944	10	19.9	0.747	5.2	0
812	2018	184	28857.6	12.9	23.4	0.7281	4.1	0
812	2018	185	16156.8	16	23.7	1.1332	3.3	1.3
812	2018	186	16934.4	12.1	20.2	1.5216	4.7	4.9
812	2018	187	19094.4	10.4	18	1.2778	6.2	0
812	2018	188	27648	10.6	19	0.9752	4.7	0
812	2018	189	26870.4	7.6	18.5	0.9757	5.5	0
812	2018	190	19008	9.1	17.4	1.2014	5.2	0.8
812	2018	191	10540.8	7.1	10.6	1.0789	6	18.5
812	2018	192	8812.8	8.4	11.8	1.1982	5.2	7.5
812	2018	193	15984	10.3	18.9	1.4441	5.3	0
812	2018	194	27475.2	12.2	19.7	1.2489	4.8	0
812	2018	195	23068.8	12.9	21.1	1.335	3.6	0
812	2018	196	28080	12	21.5	1.0665	3.7	0
812	2018	197	22636.8	13.8	22.8	1.1339	3.5	5.4
812	2018	198	23414.4	13.6	23.2	1.1622	4.3	0
812	2018	199	26179.2	10.7	19.4	1.1448	5.1	0
812	2018	200	19094.4	12.4	21	1.0062	3.3	0
812	2018	201	21340.8	14.5	24	1.0249	3.4	0
812	2018	202	7948.8	15.7	20	1.2861	2.9	0
812	2018	203	18057.6	14.9	20.7	1.4652	3.2	0.4
812	2018	204	24451.2	14	23	1.3396	3.8	0
812	2018	205	26697.6	17.7	27	1.2669	3.2	0
812	2018	206	19612.8	20.8	28.2	1.442	3.9	5.5
812	2018	207	26611.2	20.6	28.4	1.3193	5	0
812	2018	208	26265.6	19.1	27.6	1.2314	4.4	0
812	2018	209	15120	13.7	23.8	1.4255	5.3	0.5
812	2018	210	13564.8	12.9	24.1	1.4034	5.8	0
812	2018	211	19785.6	18.6	28.1	1.3459	3.6	0
812	2018	212	23155.2	17.1	27.9	1.3601	4.7	0
812	2018	213	15206.4	15.5	24.6	1.5453	3.9	0
812	2018	214	19526.4	17.2	26.5	1.6212	3.9	0
812	2018	215	20390.4	19.6	29	1.5158	3.6	0
812	2018	216	20649.6	16.7	26.9	1.4338	4.7	0
812	2018	217	23846.4	14.5	21.4	1.4175	4.8	0
812	2018	218	25142.4	13.9	27.1	1.1074	4.5	0
812	2018	219	21427.2	20.9	30.4	1.4455	5.7	30.3
812	2018	220	14601.6	14.8	23.6	1.5548	6.1	2.2
812	2018	221	16243.2	11.5	26.9	1.7103	7.3	5.8
812	2018	222	15638.4	8.3	17.6	1.014	6.6	1.2
812	2018	223	19785.6	8.2	16.2	0.9086	6.1	0
812	2018	224	22896	10.2	22.1	0.8249	4.6	0
812	2018	225	8812.8	12	18.5	1.3846	6.7	11.4
812	2018	226	10800	11.9	16.9	1.4583	6.8	2.2
812	2018	227	7257.6	11	16.7	1.3124	3.4	0
812	2018	228	23414.4	13.3	24.3	1.3649	4.4	0
812	2018	229	14688	12.2	20.6	1.4715	5.5	0.3
812	2018	230	22896	11.1	21.1	1.0964	3.7	0
812	2018	231	23068.8	12.2	23.1	1.2498	4.5	0
812	2018	232	5702.4	14.3	18.3	1.6287	4.6	0
812	2018	233	9331.2	13.6	20.1	1.4374	2.7	0
812	2018	234	18921.6	16	25.7	1.4266	4.6	0
812	2018	235	21340.8	14.3	24.2	1.5597	4.7	0.6
812	2018	236	8726.4	8.8	14.6	1.0578	6.1	0.4
812	2018	237	9244.8	4.9	10.7	0.9307	6.6	5.7
812	2018	238	14428.8	4.7	14.8	0.8688	5.4	0.3
812	2018	239	9936	8.1	16.1	1.1706	7.5	0.8
812	2018	240	17193.6	8.6	18.8	1.0961	3.8	0
812	2018	241	17452.8	12.6	23.3	1.3147	4.8	4.2
812	2018	242	11404.8	8.5	13.8	1.2187	6.6	1.8
812	2018	243	11836.8	7.3	13.2	0.9607	4.1	0
812	2018	244	18748.8	6.9	14.7	0.893	4.8	0
812	2018	245	12960	9.2	16.2	1.1443	6.3	1.8
812	2018	246	4320	11.1	14.3	1.4524	3.8	0.5
812	2018	247	12268.8	13.2	20.8	1.6059	4.3	4.2
812	2018	248	14947.2	14.8	22	1.289	3	0
812	2018	249	9417.6	10.8	18	1.3436	4.3	6.6
812	2018	250	7084.8	6.1	13	1.1072	6	0.6
812	2018	251	15811.2	5.4	15.1	0.8983	4.8	0
812	2018	252	9504	10.7	18.4	1.0423	4.1	0
812	2018	253	8726.4	11.9	18.8	1.1322	5.4	0
812	2018	254	15811.2	9.7	21.5	1.2567	7.7	0
812	2018	255	16156.8	10.1	20.6	1.3412	6.1	1.1
812	2018	256	3888	7.4	11.8	1.1826	3.7	0.9
812	2018	257	13996.8	6.3	13.6	0.9416	3.7	0
812	2018	258	9244.8	6.2	13.4	0.9927	5.3	0
812	2018	259	15552	8.5	18.2	0.949	4.3	0
812	2018	260	16416	12.8	22	0.9525	4.4	0
812	2018	261	15724.8	15.7	26	1.2052	7.1	0.4
812	2018	262	14947.2	14.1	22.7	1.4369	5.8	0
812	2018	263	15638.4	12.7	21	1.2458	6.5	0
812	2018	264	5875.2	6.5	18.1	1.1004	10.4	4.4
812	2018	265	6307.2	5.6	10.6	0.9499	7.6	4.7
812	2018	266	3369.6	3	8.6	0.9035	6.1	21.6
812	2018	267	9072	2.8	8.3	0.8155	8.1	0.9
812	2018	268	11664	2.1	9.9	0.7385	3.5	0
812	2018	269	13132.8	4.5	14	0.6067	6.7	0
812	2018	270	14428.8	9.7	20	0.5735	4.9	0
812	2018	271	5875.2	2.9	10.9	0.8255	6.2	0.1
812	2018	272	13996.8	1.9	10.4	0.6139	4.8	0
812	2018	273	13824	5.3	15.1	0.6964	5.2	0
812	2018	274	4752	1.4	7	0.7587	6.9	4.2
812	2018	275	3024	1.2	7.3	0.811	8.4	10.1
812	2018	276	7257.6	5.1	8.8	0.8383	7.7	0
812	2018	277	5270.4	4.2	10.3	0.9168	4.6	0
812	2018	278	12700.8	8.2	17.2	0.9389	6.2	0
812	2018	279	10713.6	10.6	19.4	1.2263	6.2	0
812	2018	280	7948.8	4.6	12.7	0.9972	5.6	0
812	2018	281	11923.2	4.8	14.9	0.911	3.6	0
812	2018	282	10800	9	17.6	1.2206	4.5	0
812	2018	283	11750.4	11.8	17.4	1.2283	6.4	0
812	2018	284	10886.4	10.4	19.3	1.1976	5.7	0
812	2018	285	11318.4	12.3	20	1.3199	6.6	0
812	2018	286	11232	14.4	20.8	1.1856	6.3	0
812	2018	287	10972.8	11.7	19.2	1.0869	6.5	0
812	2018	288	10108.8	14	21.2	0.9445	4.4	0
812	2018	289	8726.4	13.8	19.3	1.1283	4.5	0
812	2018	290	9072	12.4	19.4	1.1367	2.4	0
812	2018	291	5097.6	7.8	12.8	1.1392	4.8	0.1
812	2018	292	3888	7.2	10.6	1.037	2.5	0
812	2018	293	7603.2	4.3	10	0.86	4.1	0
812	2018	294	9504	4.7	11.6	0.8448	3.5	0
812	2018	295	2592	1.8	7.6	0.7515	5.2	0.2
812	2018	296	2160	1.3	7.8	0.8282	11.2	14.4
812	2018	297	2073.6	7.3	8.6	1.0578	12.5	10
812	2018	298	2073.6	5.3	7.9	0.9548	7.2	1.4
812	2018	299	1987.2	0.9	5.3	0.7555	6.1	4.6
812	2018	300	1987.2	0.3	1.8	0.646	5.3	0.6
812	2018	301	1900.8	-1.9	0.3	0.5533	8.8	0.5
812	2018	302	1900.8	-0.7	0.8	0.601	7.8	1.5
812	2018	303	1900.8	-1.3	3.8	0.6554	11.4	11
812	2018	304	3974.4	0.3	7.2	0.6791	7.5	0
812	2018	305	1814.4	3.6	8.3	0.7266	7.2	1.3
812	2018	306	4320	0.9	6.5	0.7006	6	0
812	2018	307	7603.2	0.1	5.6	0.5848	3.9	0
812	2018	308	1728	3.2	9.7	0.945	6.1	0
812	2018	309	6652.8	4.4	11.2	0.9201	7.1	0
812	2018	310	4147.2	7.3	15.1	0.824	6.2	0
812	2018	311	6998.4	5.2	11	0.8851	7	0
812	2018	312	3283.2	5.6	9.3	0.9501	4.6	0
812	2018	313	3628.8	5.7	9.6	0.9945	7.2	0.5
812	2018	314	1555.2	4.9	7.9	0.9417	9.2	9.2
812	2018	315	1555.2	5.9	7.8	0.9713	8.1	22.3
812	2018	316	3456	6.3	11.4	1.0676	7.6	3
812	2018	317	2419.2	4.5	7.1	0.8758	7.5	1.1
812	2018	318	5011.2	1.7	6.8	0.7944	5.4	0
812	2018	319	6134.4	-0.9	8.6	0.6196	6.4	0
812	2018	320	5961.6	0.1	7.9	0.6424	8	0
812	2018	321	5875.2	-1.7	3.5	0.4891	8.7	0
812	2018	322	5616	-3.5	2.2	0.3147	7.7	0.4
812	2018	323	1296	-4.1	-0.7	0.4867	8.8	1.1
812	2018	324	1296	-4.3	-2.7	0.4484	9.3	2.2
812	2018	325	1296	-3.4	-2.1	0.4792	7.8	0.1
812	2018	326	1296	-2.9	-1.7	0.4955	5.2	0.1
812	2018	327	5356.8	-1.9	5.2	0.6263	5.2	0
812	2018	328	1209.6	-1.6	3.2	0.6021	6.1	3.8
812	2018	329	1209.6	0.8	1.8	0.6645	3.9	0.1
812	2018	330	1209.6	-2.2	1.1	0.5753	4.2	0
812	2018	331	1209.6	-4.1	-2.2	0.4603	4	0
812	2018	332	2419.2	-3.2	-0.2	0.5179	8.5	1
812	2018	333	1123.2	-0.3	2.8	0.642	9.2	1
812	2018	334	1123.2	1.3	3.6	0.7141	6.4	1.1
812	2018	335	1123.2	2.4	3.4	0.7373	7.8	3.8
812	2018	336	1123.2	2.9	8.7	0.9219	8.7	28.9
812	2018	337	1123.2	5.6	8.4	0.9914	8.8	21.2
812	2018	338	1641.6	-0.9	5.7	0.6898	6.4	0
812	2018	339	1036.8	-1.1	1.8	0.6016	6.6	0.9
812	2018	340	1036.8	1.4	7	0.8246	7.5	2.7
812	2018	341	1036.8	0	7	0.7772	10.7	13.6
812	2018	342	1036.8	0	4.4	0.7087	11.4	26.6
812	2018	343	1036.8	-0.6	4	0.6769	11.7	19.4
812	2018	344	1036.8	-1.5	0	0.5496	10.3	4.8
812	2018	345	1036.8	-1.5	-0.7	0.5469	8.9	3.7
812	2018	346	1987.2	-3	-1.5	0.4818	5	0.9
812	2018	347	2505.6	-5.4	-2.3	0.4138	6.1	0
812	2018	348	1036.8	-5.9	-4.9	0.3354	7	0
812	2018	349	1036.8	-7.7	-5.8	0.3098	7.6	0
812	2018	350	1036.8	-7.8	-0.4	0.4061	7.5	1.8
812	2018	351	1036.8	-2.2	0.8	0.5516	6.6	6.7
812	2018	352	1036.8	-1.9	0.8	0.5577	7.3	0.3
812	2018	353	1036.8	-2	2	0.5743	7.7	0.6
812	2018	354	1036.8	0.8	1.9	0.6466	7.1	4.9
812	2018	355	1036.8	1.9	7.2	0.786	11.9	22.5
812	2018	356	1382.4	1.7	4.6	0.7275	11.1	13.8
812	2018	357	1036.8	-0.1	3.1	0.6537	6.7	14.8
812	2018	358	1036.8	-3	0.1	0.5166	7.6	0.6
812	2018	359	1468.8	-2.7	-0.3	0.5092	6.9	0
812	2018	360	1036.8	-3.9	4.3	0.5889	6.4	0.1
812	2018	361	2678.4	0.3	4.7	0.2852	6.7	0
812	2018	362	4147.2	-1.3	3.4	0.3955	5.5	0.1
812	2018	363	1036.8	-0.2	2.8	0.6443	8	9.9
812	2018	364	1036.8	0.7	2.5	0.6584	9	2.1
812	2018	365	1036.8	2.5	4.4	0.7588	6.2	2.5
