*---------------------------------------------------------------------------*
* Station name: KAHLER ASTEN (WST)                      
* Year: 2010
* Author: Pedro Alencar                                   -999.000: NIL VALUE
* Source: ECAD 
* Comments: 
* Longitude: 51.1817, latitude: 51.1817, altitude: 839 m.
*
* Column  Daily value
* 1       station number
* 2       year
* 3       day
* 4       irradiation                   (kJ m-2 d-1)
* 5       minimum temperature           (degrees Celsius)
* 6       maximum temperature           (degrees Celsius)
* 7       early morning vapour pressure (kPa)
* 8       mean wind speed (height: 2 m) (m s-1)
* 9       precipitation                 (mm d-1)
*
** WCCDESCRIPTION=GERMANY, KAHLER ASTEN (WST)                      
** WCCFORMAT=2
** WCCYEARNR=2010
*---------------------------------------------------------------------------*
   51.1817  8.49    839.  -0.18 -0.55
812	2010	1	1036.8	-7	-4.2	0.3947	5.5	0.9
812	2010	2	3369.6	-9.3	-5.2	0.3442	5.7	2.3
812	2010	3	1036.8	-9.9	-5.1	0.3376	5	1.9
812	2010	4	2160	-10.7	-7.8	0.2854	3.1	0
812	2010	5	1296	-9.4	-6.1	0.3277	3.9	0
812	2010	6	1123.2	-8.4	-5.8	0.3447	3.1	1.8
812	2010	7	1900.8	-10.2	-6.3	0.312	1.9	0.4
812	2010	8	1123.2	-10.4	-8.7	0.2817	8.1	0.2
812	2010	9	1123.2	-9.9	-7.5	0.3012	12.1	0.3
812	2010	10	1123.2	-8.2	-7.1	0.3269	5.8	1.6
812	2010	11	1123.2	-8.4	-6.3	0.3381	3.2	2.7
812	2010	12	1123.2	-8.9	-7.8	0.3095	5.7	0
812	2010	13	2073.6	-10.2	-7.2	0.3012	9	0.1
812	2010	14	1209.6	-7.2	-1.2	0.4434	5.9	0
812	2010	15	1209.6	-5.8	-3.6	0.4226	4.8	0
812	2010	16	1209.6	-7	-4.4	0.3877	8.1	5.1
812	2010	17	1209.6	-4.8	0	0.5123	8.1	7
812	2010	18	1296	-1	0	0.5892	6.5	3.6
812	2010	19	1296	-1.7	-0.5	0.5639	4.2	0.2
812	2010	20	1296	-3.1	-1.4	0.5129	6	0
812	2010	21	1296	-4.3	-2.7	0.4673	5.9	0
812	2010	22	5011.2	-8.1	-0.3	0.4434	3.5	0
812	2010	23	4320	-8.5	-4	0.3679	5.9	0
812	2010	24	1382.4	-8.1	-4.4	0.3718	5.6	7.2
812	2010	25	1382.4	-7.6	-3.7	0.3892	2.1	1.5
812	2010	26	4233.6	-11.7	-7.6	0.2677	5.6	0
812	2010	27	1728	-10.2	-5.6	0.216	7.9	11.1
812	2010	28	1468.8	-5.7	-2.6	0.445	10.6	9
812	2010	29	1468.8	-5.8	-2.7	0.4417	8.6	15.8
812	2010	30	1814.4	-8.7	-5.8	0.3407	6.9	9.8
812	2010	31	2073.6	-8.6	-4.3	0.3661	8	5.7
812	2010	32	1555.2	-8.1	-4.1	0.3799	7.9	4.3
812	2010	33	1641.6	-8.8	-1.1	0.4147	10.7	16.9
812	2010	34	1641.6	-5.7	-2	0.4506	7.3	0.6
812	2010	35	1641.6	-3.7	0	0.5336	6.1	0.1
812	2010	36	1728	-2	-0.2	0.5639	6.4	0
812	2010	37	2246.4	-0.4	1	0.6244	3.7	0.6
812	2010	38	3369.6	-6.2	-0.4	0.4552	3.8	0
812	2010	39	7084.8	-11.6	-4.2	0.3071	6.1	0
812	2010	40	1814.4	-12.3	-9.4	0.2488	4.2	0.4
812	2010	41	3110.4	-11.7	-9	0.2589	4.3	0.6
812	2010	42	1900.8	-11.6	-7.5	0.2788	9.9	1
812	2010	43	1900.8	-9	-7.4	0.3132	7.4	1.4
812	2010	44	1987.2	-9.9	-7.4	0.3024	4.9	2.1
812	2010	45	1987.2	-9.8	-6.5	0.3144	3.3	0.1
812	2010	46	2073.6	-8.9	-6.7	0.3231	5.2	0.4
812	2010	47	2678.4	-9.1	-6	0.3329	5.6	0.1
812	2010	48	6739.2	-9	-0.6	0.4023	6.5	0.4
812	2010	49	4924.8	-3	-0.1	0.5455	7.2	1.7
812	2010	50	2592	-3.9	0.7	0.5381	8	0.1
812	2010	51	2678.4	-5.2	-2.5	0.4506	7	5.2
812	2010	52	3283.2	-4.7	-1.6	0.4797	6	1.2
812	2010	53	2332.8	-2.2	3.7	0.6451	8.9	6.1
812	2010	54	2332.8	-0.7	3.6	0.6784	6.1	14.4
812	2010	55	3888	0.3	4.3	0.721	6.7	3.3
812	2010	56	2419.2	1.7	3	0.7235	9	5.2
812	2010	57	2419.2	-1.6	3.8	0.6616	8.9	5.7
812	2010	58	6048	-1.6	4.4	0.6287	8.5	0.6
812	2010	59	2505.6	-1.1	4.7	0.6609	13.2	14.2
812	2010	60	3369.6	-2.7	-1.1	0.5316	10.5	5.9
812	2010	61	7257.6	-4.8	-1.1	0.4869	6.2	0.2
812	2010	62	11059.2	-5.1	0	0.4509	5.2	0
812	2010	63	9158.4	-8.5	-3.2	0.332	5.7	0.1
812	2010	64	9158.4	-10.1	-3.5	0.3086	6.7	14.8
812	2010	65	7084.8	-8.8	-4.5	0.3531	8.3	0.6
812	2010	66	13564.8	-10.5	-5.6	0.2602	6	0
812	2010	67	6825.6	-9.4	-3.6	0.297	4.5	0
812	2010	68	13910.4	-10.2	-5	0.2521	6.5	0
812	2010	69	13996.8	-8	-1.5	0.3007	9	0
812	2010	70	14256	-10.4	-1.2	0.3332	6	1
812	2010	71	3196.8	-3.6	-1.6	0.4947	5.4	0.6
812	2010	72	3283.2	-3.2	-0.6	0.5316	8.7	2.6
812	2010	73	3283.2	-3.5	-0.1	0.5356	9.7	9.8
812	2010	74	5184	-4.1	0.1	0.5224	9.5	17.7
812	2010	75	3369.6	-1.4	-0.1	0.5785	6.6	0
812	2010	76	11491.2	-0.8	5.8	0.6362	6.2	0
812	2010	77	14860.8	2.5	10.2	0.565	6.2	0
812	2010	78	5616	5.2	9.4	0.7053	7.8	3.2
812	2010	79	3542.4	5.3	8.3	0.9482	8.8	8.7
812	2010	80	3628.8	1.8	7.5	0.851	7.7	5.7
812	2010	81	5011.2	1.6	4.8	0.7685	3.9	0
812	2010	82	8812.8	2	8.8	0.816	5.1	0
812	2010	83	14601.6	3.8	11.4	0.7616	6.4	0
812	2010	84	14428.8	8.3	14.3	0.8027	6.3	0
812	2010	85	4406.4	0.4	10.2	0.8014	6	9.4
812	2010	86	6307.2	2.1	5.3	0.7723	6.3	1.8
812	2010	87	6220.8	1.9	5.2	0.7563	7.7	9.5
812	2010	88	7171.2	3.3	6.6	0.8604	6.4	11.9
812	2010	89	11318.4	0.6	11.8	0.8246	7.5	2.5
812	2010	90	9158.4	-1	6.2	0.6334	9.2	0.8
812	2010	91	10540.8	-2.6	2.7	0.5028	8.2	0.9
812	2010	92	17539.2	-2.7	5.5	0.4732	6.9	1.5
812	2010	93	6998.4	0.6	6.1	0.7224	7	1.6
812	2010	94	7430.4	0.7	6.2	0.7431	8.4	6.4
812	2010	95	11232	0.2	7	0.6325	5.8	0
812	2010	96	20044.8	1.6	10.4	0.5796	6.3	0
812	2010	97	19872	3.9	15.3	0.5734	6.5	0
812	2010	98	4492.8	2	10.2	0.753	5.3	0.3
812	2010	99	9504	0.6	8.1	0.7584	5.2	0
812	2010	100	16761.6	0.2	5.2	0.6231	6.2	0.6
812	2010	101	8985.6	-0.7	2.8	0.646	6.6	1
812	2010	102	5961.6	-0.2	3.8	0.6887	7.4	1.2
812	2010	103	14947.2	2.7	9.9	0.7062	7	0
812	2010	104	14688	1.7	7.8	0.6085	6	0
812	2010	105	11404.8	0.8	9.6	0.6367	5.4	0
812	2010	106	11664	-1.2	4.5	0.5919	6.7	0
812	2010	107	22377.6	-1.9	12.5	0.4185	3.9	0
812	2010	108	22550.4	5.8	16.4	0.5281	4.3	0
812	2010	109	19353.6	1.9	9.3	0.6274	4	0
812	2010	110	18316.8	-0.1	12.5	0.5971	6.7	0
812	2010	111	9331.2	-2.6	4	0.5592	6.3	1.3
812	2010	112	22032	-3.3	8.4	0.4991	4.7	0
812	2010	113	23500.8	0.1	12.4	0.4755	3.9	0
812	2010	114	23414.4	5.1	16.6	0.4934	3.7	0
812	2010	115	20736	8.3	19	0.6243	5.4	3
812	2010	116	7948.8	6.3	11.1	1.0343	6.2	0.3
812	2010	117	13219.2	5.1	12.2	0.874	4.2	0
812	2010	118	23068.8	6.5	17.1	0.7467	4.1	0
812	2010	119	17625.6	11.1	20.5	0.8067	6.4	0.1
812	2010	120	10627.2	5.5	15.3	0.92	7.7	0
812	2010	121	11923.2	4.5	12.4	0.8401	4.8	0
812	2010	122	10540.8	4	12.2	0.9499	3.6	7
812	2010	123	10972.8	2	7.9	0.8169	3.2	13.9
812	2010	124	11059.2	-1.5	4.3	0.6287	7.1	0
812	2010	125	23241.6	-2.2	7	0.501	8.2	4.2
812	2010	126	5616	-0.9	3	0.646	8.2	14.8
812	2010	127	5702.4	-1.4	2.4	0.6336	3	0.7
812	2010	128	8121.6	0.8	7.5	0.6985	3	0
812	2010	129	9072	4.3	9.4	0.8127	3	0.6
812	2010	130	8208	2.2	5.1	0.7854	3.3	0
812	2010	131	5788.8	2	6.3	0.8053	5.4	0.6
812	2010	132	5788.8	1.3	6.4	0.8046	5.7	0.1
812	2010	133	5875.2	0.4	2.9	0.6882	3.3	0.8
812	2010	134	5875.2	1.7	5.2	0.7431	3.6	0.2
812	2010	135	8380.8	1	5.9	0.6806	6.1	0
812	2010	136	16243.2	2.5	10.9	0.7455	6.6	0
812	2010	137	16156.8	2.9	10.2	0.8447	5.2	3.6
812	2010	138	12268.8	1.6	6.9	0.7365	7.5	0.1
812	2010	139	6048	1.6	7.1	0.75	9.2	2.3
812	2010	140	7862.4	3	10	0.745	7.9	1.2
812	2010	141	22723.2	5.9	15.5	0.8485	5.1	0
812	2010	142	24796.8	7	16.9	1.0195	5.7	0
812	2010	143	27216	9.6	18.1	1.1543	5	0
812	2010	144	24019.2	10	19.9	1.2902	7.4	2.8
812	2010	145	20649.6	7	14	0.9642	4.2	0
812	2010	146	12182.4	4.7	9.2	0.8882	4.1	8.4
812	2010	147	12614.4	5.3	12.4	1.0448	3.5	7.2
812	2010	148	16761.6	5.5	12.7	0.9471	4.6	2.3
812	2010	149	19440	5.2	15.7	0.8092	4.4	12.1
812	2010	150	7689.6	2.8	11	0.9746	7.6	13.9
812	2010	151	6307.2	3	8	0.9029	6.6	2.4
812	2010	152	15120	5.9	13.4	1.0188	5.8	0.7
812	2010	153	16243.2	5.9	11.3	1.0273	7.3	0
812	2010	154	28684.8	6.5	16.9	0.9341	7.9	0
812	2010	155	28684.8	8.6	19.9	0.9736	3.5	0
812	2010	156	27734.4	10.8	22.9	1.0541	3.4	0
812	2010	157	20217.6	12.7	23.1	1.3516	5.2	13.1
812	2010	158	16329.6	8.8	15.8	1.229	6.5	0.1
812	2010	159	17366.4	9.1	19.4	1.2495	6	0.3
812	2010	160	18403.2	12.2	22.2	1.4696	6	24.8
812	2010	161	13651.2	12.3	21.6	1.5623	4	2.5
812	2010	162	21427.2	12.4	21	1.4048	8.1	0.1
812	2010	163	7171.2	6.1	15.8	1.2157	5.3	2.4
812	2010	164	15724.8	4.2	13	0.9157	3.3	0
812	2010	165	20649.6	6.4	16	0.9702	3.7	0
812	2010	166	21427.2	5.8	12.6	0.9768	5.6	0
812	2010	167	28080	5.7	15.3	0.9134	7.1	0
812	2010	168	27734.4	8.5	16.8	0.9212	6.3	0
812	2010	169	18748.8	5.2	12.9	0.9785	6.6	0
812	2010	170	13046.4	3.9	9.4	0.8212	6.1	3.4
812	2010	171	9590.4	3.7	10.2	0.9081	4.3	0.2
812	2010	172	9072	3.7	10	0.8028	3.8	0
812	2010	173	16329.6	6.3	14.7	0.9134	2.5	0
812	2010	174	25747.2	10.1	18.9	0.9895	2.7	0
812	2010	175	26870.4	12.1	21.1	1.0375	2.6	0
812	2010	176	23932.8	11.6	18.8	1.1904	4.2	0
812	2010	177	24364.8	10.9	20.4	1.1186	3.2	0
812	2010	178	28252.8	11.6	22.4	1.1029	4.1	0
812	2010	179	22118.4	14.2	24.8	1.2447	3.3	0
812	2010	180	19526.4	14.5	23	1.4039	3.9	0.4
812	2010	181	24796.8	13.7	22.9	1.3439	3.2	0
812	2010	182	23932.8	16	24.8	1.2441	3.2	0
812	2010	183	26870.4	17.1	27.1	1.3009	4	0
812	2010	184	21168	16	29	1.6865	4.4	0.4
812	2010	185	14774.4	14.9	21.9	1.8384	4.2	0
812	2010	186	18835.2	9.7	18.8	1.282	4.6	11.6
812	2010	187	21513.6	8.3	15.3	1.0786	5.7	0
812	2010	188	28252.8	8.9	21.4	0.9974	3.2	0
812	2010	189	28425.6	15.7	26.2	1.1632	4.2	0
812	2010	190	25660.8	19	29.2	1.348	5.1	0
812	2010	191	24969.6	20.5	29	1.6505	3.8	0
812	2010	192	21427.2	18.2	28	1.8053	4.5	0
812	2010	193	23500.8	15.5	28.5	1.5833	5	0.2
812	2010	194	21600	13.9	22.9	1.4158	4	0
812	2010	195	23155.2	14.7	27.9	1.6182	6.2	7
812	2010	196	21340.8	12.6	20.2	1.2666	7.4	0
812	2010	197	27129.6	12.4	26.4	1.102	5.5	1.1
812	2010	198	13305.6	10	19.8	1.3369	5.6	0.7
812	2010	199	23932.8	8.8	18.8	0.9299	3.1	0
812	2010	200	27820.8	12	23.4	0.9302	3.9	0
812	2010	201	27648	13.8	24.5	1.0629	4.3	0
812	2010	202	21340.8	15	28.1	1.4378	5.5	3
812	2010	203	7603.2	14.2	18	1.6812	3.5	2.2
812	2010	204	12700.8	11	17.9	1.2329	4.5	1.8
812	2010	205	14428.8	7.3	14.2	1.0577	6.6	0.5
812	2010	206	17107.2	5.4	16.7	1.0264	4.8	0.2
812	2010	207	8121.6	10.5	15.2	1.4223	3.3	12.4
812	2010	208	13478.4	10.6	17	1.4027	3.8	0.4
812	2010	209	13737.6	10.7	17.1	1.3643	5.6	1
812	2010	210	8294.4	9	14.3	1.3144	4.7	9.1
812	2010	211	16156.8	9	16.6	1.2256	4.3	0
812	2010	212	15897.6	11.1	19.7	1.1533	6	0.1
812	2010	213	10281.6	12.6	21.3	1.5623	5.6	3
812	2010	214	16761.6	10.7	18.2	1.3973	3.9	1.9
812	2010	215	12009.6	9.9	14.9	1.309	4.5	0.3
812	2010	216	7776	9.8	16.2	1.2867	5.7	7
812	2010	217	8812.8	9.5	14.2	1.2764	4.9	0
812	2010	218	11836.8	9.3	15.4	1.1757	4.7	0
812	2010	219	23241.6	10.7	20	1.0103	2.9	0.7
812	2010	220	7603.2	11.6	15.3	1.3866	4.6	5.4
812	2010	221	12787.2	10.3	16.1	1.3187	3.5	0
812	2010	222	17971.2	11.6	20.7	1.2099	4.7	4.1
812	2010	223	7516.8	12.1	16.5	1.5466	5.2	10.8
812	2010	224	9504	10.2	15.5	1.3334	3.5	0
812	2010	225	10886.4	9.8	16.1	1.2228	2.7	0
812	2010	226	18144	10.4	18.6	1.3193	3.9	0
812	2010	227	5270.4	10.8	12.8	1.3552	6.7	17.4
812	2010	228	5184	9.6	11.8	1.2856	5.1	35
812	2010	229	5184	8.2	12	1.2352	8.3	44.5
812	2010	230	5788.8	8.7	13.5	1.3203	6.4	5.2
812	2010	231	17107.2	8.1	15.3	1.1814	5	0
812	2010	232	22896	10.2	21.6	1.2449	5.1	0
812	2010	233	21168	15.5	24.2	1.6651	5.2	0
812	2010	234	13737.6	14.8	23.3	1.8705	5.5	3
812	2010	235	4924.8	12.9	17.6	1.7134	7.6	5.7
812	2010	236	14601.6	8.8	14.5	1.1227	8.8	0
812	2010	237	12787.2	8.1	15.3	1.1265	6.7	13.9
812	2010	238	4752	10.1	15.3	1.4524	8.4	23.7
812	2010	239	4752	7.1	14.8	1.3072	7.8	12.3
812	2010	240	8294.4	6.2	10.3	1.0905	6.9	7.5
812	2010	241	4665.6	3.1	8.4	0.9187	8	18
812	2010	242	5616	3.5	8	0.9187	7.9	6.4
812	2010	243	13564.8	6.3	12.6	1.1116	5.9	0.3
812	2010	244	5097.6	6.7	10.4	1.0906	4.2	0
812	2010	245	5443.2	6.4	10.9	1.0868	3.7	0
812	2010	246	10022.4	7.5	12.8	1.1402	2.7	0
812	2010	247	15120	6.8	13	1.0482	4.2	0
812	2010	248	17280	5.3	13.2	0.9684	4.9	0
812	2010	249	17971.2	5.1	13.6	0.9162	7.6	0
812	2010	250	4147.2	6.1	8.2	0.9308	9.9	4.5
812	2010	251	4060.8	8.1	10.8	1.1707	6.8	7.2
812	2010	252	4060.8	9.6	11.3	1.2644	5.2	7.2
812	2010	253	6048	9.3	13.7	1.2879	4.8	4.7
812	2010	254	15552	9.4	17.2	1.3426	5.1	0
812	2010	255	9504	8.8	18.3	1.3956	5.1	7.6
812	2010	256	8812.8	7.4	12.3	1.1297	6	3
812	2010	257	3801.6	8.2	11.6	1.2066	9.4	15.1
812	2010	258	9936	6.3	11.4	1.0221	8.9	5.5
812	2010	259	8121.6	3.9	11.7	0.9942	7.5	9.7
812	2010	260	6912	4.3	8.3	0.9448	6.8	2.7
812	2010	261	6307.2	3.9	8.2	0.8911	4.9	0
812	2010	262	10281.6	3.3	10.7	0.8612	6.1	0
812	2010	263	12009.6	6.5	14.4	1.0115	7	0
812	2010	264	12355.2	8.5	15.9	1.2635	4.1	0
812	2010	265	15638.4	8.6	18.3	1.2171	5.6	0
812	2010	266	12873.6	11.6	18.4	1.3966	6.4	6.4
812	2010	267	3369.6	8.1	12.1	1.2352	5.3	24.2
812	2010	268	3283.2	3.3	8.7	0.9067	5.8	0.6
812	2010	269	7862.4	1.8	9.1	0.8278	3.6	0
812	2010	270	3196.8	4.2	5.4	0.86	6.5	17.5
812	2010	271	3196.8	4.2	8.1	0.9445	4.5	1
812	2010	272	9590.4	2.1	8	0.8401	3.6	0
812	2010	273	3110.4	2.5	7.7	0.8782	5	2.7
812	2010	274	5097.6	6.7	10.9	1.1206	3.6	5.2
812	2010	275	3024	6.3	10.5	1.1017	7	2
812	2010	276	10281.6	10	17.3	1.436	7.8	0
812	2010	277	11404.8	9.2	16.8	1.3166	6.6	0
812	2010	278	4924.8	8.9	15	1.3407	5.6	0.1
812	2010	279	3801.6	9.6	13.9	1.3645	5.7	0
812	2010	280	7948.8	10.1	15.2	1.4184	5	0
812	2010	281	5011.2	8.2	10.1	1.1473	7.3	0
812	2010	282	12182.4	6.4	14.2	0.9013	7.8	0
812	2010	283	11923.2	4.5	13.6	0.6677	6.8	0
812	2010	284	11750.4	3.9	12.1	0.579	6.6	0
812	2010	285	11577.6	1.6	11.3	0.5207	4.7	0
812	2010	286	9590.4	-0.3	8.1	0.7186	5.7	0
812	2010	287	7948.8	1.1	6.7	0.6944	5.8	0.7
812	2010	288	2419.2	3.6	6.8	0.8843	4.8	13.2
812	2010	289	2419.2	0.1	4.1	0.7108	6.5	1.8
812	2010	290	2332.8	-0.2	2.5	0.664	5.3	0
812	2010	291	3715.2	-0.4	1.5	0.6359	4.7	0.9
812	2010	292	2246.4	0.8	3.6	0.7159	7.1	9
812	2010	293	3110.4	-1.2	2.7	0.6451	7.3	6.4
812	2010	294	5270.4	-2.2	1.9	0.5802	9.1	0
812	2010	295	2592	-2.2	2.6	0.5951	7	0
812	2010	296	7171.2	-0.9	5.4	0.6322	8.4	3.9
812	2010	297	3196.8	0.6	3	0.6818	8.9	1.9
812	2010	298	4579.2	0	2.9	0.6513	6.5	0
812	2010	299	4320	0.4	4.4	0.6463	5.1	0
812	2010	300	1987.2	1.3	4.8	0.6159	8.2	0.7
812	2010	301	2851.2	2.3	7.5	0.7881	6.7	0
812	2010	302	5529.6	1.2	10	0.8274	8.9	0
812	2010	303	2246.4	5.9	9.2	0.8838	6.7	0.1
812	2010	304	5961.6	5.6	9.2	0.9057	5.2	3
812	2010	305	5961.6	2.9	10.6	0.8662	5	0
812	2010	306	3369.6	2.2	6	0.8189	7.4	0.1
812	2010	307	1728	5.9	8.3	1.0083	10.2	9
812	2010	308	1728	8.3	10.2	1.1668	11.9	10.8
812	2010	309	1728	7.3	8.8	1.0758	10.3	22.7
812	2010	310	1641.6	2.7	8.6	0.9124	8	12
812	2010	311	1641.6	-1.3	3	0.6498	3.7	0.8
812	2010	312	1641.6	-1.3	0.1	0.5849	6	3.9
812	2010	313	1555.2	-0.2	3.2	0.6809	5.6	3.9
812	2010	314	1555.2	-0.7	4	0.6882	6.7	9
812	2010	315	1987.2	-0.9	4.1	0.6858	10.8	15.5
812	2010	316	1987.2	3.3	8.7	0.9161	12.3	30.5
812	2010	317	1468.8	5.9	9.6	1.054	10.7	29.8
812	2010	318	3456	5.8	10.6	1.0651	10.4	3.9
812	2010	319	1382.4	1.6	5.8	0.7802	4.9	0
812	2010	320	1382.4	-0.2	2.4	0.655	4.9	0
812	2010	321	1382.4	-1.7	-0.2	0.5701	5.3	0.2
812	2010	322	1382.4	-0.6	0.8	0.6155	3.1	1.1
812	2010	323	1296	0.3	2.4	0.6736	4.4	1.1
812	2010	324	1296	0.5	2.6	0.6765	3.4	0
812	2010	325	4406.4	-1.4	0.5	0.5913	6.8	0
812	2010	326	1296	-1.7	-0.6	0.5618	8	3.4
812	2010	327	1296	-2.7	-1.1	0.5316	8.4	12.7
812	2010	328	1209.6	-2.9	-1.3	0.5238	6.2	6.4
812	2010	329	2160	-5	-2.3	0.4667	4	0
812	2010	330	2592	-8.1	-4	0.3814	2.8	0
812	2010	331	1641.6	-8.4	-5.6	0.3546	3.1	0.2
812	2010	332	1209.6	-7.6	-5.2	0.3713	3.6	0.2
812	2010	333	1123.2	-7.9	-5.9	0.3573	5.9	4.7
812	2010	334	1123.2	-10.3	-7	0.3055	7.8	0.6
812	2010	335	1123.2	-14.1	-10.3	0.2208	11.2	1.3
812	2010	336	1123.2	-14.1	-10.6	0.2182	4.1	0.8
812	2010	337	2505.6	-11	-7.5	0.2885	4.8	0
812	2010	338	1123.2	-10.4	-5.9	0.3177	8.8	8.7
812	2010	339	1036.8	-5.9	-3.7	0.4237	8.8	11.8
812	2010	340	1036.8	-6.1	-4.5	0.3997	5.2	0
812	2010	341	1036.8	-5.4	-3.9	0.4286	5.9	0.3
812	2010	342	1036.8	-7	-0.2	0.4638	6.6	5.8
812	2010	343	1036.8	-6.9	-2.4	0.4286	9.7	24.8
812	2010	344	1036.8	-4.5	-1.3	0.4887	7.2	15.1
812	2010	345	1036.8	-1.4	0.6	0.5935	14	11.8
812	2010	346	1036.8	-9.7	-0.4	0.4158	10.3	1.8
812	2010	347	2332.8	-11.5	-7.8	0.2766	6.1	2
812	2010	348	1209.6	-9.9	-7.9	0.2996	6.1	0.1
812	2010	349	1728	-10.5	-6.2	0.3128	7.7	0
812	2010	350	1036.8	-11.8	-6.1	0.2984	7.1	9.1
812	2010	351	1036.8	-9.4	-6.5	0.3227	5.1	1.7
812	2010	352	1382.4	-10.6	-8.4	0.2828	5.2	5.6
812	2010	353	1036.8	-8.6	-1.2	0.4163	7.3	15.4
812	2010	354	1036.8	-10.1	-1.3	0.3837	6.1	1.1
812	2010	355	1036.8	-7.3	-1.7	0.4335	5	2.7
812	2010	356	1036.8	-2.5	0.5	0.568	4.1	5.6
812	2010	357	1036.8	-5.3	0.7	0.5161	5.5	1.7
812	2010	358	1036.8	-9.2	-4.8	0.3509	11.1	0.9
812	2010	359	1382.4	-12.7	-9.2	0.2494	8.1	0
812	2010	360	1036.8	-11.2	-4.4	0.3299	6.1	3.1
812	2010	361	1036.8	-5.5	-3.3	0.4367	6.2	0.7
812	2010	362	1036.8	-6.9	-4.3	0.3867	5.7	0
812	2010	363	1036.8	-5.7	-2.6	0.445	4.3	0
812	2010	364	4492.8	-6.1	-1.8	0.4518	3.7	0
812	2010	365	1036.8	-4.2	-2	0.4863	5.4	0.3
