*---------------------------------------------------------------------------*
* Station name: DEELEN-1                                
* Year: 2001
* Author: Pedro Alencar                                   -999.000: NIL VALUE
* Source: ECAD 
* Comments: 
* Longitude: 52.0667, latitude: 52.0667, altitude: 50 m.
*
* Column  Daily value
* 1       station number
* 2       year
* 3       day
* 4       irradiation                   (kJ m-2 d-1)
* 5       minimum temperature           (degrees Celsius)
* 6       maximum temperature           (degrees Celsius)
* 7       early morning vapour pressure (kPa)
* 8       mean wind speed (height: 2 m) (m s-1)
* 9       precipitation                 (mm d-1)
*
** WCCDESCRIPTION=GERMANY, DEELEN-1                                
** WCCFORMAT=2
** WCCYEARNR=2001
*---------------------------------------------------------------------------*
   52.0667  5.8831    50.  -0.18 -0.55
2563	2001	1	691.2	0.3	5.8	0.6996	6.7	15.7
2563	2001	2	2246.4	4.1	11	0.8942	6.3	1.1
2563	2001	3	2160	3.3	9.5	0.8456	5.7	7.1
2563	2001	4	864	5	8.7	0.8821	6.5	5.2
2563	2001	5	259.2	6	10.2	0.9931	6.9	20.3
2563	2001	6	1468.8	4.1	7.1	0.8456	4.5	2.6
2563	2001	7	950.4	3.5	6.1	0.7826	5	0
2563	2001	8	1468.8	1.3	5.2	0.725	4.6	1.3
2563	2001	9	2678.4	-0.7	5.5	0.6898	2.8	0.1
2563	2001	10	2073.6	-1.2	2.9	0.6108	4.1	0
2563	2001	11	4406.4	-2.8	3.5	0.5076	5.4	0
2563	2001	12	1987.2	-4.3	3.8	0.528	2.3	0
2563	2001	13	5702.4	-3.9	1.7	0.5018	3.5	0
2563	2001	14	604.8	-6.4	-0.2	0.4408	3.7	0
2563	2001	15	4924.8	-4.8	0.9	0.4449	3.9	0
2563	2001	16	5011.2	-7.6	1.3	0.4022	2.1	0
2563	2001	17	4233.6	-9.9	-0.7	0.3544	1.3	0
2563	2001	18	864	-9.8	1.3	0.4105	1.5	0
2563	2001	19	1900.8	-0.2	2.5	0.6374	1	0
2563	2001	20	1209.6	-1.2	1	0.5884	1.7	0.7
2563	2001	21	4147.2	-1.3	1.4	0.558	4.5	5.3
2563	2001	22	1728	0.1	5.2	0.7244	4.1	5.3
2563	2001	23	2592	4.7	10.8	0.9697	5.6	4
2563	2001	24	2160	3.3	12.5	0.9264	6.2	8.8
2563	2001	25	1036.8	2.7	7.4	0.8226	4.4	3.4
2563	2001	26	1728	2.2	6	0.7452	4.8	1.2
2563	2001	27	691.2	2.4	4.6	0.7222	5	12
2563	2001	28	3715.2	0.8	7.1	0.7617	3.1	0.7
2563	2001	29	5011.2	-1.2	5.7	0.6609	1.1	0
2563	2001	30	4752	-3.1	4.9	0.626	1.6	0
2563	2001	31	3974.4	-3.1	3.7	0.612	2	0
2563	2001	32	1814.4	-2.9	2.4	0.594	2.4	0.1
2563	2001	33	1036.8	-0.4	0.8	0.6199	3.1	4.1
2563	2001	34	2505.6	-1.8	0.5	0.5827	3.5	10
2563	2001	35	1641.6	-1.2	8.3	0.7878	3.2	21.7
2563	2001	36	1468.8	7.5	10.3	1.037	7.5	5.7
2563	2001	37	1814.4	8.3	12.6	1.0874	7	9.6
2563	2001	38	4406.4	8.5	11.4	1.0272	5.5	3.9
2563	2001	39	3369.6	2.1	12.2	0.8296	6	9.7
2563	2001	40	6825.6	-2.2	6.4	0.6113	2.5	1.1
2563	2001	41	7603.2	-3.5	7.1	0.5774	3.5	0.7
2563	2001	42	1555.2	4.3	11.7	0.922	6.9	0.3
2563	2001	43	2937.6	6.1	12.8	1.0288	6.3	3.1
2563	2001	44	6912	-1.1	9.4	0.7067	4.2	0
2563	2001	45	6825.6	0.3	8.1	0.7587	2.6	2.3
2563	2001	46	8726.4	-0.7	13.1	0.7298	2	0
2563	2001	47	6220.8	-1.6	6.1	0.6681	2.8	9
2563	2001	48	1814.4	0.3	4.6	0.6486	3.7	0
2563	2001	49	4838.4	1.7	7.3	0.7074	2.6	0
2563	2001	50	4060.8	2	7.1	0.7606	3.5	1.1
2563	2001	51	5270.4	2.1	8.1	0.7728	4.2	0
2563	2001	52	2937.6	2.4	8.7	0.8336	4	1.8
2563	2001	53	5529.6	0.9	8.4	0.7404	5.1	4.5
2563	2001	54	8467.2	-0.4	5.8	0.6305	3.1	1.9
2563	2001	55	10022.4	-4.9	2.4	0.4238	3.7	1.4
2563	2001	56	7862.4	-3.4	3.4	0.5499	4.5	3.2
2563	2001	57	6652.8	-0.4	4.4	0.6069	3.8	0.1
2563	2001	58	8640	-1.5	4.7	0.4801	5.3	0
2563	2001	59	8467.2	0.5	7.5	0.5773	2.5	0
2563	2001	60	1641.6	0.5	2.7	0.6446	1.6	9.1
2563	2001	61	6739.2	-2.1	4.2	0.5801	3.2	0
2563	2001	62	3542.4	-3	0.1	0.4341	4.3	0
2563	2001	63	3628.8	-1.4	3.1	0.5458	4.1	0
2563	2001	64	4320	-0.9	4.1	0.5212	2.5	0
2563	2001	65	12700.8	-1.9	9.3	0.5653	5	0
2563	2001	66	5961.6	1.9	11.9	0.8652	4	3.2
2563	2001	67	2764.8	6.2	11.3	1.0378	4.6	1.6
2563	2001	68	2937.6	7.3	11	1.0546	5.1	0.5
2563	2001	69	2592	8.7	11.4	1.1572	4.8	5.4
2563	2001	70	3801.6	9.4	13.1	1.2401	5	5.4
2563	2001	71	9936	4	12.8	0.8593	5.3	3
2563	2001	72	3456	2.6	7.9	0.7987	5.4	2.6
2563	2001	73	6566.4	-0.3	9.5	0.7039	4.7	0
2563	2001	74	7603.2	-0.9	10.7	0.7534	1.8	0.3
2563	2001	75	6480	4.4	9.7	0.8641	3.5	0.6
2563	2001	76	1641.6	2.2	4.6	0.7015	5.3	0.2
2563	2001	77	2505.6	1.9	5.5	0.7723	2.5	16.2
2563	2001	78	6739.2	-2.9	4.4	0.5483	5.3	4.1
2563	2001	79	11232	-4.7	6.5	0.4695	3.1	0
2563	2001	80	2851.2	-0.4	1.2	0.5472	5	7.2
2563	2001	81	4060.8	0.6	3.8	0.6801	2.1	0
2563	2001	82	1468.8	3.4	10.2	0.9581	4.9	12.3
2563	2001	83	8380.8	2.8	7.4	0.8343	3.9	0
2563	2001	84	2764.8	1.3	3	0.6348	6.2	0
2563	2001	85	6393.6	0	4.6	0.5696	3.7	0
2563	2001	86	7344	0.3	5.6	0.5587	6	0
2563	2001	87	8467.2	1.6	12.9	0.8047	6.4	3.6
2563	2001	88	3283.2	4.2	7.8	0.888	3	10.5
2563	2001	89	5702.4	2	9.6	0.8482	2.6	0
2563	2001	90	7862.4	2.5	13.3	0.8412	5.2	0
2563	2001	91	6220.8	6.5	14.9	1.1057	3.6	0
2563	2001	92	18835.2	8.5	21.7	1.097	3.8	0
2563	2001	93	12700.8	9.1	15.5	1.0289	5.6	0
2563	2001	94	5529.6	5.6	12.9	0.9217	6.8	3.3
2563	2001	95	11318.4	4.2	11.6	0.8519	7	9.7
2563	2001	96	7171.2	7.4	13.1	1.1104	6.2	8.1
2563	2001	97	14169.6	2.8	12.9	0.8384	4.7	1.6
2563	2001	98	10195.2	1.4	11.8	0.8184	3	0.4
2563	2001	99	5529.6	3.7	10	0.8524	3.4	0
2563	2001	100	9331.2	6.3	12.9	1.0273	3.7	0.8
2563	2001	101	8467.2	3.5	12.3	0.8625	4.6	0.1
2563	2001	102	14601.6	-1.7	9.4	0.6437	3.8	0.7
2563	2001	103	11750.4	-3.1	7.4	0.4351	4.3	0
2563	2001	104	12182.4	-6.3	5.7	0.4603	3.4	7.6
2563	2001	105	5788.8	2.1	9.3	0.8606	4.7	9.8
2563	2001	106	9763.2	4.4	9.8	0.8873	4.3	3
2563	2001	107	7171.2	2	8.9	0.7019	4	0.4
2563	2001	108	13996.8	0	8.6	0.7059	6	5.1
2563	2001	109	14515.2	-0.6	7.6	0.683	4.2	3.6
2563	2001	110	13564.8	-1.1	8.7	0.6976	2.6	1.3
2563	2001	111	18403.2	0	11.4	0.6867	3.9	0
2563	2001	112	20563.2	-2.6	12.6	0.5669	1.8	0
2563	2001	113	12614.4	2.3	12.9	0.6469	1.8	0
2563	2001	114	15465.6	5.1	16.3	0.8485	4.3	1.5
2563	2001	115	6912	7.5	14	1.148	3.6	5
2563	2001	116	10540.8	7.7	13.9	1.0613	5.5	2.6
2563	2001	117	11836.8	7.1	13.3	1.0197	3.3	3.6
2563	2001	118	10368	7.1	14.2	1.0507	4.8	4.1
2563	2001	119	16848	7.7	16.7	1.0648	4.5	0.6
2563	2001	120	18921.6	9.3	19.8	1.2905	3.3	0.8
2563	2001	121	14083.2	7.2	14.8	0.9968	6.5	0
2563	2001	122	22723.2	6	21.2	0.9801	5.6	0
2563	2001	123	15552	8.3	22.2	1.2807	2.9	1.5
2563	2001	124	5443.2	5.1	10.3	0.8719	4.3	1.6
2563	2001	125	24624	4.1	12.8	0.7517	6.6	0
2563	2001	126	16243.2	4.4	15.5	0.8438	5.6	0
2563	2001	127	23587.2	6.4	16.9	0.9037	5.8	0
2563	2001	128	19094.4	4.6	16.9	0.9158	3.4	0
2563	2001	129	23155.2	9.7	24.1	1.2689	4.4	0
2563	2001	130	26179.2	12.2	25.5	1.0649	4.9	0
2563	2001	131	26697.6	9.8	26	1.0444	3.9	0
2563	2001	132	26956.8	11.7	24.7	1.106	3.8	0
2563	2001	133	25833.6	12.4	25.2	1.0833	3.1	0
2563	2001	134	16243.2	11.3	24.6	1.6229	2.6	27.8
2563	2001	135	19785.6	10.2	19.1	1.2655	4	0.5
2563	2001	136	14860.8	9.9	18.2	1.2815	6.3	4.5
2563	2001	137	16934.4	10	17.5	1.1154	7.3	3.2
2563	2001	138	9504	9.1	14.9	1.177	4.9	1.7
2563	2001	139	19008	5.4	16.5	0.9935	3.2	0
2563	2001	140	20563.2	2.8	18.1	0.9483	2.7	0
2563	2001	141	25401.6	7.4	17.1	0.9828	4.7	0
2563	2001	142	28512	6	20.3	0.982	4.6	0
2563	2001	143	28771.2	8.6	23.7	1.0633	4	0
2563	2001	144	28857.6	9.7	23.2	1.1585	3.9	0
2563	2001	145	29548.8	6.6	23.1	0.9277	3	0
2563	2001	146	22809.6	10.9	24.6	1.1157	2.6	0
2563	2001	147	9331.2	10.5	18.8	1.3655	3.8	0.4
2563	2001	148	9417.6	15.4	22.5	1.7933	5.3	1.1
2563	2001	149	27820.8	9	21	1.1581	5.3	0
2563	2001	150	16156.8	7.4	21.4	1.0651	2	0
2563	2001	151	21081.6	7.4	18.1	1.1333	4.5	2.2
2563	2001	152	14688	6.3	18.3	1.1433	3.9	2.8
2563	2001	153	8035.2	5.7	15.1	1.1594	5	14.2
2563	2001	154	13219.2	5.3	11.7	0.8984	5.3	7
2563	2001	155	8640	6.1	14.8	0.9862	3.5	0
2563	2001	156	20217.6	7.5	20.5	1.1177	2.6	0
2563	2001	157	18921.6	11	20.2	1.3629	3.7	5.3
2563	2001	158	17452.8	10.2	16.2	1.0459	5.6	1.6
2563	2001	159	22723.2	4.2	17.6	0.8729	3.3	0
2563	2001	160	22204.8	1.5	16.6	0.7713	1.3	0
2563	2001	161	16070.4	5.1	17.3	0.8905	1.9	1
2563	2001	162	23155.2	6.1	17.2	0.9447	3.5	0
2563	2001	163	11491.2	10.9	17.9	1.147	2.2	0
2563	2001	164	20476.8	6.2	19.5	1.0519	1.7	0
2563	2001	165	26870.4	9.5	21.3	1.0485	2.5	0
2563	2001	166	18489.6	12.8	24.3	1.3864	4	0.2
2563	2001	167	20649.6	11.5	21.3	1.4528	2.9	1.6
2563	2001	168	12009.6	12.9	19.6	1.5497	3.6	0.6
2563	2001	169	12182.4	10.6	18.3	1.2658	4.7	0
2563	2001	170	22982.4	5.8	19	0.9494	2.3	0
2563	2001	171	23068.8	7.4	23.1	1.0903	3.2	0
2563	2001	172	19699.2	8.3	19.6	1.0822	3.8	0
2563	2001	173	11923.2	10.1	18	1.2495	4.3	1.3
2563	2001	174	19612.8	6.1	20.7	1.121	1.3	0
2563	2001	175	22982.4	10.8	25.3	1.385	2.3	0
2563	2001	176	29548.8	11.5	25.3	1.3101	3.8	0
2563	2001	177	28512	12.1	28.7	1.3637	4.2	0
2563	2001	178	13824	16.9	26	1.8373	3.8	0.5
2563	2001	179	24192	14.6	25	1.6138	4	0.1
2563	2001	180	17971.2	13.6	24.4	1.5575	3.3	0
2563	2001	181	14774.4	14.6	24	1.7434	2.6	11.9
2563	2001	182	21859.2	12.8	22.5	1.4313	3.7	0
2563	2001	183	12614.4	10.5	22.2	1.4296	2	0
2563	2001	184	28080	13.9	24.4	1.5279	3.9	0
2563	2001	185	29376	14.3	28.2	1.336	5.5	0
2563	2001	186	28512	17.7	31.9	1.6242	4.2	0
2563	2001	187	22118.4	20	31.2	1.7688	3.4	0
2563	2001	188	17539.2	16.4	27.1	1.8972	4.8	0.2
2563	2001	189	3110.4	16.6	17.8	1.8615	5.4	6.4
2563	2001	190	11491.2	12.6	22.4	1.6574	3.5	0.6
2563	2001	191	16329.6	13.6	25	1.7657	4.9	3.8
2563	2001	192	17798.4	13.6	20.3	1.408	8.3	2.9
2563	2001	193	11750.4	12.4	19.5	1.448	5.4	8.2
2563	2001	194	15897.6	11.4	19.9	1.314	4.5	0
2563	2001	195	5702.4	11.2	16.3	1.4139	2.3	10.6
2563	2001	196	18662.4	10.4	20.5	1.4024	2.9	0
2563	2001	197	15292.8	8.4	19.8	1.1732	1.9	0
2563	2001	198	17971.2	8.2	22.1	1.2725	3.5	5.5
2563	2001	199	12528	13.5	19.6	1.6172	5.1	19.7
2563	2001	200	10108.8	12.1	18.4	1.5749	4.2	10.1
2563	2001	201	10281.6	8.6	18.3	1.3712	3.5	3.4
2563	2001	202	9849.6	8.6	18.6	1.3535	3.9	0.3
2563	2001	203	15984	15.7	24.1	1.8094	2.8	0
2563	2001	204	12700.8	14.7	23.5	1.9425	1.5	6.3
2563	2001	205	24710.4	12.6	25.7	1.7715	2.1	0
2563	2001	206	24451.2	11.9	26.2	1.5624	1.9	0
2563	2001	207	25228.8	14.9	27.5	1.6335	3	0
2563	2001	208	19612.8	16.8	29.9	1.9186	2.9	5.8
2563	2001	209	23155.2	14.3	25.9	1.8789	3.2	0
2563	2001	210	24451.2	11.7	26.9	1.721	1.4	0
2563	2001	211	21427.2	15.7	27.2	1.8883	3.2	0
2563	2001	212	17193.6	13	26	1.6973	3.9	0
2563	2001	213	20131.2	12.6	22.2	1.4089	3.1	0
2563	2001	214	18835.2	12.2	28	1.7145	3.3	19.1
2563	2001	215	11404.8	15.4	22.3	1.8691	3.8	0.4
2563	2001	216	12700.8	13	20.7	1.5524	3.6	2.8
2563	2001	217	15120	11.2	20.3	1.4653	4.4	3.5
2563	2001	218	13219.2	11.3	21	1.5582	4	1.3
2563	2001	219	12355.2	16.2	21.9	1.9145	5.5	22.1
2563	2001	220	14515.2	13.3	20.9	1.6161	6.3	6.5
2563	2001	221	10713.6	11.6	18.7	1.5649	3	10.7
2563	2001	222	12873.6	10.3	17.9	1.4142	2.7	1.2
2563	2001	223	16761.6	8.9	21.5	1.3111	3.5	0
2563	2001	224	6307.2	14.4	19	1.4998	4.9	4
2563	2001	225	4492.8	16.1	20.3	1.8781	4.6	0
2563	2001	226	23068.8	15.4	28.2	1.9552	2.5	0
2563	2001	227	21254.4	18.8	31.8	2.1559	2.7	0
2563	2001	228	10454.4	13	23.1	1.7365	4	45.3
2563	2001	229	22550.4	11.1	23.7	1.4684	2.5	0
2563	2001	230	12787.2	14.5	25.6	1.8731	4.3	4.8
2563	2001	231	16848	15.6	24.1	1.7113	4.6	0
2563	2001	232	12960	13.8	23.1	1.7169	2.8	0
2563	2001	233	19008	10.9	25.1	1.6074	2.2	0
2563	2001	234	19526.4	15.9	27.9	1.9147	2	0
2563	2001	235	17625.6	18.6	28.4	1.9071	2.3	0
2563	2001	236	16761.6	17.1	29.8	2.1031	1.5	0
2563	2001	237	19872	17.5	31.1	1.9706	2	0
2563	2001	238	14169.6	18.6	30.9	2.2422	3.2	8.8
2563	2001	239	19612.8	9.5	20.9	1.3456	4.3	9.9
2563	2001	240	14428.8	7.4	19.5	1.2325	2.4	0
2563	2001	241	20217.6	6.5	21	1.2097	2.4	0
2563	2001	242	10454.4	11.9	20.4	1.4116	2.4	0
2563	2001	243	12528	12.6	20.2	1.5646	2.8	0
2563	2001	244	10454.4	9.4	20.2	1.4628	2.5	0.4
2563	2001	245	4147.2	9.5	17	1.4447	4.1	1.9
2563	2001	246	4579.2	12.9	17	1.5788	3.3	5.9
2563	2001	247	11232	11.8	17.2	1.4677	4.3	30.3
2563	2001	248	10886.4	12.2	17.5	1.4169	3.8	20.4
2563	2001	249	9244.8	10.7	19.7	1.5009	2.4	0.7
2563	2001	250	6652.8	12	18.5	1.523	5.1	1.9
2563	2001	251	12268.8	8.1	16.2	1.1886	5.9	15.5
2563	2001	252	13046.4	8.4	15.6	1.1349	5.5	2.1
2563	2001	253	10972.8	10.5	16.1	1.2511	5.8	2.9
2563	2001	254	7689.6	9.3	16.3	1.2109	4.5	1.2
2563	2001	255	6912	12.2	16.9	1.4725	3.8	6.2
2563	2001	256	11145.6	10.1	16.9	1.3447	4.1	6.4
2563	2001	257	7430.4	8.6	16.2	1.2946	2.3	1.9
2563	2001	258	10454.4	9.1	16.9	1.3166	5.1	7.2
2563	2001	259	12182.4	7.4	15.2	1.2175	3.4	6.7
2563	2001	260	5616	5.1	14.1	1.1348	2.7	24.9
2563	2001	261	8294.4	8.1	13.8	1.2026	2.2	0
2563	2001	262	4924.8	9.9	14.6	1.2535	7	11.3
2563	2001	263	3801.6	10.7	14.3	1.3611	2.8	0.2
2563	2001	264	11577.6	6.8	17.3	1.209	4.3	0.6
2563	2001	265	9763.2	6.9	16.6	1.2129	4	6
2563	2001	266	4838.4	11.4	14	1.379	3.5	0.5
2563	2001	267	8812.8	10.5	17.1	1.3712	3.1	0
2563	2001	268	10368	8.1	17	1.3074	1.5	0
2563	2001	269	9417.6	6.8	17.3	1.2652	2.1	2.1
2563	2001	270	5961.6	12.3	17.8	1.589	4.1	6.1
2563	2001	271	12873.6	12.7	21	1.6291	3	0
2563	2001	272	9849.6	11.1	19.5	1.5105	3.1	2.3
2563	2001	273	7948.8	14.7	18.2	1.663	4.3	1.8
2563	2001	274	3196.8	14.4	18	1.6368	6.9	7.9
2563	2001	275	1900.8	14.5	20.9	1.8605	5.8	21.3
2563	2001	276	8553.6	12.3	18.1	1.5181	4.3	0.6
2563	2001	277	6220.8	10.8	17.1	1.4165	4.5	0.4
2563	2001	278	10886.4	10.5	18.3	1.3928	3.3	0
2563	2001	279	7862.4	10.5	20.2	1.5328	3.7	12.6
2563	2001	280	7948.8	13.2	17.8	1.5124	5.1	0
2563	2001	281	6393.6	12.1	16.9	1.2863	7.3	0.3
2563	2001	282	4838.4	12.2	16.2	1.3263	6.7	0.2
2563	2001	283	9331.2	11.6	17	1.3512	6.2	0
2563	2001	284	2419.2	12.3	16.5	1.4091	4.7	0
2563	2001	285	10454.4	10.1	20.1	1.4227	2.8	0
2563	2001	286	8467.2	12.2	22.5	1.6616	2.1	0
2563	2001	287	7689.6	14.1	21.7	1.7816	3.2	0.2
2563	2001	288	8208	13.9	21.7	1.7298	3.8	0
2563	2001	289	10368	7.4	18	1.1883	2.2	0
2563	2001	290	7171.2	9.4	19.4	1.4091	3.6	0
2563	2001	291	7084.8	11.3	20	1.5803	3.3	1.7
2563	2001	292	5529.6	13.8	19.6	1.7086	2.8	0.2
2563	2001	293	7776	12.8	20.6	1.3859	4.2	0
2563	2001	294	3110.4	12.6	15.3	1.3687	4.2	0.2
2563	2001	295	2073.6	8.6	15.3	1.229	4	0
2563	2001	296	1987.2	8.6	13.7	1.2584	3.5	8.9
2563	2001	297	3456	9.8	14.2	1.3311	3.3	2.2
2563	2001	298	4579.2	11.1	16.4	1.461	3.2	0
2563	2001	299	6480	10.3	15.5	1.3229	5.1	0
2563	2001	300	4579.2	9.2	15.7	1.3133	4.3	1.8
2563	2001	301	5616	6.1	16	1.2106	3.1	0
2563	2001	302	3110.4	6.1	14.3	1.144	5.4	0
2563	2001	303	6652.8	12	18.6	1.3543	6.7	0
2563	2001	304	4320	5.8	15.3	1.0947	6.3	4.9
2563	2001	305	6825.6	2.6	12.9	0.9065	2.9	0
2563	2001	306	5356.8	3.6	13.7	1.0084	2.1	0
2563	2001	307	2851.2	8.4	12.7	1.1456	2.6	0
2563	2001	308	1728	6.9	10.9	1.0142	3	0.1
2563	2001	309	5529.6	2.4	11.3	0.8226	3.1	0
2563	2001	310	2073.6	7.3	12.3	1.0654	5.7	3.3
2563	2001	311	1814.4	7.5	10.4	1.0748	3.5	15.8
2563	2001	312	3196.8	1	9.7	0.8578	5.1	6.6
2563	2001	313	5356.8	-3.3	6.9	0.6748	2.6	2.7
2563	2001	314	6912	-3.2	5.5	0.5511	3	0
2563	2001	315	2160	1.2	7.2	0.7669	3.1	0.4
2563	2001	316	950.4	7.1	11	1.1396	2.9	3
2563	2001	317	3110.4	0.4	7.4	0.7429	3.1	0
2563	2001	318	5097.6	-2.3	7.6	0.6578	2.8	0
2563	2001	319	6220.8	-4.5	4.7	0.5785	1.6	0
2563	2001	320	1728	2.5	10.3	0.9513	1.2	1.6
2563	2001	321	1641.6	5.2	9.4	1.0222	1	0.3
2563	2001	322	2419.2	4.7	9	0.9713	1.5	0
2563	2001	323	1296	4.3	8.7	0.9676	1.1	0
2563	2001	324	1209.6	5.9	8.4	0.9915	2.2	0.1
2563	2001	325	1728	6.9	9.8	0.9552	7.5	1.3
2563	2001	326	1036.8	0.7	10.6	0.812	5.7	13.8
2563	2001	327	3024	0.1	6.3	0.6994	3	1
2563	2001	328	518.4	3.8	8.8	0.9448	2.6	4.1
2563	2001	329	1123.2	8.5	11.2	1.2026	3.7	4.5
2563	2001	330	2851.2	-1.2	8.5	0.7616	1.7	1.3
2563	2001	331	4492.8	-2.2	6.7	0.6825	3.5	2.9
2563	2001	332	3283.2	2.2	8.7	0.8368	3.2	1
2563	2001	333	432	5.1	10.4	1.0224	5.4	16.9
2563	2001	334	691.2	10.1	12.5	1.3379	3.3	10.8
2563	2001	335	604.8	5.6	12.9	1.1551	4.3	6.1
2563	2001	336	1123.2	3.2	8.4	0.9219	2.1	0.5
2563	2001	337	864	7.3	9.5	1.1017	2	2.5
2563	2001	338	518.4	6.2	9.9	1.0005	5.3	5.5
2563	2001	339	2246.4	4.1	11.2	0.9736	5.5	4.4
2563	2001	340	2851.2	-1.4	9.8	0.7422	4.2	0.3
2563	2001	341	3801.6	-2.4	7.9	0.7072	1.2	0
2563	2001	342	3715.2	-0.5	5.8	0.6874	2.4	0
2563	2001	343	4147.2	-1.7	2.2	0.5724	2.6	0
2563	2001	344	2937.6	-2.6	5.1	0.6019	0.8	0
2563	2001	345	1123.2	0.7	6.3	0.7772	1.4	0
2563	2001	346	864	2.2	5.5	0.8046	3.3	0
2563	2001	347	1555.2	-4.2	3.9	0.5137	4.3	0
2563	2001	348	3110.4	-7.3	-1.8	0.3315	3	0
2563	2001	349	1036.8	-5.8	0.9	0.4441	2.6	0.2
2563	2001	350	3369.6	-6.5	0.9	0.4625	3.2	0
2563	2001	351	2160	-6.2	3.7	0.5521	1.4	0.4
2563	2001	352	777.6	-0.2	4.4	0.7108	1.2	0
2563	2001	353	604.8	1.8	5.5	0.7696	3.8	5.7
2563	2001	354	3542.4	-2.8	2	0.5401	3	0.4
2563	2001	355	259.2	0	6.3	0.7275	6.3	23.4
2563	2001	356	2332.8	-3.3	2.4	0.5736	3.5	1.2
2563	2001	357	3974.4	-8.9	-1.1	0.3668	3	0
2563	2001	358	259.2	-2.8	6.8	0.6704	8.6	6
2563	2001	359	2073.6	1	7.1	0.7507	5.4	10.8
2563	2001	360	2246.4	-0.8	2.1	0.6213	3.8	2.5
2563	2001	361	518.4	-1.3	6.5	0.7365	6.8	12.6
2563	2001	362	1555.2	2.1	7.5	0.7224	9.5	6.1
2563	2001	363	1123.2	-3.7	2.9	0.5816	3.1	5.3
2563	2001	364	1468.8	-8.7	2.4	0.4797	3.2	5
2563	2001	365	4406.4	-10.4	2	0.4434	2	0.2
