*---------------------------------------------------------------------------*
* Station name: DEELEN-1                                
* Year: 2018
* Author: Pedro Alencar                                   -999.000: NIL VALUE
* Source: ECAD 
* Comments: 
* Longitude: 52.0667, latitude: 52.0667, altitude: 50 m.
*
* Column  Daily value
* 1       station number
* 2       year
* 3       day
* 4       irradiation                   (kJ m-2 d-1)
* 5       minimum temperature           (degrees Celsius)
* 6       maximum temperature           (degrees Celsius)
* 7       early morning vapour pressure (kPa)
* 8       mean wind speed (height: 2 m) (m s-1)
* 9       precipitation                 (mm d-1)
*
** WCCDESCRIPTION=GERMANY, DEELEN-1                                
** WCCFORMAT=2
** WCCYEARNR=2018
*---------------------------------------------------------------------------*
   52.0667  5.8831    50.  -0.18 -0.55
2563	2018	1	2246.4	4.6	8.7	0.8505	5.9	7.9
2563	2018	2	1987.2	2.8	8.3	0.8336	5	5.4
2563	2018	3	518.4	5.4	11.2	0.8972	9.3	16.7
2563	2018	4	1123.2	6.2	10.5	0.9552	6.6	1.7
2563	2018	5	1382.4	4	8.3	0.85	4.5	4.9
2563	2018	6	1900.8	1.3	6.1	0.7404	3.2	0
2563	2018	7	3456	-1.5	2.3	0.5221	6.9	0
2563	2018	8	3801.6	-1.8	3.8	0.5123	5.3	0
2563	2018	9	2160	-0.7	6.2	0.67	3.3	0
2563	2018	10	777.6	5.7	7.3	0.9095	2.8	3.3
2563	2018	11	2332.8	0.4	8.7	0.8113	1.5	0.1
2563	2018	12	950.4	2.7	5	0.7805	1.3	0
2563	2018	13	1036.8	3.3	5.7	0.7495	2.7	0
2563	2018	14	2851.2	0.9	5	0.6116	4.1	0
2563	2018	15	777.6	1.4	7.4	0.7443	6.8	10.7
2563	2018	16	3628.8	1.6	6.4	0.6993	5.6	5.3
2563	2018	17	2678.4	0.8	5.2	0.6365	5.5	3.9
2563	2018	18	1468.8	-0.6	9.6	0.7411	7.1	7.5
2563	2018	19	3024	0.6	5.5	0.7072	3.6	8.3
2563	2018	20	1209.6	0.4	3.3	0.6702	3.2	1.4
2563	2018	21	4752	-1.7	5.7	0.6422	2.7	1.4
2563	2018	22	2160	1.4	8	0.8028	3.6	1.4
2563	2018	23	2246.4	3.1	10.3	0.8829	5.5	2.6
2563	2018	24	1036.8	7.2	13.6	1.0838	7.7	2.8
2563	2018	25	1728	5.3	8.7	0.9113	3.9	0.3
2563	2018	26	2246.4	2.3	7	0.817	1.8	0
2563	2018	27	2678.4	1.5	6.5	0.6993	5.1	1.6
2563	2018	28	2246.4	5.7	10.5	1.0039	6.6	0.5
2563	2018	29	1555.2	2.3	10.3	0.8303	7.1	6.5
2563	2018	30	4665.6	0.2	6.7	0.7197	2.8	0
2563	2018	31	864	1.4	9.2	0.8282	5.9	10.5
2563	2018	32	1728	0.5	3.8	0.6562	4.6	4.7
2563	2018	33	3196.8	-1.2	6.4	0.6702	3.8	7.7
2563	2018	34	2678.4	-1.3	4.7	0.6424	2.8	0.2
2563	2018	35	3888	-1.1	2.8	0.5328	4.6	0.1
2563	2018	36	3801.6	-2.8	3.3	0.5164	4.2	0
2563	2018	37	6739.2	-5.1	1	0.4206	3.5	0
2563	2018	38	8294.4	-8.1	1.8	0.3634	2.5	0
2563	2018	39	7948.8	-9.1	4.1	0.4068	2.1	0
2563	2018	40	4579.2	-2.4	2.4	0.4766	4.7	0
2563	2018	41	3369.6	0.4	5.6	0.6744	3.2	0.4
2563	2018	42	4406.4	0.6	7.8	0.7174	6.3	11
2563	2018	43	7171.2	-0.8	5.4	0.6056	3.8	1.5
2563	2018	44	8467.2	-1.1	6	0.532	4.7	0
2563	2018	45	8726.4	-2.7	4.9	0.4102	5.9	0
2563	2018	46	1900.8	-1.4	8.1	0.7224	4.5	4.2
2563	2018	47	8121.6	-3.5	8.2	0.6222	2.7	0
2563	2018	48	6912	-3.4	6.9	0.5407	2.1	0
2563	2018	49	9072	-4	7.3	0.5644	2	0
2563	2018	50	4147.2	-1.9	4.2	0.5378	1.9	0
2563	2018	51	6134.4	-5.2	5.7	0.504	2.8	0
2563	2018	52	9849.6	-5.3	4.9	0.4697	3	0
2563	2018	53	10281.6	-3.7	4.4	0.47	4.6	0
2563	2018	54	11059.2	-3.6	3.2	0.4336	4.8	0
2563	2018	55	10281.6	-3.9	3.2	0.3336	5.8	0
2563	2018	56	11145.6	-5.5	1	0.3056	5.5	0
2563	2018	57	8121.6	-6.6	0.3	0.3392	5.4	0
2563	2018	58	11404.8	-8.4	0.6	0.3481	3.7	0.1
2563	2018	59	7948.8	-8.8	-4.3	0.2584	6.2	0
2563	2018	60	9676.8	-8.8	-1.1	0.2158	8.4	0
2563	2018	61	9936	-8.2	-0.8	0.2321	7.1	0
2563	2018	62	5011.2	-5.4	0.7	0.3291	4.5	0
2563	2018	63	9331.2	-2.9	11.4	0.6372	4.3	1.9
2563	2018	64	10368	3.3	12	0.8166	4.2	0
2563	2018	65	7344	-0.8	12	0.7274	2.2	0
2563	2018	66	7603.2	-2.8	11	0.7206	2.6	2.5
2563	2018	67	3974.4	1.3	7.6	0.7301	5.9	5
2563	2018	68	9590.4	1.2	9.6	0.7532	3.6	2.9
2563	2018	69	6739.2	6.6	14.9	1.148	3.9	4.7
2563	2018	70	4406.4	7.5	14.1	1.1519	3.5	0.2
2563	2018	71	8294.4	7.1	15.1	1.1354	3.2	3.1
2563	2018	72	3196.8	3.1	8.6	0.8789	3.8	5.7
2563	2018	73	12700.8	-1.5	10.8	0.6808	3	0
2563	2018	74	8812.8	1.6	10.4	0.673	5.3	2
2563	2018	75	3628.8	-0.6	5.7	0.6458	5.7	3
2563	2018	76	6393.6	-3.4	-0.6	0.3061	9.1	0
2563	2018	77	10022.4	-3.8	1.2	0.2445	7.9	0
2563	2018	78	16588.8	-4.6	4.5	0.2618	5.9	0
2563	2018	79	16761.6	-3.7	9.3	0.4707	5.3	0.1
2563	2018	80	8380.8	-0.9	7.6	0.6136	2.6	0
2563	2018	81	5097.6	1.6	9	0.7925	4	2.7
2563	2018	82	4492.8	4.6	6.8	0.7599	4	0
2563	2018	83	11577.6	0.3	12	0.6706	2.5	0
2563	2018	84	11577.6	-2.1	12.4	0.6345	2.3	0
2563	2018	85	10627.2	0	10.9	0.8008	1.4	3.2
2563	2018	86	7171.2	0.5	9.6	0.7614	3.1	1.1
2563	2018	87	3456	2.4	8.1	0.8253	2.7	14.5
2563	2018	88	10108.8	3.1	10	0.767	3.5	0
2563	2018	89	15033.6	4.3	14.5	0.8368	4.2	4.9
2563	2018	90	13392	1.6	13.3	0.8262	2.2	4.9
2563	2018	91	6739.2	-0.8	8.8	0.7074	2	0.4
2563	2018	92	8553.6	-0.9	12.4	0.7258	3.9	1.8
2563	2018	93	13305.6	8.9	17.5	1.1368	6.4	0.1
2563	2018	94	7776	6.6	14.3	1.0748	4	5
2563	2018	95	9072	-1.7	9.2	0.6312	5.1	1.9
2563	2018	96	19353.6	-1.6	15.8	0.5344	5.3	0
2563	2018	97	16761.6	8.2	22.2	0.9488	4.5	0
2563	2018	98	15897.6	5.6	23.8	1.0859	1.4	0
2563	2018	99	10972.8	9.3	18.3	1.1506	4.2	0
2563	2018	100	13910.4	11.9	21.7	1.28	3.2	0
2563	2018	101	12528	6.5	18.6	1.1622	2.6	1.4
2563	2018	102	8726.4	7.2	16	1.1463	3.9	0
2563	2018	103	9676.8	2.5	16.2	0.9867	2	0
2563	2018	104	12268.8	4.3	16.7	0.9642	2.1	2.2
2563	2018	105	11232	8.9	17.5	1.2429	2.2	3.6
2563	2018	106	18576	2.8	17.1	0.9172	2.8	0
2563	2018	107	20476.8	2.2	21.3	0.9372	2.9	0
2563	2018	108	21427.2	5	24.8	0.9476	2.3	0
2563	2018	109	22032	10.3	28.8	1.0215	3.4	0
2563	2018	110	21686.4	9.7	27.3	1.1907	2.8	0
2563	2018	111	20908.8	6.9	22.2	1.0423	2.3	0
2563	2018	112	18489.6	10.3	27.5	1.4171	2.7	3.1
2563	2018	113	16848	7.3	17.1	0.9938	4.3	0
2563	2018	114	6393.6	8.7	14.7	1.0578	5.4	0.2
2563	2018	115	9676.8	7.4	14.3	0.9739	5.5	3.7
2563	2018	116	17280	3.2	14.6	0.8205	4.8	6.1
2563	2018	117	13132.8	2.6	16.4	0.7712	2.5	0
2563	2018	118	9072	7.2	15.6	1.0101	3.5	0.2
2563	2018	119	6393.6	3.2	14.6	1.0484	3.9	7.1
2563	2018	120	6825.6	5.4	13.7	1.0358	5.6	20.9
2563	2018	121	15465.6	5	12.5	0.7784	5.9	4.9
2563	2018	122	22982.4	3.7	17.3	0.7992	4.8	0
2563	2018	123	23673.6	2.7	16.2	0.7805	2.8	0
2563	2018	124	25747.2	2.8	18.9	0.7921	2.8	0
2563	2018	125	26179.2	6.7	22.6	0.8659	3.4	0
2563	2018	126	27043.2	9.9	26	0.9039	3.3	0
2563	2018	127	27043.2	12.3	26	1.1072	3	0
2563	2018	128	26611.2	13.3	27.5	1.0766	3.1	0
2563	2018	129	25056	11.3	28.2	1.2871	3.1	0
2563	2018	130	12096	5	17	1.0623	3.5	1.2
2563	2018	131	22636.8	1.4	19.8	0.8429	2.2	0
2563	2018	132	22464	10	24.2	1.0515	2.8	0
2563	2018	133	7516.8	11.9	17.5	1.4367	3.4	3.8
2563	2018	134	24537.6	11.8	26.9	1.5246	4.4	0
2563	2018	135	25920	12.3	24.9	1.1126	3.5	0
2563	2018	136	17020.8	8.1	22.9	1.2311	5.1	0.4
2563	2018	137	27561.6	3.7	16.1	0.8166	5.2	0
2563	2018	138	18576	1.9	15.4	0.7955	2.7	0
2563	2018	139	6307.2	4.6	13.5	1.0475	1.4	1.3
2563	2018	140	26611.2	2.1	24.5	0.9307	2.8	0
2563	2018	141	26870.4	11.4	25.9	1.0088	4.3	0
2563	2018	142	17625.6	13.5	26.1	1.6138	2.5	4.7
2563	2018	143	16675.2	14.2	25.7	1.5591	3.7	0
2563	2018	144	13392	13.5	22.9	1.3981	4.2	0.2
2563	2018	145	18921.6	15	25.5	1.7542	2.5	0
2563	2018	146	24796.8	15.6	29.1	1.5365	3.6	0
2563	2018	147	17020.8	16.9	28	1.7357	3.1	0.1
2563	2018	148	25747.2	15.3	30.5	1.6443	3.2	0
2563	2018	149	18662.4	17.8	31.2	2.3624	3.3	30.1
2563	2018	150	24796.8	16	27.4	1.9174	1.9	0
2563	2018	151	17539.2	15.7	26.4	1.9671	2.1	0
2563	2018	152	11059.2	13.5	23.9	1.9162	2.7	3
2563	2018	153	7344	15	19.3	1.7384	3	0.8
2563	2018	154	14169.6	15	24.7	1.827	1.5	0
2563	2018	155	16156.8	15.2	23.7	1.8499	3.4	0
2563	2018	156	17971.2	13.2	22.7	1.5612	2.8	0
2563	2018	157	28684.8	11.7	28.7	1.5124	2.5	0
2563	2018	158	27907.2	13.4	29.4	1.3992	2.1	0
2563	2018	159	7603.2	16.6	21.5	1.8925	2.5	14.3
2563	2018	160	25142.4	16	26.6	1.8205	3.3	0
2563	2018	161	26179.2	12.6	24.5	1.6211	3.5	0
2563	2018	162	27475.2	10.4	23.6	1.3544	4.1	0
2563	2018	163	12700.8	11.7	18	1.2988	3.2	0
2563	2018	164	12096	8.6	18.3	1.2171	2.5	0.5
2563	2018	165	13910.4	9.6	20.1	1.3663	3.7	1.8
2563	2018	166	20563.2	13.3	23.6	1.5686	2	0
2563	2018	167	20563.2	12.8	24.7	1.4255	3	0
2563	2018	168	11232	12.7	18.5	1.3275	4.1	0
2563	2018	169	7776	12.9	18.7	1.5059	3.8	0.2
2563	2018	170	7430.4	13.8	20.1	1.6201	2.9	0.1
2563	2018	171	20044.8	14.1	25.9	1.8207	3.3	0
2563	2018	172	21686.4	10.4	17.4	1.0787	5.8	0.3
2563	2018	173	13305.6	9	16.5	1.0009	5.6	0.4
2563	2018	174	14860.8	8.2	19.6	1.1105	3	0
2563	2018	175	10108.8	9.3	17.5	1.2439	3.1	0
2563	2018	176	20476.8	9.3	21.9	1.3275	3.4	0
2563	2018	177	28771.2	7.4	24.4	1.2088	3	0
2563	2018	178	26784	10.3	26.5	1.5003	3.6	0
2563	2018	179	26524.8	14.4	29	1.4769	4.3	0
2563	2018	180	29980.8	13.9	28.3	1.4736	3.8	0
2563	2018	181	30585.6	13.2	28.4	1.177	4.8	0
2563	2018	182	31017.6	15.1	26.3	0.8286	5.5	0
2563	2018	183	30758.4	12.3	27.3	0.8991	4.6	0
2563	2018	184	29635.2	12.6	28.8	1.2673	3.9	0
2563	2018	185	23932.8	12.6	28.7	1.4821	2.9	0
2563	2018	186	28080	12.5	25.9	1.5104	3	0
2563	2018	187	24192	13.4	26.2	1.3602	3	0
2563	2018	188	27820.8	9.8	26	1.1058	2.9	0
2563	2018	189	29289.6	8.2	25.1	1.2111	3	0
2563	2018	190	15465.6	9.2	23.1	1.3566	3.4	0
2563	2018	191	13910.4	12	22	1.4124	4.5	2.1
2563	2018	192	16675.2	7.6	23.2	1.2581	3.5	0
2563	2018	193	28425.6	11.8	26.4	1.5011	3.8	0
2563	2018	194	27734.4	10.2	26.9	1.4718	2.5	0
2563	2018	195	28598.4	11.2	26.3	1.3607	2.8	0
2563	2018	196	28944	12.6	29.1	1.279	2.4	0
2563	2018	197	27129.6	15.5	30.6	1.2655	2.4	0
2563	2018	198	25747.2	12.6	28.1	1.3595	3.3	0
2563	2018	199	20217.6	9.1	26	1.1619	2	0
2563	2018	200	17020.8	12.8	27.7	1.2564	2.1	0
2563	2018	201	25142.4	8.3	27.3	1.2617	1.8	0
2563	2018	202	23760	13.5	29.1	1.5424	2.7	0
2563	2018	203	22377.6	13.2	28.9	1.6434	2.6	0
2563	2018	204	23932.8	11.3	31.2	1.5629	1.5	0
2563	2018	205	22291.2	16.9	33.2	1.712	2.2	0
2563	2018	206	24192	21	33.4	1.7635	3.6	0
2563	2018	207	25401.6	19.4	37	1.6785	3	0
2563	2018	208	25660.8	24.4	36.1	1.2879	3.8	0
2563	2018	209	15465.6	11.9	27.5	1.5351	3.2	8.2
2563	2018	210	17712	12.1	27.8	1.21	4.1	0
2563	2018	211	22032	18.1	32.2	1.7541	3.4	0
2563	2018	212	22809.6	14.6	28.5	1.6431	3.3	0
2563	2018	213	17193.6	12.5	28.3	1.4355	1.8	0
2563	2018	214	22723.2	13.1	32.2	1.5372	2.2	0
2563	2018	215	24796.8	14.2	33.4	1.5593	2.4	0
2563	2018	216	20649.6	16.1	30.8	1.8438	3.4	0
2563	2018	217	24537.6	14.3	27.2	1.589	2.9	0
2563	2018	218	25574.4	15.5	32.5	1.4888	2.2	0
2563	2018	219	23500.8	13.9	35.6	1.308	2.1	0.2
2563	2018	220	10281.6	11.4	24.8	1.5138	4.4	1.9
2563	2018	221	9504	10.1	23.8	1.543	4.2	10.9
2563	2018	222	18316.8	12.3	21.9	1.3825	5.3	9.3
2563	2018	223	19958.4	9.9	22.1	1.271	3.5	0
2563	2018	224	18576	8.7	27.5	1.1613	3.1	0
2563	2018	225	7776	15.4	22.6	1.8208	2.9	12.8
2563	2018	226	17280	16.6	23.9	1.8253	3.7	0.9
2563	2018	227	9590.4	15.7	23.2	1.8274	3.2	0
2563	2018	228	15638.4	14.2	24.6	1.7092	3.7	0
2563	2018	229	16070.4	10.1	23.3	1.4808	1.8	11
2563	2018	230	12700.8	9.5	22	1.3939	3	0
2563	2018	231	13737.6	15.9	24.1	1.774	4	0
2563	2018	232	8640	13.8	22.9	1.7273	2.4	0
2563	2018	233	10281.6	15.1	25.6	1.8366	1.4	0
2563	2018	234	17798.4	13.4	27.2	1.7834	1.9	0
2563	2018	235	10022.4	12	23.6	1.6891	3.2	3.6
2563	2018	236	14860.8	11.7	19.9	1.237	4	0
2563	2018	237	13046.4	8.5	16.9	1.291	3.2	16.8
2563	2018	238	18057.6	5.2	20.4	1.0484	4	0.8
2563	2018	239	8121.6	12.5	21	1.5617	5.1	2.7
2563	2018	240	11577.6	14.3	22	1.5394	2.2	0
2563	2018	241	10108.8	11.9	24.1	1.6486	2.8	13.2
2563	2018	242	17884.8	8.1	20.1	1.2535	3.3	0
2563	2018	243	11750.4	5.9	19.8	1.1556	1.5	0
2563	2018	244	18316.8	6	21.2	1.1202	1.5	0
2563	2018	245	18057.6	10.5	23.4	1.3115	3.7	0
2563	2018	246	8726.4	15.4	23.6	1.8557	2.4	0
2563	2018	247	10368	16.3	25.8	2.1912	1.3	8.5
2563	2018	248	13910.4	16.4	25.6	1.9115	2.6	0.1
2563	2018	249	5270.4	13.8	19.8	1.7959	1.8	17.6
2563	2018	250	13219.2	11.4	17.6	1.2699	4	8
2563	2018	251	13478.4	9.9	19.3	1.2615	4.2	0
2563	2018	252	14601.6	12.2	23.2	1.4156	3.5	0
2563	2018	253	8380.8	14.4	20.2	1.5775	3.3	0
2563	2018	254	11404.8	13.7	24.1	1.6787	5.3	0
2563	2018	255	4838.4	11.5	18.7	1.6113	3.3	2.2
2563	2018	256	15724.8	6.5	19.8	1.1482	1.6	0
2563	2018	257	16070.4	4.3	20.1	1.0506	2.8	0
2563	2018	258	10886.4	8.5	19.7	1.2696	2.9	0
2563	2018	259	13996.8	8.5	22.2	1.3064	2.5	0
2563	2018	260	15552	9.2	24.2	1.2909	2.2	0
2563	2018	261	16156.8	14.7	26.7	1.511	4.8	0
2563	2018	262	14860.8	13.8	24.1	1.5527	4.8	0
2563	2018	263	12441.6	16	24.1	1.5687	4.9	0
2563	2018	264	10022.4	9.8	20.1	1.2053	7.1	11.6
2563	2018	265	7257.6	8.4	15.9	1.2735	4.3	6.4
2563	2018	266	2419.2	6.3	10.8	1.0795	2.7	13.8
2563	2018	267	13305.6	3.6	15.6	0.9915	3	0.7
2563	2018	268	11232	2.4	15.7	0.9324	1.1	0
2563	2018	269	13996.8	4.3	18.6	0.9459	3.4	0
2563	2018	270	14860.8	5.8	21.3	1.07	2.1	0
2563	2018	271	9676.8	2.8	16.2	0.8899	3.5	0
2563	2018	272	13564.8	0.3	15.9	0.842	0.9	0
2563	2018	273	12441.6	0.1	17.6	0.8631	1.7	0
2563	2018	274	10800	5.2	13.5	1.0219	3.2	2.7
2563	2018	275	6048	7	16.3	1.2049	4.7	1.1
2563	2018	276	9936	7.2	15.9	1.0745	2.9	0
2563	2018	277	6652.8	10.2	17.8	1.3572	3.1	0
2563	2018	278	12787.2	7.1	21.2	1.2898	2	0
2563	2018	279	11836.8	6.8	21.7	1.3306	3.1	0.5
2563	2018	280	10368	2.3	15.1	0.9106	3.2	0
2563	2018	281	10108.8	1.9	16.1	0.9522	1.8	0
2563	2018	282	10454.4	5.3	18.2	1.1164	1.7	0
2563	2018	283	11664	7.8	24.2	1.2892	3.3	0
2563	2018	284	9244.8	11.9	23.9	1.454	3.7	0
2563	2018	285	10368	14.5	24	1.6265	4.4	0
2563	2018	286	9936	15.9	26.4	1.5784	4.1	0
2563	2018	287	9763.2	13.6	26	1.4063	3.8	0
2563	2018	288	9763.2	13.4	23.5	1.4414	2.5	0
2563	2018	289	7862.4	9.6	23.7	1.3815	1.8	0
2563	2018	290	8899.2	8.5	20.7	1.3777	1.7	0
2563	2018	291	5961.6	6.9	16.6	1.1577	3.1	0
2563	2018	292	9072	3.8	16.2	1.0184	2.1	0
2563	2018	293	7689.6	-0.2	15.4	0.8868	1.1	0
2563	2018	294	6652.8	6.8	15.8	1.0837	1.7	0
2563	2018	295	6825.6	1.1	15.2	0.8665	3.1	0.2
2563	2018	296	1641.6	2.8	14.3	0.9237	5	0
2563	2018	297	4060.8	12	15.6	1.4185	5	1.9
2563	2018	298	2246.4	10.6	13.2	1.2806	3.4	1.2
2563	2018	299	2246.4	5	11.2	0.9931	4.5	4.2
2563	2018	300	7257.6	2.5	11.2	0.8722	3.1	0
2563	2018	301	7171.2	0.1	7.5	0.6334	5.2	0
2563	2018	302	1641.6	1.7	5.9	0.7136	5.6	0
2563	2018	303	2764.8	3.5	9	0.875	5.8	16
2563	2018	304	6912	3.9	11.2	0.8422	4.3	0.3
2563	2018	305	3196.8	8.4	12.8	1.0472	4.1	4.5
2563	2018	306	4838.4	0.6	11.2	0.8169	3.1	0.3
2563	2018	307	5616	-1	9.6	0.7557	1.9	0
2563	2018	308	6652.8	-0.2	12.2	0.8319	2.4	0
2563	2018	309	2678.4	5.3	9.7	0.9948	2.4	0
2563	2018	310	5961.6	6.5	19.5	1.1969	2.8	0
2563	2018	311	4492.8	8.2	15	1.1054	4.9	1.2
2563	2018	312	6480	4.4	13.4	0.9458	3.1	0
2563	2018	313	3888	6.4	11.7	1.013	3.4	0
2563	2018	314	1036.8	9.7	13	1.2215	5.3	4.6
2563	2018	315	1987.2	8.5	13.3	1.1595	5.3	4.9
2563	2018	316	1296	8.4	11.1	1.1704	2.3	5.2
2563	2018	317	3110.4	6.6	12.2	1.0489	5.2	0.2
2563	2018	318	5184	4.8	12.1	1.028	2.8	0
2563	2018	319	5529.6	2.8	12.3	0.9358	2.7	0
2563	2018	320	5270.4	0.6	9.6	0.764	3	0
2563	2018	321	5356.8	0.6	9.1	0.699	3.6	0
2563	2018	322	5356.8	-1.6	6.8	0.5598	5	0
2563	2018	323	2246.4	2.7	6.6	0.7064	6.6	0.2
2563	2018	324	691.2	1.9	3.9	0.5793	6.5	0
2563	2018	325	4060.8	0.2	5.2	0.6231	3.7	0
2563	2018	326	1468.8	0.7	4	0.6367	2.7	0
2563	2018	327	3628.8	-0.5	7.7	0.7036	2.3	0
2563	2018	328	950.4	0.5	2.8	0.6745	3	0.1
2563	2018	329	691.2	2.2	4.2	0.7532	3	0
2563	2018	330	1382.4	3.1	5.8	0.7553	3.9	0
2563	2018	331	2160	0.9	5.5	0.661	3	0
2563	2018	332	1382.4	1.2	8.7	0.7735	6.2	1.6
2563	2018	333	1036.8	8	9.3	1.0308	5.4	9.3
2563	2018	334	2419.2	5.8	11.4	0.9715	5	0
2563	2018	335	2419.2	4.8	9.3	0.9445	5.4	3
2563	2018	336	691.2	8.9	13	1.268	6	8
2563	2018	337	1641.6	6.6	12.8	1.1184	5.5	2.9
2563	2018	338	3801.6	-1.2	8.1	0.7197	1.5	0
2563	2018	339	1555.2	1.4	7.4	0.7945	3.8	1.5
2563	2018	340	691.2	7.3	12.2	1.1704	5.3	2.9
2563	2018	341	432	5.1	11.6	1.032	7	13.5
2563	2018	342	777.6	5.6	10.3	0.951	8	15.2
2563	2018	343	1987.2	3.7	9	0.8523	5.3	14
2563	2018	344	2592	2.1	7.3	0.7515	3.7	2.8
2563	2018	345	2764.8	-2.8	7.2	0.6657	1.7	0
2563	2018	346	1209.6	-2.9	3.6	0.5891	2.2	0
2563	2018	347	3196.8	-0.5	2.6	0.5999	4.1	0
2563	2018	348	3628.8	-1.6	2.2	0.5495	2.8	0
2563	2018	349	950.4	-0.9	0.8	0.4322	5.3	0
2563	2018	350	1123.2	-1.4	2.5	0.6231	3.6	2.2
2563	2018	351	777.6	1.9	7.3	0.8311	4	3.5
2563	2018	352	2332.8	4.9	7.2	0.8348	5.2	0
2563	2018	353	1036.8	4.8	9.3	0.8842	4.5	0.4
2563	2018	354	691.2	4.9	8.3	0.8866	5.4	2.9
2563	2018	355	518.4	7.2	12.2	1.1304	7	16.4
2563	2018	356	864	6.5	9.8	1.0073	4.6	7.9
2563	2018	357	518.4	5.5	8.2	0.9614	3.3	9.9
2563	2018	358	3456	0.5	7.1	0.7457	1.9	0.3
2563	2018	359	2246.4	1	6.8	0.6944	3.4	0
2563	2018	360	864	0.4	4.2	0.6921	2.8	0
2563	2018	361	2160	-2.5	4.5	0.5912	1	0
2563	2018	362	518.4	-3.8	3.6	0.5944	1.4	0
2563	2018	363	777.6	3.6	9.8	0.9123	5.2	1.1
2563	2018	364	1382.4	5.5	9	0.9474	3.5	2.4
2563	2018	365	1296	7.2	9.8	1.0648	3	0.1
