*---------------------------------------------------------------------------*
* Station name: TWENTHE-1                               
* Year: 1991
* Author: Pedro Alencar                                   -999.000: NIL VALUE
* Source: ECAD 
* Comments: 
* Longitude: 52.2667, latitude: 52.2667, altitude: 35 m.
*
* Column  Daily value
* 1       station number
* 2       year
* 3       day
* 4       irradiation                   (kJ m-2 d-1)
* 5       minimum temperature           (degrees Celsius)
* 6       maximum temperature           (degrees Celsius)
* 7       early morning vapour pressure (kPa)
* 8       mean wind speed (height: 2 m) (m s-1)
* 9       precipitation                 (mm d-1)
*
** WCCDESCRIPTION=GERMANY, TWENTHE-1                               
** WCCFORMAT=2
** WCCYEARNR=1991
*---------------------------------------------------------------------------*
   52.2667  6.9    35.  -0.18 -0.55
2569	1991	1	1814.4	2.3	6.1	0.7257	6.2	0
2569	1991	2	777.6	5.7	12.2	1.0519	8.7	17.5
2569	1991	3	2073.6	6.4	8.7	0.9046	5.7	3.6
2569	1991	4	2851.2	4.4	8.7	0.7961	5.7	2.4
2569	1991	5	1468.8	3	7	0.7238	8.2	9.5
2569	1991	6	691.2	4.7	6.4	0.6343	9.8	1.2
2569	1991	7	2160	5	8.4	0.7652	7.2	0.6
2569	1991	8	2764.8	3.5	10.7	0.8167	7.7	5.6
2569	1991	9	2937.6	5	10.6	0.825	8.2	2.5
2569	1991	10	950.4	6.5	13	0.905	8.7	8.4
2569	1991	11	1814.4	4.8	8.3	0.8058	6.7	1.5
2569	1991	12	1555.2	0.1	5.2	0.6948	4.1	1.3
2569	1991	13	3974.4	-2.6	4.1	0.6193	1	0
2569	1991	14	5443.2	-2.6	1.5	0.499	3.6	0
2569	1991	15	4665.6	-4	1.7	0.2978	4.1	0
2569	1991	16	4579.2	-3.3	1.6	0.3273	3.6	0
2569	1991	17	4320	-3.2	3.7	0.3671	3.1	0
2569	1991	18	4492.8	-4.4	5.3	0.4482	2.6	0
2569	1991	19	604.8	-1.4	2.6	0.5488	3.1	2.7
2569	1991	20	2764.8	-0.7	4	0.6676	4.6	0.5
2569	1991	21	1814.4	2.1	6.2	0.7724	4.1	2.1
2569	1991	22	1728	-0.1	4.2	0.6657	2.6	0
2569	1991	23	518.4	-1.3	0.8	0.582	1	0
2569	1991	24	2592	-1.9	2.7	0.5912	1	0
2569	1991	25	864	0.1	2.3	0.6264	0.5	0
2569	1991	26	518.4	1.6	2.8	0.6514	1	0.1
2569	1991	27	1814.4	0.7	4.8	0.67	1	0
2569	1991	28	4233.6	-1.4	4.3	0.6242	1.5	0
2569	1991	29	2764.8	-3.2	-0.5	0.5336	1	0
2569	1991	30	1296	-1.2	2.1	0.5113	2.1	0
2569	1991	31	5788.8	-3.1	2	0.3757	2.6	0
2569	1991	32	5875.2	-6	1.6	0.2964	2.1	0
2569	1991	33	5702.4	-7.6	-0.7	0.2787	1.5	0
2569	1991	34	5270.4	-9.3	-3.3	0.2673	2.6	0
2569	1991	35	6307.2	-7.9	0.3	0.3	2.6	0
2569	1991	36	4492.8	-4.5	1.6	0.4177	4.1	0
2569	1991	37	4320	-11.7	-3.7	0.2536	4.6	0
2569	1991	38	2937.6	-11.2	-5.4	0.2584	4.6	0
2569	1991	39	2937.6	-8.9	-4.3	0.3097	3.6	0.4
2569	1991	40	4752	-10.7	-2.7	0.3036	1.5	0
2569	1991	41	3542.4	-10.7	-2	0.3385	1	0
2569	1991	42	1900.8	-4.2	-1.5	0.4608	1.5	1.8
2569	1991	43	2246.4	-9	0	0.4203	1	0.4
2569	1991	44	1900.8	-9.4	0.1	0.4113	2.1	0.1
2569	1991	45	4147.2	-7.8	0.6	0.4357	2.1	0.4
2569	1991	46	1728	-1.2	1.4	0.5908	5.7	12.3
2569	1991	47	4147.2	-0.3	1.8	0.5419	3.1	1.2
2569	1991	48	7344	-3.1	2	0.4637	1	0
2569	1991	49	3283.2	-2.1	3.9	0.5608	0.5	0
2569	1991	50	10281.6	-8.3	5.5	0.4633	1	0
2569	1991	51	2246.4	-3.6	2.6	0.5715	2.6	0
2569	1991	52	6912	0.4	8.2	0.6976	2.6	0
2569	1991	53	7344	3.2	8.2	0.6684	5.7	0.5
2569	1991	54	864	5.7	10.9	0.9191	6.7	0.4
2569	1991	55	9676.8	5.4	14.2	0.8354	4.6	0
2569	1991	56	3196.8	-1.7	8.2	0.725	1.5	2.5
2569	1991	57	8467.2	-1.4	8.6	0.7352	1.5	0
2569	1991	58	7344	0.3	5.9	0.5876	3.6	0
2569	1991	59	2073.6	0	2.1	0.501	3.6	1.1
2569	1991	60	3369.6	1.1	4.7	0.6019	1	0
2569	1991	61	2851.2	1.1	6.8	0.705	1.5	0.2
2569	1991	62	7862.4	3	10.4	0.775	3.6	0
2569	1991	63	10454.4	-0.9	11.9	0.6411	2.1	0
2569	1991	64	3801.6	6.3	11.1	0.9893	2.1	3.5
2569	1991	65	6134.4	6.1	14.7	0.9956	2.1	0
2569	1991	66	5443.2	10.1	16.7	0.9521	2.6	0
2569	1991	67	5529.6	6.2	14.1	0.9047	1	0
2569	1991	68	3369.6	4.9	12.2	0.9905	1	0
2569	1991	69	7516.8	5.9	15.1	0.9642	2.6	0
2569	1991	70	8553.6	9.4	14.4	1.1136	2.1	0
2569	1991	71	9849.6	5.4	15.8	1.0089	1	0
2569	1991	72	12528	1.8	17.3	0.8929	1	0
2569	1991	73	12268.8	2.8	18.5	0.8457	2.6	0.7
2569	1991	74	2678.4	8.4	10.3	1.1159	1.5	0
2569	1991	75	9590.4	8.1	16.3	1.0648	2.6	0
2569	1991	76	8467.2	6.1	13.8	0.9416	2.1	0
2569	1991	77	12009.6	2.5	16	0.9451	2.1	0
2569	1991	78	1814.4	8.2	12.5	1.1304	6.2	3.4
2569	1991	79	6480	9.6	14.3	1.1591	5.1	1.4
2569	1991	80	8121.6	6.6	13.6	0.9511	4.1	0.6
2569	1991	81	9504	0	10.7	0.7059	2.1	1.5
2569	1991	82	14601.6	-2	10.6	0.6145	1	0
2569	1991	83	8812.8	1.6	10.6	0.7342	2.6	0
2569	1991	84	13046.4	1.5	9.3	0.6367	4.6	0
2569	1991	85	11836.8	3	10.3	0.6257	4.6	0
2569	1991	86	17193.6	1.5	12	0.6398	2.6	0
2569	1991	87	13305.6	3.8	10.3	0.5828	2.1	0
2569	1991	88	17366.4	-1.5	9.4	0.5672	2.1	0
2569	1991	89	16070.4	-4.3	10.8	0.5399	2.1	0
2569	1991	90	12441.6	4.1	10.8	0.7435	2.1	0
2569	1991	91	5529.6	8.6	14.5	1.0745	5.1	0.4
2569	1991	92	6134.4	7.8	15.8	1.0648	4.6	0.8
2569	1991	93	5529.6	5.7	12.8	0.8984	4.1	0.2
2569	1991	94	14601.6	3.2	14.6	0.7407	5.1	0
2569	1991	95	17452.8	5.6	13.6	0.7764	4.6	0
2569	1991	96	11664	4.5	13.6	0.7943	3.6	0
2569	1991	97	9676.8	6.4	11.8	0.9009	5.1	5.3
2569	1991	98	10281.6	5.4	12.6	0.8719	4.6	0
2569	1991	99	18489.6	2.5	14.7	0.7928	2.1	0
2569	1991	100	16243.2	2	17.5	0.724	2.1	0
2569	1991	101	18230.4	6.8	19.8	0.7171	3.1	0
2569	1991	102	20649.6	7.1	21.2	0.7578	2.6	0
2569	1991	103	18662.4	7.4	21	0.8573	1.5	0
2569	1991	104	18057.6	6.6	20.6	0.8557	2.1	0
2569	1991	105	18921.6	2.7	19.8	0.8001	2.1	0
2569	1991	106	9504	1.2	8.8	0.6453	5.1	0
2569	1991	107	17193.6	-1.1	10.5	0.5637	4.6	0
2569	1991	108	9072	-0.9	7.5	0.6269	2.1	0
2569	1991	109	18316.8	-3.8	7.5	0.4957	3.1	0.1
2569	1991	110	17280	-6.1	6.6	0.4604	1.5	0
2569	1991	111	21340.8	-7.4	9.3	0.3992	2.6	0
2569	1991	112	9763.2	1.9	9	0.7828	3.6	9.2
2569	1991	113	13651.2	-0.5	10	0.737	1.5	0.4
2569	1991	114	14688	-1	11.5	0.6922	1	0.7
2569	1991	115	19612.8	1	13.9	0.6403	2.6	0
2569	1991	116	16416	2.6	14	0.7003	2.6	0
2569	1991	117	14342.4	2.7	12.6	0.8061	2.1	0
2569	1991	118	16675.2	0.8	12.3	0.7185	2.1	0
2569	1991	119	6912	0	9.6	0.6966	1.5	0
2569	1991	120	13392	-0.9	12.8	0.6055	3.1	0
2569	1991	121	8208	3.5	11	0.8149	4.1	0.8
2569	1991	122	4147.2	4.7	7.6	0.8878	3.1	17.2
2569	1991	123	10713.6	2.4	9.3	0.7586	4.1	4.6
2569	1991	124	13910.4	0.6	8.9	0.7456	2.1	1.3
2569	1991	125	10195.2	0.6	10.7	0.7755	1.5	0
2569	1991	126	12182.4	4.9	11.5	0.7934	1.5	0
2569	1991	127	11059.2	6.4	13.3	0.8625	1.5	0.6
2569	1991	128	24710.4	3	14.7	0.636	2.6	0
2569	1991	129	15206.4	0.5	15.5	0.847	2.1	3.6
2569	1991	130	21427.2	5.5	16.9	0.8905	2.6	0
2569	1991	131	23241.6	5.1	16.8	0.902	3.1	0
2569	1991	132	12700.8	3.9	13	0.7959	2.6	0
2569	1991	133	9158.4	4.9	15.7	0.9639	2.6	0
2569	1991	134	14256	5.3	13.2	0.8634	4.1	1.7
2569	1991	135	9590.4	2.6	10.2	0.836	4.1	6.4
2569	1991	136	15379.2	0.9	11.9	0.7399	3.1	0
2569	1991	137	9504	2.9	10.5	0.7259	1.5	0
2569	1991	138	20217.6	3.5	14.5	0.7801	2.1	0
2569	1991	139	19440	1.7	15.4	0.7679	1.5	0
2569	1991	140	12614.4	11	17.9	1.2329	4.1	0
2569	1991	141	8121.6	12.9	17.6	1.3153	4.1	0
2569	1991	142	21600	5.9	16.4	0.9405	4.1	0
2569	1991	143	18835.2	4	13.5	0.7784	4.6	0.1
2569	1991	144	21513.6	1.6	14.6	0.7232	2.6	0
2569	1991	145	12268.8	2.7	14.8	0.925	2.6	0.7
2569	1991	146	8812.8	6.7	13.2	0.9905	2.1	0
2569	1991	147	6566.4	8.2	12.2	1.1067	2.1	0.6
2569	1991	148	13046.4	8.4	17	1.1736	1.5	0
2569	1991	149	21340.8	6.8	20	1.1517	2.1	0
2569	1991	150	25833.6	7.9	22.4	1.2209	2.1	0
2569	1991	151	14256	7.8	17.1	1.1834	3.1	0
2569	1991	152	22204.8	2.8	15	0.7065	3.6	0
2569	1991	153	25488	0	16.2	0.6369	1	0
2569	1991	154	4924.8	5.1	9.8	0.9294	2.6	3
2569	1991	155	15552	3.5	11	0.8557	4.1	1.6
2569	1991	156	21081.6	3.3	14.1	0.7308	2.1	0
2569	1991	157	9849.6	7.9	14.4	0.9537	2.1	0.1
2569	1991	158	16070.4	8.8	18.8	1.2609	1.5	0.7
2569	1991	159	13219.2	9.4	15.6	1.2018	2.6	0
2569	1991	160	6307.2	9.9	15.7	1.2995	3.6	0.2
2569	1991	161	12268.8	11.3	16.3	1.2294	5.1	3.2
2569	1991	162	13996.8	10.8	16.4	1.0579	4.1	0.1
2569	1991	163	10368	12.2	18.4	1.389	5.1	2.5
2569	1991	164	13651.2	10.3	15.4	1.0667	5.1	4.1
2569	1991	165	15984	10.6	17.2	1.047	5.1	0.2
2569	1991	166	2505.6	9.3	13.6	1.2161	3.1	26.9
2569	1991	167	12441.6	9.2	15	1.1424	3.6	0.3
2569	1991	168	19008	6.2	16.6	1.0101	1.5	0
2569	1991	169	17193.6	6.6	16.2	1.1043	2.6	5
2569	1991	170	6912	8.9	12.2	1.1201	4.6	2
2569	1991	171	10368	9.4	14.1	1.1715	2.1	0.3
2569	1991	172	20563.2	8.8	20.6	1.303	3.1	2.5
2569	1991	173	21600	13.3	21.4	1.4638	3.6	1.4
2569	1991	174	16243.2	13	19.2	1.4253	3.1	2
2569	1991	175	10627.2	13.6	18.4	1.4708	3.1	0
2569	1991	176	5616	13.5	19.2	1.6896	3.1	3.7
2569	1991	177	14256	12.3	18.6	1.2972	5.1	7.3
2569	1991	178	5616	10.4	14	1.2777	3.1	41.9
2569	1991	179	9504	10.2	14.4	1.1147	4.6	0.5
2569	1991	180	7948.8	10	14.2	1.1283	3.6	0.7
2569	1991	181	10108.8	9.7	17.7	1.2997	3.1	2.4
2569	1991	182	10627.2	15.1	20.3	1.7796	2.1	1.8
2569	1991	183	24883.2	15.2	27.5	1.7246	2.1	0
2569	1991	184	27302.4	18.4	27.6	1.458	2.6	0
2569	1991	185	28684.8	15.6	25.9	1.3445	3.1	0
2569	1991	186	25142.4	15.5	28	1.5854	3.1	0
2569	1991	187	26784	16.8	29.7	1.5086	2.6	0
2569	1991	188	27648	15.5	30.5	1.5701	2.1	0
2569	1991	189	20131.2	19.2	26.3	1.9332	2.6	0
2569	1991	190	16416	9.9	20.1	1.2944	3.6	0
2569	1991	191	26352	8.7	24.5	1.1319	1.5	0
2569	1991	192	25660.8	15.3	32.3	1.7065	2.6	0
2569	1991	193	19526.4	15.4	23.4	1.5293	3.1	0.1
2569	1991	194	8380.8	14.6	19.7	1.5822	3.6	0.6
2569	1991	195	17366.4	11.1	22.4	1.4283	3.1	0.1
2569	1991	196	9244.8	11	17.5	1.3306	4.6	0.2
2569	1991	197	12873.6	13.5	19.3	1.4528	3.6	1.5
2569	1991	198	17366.4	9.9	20.5	1.2939	2.6	0.1
2569	1991	199	8726.4	9.2	17.9	1.3026	3.1	1.4
2569	1991	200	8121.6	14.2	17.3	1.4832	4.1	0.3
2569	1991	201	6739.2	13.4	19.1	1.5682	2.6	0.3
2569	1991	202	20649.6	9.1	21.6	1.2541	1.5	0
2569	1991	203	25747.2	6.5	23	1.0894	1	0
2569	1991	204	25488	11.3	27.3	1.274	1.5	0
2569	1991	205	8294.4	13.5	19.3	1.3783	3.1	6.5
2569	1991	206	14774.4	12.3	20.1	1.4528	2.1	0.1
2569	1991	207	9849.6	12.4	19.5	1.5204	1.5	1
2569	1991	208	20995.2	11.9	24.3	1.576	1	0
2569	1991	209	26179.2	12.2	26.6	1.2819	2.6	0
2569	1991	210	23414.4	15.5	27.6	1.4121	2.6	0
2569	1991	211	23500.8	16.5	27.9	1.3623	3.1	0
2569	1991	212	6220.8	16.1	21.3	1.787	2.1	1.2
2569	1991	213	13910.4	14.2	22.4	1.5959	2.1	0
2569	1991	214	23068.8	11.6	26	1.4949	1.5	0
2569	1991	215	16502.4	11.5	24.6	1.6331	1	0
2569	1991	216	17452.8	12.8	25.9	1.6143	1	0
2569	1991	217	15724.8	12.2	25.3	1.5335	1.5	0
2569	1991	218	20217.6	17.2	31.2	1.7479	2.6	0
2569	1991	219	16848	16.9	25.5	1.8094	2.1	13.8
2569	1991	220	6998.4	10	20	1.3795	2.1	2.3
2569	1991	221	20736	7.8	22.1	1.1205	1.5	0
2569	1991	222	6998.4	17	22.2	1.7761	2.6	0
2569	1991	223	4752	16.4	21	1.8947	2.6	2.5
2569	1991	224	19180.8	8.7	20.4	1.1912	2.6	2.7
2569	1991	225	9849.6	8.5	18.5	1.1902	0.5	0
2569	1991	226	12528	10.8	23	1.4035	0.5	0
2569	1991	227	21513.6	10.6	24.9	1.3186	1	0
2569	1991	228	14601.6	10	23.4	1.3669	3.1	0
2569	1991	229	10454.4	10	19.5	1.391	4.1	3
2569	1991	230	15465.6	10.9	18.7	1.2778	3.6	0.4
2569	1991	231	13392	9.9	19.6	1.1899	2.6	0
2569	1991	232	11836.8	9.4	21.6	1.3542	2.6	1.1
2569	1991	233	20995.2	8.1	24.7	1.1362	1.5	0
2569	1991	234	18316.8	14.6	29.8	1.5225	2.6	0
2569	1991	235	16848	15.2	23.1	1.3286	3.6	0
2569	1991	236	11145.6	9.8	21	1.2756	3.1	0
2569	1991	237	11923.2	9.5	21.2	1.3586	1	0
2569	1991	238	11836.8	9.6	21.2	1.363	1	0
2569	1991	239	15638.4	9.2	21.1	1.1865	1	0
2569	1991	240	10972.8	6.6	20	1.1595	1.5	0
2569	1991	241	20649.6	5	22.4	0.9865	1.5	0
2569	1991	242	20131.2	7.6	23.4	1.1431	1.5	0
2569	1991	243	19785.6	8.2	25.3	1.0855	2.1	0
2569	1991	244	19180.8	13.7	27	1.1926	3.1	0
2569	1991	245	18662.4	13.1	29.2	1.3779	1.5	0
2569	1991	246	18576	12.7	28.4	1.2315	2.1	0
2569	1991	247	17193.6	9.9	26.8	1.4324	2.1	0
2569	1991	248	5875.2	9.3	20.8	1.4694	2.1	0
2569	1991	249	8812.8	7.6	16.8	0.9654	2.6	0
2569	1991	250	7257.6	12.1	17.5	1.2778	3.1	0
2569	1991	251	8985.6	10	19.4	1.3699	1.5	0
2569	1991	252	10800	8.1	19.9	1.1815	0.5	0
2569	1991	253	14428.8	6.3	23	1.1656	1	0
2569	1991	254	5961.6	3	16.4	0.9621	1.5	0
2569	1991	255	14860.8	1.7	18.8	0.811	1	0
2569	1991	256	17366.4	4.9	20.7	0.8417	1.5	0
2569	1991	257	16070.4	2.9	23.4	0.9216	1.5	0
2569	1991	258	5443.2	12.5	21.2	1.5333	2.6	1.5
2569	1991	259	5961.6	11	17.8	1.4747	2.6	11.2
2569	1991	260	8812.8	12.6	18.4	1.2486	3.6	0
2569	1991	261	9763.2	11	19.5	1.4365	2.6	1
2569	1991	262	14256	7.5	18.4	1.1333	1	0.5
2569	1991	263	12441.6	4.4	17.9	1.0332	1	0
2569	1991	264	14083.2	5.1	22	1.132	2.1	0
2569	1991	265	5011.2	10.3	19.1	1.2028	4.1	5.1
2569	1991	266	6480	10.9	15.5	1.2126	5.1	1.2
2569	1991	267	6220.8	14.9	20.4	1.391	6.2	0
2569	1991	268	2332.8	15.1	19.2	1.8166	2.6	27.9
2569	1991	269	2937.6	12.2	16.2	1.5204	2.1	3.7
2569	1991	270	2332.8	9.7	12.2	1.2157	2.1	10.9
2569	1991	271	10627.2	8	16.1	1.0403	3.1	0
2569	1991	272	4492.8	10.8	16.4	1.3068	2.6	1.9
2569	1991	273	4233.6	7.9	13.7	1.1777	3.6	5.6
2569	1991	274	4838.4	6.2	13.1	1.0068	5.1	5.9
2569	1991	275	9504	8.7	15.1	1.044	5.1	2.5
2569	1991	276	10368	7.8	18	1.0999	4.1	0.5
2569	1991	277	9849.6	7.5	17	1.1538	1.5	1.1
2569	1991	278	8812.8	7.7	18.5	1.265	1.5	0
2569	1991	279	3456	5.7	14	1.069	2.1	4.7
2569	1991	280	3196.8	6	13.9	1.1495	0.5	0
2569	1991	281	7603.2	10.3	17.9	1.366	1.5	0
2569	1991	282	4752	9	14.2	1.351	1	0
2569	1991	283	10108.8	5.7	20.8	1.2318	1	0
2569	1991	284	10454.4	10.9	19.6	1.1769	3.1	0
2569	1991	285	7776	9.2	16.6	1.1891	1.5	0
2569	1991	286	777.6	10.4	12.5	1.2972	2.1	6.6
2569	1991	287	8812.8	9	18.3	1.3423	2.1	0
2569	1991	288	6480	7.6	16.6	1.2412	1	0
2569	1991	289	5788.8	9.4	16.5	1.2228	6.2	1.6
2569	1991	290	5529.6	5.2	13.1	0.8112	6.2	6.6
2569	1991	291	6134.4	5.5	11.2	0.9223	6.2	11
2569	1991	292	7344	4.7	9.7	0.8122	4.6	2.8
2569	1991	293	5356.8	2.9	9.9	0.7976	1.5	0
2569	1991	294	6912	2.5	10.1	0.7825	1	0
2569	1991	295	6998.4	-0.2	12.4	0.8189	1.5	0
2569	1991	296	4060.8	6.9	11.4	1.043	2.1	0.4
2569	1991	297	2764.8	7.7	11.1	1.0489	1.5	0
2569	1991	298	2851.2	7.8	10.6	1.0349	1	0
2569	1991	299	8467.2	2.5	10.4	0.6268	2.1	0
2569	1991	300	8467.2	0.5	10.3	0.5021	2.6	0
2569	1991	301	7862.4	0.5	9	0.5228	2.6	0
2569	1991	302	7689.6	0	9.7	0.5264	2.6	0
2569	1991	303	6048	0.6	8.4	0.6148	2.6	0
2569	1991	304	5875.2	0.7	9.1	0.6322	3.1	0
2569	1991	305	3628.8	4.3	11.4	0.7429	5.1	0.2
2569	1991	306	3715.2	10.2	13.9	1.0824	6.7	2.4
2569	1991	307	1036.8	6.8	11.7	0.9217	7.2	10.6
2569	1991	308	2332.8	4.6	8.4	0.8418	5.7	8
2569	1991	309	4320	2.6	10.2	0.8456	3.1	0.7
2569	1991	310	3974.4	2.3	6.7	0.7579	4.6	2.3
2569	1991	311	777.6	6.2	12.2	1.1279	6.2	19
2569	1991	312	1209.6	6.2	11.6	1.0826	5.1	7.4
2569	1991	313	4492.8	3.2	7.4	0.8103	3.6	0.8
2569	1991	314	6048	1.3	7.4	0.7334	4.1	0.6
2569	1991	315	432	4.8	7.4	0.9036	5.7	13.9
2569	1991	316	3456	2.8	10.8	0.889	5.1	6.1
2569	1991	317	3974.4	4.9	10.1	0.7772	6.2	5.2
2569	1991	318	1123.2	3.7	6.9	0.7836	4.6	1.2
2569	1991	319	2073.6	1	6.6	0.7777	3.1	1.7
2569	1991	320	3888	-2	6.3	0.699	1	0
2569	1991	321	2505.6	-0.9	2.9	0.6503	1	0
2569	1991	322	864	1.5	6.2	0.7724	2.6	4.5
2569	1991	323	604.8	1.9	5.9	0.7832	4.1	18.7
2569	1991	324	864	0.7	3.4	0.6728	4.1	7.7
2569	1991	325	3456	-1.7	1.6	0.5966	1.5	0
2569	1991	326	1123.2	-1.5	3.7	0.655	3.1	0
2569	1991	327	1209.6	3.4	5.5	0.7805	2.6	0
2569	1991	328	1036.8	-0.1	6.8	0.7301	1.5	0
2569	1991	329	1382.4	0.2	5	0.6555	2.6	0
2569	1991	330	2505.6	-0.2	6.7	0.6324	1.5	0
2569	1991	331	2332.8	1.5	8.4	0.7561	1.5	0
2569	1991	332	3283.2	3	8.8	0.8355	2.6	0
2569	1991	333	3456	2.7	8.5	0.8274	1.5	0
2569	1991	334	4060.8	-2	10.9	0.7301	2.1	0
2569	1991	335	2764.8	-3.8	2.4	0.5748	0.5	0
2569	1991	336	518.4	-1.1	0.5	0.5978	1.5	0
2569	1991	337	604.8	-0.9	0.5	0.5962	1	0
2569	1991	338	777.6	0.5	5.7	0.7479	1.5	0
2569	1991	339	3456	-3.4	5.9	0.6153	1.5	0
2569	1991	340	4147.2	-5.1	3.3	0.4921	1	0
2569	1991	341	691.2	2.2	5.2	0.7165	0.5	0
2569	1991	342	1209.6	0	5.4	0.675	1	0
2569	1991	343	3456	-2.2	3.3	0.5786	1.5	0
2569	1991	344	3542.4	-5.2	0.5	0.2828	2.6	0
2569	1991	345	3456	-3.8	2.1	0.4135	2.6	0
2569	1991	346	2851.2	-1.8	2.7	0.4987	3.1	0
2569	1991	347	3196.8	-2.4	2.7	0.525	3.6	0
2569	1991	348	3110.4	-1.6	4.2	0.5235	3.1	0
2569	1991	349	3456	-2.4	3.5	0.4705	2.6	0
2569	1991	350	864	-0.4	4.9	0.6106	2.6	0
2569	1991	351	777.6	3.4	7.7	0.9061	4.1	4.8
2569	1991	352	2073.6	3.4	8.1	0.7717	6.2	7.7
2569	1991	353	864	3.7	10.5	0.9578	6.7	20.6
2569	1991	354	1728	1.9	6.4	0.6656	5.7	0.9
2569	1991	355	691.2	2.2	10.4	0.9066	5.1	6.1
2569	1991	356	432	7.2	13.2	1.144	4.6	5.3
2569	1991	357	345.6	5.7	12	0.9199	8.2	2.2
2569	1991	358	2764.8	2.9	7.1	0.75	4.6	4.6
2569	1991	359	2246.4	0.7	5.2	0.672	2.6	0.3
2569	1991	360	345.6	3.7	8	0.8326	6.7	1.8
2569	1991	361	1209.6	4.1	7.2	0.7117	4.1	0
2569	1991	362	1468.8	3.5	6.5	0.8285	2.1	0
2569	1991	363	345.6	4.9	5.6	0.8519	2.6	0.5
2569	1991	364	1468.8	2	6.8	0.8279	1	0.4
2569	1991	365	950.4	1.9	4.6	0.6941	2.6	0
