*---------------------------------------------------------------------------*
* Station name: TWENTHE-1                               
* Year: 2000
* Author: Pedro Alencar                                   -999.000: NIL VALUE
* Source: ECAD 
* Comments: 
* Longitude: 52.2667, latitude: 52.2667, altitude: 35 m.
*
* Column  Daily value
* 1       station number
* 2       year
* 3       day
* 4       irradiation                   (kJ m-2 d-1)
* 5       minimum temperature           (degrees Celsius)
* 6       maximum temperature           (degrees Celsius)
* 7       early morning vapour pressure (kPa)
* 8       mean wind speed (height: 2 m) (m s-1)
* 9       precipitation                 (mm d-1)
*
** WCCDESCRIPTION=GERMANY, TWENTHE-1                               
** WCCFORMAT=2
** WCCYEARNR=2000
*---------------------------------------------------------------------------*
   52.2667  6.9    35.  -0.18 -0.55
2569	2000	1	604.8	2.7	7.4	0.8401	2.8	1.9
2569	2000	2	1296	2.5	8.1	0.8727	3.8	0
2569	2000	3	604.8	6.6	8.6	0.9703	6.3	3.5
2569	2000	4	432	4.4	8.7	0.9126	4.5	12
2569	2000	5	3283.2	1.4	6.4	0.7025	3.9	0
2569	2000	6	2246.4	4	9.4	0.8534	5	2.7
2569	2000	7	1382.4	5.2	7.7	0.8485	4.6	0
2569	2000	8	604.8	2.7	6.9	0.7654	5	0.7
2569	2000	9	2592	-3.9	5.4	0.6322	1.3	0
2569	2000	10	1296	-3.6	0.4	0.5381	1.7	0
2569	2000	11	3283.2	-0.8	3.3	0.622	4.6	0
2569	2000	12	3369.6	-0.5	3.4	0.5495	5.5	0
2569	2000	13	1123.2	-0.6	2.5	0.517	3.5	0
2569	2000	14	777.6	1.2	3.4	0.6489	1.7	0
2569	2000	15	3283.2	0.7	4.4	0.6238	2.4	0
2569	2000	16	1382.4	1.5	6.6	0.7834	3.4	0.6
2569	2000	17	691.2	5.7	7.3	0.8998	6	0
2569	2000	18	1209.6	3.6	7.9	0.7258	6.9	1
2569	2000	19	1468.8	-1.1	5	0.5977	3.3	0.2
2569	2000	20	777.6	1.2	5.5	0.7068	5.1	0.9
2569	2000	21	2160	3.1	6.3	0.7174	5.1	0.5
2569	2000	22	1987.2	2.6	6.1	0.7667	4.4	3
2569	2000	23	3196.8	-9.7	2.7	0.3965	3	0.9
2569	2000	24	4233.6	-11.3	-1	0.3013	1.3	0
2569	2000	25	3628.8	-4.4	3.2	0.4445	2.7	0
2569	2000	26	1209.6	0.6	3.6	0.6539	4	0.7
2569	2000	27	432	0.4	3	0.5871	5.3	0.1
2569	2000	28	1123.2	-1.2	4.4	0.5692	6.6	0.3
2569	2000	29	518.4	4	10	0.9012	9.5	28.6
2569	2000	30	2937.6	5.9	10.2	0.8606	7.2	3.9
2569	2000	31	2073.6	8.3	11	1.0188	7.6	3.1
2569	2000	32	2073.6	7.3	10.2	0.9024	6.3	1.1
2569	2000	33	3628.8	4.3	8.6	0.8389	5.4	4.8
2569	2000	34	4147.2	3.1	9	0.7692	4.6	0.3
2569	2000	35	691.2	3.2	8.5	0.8511	6.4	5.4
2569	2000	36	5011.2	6.4	10.9	0.8403	5.2	0
2569	2000	37	2678.4	6	9.1	0.811	5	0.5
2569	2000	38	4147.2	6.1	8.9	0.8808	7.2	5
2569	2000	39	1123.2	5.2	11.1	0.8557	7.8	7.2
2569	2000	40	2332.8	2	7.5	0.6513	7.5	1.3
2569	2000	41	3456	3	8.8	0.7427	6.8	7.7
2569	2000	42	7603.2	0.4	8.2	0.6727	4.3	0
2569	2000	43	4147.2	1.9	7.6	0.7113	6.2	4.9
2569	2000	44	4665.6	2.3	7.8	0.7089	5.5	0
2569	2000	45	7171.2	-1.4	6.9	0.6402	3.9	3.4
2569	2000	46	3974.4	4	9.5	0.8072	4.4	0.2
2569	2000	47	5443.2	0.1	5.7	0.6546	5.7	9.1
2569	2000	48	3110.4	0.2	4.2	0.6729	3.5	7.6
2569	2000	49	1036.8	0.6	6.2	0.7327	4.3	5.1
2569	2000	50	1382.4	2.2	5.2	0.7325	4.8	4.4
2569	2000	51	8640	-5.4	7.4	0.5255	2.7	0
2569	2000	52	6739.2	-5.8	5.7	0.5296	2.4	0.2
2569	2000	53	5184	-3	7.6	0.6561	3.2	0
2569	2000	54	8467.2	-4.2	9	0.6099	2.1	0
2569	2000	55	3283.2	3.2	9.6	0.788	5	8.7
2569	2000	56	7948.8	0.2	9	0.7039	3.5	14.9
2569	2000	57	9244.8	0.1	8.8	0.6462	3.1	0
2569	2000	58	9244.8	-0.5	11.7	0.6092	5.1	0
2569	2000	59	1728	4.5	12.7	0.8822	6.6	2.7
2569	2000	60	5788.8	4	9.1	0.8058	7	6.4
2569	2000	61	6912	1.8	7.8	0.731	5.3	2.1
2569	2000	62	5443.2	0.5	6.7	0.672	6.6	6.2
2569	2000	63	4320	2	9	0.7494	7.3	18.4
2569	2000	64	8985.6	-1.5	4.1	0.5906	5.5	2
2569	2000	65	6825.6	-1.3	5.4	0.6162	3.8	0.6
2569	2000	66	4406.4	2.6	8	0.7035	6.8	0
2569	2000	67	5097.6	7.1	13.1	1.087	7.4	3.6
2569	2000	68	864	9	13	1.2197	7.2	10
2569	2000	69	2160	3.9	13	0.9396	8.2	12.1
2569	2000	70	8985.6	1	8.9	0.6865	3.5	1.6
2569	2000	71	4320	5.6	10.4	0.922	6.4	3.2
2569	2000	72	5529.6	4.8	9.6	0.8528	2.4	1.4
2569	2000	73	6480	4.6	12.1	0.9552	4	0.1
2569	2000	74	1814.4	2.7	9.8	0.8369	5.5	5.9
2569	2000	75	7948.8	1.3	7.5	0.6607	6.1	2.8
2569	2000	76	2764.8	6.2	8.2	0.9137	5	0.2
2569	2000	77	2073.6	6.6	9.5	0.9467	4.8	0
2569	2000	78	3628.8	1.8	7.2	0.7664	3.4	1.1
2569	2000	79	9504	-0.9	9.2	0.6985	2.5	0
2569	2000	80	8294.4	-1.5	9.3	0.7106	1	0
2569	2000	81	3888	-0.6	9.3	0.6917	0.6	0
2569	2000	82	14428.8	-2.6	15.9	0.7821	1.1	0
2569	2000	83	13824	-2.1	14.3	0.753	2	0
2569	2000	84	2678.4	6.8	11.1	1.0291	2.6	7.2
2569	2000	85	6652.8	6.5	13.2	1.0811	3	6.2
2569	2000	86	12441.6	1.7	11.1	0.7976	2.8	2.3
2569	2000	87	7344	2.2	10.7	0.8389	4	5.7
2569	2000	88	1555.2	2.7	4.3	0.7065	4.6	0.5
2569	2000	89	3196.8	3.9	7.3	0.8001	5.9	0.1
2569	2000	90	2505.6	4.9	7.6	0.8274	4.2	0
2569	2000	91	5443.2	3.8	8.4	0.8001	1.3	0
2569	2000	92	8726.4	2.3	10.5	0.836	1.8	4.2
2569	2000	93	10281.6	1.1	14	0.8422	2.6	0
2569	2000	94	14601.6	5.8	19.3	0.9588	3.3	0.1
2569	2000	95	10454.4	4.6	16.9	0.9674	4.4	6
2569	2000	96	8726.4	-2	7	0.4973	5.4	0
2569	2000	97	16243.2	-4.1	11.3	0.585	2.5	0
2569	2000	98	19526.4	-2.4	13.3	0.6569	2.4	0
2569	2000	99	12787.2	-3	11.8	0.5938	1.3	0
2569	2000	100	19699.2	3.6	13.7	0.7507	4.8	0
2569	2000	101	21168	-1.1	10.2	0.524	3.9	0
2569	2000	102	16848	-3.1	13.1	0.6279	1.8	0
2569	2000	103	10713.6	3.4	11	0.7614	4.1	1.4
2569	2000	104	6480	3	8.1	0.7792	4.7	10.1
2569	2000	105	11491.2	0.2	10.9	0.7883	3	4.4
2569	2000	106	7862.4	1.8	14.6	0.8694	4	4.2
2569	2000	107	15120	5.6	13.1	0.7518	4.9	0.3
2569	2000	108	12960	7.3	15.9	0.9553	5.1	0.8
2569	2000	109	14601.6	7.4	15.3	0.9262	3.6	0
2569	2000	110	15984	6.1	18.8	0.9814	2.3	0
2569	2000	111	20736	8.8	20.1	1.0027	3	0
2569	2000	112	16848	7.4	19.2	0.9764	2.5	0
2569	2000	113	10368	9.8	22.3	1.2751	2.6	0.7
2569	2000	114	5875.2	10.4	16.8	1.4624	1.4	10
2569	2000	115	10627.2	7.1	15.5	1.0837	2.5	0
2569	2000	116	20908.8	6.5	20.2	0.9949	2.8	0
2569	2000	117	21340.8	8.8	24.7	1.295	3.3	0
2569	2000	118	17193.6	7.9	23.2	1.2703	3	0
2569	2000	119	17107.2	11.1	24.1	1.4067	1.6	0
2569	2000	120	3715.2	11.8	15.3	1.4577	2.2	5.1
2569	2000	121	3888	11.3	14.4	1.3778	1	0
2569	2000	122	7776	9.3	16.1	1.3497	2.6	0
2569	2000	123	4752	9	13.3	1.2584	3	0.8
2569	2000	124	8812.8	9.8	16.9	1.4541	2.4	1.2
2569	2000	125	18403.2	10.5	21.6	1.4937	2.9	0
2569	2000	126	24537.6	8.6	24.4	1.0685	2.7	0
2569	2000	127	24019.2	11.3	25.9	1.1982	3.3	0
2569	2000	128	21168	13	26.2	1.5256	2.8	6.7
2569	2000	129	19180.8	12	23.6	1.5059	1.7	0
2569	2000	130	23241.6	9.6	25.9	1.4403	1.2	0
2569	2000	131	22809.6	11.3	27	1.395	2.1	0
2569	2000	132	25401.6	9.7	25.2	1.2342	3.4	0
2569	2000	133	24624	11.1	23.1	1.1683	3.9	0
2569	2000	134	27302.4	9	23.7	0.9098	3.3	0
2569	2000	135	26179.2	10.5	27.6	1.2323	1.2	0
2569	2000	136	25660.8	10.2	29.2	1.2602	1	0
2569	2000	137	23328	11.7	29.3	1.4925	2.5	10.1
2569	2000	138	13651.2	9.7	17.9	1.1978	4	5
2569	2000	139	13651.2	5.9	15.9	0.9381	4.1	1.5
2569	2000	140	11923.2	7.4	14.3	1.1297	3.5	6.8
2569	2000	141	15206.4	2.7	15.8	0.9451	2.7	0.6
2569	2000	142	8812.8	1.1	14.1	0.9599	1.4	4.1
2569	2000	143	12528	5.4	16.4	1.1465	1.7	4.8
2569	2000	144	15379.2	4	18.7	1.0604	3	1.1
2569	2000	145	12441.6	11.7	18.3	1.4988	2.6	10.7
2569	2000	146	12873.6	8.9	16.2	1.1622	5.2	4.3
2569	2000	147	19872	8	18.3	0.9972	3	0
2569	2000	148	18144	7.7	17.6	0.9943	6	5.3
2569	2000	149	8035.2	8.1	15.5	1.0648	7	4.1
2569	2000	150	14688	6.1	14.2	1.0411	4.3	3.3
2569	2000	151	15465.6	4.3	16.1	1.0445	1.5	1.7
2569	2000	152	22464	5.6	18.5	1.0122	1.2	0
2569	2000	153	11923.2	6.6	20.7	1.2018	3.1	0.2
2569	2000	154	23500.8	10	23.1	1.5232	2.9	0
2569	2000	155	21168	9.8	23	1.6205	2.4	9.5
2569	2000	156	16243.2	9.8	22.4	1.5167	2.9	0.9
2569	2000	157	5011.2	11.2	16.3	1.461	2.7	7.7
2569	2000	158	9417.6	8.3	15.9	1.2976	3.3	1.8
2569	2000	159	16416	4.8	17.8	1.1907	3.4	2.6
2569	2000	160	28598.4	2.7	21	0.9434	2.2	0
2569	2000	161	27475.2	12.9	29.9	1.6027	2.9	1.1
2569	2000	162	15120	14.1	22.3	1.7111	2.2	0
2569	2000	163	24451.2	9.9	21.6	1.2688	2.3	0
2569	2000	164	24451.2	10.2	21.7	1.3756	3.6	0
2569	2000	165	22636.8	12.7	24.2	1.7593	3	0
2569	2000	166	8380.8	14.2	21.3	1.7446	3	0.6
2569	2000	167	18489.6	7.3	19.9	1.1824	3.8	1.2
2569	2000	168	20304	3.1	17.6	0.9043	2.5	0
2569	2000	169	28857.6	1.6	20.9	0.8801	0.8	0
2569	2000	170	26870.4	8.6	28.5	1.3011	1.8	0
2569	2000	171	28684.8	12.2	32.6	1.4871	2.7	0
2569	2000	172	27302.4	15.6	33.4	1.7795	2.3	0
2569	2000	173	19612.8	15.8	27.4	1.6739	4	1.2
2569	2000	174	14083.2	14.3	21.5	1.4744	3.5	0.4
2569	2000	175	15120	12.2	19.8	1.3981	4.5	2
2569	2000	176	13651.2	10.5	17.2	1.344	3.8	7.1
2569	2000	177	11664	9.9	16.4	1.2238	3.8	0.9
2569	2000	178	16934.4	4.9	16.7	0.9318	4	0
2569	2000	179	21513.6	4.7	18	0.9128	3.1	0
2569	2000	180	17798.4	4.3	17.2	0.89	3.3	0
2569	2000	181	17107.2	6.5	17.6	0.9981	3	0
2569	2000	182	19094.4	6.8	19.3	1.0507	1.8	0
2569	2000	183	7689.6	4	16.2	1.1117	0.8	6.4
2569	2000	184	19440	11	24.6	1.6077	1.3	0.2
2569	2000	185	17884.8	11.6	24.9	1.7165	1.7	2.7
2569	2000	186	19612.8	9.8	24.5	1.6212	2	11.5
2569	2000	187	7516.8	14.6	19	1.7577	2.6	2.2
2569	2000	188	22723.2	11.8	21.6	1.4618	2.6	0.3
2569	2000	189	15897.6	6.1	18.5	1.0861	4.2	0
2569	2000	190	14256	5.9	17.7	1.1616	2.8	0.1
2569	2000	191	5011.2	12.2	14	1.4005	4.1	1.8
2569	2000	192	16675.2	11.9	17.8	1.4	5.4	12.8
2569	2000	193	13651.2	11.4	18.2	1.446	4.6	1.6
2569	2000	194	17193.6	6.2	17.9	1.0824	3.9	0.4
2569	2000	195	6048	7.7	16	1.2903	2.9	4.1
2569	2000	196	12441.6	10.4	15.8	1.3553	2.9	6.8
2569	2000	197	12960	10.1	16.7	1.3514	3	9.2
2569	2000	198	12096	11.4	18.4	1.4384	2.6	0.8
2569	2000	199	7171.2	11.8	16	1.396	2.5	0.2
2569	2000	200	13651.2	9.2	16.3	1.1922	3.1	0.4
2569	2000	201	6998.4	10.2	17.3	1.3196	3.8	0.4
2569	2000	202	20736	12	21.7	1.4183	3.3	0
2569	2000	203	24969.6	12.4	21.2	1.3374	3.6	0
2569	2000	204	10886.4	13.1	22	1.7829	2.1	6.5
2569	2000	205	14860.8	12.4	22	1.7047	2	0
2569	2000	206	16502.4	12.9	25.1	1.8208	3.1	3.1
2569	2000	207	10800	13.8	21.6	1.8402	2.3	1.7
2569	2000	208	8121.6	13.8	20.2	1.722	2.2	0
2569	2000	209	13478.4	14	22.8	1.7327	1.4	8.2
2569	2000	210	6825.6	13	19.2	1.736	1.9	10.7
2569	2000	211	7862.4	10.5	19.9	1.6561	0.7	0.1
2569	2000	212	13392	9.8	21	1.5727	1.8	0
2569	2000	213	17712	10.7	22.8	1.5426	1	0
2569	2000	214	20044.8	14.4	27.8	1.7983	2.5	18.3
2569	2000	215	17452.8	15.3	22.2	1.7494	3.4	2.6
2569	2000	216	20131.2	12.1	23	1.4624	3.1	0
2569	2000	217	14774.4	9.8	23.4	1.6035	1.3	0
2569	2000	218	19872	9.3	21.7	1.4421	1.3	0
2569	2000	219	17798.4	9.4	24.1	1.5617	2.1	0
2569	2000	220	14515.2	10.7	22.1	1.546	1.7	0
2569	2000	221	12787.2	9.4	23.1	1.5866	2.4	0
2569	2000	222	17452.8	8.1	23.3	1.425	1	0
2569	2000	223	7776	17.1	21.2	1.8822	3.2	0.8
2569	2000	224	12355.2	10.2	22.9	1.5608	1.5	0
2569	2000	225	22118.4	10.5	23.9	1.5872	1.3	0
2569	2000	226	20390.4	10	27.8	1.5479	1.5	0
2569	2000	227	16156.8	15.4	28.2	1.877	1.8	0
2569	2000	228	13651.2	11.4	24.2	1.6484	3.1	0
2569	2000	229	15206.4	11.8	23.9	1.5923	2.8	1.8
2569	2000	230	17625.6	10	23.9	1.5044	3.7	8.1
2569	2000	231	16502.4	11	22.4	1.3859	2	1.1
2569	2000	232	9849.6	14.8	23	1.8313	2.1	6.5
2569	2000	233	16848	14.6	23.1	1.7604	1.9	11.5
2569	2000	234	12614.4	12	19.6	1.488	1.7	1.2
2569	2000	235	13824	8.6	21.4	1.4647	1.4	0
2569	2000	236	20044.8	6.9	20.8	1.1859	2.3	0
2569	2000	237	21168	6.5	23.2	1.1976	2.2	0
2569	2000	238	11836.8	10.9	22	1.4948	1.3	0
2569	2000	239	19872	11.6	25.3	1.3778	3.6	0
2569	2000	240	3196.8	14.4	18.7	1.7864	2	21.3
2569	2000	241	12528	8.8	21.2	1.4647	2.6	0
2569	2000	242	10540.8	7.5	19.7	1.4157	2	7.9
2569	2000	243	16329.6	5.6	20.2	1.2634	1.3	0
2569	2000	244	17193.6	6.3	20.4	1.3011	1.4	0
2569	2000	245	7862.4	9.3	20	1.482	3	2
2569	2000	246	7084.8	11.5	17.2	1.5189	2.9	9.5
2569	2000	247	7430.4	10.6	16.4	1.3911	3.6	2.1
2569	2000	248	9849.6	7.6	17	1.2433	2	1
2569	2000	249	11750.4	9.6	18.8	1.3425	2.5	0
2569	2000	250	4579.2	10	16.4	1.3642	4.7	7.8
2569	2000	251	8553.6	12.4	18.9	1.4915	4.5	6.3
2569	2000	252	3196.8	13.4	18.9	1.6865	4.5	0.6
2569	2000	253	3456	14.1	19.6	1.8399	2.3	0
2569	2000	254	11664	12.6	23	1.8519	1.2	0
2569	2000	255	12960	11	22.6	1.7386	2.4	0
2569	2000	256	10627.2	13.9	25	1.895	3.1	0
2569	2000	257	8121.6	11.3	19.7	1.5652	3.4	0
2569	2000	258	10886.4	11.3	20.5	1.5516	1.3	0
2569	2000	259	7862.4	12.8	21.3	1.7275	2.6	1.8
2569	2000	260	10281.6	7.7	18.7	1.349	2.4	16.3
2569	2000	261	4320	7.2	17	1.354	1.9	5
2569	2000	262	9158.4	12.7	19.7	1.6184	2.3	0
2569	2000	263	14860.8	11.5	21	1.4944	4.7	0
2569	2000	264	2505.6	9.9	13.8	1.2209	3	5.5
2569	2000	265	2937.6	9.2	11.7	1.2265	1.7	19.5
2569	2000	266	13132.8	8.1	19.7	1.396	2.2	0
2569	2000	267	14083.2	9.3	18.7	1.3093	2.9	0
2569	2000	268	15292.8	8.6	19.7	1.1447	4.3	0
2569	2000	269	12441.6	10.4	19.3	1.4844	2.2	4.1
2569	2000	270	4924.8	12.4	21.1	1.714	2.1	7.7
2569	2000	271	8208	14.3	18.9	1.6223	3	0
2569	2000	272	3628.8	14.3	19.4	1.6866	3.5	3.2
2569	2000	273	10195.2	11.3	24	1.6329	2.2	0
2569	2000	274	7171.2	10.4	22.5	1.7004	1.8	0
2569	2000	275	950.4	12	15.7	1.5496	2.6	5.8
2569	2000	276	8812.8	10.8	17.7	1.428	3.2	0
2569	2000	277	7948.8	8.5	17.4	1.2974	3	0.2
2569	2000	278	3196.8	9.8	14.3	1.2933	2.8	0.3
2569	2000	279	6220.8	8.9	16.5	1.3203	2.9	1.3
2569	2000	280	5702.4	3.8	13.7	1.0378	2.8	1.4
2569	2000	281	8899.2	2.7	12.6	0.9317	2	0
2569	2000	282	3110.4	4.3	10.8	0.9566	3.2	4
2569	2000	283	9590.4	6.2	14	1.0252	3	1.8
2569	2000	284	5184	7.2	11.6	0.99	6.2	4.1
2569	2000	285	5270.4	7.3	13.6	1.0242	5.6	9.1
2569	2000	286	8726.4	8.5	15.5	1.0649	3.9	0
2569	2000	287	5356.8	7.3	15.4	1.1275	2.7	0
2569	2000	288	5270.4	3.8	13.1	1.0722	1.6	0
2569	2000	289	1728	5.8	13.5	1.1866	2.9	0
2569	2000	290	5356.8	10.5	18.1	1.4164	5	0.3
2569	2000	291	5961.6	3.4	14.7	1.0475	3.5	1.1
2569	2000	292	6739.2	2.8	14	0.8923	3	0
2569	2000	293	2160	2.8	14.3	1.0573	2.4	2.8
2569	2000	294	5356.8	1	14.5	1.0119	2.6	0
2569	2000	295	4924.8	10.5	17.9	1.3749	2.9	0
2569	2000	296	8553.6	10.2	19.8	1.4136	2.3	0
2569	2000	297	7344	10.9	19.3	1.4227	4.1	2.2
2569	2000	298	3456	11.1	13.6	1.2187	6	0
2569	2000	299	950.4	10.7	13.8	1.1822	6.6	1
2569	2000	300	5875.2	7.1	13.6	1.0174	4.7	1.7
2569	2000	301	1296	7.6	11.6	1.1348	5.2	7.9
2569	2000	302	1209.6	11.6	14.2	1.3526	5.1	2.6
2569	2000	303	4838.4	7.4	13.3	0.9797	7.9	2.6
2569	2000	304	604.8	7.9	13.5	1.0414	9.7	12
2569	2000	305	1382.4	7.6	10.8	0.9651	7.3	0.9
2569	2000	306	2246.4	5.6	10.5	0.9359	6.1	4.3
2569	2000	307	4665.6	5.1	12.4	0.925	5.4	3
2569	2000	308	4320	5.4	11.4	0.9144	4.1	0
2569	2000	309	4924.8	4.4	9.9	0.9004	4.1	0.2
2569	2000	310	6134.4	4.2	10.2	0.8528	4.3	0
2569	2000	311	1728	5.8	8.8	0.7871	5.8	0.6
2569	2000	312	2592	5.6	11.5	0.9348	4.2	1.1
2569	2000	313	1036.8	7.4	9.4	0.9915	5.5	7.2
2569	2000	314	1382.4	6.6	9.5	0.9252	6.2	0.8
2569	2000	315	2678.4	5.3	9.3	0.8688	5.5	0.8
2569	2000	316	2851.2	5.3	10.3	0.825	6.1	0.4
2569	2000	317	1468.8	7.5	10.8	0.9387	5.6	8.3
2569	2000	318	3283.2	6.7	10.6	1.0308	3.1	0.2
2569	2000	319	3369.6	1.9	9.4	0.8303	2.6	0
2569	2000	320	2851.2	4.9	9.1	0.8812	4	2.1
2569	2000	321	3369.6	5.5	9.6	0.8526	5.1	0.6
2569	2000	322	3628.8	3.5	7.7	0.8365	3.5	0.6
2569	2000	323	1987.2	3.5	8.5	0.8226	5.7	2.8
2569	2000	324	1036.8	7.2	8.9	0.9467	6	2
2569	2000	325	1209.6	4.4	8.3	0.8331	4.1	3.3
2569	2000	326	3628.8	3.1	8.8	0.7639	3.7	0.9
2569	2000	327	1987.2	5.9	11	0.9175	5.6	1.4
2569	2000	328	1382.4	5	10.5	0.9592	3.3	1.4
2569	2000	329	1209.6	4.7	9.6	0.8903	4.2	0.2
2569	2000	330	2419.2	3.6	8.6	0.753	4	0
2569	2000	331	2332.8	4.8	9.5	0.9004	5	5.5
2569	2000	332	3801.6	4.5	8.5	0.8515	4.1	0
2569	2000	333	604.8	6.4	13.9	1.1402	4.7	4.7
2569	2000	334	3369.6	9.5	15.1	1.1575	3.8	0
2569	2000	335	3024	5.5	12.2	1.0221	2.9	0
2569	2000	336	2419.2	8.5	14.7	1.1327	4	0.3
2569	2000	337	2764.8	8.2	13.1	1.166	3.3	0
2569	2000	338	1123.2	4.9	11.1	0.9864	3.8	1.3
2569	2000	339	2592	4.7	10.5	0.8555	4.4	0.1
2569	2000	340	3110.4	7.7	12.6	0.9667	3.8	0.1
2569	2000	341	604.8	9.3	12.3	1.113	3.4	4.7
2569	2000	342	1900.8	7.9	10.6	1.0617	3.4	1.6
2569	2000	343	1900.8	10.3	14.9	1.0785	6	0.6
2569	2000	344	2073.6	8.7	11.3	0.9816	6.1	0
2569	2000	345	691.2	7.9	11	1.0052	6.5	6
2569	2000	346	2332.8	9.1	12.9	1.1017	6.5	7.3
2569	2000	347	518.4	11.9	13.7	1.3586	6.5	4.3
2569	2000	348	1036.8	8	13.1	0.9674	9.6	2.1
2569	2000	349	1555.2	5.7	9.5	0.8868	6.1	1.8
2569	2000	350	1296	3.5	7	0.7987	6.5	5.6
2569	2000	351	2160	1.6	5	0.7198	5.7	6.3
2569	2000	352	2937.6	0.5	5.2	0.6897	3.3	0
2569	2000	353	1123.2	-3.1	4.5	0.5785	1.8	0.1
2569	2000	354	2419.2	-4.2	1.8	0.5429	3.3	0
2569	2000	355	3888	-1	2.4	0.5271	5.4	0
2569	2000	356	3369.6	-3.7	1.8	0.3934	4.1	0
2569	2000	357	3715.2	-7.6	2.1	0.3794	1.8	0
2569	2000	358	4060.8	-8.5	1.5	0.4154	1.3	0
2569	2000	359	1814.4	-0.8	1	0.597	2.9	5.1
2569	2000	360	2160	-6	0.1	0.4623	5	4
2569	2000	361	1728	-5.7	-1.9	0.4154	4.1	0
2569	2000	362	1036.8	-1.9	-0.5	0.5318	2.8	0.6
2569	2000	363	1382.4	-1	1.5	0.5786	4.3	2.3
2569	2000	364	2678.4	-1.4	1.5	0.5458	5.8	0.1
2569	2000	365	1036.8	-1	1.8	0.5975	4.5	1.1
2569	2000	366	2332.8	-3.6	0.8	0.535	2.7	0
