*---------------------------------------------------------------------------*
* Station name: TWENTHE-1                               
* Year: 2009
* Author: Pedro Alencar                                   -999.000: NIL VALUE
* Source: ECAD 
* Comments: 
* Longitude: 52.2667, latitude: 52.2667, altitude: 35 m.
*
* Column  Daily value
* 1       station number
* 2       year
* 3       day
* 4       irradiation                   (kJ m-2 d-1)
* 5       minimum temperature           (degrees Celsius)
* 6       maximum temperature           (degrees Celsius)
* 7       early morning vapour pressure (kPa)
* 8       mean wind speed (height: 2 m) (m s-1)
* 9       precipitation                 (mm d-1)
*
** WCCDESCRIPTION=GERMANY, TWENTHE-1                               
** WCCFORMAT=2
** WCCYEARNR=2009
*---------------------------------------------------------------------------*
   52.2667  6.9    35.  -0.18 -0.55
2569	2009	1	691.2	-5.7	-0.1	0.4838	1.7	0.7
2569	2009	2	1555.2	-9.7	1	0.4295	1.7	0.5
2569	2009	3	1123.2	-10	1.2	0.4103	2.3	0
2569	2009	4	604.8	0.1	2.3	0.6397	4.1	10.5
2569	2009	5	1987.2	-7.5	0.2	0.4154	3	0.8
2569	2009	6	4147.2	-15.4	-3.5	0.2541	1.5	0
2569	2009	7	864	-10.3	-2	0.3708	2.3	0.4
2569	2009	8	1036.8	-8.8	-3.8	0.378	1.6	0
2569	2009	9	3196.8	-13.7	-0.9	0.3323	0.5	0
2569	2009	10	4492.8	-14	-2.7	0.2835	1.6	0
2569	2009	11	4406.4	-6.4	1.9	0.3523	5	0
2569	2009	12	2419.2	1.4	5.5	0.4615	7.5	0.4
2569	2009	13	864	3.1	4.5	0.7857	5.3	5.5
2569	2009	14	864	2.2	4.4	0.7663	2.5	0.5
2569	2009	15	3456	-0.8	5.5	0.6657	2	0
2569	2009	16	2592	-0.9	3	0.5603	2.7	0
2569	2009	17	1036.8	2.2	6.5	0.75	4.9	0.3
2569	2009	18	864	1.9	7.7	0.7482	6.3	4.2
2569	2009	19	864	1.6	8.9	0.7632	5.8	3.7
2569	2009	20	2332.8	1.3	5.7	0.6437	4.5	0
2569	2009	21	2419.2	0.2	5.2	0.6454	2.7	0
2569	2009	22	1987.2	1.1	6.4	0.6472	5.5	1
2569	2009	23	950.4	2.9	6.7	0.817	5	13.6
2569	2009	24	1555.2	0.1	5.8	0.7022	3.8	0.3
2569	2009	25	5270.4	0.1	6.2	0.6356	3.2	0
2569	2009	26	5270.4	-1.2	6.1	0.634	3.4	0
2569	2009	27	3801.6	-1.3	2.6	0.5764	1.8	0
2569	2009	28	2332.8	-3.3	0.4	0.5441	2.1	0
2569	2009	29	6912	-5.9	2.4	0.4569	2.7	0
2569	2009	30	6652.8	-3.3	3.1	0.5095	3.3	0
2569	2009	31	4233.6	-2.3	2.3	0.4521	4.9	0
2569	2009	32	3283.2	-3.4	-0.8	0.3876	5	0
2569	2009	33	3888	-1.4	4.4	0.5039	5.4	0
2569	2009	34	5270.4	-1.3	7.5	0.5647	1.9	0.2
2569	2009	35	1209.6	0.2	1.5	0.4808	1.3	0.7
2569	2009	36	2160	0.1	7.2	0.5871	2.7	0.6
2569	2009	37	6307.2	-1.6	10.4	0.6188	2	0
2569	2009	38	604.8	-1.7	3	0.4739	1.8	1.7
2569	2009	39	5270.4	-1.4	4.5	0.5057	3.5	0.1
2569	2009	40	1296	-0.2	3.1	0.5021	3.6	4.8
2569	2009	41	1209.6	0.5	7.6	0.6038	5	12.9
2569	2009	42	4147.2	-1.6	5.1	0.513	3.9	0.8
2569	2009	43	7689.6	-2.4	4.7	0.4913	2.9	0
2569	2009	44	1555.2	-1.7	2.6	0.4671	3	2.8
2569	2009	45	7344	-6.4	3.6	0.4082	1.9	0
2569	2009	46	3283.2	-7	2.1	0.3777	3.4	5
2569	2009	47	1900.8	1.9	6.8	0.6167	3.3	7.5
2569	2009	48	2678.4	-2	5.6	0.5148	3	2.2
2569	2009	49	6220.8	-5.4	2.4	0.4052	1.3	0
2569	2009	50	3196.8	-4.1	2.8	0.4312	2.5	3.4
2569	2009	51	2073.6	1.9	6.4	0.6081	3.4	1.6
2569	2009	52	3974.4	2.2	6.8	0.6232	2.6	1.4
2569	2009	53	1728	4.8	7.4	0.6965	4.4	0.4
2569	2009	54	2419.2	4.3	6.6	0.6659	4.8	0.2
2569	2009	55	2160	2.9	4.6	0.5912	2.1	0
2569	2009	56	3369.6	2.8	6.7	0.6342	4.3	1
2569	2009	57	3888	4.5	8.4	0.7135	5.7	4.6
2569	2009	58	1987.2	5.8	8.1	0.7385	4.3	2.8
2569	2009	59	1123.2	4.5	8.6	0.7185	2.4	1.9
2569	2009	60	4320	0	9.9	0.8169	1.8	0.3
2569	2009	61	2160	-0.9	8.4	0.743	3.3	0
2569	2009	62	6048	-0.3	8.7	0.6597	4	0
2569	2009	63	6825.6	4.2	10.6	0.6998	4.3	0
2569	2009	64	1900.8	3.8	6.1	0.843	3.4	4.3
2569	2009	65	1036.8	3.8	5.2	0.8085	5.3	20.5
2569	2009	66	11836.8	-0.5	8	0.6871	3.8	0
2569	2009	67	7516.8	2.8	10.8	0.7902	5.8	5
2569	2009	68	4060.8	1.8	7	0.7025	5.7	0.4
2569	2009	69	2764.8	3.8	5.9	0.794	3.8	5.5
2569	2009	70	8899.2	-0.8	9.9	0.7099	3.6	0.4
2569	2009	71	1468.8	4.3	8.9	0.906	4.3	2.8
2569	2009	72	10368	1.6	11.5	0.8156	2.6	0
2569	2009	73	6998.4	5.5	14.2	0.9961	4	0.5
2569	2009	74	3024	5.7	8.7	0.9137	4.7	1.5
2569	2009	75	5616	4.9	9.3	0.8974	2.1	0
2569	2009	76	11404.8	-2.5	11.9	0.6832	2.9	0
2569	2009	77	9936	-2.5	10.4	0.6563	1	0
2569	2009	78	11750.4	-2.5	11.3	0.6356	2.9	0
2569	2009	79	16675.2	-4.9	9.3	0.5011	1.6	0
2569	2009	80	16675.2	-4.1	12	0.5348	2	0
2569	2009	81	9849.6	1	11.8	0.7591	5.3	0.9
2569	2009	82	2851.2	1.5	8.7	0.7728	6.8	7.5
2569	2009	83	13132.8	-2.6	8.2	0.5603	4.3	0.4
2569	2009	84	5184	1.2	8.1	0.8	4.6	11
2569	2009	85	3196.8	4.4	8.7	0.9126	5.1	5.6
2569	2009	86	10627.2	3.9	9.4	0.7625	5.4	0.8
2569	2009	87	3801.6	3.4	7	0.8224	3	15.6
2569	2009	88	9331.2	-2	8.3	0.6663	2.2	0.2
2569	2009	89	15465.6	-3.6	11.2	0.6013	1.6	0
2569	2009	90	18230.4	-3.3	14.3	0.6682	1.7	0
2569	2009	91	17280	-1.7	15.8	0.7838	3.8	0
2569	2009	92	18403.2	5.8	17.9	0.9434	4.3	0
2569	2009	93	17798.4	4.4	23.3	1.1069	1.4	0
2569	2009	94	4924.8	4.6	12.5	0.9571	2.7	0
2569	2009	95	12700.8	3.3	15.5	0.9193	1.7	0.1
2569	2009	96	15552	2.7	19.7	0.9037	2.2	0
2569	2009	97	12873.6	9.1	19	1.1373	3.3	1.6
2569	2009	98	11491.2	7.9	15.5	1.1265	5.1	1.3
2569	2009	99	10972.8	6.3	18	1.1603	2.4	0
2569	2009	100	18748.8	10.4	23.8	1.1293	3.4	0
2569	2009	101	16848	5.4	22.5	1.0186	2.6	0
2569	2009	102	13305.6	8.5	21.7	1.2856	1.5	0
2569	2009	103	10972.8	7.8	19.5	1.3891	1.6	0
2569	2009	104	17366.4	5.7	20.5	1.2198	1.9	0
2569	2009	105	20822.4	7.2	23.5	1.0451	3.3	0
2569	2009	106	16329.6	10.2	23.4	1.1081	2.9	0.2
2569	2009	107	17798.4	7.3	18.2	0.8684	4.3	0.1
2569	2009	108	22550.4	2.9	19	0.7843	3.9	0
2569	2009	109	17539.2	4.9	18.3	0.9143	2.9	0
2569	2009	110	22636.8	2.6	20.6	0.8734	2.8	0
2569	2009	111	23155.2	1.9	20.7	0.8696	2.1	0
2569	2009	112	19008	3.9	16	0.9049	3.9	0
2569	2009	113	17971.2	3.2	16.2	0.8899	1.6	0
2569	2009	114	22636.8	1.8	20.4	0.7658	3.7	0
2569	2009	115	19958.4	10.1	21.6	0.9712	4	0
2569	2009	116	19008	10	21.7	1.223	2.5	1.9
2569	2009	117	13132.8	6.2	16.7	1.0269	3.7	2.2
2569	2009	118	5875.2	3.1	12.4	0.9803	1.9	4.6
2569	2009	119	14860.8	1.2	15.2	0.8694	1.5	0
2569	2009	120	13651.2	1.8	17.7	0.9653	1.5	0
2569	2009	121	22809.6	6.4	21.4	1.2691	1.6	0
2569	2009	122	19440	4.5	20.7	1.0785	2.3	0
2569	2009	123	10195.2	5.1	15	0.9356	3.8	0.3
2569	2009	124	13910.4	2.9	14.8	0.7496	3	0
2569	2009	125	8208	7.6	14.2	1.1205	5.3	4.8
2569	2009	126	4752	10.4	13.4	1.2945	5.1	11.8
2569	2009	127	19699.2	7.9	17.8	1.1408	4	0
2569	2009	128	12873.6	6.1	18.2	0.9622	4.8	0.2
2569	2009	129	20563.2	5	17.7	0.8725	2.4	0
2569	2009	130	23673.6	3.9	20.7	0.886	2.2	0
2569	2009	131	19958.4	5.5	17.8	0.8763	5.8	0
2569	2009	132	26352	4.9	18.1	0.705	5	0
2569	2009	133	26697.6	7.9	20.3	0.8357	4.5	0
2569	2009	134	11318.4	11.6	19	0.9029	4.4	0
2569	2009	135	8726.4	10.1	21.6	1.5107	3.3	7.1
2569	2009	136	17971.2	7.4	18	1.0123	3.8	0
2569	2009	137	10886.4	11.2	18.7	1.3242	3.2	7.8
2569	2009	138	19699.2	6.7	19.2	1.014	4	0
2569	2009	139	19267.2	8.3	21.4	1.2145	2.2	0.4
2569	2009	140	23932.8	7.6	21.2	1.0651	2	0
2569	2009	141	18057.6	4.9	21.2	1.0807	2.5	0
2569	2009	142	19699.2	3.7	18.3	1.0361	2.8	4.3
2569	2009	143	24364.8	8.3	21.2	1.1229	1.6	0
2569	2009	144	28339.2	6.5	23.5	1.1411	2.8	0
2569	2009	145	24796.8	8.3	25	1.3815	2.3	0
2569	2009	146	14515.2	8.6	23.3	1.4118	5.5	1.8
2569	2009	147	17366.4	8.1	17.6	0.9926	5.4	0.3
2569	2009	148	15033.6	4	19.2	1.0235	4.1	1.5
2569	2009	149	29635.2	1.6	21.2	0.8485	3.1	0
2569	2009	150	26352	8.9	22.5	1.0332	3.9	0
2569	2009	151	27302.4	11.2	24.2	1.274	3.4	0
2569	2009	152	23846.4	10.7	26.1	1.3101	3.8	0
2569	2009	153	28339.2	9.5	23.5	1.1622	4.3	0
2569	2009	154	15206.4	7.4	16.7	0.8856	4.5	0
2569	2009	155	15292.8	4.7	15.8	0.8235	4.1	0
2569	2009	156	14256	3.2	15.7	0.8633	2.2	0
2569	2009	157	15465.6	3.2	16.5	0.8625	3.6	1.3
2569	2009	158	12355.2	8.4	16.3	1.19	2.3	5.7
2569	2009	159	24019.2	8.1	18.9	1.0356	3	0
2569	2009	160	13219.2	11.8	20.5	1.4849	3.6	11.5
2569	2009	161	18921.6	11.2	19	1.337	3.6	8.8
2569	2009	162	9331.2	7.8	16.9	1.2617	3.6	16
2569	2009	163	24105.6	4.6	17.9	0.9467	4.3	0
2569	2009	164	29721.6	0.9	20.5	0.8871	1.8	0
2569	2009	165	11577.6	10.3	20	1.3929	2.4	2.3
2569	2009	166	8985.6	10.2	17.8	1.3412	1.6	0
2569	2009	167	16156.8	6.2	19	1.1806	2.1	2.7
2569	2009	168	23500.8	4	23	1.0202	2.2	0
2569	2009	169	19699.2	12.8	21.9	1.3056	3.5	0.3
2569	2009	170	19872	10.3	19.1	1.136	4.6	1.3
2569	2009	171	15638.4	10.3	16.7	1.2365	2.8	8.7
2569	2009	172	17625.6	5	17.2	1.109	2.3	3.9
2569	2009	173	19267.2	6	20	1.167	2.6	0
2569	2009	174	24192	6.2	23	1.1951	4	0
2569	2009	175	29462.4	9.3	25	1.172	4.2	0
2569	2009	176	27820.8	13.4	25.8	1.5256	3.8	0
2569	2009	177	17452.8	15	25.2	1.785	3.3	0
2569	2009	178	18144	16.4	25.4	1.9244	2.6	0
2569	2009	179	16329.6	15.1	25.6	1.8366	1.7	0
2569	2009	180	24969.6	14.8	28.6	1.9433	1.8	0.4
2569	2009	181	25315.2	14.7	27.8	1.7897	2.7	0
2569	2009	182	26870.4	15.1	28.8	1.9205	2.7	0
2569	2009	183	26179.2	14.6	30.1	1.7791	2.7	0
2569	2009	184	18489.6	15.4	31.5	2.2183	2.1	33.3
2569	2009	185	23932.8	11.7	25.6	1.6098	2.8	0
2569	2009	186	27043.2	10	27.3	1.4595	1.5	8.3
2569	2009	187	21081.6	12.4	24.4	1.6271	3.2	5
2569	2009	188	17539.2	13	20.9	1.5237	4.6	3.2
2569	2009	189	8640	13	19	1.616	4.6	13.3
2569	2009	190	14860.8	11.4	19.6	1.4245	4.3	1.8
2569	2009	191	6825.6	10.8	15.7	1.323	5.4	21.4
2569	2009	192	14515.2	10.6	20	1.389	2.5	0.9
2569	2009	193	8640	10.8	20.5	1.6158	2.8	4.7
2569	2009	194	22550.4	12.3	23.3	1.5059	3	0
2569	2009	195	21945.6	10.5	25.9	1.5651	1.9	0.3
2569	2009	196	25142.4	12.5	25.6	1.4524	3.9	0
2569	2009	197	26784	12	25.7	1.3475	3	0
2569	2009	198	14515.2	17	23.7	1.5504	4.2	0.6
2569	2009	199	11318.4	12.7	17.6	1.3757	5	0.7
2569	2009	200	14860.8	12.7	20	1.4668	3.9	1.8
2569	2009	201	18316.8	10.3	20.8	1.3409	4.3	3.7
2569	2009	202	20476.8	9.7	26.7	1.5859	2.1	4.5
2569	2009	203	15552	17.3	26.8	2.1175	3.4	16.1
2569	2009	204	8726.4	14.3	19.9	1.7524	2.4	13.9
2569	2009	205	18230.4	13	21.2	1.6161	3.7	9.2
2569	2009	206	17539.2	8.5	21	1.3743	4.5	3
2569	2009	207	23673.6	8.4	23.7	1.2204	3.1	0
2569	2009	208	19440	13	27.2	1.5971	4	1.5
2569	2009	209	16329.6	11.1	22.2	1.4761	3.2	0
2569	2009	210	19267.2	14.8	26.5	1.4821	2.4	0.5
2569	2009	211	19267.2	9.6	21.6	1.3275	5.5	4.8
2569	2009	212	22291.2	8.6	21.3	1.2393	1.8	0
2569	2009	213	19958.4	11.5	25.8	1.4381	2.1	0
2569	2009	214	5356.8	10.5	19.7	1.5256	2.4	12.7
2569	2009	215	16243.2	6.6	20.9	1.2568	1.4	0
2569	2009	216	25056	7.3	24.5	1.281	1	0
2569	2009	217	24624	12.4	27.2	1.3602	2.4	0
2569	2009	218	24451.2	15	28.5	1.4554	2.6	0
2569	2009	219	21686.4	18.2	30.3	1.9647	2.8	4.3
2569	2009	220	5097.6	16.8	20.1	1.9289	2.4	0.7
2569	2009	221	6048	15.4	19.7	1.8229	1.8	0.1
2569	2009	222	18403.2	13.9	23.8	1.8039	1.6	0.5
2569	2009	223	12787.2	14.2	23.3	1.8574	2.9	4.7
2569	2009	224	7776	13.7	20.3	1.664	3.4	1.2
2569	2009	225	14256	9.4	21.9	1.4738	2.3	0
2569	2009	226	21772.8	7	22.2	1.2615	1.5	0
2569	2009	227	21686.4	15.3	26.9	1.5735	4.4	0
2569	2009	228	17884.8	11.9	24.7	1.6799	2.9	0
2569	2009	229	13996.8	10.5	23.3	1.615	2.9	0
2569	2009	230	17971.2	10.7	24.5	1.5875	1.9	0
2569	2009	231	21254.4	14.4	29.8	1.8319	1.8	0
2569	2009	232	17020.8	15.3	35.2	2.0212	3.3	2.1
2569	2009	233	15811.2	11.1	22.7	1.442	3	0
2569	2009	234	17971.2	9.2	22.3	1.4117	1.9	0
2569	2009	235	21340.8	7.6	25.3	1.1959	2.2	0
2569	2009	236	21686.4	13.2	28	1.526	2.8	0
2569	2009	237	6307.2	10.3	20.8	1.5173	2.3	0.7
2569	2009	238	17539.2	10.8	24.4	1.4067	2.8	0
2569	2009	239	15638.4	11.6	25.1	1.5377	3.3	0
2569	2009	240	14169.6	10.9	21.9	1.3411	5.2	7.2
2569	2009	241	15206.4	9	18.6	1.2136	4.3	2.9
2569	2009	242	10108.8	9.2	18.5	1.2334	3.3	0.2
2569	2009	243	19699.2	12.5	25.1	1.3433	3.3	0
2569	2009	244	9244.8	14.6	25.7	1.7198	3.9	2.4
2569	2009	245	13564.8	12.9	21.6	1.4153	4	0
2569	2009	246	11318.4	12.3	19.5	1.3532	6.6	4.4
2569	2009	247	13132.8	11.5	17.9	1.2529	6.5	14.3
2569	2009	248	14083.2	10.8	18.5	1.3655	5.3	3.7
2569	2009	249	9849.6	8.2	18.6	1.2132	3	0
2569	2009	250	15724.8	11.1	22.8	1.4851	2.9	0
2569	2009	251	18230.4	10.3	27.2	1.5119	2.3	0
2569	2009	252	9676.8	13.4	22.3	1.6331	2.9	0.1
2569	2009	253	10800	7.5	19.3	1.2132	3.8	0
2569	2009	254	11836.8	4.8	19.6	1.1926	2.2	0
2569	2009	255	10454.4	7.4	20.3	1.344	2.1	0
2569	2009	256	9849.6	9.4	18.6	1.3572	3.4	1.6
2569	2009	257	8380.8	10.6	18.7	1.3821	4.4	1
2569	2009	258	5097.6	13.4	17.1	1.5922	3.6	12.4
2569	2009	259	7257.6	10.5	18.9	1.42	4.5	0
2569	2009	260	15206.4	5.6	17.9	1.1302	2.5	0
2569	2009	261	16070.4	2.6	21.4	1.1069	2.2	0
2569	2009	262	14342.4	10.2	25	1.6478	1.2	0
2569	2009	263	11318.4	8.9	22.7	1.6135	1.8	0
2569	2009	264	13219.2	5.7	18.7	1.2068	1.1	0
2569	2009	265	13651.2	6.7	21.3	1.2135	3.7	0
2569	2009	266	7171.2	11.7	20.1	1.5155	3.1	0
2569	2009	267	12009.6	4.8	19.5	1.132	1.9	0
2569	2009	268	7948.8	3.3	17.5	1.1216	1	0
2569	2009	269	10713.6	4.6	19.4	1.219	0.6	0
2569	2009	270	13219.2	2.7	19.8	1.1334	0.9	0
2569	2009	271	6480	4.9	18.3	1.2009	3	0
2569	2009	272	4233.6	12.8	17.7	1.6096	4	1.9
2569	2009	273	5097.6	11.1	15.4	1.4447	2.6	1.4
2569	2009	274	6912	6.1	15.6	1.0778	3.5	4.3
2569	2009	275	5011.2	6.7	13.3	1.0552	3	2.5
2569	2009	276	4147.2	9.9	14.4	1.1179	7.1	2.5
2569	2009	277	7776	4	15	0.9136	4.8	0
2569	2009	278	3283.2	1.3	12.7	0.8912	1.7	2
2569	2009	279	2937.6	9.6	18.2	1.5071	2.9	3.4
2569	2009	280	4924.8	11.3	20.4	1.6546	4.5	13.1
2569	2009	281	10281.6	2.1	15.6	0.9881	2.3	16.6
2569	2009	282	11923.2	0.1	13.7	0.7757	2.8	0
2569	2009	283	3715.2	7.9	16	1.3128	2.5	6
2569	2009	284	3456	8.4	13.5	1.2288	3.5	4.2
2569	2009	285	7603.2	4.3	13.2	0.9701	3.5	2.5
2569	2009	286	7084.8	-2.2	12.1	0.7561	2	0.6
2569	2009	287	10800	-3.9	9.4	0.6179	1.6	0
2569	2009	288	11664	-4.9	11	0.6312	2.2	0
2569	2009	289	6912	1.7	13.2	0.8778	5.4	4.9
2569	2009	290	9331.2	-2.5	12.4	0.7126	3.1	0
2569	2009	291	7948.8	-2.5	11.8	0.7234	1	0
2569	2009	292	5616	3.1	11.2	0.7891	3	0
2569	2009	293	9504	1.5	12	0.6792	4	0
2569	2009	294	7516.8	4.7	13.2	0.7775	4.7	0
2569	2009	295	3628.8	5	9.4	0.8528	2.3	1.8
2569	2009	296	5788.8	2.3	14.5	0.9915	1.4	0
2569	2009	297	3715.2	7.6	13.3	1.138	3.1	3.1
2569	2009	298	4665.6	10.8	15.7	1.3078	4.5	0.3
2569	2009	299	2332.8	11.1	13	1.2933	5.2	6.3
2569	2009	300	2764.8	5.6	12.9	1.0734	2	0
2569	2009	301	6480	6.1	15.7	1.0944	2	0
2569	2009	302	1987.2	5.6	13.6	1.1587	0.8	0
2569	2009	303	5443.2	6.3	14.6	1.1633	2.5	0
2569	2009	304	3196.8	4.6	11	0.899	2.1	0
2569	2009	305	2592	8.6	14.2	1.239	3.7	15.4
2569	2009	306	3888	5.5	13.2	1.0572	3	0.7
2569	2009	307	5529.6	3.8	11	0.8851	3.8	5.3
2569	2009	308	3888	6.1	10.3	0.989	3.7	0.6
2569	2009	309	1123.2	6.1	8.9	0.9637	4.7	6.8
2569	2009	310	3888	7.5	11.4	1.017	4.5	0.1
2569	2009	311	2505.6	5.2	9.6	0.9057	3.7	2.4
2569	2009	312	3196.8	-0.6	6.7	0.7452	2.1	0
2569	2009	313	950.4	5.3	7.8	0.8932	3.8	0
2569	2009	314	1036.8	5.6	7.3	0.9353	3.3	8.1
2569	2009	315	1296	6	9.1	0.9566	3.7	5.1
2569	2009	316	1123.2	3	9.4	0.8719	3.5	1.1
2569	2009	317	1987.2	8.8	16	1.1508	5.6	0.1
2569	2009	318	1641.6	11.5	15.5	1.1283	6.2	0.4
2569	2009	319	1555.2	7.1	12.3	1.0462	4.3	1.3
2569	2009	320	1123.2	6.1	13.8	1.0639	3.7	0.1
2569	2009	321	2419.2	8.1	12.5	1.0265	4.9	0
2569	2009	322	1296	8	13	1.053	8.1	1.6
2569	2009	323	4060.8	9.5	12.6	0.9606	6	0
2569	2009	324	4147.2	10.1	15.9	1.0622	5.3	0.1
2569	2009	325	4147.2	8.6	16.5	1.1622	3	0
2569	2009	326	3110.4	8.2	13.9	0.9738	6.6	5.2
2569	2009	327	1036.8	8.2	11.7	1.015	8	15.9
2569	2009	328	1296	9.1	13.7	1.1043	6.2	0.8
2569	2009	329	950.4	8.3	12.9	0.9578	7.3	2.8
2569	2009	330	1123.2	5.7	9.8	0.8327	6.9	3
2569	2009	331	1382.4	5.1	8.4	0.8367	5.9	1.7
2569	2009	332	864	3.1	8.7	0.7891	5.5	11.4
2569	2009	333	1900.8	8.4	11.7	0.8864	4.8	2
2569	2009	334	3542.4	1.9	9.3	0.7638	2	0
2569	2009	335	3456	-3.9	7.3	0.6009	1.3	0
2569	2009	336	2073.6	-1.4	7.1	0.6148	2.5	0.3
2569	2009	337	1468.8	5.9	11.4	0.9524	4.3	7.4
2569	2009	338	1382.4	3.5	6.9	0.7605	4.8	4.7
2569	2009	339	518.4	3.7	8.6	0.8312	5.1	5.3
2569	2009	340	1209.6	6.6	11.9	1.0384	4.8	6.9
2569	2009	341	2073.6	5.2	8.4	0.8396	3.7	0
2569	2009	342	604.8	3.7	7.9	0.8758	2.8	10.8
2569	2009	343	1382.4	3.8	8.5	0.8878	3.3	0.4
2569	2009	344	864	8.2	10	1.0973	4.1	12.8
2569	2009	345	864	2.9	8.6	0.836	3.5	0.3
2569	2009	346	1555.2	0.2	4.4	0.6056	4	0
2569	2009	347	1555.2	-1.2	3.2	0.5583	3	0
2569	2009	348	2505.6	-4.4	0.5	0.429	2	0
2569	2009	349	4320	-8.3	1.3	0.3776	1.5	0
2569	2009	350	1382.4	-8.3	-0.8	0.3664	2.6	0.4
2569	2009	351	1123.2	-4.8	-0.8	0.4178	3.2	0.9
2569	2009	352	1728	-10.4	-1.4	0.3149	3.7	0.2
2569	2009	353	2764.8	-16.3	-7.5	0.1771	2	0
2569	2009	354	777.6	-8	-0.4	0.3717	5.5	2.1
2569	2009	355	2678.4	-3.5	-0.8	0.3914	4	1.6
2569	2009	356	1209.6	-0.8	1.7	0.5934	3.6	1.4
2569	2009	357	1382.4	-3.2	1.1	0.532	3	0
2569	2009	358	3369.6	-4.1	2.1	0.5169	2.5	0
2569	2009	359	691.2	0.5	4.2	0.6729	5.9	16.4
2569	2009	360	3196.8	1.3	6.6	0.6887	5.8	0
2569	2009	361	1036.8	3.1	4.7	0.6863	6	1.2
2569	2009	362	2419.2	-5.3	7.2	0.6021	2.5	0.5
2569	2009	363	2246.4	-2.2	1	0.5439	3.6	2.5
2569	2009	364	518.4	-0.7	0.2	0.564	3.9	6
2569	2009	365	864	-1.4	-0.7	0.5376	4.5	2.1
