*---------------------------------------------------------------------------*
* Station name: TWENTHE-1                               
* Year: 2021
* Author: Pedro Alencar                                   -999.000: NIL VALUE
* Source: ECAD 
* Comments: 
* Longitude: 52.2667, latitude: 52.2667, altitude: 35 m.
*
* Column  Daily value
* 1       station number
* 2       year
* 3       day
* 4       irradiation                   (kJ m-2 d-1)
* 5       minimum temperature           (degrees Celsius)
* 6       maximum temperature           (degrees Celsius)
* 7       early morning vapour pressure (kPa)
* 8       mean wind speed (height: 2 m) (m s-1)
* 9       precipitation                 (mm d-1)
*
** WCCDESCRIPTION=GERMANY, TWENTHE-1                               
** WCCFORMAT=2
** WCCYEARNR=2021
*---------------------------------------------------------------------------*
   52.2667  6.9    35.  -0.18 -0.55
2569	2021	1	1728	-2	4.2	0.6351	2	0
2569	2021	2	864	2.6	3.6	0.7326	2.4	1.1
2569	2021	3	777.6	2.3	3.6	0.6569	4.5	1.2
2569	2021	4	691.2	1.6	3.3	0.6558	5.5	2.4
2569	2021	5	777.6	1.6	3.4	0.6655	4.4	0.1
2569	2021	6	1123.2	0.7	2.8	0.6308	2.7	0.7
2569	2021	7	1123.2	0.6	3.3	0.6751	2.6	3.1
2569	2021	8	1814.4	-1.5	3.3	0.6195	1.7	0.2
2569	2021	9	2246.4	-3.1	4.3	0.619	1.2	0.7
2569	2021	10	2937.6	-1.9	4.6	0.6197	2.9	0.2
2569	2021	11	432	1.4	5.9	0.7458	6.3	2.5
2569	2021	12	2592	-0.1	7.1	0.6987	4.8	11.1
2569	2021	13	2160	0	4.9	0.6194	5.2	0.8
2569	2021	14	1641.6	-5.3	1.3	0.4644	1.8	0
2569	2021	15	1036.8	-0.8	1.2	0.5393	2.1	0
2569	2021	16	1382.4	-1.1	1.7	0.537	3	0.9
2569	2021	17	1296	-0.9	5.2	0.699	2.7	1.8
2569	2021	18	1296	1.7	5.6	0.7378	5	1.1
2569	2021	19	691.2	4.1	10.1	0.9175	7.5	13.2
2569	2021	20	2678.4	6	10.6	0.7659	7.6	0
2569	2021	21	2764.8	5.1	11.5	0.8207	8	8.4
2569	2021	22	3024	-0.3	9.2	0.7385	4.9	3.9
2569	2021	23	3196.8	0	5.8	0.6696	3.2	0
2569	2021	24	3542.4	-1.8	5.2	0.6147	2.8	0.4
2569	2021	25	5270.4	-4.7	4.5	0.5338	2.5	2.1
2569	2021	26	4492.8	0.6	5.9	0.6864	3.7	3.3
2569	2021	27	1123.2	0.6	6.1	0.7224	4.4	4.4
2569	2021	28	1209.6	2	6.2	0.7861	2.8	5.9
2569	2021	29	1641.6	-0.2	9.7	0.7884	5.5	13.8
2569	2021	30	3628.8	-4	1.8	0.4736	3.8	0
2569	2021	31	6220.8	-7.5	1.5	0.4263	2.5	0
2569	2021	32	1728	-0.5	1.4	0.5808	2.1	0.1
2569	2021	33	1641.6	0.1	9.4	0.8399	2.4	3.1
2569	2021	34	1036.8	5.5	9.8	0.9945	3.5	13.7
2569	2021	35	3369.6	1.5	8.4	0.7908	3.8	0
2569	2021	36	3196.8	1.9	7.6	0.7884	2.3	0.2
2569	2021	37	1555.2	-2.5	4.1	0.5762	6.2	1.7
2569	2021	38	2160	-5.9	-2.4	0.3776	8.2	17.7
2569	2021	39	2332.8	-10.6	-5.4	0.2779	4.7	5.1
2569	2021	40	5011.2	-14.2	-2.7	0.278	2	0.1
2569	2021	41	4492.8	-7.8	-2.3	0.3318	3	0
2569	2021	42	9331.2	-13.1	-0.8	0.2942	1	0
2569	2021	43	8985.6	-9.8	-2.9	0.3005	3.4	0
2569	2021	44	31190.4	-13.2	-1.3	0.2449	2.9	0
2569	2021	45	9504	-10.8	3	0.2611	3.6	0
2569	2021	46	2073.6	-0.6	3.7	0.5057	5.2	2.9
2569	2021	47	4320	3.2	10.2	0.8534	4.3	0.9
2569	2021	48	3628.8	7	11	0.9637	5	0.2
2569	2021	49	4320	5.7	13	0.928	5.2	6.1
2569	2021	50	8121.6	2.9	10.4	0.7919	4.5	0
2569	2021	51	8467.2	7.9	16.3	1.0014	4.6	0
2569	2021	52	10108.8	5.1	18	0.8705	3.4	0
2569	2021	53	6566.4	5.8	16.8	0.7893	3.5	0
2569	2021	54	8553.6	7.4	18.3	0.9778	4.7	0
2569	2021	55	10454.4	8.7	18.7	1.0648	4.3	0
2569	2021	56	9676.8	7	17.4	1.0648	3.3	2.1
2569	2021	57	9417.6	3.2	11.1	0.7993	2.9	0
2569	2021	58	8812.8	-1.4	9.5	0.7099	1.5	0
2569	2021	59	10972.8	-2	10.8	0.7359	1.9	0
2569	2021	60	10886.4	0.1	10.2	0.7491	2.8	0
2569	2021	61	12009.6	-2	16	0.7911	1.9	0
2569	2021	62	8640	-0.3	13.7	0.824	2.4	0
2569	2021	63	2332.8	2	5	0.6908	2.8	0
2569	2021	64	13910.4	-5.1	6.5	0.4628	2.2	0
2569	2021	65	7689.6	-5.5	7.3	0.5217	1	0
2569	2021	66	5616	-4.7	5.3	0.4996	2	0
2569	2021	67	5270.4	2.7	6.7	0.7345	1.7	3.1
2569	2021	68	2764.8	0.2	7.5	0.7563	3	4.5
2569	2021	69	4579.2	-0.7	9.5	0.6941	4.5	2.2
2569	2021	70	4406.4	5.3	12.5	0.9002	9.6	9.5
2569	2021	71	5529.6	4.7	8.4	0.7767	6.9	4.2
2569	2021	72	5443.2	4.1	8.1	0.7718	8.6	11.1
2569	2021	73	9417.6	3.1	10.4	0.817	4.9	8.7
2569	2021	74	8553.6	3.1	9.2	0.7934	5	3.9
2569	2021	75	10627.2	3.8	10.1	0.7884	3.9	1
2569	2021	76	9331.2	-1.3	8.2	0.6258	3	1.4
2569	2021	77	6134.4	-2	7.8	0.6847	2	4
2569	2021	78	12873.6	-2.5	8.2	0.5623	3.2	0
2569	2021	79	11750.4	-4.8	8.2	0.5457	2.5	0.7
2569	2021	80	6652.8	3.1	7.8	0.7109	5	0.5
2569	2021	81	6652.8	2.4	8.3	0.7327	3	0.1
2569	2021	82	9504	0.5	10.5	0.7224	2.7	0
2569	2021	83	15552	-1.2	14.9	0.7731	3.1	0
2569	2021	84	9849.6	2.9	14.2	0.9014	2.7	0
2569	2021	85	12441.6	5	15.6	0.8638	5.3	0
2569	2021	86	9676.8	2	9.4	0.6867	5.9	3.8
2569	2021	87	7862.4	3.9	12.8	0.7685	5.5	0.3
2569	2021	88	18144	8.1	19.8	0.8753	5.3	0
2569	2021	89	18921.6	5.3	22.2	0.7855	2	0
2569	2021	90	18230.4	2.2	24.4	0.8391	1.8	0
2569	2021	91	18230.4	3.1	13.9	0.7875	3.8	0
2569	2021	92	6566.4	1.5	7.7	0.6615	3.7	0
2569	2021	93	15724.8	3.1	12.9	0.7505	3.4	0
2569	2021	94	6652.8	4.3	8.6	0.7328	3.9	0
2569	2021	95	11059.2	-1.2	6.8	0.6275	6.5	6
2569	2021	96	11145.6	-2.2	5.5	0.585	4.4	3.4
2569	2021	97	9936	-1.5	7.4	0.6418	5.6	2.2
2569	2021	98	11664	-0.2	8.4	0.5486	5	0
2569	2021	99	12960	3.5	12.9	0.739	4.8	0
2569	2021	100	4924.8	4.2	7.4	0.8205	4.2	11.3
2569	2021	101	7862.4	-1.8	8	0.641	3.8	0.7
2569	2021	102	14169.6	-3.7	8	0.5778	3	3.8
2569	2021	103	17798.4	-2.4	9.8	0.5892	3.1	1.1
2569	2021	104	15811.2	-3.9	9.7	0.5793	2.1	0.5
2569	2021	105	15379.2	-1.7	11	0.5617	2.2	0
2569	2021	106	19785.6	-1.3	13.7	0.5971	3.4	0
2569	2021	107	18748.8	-2.1	13.5	0.6043	2.8	0
2569	2021	108	17366.4	-0.7	17.1	0.7716	2.5	0
2569	2021	109	13737.6	5.2	15.5	0.9922	2.2	2.2
2569	2021	110	18057.6	3.7	18	0.9609	1.6	0
2569	2021	111	17625.6	0.8	15.2	0.7398	3	0
2569	2021	112	16156.8	0.1	12	0.6097	3.5	0
2569	2021	113	20131.2	-1.8	13.1	0.6204	2.4	0
2569	2021	114	21859.2	-1.6	13.5	0.6334	3.2	0
2569	2021	115	15897.6	1	11.7	0.5746	3.3	0
2569	2021	116	24364.8	-2.7	13.1	0.5306	3.2	0
2569	2021	117	25056	1.5	14.7	0.4965	3.7	0
2569	2021	118	22550.4	1.9	19.1	0.5963	3.8	3.2
2569	2021	119	6480	6	10.2	0.9391	4.6	1
2569	2021	120	7689.6	5	11.9	0.9727	1.5	0.7
2569	2021	121	14169.6	2.7	12.9	0.8144	2.9	0
2569	2021	122	17107.2	1.1	11.9	0.6676	4.4	0
2569	2021	123	15465.6	1.1	14.2	0.6281	5	0
2569	2021	124	10627.2	5.8	13	0.9429	9.3	11.4
2569	2021	125	17712	3.1	10.5	0.7408	6.8	3.9
2569	2021	126	14947.2	2.1	11	0.7767	2.3	2.7
2569	2021	127	20822.4	0.4	13.3	0.7037	3.5	0
2569	2021	128	10281.6	-1.8	15.6	0.7161	4.3	1.9
2569	2021	129	17539.2	11.4	27	1.2883	4.5	0
2569	2021	130	10627.2	13.6	21.7	1.2498	4.8	0
2569	2021	131	7257.6	12.2	16.1	1.4349	1.9	4.4
2569	2021	132	18748.8	9.3	18.2	1.194	2.9	7.5
2569	2021	133	15724.8	7.6	17.8	1.1443	2.3	0.4
2569	2021	134	12528	5.2	14.2	1.0943	1.8	4.9
2569	2021	135	13996.8	5.4	15.2	1.1016	2.7	7.8
2569	2021	136	13737.6	6.2	16.3	1.1734	3.2	6
2569	2021	137	11577.6	7.8	15	1.1986	3.1	7.1
2569	2021	138	14428.8	3.3	15.6	1.017	2	6.9
2569	2021	139	15033.6	3.4	15.4	1.0136	2.1	6.1
2569	2021	140	17452.8	2.6	15.9	0.8634	3.3	0
2569	2021	141	16588.8	9.3	15.3	1.0146	5.8	5.2
2569	2021	142	6825.6	8.7	13.1	1.0423	6.3	2.7
2569	2021	143	15897.6	6.8	15.2	0.9574	4	2.9
2569	2021	144	12182.4	7.9	17	1.0391	4.6	2.9
2569	2021	145	12355.2	7.6	14.4	1.1017	4.5	3.9
2569	2021	146	14428.8	7.3	15.1	1.1164	5.4	10.2
2569	2021	147	6393.6	5.2	12.9	1.059	4	10.7
2569	2021	148	24969.6	5.5	19	1.0968	2.2	0
2569	2021	149	21859.2	3.6	18.1	0.9999	2.5	0
2569	2021	150	29030.4	4.7	21.4	1.0507	2.7	0
2569	2021	151	27388.8	7.2	22.9	1.0593	2.9	0
2569	2021	152	30412.8	11.8	25.1	1.0386	3.2	0
2569	2021	153	27475.2	10.3	27.5	1.2645	2.1	0
2569	2021	154	16588.8	15.7	26.3	1.8618	2.5	2.8
2569	2021	155	22291.2	13.8	26.5	1.7905	1	0
2569	2021	156	5788.8	14.4	19.1	1.7331	2.8	7.2
2569	2021	157	6998.4	13.2	17.3	1.5057	2.9	0
2569	2021	158	22982.4	10.4	21.5	1.2308	2.6	0
2569	2021	159	23500.8	7.5	24.2	1.4028	1.9	0
2569	2021	160	22291.2	11.6	26.4	1.5356	1.5	0
2569	2021	161	26092.8	8.2	26.8	1.318	1.7	0
2569	2021	162	19353.6	11.7	25.7	1.6363	2.4	0
2569	2021	163	18662.4	8	21.3	1.1989	4.5	0
2569	2021	164	30412.8	4.8	22.7	1.084	1.3	0
2569	2021	165	29376	8.1	27.9	1.257	2.6	0
2569	2021	166	26870.4	12	23.2	1.3263	2.3	0
2569	2021	167	27388.8	9.8	30.3	1.5219	1.8	0
2569	2021	168	27734.4	17.8	33.8	1.9555	3.5	0.7
2569	2021	169	23068.8	16.3	32	2.2835	2.4	2.6
2569	2021	170	25228.8	16.8	26.5	1.9632	3.5	2.5
2569	2021	171	20390.4	16.3	25.4	1.894	4.9	1.8
2569	2021	172	6220.8	9.3	16.4	1.3778	4.3	46.9
2569	2021	173	22464	8.5	19.2	1.1859	3.4	0.3
2569	2021	174	15811.2	11.5	19.4	1.3323	2.7	0
2569	2021	175	18662.4	12.8	19.6	1.3425	2.3	0
2569	2021	176	18748.8	9.6	21.3	1.2972	2.2	0
2569	2021	177	21945.6	10.7	25.3	1.4837	1.8	0
2569	2021	178	25574.4	14.6	28	1.8205	2.8	0
2569	2021	179	15984	15.4	27.4	2.1115	1.7	3.6
2569	2021	180	8726.4	14.8	21.8	1.9319	2.3	1.7
2569	2021	181	5443.2	13	16.3	1.5986	2.6	0.4
2569	2021	182	4492.8	13.1	17.6	1.6025	3.6	6.9
2569	2021	183	14688	11.7	21	1.5039	2.3	0
2569	2021	184	23673.6	9.3	25.9	1.5072	1.3	1.7
2569	2021	185	13478.4	15.1	23.7	2.0016	2.1	1.8
2569	2021	186	13824	13.5	20.9	1.6264	3	4.9
2569	2021	187	16416	13.9	23.8	1.5431	5.8	0.3
2569	2021	188	22723.2	12.6	23.9	1.4862	3.5	0
2569	2021	189	14601.6	10.7	24.4	1.6226	1.3	0.5
2569	2021	190	20908.8	13.8	24	1.6569	2.3	0
2569	2021	191	16934.4	10.7	23.5	1.4993	1.5	0
2569	2021	192	16588.8	15.6	24.6	1.9024	1.7	2.7
2569	2021	193	18230.4	15.9	25.3	1.8893	1.1	0
2569	2021	194	5616	16.8	21.8	2.101	2.3	10.5
2569	2021	195	5961.6	17.8	22.8	2.2114	3.7	2.4
2569	2021	196	4060.8	16.6	19.8	1.9407	3	7.6
2569	2021	197	11664	15.5	20.4	1.664	3	0
2569	2021	198	27388.8	13.8	25.5	1.736	3.5	0
2569	2021	199	26092.8	12	26.6	1.7434	3	0
2569	2021	200	16416	9.5	22.1	1.4521	1.8	0
2569	2021	201	19699.2	7.4	22.7	1.2473	1.3	0
2569	2021	202	14342.4	9.6	24.2	1.5189	0.7	0
2569	2021	203	23328	10.2	23.1	1.4382	2.2	0
2569	2021	204	15206.4	6.8	21.7	1.3144	1.8	0
2569	2021	205	15897.6	13	25.4	1.8214	2.8	22.5
2569	2021	206	22464	15.6	26.5	1.9173	2.7	0.1
2569	2021	207	22204.8	13.4	26.4	1.7862	3.1	0
2569	2021	208	16848	16.1	23.4	1.8846	3.6	7.1
2569	2021	209	17366.4	15	22.8	1.6787	4.7	0.5
2569	2021	210	20217.6	11.7	21	1.244	6	0
2569	2021	211	18835.2	11.9	24.7	1.4909	4	1.7
2569	2021	212	10454.4	11.8	20.4	1.6081	4.8	6.8
2569	2021	213	12614.4	9.2	19.6	1.4583	2.7	2.7
2569	2021	214	18576	8.1	21.1	1.2781	2.1	0
2569	2021	215	12960	7.4	19.5	1.2325	1.4	0
2569	2021	216	21513.6	11.5	23	1.5136	2.1	0
2569	2021	217	16675.2	10.9	24.5	1.6582	1.4	0.6
2569	2021	218	14601.6	14.9	22.8	1.7604	4	1
2569	2021	219	18489.6	14.2	23.4	1.6899	3.8	1.6
2569	2021	220	15897.6	14.1	21.2	1.5724	5.7	8.1
2569	2021	221	16675.2	13.4	21.1	1.4939	4.8	0.2
2569	2021	222	17193.6	11.5	22	1.5426	3.4	0
2569	2021	223	20217.6	9.5	24.7	1.5382	1.5	0
2569	2021	224	20908.8	9.9	26.2	1.6124	1.8	0
2569	2021	225	16761.6	10.9	24.4	1.5522	2.8	0
2569	2021	226	19958.4	10.4	24.1	1.5136	3.2	0
2569	2021	227	20131.2	11	25.9	1.5474	3.5	0
2569	2021	228	9504	12.5	18.9	1.4072	5.7	4.2
2569	2021	229	8294.4	11.2	19.2	1.4836	4.7	0.9
2569	2021	230	9417.6	14.2	19.9	1.6304	4.2	0.7
2569	2021	231	4579.2	14	18.7	1.7082	3.4	5.5
2569	2021	232	10281.6	12.1	23.3	1.7998	2.1	6.1
2569	2021	233	14688	12.3	23.9	1.6797	1.7	0
2569	2021	234	12009.6	13.3	22.7	1.8341	3	1.6
2569	2021	235	17020.8	11.7	23.2	1.5726	3.4	0.2
2569	2021	236	21081.6	7.4	22.4	1.2522	3	0
2569	2021	237	18316.8	6	21.1	1.2871	2.9	0.6
2569	2021	238	16156.8	12.7	20.7	1.4618	3.6	0.5
2569	2021	239	13478.4	12.3	19.6	1.5747	3.7	5
2569	2021	240	8208	13.4	18.6	1.5797	4	0.6
2569	2021	241	4406.4	14.4	17.9	1.7049	3.2	5.2
2569	2021	242	11491.2	10.1	22	1.5301	2.9	0
2569	2021	243	18316.8	10.1	22.4	1.4759	3.2	0
2569	2021	244	6393.6	8.9	18.1	1.252	1	0
2569	2021	245	15811.2	6.2	22.2	1.3425	1	0
2569	2021	246	19526.4	7.7	23	1.4283	2.5	0
2569	2021	247	17625.6	10.9	21	1.4299	2.9	0
2569	2021	248	19440	6.5	22.7	1.3113	2.3	0
2569	2021	249	16848	5.5	24.1	1.3451	1	0
2569	2021	250	16070.4	11	25	1.5249	1.4	0
2569	2021	251	18403.2	12.5	26.9	1.5122	2.6	0
2569	2021	252	14515.2	12.8	27.7	1.7779	2	1.8
2569	2021	253	10886.4	15.5	25	2.1334	2.8	2.7
2569	2021	254	7948.8	15.4	21.4	1.9018	3.7	0.3
2569	2021	255	14169.6	9.9	20.5	1.4319	3.3	0
2569	2021	256	7516.8	9.6	18.5	1.4417	1.5	0.4
2569	2021	257	14169.6	9.2	23.6	1.4901	2.5	0
2569	2021	258	5184	13.5	21.4	1.7518	2.5	7.6
2569	2021	259	10281.6	9.6	19.8	1.4534	3.3	1.2
2569	2021	260	8812.8	10.2	20.2	1.5526	0.8	0
2569	2021	261	12528	10.2	20.6	1.4329	1.8	0
2569	2021	262	6393.6	7.1	17.3	1.1926	2.8	0
2569	2021	263	8899.2	4.3	15.5	0.9507	2.5	0
2569	2021	264	11232	3.1	17.9	1.0149	1.7	0
2569	2021	265	13651.2	6.2	20.4	1.2511	2.6	0
2569	2021	266	6480	9.7	18.4	1.3295	4.8	0.4
2569	2021	267	5616	13.7	20.5	1.6551	3.8	0
2569	2021	268	5961.6	12.3	18.5	1.5377	2.4	0
2569	2021	269	9504	12.2	23.7	1.7461	2.8	0
2569	2021	270	7689.6	10	21.1	1.5173	4.1	2.5
2569	2021	271	14515.2	9	18.7	1.2966	2.8	0
2569	2021	272	3283.2	8.5	13	1.1609	4.5	8.1
2569	2021	273	10368	8	15.2	1.0235	5.3	0.5
2569	2021	274	10195.2	11.1	18.8	1.1884	5.9	3.1
2569	2021	275	7689.6	12.6	16.9	1.4078	5.2	2.7
2569	2021	276	1900.8	10.7	17.9	1.4815	5.9	12.9
2569	2021	277	10713.6	10	17.7	1.2017	4.7	0
2569	2021	278	8899.2	8.6	18.8	1.2997	4.6	3
2569	2021	279	3542.4	5.2	14.1	1.1027	4.3	5.3
2569	2021	280	4406.4	3.7	12.5	1.0363	1.3	0
2569	2021	281	12700.8	2.5	17.4	1.0639	2	0
2569	2021	282	11664	3.9	16.5	1.0694	2.3	0
2569	2021	283	11232	1.7	16	0.9881	1.5	1
2569	2021	284	8985.6	7.7	16.1	1.1971	2.8	0
2569	2021	285	6825.6	4.3	14.1	1.0233	3.2	5.1
2569	2021	286	6652.8	2.4	14.3	0.9223	2.6	0
2569	2021	287	3196.8	10.2	14.9	1.3074	4.3	0.9
2569	2021	288	8121.6	1.2	14.5	0.8808	3.7	1.6
2569	2021	289	4233.6	-0.5	11.9	0.7782	2.1	0
2569	2021	290	5443.2	8.3	13.8	0.9738	3	0
2569	2021	291	6998.4	8.4	15.6	1.0509	3.6	0
2569	2021	292	1900.8	12.6	17.5	1.5548	5	0.5
2569	2021	293	2678.4	13	17.5	1.4192	6.1	23
2569	2021	294	3888	5.1	14.6	1.0325	6.3	14.4
2569	2021	295	4579.2	3.2	10.8	0.8712	5.3	5.7
2569	2021	296	8467.2	1.8	12.8	0.8484	2.2	0.1
2569	2021	297	9763.2	3	13.9	0.8843	3	0
2569	2021	298	4147.2	5.8	12.9	0.9867	4.1	0
2569	2021	299	4233.6	10.3	14	1.2169	4.9	0
2569	2021	300	4406.4	11	16.3	1.3267	4.9	0.1
2569	2021	301	8553.6	7.3	17.2	1.1395	3.8	0
2569	2021	302	7344	9	17.3	1.118	4.7	1.1
2569	2021	303	1900.8	10.8	14.3	1.2639	4.6	5.3
2569	2021	304	5529.6	9.3	16.5	1.308	4.4	15.5
2569	2021	305	5443.2	6	13.1	0.9524	5.2	0
2569	2021	306	5184	4.6	10.4	0.9222	3.5	1.8
2569	2021	307	3110.4	1	8.2	0.8226	1.5	0
2569	2021	308	3974.4	4.6	9.8	0.9746	1.9	0
2569	2021	309	3888	2.9	11.7	0.9506	2.4	0.2
2569	2021	310	2937.6	6.6	10.4	0.9428	5.8	0.3
2569	2021	311	3888	5.2	11.9	0.9794	5.1	5.3
2569	2021	312	4320	3	11.7	0.9231	2.5	0
2569	2021	313	6480	1.4	11.8	0.8281	3	0
2569	2021	314	5270.4	0.4	11.1	0.7625	1.9	0
2569	2021	315	2332.8	5.5	9.1	0.8791	2.1	0
2569	2021	316	4924.8	5.5	9.3	0.8748	3.6	0
2569	2021	317	1468.8	7.8	10.7	1.1201	2.6	3.2
2569	2021	318	1641.6	7.7	9.5	1.005	3	0
2569	2021	319	691.2	5.2	7.7	0.8389	2.8	0
2569	2021	320	604.8	4.2	5.2	0.7942	1.6	0
2569	2021	321	2160	4.3	10.3	0.9506	3.5	0.4
2569	2021	322	3888	5.8	11.4	0.9827	5	0
2569	2021	323	1814.4	8.5	13.2	1.1557	4.5	0
2569	2021	324	1036.8	7.9	11.1	1.056	4.5	0.8
2569	2021	325	3283.2	0	10.5	0.8164	2.7	1.8
2569	2021	326	4924.8	-2.7	7.5	0.6608	1.7	0
2569	2021	327	2332.8	-1.1	10.3	0.8141	1.5	1
2569	2021	328	3196.8	5	7.7	0.8906	1.4	0.2
2569	2021	329	1641.6	0.5	5.8	0.7199	2.5	0.3
2569	2021	330	2764.8	0.7	5.5	0.7021	4.9	12.3
2569	2021	331	1123.2	2.1	4.1	0.7173	2.2	1.7
2569	2021	332	1728	-1.9	4.2	0.6241	2	0.5
2569	2021	333	2937.6	-1.8	4.6	0.6084	2.4	0.3
2569	2021	334	1123.2	2.9	9.4	0.8878	5.6	7.3
2569	2021	335	1123.2	3.5	9.8	0.8603	7.7	4.9
2569	2021	336	1555.2	-3	4.1	0.5913	2.8	2.1
2569	2021	337	1382.4	-1.6	4.3	0.6197	5.6	1.2
2569	2021	338	950.4	3.6	5.3	0.7973	3.1	6.2
2569	2021	339	1209.6	2.7	4.9	0.7136	3	0.2
2569	2021	340	1555.2	0	3.9	0.6469	3.6	1.4
2569	2021	341	3196.8	0.4	5.4	0.6696	4	3.6
2569	2021	342	2764.8	1.8	7	0.6941	4.5	0.6
2569	2021	343	1987.2	0.1	4.6	0.6512	3.8	0.2
2569	2021	344	3283.2	-4.8	4.8	0.5377	2.6	0
2569	2021	345	3283.2	-4.8	4.8	0.5377	2.6	2
2569	2021	346	3283.2	-4.8	4.8	0.5377	2.6	3.2
2569	2021	347	0	-4.8	4.8	0.5377	2.6	0
2569	2021	348	1123.2	7.4	9.3	1.032	4	1.5
2569	2021	349	1036.8	7.9	10.3	1.0857	3.9	0.4
2569	2021	350	864	7.2	8.6	1.0436	2.3	0
2569	2021	351	1123.2	7.2	8.8	1.04	1.4	0.1
2569	2021	352	1296	5.2	7.7	0.9353	2.3	0.4
2569	2021	353	950.4	5.3	7.1	0.9004	3	1.1
2569	2021	354	4233.6	-4.7	6.5	0.5934	0.6	0
2569	2021	355	4147.2	-6.5	2.9	0.5088	0.6	0
2569	2021	356	3283.2	-6.9	0.1	0.428	1.8	0
2569	2021	357	950.4	-2	6.4	0.6228	4	5.6
2569	2021	358	604.8	1.1	9.3	0.8489	4.7	3.5
2569	2021	359	4147.2	-6	1.3	0.36	4.7	0
2569	2021	360	2764.8	-6.4	1	0.3557	2.8	0
2569	2021	361	1728	1	7.3	0.756	2.9	0.5
2569	2021	362	864	6.5	9.7	1.0363	4	3.4
2569	2021	363	864	8	11.9	1.1862	4.1	5.4
2569	2021	364	691.2	9.4	14.1	1.268	6.5	3.3
2569	2021	365	1555.2	12.3	13.9	1.28	6.6	0.3
