*---------------------------------------------------------------------------*
* Station name: BERLIN-DAHLEM                           
* Year: 2015
* Author: Pedro Alencar                                   -999.000: NIL VALUE
* Source: ECAD 
* Comments: 
* Longitude: 52.4639, latitude: 52.4639, altitude: 51 m.
*
* Column  Daily value
* 1       station number
* 2       year
* 3       day
* 4       irradiation                   (kJ m-2 d-1)
* 5       minimum temperature           (degrees Celsius)
* 6       maximum temperature           (degrees Celsius)
* 7       early morning vapour pressure (kPa)
* 8       mean wind speed (height: 2 m) (m s-1)
* 9       precipitation                 (mm d-1)
*
** WCCDESCRIPTION=GERMANY, BERLIN-DAHLEM                           
** WCCFORMAT=2
** WCCYEARNR=2015
*---------------------------------------------------------------------------*
   52.4639  13.3017    51.  -0.18 -0.55
2759	2015	1	3456	2.3	6	0.7067	4.7	0
2759	2015	2	1555.2	3	8.2	0.691	6.9	1.2
2759	2015	3	1036.8	3.4	5.9	0.5957	7.4	0.3
2759	2015	4	2419.2	1.6	5	0.6192	7.8	0.8
2759	2015	5	1036.8	2.1	4	0.6996	5.7	2.5
2759	2015	6	1036.8	-0.6	3.5	0.6377	3.6	0
2759	2015	7	1555.2	-0.8	5.8	0.6655	3.3	0.4
2759	2015	8	1123.2	0.7	6.9	0.7296	4.8	9.6
2759	2015	9	1123.2	5.1	9.4	0.8149	8.2	14.9
2759	2015	10	1123.2	5.1	12.9	0.9293	7.8	3
2759	2015	11	1555.2	1.9	5.1	0.5966	8.4	7.2
2759	2015	12	1123.2	3.7	7.7	0.7965	6.3	3.1
2759	2015	13	3456	7.7	12.4	0.8125	6.2	3.1
2759	2015	14	2937.6	3.8	8	0.7055	4.7	0.3
2759	2015	15	1209.6	0.8	10	0.6815	4.7	2.4
2759	2015	16	2073.6	5.3	10	0.7642	3.3	4.6
2759	2015	17	2160	-1.1	5.5	0.6299	2.6	0
2759	2015	18	4579.2	-2.3	4	0.5653	2.1	0
2759	2015	19	1296	-3.7	1.4	0.5225	2.6	0
2759	2015	20	1296	0.6	1.9	0.6286	2.4	1.9
2759	2015	21	1296	-1.3	1.6	0.5621	2.8	0.1
2759	2015	22	1382.4	-2.1	0.7	0.5226	4.4	0.1
2759	2015	23	1382.4	-0.3	1.3	0.5385	3.3	0
2759	2015	24	1382.4	-1.3	1	0.4956	2.9	0
2759	2015	25	1382.4	0.5	1.7	0.6153	4	0
2759	2015	26	1468.8	0.8	4.7	0.6625	3.6	5.3
2759	2015	27	1468.8	0.4	4.6	0.6362	5.9	0.4
2759	2015	28	2073.6	0.5	5.6	0.6464	5.1	5.3
2759	2015	29	4060.8	0.3	4	0.5564	5.2	4.5
2759	2015	30	1555.2	0.2	2.1	0.6308	3.6	5
2759	2015	31	3024	-0.5	1.2	0.5766	4.4	1.7
2759	2015	32	4579.2	-0.8	3.7	0.5902	3.4	0.3
2759	2015	33	2678.4	-0.5	2.7	0.5557	3.9	0.7
2759	2015	34	1641.6	-1.5	1.5	0.5438	3.4	0.8
2759	2015	35	1728	-2	0	0.4885	3.5	0.3
2759	2015	36	6134.4	-3.3	1.4	0.4675	2.9	0
2759	2015	37	2332.8	-5	-2	0.4154	3.2	0
2759	2015	38	1814.4	-5.6	3.7	0.5245	4.9	0
2759	2015	39	6566.4	-0.3	3.7	0.4006	8	1.5
2759	2015	40	1900.8	0.2	5.8	0.682	5.8	0.3
2759	2015	41	1900.8	4.9	5.9	0.7443	4.4	0
2759	2015	42	1900.8	3.2	5.9	0.6845	2.4	0
2759	2015	43	4924.8	-2.7	4.1	0.5592	2.1	0
2759	2015	44	6220.8	-2.8	6.6	0.5816	2.6	0
2759	2015	45	8208	-2.9	6.7	0.5605	2.6	0
2759	2015	46	8121.6	-2	8	0.5986	4.5	0
2759	2015	47	3715.2	-1.6	2.6	0.5195	5.9	0
2759	2015	48	8380.8	-2.7	6.6	0.5625	3.4	0
2759	2015	49	7430.4	1.2	8.1	0.6723	3.3	0
2759	2015	50	8640	-0.4	7.7	0.6188	3	0
2759	2015	51	7257.6	-2.7	10.1	0.5732	3.5	0
2759	2015	52	7084.8	1.6	11.3	0.6075	4.4	0
2759	2015	53	2419.2	-0.7	5	0.5564	2.5	0
2759	2015	54	2851.2	-1.1	5.3	0.6113	4	2.5
2759	2015	55	7776	0.5	7.7	0.6469	3.3	0
2759	2015	56	6912	-1.2	8.3	0.6224	1.8	0
2759	2015	57	10281.6	-2.9	9.6	0.567	2.1	0
2759	2015	58	10454.4	-1.3	10.8	0.5999	2.5	0.3
2759	2015	59	9244.8	0.1	7.5	0.5773	3.9	0
2759	2015	60	4233.6	-0.3	7.9	0.6575	4.1	5.2
2759	2015	61	7084.8	1.1	8.1	0.6021	5.6	4.5
2759	2015	62	8726.4	1.6	8.1	0.6386	5.9	1.7
2759	2015	63	7516.8	1	6.4	0.6449	4.9	3
2759	2015	64	6134.4	2	6.7	0.6917	4.5	1
2759	2015	65	2937.6	0.6	7.9	0.6703	2.8	0
2759	2015	66	10713.6	3.5	12.4	0.6838	3.6	0
2759	2015	67	12096	5.4	16.8	0.6997	3	0
2759	2015	68	11577.6	5.3	13.6	0.8396	2.9	0
2759	2015	69	8553.6	2.5	13.4	0.9403	3.3	0.8
2759	2015	70	3628.8	2.1	7.6	0.7077	4.8	0
2759	2015	71	3974.4	-0.1	4.7	0.6128	3.8	0
2759	2015	72	5788.8	-2.2	6.4	0.5686	3	0.3
2759	2015	73	3369.6	2.8	6	0.7276	4	1.2
2759	2015	74	3369.6	4	7.9	0.7545	5.3	0
2759	2015	75	12096	3.8	11.9	0.7959	6.3	0
2759	2015	76	14515.2	6	17	0.7863	5.2	0
2759	2015	77	15638.4	3.3	14.4	0.477	4.8	0
2759	2015	78	15724.8	1.4	12.7	0.4622	3	0
2759	2015	79	15120	-0.9	13.3	0.4644	1.8	0
2759	2015	80	3715.2	0.7	5.6	0.651	3.5	4.1
2759	2015	81	16588.8	-1.9	4.7	0.3786	4.6	0
2759	2015	82	16243.2	-0.9	12.2	0.4836	2.5	0
2759	2015	83	11232	3.1	13.8	0.7296	1.9	0
2759	2015	84	15552	1.4	16	0.7532	2.8	0
2759	2015	85	3974.4	6.1	11.2	0.8964	3.2	1.4
2759	2015	86	8553.6	5.8	11.1	0.9175	3.4	4.1
2759	2015	87	7948.8	5.9	9.6	0.7589	4	0.8
2759	2015	88	4147.2	5.9	13.2	1.0119	4.9	6.5
2759	2015	89	7171.2	4	8.6	0.6871	9.5	5.3
2759	2015	90	7516.8	0.5	11.6	0.6941	8.9	5.2
2759	2015	91	9504	2.3	8.4	0.6523	8.6	4.8
2759	2015	92	11404.8	0.8	7.7	0.662	6.5	3.1
2759	2015	93	11577.6	1.6	9.7	0.6387	5.3	0
2759	2015	94	16588.8	0.1	10.4	0.5679	3.3	0.2
2759	2015	95	17107.2	-1.1	10.3	0.4664	3.3	0
2759	2015	96	15120	1.4	9.2	0.5521	4.6	0
2759	2015	97	15984	-0.5	12.7	0.64	4.7	0
2759	2015	98	4665.6	5.7	10.4	0.8499	4.3	0
2759	2015	99	16156.8	2.9	16.4	0.851	1.8	0
2759	2015	100	20131.2	4.5	20.5	0.8977	1.5	0
2759	2015	101	17798.4	8.5	22.6	1.0233	4.3	0.8
2759	2015	102	16934.4	6	15.2	0.6386	4.7	0
2759	2015	103	13910.4	4.7	12.9	0.5886	7.6	0
2759	2015	104	14256	2.6	15.1	0.6474	3.8	0
2759	2015	105	19094.4	10.4	23.1	1.0094	5.7	0
2759	2015	106	20649.6	5.5	14.4	0.6726	5.8	0
2759	2015	107	12873.6	3.9	11.9	0.7135	4.9	0
2759	2015	108	17452.8	1	12	0.6192	3.8	0
2759	2015	109	19267.2	2	15.3	0.6275	2.2	0
2759	2015	110	22118.4	4.3	18.1	0.731	4.6	0
2759	2015	111	23241.6	6.2	21.3	0.7384	6	0
2759	2015	112	12096	5.6	13.7	0.7671	3.2	0
2759	2015	113	23587.2	3.9	19	0.7702	3.3	0
2759	2015	114	22464	6.3	21.1	0.8456	2.6	0
2759	2015	115	17366.4	9.2	23.4	0.9069	3.5	1.1
2759	2015	116	12009.6	8.4	18.5	1.2171	2.4	0.9
2759	2015	117	6912	7	14.8	1.1856	3.8	2.1
2759	2015	118	8726.4	5.3	11.2	0.807	4	2.6
2759	2015	119	22636.8	3	14.2	0.6253	3.5	0
2759	2015	120	14688	5.8	17	0.8754	3.5	12.3
2759	2015	121	20649.6	5.3	14.5	0.8288	4	0
2759	2015	122	19612.8	3.5	15	0.7351	2.5	0
2759	2015	123	22204.8	3.1	19.8	0.7972	3.5	6
2759	2015	124	22032	13.6	22.9	1.4444	3.9	0
2759	2015	125	11750.4	13.9	24.3	1.5231	4.1	0
2759	2015	126	18662.4	9.4	21.5	0.9116	3.7	0
2759	2015	127	20649.6	7.8	17.8	0.9008	4.8	0
2759	2015	128	14601.6	6.6	18.7	0.9212	2.5	0
2759	2015	129	17280	11.3	21.8	1.2035	3	0.1
2759	2015	130	13478.4	6.4	13.7	0.8125	5.6	0
2759	2015	131	24105.6	4.1	21.2	0.7896	2.8	0
2759	2015	132	18921.6	10	27.6	1.2349	4.5	7.1
2759	2015	133	20563.2	8.2	18.2	0.8791	5.1	0
2759	2015	134	11664	6.1	13.1	0.8242	4	0
2759	2015	135	25228.8	4.5	17	0.8771	2.7	0
2759	2015	136	18057.6	5.4	16.7	0.9606	3.8	0.7
2759	2015	137	19872	6.9	16.6	0.8407	5.3	0
2759	2015	138	18921.6	6.8	21.2	0.8941	2.2	0
2759	2015	139	19267.2	9.9	19.8	0.9109	3.5	0
2759	2015	140	7948.8	8.6	17.1	0.7852	2.3	0
2759	2015	141	21168	7.2	17.4	0.8146	3.4	0
2759	2015	142	21686.4	6.2	20.3	0.8364	1.8	0
2759	2015	143	14083.2	8.5	20.9	1.0525	3.2	0
2759	2015	144	27561.6	6	21.8	0.8884	1.4	0
2759	2015	145	20304	10.3	23.5	1.0959	3.4	0
2759	2015	146	17625.6	9	16.5	0.8831	4.8	0
2759	2015	147	13392	6.9	15.1	0.8263	4.8	0
2759	2015	148	18144	7	21.1	0.9611	4.1	0.4
2759	2015	149	19785.6	10.5	19.8	0.9974	2.5	1.5
2759	2015	150	21340.8	8.4	17.9	0.9216	5.1	0.6
2759	2015	151	23241.6	5.9	22.6	0.8114	3.8	0
2759	2015	152	7862.4	10.8	18.7	1.3072	2.9	4.1
2759	2015	153	21081.6	11.3	24.7	1.2364	5.1	0
2759	2015	154	22032	11.2	23.4	1.0451	5.6	0
2759	2015	155	28684.8	9	22.3	0.8701	2.4	0
2759	2015	156	29203.2	10.6	29.3	0.9075	3.9	0
2759	2015	157	23846.4	17.2	31.9	1.4771	4.5	0
2759	2015	158	22291.2	14.4	23.8	0.8388	3	0
2759	2015	159	22723.2	11.2	20.9	0.9654	4.3	0
2759	2015	160	21340.8	9	20.2	0.9129	3.2	0
2759	2015	161	17193.6	11.9	21.4	0.9462	2.5	0
2759	2015	162	27734.4	9.8	24.9	0.6726	2	0.2
2759	2015	163	24796.8	13.9	26.4	1.2015	2.6	0
2759	2015	164	20304	15.5	31.7	2.0931	3.1	20.2
2759	2015	165	20304	15.1	21.2	1.5602	3.9	0
2759	2015	166	25833.6	10	19	0.9235	3.5	0
2759	2015	167	12787.2	6.8	15.8	0.9098	2.6	0
2759	2015	168	25574.4	7.3	22	0.8992	2.7	1.4
2759	2015	169	11836.8	12.4	21.4	1.3651	4.4	0
2759	2015	170	13824	11.3	18.1	1.136	5.2	1.3
2759	2015	171	13824	11	16.9	1.2573	4.4	1
2759	2015	172	17280	11.3	19.7	1.1255	3.5	0.3
2759	2015	173	10972.8	12.2	18.6	1.3455	2.8	3.7
2759	2015	174	7603.2	10.7	13.4	1.3074	3.4	9.1
2759	2015	175	10800	10.3	16.5	1.1825	3.9	0.1
2759	2015	176	19785.6	11.6	23.9	1.2172	2.6	0
2759	2015	177	13651.2	15.7	23.7	1.581	1.8	0.9
2759	2015	178	9244.8	15.9	23.6	1.8617	2.3	7.7
2759	2015	179	20649.6	14	22.6	1.3859	3.8	0.2
2759	2015	180	20131.2	15.3	27.5	1.4755	2.5	0
2759	2015	181	26006.4	16.1	25.7	1.3817	3.3	0
2759	2015	182	29289.6	13.4	26.8	1.2213	3	0
2759	2015	183	29289.6	16.3	30.5	1.3212	4.3	0
2759	2015	184	27216	17.8	34.6	1.3914	3	0
2759	2015	185	26352	21.5	37.8	1.6592	2.3	0.8
2759	2015	186	21340.8	20.8	36.6	2.1206	2.9	10.6
2759	2015	187	21600	16.9	25.8	1.5978	4.5	0
2759	2015	188	27388.8	14.8	32.6	1.5793	2.4	4.2
2759	2015	189	16416	17.1	23.2	1.5785	5.3	8.1
2759	2015	190	17971.2	12.4	18.6	1.108	6.5	0.9
2759	2015	191	19612.8	11.5	20.1	0.9681	6.3	0
2759	2015	192	21600	10.1	22.6	1.0954	1.9	0
2759	2015	193	11145.6	13.4	25.7	1.6117	3.1	3.3
2759	2015	194	10281.6	15.2	21.7	1.8653	4	11.1
2759	2015	195	7776	15.4	21	1.9198	2.2	3.9
2759	2015	196	21772.8	15.1	23.2	1.5057	3.2	0.1
2759	2015	197	20476.8	16	26.3	1.6535	2.4	0
2759	2015	198	23587.2	15.4	32.2	1.7653	2.1	0
2759	2015	199	22550.4	18	27.1	1.6371	3.4	0.1
2759	2015	200	12787.2	15.4	22.2	1.6899	3.7	12.7
2759	2015	201	25920	14.8	24.8	1.4063	4.3	0.3
2759	2015	202	19872	17.6	28.8	1.7878	3.4	1.3
2759	2015	203	18144	18.5	30.1	1.819	2.5	5.4
2759	2015	204	20563.2	15.8	25.1	1.5599	4	0
2759	2015	205	21945.6	14.8	26.5	1.4821	2.8	0.2
2759	2015	206	17712	13.1	28.7	1.431	5.7	1.2
2759	2015	207	19612.8	13.1	21.6	1.1275	5.4	0
2759	2015	208	10972.8	13.8	22.4	1.4516	3.5	2.1
2759	2015	209	13824	15	20.9	1.3969	4.6	0.4
2759	2015	210	19872	13.4	21.7	1.1218	4.6	0
2759	2015	211	13824	12.7	20.2	1.1211	5.8	0.4
2759	2015	212	15379.2	8.7	20.5	1.0125	3.8	0
2759	2015	213	23673.6	7.8	26.8	1.0648	2.4	0
2759	2015	214	25142.4	14.4	30.5	1.1662	2.6	0
2759	2015	215	25574.4	14.7	32.9	1.3534	2	0
2759	2015	216	23760	17.9	35.1	1.6925	3.7	0.9
2759	2015	217	19353.6	17.5	26.7	1.6461	3	0
2759	2015	218	24883.2	16.4	35	1.7134	2.4	0
2759	2015	219	18403.2	19.4	38	1.7672	2.6	0
2759	2015	220	21168	19.8	34	2.051	4.9	0
2759	2015	221	24192	17.4	29	1.6459	4.2	0
2759	2015	222	23414.4	17.1	33.1	1.7807	3.5	0
2759	2015	223	22723.2	20.4	34.1	1.9491	3.5	0
2759	2015	224	19526.4	18.8	29.5	2.013	4.2	0
2759	2015	225	20390.4	18.6	30	1.728	4.8	0
2759	2015	226	22723.2	19.8	34.8	1.7014	5.2	0
2759	2015	227	17798.4	20.6	31.1	2.194	3.3	0
2759	2015	228	18057.6	19.1	30.8	2.4897	2.4	6.7
2759	2015	229	8294.4	19.8	27.5	1.8661	4	0.7
2759	2015	230	5443.2	16.6	20.7	1.7385	2.9	0
2759	2015	231	16329.6	15	24.6	1.8905	2.7	0
2759	2015	232	22723.2	11.7	26.3	1.1188	2.2	0
2759	2015	233	20304	12.6	27.3	1.0006	2.2	0
2759	2015	234	21254.4	13.9	27.5	0.9505	2.7	0
2759	2015	235	15033.6	14.5	26.1	1.1651	4.1	1.2
2759	2015	236	15552	16	28.5	1.7147	3.6	7.3
2759	2015	237	10022.4	15.2	22.3	1.5767	4.1	0
2759	2015	238	19267.2	13.9	26.8	1.4072	3.2	0
2759	2015	239	13132.8	16.6	28.3	1.5458	3.1	9.2
2759	2015	240	13392	14.3	20.8	1.5826	2.8	0
2759	2015	241	19353.6	11.8	25	1.4158	1.2	0
2759	2015	242	18835.2	14.4	31.3	1.806	2.2	0
2759	2015	243	19785.6	18.6	35.6	2.1467	1.7	0.2
2759	2015	244	17712	15.7	29.4	1.9372	4.2	1.9
2759	2015	245	17712	11.5	21.2	1.2254	3.8	0
2759	2015	246	8812.8	10.6	19.5	1.3498	1.8	0.1
2759	2015	247	16675.2	10.7	20.7	1.2291	2.4	0.9
2759	2015	248	10713.6	11.4	19.7	1.2703	5.3	3.9
2759	2015	249	9849.6	11.2	18.4	1.3451	6.5	4.2
2759	2015	250	13651.2	10.2	18.4	1.107	4.7	0
2759	2015	251	15379.2	8.7	20.4	1.0754	4	0
2759	2015	252	12096	7.5	18.5	1.0622	3.1	0
2759	2015	253	13392	9.5	20.1	1.3115	3.2	7.2
2759	2015	254	6220.8	11.4	16.6	1.437	3.8	0.7
2759	2015	255	14601.6	11.8	23.2	1.5177	3.1	0
2759	2015	256	10108.8	14.8	24.1	1.5566	3.5	0
2759	2015	257	11577.6	14.1	22	1.6331	3.4	2.3
2759	2015	258	13046.4	12.1	20.7	1.3224	3	0.2
2759	2015	259	10195.2	9.5	25	1.4153	2.8	1.5
2759	2015	260	10022.4	14	25.7	1.7113	3.7	4.1
2759	2015	261	13132.8	11.5	20.8	1.3382	3.1	0
2759	2015	262	12441.6	10.4	21.2	1.4163	2.6	1.1
2759	2015	263	9244.8	10.4	16.8	1.3068	4.3	2.8
2759	2015	264	10022.4	9.4	17.1	1.2166	2.9	0
2759	2015	265	6307.2	10.4	20.1	1.2634	2.8	0.8
2759	2015	266	6825.6	10.8	17.2	1.2773	2.2	0
2759	2015	267	13564.8	8.4	19.5	1.1936	2.3	0
2759	2015	268	11232	9.2	19.6	1.2125	2.2	0
2759	2015	269	11923.2	7.9	18.2	1.1258	3	0
2759	2015	270	12614.4	6.5	17.4	1.0334	2.3	0
2759	2015	271	13046.4	5.7	19.1	1.0645	2.7	0
2759	2015	272	12182.4	5.3	17.8	1.0337	3.1	0
2759	2015	273	11491.2	5.4	16.7	0.9474	2.5	0
2759	2015	274	13305.6	3.9	18	0.8497	1.1	0
2759	2015	275	12528	3.1	20.3	0.8929	1.1	0
2759	2015	276	12873.6	4.8	20.5	0.9358	1.9	0
2759	2015	277	9590.4	10.9	20.6	1.2509	2.3	0
2759	2015	278	12009.6	7.5	19.9	1.2058	2	0
2759	2015	279	2764.8	10.4	17.3	1.2334	4.3	0
2759	2015	280	2764.8	8.9	14.7	1.1616	5	10.3
2759	2015	281	2678.4	6.9	8.8	0.987	1.9	10.6
2759	2015	282	5356.8	5.2	12	0.7705	3.1	0
2759	2015	283	11491.2	2.4	10.7	0.534	4.9	0
2759	2015	284	11318.4	0.8	9.6	0.5129	5	0
2759	2015	285	11059.2	0	9.1	0.5324	4.6	0
2759	2015	286	2505.6	3.5	5.1	0.6976	3.3	0
2759	2015	287	2419.2	3.4	7.2	0.8103	4.4	8.7
2759	2015	288	2419.2	5.5	7.3	0.9225	4.8	11.8
2759	2015	289	2332.8	7.2	9.2	1.0325	1.6	12.3
2759	2015	290	2332.8	7.6	9.1	1.0211	1.8	0
2759	2015	291	5702.4	6.6	11.8	0.9651	2.3	3.6
2759	2015	292	2246.4	7.6	9	1.0504	2	1.7
2759	2015	293	2160	8.5	11.1	1.1501	2.9	0.8
2759	2015	294	2592	8	11.9	1.0761	3	0
2759	2015	295	2073.6	7	11.7	1.0572	3.2	0.4
2759	2015	296	6652.8	7.2	14.9	1.079	4.3	0
2759	2015	297	8726.4	3.7	14.2	0.9833	1.8	0
2759	2015	298	3024	6.6	13.5	1.0834	2.7	0
2759	2015	299	8294.4	1.9	13	0.8881	2.1	0
2759	2015	300	8121.6	3.3	13.5	0.9805	3.5	0
2759	2015	301	7776	4.5	11.5	0.9435	3.4	0
2759	2015	302	7084.8	3.5	11.5	0.9844	1.8	0
2759	2015	303	1814.4	4.4	9.6	0.9413	1.6	0
2759	2015	304	7257.6	7.9	16	1.1312	3.2	0
2759	2015	305	7257.6	4	15.6	0.9322	2	0
2759	2015	306	7516.8	0.5	15.4	0.8975	1.1	0
2759	2015	307	7344	0.1	11.7	0.7798	1.4	0
2759	2015	308	4233.6	-1.6	8.9	0.722	1.1	0
2759	2015	309	4233.6	5.2	14.3	1.0739	1.4	0.2
2759	2015	310	2764.8	6.9	15.5	1.1828	2.1	1.9
2759	2015	311	2073.6	12.4	17.6	1.5669	3.1	0.2
2759	2015	312	6048	9	17.6	1.1595	4.9	0.7
2759	2015	313	3456	9.6	17.7	1.1862	5	0.1
2759	2015	314	1468.8	12.6	15.6	1.3017	6.6	0.7
2759	2015	315	1468.8	12	14.9	1.325	4.7	0.1
2759	2015	316	2246.4	8.3	14.5	1.0505	3.8	0
2759	2015	317	2505.6	6.7	14	1.0174	3.9	3.8
2759	2015	318	3283.2	6.5	9.4	0.78	5.8	2.8
2759	2015	319	1382.4	6.3	13.3	1.1743	4.7	24.6
2759	2015	320	1296	8.5	12.4	1.1253	3.5	2
2759	2015	321	1296	9.9	13.8	1.2486	4.5	3.9
2759	2015	322	2851.2	9.8	13.9	1.0683	7.1	2.2
2759	2015	323	3888	8.5	13.5	0.9181	6.4	0.2
2759	2015	324	2419.2	5.5	9.9	0.8509	4.3	0.9
2759	2015	325	1641.6	2.9	6.4	0.7489	2.8	3.3
2759	2015	326	2246.4	-1.5	3.8	0.5976	3.3	3.3
2759	2015	327	1209.6	-1	2.7	0.6108	2.6	0.1
2759	2015	328	2851.2	-1	3.5	0.5484	3.7	0
2759	2015	329	1123.2	1.8	4.4	0.6181	3.1	0
2759	2015	330	1123.2	2.2	6.2	0.7422	2.4	0
2759	2015	331	2592	-0.9	5.6	0.6946	2.1	0
2759	2015	332	2073.6	-1.8	4.5	0.6197	3.6	4.3
2759	2015	333	1123.2	1.6	9.5	0.7883	5.5	6.4
2759	2015	334	2851.2	3.1	8.8	0.7266	6.3	12.8
2759	2015	335	1555.2	4.3	7.5	0.8076	5.3	2.8
2759	2015	336	1123.2	5.1	11.2	0.9315	3.8	0
2759	2015	337	3196.8	4.2	12	0.8096	2.5	0
2759	2015	338	1036.8	4.1	9.5	0.8198	3.9	0.4
2759	2015	339	1987.2	4.5	8.5	0.7257	5.5	0
2759	2015	340	3024	6.8	10.8	0.8036	5.3	0
2759	2015	341	1036.8	9.2	11.9	1.0692	2.3	0
2759	2015	342	3283.2	4.3	11.9	0.9715	2.5	0
2759	2015	343	1036.8	3.5	9.3	0.8648	3.4	0.7
2759	2015	344	3715.2	1	6.3	0.6823	3.6	0
2759	2015	345	1036.8	2	6.2	0.6797	4.6	2
2759	2015	346	3024	3.9	7.3	0.7547	4.4	9.2
2759	2015	347	950.4	0.9	10.2	0.8155	5.6	0.1
2759	2015	348	1468.8	-1.6	3.3	0.6303	2.1	0
2759	2015	349	950.4	3.2	7.3	0.8075	2	0
2759	2015	350	2332.8	4.6	7.8	0.8625	3	0.9
2759	2015	351	1209.6	7.6	12.4	1.1534	3.2	0.6
2759	2015	352	950.4	9.3	12.3	1.1907	3.4	2.2
2759	2015	353	2592	7.6	12.2	1.0725	3	0
2759	2015	354	2592	6.6	13.1	1.0325	2.8	0.3
2759	2015	355	2160	8.9	10.7	1.0533	4	2.6
2759	2015	356	950.4	9	13.4	1.0101	5.7	0
2759	2015	357	2419.2	6	13.7	0.8139	5.3	0
2759	2015	358	3542.4	3.2	10.7	0.8682	2.7	0.8
2759	2015	359	2678.4	7.9	11.3	0.9078	3.9	0
2759	2015	360	1296	9.1	15.1	1.0578	5	0
2759	2015	361	2764.8	9.1	12.2	0.9995	4.5	0.6
2759	2015	362	3801.6	4.5	12.3	0.9254	3.3	0
2759	2015	363	3801.6	1.8	6.3	0.6446	5	0
2759	2015	364	3715.2	-1.6	2.7	0.4769	4.6	0
2759	2015	365	3715.2	-2.5	3	0.4044	3.8	0.8
