*---------------------------------------------------------------------------*
* Station name: BERLIN-DAHLEM                           
* Year: 2005
* Author: Pedro Alencar                                   -999.000: NIL VALUE
* Source: ECAD 
* Comments: 
* Longitude: 52.4639, latitude: 52.4639, altitude: 51 m.
*
* Column  Daily value
* 1       station number
* 2       year
* 3       day
* 4       irradiation                   (kJ m-2 d-1)
* 5       minimum temperature           (degrees Celsius)
* 6       maximum temperature           (degrees Celsius)
* 7       early morning vapour pressure (kPa)
* 8       mean wind speed (height: 2 m) (m s-1)
* 9       precipitation                 (mm d-1)
*
** WCCDESCRIPTION=GERMANY, BERLIN-DAHLEM                           
** WCCFORMAT=2
** WCCYEARNR=2005
*---------------------------------------------------------------------------*
   52.4639  13.3017    51.  -0.18 -0.55
2759	2005	1	1814.4	3.8	7.8	0.8574	3.5	0.5
2759	2005	2	1900.8	3.2	8.3	0.6799	8.8	7.7
2759	2005	3	1382.4	0.6	6.7	0.722	7.6	8.1
2759	2005	4	1036.8	6.3	8.9	0.8451	9	0.3
2759	2005	5	2332.8	3.8	7.6	0.7782	6	0.6
2759	2005	6	2505.6	3.7	8.5	0.7812	6.3	0.2
2759	2005	7	1036.8	4.4	11.2	0.8144	6.3	0
2759	2005	8	3542.4	6.5	12.8	0.803	8.9	0
2759	2005	9	3196.8	3.1	9	0.6285	7.4	0
2759	2005	10	3283.2	6.3	13.4	0.9353	6.6	0
2759	2005	11	1123.2	5.4	9.5	0.8571	4.4	0.1
2759	2005	12	1123.2	5.1	10.1	0.8347	4.9	0.3
2759	2005	13	2592	2.6	6.5	0.693	6.4	0
2759	2005	14	2505.6	2.3	5.7	0.683	6	0
2759	2005	15	1209.6	-0.4	4.2	0.6096	2.2	0
2759	2005	16	4924.8	-2.8	4.4	0.5568	3.2	0
2759	2005	17	2419.2	-1.7	5.3	0.5705	3.4	0
2759	2005	18	1296	1.5	5.5	0.683	4.6	3.4
2759	2005	19	2505.6	0	5.5	0.6625	5.4	4.9
2759	2005	20	1296	1	6	0.7065	7.7	11.7
2759	2005	21	2505.6	1.3	6	0.6506	9.5	4.1
2759	2005	22	3456	0.2	4.2	0.6228	5.9	0
2759	2005	23	3110.4	-1.1	2.9	0.5869	5.1	5.2
2759	2005	24	1814.4	-2.2	0.8	0.5342	4.9	0.7
2759	2005	25	1382.4	-4.3	-0.5	0.4611	4.2	0
2759	2005	26	3801.6	-6.4	-3	0.3881	4	0
2759	2005	27	1468.8	-4.5	-2	0.4424	3.1	2.2
2759	2005	28	1468.8	-3.2	-1.7	0.4441	1.9	0
2759	2005	29	1555.2	-7.8	-2.5	0.3918	2.3	0.2
2759	2005	30	1555.2	-4.7	3	0.5398	4	1
2759	2005	31	1555.2	1.1	6.4	0.7351	7	3
2759	2005	32	6048	-0.1	5.6	0.5955	6.1	0
2759	2005	33	1641.6	-0.6	4	0.6424	4	0.7
2759	2005	34	4147.2	-0.2	4.9	0.5933	2.8	0
2759	2005	35	1728	0.6	3.6	0.5757	2.6	0
2759	2005	36	6998.4	-5.3	3.2	0.4414	4.1	0
2759	2005	37	7084.8	-6.7	1.4	0.3822	4.1	0
2759	2005	38	7084.8	-8.7	1.3	0.3208	3.9	0
2759	2005	39	7344	-6.8	1.8	0.2899	3.3	0
2759	2005	40	6652.8	-2.6	3.7	0.4515	3.3	0.3
2759	2005	41	1900.8	2.2	5.7	0.7131	6	4.4
2759	2005	42	6739.2	0.3	7.5	0.6863	4	0
2759	2005	43	1987.2	-0.6	10.7	0.7964	6.2	18.8
2759	2005	44	1987.2	0	4.6	0.6345	8.8	6.3
2759	2005	45	2073.6	-1.1	0.2	0.5322	7.2	2.1
2759	2005	46	2073.6	-0.8	0.8	0.556	5.4	0.2
2759	2005	47	2505.6	-0.5	1.1	0.5058	5.9	0
2759	2005	48	2592	-3.5	0.2	0.4549	4.4	0
2759	2005	49	6134.4	-5.4	-0.8	0.3793	3.4	0.4
2759	2005	50	2246.4	-3.9	0.8	0.4964	3	0
2759	2005	51	2332.8	-1.4	2.6	0.568	2.2	0
2759	2005	52	5788.8	-3	2.4	0.5141	4.2	0
2759	2005	53	4320	-5.5	-0.3	0.4147	5.2	0.1
2759	2005	54	2419.2	-1.5	0.7	0.5816	3.2	4.4
2759	2005	55	3196.8	-4.9	0.3	0.48	2.4	1.3
2759	2005	56	2505.6	-0.4	1.3	0.6123	1.7	0.4
2759	2005	57	2592	-6.2	0.5	0.4459	3.5	0.9
2759	2005	58	7257.6	-9.6	-3	0.3169	5.2	0
2759	2005	59	8121.6	-11	-2.3	0.2936	4.9	0
2759	2005	60	8726.4	-5.6	-1.5	0.3574	6.3	1.9
2759	2005	61	6998.4	-5.2	0.7	0.3315	4.6	0
2759	2005	62	2851.2	-6.1	0.2	0.3787	1.9	0
2759	2005	63	5011.2	-5.8	-1	0.3709	2.5	0
2759	2005	64	8208	-5.6	-1	0.3785	3.4	0
2759	2005	65	3628.8	-5.4	-0.6	0.4067	5	0
2759	2005	66	4492.8	-5.4	1.7	0.4482	5.7	0
2759	2005	67	6480	-1.2	3.7	0.5751	5.8	0
2759	2005	68	4579.2	-6.4	1.8	0.4439	3.3	0.1
2759	2005	69	13737.6	-7.8	3.1	0.36	3.9	0
2759	2005	70	3196.8	-0.5	3.5	0.5856	6.9	7.3
2759	2005	71	3283.2	0.6	4	0.6056	7.9	2.5
2759	2005	72	10195.2	-1.4	5.3	0.5485	5.3	0.6
2759	2005	73	8985.6	0.9	7.2	0.612	4.7	0
2759	2005	74	5788.8	0.5	9.8	0.5904	3.9	0
2759	2005	75	5443.2	7.4	18.1	0.8978	5.5	0
2759	2005	76	4752	11.2	16.3	1.1783	8	2
2759	2005	77	3542.4	4	13.3	1.0196	7.8	1.5
2759	2005	78	10281.6	-3.2	4	0.4403	3.8	0
2759	2005	79	16243.2	-5.1	5.7	0.3934	2.8	0
2759	2005	80	16588.8	-4.4	7.2	0.365	3.2	0
2759	2005	81	15465.6	-2.3	11.8	0.4199	4.2	0
2759	2005	82	4924.8	2.4	12.4	0.8439	2.1	0.6
2759	2005	83	10972.8	6.3	17.4	1.2209	2	0
2759	2005	84	13392	4.9	18.1	1.0574	2.9	0
2759	2005	85	3974.4	6.1	11	1.0684	1.9	0
2759	2005	86	4060.8	6.6	10.9	1.004	3.6	0
2759	2005	87	17625.6	2.5	12.1	0.6644	4	0
2759	2005	88	17625.6	1.6	13	0.6235	4.4	0
2759	2005	89	18403.2	2	12.3	0.5463	5.2	0
2759	2005	90	18835.2	-0.9	10.9	0.4709	3.9	0
2759	2005	91	19094.4	-0.5	14	0.4331	2.9	0
2759	2005	92	19267.2	0.6	16.4	0.4215	3.2	0
2759	2005	93	17798.4	2.6	19.7	0.4636	3.5	0
2759	2005	94	19094.4	3.5	20.2	0.4856	3.1	0
2759	2005	95	8899.2	5.7	14.4	0.8864	3.5	1.2
2759	2005	96	17366.4	3.2	15.6	0.7661	3.6	0
2759	2005	97	9072	8.7	14.3	1.0168	4.4	5
2759	2005	98	13910.4	4.8	13.8	0.8897	3.3	1.6
2759	2005	99	8035.2	2.6	9.3	0.7359	3.9	1
2759	2005	100	12355.2	1	9.4	0.6898	2.9	0
2759	2005	101	13651.2	4.8	13.9	0.8927	3.5	0
2759	2005	102	15033.6	4.9	16.2	0.9547	1.4	0
2759	2005	103	9676.8	7.7	16	1.0128	1.4	0
2759	2005	104	15724.8	5.4	19.4	0.9206	2.2	0
2759	2005	105	16156.8	10	21	0.9848	3	0
2759	2005	106	19526.4	8.8	21.4	1.1827	4.5	0
2759	2005	107	19526.4	7.6	20.1	1.2017	5	0
2759	2005	108	20995.2	5.3	17.7	1.0574	4	0
2759	2005	109	20044.8	4.5	15.2	0.7531	5.4	0
2759	2005	110	23068.8	-0.5	11.2	0.4647	6.1	0
2759	2005	111	23414.4	-3.3	10.2	0.3442	2.5	0
2759	2005	112	19353.6	0.8	13	0.5072	2.7	0
2759	2005	113	21254.4	2.4	13.6	0.5575	3.5	0
2759	2005	114	23673.6	1.9	15	0.5306	4.4	0
2759	2005	115	13996.8	4.5	15.9	0.5471	5.2	0
2759	2005	116	22377.6	4.5	17.9	0.6114	2.9	0
2759	2005	117	7776	7.7	15	1.0738	3.5	2.9
2759	2005	118	19094.4	6.3	17	0.9447	4.7	0
2759	2005	119	19353.6	4.3	18.1	0.9037	2.7	0.1
2759	2005	120	17280	9.9	21.6	1.0722	2.2	0
2759	2005	121	23241.6	11.6	25.5	1.3224	2.1	0
2759	2005	122	21427.2	13.3	31	1.4114	4.2	0
2759	2005	123	16329.6	15.1	23.8	1.7597	2.6	2.6
2759	2005	124	12700.8	11.1	18.8	1.3751	5.6	0
2759	2005	125	19008	7.2	16	0.9143	5.9	0.7
2759	2005	126	12528	6.2	15.2	1.0671	5.2	1.6
2759	2005	127	14083.2	5.4	11.7	0.9126	3.8	7.8
2759	2005	128	17625.6	4.9	12.5	0.9106	5.5	1.7
2759	2005	129	18489.6	4.6	12	0.8316	4.1	0.4
2759	2005	130	15033.6	4.7	10.9	0.899	3.5	4.7
2759	2005	131	13305.6	4.6	10.5	0.9254	4	8.9
2759	2005	132	14515.2	4.3	13.4	0.9994	2.6	0
2759	2005	133	24624	1.9	17.6	0.7964	1.7	0
2759	2005	134	11664	7.8	17.9	1.0963	4.2	20.1
2759	2005	135	14256	7.3	12.6	1.1006	5.1	6.5
2759	2005	136	21340.8	7	17.8	0.9926	4.6	1.5
2759	2005	137	8985.6	6.3	10.3	0.9082	3.1	1.4
2759	2005	138	17539.2	5.1	13.8	0.7923	2.7	0
2759	2005	139	25920	3	16.3	0.6832	1.7	0
2759	2005	140	24364.8	7	19.7	0.8113	3.8	0
2759	2005	141	18489.6	11.4	23	1.1953	3.9	5.3
2759	2005	142	17193.6	14.5	21.5	1.6486	2.2	1.6
2759	2005	143	8812.8	13	20.5	1.6378	2.9	0.5
2759	2005	144	18230.4	9.9	20.2	1.0935	2.6	0
2759	2005	145	23241.6	12.9	24.2	1.2158	3	0
2759	2005	146	26438.4	12.7	27.6	1.39	2.3	0
2759	2005	147	27648	16	30.9	1.6421	2.2	0
2759	2005	148	28684.8	17.3	32.6	1.6703	3.1	0
2759	2005	149	27993.6	17.7	26.4	1.3764	3.5	11.5
2759	2005	150	6566.4	10.8	19.1	1.4939	4.4	0.3
2759	2005	151	17020.8	8.4	16.7	1.0895	6.4	0.5
2759	2005	152	7862.4	7.7	13	0.8792	4.6	0
2759	2005	153	13651.2	6.1	16.6	0.953	2.7	0
2759	2005	154	20822.4	13.5	26.3	1.5311	2.8	0.3
2759	2005	155	19353.6	13.4	22.2	1.1803	6.2	0.2
2759	2005	156	13219.2	11.3	17.3	1.4001	4.5	10.3
2759	2005	157	10627.2	8.9	13.7	0.9499	5.6	2.2
2759	2005	158	10454.4	6.9	14.3	1.0089	6.3	1.4
2759	2005	159	22896	7.2	16.3	0.8407	3.3	0
2759	2005	160	19353.6	7	19.6	0.8544	3.3	0.4
2759	2005	161	10713.6	8.7	17.6	1.2389	3.1	6.1
2759	2005	162	13478.4	6.9	14.4	0.9354	5.3	0.1
2759	2005	163	15465.6	8.1	14.6	0.9262	3.8	0
2759	2005	164	25488	6.5	20.5	1.0202	4	0
2759	2005	165	23760	8	26.6	1.3803	3.2	5.4
2759	2005	166	21081.6	15.5	25.6	1.9076	2.1	0
2759	2005	167	25228.8	13.8	27.4	1.5744	3	0
2759	2005	168	8726.4	16.3	22.7	1.6067	4.5	0
2759	2005	169	28080	11.9	22.4	1.211	5.8	0
2759	2005	170	24883.2	11.7	25.6	1.4381	3.1	0
2759	2005	171	29980.8	11.9	26.3	1.3024	2.6	0
2759	2005	172	25747.2	15.5	30.2	1.417	3.1	0.6
2759	2005	173	20217.6	14.6	23	1.3866	4.6	0
2759	2005	174	29635.2	13.3	27.4	1.288	1.6	0
2759	2005	175	23328	17.5	30.6	1.4634	2.8	0
2759	2005	176	22032	15.2	34	2.0988	3.3	2.9
2759	2005	177	28684.8	13.1	25.1	1.3465	2.7	0
2759	2005	178	29635.2	13.3	25.2	1.1586	3.2	0
2759	2005	179	28857.6	13.1	24	1.2158	4.5	0
2759	2005	180	27648	11.2	25.8	1.1907	3	0
2759	2005	181	24537.6	13.2	24.9	1.1003	4.1	0.1
2759	2005	182	7516.8	14.7	18.5	1.5657	2.7	11.8
2759	2005	183	14428.8	13.9	24.1	1.6234	2	0
2759	2005	184	22464	15.2	27.5	1.5217	1.7	0
2759	2005	185	25574.4	16	28.9	1.356	4.2	0.1
2759	2005	186	6825.6	11.3	21.8	1.6924	4.9	38.9
2759	2005	187	10368	12	15.3	1.4516	2.3	5.2
2759	2005	188	12441.6	12.1	20.5	1.6657	2.5	3.2
2759	2005	189	7430.4	13.6	17.8	1.6744	2	6.9
2759	2005	190	13910.4	14.5	23.8	1.9486	2.1	0
2759	2005	191	27820.8	15.2	28	1.7254	4.7	0
2759	2005	192	28252.8	14.9	28.1	1.5358	4.1	0
2759	2005	193	28252.8	16.6	29.5	1.603	3.1	0
2759	2005	194	27043.2	17.5	29.7	1.5407	2.5	0
2759	2005	195	25228.8	17.1	28.4	1.657	1.9	0
2759	2005	196	24105.6	17.8	32	2.0738	2.9	2.3
2759	2005	197	21859.2	15.3	23.8	1.4982	4.5	0
2759	2005	198	19699.2	13.6	22.4	1.2983	4.7	0
2759	2005	199	18489.6	16	25.6	1.5939	2.5	0
2759	2005	200	16156.8	17.4	24.4	1.653	4.8	0
2759	2005	201	15552	12.4	22.3	1.3253	5.1	3.3
2759	2005	202	7171.2	12.6	14.8	1.472	7.8	37.1
2759	2005	203	13478.4	14.3	20.4	1.7012	6.2	0.8
2759	2005	204	7516.8	13.4	16.2	1.4628	4.6	0
2759	2005	205	15811.2	14	22.8	1.5003	3.1	0
2759	2005	206	14860.8	15.9	25.9	1.9738	3.2	11.8
2759	2005	207	11750.4	15.7	21.9	1.9066	3.5	0.1
2759	2005	208	18489.6	14.9	23.3	1.6335	2.1	3.3
2759	2005	209	19699.2	18.1	29.3	2.1934	2.3	0
2759	2005	210	18316.8	19.7	29.3	2.3931	2.4	17.1
2759	2005	211	18403.2	18.7	27.1	2.0623	4.7	0
2759	2005	212	21254.4	16.4	25.8	1.5735	3.8	0
2759	2005	213	20131.2	13.9	21.1	1.318	4.8	0
2759	2005	214	21772.8	11.5	22.8	1.2892	2	0
2759	2005	215	6048	15.3	17.7	1.7433	1.7	9.2
2759	2005	216	17452.8	13.4	20.8	1.4603	5	0
2759	2005	217	16329.6	11.1	21.6	1.3368	2.5	9.3
2759	2005	218	13996.8	12.3	18.7	1.4949	4.9	2.6
2759	2005	219	15552	10.2	18.6	1.2781	3.3	1.1
2759	2005	220	22291.2	9.4	19.9	1.2156	2.9	0
2759	2005	221	7776	11.8	15.9	1.3915	5	1.5
2759	2005	222	5788.8	12.5	15.5	1.3731	5.6	7.1
2759	2005	223	9417.6	13.2	19.2	1.4161	6	0
2759	2005	224	19008	12.5	21.4	1.3308	3.9	5.2
2759	2005	225	7776	12.3	17	1.3655	3.9	0.1
2759	2005	226	9072	11.6	19.9	1.4653	2.7	1.1
2759	2005	227	13478.4	14	22.6	1.5119	2.4	0
2759	2005	228	21168	11.7	22.7	1.548	3.2	0
2759	2005	229	16502.4	10.8	22.4	1.4714	1.1	0
2759	2005	230	23587.2	11.6	25.7	1.5024	2.8	0
2759	2005	231	22204.8	14.1	27.1	1.5744	3.3	0
2759	2005	232	18144	15.6	27.3	1.8373	2.4	12.5
2759	2005	233	21081.6	16.7	27.8	1.9023	2	0
2759	2005	234	20563.2	13.7	26.6	1.4842	3.2	1.7
2759	2005	235	5184	15.8	19.1	1.712	3.2	2.4
2759	2005	236	15638.4	15.1	22.4	1.6846	3.4	0
2759	2005	237	6048	14	20.9	1.712	4	2.9
2759	2005	238	14428.8	11.3	19.7	1.2311	5	0
2759	2005	239	20044.8	11.2	21.4	1.1475	2.2	0
2759	2005	240	18748.8	11.1	23.1	1.324	1.6	0
2759	2005	241	21081.6	12.9	27.3	1.5031	2.1	0
2759	2005	242	20217.6	13.8	25.9	1.642	1.8	0
2759	2005	243	20822.4	13.3	24.8	1.5844	3.5	0
2759	2005	244	19526.4	13.8	27.8	1.3732	4.2	0
2759	2005	245	16329.6	13.1	25.9	1.5162	3	0
2759	2005	246	7430.4	14	21.2	1.5474	3.6	0
2759	2005	247	19180.8	11.1	24.6	1.3065	1.8	0
2759	2005	248	19008	12.2	26	1.3245	2.6	0
2759	2005	249	18921.6	13.5	27.2	1.4072	3.7	0
2759	2005	250	18316.8	15.2	27.5	1.4203	3	0
2759	2005	251	17971.2	14.1	29.3	1.6324	1.8	0
2759	2005	252	17798.4	14.9	28.8	1.6735	2	0
2759	2005	253	14342.4	16.4	27.7	1.9852	3	7.6
2759	2005	254	3974.4	16.3	20	2.0178	2.5	12.9
2759	2005	255	5097.6	12.1	19.9	1.6705	3.2	1.4
2759	2005	256	13219.2	11.3	19.9	1.3629	1.6	0
2759	2005	257	13392	9.9	21	1.4024	4.7	0
2759	2005	258	13305.6	12.5	21.1	1.3947	5.1	12.8
2759	2005	259	4492.8	8.7	13.2	1.2418	3.8	4.8
2759	2005	260	13910.4	6.6	16.9	1.0061	2.2	0
2759	2005	261	16243.2	4.7	17.6	0.9537	1	0
2759	2005	262	12614.4	6	18.9	1.068	1.5	0
2759	2005	263	10886.4	8	18.5	1.2318	1.6	0
2759	2005	264	5702.4	10.9	18.2	1.3567	2	0
2759	2005	265	15292.8	8.6	20.8	1.2362	2.7	0
2759	2005	266	15120	8.1	22.2	1.2381	3.3	0
2759	2005	267	14342.4	10	22.9	1.4761	1.7	0
2759	2005	268	14256	10.5	22.8	1.4572	2.2	0
2759	2005	269	8899.2	12.6	18.1	1.5154	2.2	2.1
2759	2005	270	11923.2	10.1	20.6	1.3586	2.8	0.6
2759	2005	271	5356.8	9.5	16	1.3541	3	5.2
2759	2005	272	5270.4	8.6	14.7	1.246	3.5	6.5
2759	2005	273	8294.4	7.5	15.5	1.0981	4.2	0
2759	2005	274	6393.6	5.9	15.8	1.1297	3.9	8.5
2759	2005	275	2937.6	10.6	13.6	1.2976	2.1	0
2759	2005	276	2937.6	10.6	15.3	1.3421	2.1	0
2759	2005	277	9504	12	19	1.4949	3.9	0
2759	2005	278	12009.6	10.2	19.6	1.4045	3.9	0
2759	2005	279	12182.4	9.7	20.5	1.457	3.3	0
2759	2005	280	11664	10.3	19.8	1.4523	4.1	0
2759	2005	281	11232	11	20.3	1.2074	4.2	0
2759	2005	282	11232	8.6	19.5	1.1854	2.7	0
2759	2005	283	10108.8	8.1	18.8	1.2479	2.5	0
2759	2005	284	11232	7.4	19.7	1.163	4	0
2759	2005	285	11059.2	8.8	18.6	1.0961	4	0
2759	2005	286	10627.2	5.4	17.5	1.0945	2.4	0
2759	2005	287	10627.2	4.4	17.8	1.0694	0.8	0
2759	2005	288	10022.4	4.8	15.4	0.9882	2.2	0
2759	2005	289	6480	1	11.9	0.8003	2	0
2759	2005	290	5184	7.8	13.3	1.0692	3.3	0
2759	2005	291	5702.4	2.7	11.1	0.8255	2.4	0
2759	2005	292	9590.4	2	13.2	0.8138	3.4	0
2759	2005	293	7689.6	4.1	15.3	0.95	3.2	0.2
2759	2005	294	2160	10.4	14.9	1.2575	2.7	1.5
2759	2005	295	2764.8	11.2	17.3	1.428	4.8	6.6
2759	2005	296	5011.2	8.8	15.3	1.2933	3.7	12.3
2759	2005	297	2073.6	7.3	11.6	1.1589	2.3	5.4
2759	2005	298	1987.2	11.4	16.6	1.3731	5.9	3.3
2759	2005	299	5616	10.1	16.5	1.129	6.3	0
2759	2005	300	7862.4	8.4	18.5	1.3096	2	0
2759	2005	301	8294.4	8.9	17.4	1.1331	4.9	0
2759	2005	302	8035.2	5.7	15.6	0.9354	4.1	0
2759	2005	303	7776	6.3	17.6	1.0334	2.9	0
2759	2005	304	7776	5.4	12.6	0.8834	3.8	0
2759	2005	305	5097.6	4.5	12.3	0.9034	3.2	0
2759	2005	306	5097.6	6.2	14.2	1.1316	2.5	0
2759	2005	307	4492.8	7.9	17.4	1.3307	3.6	0.3
2759	2005	308	3196.8	10.2	13.9	1.2371	2.8	2.5
2759	2005	309	3456	6.2	11.7	1.0634	3.1	4.5
2759	2005	310	7084.8	3.2	11.6	0.9057	3.1	0
2759	2005	311	6134.4	2.1	12.1	0.8873	3	0
2759	2005	312	6739.2	6.8	13.6	1.0445	3.1	0
2759	2005	313	5788.8	4.6	12.5	0.9348	3	0
2759	2005	314	3456	3.2	11.6	0.9777	2.7	0
2759	2005	315	1468.8	8.5	12.1	1.0891	4.2	0
2759	2005	316	5616	3.2	11.3	0.8353	3.3	0
2759	2005	317	5616	1.3	10.6	0.8291	1.4	0
2759	2005	318	1382.4	5.5	8	0.9253	2.8	0
2759	2005	319	2073.6	4.2	6.9	0.8336	5.8	4.3
2759	2005	320	1296	1	5.8	0.7249	2.9	5.1
2759	2005	321	2246.4	-0.3	3.4	0.6218	3.7	0
2759	2005	322	1728	0.2	2.6	0.6287	3.9	0
2759	2005	323	1296	-0.7	1.8	0.5977	3.6	0.2
2759	2005	324	1209.6	-0.4	5.8	0.7047	3.3	1.7
2759	2005	325	3110.4	-1.9	4.9	0.6332	3.4	0
2759	2005	326	1209.6	-0.1	3.7	0.6261	3.6	0
2759	2005	327	1209.6	3.3	5.5	0.8028	2.5	0
2759	2005	328	1209.6	-2.1	3.9	0.6065	3.6	0
2759	2005	329	2073.6	-2.7	0.8	0.4789	5.1	0.7
2759	2005	330	5011.2	-1.7	3.5	0.4565	4.3	0
2759	2005	331	2764.8	-3.4	1.9	0.4917	1.7	0
2759	2005	332	1555.2	-3.4	1.4	0.5226	2.9	0.6
2759	2005	333	2592	-3.5	2.8	0.542	2.7	0
2759	2005	334	1036.8	-0.2	4.5	0.6134	4.4	0
2759	2005	335	4233.6	-2.1	4.5	0.5331	3	0
2759	2005	336	3456	-2.8	1.5	0.507	5.3	0
2759	2005	337	1036.8	-2.6	1.1	0.5264	4.3	0.1
2759	2005	338	1036.8	0	4.8	0.7116	3.1	0.8
2759	2005	339	1296	2.4	7.2	0.7912	3.4	0
2759	2005	340	3888	-0.5	8.1	0.7537	1.3	0
2759	2005	341	1036.8	-0.7	3	0.6573	2.2	0
2759	2005	342	1641.6	0.7	4.7	0.727	1.8	0
2759	2005	343	1468.8	-0.5	3.4	0.6106	2.8	0
2759	2005	344	3024	-1.9	3.1	0.5807	2.3	0
2759	2005	345	1036.8	-1.1	4.2	0.6423	3.9	0.4
2759	2005	346	1468.8	-0.2	7.4	0.7589	3.9	0
2759	2005	347	950.4	-0.7	5	0.699	3.6	0.7
2759	2005	348	950.4	4.2	6.2	0.8489	4.4	0
2759	2005	349	1814.4	4.8	7.9	0.814	8.9	8
2759	2005	350	1209.6	-0.4	6.8	0.6994	8.7	6.9
2759	2005	351	950.4	-1.9	1.3	0.55	4.6	0.6
2759	2005	352	1209.6	-2.7	1.7	0.5361	6.4	0.2
2759	2005	353	950.4	-0.2	3.9	0.6633	4.1	3.9
2759	2005	354	950.4	0.3	6.7	0.7301	6.5	5.8
2759	2005	355	1382.4	0.9	3.7	0.6272	3	1.7
2759	2005	356	950.4	3	6.5	0.797	5.5	3.1
2759	2005	357	950.4	4.1	7.1	0.8729	4.3	5.6
2759	2005	358	950.4	4.5	8.2	0.8619	6.8	0.3
2759	2005	359	3542.4	-0.5	4.7	0.6326	4.2	0
2759	2005	360	950.4	-1.5	0.2	0.5594	3.1	5.1
2759	2005	361	950.4	-4.1	-0.4	0.4766	4.4	0
2759	2005	362	950.4	-5.1	-2.7	0.4077	4.3	0.9
2759	2005	363	1036.8	-5	-0.9	0.4623	5.2	5.8
2759	2005	364	3196.8	-9.4	-1.6	0.349	3.2	0
2759	2005	365	1036.8	-9.7	3.2	0.4521	3.3	0.7
