*---------------------------------------------------------------------------*
* Station name: BERLIN-DAHLEM                           
* Year: 1997
* Author: Pedro Alencar                                   -999.000: NIL VALUE
* Source: ECAD 
* Comments: 
* Longitude: 52.4639, latitude: 52.4639, altitude: 51 m.
*
* Column  Daily value
* 1       station number
* 2       year
* 3       day
* 4       irradiation                   (kJ m-2 d-1)
* 5       minimum temperature           (degrees Celsius)
* 6       maximum temperature           (degrees Celsius)
* 7       early morning vapour pressure (kPa)
* 8       mean wind speed (height: 2 m) (m s-1)
* 9       precipitation                 (mm d-1)
*
** WCCDESCRIPTION=GERMANY, BERLIN-DAHLEM                           
** WCCFORMAT=2
** WCCYEARNR=1997
*---------------------------------------------------------------------------*
   52.4639  13.3017    51.  -0.18 -0.55
2759	1997	1	3888	-17.6	-11.4	0.1632	2.2	0
2759	1997	2	3715.2	-17.9	-10.9	0.1645	2.1	0
2759	1997	3	2246.4	-14.2	-6.1	0.2319	4.9	0
2759	1997	4	1036.8	-8.6	-4.7	0.3085	5.2	0
2759	1997	5	2851.2	-13.8	-6.2	0.249	2.4	0
2759	1997	6	1036.8	-7.2	-2.9	0.3612	1.5	0
2759	1997	7	1036.8	-5.9	-3.4	0.381	1.4	0
2759	1997	8	1123.2	-7	-5.1	0.3386	1.9	0
2759	1997	9	1123.2	-5.7	-3.7	0.3623	3.5	0
2759	1997	10	2937.6	-7	-2.8	0.3483	2.9	0
2759	1997	11	1123.2	-7.4	-4.9	0.3399	2.4	0.6
2759	1997	12	2505.6	-6.5	-2.6	0.362	2.5	0
2759	1997	13	1123.2	-6	2.6	0.4478	2.8	0
2759	1997	14	4492.8	0.2	8.3	0.662	2.3	0
2759	1997	15	4752	-2.5	5.7	0.5349	2.3	0
2759	1997	16	4752	-4.7	4	0.4348	1.7	0
2759	1997	17	4924.8	-6.6	2.8	0.3987	2	0
2759	1997	18	1296	-4	4.1	0.5028	2.6	0
2759	1997	19	1296	-0.3	3.9	0.6331	2.4	1.5
2759	1997	20	1296	-0.3	2.8	0.6286	2	0.2
2759	1997	21	1296	0.4	1.5	0.5629	2.1	0
2759	1997	22	4665.6	-1.1	4.1	0.5447	3.9	0
2759	1997	23	3801.6	1.8	9	0.7712	2.9	1.2
2759	1997	24	1382.4	1.5	4.6	0.6692	2.4	0
2759	1997	25	1382.4	0	1.9	0.4974	4.2	0
2759	1997	26	5702.4	-3.4	2.1	0.4196	4.6	0
2759	1997	27	5616	-7	2	0.3814	3.1	0
2759	1997	28	1468.8	-2.9	3	0.5764	5.3	0.5
2759	1997	29	1555.2	0.9	3.3	0.6397	4.4	0.7
2759	1997	30	1555.2	2.3	3.8	0.6844	5.7	1.1
2759	1997	31	2678.4	-1.9	3.9	0.5058	5.6	0
2759	1997	32	6652.8	-5.3	2.6	0.3931	3.2	0
2759	1997	33	6739.2	-6.3	2.1	0.3824	2.1	0
2759	1997	34	1987.2	-5.8	1	0.4406	2.5	0
2759	1997	35	2073.6	0.2	4.2	0.5655	6.1	2.7
2759	1997	36	1728	0.3	4.3	0.6128	5.1	0
2759	1997	37	2592	-0.1	5.8	0.6298	4.5	0
2759	1997	38	6220.8	1.7	8.5	0.5533	5.4	0
2759	1997	39	7171.2	2.9	8.5	0.5768	5.6	0
2759	1997	40	2764.8	-1	10.3	0.6893	3.8	0
2759	1997	41	6307.2	6.4	11.7	0.7598	5.6	1
2759	1997	42	5875.2	4.6	9.3	0.6187	8.5	1.4
2759	1997	43	1987.2	2.9	8.9	0.8169	3.8	6.4
2759	1997	44	3283.2	3.7	10.4	0.7838	7.1	10.7
2759	1997	45	4492.8	2.7	6.8	0.5999	8.5	0.1
2759	1997	46	2073.6	0	3	0.5924	2.2	0.2
2759	1997	47	2160	-3.2	0.7	0.4294	2.9	0
2759	1997	48	5788.8	-4.7	2.8	0.3991	4.4	0
2759	1997	49	2246.4	-1.3	6	0.6295	5.2	10.3
2759	1997	50	4838.4	2.4	7.4	0.6235	6.2	3.6
2759	1997	51	5011.2	1	8.6	0.5504	8.5	0
2759	1997	52	2332.8	5.1	10	0.7902	7.9	1.8
2759	1997	53	5702.4	3.5	12.2	0.7853	5.6	0
2759	1997	54	8121.6	5.8	14.3	0.8741	4.2	0
2759	1997	55	3196.8	6.5	13.7	0.8399	5.5	0.2
2759	1997	56	2505.6	7.2	14.1	0.9226	8.8	23.6
2759	1997	57	5270.4	5.3	10.2	0.8222	6.9	5.4
2759	1997	58	7948.8	1.7	7.3	0.5221	5.6	0
2759	1997	59	10195.2	0.4	14	0.5888	5.4	0
2759	1997	60	7171.2	7.9	13.1	0.7485	4.8	0
2759	1997	61	10972.8	7.5	18.9	0.9398	6.8	0
2759	1997	62	9417.6	6	10.5	0.6216	6.8	0
2759	1997	63	12009.6	2.3	11.2	0.5217	3.1	0
2759	1997	64	12441.6	-0.9	14.2	0.567	2.2	0
2759	1997	65	4060.8	4.6	11.1	0.8278	3.3	0
2759	1997	66	13478.4	-1.8	11.5	0.561	2	0
2759	1997	67	7171.2	-0.3	13.5	0.6625	2.2	0
2759	1997	68	13564.8	4.6	13.2	0.7635	2.3	0
2759	1997	69	13651.2	1	16.3	0.7731	1.9	0
2759	1997	70	12873.6	1.9	15	0.8843	2.5	0
2759	1997	71	3283.2	3.4	6.8	0.7552	2.1	0
2759	1997	72	3283.2	0.6	10.2	0.7891	5	0
2759	1997	73	3369.6	8.5	10.7	0.9198	6	0.5
2759	1997	74	3369.6	8.2	11.3	1.0136	6.4	4.6
2759	1997	75	9763.2	1	8.3	0.5447	4.1	2.9
2759	1997	76	9244.8	-0.7	4.8	0.4816	2.7	0
2759	1997	77	13046.4	-4.5	5.7	0.3637	3.5	7.4
2759	1997	78	3628.8	-0.4	3.5	0.6287	3.8	0.1
2759	1997	79	8035.2	-4.2	1.5	0.382	2.7	0
2759	1997	80	5184	-3.6	3.4	0.461	2.5	0
2759	1997	81	8553.6	-1.8	5.5	0.5236	3.1	0
2759	1997	82	11491.2	-2.8	6.7	0.4571	3.5	0
2759	1997	83	14860.8	-2.2	8	0.4289	4.2	0
2759	1997	84	12441.6	-0.6	7.8	0.4822	3.8	0
2759	1997	85	13996.8	-1.4	11.9	0.5502	4.5	1
2759	1997	86	12441.6	8.7	13.2	0.6667	8.5	5.4
2759	1997	87	10454.4	3.6	10.7	0.7588	9.9	6.5
2759	1997	88	8985.6	3.4	9	0.5971	7.8	0.1
2759	1997	89	14601.6	0	10	0.6279	4.9	0
2759	1997	90	16588.8	5.3	13.9	0.7884	5.5	0
2759	1997	91	18489.6	5.3	17.1	0.7841	3.8	0
2759	1997	92	11577.6	4.9	13.3	0.7392	2.6	0
2759	1997	93	12268.8	4.4	15.2	0.8475	5.6	6.2
2759	1997	94	11232	1.2	9.5	0.6076	7.2	0.6
2759	1997	95	4492.8	0.4	8.7	0.7437	6.3	10.1
2759	1997	96	14428.8	0.6	8.6	0.5936	6.3	0.4
2759	1997	97	17625.6	-2.8	8.4	0.381	3.5	0
2759	1997	98	16070.4	-1.2	9.7	0.3227	2.3	0
2759	1997	99	13564.8	5	14.8	0.5728	2.7	0
2759	1997	100	10886.4	6.9	11.7	0.6907	6.6	0
2759	1997	101	10195.2	2.9	10.1	0.5612	10.9	2
2759	1997	102	13564.8	0.8	9.6	0.4952	5.6	0.2
2759	1997	103	17798.4	-1.3	9.3	0.4147	3.7	1.3
2759	1997	104	6739.2	5.1	10.2	0.8584	8	0.3
2759	1997	105	15552	0.4	8.1	0.4634	6.9	2.5
2759	1997	106	16329.6	-0.6	8.4	0.4845	4.8	0
2759	1997	107	12268.8	3	13	0.5682	4.2	0
2759	1997	108	7689.6	2.2	12.9	0.7902	5.2	1.8
2759	1997	109	15724.8	0.8	8.3	0.5578	3.3	0.3
2759	1997	110	19267.2	-1.9	7.9	0.4622	3	0
2759	1997	111	20736	-2.2	9.7	0.3595	2.3	0
2759	1997	112	11059.2	1	10.2	0.5274	3.9	0
2759	1997	113	22204.8	0.2	11.2	0.4303	4.2	0
2759	1997	114	21168	1.9	17.3	0.4778	6.1	0
2759	1997	115	15033.6	6.6	14.4	0.6851	5.5	0
2759	1997	116	22723.2	1	14.9	0.6518	3.3	0
2759	1997	117	16588.8	7	17.9	0.8515	4.5	0
2759	1997	118	9158.4	8.7	17	1.1704	4.4	10
2759	1997	119	8380.8	10.1	14.4	1.225	5	6.9
2759	1997	120	7603.2	8.5	11.7	1.0746	5.5	0
2759	1997	121	11318.4	7.7	12.6	1.0163	3.1	0
2759	1997	122	21513.6	7.1	21	1.0732	4.1	0
2759	1997	123	22809.6	10.7	17.2	1.0186	4.5	0
2759	1997	124	19612.8	6.7	21	0.9329	2.7	0
2759	1997	125	13478.4	13.3	19.4	1.4854	4.5	2.3
2759	1997	126	19440	11	22.2	1.2828	5.4	15.3
2759	1997	127	18489.6	4.6	12.5	0.6344	5.3	0
2759	1997	128	16070.4	2.5	12.4	0.7332	2.8	0
2759	1997	129	22291.2	4.4	16.8	0.8046	4.3	3
2759	1997	130	18921.6	6	16.8	0.8754	5.1	0.1
2759	1997	131	20217.6	7.8	23.5	0.8878	4	0
2759	1997	132	20908.8	9.9	21.3	1.0266	2.9	0
2759	1997	133	22896	13.3	22.7	1.3189	2.5	0
2759	1997	134	23500.8	12.5	27.9	1.5124	4	2.1
2759	1997	135	18489.6	14.2	22.2	1.6485	3.4	0
2759	1997	136	24278.4	12.3	24.2	1.5072	4.6	0
2759	1997	137	26006.4	14.3	27.4	1.5496	4.4	0
2759	1997	138	24537.6	13.6	29.4	1.4078	3.1	0
2759	1997	139	17452.8	15.7	22.2	1.7277	4.1	2.2
2759	1997	140	16070.4	13.8	22.4	1.7627	2.1	16
2759	1997	141	14342.4	11.7	18.9	1.3022	4	17.3
2759	1997	142	6393.6	8.5	12.7	1.1622	2.8	4
2759	1997	143	11577.6	7.3	12	0.9828	2.5	0.2
2759	1997	144	26352	3.3	13.4	0.6807	3.5	0
2759	1997	145	27043.2	2.5	17.3	0.5363	1.5	0
2759	1997	146	19267.2	5.7	17.4	0.7073	2.5	2.6
2759	1997	147	9331.2	8.9	13.5	1.2227	4.7	17.5
2759	1997	148	20822.4	4.8	16.1	0.9104	3.8	0
2759	1997	149	16761.6	5.8	14.4	0.8523	5.3	0.2
2759	1997	150	19785.6	7.5	14.4	0.915	5.3	0.3
2759	1997	151	25574.4	2.4	14.9	0.6163	4.6	0.1
2759	1997	152	10540.8	5.6	17.1	0.9933	4.1	0.7
2759	1997	153	28166.4	7.5	19.8	0.8428	4.1	0
2759	1997	154	24537.6	6.8	20.7	0.8798	2.7	0
2759	1997	155	26006.4	11.1	23.6	0.8902	2	0
2759	1997	156	27043.2	11.8	24.3	1.0956	3.6	0
2759	1997	157	26611.2	13.5	25.8	1.0736	3.8	0
2759	1997	158	29289.6	12.5	27	0.9653	3.7	0
2759	1997	159	25574.4	14	27	1.0351	4.1	0
2759	1997	160	20995.2	16.9	24.7	1.5939	4.6	0
2759	1997	161	27388.8	13	24.8	1.2427	2.2	0
2759	1997	162	29376	13.1	28.1	1.1869	3.4	0
2759	1997	163	22291.2	16.3	29	1.5647	3.1	1.6
2759	1997	164	15292.8	18.4	26.5	1.9255	2.3	3.6
2759	1997	165	20908.8	16	23.4	1.6726	3.5	1.1
2759	1997	166	13651.2	14.3	20.2	1.4153	5.6	0
2759	1997	167	25228.8	11.1	18.7	0.9476	4.5	0
2759	1997	168	28080	8.4	20.4	0.8029	3.6	0
2759	1997	169	25401.6	9.6	19.6	0.9461	3.9	0
2759	1997	170	23328	11	21.4	0.9563	2.4	0
2759	1997	171	8380.8	14	17.8	1.4073	2.6	2.1
2759	1997	172	12614.4	11.1	20.8	1.3756	3.5	11.7
2759	1997	173	13651.2	13.1	19.7	1.3783	4.6	2
2759	1997	174	19180.8	10.6	20.5	1.3056	4.7	16.7
2759	1997	175	13651.2	11.7	16.5	1.2856	5.9	3.5
2759	1997	176	16502.4	11	17.5	0.9899	3.4	0
2759	1997	177	9849.6	9.6	21.6	1.3275	3.5	1.4
2759	1997	178	14515.2	14.4	20.9	1.6732	2.6	2.3
2759	1997	179	25142.4	14.7	26.9	1.4713	1.7	0
2759	1997	180	27820.8	18.4	33.3	1.8616	4.6	0
2759	1997	181	21081.6	18.3	28.5	2.0967	3.4	0.8
2759	1997	182	14601.6	15.4	22.1	1.4471	2.6	0.4
2759	1997	183	25747.2	12.7	25.6	1.2622	2.6	0
2759	1997	184	19958.4	17.5	25.8	1.7049	2.8	0
2759	1997	185	14256	15.8	22.8	1.8328	1.7	10.7
2759	1997	186	23846.4	13.5	22.7	1.3686	3.5	0
2759	1997	187	15465.6	13.2	20.2	1.3099	6	0
2759	1997	188	24883.2	12.9	25	1.4871	6.4	0
2759	1997	189	23414.4	15.3	25.1	1.3707	5.4	0
2759	1997	190	22896	13.1	25	1.4524	3.7	0
2759	1997	191	25574.4	15.4	24.7	1.2175	3.2	0
2759	1997	192	25228.8	13.1	26.4	1.2641	2.2	0
2759	1997	193	25833.6	14.1	25.8	1.2566	3.2	0
2759	1997	194	27648	12.4	23.8	1.0783	3	0
2759	1997	195	24192	12.8	25.8	1.1622	2.1	0
2759	1997	196	13910.4	17.1	25.3	1.5832	2.3	0.9
2759	1997	197	14860.8	16.5	25.2	1.5988	3.1	0
2759	1997	198	13651.2	15.2	24.2	1.581	2.1	0.1
2759	1997	199	6566.4	15.7	18.2	1.7552	3.5	9
2759	1997	200	15033.6	15.2	21.9	1.5997	5	17.9
2759	1997	201	6480	14.2	17.4	1.7389	4.9	35.7
2759	1997	202	15638.4	16.1	25.7	1.9491	3.9	0.1
2759	1997	203	27129.6	14.9	26.6	1.589	2.8	0
2759	1997	204	25488	13.9	25.7	1.3833	2	0
2759	1997	205	21427.2	18.3	25.5	1.7048	3.1	0
2759	1997	206	17452.8	16.8	24.3	1.6662	2.3	0
2759	1997	207	11232	16.3	22.6	1.8725	4.8	0
2759	1997	208	17884.8	14.9	26.5	1.5354	5.7	0
2759	1997	209	19612.8	15.3	23.2	1.3146	5.1	0
2759	1997	210	16588.8	15.8	23.5	1.6674	2.4	1.6
2759	1997	211	24105.6	13.5	25.7	1.3207	1.6	1.9
2759	1997	212	12873.6	15	21.7	1.622	3.8	1.3
2759	1997	213	13910.4	12.5	20	1.4575	2.6	1.5
2759	1997	214	18662.4	12.3	24.5	1.5637	1.3	0
2759	1997	215	20822.4	13.5	26.7	1.3622	1.5	0
2759	1997	216	14947.2	15.8	27	1.5773	2	0
2759	1997	217	24192	15.9	25.2	1.6179	3.3	0
2759	1997	218	14688	14.4	25.8	1.8789	2.8	5.2
2759	1997	219	18489.6	14.8	25.8	1.8309	3.5	0
2759	1997	220	22032	16.2	27.5	1.6996	3.1	0
2759	1997	221	22377.6	16.7	28.6	1.5647	2.3	0
2759	1997	222	24105.6	16.6	29.5	1.4905	1.6	0
2759	1997	223	23587.2	16.6	30.2	1.4648	2.8	0
2759	1997	224	23414.4	16.5	30.6	1.4491	2.7	0
2759	1997	225	22636.8	17.7	31.5	1.4506	1.3	0
2759	1997	226	19094.4	18.8	31.6	1.5674	3	0
2759	1997	227	10281.6	18.4	25.7	1.694	4.5	0
2759	1997	228	19267.2	16.9	26.8	1.7781	2.2	0
2759	1997	229	21340.8	15.6	27.6	1.3391	2.6	0
2759	1997	230	18921.6	13.6	27	1.0225	2.8	0
2759	1997	231	17625.6	16.4	29	1.4593	3.4	0
2759	1997	232	17107.2	18.1	29.4	1.408	3.4	0
2759	1997	233	21772.8	16.3	30.2	1.4517	3	0
2759	1997	234	19353.6	18.6	31.7	1.6265	2.9	1.6
2759	1997	235	6998.4	19.8	25.7	2.1541	1.9	0
2759	1997	236	15897.6	18.7	31	1.9423	1.8	0
2759	1997	237	21513.6	19.3	31.7	1.5629	3.3	0
2759	1997	238	17452.8	18.7	31.3	1.7385	3.9	0
2759	1997	239	15206.4	19.3	30	1.9193	1.7	0
2759	1997	240	19180.8	17.8	29.4	1.5698	4.8	6.3
2759	1997	241	4924.8	14.4	24.1	2.0722	4.4	23
2759	1997	242	13824	13.4	22.2	1.628	4	0
2759	1997	243	16156.8	12.3	24.7	1.5735	1	0
2759	1997	244	19958.4	14.4	27	1.6085	2.3	0
2759	1997	245	16416	16.1	28.2	1.731	3.3	0
2759	1997	246	4406.4	17.9	21.8	2.0351	2	0
2759	1997	247	4320	16.5	20.5	1.9775	0.6	6.9
2759	1997	248	14256	15.7	25.4	1.9076	1.1	1.2
2759	1997	249	12614.4	16.5	21.7	1.5894	3.5	0.7
2759	1997	250	12268.8	12.5	19.7	1.2609	5.3	0
2759	1997	251	8726.4	15.2	21.8	1.4672	7.5	0
2759	1997	252	11318.4	10.5	19.1	1.2274	9	0.7
2759	1997	253	8121.6	9.6	16.9	1.0189	7.7	0
2759	1997	254	10368	10.2	17.7	1.13	3.1	0
2759	1997	255	13046.4	11.1	25.9	1.3183	3.7	3.6
2759	1997	256	9763.2	12.4	18.4	1.1882	4.7	1.4
2759	1997	257	14256	7.7	17.1	0.8631	5.4	0
2759	1997	258	14515.2	7.9	19.3	0.9335	3.3	0
2759	1997	259	16588.8	8.7	24.1	0.9313	2.6	0
2759	1997	260	12528	11.9	22.5	1.1365	4.1	0
2759	1997	261	4320	11.3	16.6	1.2096	0.6	0
2759	1997	262	13478.4	8.5	16.7	0.9036	3.5	0
2759	1997	263	11577.6	5.5	15.9	0.8999	2.7	0
2759	1997	264	15552	4.3	16.4	0.8792	1.7	0
2759	1997	265	12873.6	6.7	18	1.018	2.1	0
2759	1997	266	9244.8	7.5	17.7	1.1368	4.1	0
2759	1997	267	14342.4	7.8	19.6	1.1588	1.8	0
2759	1997	268	14947.2	7.1	21.3	1.019	1.7	0
2759	1997	269	14342.4	7	21.7	1.1759	2.4	0
2759	1997	270	10195.2	9.8	18	1.1739	2.4	0
2759	1997	271	14256	4.6	19	0.9265	1.4	0
2759	1997	272	12441.6	5.6	21.5	0.9925	2.3	2.7
2759	1997	273	7257.6	12.4	18.7	1.2703	5.4	0
2759	1997	274	9504	8.5	15.9	1.1926	4	0.6
2759	1997	275	10281.6	10	15.6	1.078	9.6	0.7
2759	1997	276	5270.4	9.2	12.8	1.0886	5.3	1
2759	1997	277	3456	10.6	16.2	1.1517	6.7	0
2759	1997	278	2851.2	14.2	17.5	1.4388	6.6	0
2759	1997	279	11404.8	13	22.3	1.4514	2.6	0
2759	1997	280	5184	12.2	23.3	1.3592	3.5	0
2759	1997	281	4320	12.9	19.2	1.2569	4.7	0
2759	1997	282	4838.4	16.4	22.7	1.7252	8.2	3.5
2759	1997	283	3628.8	12.1	18.3	1.4146	6.3	7.4
2759	1997	284	6220.8	9.9	14.7	1.0432	8.9	0.8
2759	1997	285	4665.6	5.2	12.1	0.9636	3.8	0.1
2759	1997	286	6220.8	6.8	12.1	0.9579	5.4	0.8
2759	1997	287	6998.4	3.2	10.6	0.8155	3.2	6.5
2759	1997	288	5097.6	2.6	10.3	0.8389	2.9	1.3
2759	1997	289	8812.8	1.2	9.3	0.6833	2.4	0
2759	1997	290	8985.6	0.8	12.6	0.6671	2.7	0
2759	1997	291	8121.6	8.1	16.3	0.9654	3.6	0
2759	1997	292	9849.6	6.9	19.4	1.1785	2.4	0
2759	1997	293	4233.6	4.1	12.7	0.8152	3.8	0
2759	1997	294	9676.8	-0.4	8.7	0.5013	1.8	0
2759	1997	295	5788.8	-1	7.7	0.5126	2.6	0
2759	1997	296	3888	3.6	10.3	0.7285	5.5	0.9
2759	1997	297	7948.8	1.5	8	0.5999	6	0
2759	1997	298	2851.2	0.2	7.1	0.714	5.8	10.4
2759	1997	299	7084.8	-0.9	7.4	0.5707	3.7	0
2759	1997	300	8380.8	-3.6	5.7	0.468	3	0
2759	1997	301	8467.2	-4.9	5.8	0.4293	2.3	0.4
2759	1997	302	1814.4	1	6.1	0.4648	4.6	0
2759	1997	303	1814.4	2.7	7.4	0.6126	1.8	0
2759	1997	304	1814.4	0.9	5.4	0.6969	3.4	0
2759	1997	305	6134.4	-0.2	6.8	0.6502	2.3	0
2759	1997	306	1728	0.4	6.5	0.751	4.1	0.4
2759	1997	307	6134.4	-0.2	6.9	0.5515	4.8	0.1
2759	1997	308	7171.2	-2.5	4.7	0.4565	4.8	0
2759	1997	309	1641.6	-1.1	7	0.521	4.6	1.5
2759	1997	310	1555.2	4.6	9.6	0.9175	2.9	3.1
2759	1997	311	3801.6	7.1	17.1	1.0578	4.3	0.3
2759	1997	312	1555.2	4.8	10.6	0.9034	2.6	0
2759	1997	313	4320	4.5	12.2	0.8783	3.7	0.3
2759	1997	314	4320	6.5	13.2	0.8382	4.8	0
2759	1997	315	4924.8	6.3	12.7	0.9136	2.8	0
2759	1997	316	3283.2	0.5	6.4	0.751	3	0
2759	1997	317	1728	4.9	7.9	0.836	4.6	0
2759	1997	318	1382.4	4.5	6.9	0.7416	2.4	0
2759	1997	319	1382.4	1.5	6.5	0.7481	3.1	7.3
2759	1997	320	4060.8	1.1	6.1	0.6641	2.9	0
2759	1997	321	1296	5.1	7.2	0.8217	2.9	0
2759	1997	322	4060.8	0.1	5.4	0.536	4.3	0
2759	1997	323	5011.2	-3.6	2.1	0.4628	4.2	0
2759	1997	324	5097.6	-2.4	2.9	0.5102	4.9	0
2759	1997	325	2505.6	-3	1.2	0.5035	2.2	0
2759	1997	326	1209.6	-0.4	1.4	0.5639	1.7	0
2759	1997	327	1209.6	-1.4	0.4	0.5126	0.4	0
2759	1997	328	1209.6	-0.6	1.2	0.5308	2	0
2759	1997	329	1123.2	-0.6	1.5	0.5492	3.7	0
2759	1997	330	1123.2	0.5	2.1	0.6041	3.5	0
2759	1997	331	2419.2	-2.8	0.9	0.4846	4.2	0
2759	1997	332	1123.2	-1	0.3	0.5003	4.7	1.1
2759	1997	333	1123.2	0.1	8	0.7834	3.7	1.1
2759	1997	334	1036.8	5.9	9.3	0.9912	1.7	0.3
2759	1997	335	1123.2	0.5	6.5	0.7301	2.7	6.7
2759	1997	336	3801.6	-3.3	2.9	0.5299	2.8	0
2759	1997	337	1036.8	0.2	3.1	0.5988	4.5	0
2759	1997	338	1036.8	-0.3	3.5	0.5829	4	0
2759	1997	339	2246.4	-1.9	1.5	0.5058	3.8	0.2
2759	1997	340	1036.8	0.5	4.7	0.6187	4.8	7.7
2759	1997	341	1036.8	0.6	6.6	0.7827	3.6	2.3
2759	1997	342	1036.8	2.4	6.1	0.7282	3.4	0
2759	1997	343	1814.4	0.9	7	0.7131	2.9	2.6
2759	1997	344	1036.8	3.9	9.3	0.9255	5.7	14.2
2759	1997	345	1036.8	8.3	10.7	1.0679	4.9	4.8
2759	1997	346	1036.8	6.3	9.2	0.9908	3.6	2.3
2759	1997	347	950.4	3.6	6.4	0.7326	5.4	4.1
2759	1997	348	1641.6	1.6	5.1	0.6758	4.2	1.1
2759	1997	349	950.4	-4.1	2.1	0.4487	5.2	0.1
2759	1997	350	2851.2	-10.5	-4	0.2378	5.9	0
2759	1997	351	3801.6	-13.9	-8	0.1858	6.1	0
2759	1997	352	3801.6	-9	-1.4	0.328	4.3	0
2759	1997	353	950.4	-5.2	0.1	0.4611	2.4	1.4
2759	1997	354	950.4	-4.3	0.9	0.5126	2.1	4.7
2759	1997	355	950.4	0.4	1.5	0.6348	3.6	3.2
2759	1997	356	950.4	0.2	1.9	0.646	1.1	0
2759	1997	357	950.4	0	1.9	0.6414	2	0
2759	1997	358	950.4	-0.4	6.1	0.7272	3.1	7.6
2759	1997	359	3369.6	6	10.6	0.941	5.5	0.1
2759	1997	360	2851.2	7.6	11.5	0.8453	7.4	0.5
2759	1997	361	950.4	5.8	8.3	0.8641	5.6	1.4
2759	1997	362	950.4	2.2	5.9	0.767	2.1	0.5
2759	1997	363	1036.8	3	4.3	0.722	4	1.3
2759	1997	364	2937.6	0.6	4.8	0.6676	2.9	0
2759	1997	365	2937.6	-0.4	7.1	0.6369	3.4	0
