*---------------------------------------------------------------------------*
* Station name: BERLIN-DAHLEM                           
* Year: 2013
* Author: Pedro Alencar                                   -999.000: NIL VALUE
* Source: ECAD 
* Comments: 
* Longitude: 52.4639, latitude: 52.4639, altitude: 51 m.
*
* Column  Daily value
* 1       station number
* 2       year
* 3       day
* 4       irradiation                   (kJ m-2 d-1)
* 5       minimum temperature           (degrees Celsius)
* 6       maximum temperature           (degrees Celsius)
* 7       early morning vapour pressure (kPa)
* 8       mean wind speed (height: 2 m) (m s-1)
* 9       precipitation                 (mm d-1)
*
** WCCDESCRIPTION=GERMANY, BERLIN-DAHLEM                           
** WCCFORMAT=2
** WCCYEARNR=2013
*---------------------------------------------------------------------------*
   52.4639  13.3017    51.  -0.18 -0.55
2759	2013	1	1036.8	4.8	8.1	0.7521	4.5	1.4
2759	2013	2	1036.8	4.2	6.2	0.7428	4.6	1.2
2759	2013	3	1036.8	4.4	10.1	0.9066	6.2	1.3
2759	2013	4	1036.8	6.5	9.8	0.964	6.9	8.1
2759	2013	5	1036.8	5.6	8.8	0.934	4.3	0.6
2759	2013	6	1036.8	5.8	7.5	0.9287	4.3	1.7
2759	2013	7	1036.8	2.1	6.2	0.7642	2.9	3.2
2759	2013	8	1123.2	2.2	7.1	0.817	3.3	3.3
2759	2013	9	1123.2	5.4	7.4	0.9225	3.2	5
2759	2013	10	1123.2	-0.5	5.4	0.634	5.9	3.2
2759	2013	11	1900.8	-2.9	0.2	0.4706	5.4	0.1
2759	2013	12	1641.6	-3.2	-0.2	0.4694	4.1	0.1
2759	2013	13	1641.6	-3.6	-1.3	0.4288	2.9	0.1
2759	2013	14	1209.6	-8.2	-3.5	0.3478	3.2	0.4
2759	2013	15	1209.6	-5.1	-3.2	0.4136	2.6	0.1
2759	2013	16	1209.6	-5.2	-2.7	0.4062	3.4	0
2759	2013	17	1209.6	-2.8	0	0.4523	4.2	0
2759	2013	18	1296	-5.2	-1.9	0.3715	4.7	0
2759	2013	19	2160	-8	-5.2	0.3022	4.9	0
2759	2013	20	1814.4	-6.8	-3.7	0.3392	4.4	0.2
2759	2013	21	1296	-6.7	-3.4	0.357	6	1.5
2759	2013	22	1382.4	-8	-6.7	0.2852	3.3	0
2759	2013	23	1382.4	-7.1	-5.8	0.3095	1.3	0.4
2759	2013	24	1382.4	-9.8	-4	0.299	2.1	0
2759	2013	25	4406.4	-11.9	-0.8	0.3119	1.6	0
2759	2013	26	5184	-11	-4.9	0.2756	3.8	0.2
2759	2013	27	1468.8	-4.9	2.1	0.4854	3.1	3
2759	2013	28	4233.6	0.5	6.1	0.6811	2.8	3
2759	2013	29	1555.2	2	7	0.7579	4.5	14.8
2759	2013	30	1555.2	6.6	12.4	1.0441	5.5	3.3
2759	2013	31	3542.4	4.6	8.9	0.6694	8.1	0
2759	2013	32	1641.6	3.5	7.6	0.6886	5.2	6.5
2759	2013	33	1641.6	-1.1	4.4	0.585	5.3	2
2759	2013	34	1641.6	-2.8	3.6	0.5283	4.3	4.7
2759	2013	35	2505.6	0.6	6.9	0.7111	4.7	2.7
2759	2013	36	3628.8	-0.5	6.5	0.5986	5.2	0.3
2759	2013	37	5788.8	-1.5	4.8	0.5093	3.1	0.1
2759	2013	38	3974.4	-0.8	3.8	0.5447	3.1	1.2
2759	2013	39	2592	-3.2	0.7	0.5019	2.8	1.8
2759	2013	40	3542.4	-2.3	0.9	0.5167	2.4	0.6
2759	2013	41	1900.8	-6.1	-1.9	0.4137	2.3	0
2759	2013	42	4406.4	-6.1	0.1	0.4018	4.5	0
2759	2013	43	5443.2	-2.6	1.1	0.4628	4.4	0.4
2759	2013	44	4147.2	-2	0.7	0.4837	2.9	0
2759	2013	45	2073.6	-1.3	0.9	0.5179	2.5	0
2759	2013	46	2073.6	-0.7	1.6	0.5492	2.4	0
2759	2013	47	2160	0.7	2.8	0.6031	1.4	0
2759	2013	48	2160	0.6	2.5	0.574	2.5	0
2759	2013	49	2246.4	0.1	2	0.5142	2.5	5.3
2759	2013	50	2246.4	-0.3	1.5	0.5743	5.8	1.1
2759	2013	51	2764.8	-2.9	-0.2	0.4637	6	0
2759	2013	52	4147.2	-4.5	-2	0.3847	4.3	0
2759	2013	53	4320	-3.6	-1.9	0.3794	5.5	0
2759	2013	54	2419.2	-4.4	-0.1	0.4403	6.6	0.7
2759	2013	55	2505.6	-0.1	1.8	0.6238	4.1	2.3
2759	2013	56	2505.6	1.2	2.7	0.6399	4.8	0
2759	2013	57	2592	0.6	1.9	0.6086	4	0
2759	2013	58	2592	0.7	3	0.6144	1.9	0
2759	2013	59	3110.4	0.4	5.6	0.6138	3.3	0
2759	2013	60	6652.8	-0.2	6.1	0.6116	4.6	0
2759	2013	61	10195.2	-1.6	6.8	0.5377	4	0.1
2759	2013	62	7084.8	-0.3	6.6	0.5667	5	0
2759	2013	63	12096	-3.1	9.1	0.5228	2.3	0
2759	2013	64	12268.8	-0.8	12	0.5364	3.4	0
2759	2013	65	12268.8	-2.4	13.7	0.5931	1.7	0
2759	2013	66	5961.6	2	9.8	0.6034	5.9	0.8
2759	2013	67	3024	-0.3	2.7	0.5464	6.4	0
2759	2013	68	3110.4	-1.1	2.4	0.5188	5.4	5
2759	2013	69	3110.4	-5.1	-1	0.4345	5.9	1.9
2759	2013	70	3196.8	-5.7	-3.4	0.3446	4.1	0.4
2759	2013	71	6998.4	-5.8	-1.9	0.3494	3.7	0
2759	2013	72	12787.2	-7.3	2.8	0.3264	1.9	0
2759	2013	73	12182.4	-11.5	2	0.3308	2	0
2759	2013	74	9590.4	-6.6	1	0.3929	2.7	0
2759	2013	75	14774.4	-7.7	3.5	0.3352	3.6	0
2759	2013	76	12528	-3.7	3.9	0.3323	6.1	0
2759	2013	77	3542.4	-1.3	2.9	0.4403	6.2	2.1
2759	2013	78	3628.8	-2.5	-0.2	0.5259	3.9	2.8
2759	2013	79	3628.8	-2	1.2	0.5104	3.1	2.4
2759	2013	80	4492.8	-3.4	0.8	0.5167	4	0.4
2759	2013	81	4838.4	-5.8	-0.7	0.3847	5	0
2759	2013	82	16243.2	-9.5	-4	0.2065	6.9	0
2759	2013	83	16502.4	-11	-1	0.2227	5.4	0
2759	2013	84	15638.4	-6.5	0.6	0.3049	6.8	0
2759	2013	85	15724.8	-5.4	1.6	0.3296	5.4	0
2759	2013	86	9936	-4.2	2.1	0.3396	5.7	0
2759	2013	87	5443.2	-2.1	1.6	0.45	4.8	0.5
2759	2013	88	4147.2	-0.7	1.6	0.5934	3.9	2
2759	2013	89	4147.2	-0.3	1.7	0.5207	2.9	0
2759	2013	90	5616	-0.9	2.1	0.5488	4.1	0
2759	2013	91	5443.2	-2.9	2.4	0.462	3.9	0
2759	2013	92	6652.8	-4.6	2.2	0.4142	3.7	0
2759	2013	93	7776	-1.3	1.9	0.4184	4.7	0
2759	2013	94	8812.8	-0.8	3.3	0.515	3.9	0
2759	2013	95	4492.8	0.8	3.3	0.6232	3.2	0
2759	2013	96	4579.2	-1.3	4.8	0.5268	3	0
2759	2013	97	16761.6	-3.5	9.4	0.4681	2.3	0
2759	2013	98	14774.4	-1.4	9.1	0.4828	3.1	0
2759	2013	99	8208	1.2	9	0.6235	5.7	0
2759	2013	100	4752	3.2	8.5	0.7586	4	0
2759	2013	101	8553.6	5	14.4	1.0583	2.7	5
2759	2013	102	10540.8	8	13.8	1.0423	3.2	3
2759	2013	103	8899.2	5.7	14.2	0.8438	5	0
2759	2013	104	16848	2.6	17.8	0.8207	2.7	0
2759	2013	105	19008	9.6	22.9	0.9409	4.5	0
2759	2013	106	11059.2	10	19.6	1.0929	1.9	1.1
2759	2013	107	14688	12.6	20.8	1.158	2.4	0
2759	2013	108	17452.8	12.4	25.6	1.0969	4.9	0
2759	2013	109	11577.6	8.1	15.9	0.6445	4.5	0
2759	2013	110	21772.8	4.2	12.5	0.6697	3.9	0
2759	2013	111	21340.8	4.9	16.3	0.6896	4.9	0
2759	2013	112	17020.8	7	20.2	0.8712	2.9	0
2759	2013	113	13996.8	9.2	18.6	0.9042	4.9	0
2759	2013	114	21945.6	9.3	19.4	0.931	3.5	0
2759	2013	115	14256	13.5	20.2	1.2458	3	0
2759	2013	116	16243.2	7.4	24.4	1.1367	3.7	11.2
2759	2013	117	5529.6	6.1	9.6	0.8914	4.5	0.7
2759	2013	118	16070.4	6.5	14.4	0.7966	2.7	0
2759	2013	119	11750.4	8.7	16	0.8603	3.9	0
2759	2013	120	11750.4	7	14.8	0.7035	2.5	0
2759	2013	121	18316.8	6.8	16.3	0.8025	3.5	0
2759	2013	122	5702.4	9	14.8	0.9187	4.1	0
2759	2013	123	21427.2	7.3	17.1	0.5821	3.4	0
2759	2013	124	22896	3.4	20	0.6731	1.8	0
2759	2013	125	23241.6	9.1	21.6	0.9406	1.9	0
2759	2013	126	19008	9.3	22.3	1.0756	3.5	5.2
2759	2013	127	13132.8	13.7	22	1.6127	3.8	0.6
2759	2013	128	16329.6	14.9	23.8	1.7264	2.7	0.1
2759	2013	129	13564.8	13.9	22.3	1.659	2.4	1.2
2759	2013	130	11232	10.7	19.3	1.2603	3.1	0.6
2759	2013	131	17539.2	9	18	1.0974	2.2	0.5
2759	2013	132	18230.4	6.5	18.5	1.1294	3.1	2
2759	2013	133	20649.6	3.5	16	0.8446	4	0.3
2759	2013	134	14169.6	9.7	16	1.0815	3.1	0.1
2759	2013	135	26092.8	8.9	25.1	1.0835	4.7	0
2759	2013	136	23846.4	13.4	25.9	1.2106	4.1	0
2759	2013	137	21859.2	16.8	27.6	1.4157	4.3	0.1
2759	2013	138	8294.4	10.4	19.7	1.4352	3.4	4.3
2759	2013	139	26697.6	9	23.2	1.2792	2.3	0
2759	2013	140	8726.4	11.5	17.5	1.1709	3.9	0
2759	2013	141	17971.2	9.9	18	1.0504	3.6	0
2759	2013	142	9504	6.4	13.8	1.0252	4.7	3.4
2759	2013	143	22032	4.8	15.4	0.7288	3.2	0
2759	2013	144	13478.4	6.1	15.3	0.8742	3.1	0
2759	2013	145	6480	8.2	11.5	1.069	4.8	35.2
2759	2013	146	6480	8.9	13	1.2418	3.5	2.8
2759	2013	147	20390.4	7.2	18.3	1.0892	3	0
2759	2013	148	11750.4	9.8	18.8	1.4326	3.9	5.5
2759	2013	149	13219.2	9.3	19.4	1.4046	2.4	1.4
2759	2013	150	13651.2	10.3	20.8	1.482	3.3	9
2759	2013	151	12873.6	14.1	22	1.8398	4.4	7.1
2759	2013	152	7430.4	13.8	21.1	1.7518	4.9	0.7
2759	2013	153	6739.2	11.3	15.7	1.4066	7	3.7
2759	2013	154	14947.2	10.5	18.1	1.1233	6	0
2759	2013	155	18057.6	9.2	20.1	1.2156	4.6	0
2759	2013	156	28339.2	7	20.3	0.8897	3.1	0
2759	2013	157	28339.2	8.6	22.7	1.0831	2.3	0
2759	2013	158	24883.2	11	25.2	1.3272	1.8	0
2759	2013	159	16848	12.4	24.4	1.3524	1.8	0
2759	2013	160	21340.8	13.2	23.8	1.531	2.6	9
2759	2013	161	24969.6	12.4	21.8	1.2656	3.6	0
2759	2013	162	21427.2	9.8	22.6	1.0483	1.6	0
2759	2013	163	25747.2	12.3	25.3	1.2349	2.4	0
2759	2013	164	19785.6	16.6	27.3	1.6311	3.9	8.6
2759	2013	165	15465.6	12.5	20.5	1.3121	4.3	0
2759	2013	166	20822.4	10.9	23.6	1.2187	3.5	0
2759	2013	167	20217.6	14.1	21.5	1.1193	3.9	0
2759	2013	168	27129.6	14.2	25.9	1.2644	2.6	0
2759	2013	169	26438.4	17.2	28.5	1.7227	3.1	0
2759	2013	170	27820.8	17.7	33.2	1.9154	3.3	0
2759	2013	171	25142.4	18.8	31.8	2.0593	4.5	9.4
2759	2013	172	23500.8	17.7	25.2	1.6842	4.6	0
2759	2013	173	23587.2	16.2	25.3	1.4423	3.4	0
2759	2013	174	19008	16.4	24.4	1.4355	3.9	0
2759	2013	175	7603.2	15.3	21.3	1.3229	2.9	3.4
2759	2013	176	6912	12.1	15.9	1.4849	5.7	29.3
2759	2013	177	8035.2	10.9	15.7	1.1443	6.4	0
2759	2013	178	19094.4	8.4	19.3	1.0436	3	0
2759	2013	179	16675.2	11.2	20.6	1.2449	2.7	0.3
2759	2013	180	11145.6	10.5	19.9	1.3284	4.1	0.5
2759	2013	181	16416	8.5	16.7	1.0494	4.8	0.1
2759	2013	182	20649.6	12.4	26.5	1.5792	3.7	12.4
2759	2013	183	25142.4	14.3	23.8	1.5184	2.9	0
2759	2013	184	20563.2	14.7	28.9	1.5902	3.5	0
2759	2013	185	12700.8	18.1	22.7	1.8901	2.9	0.1
2759	2013	186	18489.6	16.6	23.6	1.7145	2.8	0
2759	2013	187	26611.2	14.1	24.4	1.3814	2.8	0
2759	2013	188	28252.8	12.2	25.4	1.2783	2.6	0
2759	2013	189	27907.2	13	27	1.4238	2	0
2759	2013	190	26265.6	15.7	27.4	1.4634	2.1	0
2759	2013	191	22118.4	15.1	23	1.4084	4.5	0
2759	2013	192	12700.8	15.1	21.6	1.306	4.9	0
2759	2013	193	11491.2	14.5	21.2	1.4902	3.8	0
2759	2013	194	24710.4	12.4	25.2	1.3649	4.3	0
2759	2013	195	7344	14.7	19.5	1.4798	4.6	0
2759	2013	196	20908.8	11.9	23.6	1.278	4.1	0
2759	2013	197	26092.8	12.9	27.5	1.3943	2.4	0
2759	2013	198	24883.2	14.6	28.3	1.4545	2.6	0
2759	2013	199	24624	15.8	28.6	1.4958	2.6	0
2759	2013	200	24883.2	16.6	27.5	1.5617	4.3	0
2759	2013	201	26179.2	15.9	26.7	1.4159	3.7	0
2759	2013	202	26956.8	14	29.9	1.1839	1.3	0
2759	2013	203	26784	15.2	32	1.3082	1.8	0
2759	2013	204	26611.2	16.6	29.4	1.3178	3.8	0
2759	2013	205	24796.8	13.1	30	1.0783	2.7	0
2759	2013	206	19958.4	20	30.5	1.5399	2.6	0
2759	2013	207	20563.2	19.7	32.8	1.7699	1.9	0.2
2759	2013	208	24192	21.4	34.2	1.9754	1.9	0
2759	2013	209	20908.8	21.6	34.7	1.9399	3.5	1.7
2759	2013	210	11491.2	18.8	25.9	2.2912	2.7	17.8
2759	2013	211	17798.4	16.9	24.5	1.8035	3.8	3.4
2759	2013	212	14342.4	17.9	25.7	1.6423	4.3	0
2759	2013	213	20044.8	17.2	29.5	1.6895	2.2	0
2759	2013	214	25056	18.6	34.3	1.6876	2.8	0
2759	2013	215	19958.4	21.5	33.6	1.9836	3.5	0.3
2759	2013	216	15206.4	17.7	28	1.8338	3.3	13.9
2759	2013	217	18144	15.6	27.4	1.8429	2.6	0
2759	2013	218	20995.2	18.1	32.4	2.2457	3.1	21.8
2759	2013	219	13046.4	18.4	26.3	2.2104	2.2	4.3
2759	2013	220	13305.6	16.8	25.7	1.9662	4	0.4
2759	2013	221	13046.4	14.8	22	1.4158	2.8	0
2759	2013	222	19353.6	13.6	25.4	1.6067	1.9	1.2
2759	2013	223	15120	14.6	21.2	1.3516	3.6	0
2759	2013	224	13305.6	13.5	24	1.5119	3	1.8
2759	2013	225	18230.4	12.9	21.6	1.4349	4.4	2.6
2759	2013	226	18489.6	11.2	20.9	1.2933	4.4	0.2
2759	2013	227	20390.4	10.6	23.6	1.1683	2	0
2759	2013	228	21168	16.3	27.2	1.2215	2.7	0
2759	2013	229	16934.4	15.6	27.1	1.4203	2.1	0.2
2759	2013	230	9417.6	16.6	26.5	1.7972	3.4	1.2
2759	2013	231	9849.6	15.1	21	1.7158	2.1	1.5
2759	2013	232	10281.6	14.1	21.7	1.4744	4.2	0.7
2759	2013	233	8208	11.8	21	1.1734	1.3	0
2759	2013	234	18316.8	10.7	23.7	1.2149	1.7	0
2759	2013	235	19094.4	13.7	24	1.3909	3.8	0
2759	2013	236	20304	12.6	24.3	1.2718	4.2	0
2759	2013	237	20476.8	12.9	24.6	1.1231	5.5	0
2759	2013	238	20649.6	12.7	23.1	1.0239	4.9	0
2759	2013	239	8553.6	12.3	21.8	1.2034	3.7	0
2759	2013	240	14947.2	13	24.9	1.3559	2.1	0.1
2759	2013	241	19180.8	11.2	24.7	1.2737	1.8	0
2759	2013	242	18057.6	12.8	25.7	1.2478	2.3	0
2759	2013	243	12614.4	12.5	24.9	1.4856	3.9	1
2759	2013	244	12096	10.1	18.3	1.0352	4.9	0
2759	2013	245	4406.4	13.8	16.4	1.4227	6.5	17.1
2759	2013	246	4406.4	15.5	19.4	1.8314	4.1	1.8
2759	2013	247	12096	13.7	21.6	1.6127	2.3	0
2759	2013	248	17971.2	11.7	23.3	1.4378	2.9	0
2759	2013	249	18144	13.1	25.1	1.2803	4.3	0
2759	2013	250	17884.8	12.9	25.8	1.1434	4	0
2759	2013	251	11577.6	14.1	24.1	1.2803	3.9	1.6
2759	2013	252	5875.2	10.3	16.8	1.3491	4.3	10.3
2759	2013	253	5184	9.2	17.3	1.2926	2.7	9.8
2759	2013	254	6998.4	8.4	14.2	1.1639	2.7	4
2759	2013	255	4665.6	9.9	16.5	1.2733	1.4	0
2759	2013	256	12614.4	10.3	20.1	1.3111	3.1	0
2759	2013	257	13996.8	11.4	22.1	1.4474	2.2	0
2759	2013	258	5702.4	13.3	17.1	1.3629	3	0.3
2759	2013	259	4492.8	10.6	16.2	1.2746	2.9	2.9
2759	2013	260	13305.6	7.5	16	0.9648	3.6	0
2759	2013	261	4320	6.8	12.1	1.0406	3.6	6.9
2759	2013	262	7603.2	8.2	15.1	1.1227	3.7	0.1
2759	2013	263	3542.4	10.3	14.5	1.2946	2.2	5.9
2759	2013	264	9849.6	11.3	17.4	1.3393	2.9	0
2759	2013	265	6307.2	11.1	17.8	1.2986	4.1	0
2759	2013	266	5184	14.8	18.3	1.4855	6.7	2.9
2759	2013	267	3369.6	8.3	14.8	1.2786	3.4	4.3
2759	2013	268	4320	5.7	12.7	1	2.8	6.9
2759	2013	269	7171.2	5.8	12.9	1.0219	2.9	0.1
2759	2013	270	10886.4	4.4	15.1	0.9532	2.9	0
2759	2013	271	10972.8	3.9	15	0.9224	2.1	0
2759	2013	272	12960	4.6	14.4	0.9255	4.4	0
2759	2013	273	12268.8	4.1	13.5	0.8263	4.9	0
2759	2013	274	12268.8	3.7	13.4	0.7902	4.1	0
2759	2013	275	12009.6	2.5	13.5	0.7505	2.7	0
2759	2013	276	12528	2	11.7	0.6541	4.6	0
2759	2013	277	11491.2	1.9	14.9	0.6169	4.5	0
2759	2013	278	2851.2	7.5	13.1	0.8387	2.5	0.3
2759	2013	279	2764.8	9.9	15.6	1.31	1.7	0
2759	2013	280	3801.6	12.8	17.7	1.3499	1.5	0
2759	2013	281	2678.4	7.5	15.2	1.047	1.6	0
2759	2013	282	3196.8	9.2	15.5	1.1614	2.8	1.7
2759	2013	283	2592	8.2	12.8	1.1925	3	9.1
2759	2013	284	4838.4	9	17.3	1.2842	5.2	5.5
2759	2013	285	2505.6	10.4	14.2	1.329	3.8	28.2
2759	2013	286	7862.4	4.1	12.1	0.9283	2	0
2759	2013	287	9072	3.9	16.6	0.9856	2.7	0.1
2759	2013	288	3715.2	8.1	13.4	1.1222	2.6	4.7
2759	2013	289	2332.8	5.8	10.9	0.9881	2.7	0.2
2759	2013	290	5097.6	5.8	15.7	1.0964	4.9	4.8
2759	2013	291	6998.4	2.7	12.6	0.7852	5.6	0
2759	2013	292	7776	1.7	13	0.8205	3.1	0.1
2759	2013	293	5184	12.3	18.9	1.4514	2.7	0
2759	2013	294	7603.2	12.1	18.5	1.3543	3.2	0
2759	2013	295	8553.6	9	21.8	1.363	3.1	0
2759	2013	296	3369.6	14.1	20.1	1.4214	3.5	0
2759	2013	297	6652.8	6.1	17.4	1.075	2.8	0.7
2759	2013	298	1987.2	4.2	15.6	1.0847	2.2	0.7
2759	2013	299	4406.4	13.1	19.3	1.5632	2.9	3.4
2759	2013	300	4838.4	12	19.3	1.385	5.1	3.4
2759	2013	301	2332.8	12	20.6	1.24	5.9	1.2
2759	2013	302	6134.4	8.3	15.9	0.8886	4.7	0
2759	2013	303	6220.8	5.5	13	0.8517	3.7	0
2759	2013	304	7344	2.8	12.1	0.7745	2.5	0
2759	2013	305	3369.6	5	11.4	0.8368	3.6	0.3
2759	2013	306	1728	6.9	12.8	1.0568	3.1	6.1
2759	2013	307	2592	7	11.2	0.9702	3.3	1.1
2759	2013	308	1641.6	6.3	12.1	0.9303	5.1	3.1
2759	2013	309	3283.2	4.3	10.6	0.8365	3.8	0.5
2759	2013	310	3196.8	4.9	9.8	0.8616	4.2	8.1
2759	2013	311	1900.8	7.5	14.4	1.2026	3.6	4.4
2759	2013	312	2592	7.8	11.2	1.0679	1.9	2.9
2759	2013	313	4060.8	4.9	11.9	0.8262	4.6	0
2759	2013	314	2160	3.5	8	0.735	3.7	0.1
2759	2013	315	2592	1.7	8.5	0.7816	2.7	0
2759	2013	316	4579.2	0.6	7.8	0.6845	2.3	0.4
2759	2013	317	4060.8	2.7	9.9	0.8398	3.7	0
2759	2013	318	4924.8	1.3	8.5	0.7708	1.9	0
2759	2013	319	1382.4	3.3	4.8	0.6936	1.9	0
2759	2013	320	1296	0.9	4.3	0.6629	3.2	0
2759	2013	321	1641.6	2.7	7.5	0.8255	2	0.5
2759	2013	322	1296	4.5	6.3	0.807	3.1	0
2759	2013	323	1296	5.7	7.3	0.8321	2	3.9
2759	2013	324	1209.6	3.4	6.3	0.8026	4	8.1
2759	2013	325	1555.2	1.6	4.2	0.6847	2.8	5.5
2759	2013	326	1209.6	3	5.5	0.8027	4	1.2
2759	2013	327	1209.6	4.2	7.8	0.86	3.5	0.2
2759	2013	328	1209.6	-0.7	5.3	0.6128	4.6	0.6
2759	2013	329	4665.6	-1.6	3.7	0.5406	5	0
2759	2013	330	4147.2	-3.4	3.2	0.4853	3.2	0
2759	2013	331	1814.4	-3.9	4.4	0.5849	3.3	0.8
2759	2013	332	2764.8	4.4	8.5	0.8003	6.2	0.2
2759	2013	333	1123.2	3.7	6.4	0.7701	4.6	5.7
2759	2013	334	1036.8	3.7	5.3	0.7832	4	0.3
2759	2013	335	1123.2	3.5	7.6	0.8064	5.2	0
2759	2013	336	3801.6	-0.7	7.6	0.7275	2.1	0
2759	2013	337	3283.2	-1.6	3.2	0.6215	2	0
2759	2013	338	1036.8	-2.2	4.9	0.6534	3.5	1.6
2759	2013	339	1036.8	0.4	4.3	0.6295	6.9	4.2
2759	2013	340	1036.8	0.2	2	0.5624	10.6	5
2759	2013	341	1555.2	-0.3	1.9	0.5374	6.9	0.7
2759	2013	342	1036.8	0.1	7.4	0.7351	3.9	5.8
2759	2013	343	1036.8	7.4	9.3	1.043	5.5	4.5
2759	2013	344	1036.8	8.1	9.3	1.0905	2.5	0.3
2759	2013	345	1036.8	4.1	8.1	0.8565	2.8	0
2759	2013	346	1036.8	1.8	4.3	0.7452	2.5	0
2759	2013	347	1209.6	-0.4	1.9	0.6451	2	0
2759	2013	348	950.4	-1	4.5	0.6863	2.6	0
2759	2013	349	950.4	1.8	6.7	0.7531	3.3	0.8
2759	2013	350	3542.4	1.1	9.7	0.6367	3.3	0
2759	2013	351	2246.4	2.9	9.2	0.6097	2.4	0
2759	2013	352	1728	0	5.9	0.6041	2.4	0
2759	2013	353	950.4	1.2	6.4	0.6334	3.8	0.2
2759	2013	354	950.4	1.3	6.6	0.7212	2.6	0
2759	2013	355	1814.4	1.8	6.8	0.6228	4.7	3.1
2759	2013	356	1728	4.7	10.2	0.8055	4.6	3.4
2759	2013	357	3196.8	5	8.8	0.8255	3.8	0
2759	2013	358	950.4	7.4	10.6	0.7113	4.6	0
2759	2013	359	1209.6	6.1	9.8	0.7907	2.8	3.3
2759	2013	360	2160	4.9	8.4	0.9189	2.4	2.4
2759	2013	361	3542.4	5.9	8.6	0.7538	4.4	0
2759	2013	362	950.4	6.3	10.1	0.7499	3.2	6.8
2759	2013	363	1555.2	3.3	7.1	0.7959	3.7	1.1
2759	2013	364	3628.8	-0.7	5.5	0.6099	3.3	0
2759	2013	365	3024	-1	4.2	0.6035	2.9	0
