*---------------------------------------------------------------------------*
* Station name: STUTTGART-SCHNARRENBERG                 
* Year: 2015
* Author: Pedro Alencar                                   -999.000: NIL VALUE
* Source: ECAD 
* Comments: 
* Longitude: 48.8292, latitude: 48.8292, altitude: 314 m.
*
* Column  Daily value
* 1       station number
* 2       year
* 3       day
* 4       irradiation                   (kJ m-2 d-1)
* 5       minimum temperature           (degrees Celsius)
* 6       maximum temperature           (degrees Celsius)
* 7       early morning vapour pressure (kPa)
* 8       mean wind speed (height: 2 m) (m s-1)
* 9       precipitation                 (mm d-1)
*
** WCCDESCRIPTION=GERMANY, STUTTGART-SCHNARRENBERG                 
** WCCFORMAT=2
** WCCYEARNR=2015
*---------------------------------------------------------------------------*
   48.8292  9.2008    314.  -0.18 -0.55
3506	2015	1	1123.2	-0.4	1.5	0.5977	1.9	0
3506	2015	2	864	-1.9	5.2	0.6057	3.1	2.8
3506	2015	3	1036.8	0.3	10.9	0.8274	3.2	13
3506	2015	4	3715.2	1	4.1	0.5945	4.4	0
3506	2015	5	5443.2	-1	6.2	0.5303	2.2	0
3506	2015	6	5011.2	-2.9	5.1	0.5293	2.6	0.3
3506	2015	7	3456	-0.8	4.1	0.6194	1.9	0.1
3506	2015	8	1209.6	0.1	9.7	0.6928	5.2	0.8
3506	2015	9	1641.6	5.1	13.6	0.8457	5.2	1.9
3506	2015	10	3801.6	8.1	15.6	0.9712	7.2	10.2
3506	2015	11	3456	1.8	8.1	0.6431	7.1	1.3
3506	2015	12	3628.8	4.2	7.5	0.5273	4.3	0
3506	2015	13	5788.8	3.6	15.2	0.4596	3.8	0.5
3506	2015	14	2937.6	2.7	11.3	0.751	4.5	4.9
3506	2015	15	1555.2	2.2	10	0.6212	4.2	0.3
3506	2015	16	1555.2	4.3	10.5	0.8954	2.3	10.6
3506	2015	17	1296	1.6	4.9	0.7173	2.6	1.5
3506	2015	18	4665.6	-1.1	4.2	0.5945	2.4	0
3506	2015	19	3024	-1.7	3.5	0.5804	1.4	4.6
3506	2015	20	1468.8	-1	1	0.5804	1.4	1.8
3506	2015	21	1555.2	-1	2.1	0.5532	2.6	0
3506	2015	22	691.2	-0.1	1	0.5492	2.2	0.5
3506	2015	23	691.2	-0.1	1	0.5808	2.5	0
3506	2015	24	2419.2	-0.2	2	0.5608	2.5	1.3
3506	2015	25	3456	0.1	3	0.5945	3.5	0.3
3506	2015	26	1382.4	0.3	2.5	0.6084	2.4	5.7
3506	2015	27	2851.2	1.5	3.7	0.6113	5.3	0.3
3506	2015	28	3456	1.6	4.8	0.5995	4	1.6
3506	2015	29	4579.2	0.8	4.7	0.5955	4.5	1.6
3506	2015	30	6480	-0.6	4	0.5733	4.1	5.5
3506	2015	31	5011.2	-0.6	3.3	0.5456	2.2	0.7
3506	2015	32	3196.8	-0.4	2.5	0.5406	3.2	1.4
3506	2015	33	4233.6	-2.3	2.3	0.501	4.3	0.1
3506	2015	34	7344	-5.1	1.1	0.4169	1.9	0
3506	2015	35	2246.4	-6.6	-1.2	0.4031	1.3	0
3506	2015	36	3369.6	-2.9	-0.6	0.3709	4.1	0
3506	2015	37	5788.8	-4.4	0.8	0.3642	4.5	0
3506	2015	38	8899.2	-6.8	0	0.3424	2.8	0
3506	2015	39	4838.4	-2.9	3.2	0.4139	4.2	0.1
3506	2015	40	2419.2	-1.1	3.4	0.5046	3.5	0.2
3506	2015	41	3369.6	1.1	4.6	0.6448	1.6	0
3506	2015	42	8208	-2.1	6.4	0.5706	2.9	0
3506	2015	43	9936	-3.6	6.5	0.5699	1.9	0
3506	2015	44	9849.6	-4.1	8.3	0.5473	2.1	0
3506	2015	45	7689.6	-1.6	9.2	0.5933	2.6	0
3506	2015	46	7344	-3.1	2.6	0.498	2.8	0
3506	2015	47	7171.2	-1.5	3.4	0.5432	2.3	0
3506	2015	48	1209.6	-1.5	0.8	0.5599	2.3	0
3506	2015	49	2419.2	-0.8	1.5	0.5264	2.7	0
3506	2015	50	6566.4	-2.3	3.3	0.4942	2.3	0
3506	2015	51	11491.2	-2.9	13.3	0.5571	3.7	0
3506	2015	52	4579.2	2.6	7.5	0.5601	4.3	0.1
3506	2015	53	6220.8	0.6	6.1	0.6214	1.7	1
3506	2015	54	2678.4	-1.2	6.8	0.6201	3.4	3.4
3506	2015	55	5270.4	1.7	6.5	0.606	2.8	0
3506	2015	56	8380.8	0.6	8	0.5979	2	0.1
3506	2015	57	13219.2	-1	10.1	0.5155	3.6	0
3506	2015	58	2246.4	2.3	4.2	0.6247	3.6	6.8
3506	2015	59	9417.6	0.9	7.8	0.625	2.7	0.9
3506	2015	60	3888	0.8	10.6	0.705	3.7	1.9
3506	2015	61	5529.6	2.6	10.1	0.7278	6.5	2.2
3506	2015	62	11491.2	2.3	11.3	0.5729	3.9	0.2
3506	2015	63	11577.6	1.9	7.5	0.5637	4.6	0
3506	2015	64	9590.4	1.9	7	0.5455	4.3	0
3506	2015	65	12528	-0.5	9.5	0.5558	1.9	0
3506	2015	66	11750.4	-0.7	11.4	0.554	2.7	0
3506	2015	67	12700.8	0.4	15.9	0.6715	2.3	0
3506	2015	68	14947.2	2.3	16.1	0.7093	1.8	0
3506	2015	69	10108.8	2	13.2	0.7616	3.3	0.9
3506	2015	70	15552	1	9.2	0.5796	2.7	0
3506	2015	71	12268.8	-2.3	10.1	0.5248	2.2	0
3506	2015	72	9676.8	-1.3	7.1	0.4891	3	0
3506	2015	73	4579.2	-0.4	5.8	0.5638	1.9	0
3506	2015	74	12009.6	1.7	9.9	0.6638	2.5	0
3506	2015	75	16070.4	0.8	16.5	0.6499	1.9	0
3506	2015	76	15465.6	2.8	19.1	0.7059	1.8	0
3506	2015	77	15724.8	4.2	17.1	0.7688	1.8	0
3506	2015	78	16156.8	3.6	16	0.7264	1.7	0
3506	2015	79	15292.8	1.6	15	0.6128	1.6	0
3506	2015	80	10800	2.2	12.2	0.7106	3.7	0
3506	2015	81	5529.6	2.3	9.3	0.673	3.6	0
3506	2015	82	6998.4	3	9.9	0.6846	2.6	0
3506	2015	83	15811.2	1	15.4	0.7716	2.5	0.3
3506	2015	84	15724.8	4	15.9	0.8927	4.3	0
3506	2015	85	3801.6	4.8	8.5	0.7528	3.8	0.8
3506	2015	86	10972.8	4.9	10.4	0.6595	4.4	0
3506	2015	87	15811.2	4.1	14	0.6677	2.9	0
3506	2015	88	5443.2	9.1	12.2	0.9482	5.3	6.1
3506	2015	89	8899.2	4.8	11.4	0.7448	7	3.2
3506	2015	90	7689.6	3.7	14	0.7836	9.1	4.4
3506	2015	91	16761.6	1.3	7.3	0.5398	7.9	0.9
3506	2015	92	5788.8	2.4	8	0.619	5.5	4.3
3506	2015	93	19008	-1	11.5	0.5147	2.3	2.5
3506	2015	94	4320	3.1	5.4	0.7282	2.4	5.8
3506	2015	95	18921.6	-0.5	9.2	0.475	2.7	0
3506	2015	96	9849.6	-0.6	8.4	0.4845	2.2	0
3506	2015	97	21427.2	-1.6	11.4	0.459	1.4	0
3506	2015	98	21340.8	0.7	15	0.6155	2.4	0
3506	2015	99	20736	3	18.6	0.8024	1.6	0
3506	2015	100	20044.8	6.5	21.4	0.8594	2.3	0
3506	2015	101	8467.2	11	17.1	0.865	3.6	0.1
3506	2015	102	14515.2	10.5	18	1.0548	1.8	0
3506	2015	103	18403.2	8.5	18.8	0.9053	3.8	0
3506	2015	104	22118.4	7.6	20.7	0.8384	3.1	0
3506	2015	105	22809.6	8.7	25.9	0.8282	3	0
3506	2015	106	16329.6	11	22.8	0.7306	2.1	0.1
3506	2015	107	12787.2	7.5	16.8	0.8915	3.7	0
3506	2015	108	22464	4.2	13	0.5472	2.8	0
3506	2015	109	24278.4	2.3	16.9	0.5256	3	0
3506	2015	110	24105.6	3.3	18.1	0.6043	2	0
3506	2015	111	24624	4.6	21.7	0.7101	1.9	0
3506	2015	112	24364.8	6.2	18.2	0.6957	3.1	0
3506	2015	113	24883.2	1.9	15.7	0.6339	2	0
3506	2015	114	24624	3.2	20.3	0.6891	2.2	0
3506	2015	115	6480	7.7	16.9	1.0432	2.9	1.4
3506	2015	116	17280	11.9	20.9	1.2852	2.1	4.8
3506	2015	117	15897.6	7.6	19.3	1.1863	3.6	8
3506	2015	118	11923.2	5.8	12.6	0.8489	5.2	0.1
3506	2015	119	23328	3.1	16.2	0.7071	2.9	0
3506	2015	120	13046.4	8.6	17	0.7974	3	4.2
3506	2015	121	5184	7.9	10.2	1.0706	2	10.5
3506	2015	122	10022.4	7.7	14.3	1.1148	1.6	6.5
3506	2015	123	6048	10.9	17.8	1.5353	2.4	4.7
3506	2015	124	21427.2	13.8	23.4	1.5192	3.7	0
3506	2015	125	5443.2	14.3	23.4	1.4779	3.3	0.1
3506	2015	126	16502.4	11.4	19.8	1.0797	2.8	0
3506	2015	127	23846.4	9.7	17.4	0.8374	3.1	0
3506	2015	128	24105.6	8.3	22.5	0.9611	2.2	0.1
3506	2015	129	17539.2	13.5	19.8	1.2301	3.7	1.1
3506	2015	130	22550.4	11.8	20.7	1.07	3	0
3506	2015	131	22982.4	9.9	26.8	1.2007	2.2	0
3506	2015	132	22377.6	13.5	29.8	1.4207	4.1	0
3506	2015	133	24883.2	13.2	22.9	1.2197	2.3	1.2
3506	2015	134	15811.2	12.6	19	1.1294	2.2	8.6
3506	2015	135	11750.4	9.1	17.6	1.347	3.6	1.5
3506	2015	136	23241.6	8.3	19.6	1.1459	3.6	0
3506	2015	137	22809.6	11.3	18.6	1.1714	3	0
3506	2015	138	26956.8	8.6	23.1	1.0611	2.3	0
3506	2015	139	14256	11	15.9	0.9398	3.3	0
3506	2015	140	12960	7.2	13.6	0.8191	2.9	2.6
3506	2015	141	23673.6	6.9	16.5	0.7968	3.5	0
3506	2015	142	27475.2	4.7	19.2	0.7122	2.3	0
3506	2015	143	19785.6	7.9	19.5	0.8456	2.5	0
3506	2015	144	13392	13	20.3	1.1733	2.2	0
3506	2015	145	11664	11.6	20.1	1.3848	3	7.3
3506	2015	146	11404.8	10	14.6	1.0432	3.7	0.2
3506	2015	147	16070.4	7.9	15.4	0.8352	2.6	0
3506	2015	148	26006.4	6.1	21.3	0.9239	2.7	2
3506	2015	149	19094.4	12	20.5	1.3099	2.5	2.5
3506	2015	150	13824	10.4	16.8	1.1357	3.8	2.1
3506	2015	151	19785.6	8.4	22	1.0696	2.5	0
3506	2015	152	13824	12	20.5	1.3099	2.6	0
3506	2015	153	20304	11.1	26.1	1.2624	2.9	0
3506	2015	154	26179.2	16.2	25.6	1.3076	3.7	0
3506	2015	155	29548.8	13.1	28.5	1.4222	2.1	0
3506	2015	156	29030.4	15.5	32.4	1.4844	2.5	1.8
3506	2015	157	25228.8	18.1	30.9	1.8408	3.4	0
3506	2015	158	25228.8	17.1	27.3	1.6828	3	14.2
3506	2015	159	5616	12.3	18.9	1.4691	3.3	6.2
3506	2015	160	5270.4	12.3	14.7	1.1593	2.9	0
3506	2015	161	6912	12.2	18.3	1.3153	2.1	0
3506	2015	162	21427.2	13.7	25.4	1.6117	1.7	0
3506	2015	163	22636.8	14.5	29	1.8453	2.3	2
3506	2015	164	23241.6	16.4	24.2	1.712	2.9	0
3506	2015	165	26352	14.2	26	1.4092	2.4	0
3506	2015	166	16502.4	15.5	23.1	1.3187	3	0
3506	2015	167	16588.8	13.9	20.7	1.1634	2.8	0
3506	2015	168	27734.4	10.4	21.2	0.9322	2.6	0.1
3506	2015	169	5875.2	13.7	17.5	1.4337	2.7	8.6
3506	2015	170	15552	10.7	16.7	1.1431	3.7	0.1
3506	2015	171	10108.8	11.2	15.2	1.1065	3.1	0
3506	2015	172	13737.6	11	20.9	1.3575	2.4	4.8
3506	2015	173	9072	11.5	17.6	1.3732	3.4	5.1
3506	2015	174	18576	9.4	16.9	1.1785	4.2	4.8
3506	2015	175	24710.4	9.4	20.3	1.1639	1.9	0
3506	2015	176	25142.4	10.3	24.1	1.2149	2.2	0
3506	2015	177	27216	12.8	26.5	1.2791	2.7	0
3506	2015	178	15811.2	16.2	24.2	1.6779	3.7	1.9
3506	2015	179	25660.8	14.5	24	1.27	2.1	0
3506	2015	180	23500.8	14.8	28.2	1.459	2.1	0
3506	2015	181	29289.6	16.8	29.8	1.4846	1.7	0
3506	2015	182	29376	16.4	32.7	1.4771	2.5	0
3506	2015	183	28771.2	19.7	35.1	1.7842	2.6	0
3506	2015	184	21945.6	22.6	35.2	2.185	2.4	0
3506	2015	185	27043.2	21	37	2.0778	2.4	0
3506	2015	186	27475.2	22.2	37.9	1.9524	3.6	0
3506	2015	187	26352	19.5	30.1	1.6242	2.8	0
3506	2015	188	24796.8	17.9	36.2	1.8551	2.9	0.9
3506	2015	189	23414.4	17.2	22.6	1.1831	6	0.2
3506	2015	190	13392	13.5	20.6	1.1258	4.5	0.1
3506	2015	191	29289.6	10.1	24.8	0.9555	1.8	0
3506	2015	192	28080	13.2	31	1.0885	3.8	0
3506	2015	193	22723.2	17.7	27.7	1.2666	4	0
3506	2015	194	10886.4	17.5	23.1	1.4267	2.8	0
3506	2015	195	20044.8	18.6	27.5	1.5749	3.9	0
3506	2015	196	23500.8	17.5	29.8	1.5454	2	0
3506	2015	197	27648	17.9	33.3	1.5722	1.7	0
3506	2015	198	25660.8	19.9	35.2	1.7264	3.2	1
3506	2015	199	14428.8	20.4	28.7	1.6925	2.6	0.1
3506	2015	200	11491.2	19.6	29.6	2.1297	3.5	6.2
3506	2015	201	16675.2	20.2	29.1	1.8264	2	0
3506	2015	202	26092.8	20.5	32	1.9061	2.2	0
3506	2015	203	20217.6	20.4	35	2.3345	3	2.1
3506	2015	204	14947.2	17.9	26.6	1.6611	2.4	0
3506	2015	205	25488	16.8	31.4	1.6775	2.9	2.5
3506	2015	206	22032	13.2	23.7	1.2506	5.9	0
3506	2015	207	23241.6	11.6	23.9	1.0549	2.9	0.2
3506	2015	208	15033.6	15.9	23.1	1.2447	4.7	0.1
3506	2015	209	12528	13	21.8	1.0517	4.2	0.3
3506	2015	210	9244.8	13	18.3	1.2429	3.1	0.9
3506	2015	211	11664	12	20.8	1.0617	2.9	0
3506	2015	212	27129.6	9.2	24.5	0.9583	2.2	0
3506	2015	213	11577.6	14.2	23.8	1.1846	1.7	0.1
3506	2015	214	23414.4	13.8	29.4	1.4164	1.8	0
3506	2015	215	26524.8	15.3	33	1.352	2.3	0
3506	2015	216	14256	17	28.9	1.7331	3.8	0
3506	2015	217	24969.6	15.1	30.7	1.7557	2.2	0
3506	2015	218	22291.2	18.5	36.7	1.8788	3.1	0
3506	2015	219	23587.2	20.7	38.8	1.8357	2.8	0
3506	2015	220	23587.2	22.9	33.6	1.8747	3.7	0
3506	2015	221	19008	20.2	32.4	2.3213	3.8	14.6
3506	2015	222	12355.2	19.7	26.9	2.2269	3	0
3506	2015	223	21772.8	19	29.2	1.9771	3.1	0
3506	2015	224	21600	19.8	33.1	2.032	2.2	0
3506	2015	225	21340.8	19.5	35.9	1.9269	2.1	1.7
3506	2015	226	14860.8	16.1	28.1	2.0443	2.2	37.4
3506	2015	227	14515.2	15.3	23.6	1.6694	3	3.9
3506	2015	228	7516.8	14.8	17.8	1.6842	3.5	4.7
3506	2015	229	9331.2	12.4	18.2	1.389	3.2	0
3506	2015	230	18230.4	10.6	21.5	1.3115	2.1	0
3506	2015	231	12182.4	13.8	20.1	1.4273	2.4	1.1
3506	2015	232	13478.4	13.9	22.2	1.5297	1.7	0
3506	2015	233	22118.4	11.6	24.5	1.3644	1.7	0
3506	2015	234	21168	12.9	26.2	1.3166	2.1	0
3506	2015	235	16416	12.6	26.4	1.5615	2.6	8.1
3506	2015	236	8294.4	14.2	24.8	1.9688	2.9	12.9
3506	2015	237	22723.2	13.4	22.4	1.1673	3	0
3506	2015	238	22204.8	11.3	27.4	1.2331	3.5	0
3506	2015	239	19958.4	17.4	31.5	1.3765	3.5	0
3506	2015	240	9072	18.7	25.3	1.9527	2.2	0
3506	2015	241	21513.6	16.7	31.4	1.9712	1.8	0
3506	2015	242	18748.8	18.5	32.5	1.9537	2.1	0
3506	2015	243	20908.8	19.3	33.3	1.741	2.5	0
3506	2015	244	6393.6	14.1	25.4	1.6548	3.6	10.4
3506	2015	245	15984	12.5	20.4	1.4388	1.6	0.1
3506	2015	246	11836.8	13.5	20.2	1.2841	2.4	0.6
3506	2015	247	14860.8	11.9	19	0.9992	2.7	0
3506	2015	248	14947.2	9.5	17.4	0.986	4	1.7
3506	2015	249	13046.4	8.5	15.3	0.9465	4.1	0
3506	2015	250	9763.2	7.9	15.5	1.0028	2.6	0
3506	2015	251	16502.4	11.1	19.8	1.2096	1.9	0
3506	2015	252	17798.4	8.1	20.4	1.0386	2.4	0
3506	2015	253	14947.2	7.9	19.7	0.9614	2.4	0
3506	2015	254	17366.4	6.8	20.9	1.0278	1.6	0.1
3506	2015	255	14169.6	10.3	27.3	1.4083	2.7	0.1
3506	2015	256	7776	16.3	21.9	1.6997	1.9	3
3506	2015	257	11059.2	13.2	22.5	1.4698	3.3	0.1
3506	2015	258	8121.6	12.6	18.8	1.051	3.1	0
3506	2015	259	3801.6	13.6	20.8	1.4696	2.4	1.3
3506	2015	260	2505.6	11.3	16.2	1.3825	2.9	3.9
3506	2015	261	6998.4	11.1	17.1	1.366	2.2	6.5
3506	2015	262	8899.2	9.5	18.2	1.265	2.7	0
3506	2015	263	8380.8	8.6	16.4	1.1439	2.7	0
3506	2015	264	17366.4	6.6	20.7	1.1082	2.2	0
3506	2015	265	4924.8	10.9	17.3	1.2374	2.8	3.3
3506	2015	266	6048	9.7	14.3	1.1209	3.1	1.3
3506	2015	267	13564.8	10.1	18.8	1.2164	1.8	0
3506	2015	268	12960	9.1	17.6	1.1939	2.2	0
3506	2015	269	9504	11.8	17.1	1.2164	2.3	0
3506	2015	270	11664	8.8	18.5	0.9677	2.9	0
3506	2015	271	10800	6	16.5	0.8267	3.1	0
3506	2015	272	14342.4	7.1	18.1	0.8308	4.8	0
3506	2015	273	15897.6	6.9	17.3	0.7616	4.2	0
3506	2015	274	15465.6	4.8	17.8	0.7358	2.8	0
3506	2015	275	14601.6	4.8	20.9	0.8741	2	0
3506	2015	276	12873.6	7.8	21.5	1.1157	1.9	2.5
3506	2015	277	4147.2	8.6	15	1.2445	1.7	6
3506	2015	278	8640	7.9	19.7	1.3082	2.6	1.7
3506	2015	279	4233.6	13.8	18.9	1.6339	2.6	2.3
3506	2015	280	7257.6	11.4	17.1	1.3306	3.1	2.3
3506	2015	281	8294.4	8.6	15.3	1.0893	1.9	0
3506	2015	282	8208	10	16.4	1.2278	1.6	0
3506	2015	283	3888	8.6	13.8	1.1696	2.1	0
3506	2015	284	8726.4	6	14.7	0.9294	2.7	0
3506	2015	285	11750.4	2.6	12.7	0.7119	2.1	0
3506	2015	286	4060.8	3.4	10.2	0.8396	2	4.3
3506	2015	287	4060.8	4	7.1	0.8064	2.5	0.1
3506	2015	288	1468.8	3.9	5.3	0.7802	2.7	0.6
3506	2015	289	2592	4.2	6.5	0.7595	2.1	0.5
3506	2015	290	3715.2	3.8	8.1	0.8011	1.6	0.8
3506	2015	291	3024	4.9	8.6	0.9056	1.6	0
3506	2015	292	6566.4	5.6	10.5	0.8929	1.4	0
3506	2015	293	1987.2	4.2	8.4	0.878	1.7	0.2
3506	2015	294	6825.6	5.6	12	0.9621	1.2	0
3506	2015	295	4838.4	6.9	12.5	1.0102	1.8	0.3
3506	2015	296	3628.8	8.4	12.9	1.1404	1.3	0
3506	2015	297	8640	6.2	18.5	1.1327	1.9	0.7
3506	2015	298	3542.4	7.8	15	1.1313	2.1	0
3506	2015	299	9331.2	4.7	15.3	1.1043	2	0
3506	2015	300	4060.8	4.4	11	0.9769	2.2	0
3506	2015	301	5097.6	3.4	12	0.9454	1.8	0.1
3506	2015	302	2592	8.4	13	1.1314	1.4	0
3506	2015	303	2505.6	8.8	11.1	1.0272	3.6	0
3506	2015	304	3110.4	5.6	11.5	0.9682	3.5	0
3506	2015	305	3542.4	3.3	8.9	0.913	1.6	0
3506	2015	306	3888	0.6	5.7	0.7582	1.7	0
3506	2015	307	3110.4	1.1	5.2	0.7658	1.6	0
3506	2015	308	7776	2.4	19.8	1.0298	2.1	0
3506	2015	309	7862.4	7.9	17.6	1.1333	2.3	0
3506	2015	310	4060.8	9.5	18.5	1.2135	2.6	0.3
3506	2015	311	3456	14	19.3	1.5329	2.2	0
3506	2015	312	7257.6	11.4	21	1.4528	2.4	0
3506	2015	313	3283.2	12.3	18.4	1.1148	3.9	0
3506	2015	314	6998.4	11.2	19.2	0.9833	2.4	0
3506	2015	315	7344	7.1	13.9	0.9261	2	0
3506	2015	316	4406.4	6.1	15.1	1.0345	2.6	0
3506	2015	317	2937.6	4.9	14.1	0.9255	3.2	3.3
3506	2015	318	6048	6.9	11.2	0.7252	3.6	0.3
3506	2015	319	5356.8	8.9	17.1	0.8827	4.8	0
3506	2015	320	6998.4	5.6	15.5	0.8783	3.1	0.1
3506	2015	321	2073.6	6.9	15.7	0.9766	4.8	1
3506	2015	322	6220.8	11.1	16.2	0.9209	5.3	0
3506	2015	323	3628.8	11.1	15.7	0.9982	5.5	14.8
3506	2015	324	604.8	4.4	15.5	1.1373	3.1	44.6
3506	2015	325	2678.4	0.3	6.3	0.6424	3.4	2.5
3506	2015	326	2419.2	0.2	3.4	0.5844	3.6	1.8
3506	2015	327	2073.6	-0.7	2.7	0.5715	2.6	0.4
3506	2015	328	5702.4	-3.6	3.8	0.517	2.8	0.4
3506	2015	329	1382.4	1	5.6	0.6656	2.4	1.7
3506	2015	330	1468.8	1.9	4.8	0.7146	3.3	0.9
3506	2015	331	3801.6	-1.9	2.3	0.6137	0.9	0.4
3506	2015	332	1036.8	-3	4.4	0.5399	3.6	0.9
3506	2015	333	1900.8	3	10.9	0.7385	5.8	0.1
3506	2015	334	864	9.1	10.8	0.8805	6	4.3
3506	2015	335	864	8.7	10.4	1.0239	4	9.7
3506	2015	336	2332.8	6.7	10.9	0.8489	2.3	0
3506	2015	337	4320	0.9	6.9	0.654	3.2	0
3506	2015	338	1296	0.1	10.1	0.7113	3	0
3506	2015	339	4924.8	3.3	11	0.8903	2.1	0
3506	2015	340	5356.8	2.9	13.5	0.8477	3.7	0
3506	2015	341	5011.2	4.8	14.3	0.9167	2.6	0
3506	2015	342	4838.4	1.2	8.9	0.7789	2.5	5
3506	2015	343	2160	1.8	8.7	0.7632	2.9	0.9
3506	2015	344	5184	-1.7	6	0.642	3	0
3506	2015	345	3628.8	-2.7	9.1	0.5764	2.4	0
3506	2015	346	3542.4	4.1	11.6	0.7429	3.3	0
3506	2015	347	3110.4	3.3	10.4	0.8028	2.4	0
3506	2015	348	4838.4	0.2	8.2	0.6762	3.4	0
3506	2015	349	2419.2	3.3	9.1	0.7582	2.8	1
3506	2015	350	1036.8	4.8	10.9	0.9976	2.9	8.4
3506	2015	351	2851.2	8.8	15.5	1.2169	2.5	0.3
3506	2015	352	3283.2	7.1	14.9	1.1017	2.1	0
3506	2015	353	4233.6	5.9	13.7	1.017	2.9	0
3506	2015	354	4752	3.6	13.6	0.8933	2.7	0
3506	2015	355	1900.8	7.4	12.7	0.9356	4.1	0.6
3506	2015	356	4147.2	8.4	14.3	0.8054	3.1	0
3506	2015	357	2505.6	5.6	13.3	0.946	2.8	0
3506	2015	358	3542.4	7.4	14.2	0.9966	3.2	0
3506	2015	359	4406.4	10.1	15.1	0.9619	3.3	0
3506	2015	360	4924.8	5.6	13.4	0.878	3	0
3506	2015	361	4924.8	2.7	11.7	0.7918	3.2	0
3506	2015	362	5011.2	0.6	11	0.7007	3.5	0
3506	2015	363	4752	-0.6	7.5	0.6023	2.1	0
3506	2015	364	2332.8	0.8	5.5	0.6586	3.1	0
3506	2015	365	950.4	0	5.8	0.6997	2.8	3.9
