*---------------------------------------------------------------------------*
* Station name: STUTTGART-SCHNARRENBERG                 
* Year: 2000
* Author: Pedro Alencar                                   -999.000: NIL VALUE
* Source: ECAD 
* Comments: 
* Longitude: 48.8292, latitude: 48.8292, altitude: 314 m.
*
* Column  Daily value
* 1       station number
* 2       year
* 3       day
* 4       irradiation                   (kJ m-2 d-1)
* 5       minimum temperature           (degrees Celsius)
* 6       maximum temperature           (degrees Celsius)
* 7       early morning vapour pressure (kPa)
* 8       mean wind speed (height: 2 m) (m s-1)
* 9       precipitation                 (mm d-1)
*
** WCCDESCRIPTION=GERMANY, STUTTGART-SCHNARRENBERG                 
** WCCFORMAT=2
** WCCYEARNR=2000
*---------------------------------------------------------------------------*
   48.8292  9.2008    314.  -0.18 -0.55
3506	2000	1	1468.8	1.1	4.5	0.6798	2.1	2
3506	2000	2	5270.4	0.8	6.9	0.7161	2.5	0
3506	2000	3	1123.2	-0.2	2.4	0.5888	2.6	0
3506	2000	4	2332.8	0.1	7.5	0.5933	4.5	0.2
3506	2000	5	2851.2	3.5	9.6	0.7767	2.7	0
3506	2000	6	3974.4	-0.8	5.3	0.6394	2.8	0
3506	2000	7	1728	2.8	6.1	0.7385	2.5	0
3506	2000	8	5011.2	3.2	8.4	0.7099	2	1.4
3506	2000	9	1296	3.7	5.7	0.8455	1.8	6.1
3506	2000	10	950.4	1.6	4.9	0.7636	2	5.5
3506	2000	11	1123.2	0.8	2.8	0.6331	2.5	0
3506	2000	12	1209.6	-1	0.8	0.4974	2.8	0
3506	2000	13	3456	-1.7	2.9	0.5041	3.2	0
3506	2000	14	5788.8	-2.9	4.3	0.5399	2.1	0
3506	2000	15	5961.6	-5.2	-0.1	0.4375	1.5	0
3506	2000	16	4665.6	-1.7	2.5	0.434	1.8	0.3
3506	2000	17	604.8	0.1	5.4	0.6625	4.3	0
3506	2000	18	1641.6	1.7	6	0.6839	7.9	2.9
3506	2000	19	5443.2	-0.9	3.1	0.4763	3.7	0
3506	2000	20	3283.2	0.7	3.5	0.5402	4.3	0
3506	2000	21	1814.4	1.6	4.9	0.6093	6.8	1.8
3506	2000	22	1123.2	0.7	2.7	0.6216	3.8	1.6
3506	2000	23	1382.4	-3.1	2	0.5342	4.3	4.6
3506	2000	24	7084.8	-10.4	-3.1	0.2951	1.9	0
3506	2000	25	7603.2	-12.2	-3.8	0.2411	2.5	0
3506	2000	26	7689.6	-12.2	-1.9	0.2559	2.4	0
3506	2000	27	7603.2	-10.1	0.7	0.2976	2.6	0
3506	2000	28	6652.8	-6	6.5	0.4418	3.6	0
3506	2000	29	1468.8	3.7	8.1	0.6684	6.6	0.7
3506	2000	30	1382.4	7.3	10.5	0.8775	7.5	4.6
3506	2000	31	2332.8	7.8	10.5	0.846	5.2	0
3506	2000	32	8208	1.8	10.6	0.7487	1.8	0
3506	2000	33	3542.4	5.4	11.8	0.8152	3.5	0.6
3506	2000	34	2073.6	3.1	7.3	0.5925	4.4	0
3506	2000	35	8553.6	0.8	9	0.5802	2.1	1.6
3506	2000	36	6048	4.5	13.6	0.8634	2.3	0
3506	2000	37	7516.8	3.6	14.3	0.7661	2.4	0
3506	2000	38	3456	6.6	10.9	0.7332	4.2	0
3506	2000	39	3456	7.4	12.7	0.911	6.5	4.2
3506	2000	40	4752	1.4	11.1	0.6847	7.4	1.2
3506	2000	41	9936	3.4	11.9	0.5758	3.8	3.7
3506	2000	42	5356.8	1.6	8.6	0.6674	2.3	0
3506	2000	43	8035.2	-2.8	5.3	0.4815	2.8	0
3506	2000	44	3110.4	3.1	7	0.7089	5	3.6
3506	2000	45	9676.8	0	7.9	0.6077	2	1.3
3506	2000	46	5961.6	5.6	10.7	0.8882	4.3	3.5
3506	2000	47	8121.6	0	6.9	0.5789	6.1	1.3
3506	2000	48	6998.4	-0.6	3.7	0.533	5.1	0.9
3506	2000	49	2160	-0.8	5.9	0.6018	3.8	5
3506	2000	50	3542.4	3.1	6	0.7099	4.4	4.2
3506	2000	51	3024	0.1	3.4	0.6308	5.5	2.9
3506	2000	52	6825.6	-2.5	3.3	0.5472	1.8	0.1
3506	2000	53	10713.6	-0.9	7	0.5399	2	0
3506	2000	54	10713.6	1	6.5	0.5193	2.1	0
3506	2000	55	2851.2	4.3	7.2	0.6339	3.4	0.6
3506	2000	56	2764.8	4.8	11.6	0.8477	4.1	3.4
3506	2000	57	10195.2	-0.5	9.5	0.6569	1.6	0
3506	2000	58	13564.8	0.4	13.9	0.7689	3	0
3506	2000	59	13305.6	4.9	18.3	0.8461	5.1	3.6
3506	2000	60	4924.8	6	10.4	0.8803	4.4	4.3
3506	2000	61	4579.2	0.6	8.2	0.6356	4.5	3.7
3506	2000	62	8985.6	1.3	5.8	0.4963	4.9	0.1
3506	2000	63	3888	3.9	8.5	0.6255	6.5	4.2
3506	2000	64	8640	-0.9	7.1	0.58	5.4	1.8
3506	2000	65	10540.8	-1.6	4.8	0.4046	4.5	0
3506	2000	66	15379.2	-1.7	9.9	0.4586	2.7	0
3506	2000	67	9504	0.3	11.8	0.544	3.1	0.6
3506	2000	68	3715.2	8.1	11.4	0.8446	5.4	5
3506	2000	69	4665.6	10.5	15.3	1.0553	7	0.4
3506	2000	70	5097.6	8.4	11	0.914	5.3	0.2
3506	2000	71	3974.4	8	11.5	0.9291	5.7	0.1
3506	2000	72	7862.4	4.9	9.5	0.6903	2.2	0
3506	2000	73	16243.2	-0.6	12.3	0.6198	1.8	0.1
3506	2000	74	3974.4	6.5	11.8	0.9271	4.2	4.2
3506	2000	75	14083.2	1.9	9.3	0.5364	6	0
3506	2000	76	2937.6	3.3	7.3	0.748	7.3	1.7
3506	2000	77	1728	6.7	8	0.8821	6.8	2.1
3506	2000	78	4320	5.5	7.1	0.8971	5.1	2.4
3506	2000	79	6220.8	4.3	7.5	0.7705	3.1	0.1
3506	2000	80	14601.6	-0.9	9.2	0.5506	1.8	0
3506	2000	81	17539.2	0.5	14.3	0.669	1.5	0
3506	2000	82	17798.4	2.4	16.7	0.7262	2	0
3506	2000	83	13392	3.9	16.2	0.6771	2.6	0.5
3506	2000	84	8208	8.7	16.6	0.9358	3.1	0.1
3506	2000	85	10886.4	8.1	14.8	0.7972	2	0
3506	2000	86	5702.4	6	10	0.7719	2.9	1.5
3506	2000	87	8380.8	4	8.4	0.7961	2.4	1.9
3506	2000	88	7171.2	3.7	8.7	0.7582	2.3	0.1
3506	2000	89	2678.4	1.9	9	0.7558	3.6	17.9
3506	2000	90	2764.8	2.5	5.8	0.6903	5.1	9.3
3506	2000	91	9849.6	4.8	11	0.7241	2.4	0
3506	2000	92	8208	2.4	9.7	0.7598	1.9	5.6
3506	2000	93	20736	1	15	0.6647	3.6	0
3506	2000	94	17366.4	4.5	20.4	0.7938	2.2	0
3506	2000	95	12614.4	8.9	14.4	1.0406	2.9	2.6
3506	2000	96	5702.4	4.5	11.1	1.0153	2.8	10.7
3506	2000	97	20563.2	1.5	8.3	0.4417	3.4	0
3506	2000	98	21945.6	-1.2	11.7	0.5058	1.7	0
3506	2000	99	22118.4	0.2	14.6	0.5969	2.4	0
3506	2000	100	22032	4.2	14.7	0.6386	3	0
3506	2000	101	22291.2	2.7	14.7	0.5846	2.4	0.2
3506	2000	102	10886.4	6.1	13.7	0.8897	1.6	4.1
3506	2000	103	12873.6	4.6	10.4	0.7046	3.4	2.7
3506	2000	104	12873.6	4.5	11.2	0.7429	4.3	1.5
3506	2000	105	15724.8	6.3	17	1.0132	2.4	0
3506	2000	106	6825.6	7.3	12.2	0.9894	2.8	0.7
3506	2000	107	17539.2	4	16.4	0.6715	3	0
3506	2000	108	7516.8	9.2	13	0.8582	3	0
3506	2000	109	6566.4	8.5	12.5	0.9388	2.4	0.1
3506	2000	110	18403.2	7.8	16.4	0.9309	2.1	0
3506	2000	111	24192	7.5	20.4	0.939	1.8	0
3506	2000	112	21427.2	10.1	23.2	1.0408	2.9	0
3506	2000	113	23155.2	10.3	27.4	1.0649	2	0
3506	2000	114	14342.4	13.4	22	1.1122	3.8	3.9
3506	2000	115	5788.8	8.9	13.4	1.0995	3.5	0.4
3506	2000	116	25747.2	4.6	19.5	1.0403	2	0
3506	2000	117	24019.2	8.8	25.8	1.0451	2.8	0
3506	2000	118	12614.4	12.1	21.3	1.253	2.6	0
3506	2000	119	19699.2	12.4	25.4	1.4825	2.6	0
3506	2000	120	12960	12.2	17.1	1.2988	3.4	2
3506	2000	121	14256	12.5	19.6	1.4755	1.6	2
3506	2000	122	10800	12.6	21.3	1.6973	1.7	0.1
3506	2000	123	23241.6	11.5	23.5	1.5376	1.9	3.6
3506	2000	124	15724.8	12.5	21.5	1.7994	1.9	3
3506	2000	125	23846.4	11.8	22.4	1.5577	2	1.4
3506	2000	126	23068.8	9.7	23.8	1.4664	2.2	3.9
3506	2000	127	20476.8	11.4	24.5	1.664	1.6	12.4
3506	2000	128	23500.8	10.7	24.9	1.5466	2	0
3506	2000	129	20995.2	12.4	23.4	1.5154	2.3	0
3506	2000	130	27388.8	13.3	26.1	1.3289	1.9	0
3506	2000	131	25142.4	13.9	28.3	1.4986	1.9	0
3506	2000	132	20908.8	16.2	29	1.5326	2.3	0.8
3506	2000	133	7862.4	15	19.6	1.7944	3.7	7.9
3506	2000	134	22982.4	12.8	22.2	1.5975	1.9	0
3506	2000	135	30067.2	11.8	24.8	1.1129	2.2	0
3506	2000	136	29894.4	10.5	27.1	0.9966	1.5	0
3506	2000	137	22809.6	13.2	27.7	1.3439	2.3	0
3506	2000	138	20649.6	14.4	23.1	1.4903	4.1	5.1
3506	2000	139	15984	11.7	17.6	1.1157	3	0.7
3506	2000	140	13564.8	8.2	14.7	0.9999	3.4	3.6
3506	2000	141	20390.4	6.3	15.1	0.8357	4.1	0
3506	2000	142	16502.4	5.3	17.2	0.9734	2.8	5.1
3506	2000	143	9417.6	8.1	13.3	0.9514	4.4	0
3506	2000	144	22204.8	8.7	19.3	0.958	1.5	0
3506	2000	145	27388.8	9.4	23.5	1.0837	1.8	0
3506	2000	146	10972.8	13.1	21.8	1.2939	3.5	0.1
3506	2000	147	28598.4	9.2	23.9	1.2411	2.7	2
3506	2000	148	9936	9.6	19.6	1.2615	2.7	8
3506	2000	149	7084.8	7.4	17.4	0.9782	3.5	1.5
3506	2000	150	20822.4	7.3	15.7	0.8405	4.2	2.1
3506	2000	151	12528	7.1	16.5	1.1477	2.6	23.9
3506	2000	152	10108.8	10	15.4	1.2617	2	23.9
3506	2000	153	24278.4	7.5	23.1	1.198	1.9	0
3506	2000	154	29203.2	12.5	28.6	1.2798	2.2	0
3506	2000	155	27302.4	16.3	30.1	1.5608	2.1	0.2
3506	2000	156	22636.8	17.5	27.8	1.9764	1.5	0.5
3506	2000	157	21772.8	16.4	27.1	1.9232	2.6	5.7
3506	2000	158	6998.4	12.4	20.9	1.4382	3.7	0.7
3506	2000	159	27475.2	11.5	19.2	1.0103	3.9	0
3506	2000	160	31881.6	8.1	23.8	1.0136	2.5	0
3506	2000	161	31017.6	13.3	30.5	1.2852	2.3	0
3506	2000	162	28512	16.8	28.5	1.6745	3.2	0
3506	2000	163	12268.8	17.2	23	1.9259	4.5	0.4
3506	2000	164	30844.8	13.6	23.9	1.2743	2.9	0
3506	2000	165	27907.2	14	27.9	1.4601	2.1	0
3506	2000	166	28425.6	18.9	27.8	1.6895	3.7	0
3506	2000	167	15033.6	16.6	22.6	1.4801	5.2	0.1
3506	2000	168	29203.2	12.6	19.6	0.9137	4.3	0
3506	2000	169	30326.4	9.5	22.2	0.7554	1.9	0
3506	2000	170	32832	9.9	29.1	0.8147	1.6	0
3506	2000	171	31708.8	14.3	32.5	1.034	2.1	0
3506	2000	172	31190.4	18	33.5	1.1897	2	0
3506	2000	173	29289.6	19.1	33.2	1.3196	2.3	0
3506	2000	174	11577.6	17.5	26.1	1.7727	3	1
3506	2000	175	17280	14.8	21.8	1.1129	3.7	0
3506	2000	176	12182.4	12.8	18.1	1.2271	3.3	1.3
3506	2000	177	16243.2	9.9	18.3	1.0767	3.2	0.1
3506	2000	178	23328	11.4	17.8	0.9793	3.6	0
3506	2000	179	31622.4	7.2	20.6	0.7932	1.9	0
3506	2000	180	31536	8.7	21.8	0.7961	2.9	0
3506	2000	181	31363.2	10.6	21.7	0.8249	3.4	0
3506	2000	182	29203.2	10.6	23.8	0.9993	2.1	0
3506	2000	183	22723.2	13.3	28.5	1.3323	2.7	2.3
3506	2000	184	22636.8	16.6	29.2	1.6443	2.6	3.6
3506	2000	185	18748.8	17.1	26.1	1.7769	3.2	0
3506	2000	186	15033.6	16.5	23.9	1.8197	3.4	6.9
3506	2000	187	17798.4	14.4	22.4	1.4158	3.7	1.7
3506	2000	188	26006.4	14.3	25.7	1.2605	2.2	3.1
3506	2000	189	17107.2	14.6	26.1	1.8604	3	6.1
3506	2000	190	10886.4	10.7	16.8	1.2725	4.3	2.7
3506	2000	191	7948.8	12	16.7	1.2086	3.5	23.5
3506	2000	192	8726.4	12	18.5	1.4365	3.2	2.2
3506	2000	193	14256	12.5	18.1	1.1286	4.2	0.6
3506	2000	194	16934.4	10.4	17.6	1.1656	4.6	0.6
3506	2000	195	9849.6	9.3	16.6	1.0886	3.2	2.9
3506	2000	196	6998.4	11.1	15.4	1.4295	3.4	9.6
3506	2000	197	17280	10.1	16.2	1.1482	3.9	4.7
3506	2000	198	16416	9.5	16.7	1.1746	2.9	0.1
3506	2000	199	15206.4	9	19.4	1.1646	1.7	0
3506	2000	200	21168	9.6	21.1	1.1496	2.5	0
3506	2000	201	17625.6	11.3	19.4	1.2193	4	0
3506	2000	202	19353.6	13.4	21.5	1.1546	1.5	0.1
3506	2000	203	27734.4	13.2	21	1.2462	3.5	0
3506	2000	204	28771.2	11.3	23.9	1.2258	1.8	0
3506	2000	205	14774.4	12.6	23.1	1.6127	1.9	1.2
3506	2000	206	19699.2	16.7	26.8	1.8712	2.8	0.1
3506	2000	207	18489.6	15.3	24.8	1.4751	3.4	8.8
3506	2000	208	17712	16.1	23.3	1.7643	3.9	0.1
3506	2000	209	18230.4	13.6	25.2	1.7092	2.1	1.9
3506	2000	210	12355.2	14.9	18.7	1.6048	2.5	11.2
3506	2000	211	18489.6	13.3	20.8	1.4946	3.3	5.9
3506	2000	212	21340.8	14.5	22.3	1.5003	2.8	0
3506	2000	213	22982.4	12.7	24.3	1.3183	1.8	0
3506	2000	214	27820.8	13.5	29.5	1.459	2.3	0
3506	2000	215	6220.8	16	23	1.9009	2.6	16.3
3506	2000	216	11318.4	14.3	21.3	1.7501	2.3	0.4
3506	2000	217	21513.6	12.6	22.3	1.4731	2.1	0.9
3506	2000	218	5097.6	14.1	17.9	1.5616	2.1	0.1
3506	2000	219	21859.2	14.9	23.7	1.4751	4.7	0
3506	2000	220	12614.4	14.5	21.8	1.5602	2.6	0.5
3506	2000	221	12096	14.5	23.7	1.6335	2.3	0.3
3506	2000	222	24796.8	13.5	25.9	1.581	1.5	0
3506	2000	223	21427.2	15.1	27.6	1.5471	2.5	0
3506	2000	224	26265.6	16.7	27	1.5951	2.2	0
3506	2000	225	24969.6	14.3	29.3	1.5641	1.7	0
3506	2000	226	24278.4	16.5	29.5	1.6542	2	0
3506	2000	227	23155.2	17.2	29.9	1.5941	2.2	0
3506	2000	228	14515.2	17.8	27	1.8115	2.3	0.2
3506	2000	229	22809.6	18.5	28.4	1.7285	1.6	0
3506	2000	230	19180.8	16.6	29.7	1.7542	3	5.4
3506	2000	231	12355.2	17.7	26.5	2.0709	2.6	7.2
3506	2000	232	19008	18	29.6	1.7947	2.3	0
3506	2000	233	20908.8	19.1	31.7	2.104	2.6	0.8
3506	2000	234	9590.4	16	25	2.1906	2.1	15.3
3506	2000	235	19440	14.8	22.4	1.5192	1.9	0
3506	2000	236	23068.8	12.5	25.8	1.4614	1.7	0
3506	2000	237	23760	13.4	25.7	1.4982	2.4	0
3506	2000	238	23328	13.6	26.1	1.3413	1.9	0
3506	2000	239	23587.2	13.3	28	1.2877	4.2	0
3506	2000	240	6307.2	15.6	20.8	1.5442	1.9	1.1
3506	2000	241	15984	14.3	22.4	1.4113	2.1	0
3506	2000	242	17712	11.7	23.8	1.2577	1.5	0
3506	2000	243	18403.2	12.9	24.9	1.5261	1.7	0.7
3506	2000	244	7603.2	15.1	19.5	1.7944	1.4	0.3
3506	2000	245	16416	13.7	23.3	1.935	3	5.2
3506	2000	246	11232	11.8	18.5	1.3069	4.2	7.6
3506	2000	247	10540.8	11.3	17.3	1.2698	3.6	1.3
3506	2000	248	9676.8	9.8	16.9	1.2398	3	2
3506	2000	249	10972.8	10.9	16.1	1.1593	2.7	0
3506	2000	250	9072	8.9	17.4	1.1633	2.7	9.5
3506	2000	251	9072	12	15.7	1.265	4.1	0.3
3506	2000	252	20822.4	8.8	22.3	1.2526	2.1	0
3506	2000	253	19958.4	11	24.2	1.3263	2	0
3506	2000	254	20649.6	12.2	26.1	1.55	2	0
3506	2000	255	20131.2	13.1	26.6	1.6651	1.3	0
3506	2000	256	17798.4	13.7	27.4	1.6179	2.2	0
3506	2000	257	8467.2	15.6	22.4	1.6453	2.5	0
3506	2000	258	14601.6	15	23.1	1.5624	1.3	0
3506	2000	259	15206.4	15.4	26.3	1.7218	2.2	0
3506	2000	260	10281.6	12.5	21.8	1.3868	4.5	25
3506	2000	261	2505.6	11.9	13.8	1.4223	3.2	1.8
3506	2000	262	8553.6	12.9	18.8	1.5287	2	0
3506	2000	263	18316.8	12.9	18.8	1.5287	3	0
3506	2000	264	18316.8	11.4	18.7	1.589	2.1	26.1
3506	2000	265	1468.8	11	13.4	1.3913	4.6	6.2
3506	2000	266	7948.8	11.6	17.6	1.4607	1.4	0
3506	2000	267	8640	8.6	16	1.2147	3.3	0
3506	2000	268	17452.8	6.4	20.6	1.2829	2	0
3506	2000	269	3888	10.3	16.5	1.5049	2	1
3506	2000	270	14860.8	11.8	22.7	1.6708	2.3	0
3506	2000	271	14860.8	12.6	22.9	1.7649	2.2	19.3
3506	2000	272	13737.6	13.1	24.8	1.6839	2.6	0
3506	2000	273	14428.8	12.4	24.6	1.7011	1.9	0
3506	2000	274	3542.4	13.6	17.5	1.6584	2.5	7.4
3506	2000	275	7171.2	13.3	17.2	1.4884	2.2	0.1
3506	2000	276	9158.4	11.1	18.4	1.2905	2.1	4
3506	2000	277	9331.2	10.4	16.6	1.2829	1.2	0
3506	2000	278	8121.6	11.9	17.5	1.4367	1.2	0
3506	2000	279	7257.6	9.4	17.3	1.3929	1.6	2.4
3506	2000	280	7948.8	8.5	12.9	0.9771	3.6	0
3506	2000	281	8121.6	6.5	11.4	0.949	1.9	0
3506	2000	282	13219.2	1.9	14.6	0.7852	3	8.2
3506	2000	283	8121.6	7.3	13.5	1.0586	3.1	0.9
3506	2000	284	7862.4	6.6	13	0.8111	4.2	3
3506	2000	285	3110.4	6	12.1	0.99	4.5	3.7
3506	2000	286	5875.2	8.9	15.3	1.1706	3	0
3506	2000	287	6134.4	9.9	14.3	1.2412	2	0
3506	2000	288	4060.8	9.5	13	1.2801	1.3	0
3506	2000	289	6566.4	11.2	18.4	1.53	1.6	0
3506	2000	290	10540.8	10.9	19.8	1.3412	2.5	0
3506	2000	291	5270.4	10.3	15	1.2429	1.9	0.5
3506	2000	292	3196.8	8	11.5	1.098	1.1	0.2
3506	2000	293	2246.4	8.9	12.7	1.2554	1.9	0.7
3506	2000	294	4838.4	9.8	15.8	1.3733	2.2	0
3506	2000	295	10540.8	7.3	18.4	1.2741	2	0
3506	2000	296	11318.4	5.6	18.5	1.223	2.5	0
3506	2000	297	9936	5.9	17.9	1.1971	2.3	0.8
3506	2000	298	7171.2	10.9	16.1	1.2984	2.6	0
3506	2000	299	5097.6	9	17.7	1.1939	2.8	2.7
3506	2000	300	4233.6	9.6	15.9	1.1186	3.8	1.3
3506	2000	301	6048	8.8	12.9	0.909	2.7	0
3506	2000	302	8640	8	16.3	1.0047	2.9	0
3506	2000	303	4060.8	9.2	14	0.9143	4.2	0
3506	2000	304	4147.2	7.1	17.1	0.8462	3.9	3.4
3506	2000	305	1987.2	7.4	16.4	1.1553	3.8	2.4
3506	2000	306	9331.2	6.4	13.3	0.826	3.7	0.1
3506	2000	307	8208	7	16.1	0.8297	3.7	3.4
3506	2000	308	2678.4	7.8	12.9	1.1555	2.3	1.5
3506	2000	309	5356.8	6.4	11.1	0.8348	2.3	2
3506	2000	310	7603.2	5.1	10.9	0.7934	2.9	0
3506	2000	311	1814.4	3.7	10	0.783	3.3	1.1
3506	2000	312	7776	5.4	14	0.7817	3.6	0
3506	2000	313	6048	7.4	13.5	0.7207	3.7	0.5
3506	2000	314	7084.8	6.7	12.2	0.7805	3.7	0
3506	2000	315	5616	2.7	11.1	0.7061	3.2	0
3506	2000	316	7948.8	4.2	11.1	0.6805	3.1	0
3506	2000	317	2505.6	2.6	11.5	0.6632	4.1	1.1
3506	2000	318	1555.2	7.2	11.6	0.9664	2.3	3.3
3506	2000	319	1123.2	6.3	9.6	1.0471	2.2	7.9
3506	2000	320	3974.4	4.5	9.9	0.7715	3	0
3506	2000	321	6912	2.8	10.4	0.7404	2.4	0.8
3506	2000	322	1296	4	5.2	0.7887	1.9	6.2
3506	2000	323	3628.8	2.3	7.7	0.6715	2.9	0
3506	2000	324	6220.8	0.2	8.9	0.6761	3.7	1.7
3506	2000	325	3369.6	4.5	8.8	0.7234	2.7	0
3506	2000	326	3801.6	3	9.3	0.68	2.5	0.2
3506	2000	327	2764.8	4	11	0.7772	3.6	0
3506	2000	328	1468.8	6.5	10.6	0.9237	1.9	0.2
3506	2000	329	1728	5.4	8.5	0.8183	2.1	0
3506	2000	330	3369.6	1.6	7.8	0.7515	2.3	1.2
3506	2000	331	2332.8	2.7	8.8	0.7534	4.2	0.1
3506	2000	332	4579.2	5.4	9.1	0.7436	3	3.1
3506	2000	333	3110.4	5.4	15.5	1.1127	3.3	0
3506	2000	334	5097.6	4.2	12.7	0.9617	2.7	0
3506	2000	335	5270.4	7.2	15.5	1.0873	2.7	0
3506	2000	336	5097.6	3.2	10.4	0.8297	3.2	0
3506	2000	337	1900.8	5.9	11.8	0.9086	2.6	0
3506	2000	338	1900.8	4.2	10.1	0.8498	1.8	0
3506	2000	339	5011.2	4.4	11.3	0.8596	2.9	3.3
3506	2000	340	5443.2	4.7	12.9	0.9281	2.5	0
3506	2000	341	3283.2	3.3	8.5	0.7705	3.1	0
3506	2000	342	3369.6	4.8	11.2	0.8684	2.5	0.3
3506	2000	343	864	7.8	12.9	0.9043	3.1	0.3
3506	2000	344	4492.8	7.5	13.5	0.9134	3.5	0
3506	2000	345	1209.6	5.2	11.7	0.8069	4.5	0.6
3506	2000	346	5011.2	10.3	15.4	0.8148	4.1	0
3506	2000	347	2851.2	9.8	15	0.8487	3.1	0
3506	2000	348	4233.6	10.2	14.9	0.7118	4.2	0
3506	2000	349	1900.8	8.6	11	0.799	3.9	0.6
3506	2000	350	3801.6	3.9	8.6	0.7228	5.3	0.3
3506	2000	351	1036.8	0.3	4.3	0.5984	4.2	3.9
3506	2000	352	1382.4	2.1	5.4	0.6791	2.5	0.9
3506	2000	353	2851.2	0.6	6.2	0.6548	2	8.5
3506	2000	354	777.6	4.2	6.8	0.8849	1.8	2.2
3506	2000	355	3196.8	-0.7	4.2	0.5407	5.9	2.2
3506	2000	356	1468.8	-0.7	4.2	0.5407	4.3	2.2
3506	2000	357	5097.6	-0.7	4.2	0.5407	2.6	2.2
3506	2000	358	5184	-0.7	4.2	0.5407	2.2	2.2
3506	2000	359	3369.6	-0.7	4.2	0.5407	2.4	2.2
3506	2000	360	1036.8	-0.7	4.2	0.5407	1.3	2.2
3506	2000	361	3888	-0.7	4.2	0.5407	2.1	2.2
3506	2000	362	4579.2	2.8	10.2	0.7547	2.9	0.2
3506	2000	363	1555.2	0.7	5.3	0.591	3.2	0
3506	2000	364	1728	-1.7	1.9	0.5601	1.8	1.8
3506	2000	365	1555.2	-1.2	0.6	0.5081	2.9	1.1
3506	2000	366	2851.2	-3.4	2.6	0.5044	2.7	0
