*---------------------------------------------------------------------------*
* Station name: STUTTGART-SCHNARRENBERG                 
* Year: 1993
* Author: Pedro Alencar                                   -999.000: NIL VALUE
* Source: ECAD 
* Comments: 
* Longitude: 48.8292, latitude: 48.8292, altitude: 314 m.
*
* Column  Daily value
* 1       station number
* 2       year
* 3       day
* 4       irradiation                   (kJ m-2 d-1)
* 5       minimum temperature           (degrees Celsius)
* 6       maximum temperature           (degrees Celsius)
* 7       early morning vapour pressure (kPa)
* 8       mean wind speed (height: 2 m) (m s-1)
* 9       precipitation                 (mm d-1)
*
** WCCDESCRIPTION=GERMANY, STUTTGART-SCHNARRENBERG                 
** WCCFORMAT=2
** WCCYEARNR=1993
*---------------------------------------------------------------------------*
   48.8292  9.2008    314.  -0.18 -0.55
3506	1993	1	4838.4	-8.4	0.6	0.3481	2.1	0
3506	1993	2	5184	-9.7	-2.9	0.2634	3.1	0
3506	1993	3	4924.8	-11.1	-3.6	0.2289	2.4	0
3506	1993	4	4320	-11.6	-4.8	0.2406	1.3	0
3506	1993	5	5011.2	-10	0.7	0.2857	3.2	0
3506	1993	6	1728	-0.4	10	0.602	3.5	2.4
3506	1993	7	777.6	6.4	10	1.0433	2.7	9.7
3506	1993	8	864	4.8	8.8	0.9186	2.4	3.5
3506	1993	9	2678.4	2.1	9.9	0.7665	2.7	0
3506	1993	10	3110.4	7	12	0.7357	3.9	0
3506	1993	11	1728	10.4	12.8	0.928	6.1	0.4
3506	1993	12	1123.2	5.5	16	0.8514	6.2	1.3
3506	1993	13	3196.8	-0.4	10.2	0.6928	3.1	2.7
3506	1993	14	4147.2	5.4	15.1	0.9108	5.1	0
3506	1993	15	4492.8	1	12.5	0.7087	3.5	0
3506	1993	16	5097.6	8.5	15.3	0.9326	3.5	0
3506	1993	17	6307.2	2.2	13.2	0.6303	2.4	0
3506	1993	18	1209.6	3.7	9.7	0.8338	2.5	0
3506	1993	19	4147.2	3.1	9.9	0.6386	3.6	0
3506	1993	20	3110.4	6.7	10.8	0.7332	3.8	0
3506	1993	21	2505.6	6.7	11.4	0.8173	3.2	0
3506	1993	22	2851.2	9.7	12	0.857	6	0
3506	1993	23	2937.6	8	11.8	0.8653	5.7	0
3506	1993	24	2160	7.2	12.9	0.8741	7.2	6.7
3506	1993	25	4492.8	0.2	8.5	0.6	8.6	0.6
3506	1993	26	6307.2	-1.9	3	0.4069	4.7	1.4
3506	1993	27	3542.4	-0.4	6	0.6126	4.9	1.6
3506	1993	28	2073.6	2.2	7.4	0.7568	1.9	0.6
3506	1993	29	1209.6	3.6	7.4	0.7856	2.5	6.9
3506	1993	30	4665.6	-2.2	3.8	0.518	4.4	0
3506	1993	31	2505.6	-1.5	2.2	0.5327	2.2	0
3506	1993	32	5011.2	-2.2	3.6	0.5271	2	0
3506	1993	33	2160	-3.7	-1.5	0.4846	0.9	0
3506	1993	34	7084.8	-4.1	3.1	0.4949	0.9	0
3506	1993	35	6393.6	-5.5	0.4	0.4661	0.7	0
3506	1993	36	3628.8	-4.5	-1.5	0.4704	0.4	0
3506	1993	37	4838.4	-3.8	1.6	0.5188	0.8	0.6
3506	1993	38	3456	0.9	5.6	0.7173	1.5	0
3506	1993	39	1382.4	1.1	3.2	0.6491	2.1	0
3506	1993	40	3283.2	-0.6	3.3	0.5793	2.8	0
3506	1993	41	1728	-1	1.6	0.512	3.5	0
3506	1993	42	8640	-0.7	6.3	0.6051	2.2	0
3506	1993	43	8553.6	-4.1	3	0.5283	1.2	0
3506	1993	44	1641.6	-1.7	0.1	0.5591	0.7	0
3506	1993	45	3888	-2.4	0.4	0.5396	1.5	0
3506	1993	46	3196.8	-1.7	0.5	0.4854	1.7	0
3506	1993	47	2073.6	-2.5	-0.7	0.4892	1.7	3
3506	1993	48	1036.8	-1.2	3.5	0.6175	3.1	4
3506	1993	49	3715.2	2.9	6.2	0.6845	1.7	0
3506	1993	50	5702.4	2.6	6.3	0.6714	6.4	1.1
3506	1993	51	5097.6	1.8	4.7	0.5553	5.9	2.8
3506	1993	52	5702.4	-0.4	4.5	0.5807	7.9	1.1
3506	1993	53	11923.2	-3.1	0.7	0.3358	3.7	0
3506	1993	54	6048	-7.4	-2.9	0.2918	1.8	0.1
3506	1993	55	10886.4	-9.1	-0.4	0.2965	1.9	0
3506	1993	56	8985.6	-6.1	1.9	0.3562	1.2	0
3506	1993	57	12009.6	-4.5	5	0.3609	2.3	0
3506	1993	58	9072	-4.3	5.4	0.4069	2.1	0.8
3506	1993	59	6220.8	-2.4	1.2	0.4504	2.9	0
3506	1993	60	6048	-3	4.5	0.4322	2.5	0
3506	1993	61	8985.6	1.4	7.9	0.4681	4.3	0.7
3506	1993	62	3888	-2.3	2.4	0.558	3	1.3
3506	1993	63	7344	-5.2	-0.9	0.3759	2.6	0.2
3506	1993	64	5097.6	-3.9	0.8	0.4091	1.6	1
3506	1993	65	2851.2	-1	3.5	0.6153	3.5	1.7
3506	1993	66	4579.2	2.8	6.7	0.7027	3.5	0.2
3506	1993	67	13651.2	-2	5.5	0.4922	4.3	0
3506	1993	68	14428.8	-4.5	6.1	0.4597	2.2	0
3506	1993	69	14083.2	-1.7	12.8	0.5074	3	0
3506	1993	70	6134.4	4.5	11.6	0.624	2	0
3506	1993	71	13824	0.9	14.2	0.6343	2	0
3506	1993	72	14256	1.6	15.2	0.639	2.1	0
3506	1993	73	14860.8	2.2	15.7	0.6517	2.2	0
3506	1993	74	15379.2	1.9	17.4	0.6232	2.8	0
3506	1993	75	11836.8	3	17.4	0.6964	4.3	0
3506	1993	76	1987.2	10.3	13.3	1.1339	2.9	0.9
3506	1993	77	15552	6.4	15.6	0.9312	3.4	0
3506	1993	78	15379.2	7.9	13.9	0.7947	2.9	0
3506	1993	79	17280	0.7	17.5	0.7046	1.4	0
3506	1993	80	7171.2	5.9	18.1	1.0228	2.3	3
3506	1993	81	5184	9.6	15.2	1.1364	2.6	1.8
3506	1993	82	9849.6	6.6	12	0.7375	4.7	0
3506	1993	83	8553.6	4.3	8.6	0.54	2.3	0
3506	1993	84	12441.6	0.8	6.5	0.4839	4.7	0
3506	1993	85	12960	0.2	6.3	0.4859	3.9	0
3506	1993	86	10886.4	-2.6	3.7	0.426	2.1	0
3506	1993	87	15206.4	-4.7	4.4	0.3928	1.5	0
3506	1993	88	19785.6	-5.1	6.4	0.3394	1.3	0
3506	1993	89	19699.2	-3.2	10	0.3274	2.9	0
3506	1993	90	13910.4	2	18.1	0.5663	2.6	0
3506	1993	91	13824	5.5	21.2	0.8266	3.8	0
3506	1993	92	2160	3.7	9.8	0.9253	4.5	3.5
3506	1993	93	2678.4	4	6.2	0.8343	2.6	0.4
3506	1993	94	8121.6	3.9	9.5	0.8338	4.1	1.1
3506	1993	95	19785.6	1.9	13.4	0.5548	3.1	0.8
3506	1993	96	15292.8	7	12.5	0.6878	6.2	0.8
3506	1993	97	6652.8	5.8	10.5	0.769	5.2	0
3506	1993	98	11836.8	5.5	10.7	0.734	2.3	0
3506	1993	99	20390.4	0.5	14.8	0.5758	3.1	0.1
3506	1993	100	12268.8	8.4	15.3	0.985	2.2	4.9
3506	1993	101	4752	6.9	11.4	1.0778	2	8.8
3506	1993	102	10281.6	2.4	11.7	0.834	1.5	1.2
3506	1993	103	14342.4	1.7	13.5	0.866	1.7	0
3506	1993	104	14688	3.8	14	0.9002	1.8	0.1
3506	1993	105	16329.6	3.4	15.2	0.8429	2.4	8.1
3506	1993	106	15552	6.1	14.5	0.8638	2.2	0
3506	1993	107	13132.8	5.9	14.2	0.8987	3	1.2
3506	1993	108	7516.8	8.7	13.7	1.0367	4.1	1.4
3506	1993	109	14860.8	10.9	16.5	0.9709	5.3	0
3506	1993	110	22723.2	7	22.2	0.9627	2.1	0
3506	1993	111	22896	10.4	25	0.8089	3.9	0
3506	1993	112	19267.2	13.1	23.8	0.8479	3.4	0.5
3506	1993	113	21600	9.7	22.5	1.0233	2.6	0
3506	1993	114	21427.2	11.4	22.8	0.9541	2.3	0
3506	1993	115	15984	10.9	21.4	0.9533	2.1	0
3506	1993	116	18748.8	11.4	20.5	1.1222	3.3	0
3506	1993	117	23760	10.4	26.8	1.1126	2.9	0
3506	1993	118	22636.8	12.2	25.1	0.8585	4.4	0
3506	1993	119	23155.2	11.3	24.7	0.8655	2.2	0
3506	1993	120	23241.6	12.9	24.5	1.2703	3.1	3.7
3506	1993	121	15638.4	11	19.3	1.3585	2.4	0.3
3506	1993	122	12960	10.6	17.6	1.2535	1.5	0.8
3506	1993	123	11145.6	12	16.5	1.3793	2.8	0.4
3506	1993	124	21254.4	9.1	17.5	0.9154	3	0
3506	1993	125	6220.8	8.2	12.5	0.9043	2.9	0.7
3506	1993	126	3888	7.4	9.4	1.0135	2.9	8.1
3506	1993	127	19785.6	7.7	20.2	1.305	2.2	4.5
3506	1993	128	24278.4	9.3	22.6	1.1584	1.6	0
3506	1993	129	22464	10.3	23.8	1.3005	1.4	0
3506	1993	130	24192	10.9	24.5	1.3953	1.7	0
3506	1993	131	20476.8	12.3	25.3	1.1916	1.9	0
3506	1993	132	12960	13.2	20.4	1.3565	1.9	8.1
3506	1993	133	12614.4	13	18	1.4773	2	1.2
3506	1993	134	12873.6	11.2	16.4	1.3082	2.9	0
3506	1993	135	15984	8.9	19.1	1.1656	2.4	3.8
3506	1993	136	19958.4	6.5	17.9	0.8376	1.7	0
3506	1993	137	28080	7.9	24.5	0.9563	1.9	0
3506	1993	138	24624	13.3	24.6	1.2028	2.2	2
3506	1993	139	25142.4	13	24	1.3608	2.3	0.5
3506	1993	140	24451.2	11.9	24.6	1.4862	3	10.9
3506	1993	141	3801.6	9.4	13.3	1.141	3.2	10.9
3506	1993	142	27216	9.4	18	0.9082	1.2	0
3506	1993	143	29116.8	7.6	22.5	0.9739	1.8	0
3506	1993	144	27475.2	9.7	25.8	1.0143	1.7	0
3506	1993	145	26524.8	14	27.7	1.402	1.9	0
3506	1993	146	24192	15.5	29	1.42	2.5	3.2
3506	1993	147	17798.4	14.6	23.4	1.7111	2.7	9.4
3506	1993	148	20563.2	12.6	18.8	1.2291	4.3	2.3
3506	1993	149	23932.8	9.3	21	1.0146	1.9	0
3506	1993	150	21427.2	11.4	21.9	1.249	3.7	1.7
3506	1993	151	16675.2	12.2	19.2	1.051	3.5	0
3506	1993	152	25920	11.1	23	1.1646	1.9	0
3506	1993	153	10713.6	13	21.8	1.6073	2.5	9.7
3506	1993	154	14860.8	11.6	18.5	1.4523	2.9	1
3506	1993	155	7862.4	13.6	19.2	1.6018	2	0
3506	1993	156	24969.6	11.9	26.4	1.55	1.5	0
3506	1993	157	26697.6	14.8	28.2	1.5358	1.3	0
3506	1993	158	25660.8	18.1	26.8	1.7357	3	0
3506	1993	159	27129.6	16.4	27.4	1.495	1.7	0
3506	1993	160	29116.8	14.6	29.6	1.354	2.1	0
3506	1993	161	21945.6	18.3	27.1	2.0375	1.6	4.8
3506	1993	162	6480	13.9	21.8	1.4698	3.4	0.7
3506	1993	163	12096	10.6	16.5	0.9925	3.9	0
3506	1993	164	6912	10.6	15.1	1.0519	2.3	0
3506	1993	165	6825.6	11.4	17.2	1.2861	1.6	1.5
3506	1993	166	9072	12.2	17.2	1.4534	2.5	4.2
3506	1993	167	18403.2	10.2	21.7	1.3213	2.1	12.6
3506	1993	168	16070.4	11.4	17.9	1.1823	3.9	0.1
3506	1993	169	28339.2	9.4	24.2	1.0317	2.3	0
3506	1993	170	26784	13.3	28	1.4092	2.8	1.9
3506	1993	171	15465.6	16.7	23.3	1.7273	2.4	19.6
3506	1993	172	14342.4	11.8	19.4	1.5045	2	5.7
3506	1993	173	12096	12.8	19.6	1.6368	1.7	18.8
3506	1993	174	13910.4	14.6	21.4	1.5868	3.1	0.1
3506	1993	175	25488	11.7	17.4	0.9596	4.2	0
3506	1993	176	25228.8	8	18.9	0.832	1.9	0
3506	1993	177	15120	13.6	18.6	1.133	2.6	6.1
3506	1993	178	15465.6	14	22	1.5043	3.7	0.9
3506	1993	179	21081.6	10.6	17.9	1.0223	3.3	0
3506	1993	180	30585.6	8.3	23.4	0.9712	3.1	0
3506	1993	181	30153.6	10.5	25.1	1.0989	1.5	0
3506	1993	182	28771.2	12.6	26.4	1.1315	1.4	0
3506	1993	183	27561.6	13.1	27.1	1.2448	1.9	0
3506	1993	184	22118.4	18.5	26.7	1.7789	2.1	0
3506	1993	185	27388.8	16.9	28.4	1.5372	1.6	0
3506	1993	186	19180.8	16.7	30.3	1.9071	3	3.1
3506	1993	187	10454.4	11	18.2	1.0291	4	0
3506	1993	188	22982.4	9.2	21.6	0.9436	4.2	0
3506	1993	189	27561.6	11	22.4	1.0251	1.7	0
3506	1993	190	28425.6	11.6	27.7	1.0736	2.9	1.2
3506	1993	191	6220.8	14.4	23.6	1.8208	2.9	0.6
3506	1993	192	10886.4	11	18.6	1.0424	3.6	0.5
3506	1993	193	13392	9.8	15.7	1.0892	3.2	4.3
3506	1993	194	18748.8	8.4	17.4	0.8621	3.2	0.5
3506	1993	195	7430.4	11.3	16.5	1.3484	2.6	10.9
3506	1993	196	7603.2	14	20.7	1.6814	2.4	0.1
3506	1993	197	19872	16.8	27.2	1.8472	3.8	5.1
3506	1993	198	20822.4	16.9	25.6	1.7645	3.4	2.9
3506	1993	199	15379.2	16.2	23.7	1.8848	1.4	2.4
3506	1993	200	15811.2	14.6	23.1	1.6083	2.5	8.5
3506	1993	201	16675.2	13	19.8	1.2852	3	4.9
3506	1993	202	16502.4	11.4	19.2	1.2327	3.3	0.1
3506	1993	203	17193.6	12.3	18.5	1.2407	2.9	0.9
3506	1993	204	22291.2	11.6	22	1.089	2.9	0
3506	1993	205	22118.4	16.5	26	1.4872	2.1	2.8
3506	1993	206	12960	16	21.2	1.3266	4.8	8.7
3506	1993	207	22204.8	12.4	20.3	1.0397	4.1	0
3506	1993	208	11750.4	13.7	20.9	1.3606	2.9	12.2
3506	1993	209	5270.4	14.2	18.8	1.7058	2.4	2.7
3506	1993	210	25660.8	16.1	28	1.7999	1.3	0
3506	1993	211	24105.6	18.1	32.6	1.9041	2.8	7.3
3506	1993	212	20476.8	14.7	21	1.3473	4.5	0
3506	1993	213	25747.2	10.6	22.8	1.158	1.4	0
3506	1993	214	24019.2	12.5	27.1	1.3602	1.7	0
3506	1993	215	18057.6	15.4	27.3	1.6739	2.4	0
3506	1993	216	17020.8	17	26.6	2.0334	1.5	11.5
3506	1993	217	14947.2	17.8	24.9	2.1051	2.2	4
3506	1993	218	25660.8	14.8	21	1.1877	4.3	0
3506	1993	219	26611.2	10.2	23.8	1.1996	1	0
3506	1993	220	13996.8	12.2	23.8	1.3189	1.4	0
3506	1993	221	17625.6	14.3	23.5	1.3081	3	9.3
3506	1993	222	9676.8	13.4	20.2	1.4711	3.8	13.9
3506	1993	223	20476.8	11.6	22.5	1.2422	2.7	0
3506	1993	224	22809.6	14.3	27.8	1.4442	2.9	0
3506	1993	225	25315.2	14.4	22.6	1.127	2.4	0
3506	1993	226	21513.6	12.9	28.6	1.7112	1.9	10.8
3506	1993	227	19958.4	17.4	27.7	1.9372	2.8	0
3506	1993	228	20044.8	17.1	27.7	1.8386	1.3	0
3506	1993	229	20304	16.8	24.4	1.6471	2.6	0
3506	1993	230	19180.8	14.1	24.8	1.5115	1.2	0
3506	1993	231	21168	16.5	25.5	1.4398	2	0
3506	1993	232	22204.8	13.9	26	1.2566	2.7	0
3506	1993	233	22982.4	14.8	29.2	1.4514	2.8	0
3506	1993	234	20217.6	16.4	31.9	1.5023	3.9	4
3506	1993	235	3110.4	11.1	24.9	1.9165	2.9	0.6
3506	1993	236	12182.4	9.9	16.7	1.0527	1	0
3506	1993	237	12182.4	9	17.5	1.0645	1.6	0
3506	1993	238	22723.2	7.2	20.2	0.9709	1.2	0
3506	1993	239	6825.6	7.9	16.4	1.132	1.4	0.4
3506	1993	240	8294.4	10.5	16.1	1.1138	2.3	3.3
3506	1993	241	20044.8	6.1	18.9	1.028	0.8	0
3506	1993	242	17020.8	7.2	20.3	1.0997	4	5
3506	1993	243	11750.4	10.8	16.2	1.082	3.8	1.1
3506	1993	244	15897.6	10.6	18.6	1.1951	1.9	0
3506	1993	245	14774.4	7.4	19.4	1.0135	1.8	5.8
3506	1993	246	6393.6	11.4	16	1.4876	2.6	7.8
3506	1993	247	10540.8	8.6	15.5	1.0684	2.9	4.1
3506	1993	248	11923.2	8.7	13.9	1.0168	2.9	0.2
3506	1993	249	20736	4	17.7	0.922	2	0
3506	1993	250	13996.8	7.2	21.1	1.3221	2.4	3.3
3506	1993	251	9763.2	14.6	20.3	1.6721	2.9	0.7
3506	1993	252	5270.4	12.4	17	1.4534	2.6	3.3
3506	1993	253	11577.6	13.2	19.7	1.4575	3.1	0.9
3506	1993	254	12009.6	11.5	19.7	1.3452	2.7	1.9
3506	1993	255	11577.6	11.6	18.4	1.2433	3.1	0.3
3506	1993	256	5875.2	9.8	16.3	1.2608	3.6	3.5
3506	1993	257	13392	9.8	18.9	1.0453	4	0
3506	1993	258	12182.4	11.8	20.1	1.2308	3.7	2.3
3506	1993	259	9936	11.8	17.4	1.0291	3.3	0
3506	1993	260	12960	9.4	17.6	1.0202	2.4	0
3506	1993	261	16675.2	6.9	19.5	1.0762	1.9	0
3506	1993	262	16761.6	10	22.3	1.2649	2.4	0
3506	1993	263	13824	11.5	25.3	1.5848	2.7	0
3506	1993	264	13996.8	15.4	26.9	1.8039	2.3	0
3506	1993	265	11836.8	14.4	25.5	1.8848	1.9	0.8
3506	1993	266	6652.8	13.2	19	1.6264	1.5	0
3506	1993	267	3283.2	14.2	17.1	1.5981	2.9	9.6
3506	1993	268	2937.6	10.9	16.3	1.4002	2.6	13.6
3506	1993	269	8035.2	10	13.8	1.0579	3.9	0
3506	1993	270	13046.4	8.1	15.5	0.9956	1.8	0
3506	1993	271	6912	6.9	14	1.1633	1.6	24
3506	1993	272	2073.6	7.7	10.6	1.1242	1.3	0.2
3506	1993	273	11577.6	5.5	16.7	1.0298	2.6	0
3506	1993	274	8294.4	8.8	17.6	1.1975	2.5	1.8
3506	1993	275	2332.8	9	13.3	1.2452	2.4	19.8
3506	1993	276	6739.2	8.8	14	1.1178	2.9	2.5
3506	1993	277	6134.4	8	15.9	1.0614	2.7	0.9
3506	1993	278	11750.4	12	22	1.4318	2.6	0
3506	1993	279	4060.8	12.5	17	1.3575	2.8	0.6
3506	1993	280	13132.8	10.1	19	1.1251	2.5	0
3506	1993	281	3110.4	10.4	13.8	1.2976	1.5	9.8
3506	1993	282	12009.6	8.9	16.1	1.1004	2.7	0
3506	1993	283	5270.4	6	17	1.071	2	9.5
3506	1993	284	3196.8	11.6	17.6	1.5602	2.5	3.1
3506	1993	285	4060.8	10.6	16.5	1.2406	2.7	1.6
3506	1993	286	12441.6	9.9	20.2	1.1789	3.2	1
3506	1993	287	6480	11.7	17.2	1.1343	2.9	0
3506	1993	288	2505.6	7.3	12.5	0.9994	3.6	0.5
3506	1993	289	8208	2.8	11.9	0.8513	1.3	2.7
3506	1993	290	1900.8	4.9	8.7	0.9087	2.4	3.1
3506	1993	291	2246.4	5	7.2	0.7436	3.2	1.1
3506	1993	292	2246.4	4	6.5	0.7188	1.8	0
3506	1993	293	1900.8	4.6	7.1	0.8511	0.5	0.3
3506	1993	294	3196.8	4.4	7.2	0.756	1.6	0.7
3506	1993	295	1382.4	4	5.6	0.7912	3.5	12.8
3506	1993	296	864	4.2	5.8	0.8546	2.9	12.7
3506	1993	297	864	3.6	4.8	0.7999	2.7	1.9
3506	1993	298	1728	3.2	5.5	0.7584	1.8	0
3506	1993	299	6566.4	2.3	7.7	0.6889	2.1	0
3506	1993	300	7171.2	3.9	9.1	0.745	1.9	0
3506	1993	301	7516.8	-0.1	10.7	0.7213	2	0
3506	1993	302	1209.6	0.7	5.5	0.6563	3.6	0
3506	1993	303	1468.8	3.9	5.6	0.737	3	0
3506	1993	304	5529.6	2	6.8	0.7025	1.5	0
3506	1993	305	8294.4	0.7	9.2	0.7648	0.5	0
3506	1993	306	7948.8	-0.5	10.3	0.7534	0.8	0
3506	1993	307	8380.8	1.6	11.4	0.8611	1.4	0
3506	1993	308	2160	3.2	6.6	0.8141	1.4	0
3506	1993	309	1209.6	5	6.8	0.8262	3.2	0.2
3506	1993	310	777.6	5.2	7.4	0.9448	2.9	9.1
3506	1993	311	1728	5.3	7.3	0.9257	1	2.6
3506	1993	312	950.4	6	7.3	0.9189	1.4	1.2
3506	1993	313	777.6	5.2	6.4	0.8297	1.4	0.2
3506	1993	314	5443.2	3.2	9.3	0.7608	2.5	0.4
3506	1993	315	1209.6	4.2	8.6	0.8648	2.4	4.7
3506	1993	316	3542.4	2.4	7.9	0.7667	1.6	0
3506	1993	317	4752	-0.4	4.2	0.6376	3	0.7
3506	1993	318	4320	2.3	15.3	0.8602	6.4	3.9
3506	1993	319	950.4	2	6.4	0.7422	6.3	3
3506	1993	320	1123.2	0.9	2.6	0.61	2.8	0.1
3506	1993	321	1555.2	0.3	2.1	0.4798	3.3	0
3506	1993	322	6134.4	-2	2.8	0.4026	3.4	0
3506	1993	323	6393.6	-5.6	1.7	0.3655	1.6	0
3506	1993	324	5616	-6.9	-1.5	0.3135	1.8	0
3506	1993	325	4752	-4.4	-1.4	0.3752	1.6	0.4
3506	1993	326	2332.8	-5	-2.1	0.4091	0.8	0.3
3506	1993	327	5616	-7.1	-1.3	0.3628	1.2	0
3506	1993	328	3974.4	-6.4	0.9	0.4293	1.3	0
3506	1993	329	5702.4	-4.5	3.6	0.479	2.3	0
3506	1993	330	1468.8	-4.9	-1.7	0.412	2.3	0
3506	1993	331	518.4	-3.1	-1.9	0.4323	1.4	0
3506	1993	332	1296	-4.7	-2.5	0.4123	1.7	0.3
3506	1993	333	1987.2	-4.5	-2.5	0.3965	1.8	1.5
3506	1993	334	4665.6	-7.6	-1.6	0.365	2.6	0
3506	1993	335	2332.8	-7.8	-1.3	0.3577	1	0
3506	1993	336	1296	-1.7	6.8	0.5651	3.1	0.2
3506	1993	337	1209.6	6.7	8.8	0.8749	1.9	0
3506	1993	338	5270.4	1.5	11.6	0.7476	2.2	0
3506	1993	339	2851.2	1.6	11	0.8016	2.8	0
3506	1993	340	3715.2	-3.1	2.6	0.558	1.5	0
3506	1993	341	1641.6	-1.3	4.1	0.5543	2.9	2.8
3506	1993	342	1123.2	1	11.2	0.8001	3.7	3.4
3506	1993	343	2851.2	6.9	11.7	0.8195	8.8	2.1
3506	1993	344	950.4	5.9	10.8	0.8454	3.4	9
3506	1993	345	2678.4	0.4	12	0.7487	5.1	4.2
3506	1993	346	1296	1.8	4.3	0.5551	4.3	2.2
3506	1993	347	2592	2.4	11.3	0.7235	5.4	3.8
3506	1993	348	1641.6	5.2	9.1	0.8094	3.4	0.4
3506	1993	349	3542.4	1.1	7.4	0.5876	4.5	1.9
3506	1993	350	3024	1.4	5.9	0.6664	4.5	6.4
3506	1993	351	691.2	1	9.4	0.7782	3.8	18.5
3506	1993	352	1900.8	7.5	10.4	0.8575	3.5	0
3506	1993	353	604.8	5.5	12.3	0.923	5.1	22.8
3506	1993	354	1555.2	5.7	15.4	1.0819	4.6	36.7
3506	1993	355	3024	2.9	12.9	0.7348	7.6	1.1
3506	1993	356	2764.8	0.6	5.4	0.5986	5.5	0.9
3506	1993	357	2246.4	3	5.9	0.6294	5	3.4
3506	1993	358	2246.4	0.6	4.8	0.6008	3.6	1.4
3506	1993	359	777.6	0	1.6	0.5892	3.7	0.1
3506	1993	360	3196.8	-2.8	1	0.4177	3.9	0.7
3506	1993	361	1987.2	-0.5	2	0.5419	1.9	0.3
3506	1993	362	2505.6	-2	1.1	0.4908	2.3	0
3506	1993	363	2937.6	-0.5	6.6	0.5855	3	1.1
3506	1993	364	3283.2	3.2	10.1	0.655	5	0.3
3506	1993	365	2160	7.4	11.2	0.9131	5.2	3.9
