*---------------------------------------------------------------------------*
* Station name: STUTTGART-SCHNARRENBERG                 
* Year: 2001
* Author: Pedro Alencar                                   -999.000: NIL VALUE
* Source: ECAD 
* Comments: 
* Longitude: 48.8292, latitude: 48.8292, altitude: 314 m.
*
* Column  Daily value
* 1       station number
* 2       year
* 3       day
* 4       irradiation                   (kJ m-2 d-1)
* 5       minimum temperature           (degrees Celsius)
* 6       maximum temperature           (degrees Celsius)
* 7       early morning vapour pressure (kPa)
* 8       mean wind speed (height: 2 m) (m s-1)
* 9       precipitation                 (mm d-1)
*
** WCCDESCRIPTION=GERMANY, STUTTGART-SCHNARRENBERG                 
** WCCFORMAT=2
** WCCYEARNR=2001
*---------------------------------------------------------------------------*
   48.8292  9.2008    314.  -0.18 -0.55
3506	2001	1	1296	-4.9	3.6	0.4021	3.6	0.5
3506	2001	2	777.6	2.5	8.1	0.7124	4.4	1.4
3506	2001	3	4060.8	3.1	9.2	0.7367	3.8	0
3506	2001	4	950.4	2.1	7.7	0.6842	3.8	1.6
3506	2001	5	518.4	5.2	10.6	0.8625	4.7	10.7
3506	2001	6	1036.8	4.8	11.2	0.8684	4.4	4
3506	2001	7	2073.6	4	6.5	0.8075	2.1	0
3506	2001	8	1036.8	2.7	4.8	0.783	1.7	0
3506	2001	9	3283.2	0.4	6.7	0.5751	1.8	0.9
3506	2001	10	864	-0.3	6	0.7122	2.6	4.9
3506	2001	11	1382.4	3.9	7.1	0.8939	2.3	1.9
3506	2001	12	1468.8	-1.2	4	0.6017	3.1	0
3506	2001	13	6566.4	-3	1.5	0.3529	5.2	0
3506	2001	14	6739.2	-4.9	2.1	0.3034	4.1	0
3506	2001	15	6652.8	-5.9	1	0.3011	2.6	0
3506	2001	16	6134.4	-7.8	0.1	0.354	1.6	0
3506	2001	17	6307.2	-4	6.1	0.468	1.6	0
3506	2001	18	4233.6	-1.3	3.7	0.4665	2.4	0.1
3506	2001	19	3110.4	-4.5	2.3	0.4736	1	0
3506	2001	20	3628.8	-0.5	5.1	0.62	1.7	2.9
3506	2001	21	4924.8	-1.7	2.7	0.5322	2	9.4
3506	2001	22	5011.2	-0.3	8.4	0.6773	3.6	2.1
3506	2001	23	5875.2	2.8	10.5	0.7528	4	0.3
3506	2001	24	691.2	6.7	10.7	0.8657	3.4	2.6
3506	2001	25	6998.4	2.7	12.6	0.8375	3.2	4.4
3506	2001	26	5011.2	3	8.8	0.7055	3.1	0.1
3506	2001	27	5788.8	1.1	6.4	0.6232	5	1.6
3506	2001	28	7948.8	0.7	8.5	0.653	2.3	0
3506	2001	29	6739.2	-1.5	5.8	0.6206	1.9	0
3506	2001	30	4665.6	0.8	5.2	0.5835	1.5	0
3506	2001	31	5875.2	-2	4.2	0.5227	1.7	0
3506	2001	32	6220.8	-2.7	2.1	0.4902	2.6	1.3
3506	2001	33	5270.4	-3	2.1	0.473	2.8	9
3506	2001	34	3024	-1.6	5.3	0.6144	3.4	13.9
3506	2001	35	4147.2	5	11.7	0.9332	3.1	5.9
3506	2001	36	5616	7.5	10.9	0.7791	5.6	1
3506	2001	37	7430.4	9.5	17.2	0.8419	4.2	0
3506	2001	38	4147.2	6.7	15.8	0.7734	3	0
3506	2001	39	3888	7	15.7	0.792	2.9	0
3506	2001	40	3196.8	4.5	9.6	0.8139	2.8	0.6
3506	2001	41	8812.8	-1.6	8.3	0.6292	1.6	0
3506	2001	42	9158.4	-0.6	13.2	0.5726	2.6	0
3506	2001	43	7430.4	3	15.3	0.6838	3.2	2.2
3506	2001	44	1728	4.1	11.7	0.9371	2.7	0.3
3506	2001	45	11059.2	4.1	11.7	0.7667	2.6	0
3506	2001	46	11059.2	-0.1	12.5	0.5876	1.5	0
3506	2001	47	9244.8	-0.3	10.6	0.6433	2.5	0.1
3506	2001	48	1900.8	1.2	6.2	0.7564	3.4	0.6
3506	2001	49	9936	1.3	6.4	0.5954	2.8	0
3506	2001	50	5097.6	1.7	6.4	0.5957	2.2	1
3506	2001	51	5270.4	0.9	5.2	0.5779	4.5	0
3506	2001	52	8380.8	2.7	7.6	0.6257	5.4	3
3506	2001	53	4492.8	2.9	6.4	0.6553	6.3	1
3506	2001	54	3974.4	-0.2	5.8	0.6798	4.3	3.5
3506	2001	55	4492.8	-1.3	1.2	0.554	1.9	1
3506	2001	56	12614.4	-4.5	1.9	0.3778	2.4	0
3506	2001	57	4838.4	-4.8	2.1	0.4207	2.9	0.3
3506	2001	58	12355.2	-5.9	7.5	0.369	3.6	0
3506	2001	59	6307.2	-1.5	5.1	0.4452	2	0
3506	2001	60	7689.6	-0.4	5.6	0.5892	3.3	0.9
3506	2001	61	11232	0	7.2	0.5139	3.2	5
3506	2001	62	3024	-0.1	3.9	0.6937	2	8.4
3506	2001	63	9244.8	1.5	10.4	0.6893	4.4	0.6
3506	2001	64	4924.8	2.3	6.2	0.662	3	0.7
3506	2001	65	14169.6	-0.8	7.6	0.6158	3.5	0
3506	2001	66	2332.8	0.5	7.9	0.7834	2.3	3.7
3506	2001	67	5702.4	6.8	14.2	1.0783	2.1	3.9
3506	2001	68	7257.6	8.4	12.8	0.9195	3.3	0.1
3506	2001	69	4406.4	7.9	11.6	0.9894	3.7	6.8
3506	2001	70	4147.2	9.3	12.8	1.2106	3	6.1
3506	2001	71	2678.4	8.8	13.1	1.1634	4	10.1
3506	2001	72	12268.8	5	11	0.7719	4.9	1.1
3506	2001	73	5184	4.4	8.4	0.7591	4.5	3
3506	2001	74	5270.4	5.2	11.7	0.9064	4.3	1.4
3506	2001	75	15292.8	9	16.9	1.0737	2.8	7
3506	2001	76	3628.8	9.5	12.3	1.1986	2	2.4
3506	2001	77	10022.4	7.5	14	0.9158	3.8	1.6
3506	2001	78	12182.4	2.9	10.2	0.5728	6.9	0
3506	2001	79	8380.8	2.9	10.2	0.8738	2.7	0
3506	2001	80	4320	1.1	14.4	0.9697	2	7.8
3506	2001	81	5270.4	7.9	12.5	0.9948	4.7	5.4
3506	2001	82	6566.4	7.1	15.6	1.1141	3.4	2.8
3506	2001	83	8640	9.2	15.8	1.2452	2.3	3.9
3506	2001	84	7257.6	8.2	15.2	0.9891	4.2	2.5
3506	2001	85	3628.8	0.8	8.2	0.7158	3.3	0
3506	2001	86	12528	0.7	8.8	0.6342	2.1	0.7
3506	2001	87	9244.8	1.4	13.3	0.841	3.4	1.1
3506	2001	88	4406.4	7.5	11.9	0.7696	3.6	0
3506	2001	89	7948.8	6.1	10.6	0.7795	3	0
3506	2001	90	19785.6	1.9	15	0.6743	2	0
3506	2001	91	21254.4	1.9	15	0.6411	2.5	0
3506	2001	92	20908.8	1.9	15	0.5637	2.9	0
3506	2001	93	6912	1.9	15	0.6964	3.2	0
3506	2001	94	10627.2	5.7	18.8	1.0256	4	0
3506	2001	95	17366.4	4.3	12	0.6174	4	0
3506	2001	96	9590.4	6	14.4	0.8704	4.4	5.9
3506	2001	97	7430.4	5.3	11	0.8123	4.1	0
3506	2001	98	20563.2	2.3	13.9	0.788	2.7	0.4
3506	2001	99	6480	5.7	10.3	0.8363	2.9	2.5
3506	2001	100	7776	6.8	12	0.9429	3.1	4.2
3506	2001	101	9072	6.2	11.7	0.9262	3.1	0.2
3506	2001	102	16934.4	6.2	11.7	0.7318	4.8	0
3506	2001	103	18662.4	-0.6	6.2	0.4707	4.4	1.2
3506	2001	104	13651.2	-1.6	4.5	0.4342	2.2	1.6
3506	2001	105	5270.4	0.3	6.8	0.6775	4.3	1.6
3506	2001	106	12268.8	2.8	9	0.7984	3.2	6
3506	2001	107	11577.6	2.8	8.5	0.739	2.9	0.7
3506	2001	108	7430.4	2.4	8.8	0.6637	3.7	1.9
3506	2001	109	17884.8	0.9	8.3	0.5852	3	0
3506	2001	110	14601.6	-0.3	7	0.5826	1.9	3.1
3506	2001	111	3283.2	0.6	3.6	0.6681	4	10.2
3506	2001	112	10972.8	2	9	0.7043	2.9	0
3506	2001	113	22464	0.7	13.5	0.6655	1.9	0
3506	2001	114	22204.8	4.6	17.9	0.7734	3.5	0.9
3506	2001	115	5011.2	6.8	15.2	1.0492	3.5	3.5
3506	2001	116	19094.4	6.4	14.1	0.786	4.5	0
3506	2001	117	12873.6	4.8	16.7	0.9158	2.8	0.6
3506	2001	118	8467.2	9.3	14.7	0.9528	3.4	5.2
3506	2001	119	10800	9.3	17.8	1.2561	1.8	0
3506	2001	120	22896	10.8	22.7	1.3141	2.4	0
3506	2001	121	24451.2	11.8	24.3	1.261	4	0
3506	2001	122	26524.8	9.7	27.6	1.3093	2.7	0
3506	2001	123	22464	12.9	22.8	1.3882	3.3	0
3506	2001	124	17625.6	12.2	20.5	1.2068	2.7	0.1
3506	2001	125	3456	7.3	15	1.0862	4.3	1
3506	2001	126	2937.6	7.4	8.4	1.0116	3.1	2.1
3506	2001	127	6134.4	7.5	11.9	1.0102	2.6	0
3506	2001	128	9072	7.6	14.1	1.0778	2	0
3506	2001	129	25142.4	8.3	23.1	1.2469	3.3	0
3506	2001	130	29030.4	11.3	23.6	0.9953	3.1	0
3506	2001	131	25574.4	10.2	24.1	1.0157	2.4	0
3506	2001	132	29376	10.1	22.9	1.0122	2.3	0
3506	2001	133	29203.2	10.6	25	0.9158	3	0
3506	2001	134	20822.4	13.7	24.7	1.3549	2.2	2.9
3506	2001	135	11491.2	12.8	17.8	1.2675	2.9	0.8
3506	2001	136	18489.6	10.6	23.6	1.5188	3.5	11
3506	2001	137	10454.4	13.1	18.2	1.4383	2.8	7.5
3506	2001	138	10368	7.7	13.6	1.0123	4	4.3
3506	2001	139	19612.8	9	17.2	1.0391	2.1	0
3506	2001	140	29462.4	6.7	20.7	1.0335	2.1	0
3506	2001	141	30240	9.4	23	1.085	3.2	0
3506	2001	142	22723.2	9.9	20.3	1.0456	3	0
3506	2001	143	30067.2	10.6	23.8	1.0581	2.4	0
3506	2001	144	27302.4	11.8	25.7	1.2959	1.8	0
3506	2001	145	29462.4	13.2	24.4	1.1699	2	0
3506	2001	146	26265.6	11.9	25.5	1.1196	2.1	0
3506	2001	147	24537.6	15.2	26.2	1.3404	3.4	0
3506	2001	148	26611.2	18	26.3	1.4647	3.9	0
3506	2001	149	27907.2	17.9	27.1	1.5505	5.1	0
3506	2001	150	30240	14.9	26.1	1.1074	2.2	0
3506	2001	151	23846.4	12.1	23.2	1.0483	5.3	1
3506	2001	152	17107.2	9.9	17.2	0.8839	3.8	0.4
3506	2001	153	5356.8	9.3	13.9	1.0372	3.7	6
3506	2001	154	20736	5	12.2	0.8933	5.1	4
3506	2001	155	19440	7	15.1	0.8159	4.1	0
3506	2001	156	29721.6	6.4	21.3	0.9329	2.4	0.4
3506	2001	157	18662.4	12.4	21.3	1.2649	3.3	0.1
3506	2001	158	16934.4	13.6	20.7	1.2501	3.2	0.5
3506	2001	159	6825.6	10.1	16.8	1.2788	2.7	6.9
3506	2001	160	6998.4	9.8	13	1.2929	1.8	3.5
3506	2001	161	7430.4	10.5	14.4	1.3711	2.3	3.3
3506	2001	162	17193.6	8.8	13.9	1.0202	4	0.9
3506	2001	163	29721.6	8.2	21.3	1.0056	2.3	0
3506	2001	164	25228.8	8.9	23.1	1.1621	2	11.5
3506	2001	165	24192	12.3	22.2	1.3367	1.5	0
3506	2001	166	22550.4	12.3	26.3	1.654	2.8	14.3
3506	2001	167	13046.4	12.9	20.5	1.5947	2.6	6.1
3506	2001	168	17452.8	12.4	19.6	1.3981	3.7	1.2
3506	2001	169	7344	11.8	15.2	1.3138	5.6	1.6
3506	2001	170	13824	10.4	16.7	1.1941	3.3	0
3506	2001	171	30240	8.5	21.9	1.1041	1.4	0
3506	2001	172	29203.2	10.9	24.6	1.1969	4.1	0
3506	2001	173	29548.8	12.1	18	1.0252	4.7	0
3506	2001	174	32400	10.6	22.3	1.009	2.1	0
3506	2001	175	31795.2	10.4	26	1.0851	1.9	0
3506	2001	176	30931.2	13.7	27.7	1.2673	2	0
3506	2001	177	31881.6	14.4	29.6	1.3458	2.7	0
3506	2001	178	20822.4	15.6	29.3	1.817	2.5	34
3506	2001	179	14083.2	16.3	22.3	1.7434	3.1	0.1
3506	2001	180	30931.2	13.9	25.7	1.3602	1.6	0
3506	2001	181	21945.6	14.8	27.4	1.6735	2.5	0.5
3506	2001	182	22636.8	14.9	22.5	1.4856	2.7	0
3506	2001	183	25660.8	14	24	1.404	1.9	0
3506	2001	184	31795.2	13.3	24.5	1.2209	3	0
3506	2001	185	32140.8	12.2	26.7	1.128	4.3	0
3506	2001	186	30758.4	14.7	29.4	1.3234	3.3	0
3506	2001	187	28166.4	16.7	31.7	1.5369	2.9	1.2
3506	2001	188	11059.2	16.4	22.6	1.652	3.3	1.5
3506	2001	189	8294.4	16.2	20.3	1.549	2.9	4.2
3506	2001	190	16675.2	15.1	23.6	1.4573	2.6	0.7
3506	2001	191	28252.8	13	27.6	1.3316	2.4	0
3506	2001	192	16329.6	16.1	22.5	1.2293	4.5	0
3506	2001	193	18489.6	12.7	23.6	1.1649	3.5	5.1
3506	2001	194	13132.8	14.6	20.8	1.5167	3	1.3
3506	2001	195	6566.4	16.7	23.2	1.8383	2.7	8.3
3506	2001	196	3283.2	10.3	17	1.5296	2.9	19.3
3506	2001	197	12009.6	10.8	17.8	1.4164	2.5	0.6
3506	2001	198	29289.6	10.8	21.4	1.334	2.3	0.1
3506	2001	199	17539.2	14.8	21.9	1.4324	4.2	0.7
3506	2001	200	21427.2	14.1	22.7	1.2678	3.2	0
3506	2001	201	13996.8	14.2	18.4	1.3511	5.3	0
3506	2001	202	23414.4	13.1	23.1	1.3064	1.9	0
3506	2001	203	29721.6	12.7	27.4	1.4283	1.9	0
3506	2001	204	26956.8	15.6	29.1	1.5365	1.9	0
3506	2001	205	21772.8	16.6	27.5	1.7469	1.9	0.1
3506	2001	206	26784	16.2	30	1.6925	1.7	0
3506	2001	207	26179.2	16.1	29.9	1.6262	1.6	0
3506	2001	208	28252.8	15.7	31.5	1.4826	1.8	0
3506	2001	209	22118.4	17.8	32.2	1.7385	2.5	0
3506	2001	210	22636.8	19.9	28.7	1.819	3	0
3506	2001	211	28166.4	17.5	30.2	1.446	1.7	0
3506	2001	212	27648	16.5	32.1	1.5158	3.4	0
3506	2001	213	24624	18.7	28.4	1.681	2.1	0
3506	2001	214	23760	16.8	33.9	1.7105	2	1.7
3506	2001	215	7948.8	18.4	26.1	1.9559	3.3	1.2
3506	2001	216	18057.6	16.8	24.4	1.7924	3.3	2.3
3506	2001	217	15379.2	15.1	22.5	1.2566	3.3	0
3506	2001	218	14428.8	13.8	24.2	1.4917	3.2	2.8
3506	2001	219	8985.6	15.8	22.5	1.7715	2.9	1.1
3506	2001	220	14688	15.1	24.3	1.581	3.5	0.4
3506	2001	221	15120	15.1	24.7	1.6239	2.4	0
3506	2001	222	19440	13	19.4	1.1218	4.2	0
3506	2001	223	21859.2	10.4	21.2	1.0756	2.1	0
3506	2001	224	25833.6	9.5	25.5	1.1382	2.3	0
3506	2001	225	20563.2	13	27.5	1.3275	2.4	0
3506	2001	226	25574.4	15.1	33.6	1.642	2.4	0
3506	2001	227	24883.2	18.8	35.8	1.7376	2.8	0
3506	2001	228	18230.4	20.1	31.4	1.8506	3	0.3
3506	2001	229	14601.6	16.9	27.5	1.9766	2	2.9
3506	2001	230	17280	16.2	28.3	2.1434	1.9	0.5
3506	2001	231	19353.6	16.7	28.7	1.8723	2.4	5.4
3506	2001	232	11145.6	16.5	23	1.9536	1.6	2.4
3506	2001	233	22550.4	14.9	26.5	1.7547	1.8	0
3506	2001	234	23846.4	14.9	27.3	1.7484	1.8	0
3506	2001	235	20908.8	15.6	29.3	1.817	1.8	0
3506	2001	236	21600	16.9	30.2	1.8259	1.7	0
3506	2001	237	22982.4	17.4	32.6	1.8017	1.9	0
3506	2001	238	23500.8	18.1	33.6	1.5956	2	0
3506	2001	239	20476.8	16.8	31	1.6871	4.3	0
3506	2001	240	23155.2	12.6	23.6	1.0369	2.1	0
3506	2001	241	22809.6	10.2	25	1.0048	2.3	0
3506	2001	242	11232	11.2	24.5	1.3882	2.1	2.9
3506	2001	243	7084.8	12.2	19.6	1.4975	1.4	6.9
3506	2001	244	11145.6	11.4	18.1	1.3408	3.4	0
3506	2001	245	19612.8	12.7	20.8	1.1617	3.2	0
3506	2001	246	17020.8	11.3	24.6	1.3353	2.6	0.6
3506	2001	247	9244.8	11.5	18	1.324	3.6	0.3
3506	2001	248	5270.4	11	14.1	1.1912	5.8	0.3
3506	2001	249	10368	10.6	17.3	1.1459	2.5	1.5
3506	2001	250	7344	11.2	16.8	1.2933	3.6	0.6
3506	2001	251	2937.6	9.8	15.1	1.27	4.8	19.2
3506	2001	252	12096	8.2	14.1	0.9405	6	1.5
3506	2001	253	8121.6	8.6	13.9	0.9868	5.9	0.6
3506	2001	254	10022.4	9.4	13.7	0.9249	4	0.3
3506	2001	255	6480	10.2	16.6	1.1978	4.5	0.9
3506	2001	256	5097.6	11.9	17.7	1.2106	4.1	4.4
3506	2001	257	12268.8	10	15.6	1.1518	2.8	0.2
3506	2001	258	8812.8	9.7	16.9	1.1443	2.8	7.3
3506	2001	259	7171.2	8	12.4	1.1067	3.6	5.9
3506	2001	260	9417.6	7.2	12.2	1.0823	3.1	1.1
3506	2001	261	15465.6	5.7	15.5	0.9706	1.9	0
3506	2001	262	10540.8	5.3	17.7	1.0439	4	2.2
3506	2001	263	2592	11	14.8	1.2634	3.8	5
3506	2001	264	9504	8.8	16.9	1.1556	2.7	0
3506	2001	265	13910.4	6.2	14.9	1.0438	1.7	0
3506	2001	266	9158.4	3.7	14.8	1.0151	1.2	4.5
3506	2001	267	5702.4	9.2	14.8	1.3031	1.9	1.1
3506	2001	268	5788.8	8.5	14.6	1.2514	1.8	0
3506	2001	269	9676.8	7.6	16.6	1.1706	1.6	0
3506	2001	270	10022.4	10.9	19.7	1.389	2.4	0.3
3506	2001	271	15379.2	8.8	20.6	1.303	2.2	0
3506	2001	272	9158.4	9.5	18.7	1.2856	1.9	6.3
3506	2001	273	7603.2	11.9	19.4	1.5448	2.1	2.1
3506	2001	274	2678.4	11.5	20	1.5011	3	1
3506	2001	275	15033.6	15.8	27.9	1.6735	3.5	0
3506	2001	276	5443.2	14.5	22.8	1.6956	2.6	13.6
3506	2001	277	13219.2	8.8	17.5	1.2087	2.7	0
3506	2001	278	12182.4	7.4	20.2	1.3082	2.1	0
3506	2001	279	11059.2	12.7	23.4	1.5504	2.1	3.3
3506	2001	280	3888	12.6	17.5	1.6232	2.1	9.1
3506	2001	281	5875.2	11	17.2	1.4142	2.1	7.9
3506	2001	282	13737.6	10.9	19.2	1.3156	2.1	0
3506	2001	283	12182.4	10.7	19.9	1.3369	1.7	0
3506	2001	284	12182.4	8.8	20.7	1.3408	2.1	0
3506	2001	285	13392	7.2	23.2	1.4146	2.3	0
3506	2001	286	11750.4	9.8	24.1	1.5237	2.4	0
3506	2001	287	11404.8	10.5	22.2	1.5411	1.6	0
3506	2001	288	11664	11.2	23.7	1.6721	2.3	0
3506	2001	289	11318.4	12.4	20.3	1.5411	1.6	0
3506	2001	290	7776	9.5	18.6	1.4417	1.4	0
3506	2001	291	10022.4	7.9	17.6	1.3394	2.1	0
3506	2001	292	10800	8.7	20.6	1.4321	2.3	0
3506	2001	293	10713.6	6.6	18.9	1.2511	2.2	8
3506	2001	294	7344	10.7	17.8	1.2982	2.4	2.4
3506	2001	295	4924.8	8.2	15.9	1.1246	2.6	0
3506	2001	296	6912	6.4	15.5	1.1765	2.1	7.3
3506	2001	297	6480	11.4	16.3	1.3757	2.4	3
3506	2001	298	5097.6	9.1	14.2	1.2186	2.1	0
3506	2001	299	10540.8	6.8	16.9	1.207	2.4	0
3506	2001	300	5184	8	15.9	1.1172	3	0.1
3506	2001	301	4579.2	10.9	17.1	1.421	2	0
3506	2001	302	5443.2	11.5	17.5	1.4842	2.1	0
3506	2001	303	8380.8	10.3	18.9	1.3611	2.1	0
3506	2001	304	8985.6	7.8	22.7	1.2634	4.8	3.4
3506	2001	305	5961.6	3.5	10.2	0.7731	3	0
3506	2001	306	8899.2	1.5	12.2	0.8325	1.6	0
3506	2001	307	9158.4	1.6	14.4	0.8899	0.9	0
3506	2001	308	8812.8	2.2	13.5	0.8914	2	0
3506	2001	309	4924.8	3.2	10.4	0.8396	2	0
3506	2001	310	3974.4	1.7	9.4	0.7702	3.1	4.6
3506	2001	311	2592	7.3	11.9	1.0512	4.1	12.2
3506	2001	312	3369.6	3	11	0.8211	5.9	11.1
3506	2001	313	4233.6	-1.3	4.3	0.5719	3.5	0.6
3506	2001	314	8380.8	-3.2	4.5	0.4996	2.1	0
3506	2001	315	8726.4	-5.2	5	0.4853	1.5	0
3506	2001	316	3974.4	-4.4	4	0.4998	1.4	3.1
3506	2001	317	691.2	-0.4	4.1	0.6702	2.4	4.7
3506	2001	318	3456	-2	2.4	0.5641	1.5	0
3506	2001	319	7948.8	-3.4	5.2	0.5347	2	0
3506	2001	320	3628.8	-4.4	3.6	0.5163	1.1	0
3506	2001	321	6652.8	-1.2	7.8	0.6347	2.7	0
3506	2001	322	2505.6	-0.1	2.7	0.5705	1.7	0
3506	2001	323	1728	-0.7	2.2	0.5354	2	0.1
3506	2001	324	2851.2	1.7	5.6	0.722	0.8	0
3506	2001	325	2505.6	3.3	7.4	0.6702	1.7	0
3506	2001	326	1641.6	0.3	7.7	0.6424	4.9	9.3
3506	2001	327	2332.8	0.6	2.2	0.5814	5	1.1
3506	2001	328	1209.6	0.9	2.9	0.6376	2.8	3.7
3506	2001	329	1209.6	2.3	6.7	0.8337	1.2	4
3506	2001	330	1296	6.2	8.1	0.9915	1.3	6.4
3506	2001	331	1900.8	2.4	8.1	0.843	2.8	3.6
3506	2001	332	1036.8	1.9	5.3	0.672	3.4	4
3506	2001	333	4492.8	3.2	8	0.7365	3.4	6.3
3506	2001	334	1555.2	5.3	9.2	1.0085	2	6.4
3506	2001	335	1468.8	9	11.5	1.2477	1.9	3.9
3506	2001	336	1468.8	7.2	9.7	1.0943	1.5	0.2
3506	2001	337	1814.4	5.1	7.3	0.8909	2.1	0.1
3506	2001	338	1123.2	6.7	9.7	0.902	3.1	0.6
3506	2001	339	1987.2	6.3	11	0.8964	3.2	0.1
3506	2001	340	1209.6	3.9	12.3	0.7988	7.1	0.1
3506	2001	341	1814.4	0.3	3.9	0.6326	1.9	0
3506	2001	342	5356.8	-2.1	4.8	0.5658	2.4	0
3506	2001	343	5443.2	-3.9	4	0.4477	2.1	0
3506	2001	344	5356.8	-4.5	2.5	0.3976	1.7	0
3506	2001	345	2505.6	-0.5	3.2	0.5187	1.1	0.1
3506	2001	346	1555.2	1.2	3.1	0.6705	2.1	0.1
3506	2001	347	3110.4	1.2	3.1	0.4565	5.4	0.1
3506	2001	348	4752	-11.6	-5.6	0.2141	3.5	0
3506	2001	349	5097.6	-11	-3.1	0.2595	1.9	0
3506	2001	350	5097.6	-4.6	1.7	0.4122	2.7	0
3506	2001	351	1555.2	-4.9	-1.1	0.4263	1.7	0
3506	2001	352	2678.4	-2.3	0.9	0.5051	1.1	0
3506	2001	353	1468.8	-2.2	2.1	0.4749	1.5	0.2
3506	2001	354	4406.4	-5.3	1.5	0.4359	3.8	0.2
3506	2001	355	3369.6	-7.1	1.2	0.3541	4.6	0.9
3506	2001	356	2419.2	-1.5	1.7	0.5108	4.2	1.6
3506	2001	357	3801.6	-11.7	-0.9	0.3131	2.6	0.3
3506	2001	358	4752	-14	0	0.2641	3.7	0
3506	2001	359	2419.2	0	3.9	0.5625	6.7	4.8
3506	2001	360	2332.8	-2.4	1.6	0.5282	4.4	3
3506	2001	361	4838.4	-3.5	2.4	0.4285	4.7	0.6
3506	2001	362	2419.2	2.3	8.3	0.7213	5.8	11
3506	2001	363	691.2	-0.5	6.1	0.7321	2.3	25.8
3506	2001	364	5097.6	-2.8	1.2	0.4669	3.7	3
3506	2001	365	5443.2	-3.6	-0.8	0.4212	3.7	0
