*---------------------------------------------------------------------------*
* Station name: STUTTGART-SCHNARRENBERG                 
* Year: 2012
* Author: Pedro Alencar                                   -999.000: NIL VALUE
* Source: ECAD 
* Comments: 
* Longitude: 48.8292, latitude: 48.8292, altitude: 314 m.
*
* Column  Daily value
* 1       station number
* 2       year
* 3       day
* 4       irradiation                   (kJ m-2 d-1)
* 5       minimum temperature           (degrees Celsius)
* 6       maximum temperature           (degrees Celsius)
* 7       early morning vapour pressure (kPa)
* 8       mean wind speed (height: 2 m) (m s-1)
* 9       precipitation                 (mm d-1)
*
** WCCDESCRIPTION=GERMANY, STUTTGART-SCHNARRENBERG                 
** WCCFORMAT=2
** WCCYEARNR=2012
*---------------------------------------------------------------------------*
   48.8292  9.2008    314.  -0.18 -0.55
3506	2012	1	1900.8	8.7	12.9	1.113	3.5	0
3506	2012	2	1641.6	5.1	12.2	0.874	4	1.7
3506	2012	3	4060.8	2.7	11	0.7037	4.6	1.3
3506	2012	4	3024	4.2	10.5	0.718	6.9	0
3506	2012	5	1641.6	0.6	6.6	0.6404	8.3	11.4
3506	2012	6	2764.8	2.2	4.6	0.6392	7.5	0.9
3506	2012	7	1123.2	2.3	6.9	0.6785	5.4	2.2
3506	2012	8	2073.6	3.7	6.3	0.6802	5.9	0
3506	2012	9	1382.4	3.8	6.7	0.7543	3.4	2.1
3506	2012	10	2419.2	2.3	7.7	0.7849	3	0
3506	2012	11	1555.2	1	7	0.7318	2.9	0
3506	2012	12	4752	2.1	6.5	0.6727	3.7	0.2
3506	2012	13	2937.6	1.4	5.3	0.6059	5.8	0
3506	2012	14	3628.8	-1	3	0.4992	3.5	0
3506	2012	15	4838.4	-3.9	2.7	0.503	1.8	0
3506	2012	16	6220.8	-5.1	2.3	0.4082	2.4	0
3506	2012	17	5875.2	-5.6	3.1	0.4127	1.7	0
3506	2012	18	6134.4	-4.7	5.7	0.4688	2.5	0.6
3506	2012	19	1296	1	10.6	0.756	5.2	12.5
3506	2012	20	3801.6	-0.1	7.2	0.6854	5.4	14.5
3506	2012	21	1555.2	0.4	10.1	0.772	4.9	5.6
3506	2012	22	1728	3.3	7.3	0.6946	6.4	0.4
3506	2012	23	2073.6	2.8	6.3	0.6676	4.7	6.2
3506	2012	24	3888	-1	4.5	0.5892	3.5	0.1
3506	2012	25	6739.2	-3.4	5.5	0.5669	2.3	0
3506	2012	26	7084.8	-3.1	3.7	0.4808	3.5	0.2
3506	2012	27	1382.4	0.8	2.8	0.6609	1.7	1.2
3506	2012	28	2419.2	0.4	3.1	0.6655	1.5	3
3506	2012	29	604.8	-0.8	0.5	0.5077	2.7	0
3506	2012	30	1036.8	-1.3	-0.7	0.4601	1.8	2.1
3506	2012	31	4579.2	-5.6	-1.3	0.3648	2.5	0.2
3506	2012	32	7430.4	-8.6	-2.6	0.2618	4	0
3506	2012	33	5011.2	-10.6	-5.6	0.1728	4.4	0
3506	2012	34	8467.2	-14.3	-6.7	0.1568	2.7	0
3506	2012	35	7948.8	-14.9	-6.6	0.1807	2.2	0
3506	2012	36	8726.4	-15.3	-5.4	0.1837	2.5	0
3506	2012	37	8294.4	-15.4	-7.5	0.1683	1.8	0
3506	2012	38	4147.2	-15.3	-9.8	0.182	2.9	0.7
3506	2012	39	7689.6	-10	-3.6	0.2572	3.1	0
3506	2012	40	4060.8	-12.4	-6.6	0.256	3.1	0.1
3506	2012	41	6480	-11.3	-6.8	0.2406	2.9	0
3506	2012	42	9158.4	-13.7	-7	0.2004	2.9	0
3506	2012	43	9676.8	-15.6	-5.2	0.1913	1.7	0
3506	2012	44	3369.6	-11.4	-1.5	0.3095	2.3	1.8
3506	2012	45	3196.8	-3.4	1.8	0.513	2.1	1.7
3506	2012	46	2592	0.4	3.4	0.6236	6.9	2.9
3506	2012	47	6652.8	1.1	4.8	0.5663	4	0.3
3506	2012	48	2937.6	2.5	6.1	0.7059	2.8	1
3506	2012	49	5529.6	3.2	9.2	0.7582	2.4	1.4
3506	2012	50	6134.4	-0.1	5.1	0.5924	4	2.9
3506	2012	51	7171.2	-2.2	3.5	0.4932	2	0
3506	2012	52	11404.8	-4.1	5.2	0.4578	1.7	0
3506	2012	53	11664	-2.6	9.4	0.4755	2.8	0
3506	2012	54	2851.2	1.1	7	0.5794	2	0
3506	2012	55	5702.4	4.4	12.2	0.9191	2.9	0
3506	2012	56	4579.2	6.1	10.8	0.9727	3.9	0
3506	2012	57	6307.2	3.2	7.5	0.697	4.8	0.1
3506	2012	58	9158.4	1.4	8.5	0.6257	2.3	0
3506	2012	59	3628.8	4.9	9.3	0.7562	2.9	0
3506	2012	60	6825.6	5.5	11.8	1.0084	1.7	0.1
3506	2012	61	10627.2	3.6	14.6	1.0742	1.8	0
3506	2012	62	3196.8	5.7	8.2	0.978	1.5	0
3506	2012	63	8726.4	5.3	12	0.9972	2.4	0
3506	2012	64	5529.6	6.1	10.1	0.7988	2	2.8
3506	2012	65	5616	1.7	6.4	0.5712	4.2	0
3506	2012	66	11664	-1.4	9.1	0.5069	2.5	0
3506	2012	67	11836.8	-1	10	0.5474	2.4	0.6
3506	2012	68	7344	2.1	7.8	0.617	5.3	0
3506	2012	69	15206.4	-1.4	10	0.5398	1.5	0
3506	2012	70	12355.2	0.3	11.2	0.5788	2.9	0
3506	2012	71	2592	6.4	8.7	0.8422	3.3	0.2
3506	2012	72	8294.4	6.4	11.7	0.8979	3.4	0
3506	2012	73	5616	6.3	10.6	0.8401	2.2	0
3506	2012	74	14515.2	3.9	12.3	0.7664	2.1	0
3506	2012	75	16416	0.3	17.6	0.7318	1.9	0
3506	2012	76	16502.4	3.9	21.1	0.724	2.9	0
3506	2012	77	13996.8	7.5	20.4	0.6048	4.2	0
3506	2012	78	5011.2	5.7	13.9	0.8959	3.5	5
3506	2012	79	7689.6	3.7	10.9	0.7768	2.6	0
3506	2012	80	17280	-0.3	13.5	0.6138	1.6	0
3506	2012	81	17280	1.2	17.4	0.6907	1.9	0
3506	2012	82	18144	2.9	19.6	0.6801	2.4	0
3506	2012	83	17366.4	4.6	19.1	0.8324	1.8	0
3506	2012	84	17193.6	4.8	18.4	0.8325	2	0
3506	2012	85	17971.2	5.1	19.7	0.7768	1.9	0
3506	2012	86	19008	5.9	17.8	0.6104	2.2	0
3506	2012	87	17971.2	4.4	18.1	0.6534	1.9	0
3506	2012	88	19180.8	4.7	20.1	0.7624	2.3	0
3506	2012	89	15465.6	6.1	16.7	0.7138	4.2	0
3506	2012	90	4665.6	8.4	11.6	0.8466	4.9	0
3506	2012	91	12009.6	4.5	13.7	0.7508	5.3	0
3506	2012	92	21168	0.5	10.4	0.4049	2.1	0
3506	2012	93	19872	0	15.4	0.4727	2	0
3506	2012	94	13824	3.2	19.3	0.8401	2.6	3
3506	2012	95	6048	7.3	11.6	1.0052	2.1	2.8
3506	2012	96	2678.4	6.5	7.9	0.9847	2.4	8.1
3506	2012	97	8121.6	5	10.5	0.8749	1.7	0
3506	2012	98	8467.2	3.9	8.2	0.7316	3.5	0
3506	2012	99	15206.4	1.4	6.9	0.3944	3.1	0
3506	2012	100	6998.4	1.9	10	0.6614	3.5	0.1
3506	2012	101	14774.4	8.1	20.5	0.928	3.7	1.7
3506	2012	102	7689.6	5.6	11.4	0.8429	3.3	1.4
3506	2012	103	13651.2	4.6	13.4	0.8375	3	0
3506	2012	104	16243.2	2.2	12.8	0.6839	2.1	0
3506	2012	105	10454.4	5.1	12.7	0.6609	2.8	0
3506	2012	106	5961.6	6.5	10.9	0.7982	3.8	3.8
3506	2012	107	6220.8	2	7.3	0.6383	4.4	0
3506	2012	108	22032	-0.9	12	0.5074	2.9	0.1
3506	2012	109	13305.6	5.4	13.2	0.679	3.4	0
3506	2012	110	14688	3.9	15.2	0.7143	3.2	0.1
3506	2012	111	13737.6	6.4	13.4	0.841	2.9	1.3
3506	2012	112	12700.8	5.2	12.9	0.8518	3.8	9.4
3506	2012	113	12009.6	5	10.7	0.8702	3	5.9
3506	2012	114	13132.8	5.1	12.9	0.7801	3.7	1.2
3506	2012	115	11836.8	6.5	12.5	0.8662	3.9	1.9
3506	2012	116	17884.8	5.7	16.6	0.7418	3.7	0
3506	2012	117	16243.2	9.9	18.2	0.9451	2.7	0
3506	2012	118	20131.2	6.6	23.1	1.0121	2	0
3506	2012	119	25488	12.1	31.2	1.0849	3.9	0
3506	2012	120	14428.8	12.4	24.4	1.0143	3.7	0
3506	2012	121	23068.8	10.2	25.9	1.2197	3.2	0.4
3506	2012	122	24192	11.7	21.8	1.0665	3.5	0
3506	2012	123	20822.4	11.8	21.5	1.1922	3.7	0
3506	2012	124	25747.2	9.7	20.2	0.9167	2.4	0
3506	2012	125	22982.4	8.7	22.9	1.0039	2.3	1.9
3506	2012	126	9158.4	9.3	16.8	1.2759	2.7	23.1
3506	2012	127	11145.6	8.5	16.8	1.2722	1.8	3.6
3506	2012	128	15465.6	8.2	16.2	1.15	2	0.7
3506	2012	129	19612.8	8.3	22.2	1.1423	2.5	0.1
3506	2012	130	13132.8	14.1	22.2	1.4562	3.1	0
3506	2012	131	25142.4	13.2	29.1	1.5032	3.2	0
3506	2012	132	22636.8	17	30.9	1.6922	3.7	9
3506	2012	133	12096	7.6	17	1.0718	4.5	0.1
3506	2012	134	24537.6	6	13.8	0.6825	2.7	0
3506	2012	135	27475.2	2.9	17.3	0.6547	1.8	0
3506	2012	136	15724.8	4	15.5	0.7602	5.2	10.7
3506	2012	137	15984	3.3	12.2	0.8327	5.2	2.9
3506	2012	138	28944	2.5	16.1	0.7141	3.6	0.1
3506	2012	139	18057.6	8	20.9	1.0356	3.3	4.1
3506	2012	140	22809.6	12.2	24.3	1.549	2.6	0
3506	2012	141	24278.4	12.5	25.3	1.4825	2.1	0
3506	2012	142	20822.4	14.2	24.2	1.5993	2.8	0.1
3506	2012	143	19180.8	13.8	23.8	1.5816	2.5	1.3
3506	2012	144	18835.2	14.8	24.9	1.9657	3.1	0
3506	2012	145	25920	15.2	27.6	1.7045	2.7	0
3506	2012	146	28339.2	13.8	24.8	0.9611	3.6	0
3506	2012	147	29376	12.5	24.3	0.8664	3.3	0
3506	2012	148	13478.4	11.5	21.1	1.0179	1.5	0
3506	2012	149	29030.4	10	24.7	1.0682	2.7	0
3506	2012	150	27561.6	15.4	25.4	1.2202	4.6	0
3506	2012	151	20736	14.9	25.4	1.4371	3	0
3506	2012	152	15984	13.6	23.2	1.5003	2.6	5.2
3506	2012	153	13824	14.5	20.3	1.3295	4.2	0
3506	2012	154	22464	12.7	22.9	1.3838	2.5	0
3506	2012	155	7084.8	12.9	22.4	1.7135	3.4	6.6
3506	2012	156	12009.6	8.5	17.7	1.1445	3.3	1.7
3506	2012	157	22464	6.8	16.3	0.8841	3.5	0.8
3506	2012	158	10195.2	9.9	19	1.3151	3	5.1
3506	2012	159	15984	13.2	24.6	1.6569	3.4	8.1
3506	2012	160	10972.8	14.6	18.9	1.4474	3.2	0.4
3506	2012	161	18748.8	13.3	20.5	1.1536	3.4	0
3506	2012	162	17884.8	11.3	18.8	1.0423	2.7	2.8
3506	2012	163	15120	11.5	19.5	1.4421	2.2	1.4
3506	2012	164	10800	10	18.1	1.4417	2.4	9.1
3506	2012	165	14860.8	10.8	18.2	1.4183	2.9	10.9
3506	2012	166	23241.6	10.7	20.4	1.1997	1.7	0
3506	2012	167	21168	10.1	26.1	1.3686	2.3	0
3506	2012	168	25833.6	15.3	27.8	1.5918	3.8	0
3506	2012	169	18748.8	15.3	21.9	1.5406	2.2	0
3506	2012	170	24105.6	14.6	30.1	1.7521	3.7	0.2
3506	2012	171	21340.8	16.1	27.2	1.8599	2.7	1.4
3506	2012	172	7084.8	16.6	23.7	2.0968	2.7	4.3
3506	2012	173	20822.4	15.1	25.8	1.8719	1.7	1.8
3506	2012	174	25401.6	14.8	22	1.3312	3.2	0
3506	2012	175	26006.4	12.6	23.6	1.1613	2.8	0
3506	2012	176	17280	11.9	23.7	1.2617	3.5	6.7
3506	2012	177	28598.4	11.3	20.4	1.223	4.9	0
3506	2012	178	25401.6	12.3	22.8	1.1819	2.9	0
3506	2012	179	24624	14.7	25.9	1.5694	3.2	0
3506	2012	180	23587.2	15.9	29.9	1.9508	2.9	4
3506	2012	181	24278.4	16.6	32.2	1.9824	3.3	0.1
3506	2012	182	26611.2	17	31.5	2.146	3.1	20.5
3506	2012	183	4147.2	15.4	18.4	1.8265	2.5	10.1
3506	2012	184	7603.2	15.1	19.7	1.8653	1.9	5
3506	2012	185	11232	15.8	22	1.8967	2	8
3506	2012	186	23155.2	15.3	27	1.879	1.9	2.9
3506	2012	187	23241.6	16.8	28.7	2.0161	1.9	6.3
3506	2012	188	11577.6	16	22.9	1.7822	2.3	1.4
3506	2012	189	22032	16.2	24.1	1.7198	2.6	1.2
3506	2012	190	21081.6	14.8	25	1.5775	3.5	3.2
3506	2012	191	20217.6	15.5	24.4	1.4195	2.6	0
3506	2012	192	22809.6	15.9	25.7	1.6429	2.2	3.6
3506	2012	193	21600	14.8	22	1.3735	3.4	0
3506	2012	194	15465.6	12.9	19.7	1.3326	3.3	2.6
3506	2012	195	11923.2	12.5	21.2	1.5141	3	4.1
3506	2012	196	18230.4	13.3	20.6	1.3115	4.5	2.1
3506	2012	197	13305.6	11.5	17.6	1.307	3.8	4.7
3506	2012	198	18403.2	11.4	20.2	1.1473	3.4	0
3506	2012	199	16243.2	16	20.9	1.293	4.9	0
3506	2012	200	19094.4	17.4	26.4	1.4688	3.1	0
3506	2012	201	15465.6	16.7	22	1.3452	4.2	0
3506	2012	202	7344	13.4	17	1.3801	2	4.2
3506	2012	203	13046.4	11.5	18.5	1.4136	2	2.9
3506	2012	204	25833.6	9.8	20.6	1.1731	1.9	0
3506	2012	205	28684.8	9	24.5	1.0855	3.4	0
3506	2012	206	26956.8	13.5	28.6	1.4193	2.1	0
3506	2012	207	24364.8	16.9	30	1.7574	2.4	0
3506	2012	208	25920	18.8	31.7	1.7966	2.1	0
3506	2012	209	25228.8	19	34.7	1.904	2.9	1.6
3506	2012	210	10886.4	17.3	26	1.834	3	8.7
3506	2012	211	16675.2	13.2	21.6	1.4486	3.3	0
3506	2012	212	20044.8	12	22.8	1.3494	3.4	0
3506	2012	213	19612.8	15.4	23.5	1.489	2.1	0
3506	2012	214	26870.4	13.9	31	1.5458	2.3	0.8
3506	2012	215	19526.4	19	26.7	1.7227	3.1	0
3506	2012	216	20736	17.6	26.5	1.5087	2.5	0
3506	2012	217	23068.8	16.4	27.5	1.4996	1.7	1.2
3506	2012	218	17712	17.3	26.4	1.7519	2.7	0.8
3506	2012	219	6739.2	15.4	19.1	1.5725	3.1	4.4
3506	2012	220	14428.8	14.6	21.9	1.3397	3.4	0
3506	2012	221	23155.2	13.1	23.2	1.2273	1.8	0
3506	2012	222	18662.4	12.1	25.3	1.3564	2.1	0
3506	2012	223	21859.2	14.1	24.6	1.4125	2.9	0
3506	2012	224	24883.2	11.4	24.2	1.1803	2.8	0
3506	2012	225	24537.6	11.5	25.5	1.1057	2.8	0
3506	2012	226	24192	12.6	27.4	1.1204	2.2	0
3506	2012	227	18835.2	16.4	28.9	1.2353	2	0
3506	2012	228	19699.2	18.9	32.2	1.3716	3.1	10.4
3506	2012	229	16848	15.3	24	1.7131	2.7	0.6
3506	2012	230	23241.6	13.6	27.5	1.642	2	0
3506	2012	231	24105.6	15.8	32.6	1.778	2.5	0
3506	2012	232	23500.8	17.9	36.1	1.8852	3.2	0
3506	2012	233	21859.2	20.3	35.2	2.044	3.6	0
3506	2012	234	18230.4	20.5	34.3	2.0755	2.2	0
3506	2012	235	17884.8	18.2	27.7	1.5095	3.9	0
3506	2012	236	22377.6	14.1	28.1	1.3488	2.1	1.5
3506	2012	237	5702.4	17.9	25.5	1.9951	3.2	2.2
3506	2012	238	15465.6	16.6	25.8	1.5832	3.5	0
3506	2012	239	12614.4	14.2	19.7	1.3115	4.6	0.9
3506	2012	240	23068.8	11.3	24.3	1.2007	2.7	0
3506	2012	241	16243.2	13	27.6	1.3791	2.9	0
3506	2012	242	19353.6	14.5	29.9	1.4691	2.5	0.4
3506	2012	243	5097.6	14.7	22.4	1.6851	2.3	4.1
3506	2012	244	8812.8	12.8	17.4	1.3027	3.1	0.4
3506	2012	245	6480	11.8	17.7	1.391	3.1	0.5
3506	2012	246	7084.8	13.3	19.5	1.4715	1.8	0
3506	2012	247	13564.8	14.7	24	1.547	1.9	0
3506	2012	248	18662.4	13.7	25.4	1.4301	2.6	0
3506	2012	249	17280	13.2	25.7	1.5566	2.6	0
3506	2012	250	18921.6	11.9	21	1.0837	2.2	0
3506	2012	251	20649.6	8.4	24.8	1.0564	2.2	0
3506	2012	252	20131.2	10.7	27.9	1.2069	2.5	0
3506	2012	253	19785.6	12.5	30	1.336	2.6	0
3506	2012	254	17798.4	16.4	30.1	1.4232	2.5	0
3506	2012	255	10627.2	16.4	28	1.8965	3.5	11.6
3506	2012	256	7257.6	9.6	17.2	1.1978	4	0
3506	2012	257	15465.6	7.2	17.3	0.9543	1.8	0
3506	2012	258	17539.2	6	20.9	1.0168	3.1	0.8
3506	2012	259	12182.4	9.4	18.8	1.1892	2.1	0.3
3506	2012	260	18316.8	7.5	23	1.2461	2.3	0
3506	2012	261	16588.8	12.3	23.3	1.3838	2.7	0
3506	2012	262	15638.4	11.4	25	1.5233	3.2	9.9
3506	2012	263	11923.2	8.7	16.6	1.009	3.6	0
3506	2012	264	16848	5.3	17	0.8213	2	0
3506	2012	265	15379.2	5.9	22.8	1.1596	2.3	9.3
3506	2012	266	8985.6	9.3	16.8	1.2308	2.9	0.2
3506	2012	267	10454.4	9	20.8	1.3369	2.6	0
3506	2012	268	8985.6	13.1	23.1	1.4931	4	1.1
3506	2012	269	7862.4	9.9	22	1.4299	3.8	4.1
3506	2012	270	10886.4	9.1	18.1	1.3691	2.5	12
3506	2012	271	12614.4	9.5	19.1	1.2373	3.5	0.9
3506	2012	272	10972.8	9.2	18.2	1.1275	1.8	0
3506	2012	273	8380.8	7.8	16.4	1.1142	2.4	0
3506	2012	274	10022.4	6.3	16.5	1.1043	1.4	0
3506	2012	275	3283.2	11.4	14.2	1.2552	1.3	0
3506	2012	276	12873.6	10.3	18.9	1.1121	2.4	0
3506	2012	277	8121.6	10.3	19	1.1656	3.6	0
3506	2012	278	5702.4	8.3	19.7	1.1496	4.7	2.1
3506	2012	279	13478.4	8.5	22.5	1.2838	3.7	0
3506	2012	280	6652.8	11.7	22.1	1.2689	3.7	8
3506	2012	281	6134.4	5.9	14.4	1.0658	3.3	3.5
3506	2012	282	10022.4	3.8	14.6	1	2.4	0.3
3506	2012	283	2678.4	9	12.7	1.2206	2.5	0.3
3506	2012	284	6825.6	5.9	13.5	1.0583	1.3	0
3506	2012	285	5875.2	5.9	14.9	1.046	2.1	0.8
3506	2012	286	4060.8	8.3	16.2	1.2535	3	7.7
3506	2012	287	9936	5.5	14.2	0.9232	3.1	2.6
3506	2012	288	5875.2	7	13.5	1.073	2.7	0.4
3506	2012	289	3110.4	6.4	12	0.8721	3.5	0
3506	2012	290	9590.4	3.8	14.3	0.8058	3.2	0
3506	2012	291	8467.2	7.7	20.3	1.0857	2.7	0
3506	2012	292	10195.2	8.3	20.5	1.2617	2.8	0
3506	2012	293	11059.2	8.2	22.3	1.3499	2.6	0
3506	2012	294	10627.2	9.2	22.6	1.4253	2.6	0
3506	2012	295	10800	7.1	18.8	1.2676	2.2	0
3506	2012	296	8812.8	6.9	15.1	1.141	1.8	0
3506	2012	297	3110.4	7.5	10.2	0.954	3.5	0
3506	2012	298	6652.8	6	13	0.9848	2.3	0
3506	2012	299	9072	4.3	14.2	1.0617	1.9	0
3506	2012	300	3196.8	5.3	10.6	0.9616	2.4	7.5
3506	2012	301	2073.6	-0.4	5.2	0.7189	4	8.7
3506	2012	302	3974.4	-1.6	2.7	0.5659	2.6	0
3506	2012	303	8294.4	-4	3.4	0.5141	2.1	0.8
3506	2012	304	6393.6	1.8	9.9	0.7031	3.4	0
3506	2012	305	9244.8	0.3	12.5	0.7111	2.8	4.1
3506	2012	306	6912	4.3	13.8	0.9209	3.1	1.6
3506	2012	307	7171.2	5.1	11.8	0.8401	3.8	16.3
3506	2012	308	7862.4	6.2	18.1	1.1462	3.7	8.1
3506	2012	309	3974.4	6.9	13.8	1.1555	2.9	7.8
3506	2012	310	4233.6	4.8	10.5	0.8584	3.4	6.1
3506	2012	311	6998.4	4.3	9.1	0.7946	3.1	0.1
3506	2012	312	2073.6	4.2	9	0.7697	3	0.1
3506	2012	313	5270.4	5.1	10.6	0.9127	1.5	0
3506	2012	314	6652.8	1.8	11.3	0.8253	2.5	0
3506	2012	315	1123.2	7.5	13.3	1.1216	3.3	6.7
3506	2012	316	1123.2	7.7	11.1	1.1197	2.5	6.2
3506	2012	317	1814.4	3.1	7.8	0.8008	1.6	0
3506	2012	318	4233.6	0.4	7.2	0.7617	1.5	0
3506	2012	319	1641.6	1.5	8.1	0.7568	3	0
3506	2012	320	1900.8	4.1	6.3	0.7605	1.9	0
3506	2012	321	1555.2	1.3	4.5	0.7072	1.6	0
3506	2012	322	5702.4	0	7.6	0.7216	2.5	0
3506	2012	323	4924.8	3.5	11.7	0.8764	2.3	0
3506	2012	324	2505.6	0.9	5.2	0.7604	1.8	0
3506	2012	325	1900.8	1.8	4.1	0.7173	2.2	0
3506	2012	326	5961.6	-0.3	8.3	0.6993	2.8	0.1
3506	2012	327	4233.6	3.9	10.5	0.8832	1.9	0
3506	2012	328	3888	3.7	10.8	0.8557	2.7	0
3506	2012	329	3801.6	5.4	12	0.8882	3	0
3506	2012	330	4233.6	5	16.5	0.8256	4	0.3
3506	2012	331	1814.4	5.3	13.1	1.0465	3	5.7
3506	2012	332	1123.2	5.9	7.8	0.9515	2	6.5
3506	2012	333	864	3.5	6	0.8399	4	31.6
3506	2012	334	1296	0.3	4	0.6562	6	6.4
3506	2012	335	3196.8	-2	3.3	0.538	2.4	0.8
3506	2012	336	4924.8	-4	0.8	0.4892	2.2	0.1
3506	2012	337	2851.2	-2.5	2.8	0.5189	4	0.2
3506	2012	338	3024	-0.7	4.5	0.5746	3.9	2.8
3506	2012	339	1641.6	0.5	4.9	0.6528	3.5	5.4
3506	2012	340	2160	1.2	3.6	0.5954	3.2	0.8
3506	2012	341	3974.4	-3	1.6	0.4645	4.5	1.8
3506	2012	342	1555.2	-3.8	-0.8	0.4542	3.4	1.2
3506	2012	343	4924.8	-7.3	-1.9	0.3824	1.9	0
3506	2012	344	2505.6	-8.1	1.4	0.4153	3.5	0.3
3506	2012	345	2073.6	-0.6	3	0.5797	6.2	2
3506	2012	346	1900.8	-3.5	-0.6	0.4732	4.5	0.3
3506	2012	347	5356.8	-8	-1.5	0.3566	2.5	0
3506	2012	348	3974.4	-9.8	0.8	0.3678	3.1	2.3
3506	2012	349	2505.6	0.7	5.8	0.6787	3.4	5.6
3506	2012	350	2851.2	5	8.9	0.8483	4.1	0.6
3506	2012	351	2592	5	9.4	0.8325	3.7	1.8
3506	2012	352	3283.2	4.8	9	0.8454	3.1	1.5
3506	2012	353	2246.4	3.5	6.7	0.764	2.2	0.1
3506	2012	354	2505.6	-0.8	5.8	0.6728	2	0
3506	2012	355	2851.2	-1.8	2.5	0.564	2.8	10.4
3506	2012	356	1296	1.8	7.5	0.7915	2.8	2.8
3506	2012	357	2246.4	4.2	7.2	0.7965	3.2	16.3
3506	2012	358	1036.8	5.8	13.6	0.914	5.1	0
3506	2012	359	4233.6	5.8	14.8	0.7636	3.7	0
3506	2012	360	3369.6	5.7	17	0.9128	5.3	5.9
3506	2012	361	4147.2	6.8	9.8	0.7988	4.2	0.7
3506	2012	362	2073.6	4.9	9.9	0.8028	5.2	10.2
3506	2012	363	2505.6	5.3	7.1	0.7866	4.5	0.2
3506	2012	364	4665.6	4.1	10.9	0.7875	3.5	0
3506	2012	365	4147.2	6.4	9.8	0.7016	4.6	0.3
3506	2012	366	3110.4	3.7	9	0.6895	4	0
