*---------------------------------------------------------------------------*
* Station name: STUTTGART-SCHNARRENBERG                 
* Year: 1990
* Author: Pedro Alencar                                   -999.000: NIL VALUE
* Source: ECAD 
* Comments: 
* Longitude: 48.8292, latitude: 48.8292, altitude: 314 m.
*
* Column  Daily value
* 1       station number
* 2       year
* 3       day
* 4       irradiation                   (kJ m-2 d-1)
* 5       minimum temperature           (degrees Celsius)
* 6       maximum temperature           (degrees Celsius)
* 7       early morning vapour pressure (kPa)
* 8       mean wind speed (height: 2 m) (m s-1)
* 9       precipitation                 (mm d-1)
*
** WCCDESCRIPTION=GERMANY, STUTTGART-SCHNARRENBERG                 
** WCCFORMAT=2
** WCCYEARNR=1990
*---------------------------------------------------------------------------*
   48.8292  9.2008    314.  -0.18 -0.55
3506	1990	1	4752	-6.2	-0.6	0.4423	1.6	0
3506	1990	2	4665.6	-6.8	2.3	0.4714	1.4	0
3506	1990	3	864	-3.6	-0.5	0.4784	2.2	0
3506	1990	4	2160	-3	0	0.4654	2.7	0
3506	1990	5	691.2	-5.1	0.4	0.4834	1.6	6.9
3506	1990	6	2592	-1.1	3.3	0.5954	1.1	0
3506	1990	7	3715.2	-2.4	3.1	0.5202	2.5	0
3506	1990	8	4233.6	-3.2	1.9	0.4953	1.4	0
3506	1990	9	2160	-0.3	1.4	0.5913	1.1	0
3506	1990	10	2073.6	-1.7	0.8	0.5617	1.5	0
3506	1990	11	2073.6	-3	-0.1	0.5073	2.6	0
3506	1990	12	5356.8	-5.9	3	0.4726	2.1	0
3506	1990	13	4147.2	-6.9	3.1	0.4359	2.9	0
3506	1990	14	5616	-5.3	5.2	0.5114	2.5	0
3506	1990	15	5788.8	-1.6	8	0.6148	2.7	1.5
3506	1990	16	2678.4	4.5	9.9	0.8223	2.4	0
3506	1990	17	777.6	5	9	0.8812	2.2	4.2
3506	1990	18	3974.4	1	5.8	0.6392	1.9	0
3506	1990	19	5616	-2.3	5.8	0.5199	2.4	0
3506	1990	20	1209.6	0.8	6.4	0.5771	2.6	1.3
3506	1990	21	2505.6	4.3	8.5	0.8168	2.2	0
3506	1990	22	4147.2	0.8	5.6	0.6533	1.3	0
3506	1990	23	5443.2	-1.1	10.6	0.5056	3.6	1.6
3506	1990	24	4060.8	4.6	9.7	0.7082	6.6	4.1
3506	1990	25	2678.4	4.6	14.1	1.0102	6.3	5.9
3506	1990	26	5788.8	4.1	9.8	0.5389	6	0
3506	1990	27	6480	2.8	10.6	0.5788	3.9	0
3506	1990	28	3628.8	3.8	8.5	0.595	4.7	0.1
3506	1990	29	7776	1.4	8.3	0.6473	3.2	0
3506	1990	30	4838.4	0.9	10.2	0.6524	3.8	0
3506	1990	31	6220.8	3.4	13.6	0.7098	3.2	0
3506	1990	32	5184	4.4	13.2	0.8376	2.5	0
3506	1990	33	3801.6	2.9	9.5	0.7298	3.9	0.2
3506	1990	34	6912	1.2	13.2	0.5888	6.3	0
3506	1990	35	8553.6	4.8	12.4	0.6812	3.2	0
3506	1990	36	9072	-0.4	13.2	0.5862	2.7	0
3506	1990	37	8985.6	-1.6	11.7	0.6126	2.5	0
3506	1990	38	7862.4	3	15.5	0.6534	4.3	0
3506	1990	39	3024	6.4	16	0.7841	6.9	0
3506	1990	40	5788.8	3.1	7.6	0.5987	3.7	0
3506	1990	41	5184	-1.8	8.6	0.5378	4.3	6.4
3506	1990	42	3974.4	1.9	6.9	0.5854	4.8	0.8
3506	1990	43	5184	0.3	5.8	0.5855	5	5
3506	1990	44	4579.2	0.3	4.8	0.5871	4.4	1.8
3506	1990	45	2160	1.1	11.9	0.7644	8.7	41.8
3506	1990	46	4233.6	1.1	11.6	0.7278	7.9	7.8
3506	1990	47	5011.2	1.5	5.1	0.5186	3.7	0
3506	1990	48	7257.6	-2.5	10.6	0.6202	2.1	0.2
3506	1990	49	8726.4	6.9	14.7	0.9707	1.8	0
3506	1990	50	3715.2	5.3	13.2	0.9101	2.4	0
3506	1990	51	11232	5.9	18.4	0.9056	3	0
3506	1990	52	10368	4.8	15.8	0.8638	3.1	0
3506	1990	53	10972.8	6	15.4	0.9899	2.2	0
3506	1990	54	10800	4.3	16.5	0.9704	1.6	0
3506	1990	55	11577.6	4.9	21.5	0.8791	3.4	0
3506	1990	56	9331.2	6.7	19.1	0.7432	4.3	0
3506	1990	57	5097.6	1.9	15.8	0.7382	9.2	7.9
3506	1990	58	3024	1.9	9.5	0.65	10.6	12.5
3506	1990	59	3542.4	2.2	9.5	0.6938	8	6.1
3506	1990	60	9158.4	0.5	10	0.5324	9.9	1.6
3506	1990	61	6566.4	-1.1	3.6	0.5751	5	1.7
3506	1990	62	7257.6	-1	4.8	0.5255	3.8	0
3506	1990	63	7430.4	0.8	7.1	0.5429	3.6	0
3506	1990	64	13046.4	1.4	8.9	0.5816	2.5	0
3506	1990	65	7603.2	3.1	13	0.5271	3.8	0
3506	1990	66	9331.2	5.7	11.5	0.6923	2.6	0
3506	1990	67	12614.4	0.7	16.5	0.6477	2.3	0
3506	1990	68	10800	8.2	13.6	0.7166	7.2	0
3506	1990	69	2764.8	7.6	12.3	0.8438	5.2	0.9
3506	1990	70	14774.4	7.9	20.1	0.974	2.3	0
3506	1990	71	10368	7.5	16.5	0.8967	2.4	0
3506	1990	72	15292.8	1.8	16.2	0.7113	1.5	0.7
3506	1990	73	3024	6.6	11.5	1.0015	1.8	0.8
3506	1990	74	13996.8	4.2	15.2	0.8298	1.1	0
3506	1990	75	15724.8	3.1	17.2	0.818	2.6	0
3506	1990	76	16329.6	2.7	19.1	0.8078	2.1	0
3506	1990	77	15292.8	4.2	18.2	0.7974	2.1	0
3506	1990	78	15724.8	5.1	18.5	0.7467	2.6	0
3506	1990	79	3888	8.2	14.8	0.8948	3.8	0.1
3506	1990	80	13651.2	9.7	21.5	0.9027	4.2	0
3506	1990	81	13564.8	11.2	23.3	1.1401	3.9	1.7
3506	1990	82	15379.2	5.9	13	0.7923	3.2	0
3506	1990	83	17366.4	2.6	14.9	0.7896	3.1	1.6
3506	1990	84	11836.8	1.5	9.5	0.6772	5.9	0
3506	1990	85	10195.2	1.9	7	0.6294	3.2	0
3506	1990	86	8812.8	0.2	8.6	0.5854	2.9	4.7
3506	1990	87	1814.4	1.8	6.3	0.767	2.3	4.8
3506	1990	88	2678.4	2.9	6.4	0.7915	2.6	0.1
3506	1990	89	6998.4	6.1	12.1	0.9009	1.9	0
3506	1990	90	19008	3.2	17.5	0.829	1.8	0
3506	1990	91	18921.6	4.5	18.5	0.8948	1.3	0
3506	1990	92	15206.4	5.8	17.9	0.8324	2.2	0
3506	1990	93	7430.4	5.8	15	0.7939	4.5	1.9
3506	1990	94	15120	2.9	9.8	0.5267	3.7	0
3506	1990	95	11404.8	2.6	9.3	0.6707	2.4	0.8
3506	1990	96	3715.2	3.3	7	0.7579	2.5	0.4
3506	1990	97	3110.4	3.6	7	0.7391	2.9	0.9
3506	1990	98	3456	2.7	4.8	0.6552	3.9	0.8
3506	1990	99	10540.8	1.6	7.8	0.4441	3.7	0
3506	1990	100	21600	1.8	11.7	0.4134	3.5	6.3
3506	1990	101	11145.6	3.7	10.8	0.7131	5.3	1
3506	1990	102	14169.6	4.8	11.5	0.7365	3	0
3506	1990	103	10454.4	3.4	14	0.7645	2.7	0
3506	1990	104	5011.2	5.4	11.6	0.8319	3.9	0.6
3506	1990	105	10972.8	2.6	10.8	0.6671	5.1	1.5
3506	1990	106	12268.8	3.6	10.4	0.6909	3.4	1.2
3506	1990	107	10454.4	4.9	11.1	0.8255	2.9	7.7
3506	1990	108	14947.2	3.2	10.4	0.7013	1.8	0
3506	1990	109	15120	2.4	12	0.6497	1.3	1.1
3506	1990	110	13305.6	5	14	0.8306	2	0
3506	1990	111	12787.2	7.4	17.5	0.8515	2.3	3.5
3506	1990	112	9417.6	7.7	13.7	1.0671	1.7	3.2
3506	1990	113	6220.8	7.2	13.8	1.1418	1.5	34.2
3506	1990	114	10627.2	7.3	13.5	0.9452	2.6	0
3506	1990	115	15292.8	7.9	14.5	0.9968	3.5	0
3506	1990	116	17884.8	7.6	15.7	0.9037	2.6	0
3506	1990	117	6307.2	7.9	12.9	0.9326	4.4	3
3506	1990	118	19958.4	5.6	12	0.6904	2	0
3506	1990	119	26006.4	3.4	17.3	0.7285	2	0
3506	1990	120	23587.2	5.5	20.6	0.9456	1.6	0
3506	1990	121	26006.4	8.1	22.7	1.0135	2.1	0
3506	1990	122	25488	11	23.9	1.1546	4	0
3506	1990	123	27129.6	11.7	22.2	0.8486	4.1	0
3506	1990	124	27129.6	9.6	24	0.8406	3.5	0
3506	1990	125	25315.2	11	25.4	1.0434	1.9	0
3506	1990	126	16502.4	11.1	23.9	1.1782	2.1	1
3506	1990	127	19526.4	10.3	22.5	1.2666	1.7	1.2
3506	1990	128	17020.8	11.9	20.2	1.3297	1.5	0.1
3506	1990	129	13910.4	10.5	21.3	1.3351	2.3	0.9
3506	1990	130	20217.6	10.6	23.4	1.3544	2.5	2.4
3506	1990	131	12096	10.8	16.1	1.3096	2.2	7.1
3506	1990	132	23673.6	8.4	18.4	0.9828	2.1	0
3506	1990	133	22118.4	7.1	19.5	0.9764	1.9	0
3506	1990	134	25228.8	8.8	20.5	0.9159	2.3	0
3506	1990	135	22032	10	22.7	1.0397	1.7	0
3506	1990	136	19872	13.1	24.3	1.5071	1.7	2
3506	1990	137	26352	14.3	22.7	1.1907	3.2	0
3506	1990	138	25833.6	10.3	20.7	0.9673	2	0
3506	1990	139	25401.6	9.5	21.8	0.9056	1.7	0
3506	1990	140	27561.6	10.4	22.9	0.8705	2.5	0
3506	1990	141	12009.6	9.4	19.6	1.1379	1.8	2.1
3506	1990	142	22982.4	11.4	22.6	1.2964	1.4	0.9
3506	1990	143	15120	12	22.1	1.4557	1.7	0.5
3506	1990	144	10368	12.2	21.4	1.6621	2	63.4
3506	1990	145	18662.4	10.4	16.1	0.8668	3.8	0
3506	1990	146	27043.2	6.3	16.7	0.6778	2.2	0
3506	1990	147	29462.4	5.4	18.7	0.6607	1.9	0
3506	1990	148	24364.8	7.1	16.3	0.6731	3.4	0
3506	1990	149	29289.6	4	17.3	0.6022	1.3	0
3506	1990	150	29721.6	5.5	20.2	0.6074	1.9	0
3506	1990	151	29030.4	7.3	22.4	0.7253	1.8	0
3506	1990	152	26870.4	9.7	25.2	0.8361	2	1.7
3506	1990	153	8467.2	12.3	20.5	1.2852	4	11.2
3506	1990	154	12960	9.3	17.5	1.1364	3.1	4.1
3506	1990	155	22982.4	11.6	16.8	0.9705	5.6	0
3506	1990	156	22291.2	9.6	19.3	0.9534	1.6	1
3506	1990	157	7344	10.4	15.4	1.204	2.2	0.2
3506	1990	158	7776	12.8	17.7	1.4019	2.5	10.5
3506	1990	159	13132.8	10.6	16.1	1.1786	3.5	1.4
3506	1990	160	15379.2	9.2	14.9	0.97	2.6	8.8
3506	1990	161	10800	8.2	15	1.1327	3.6	3.5
3506	1990	162	17193.6	10.9	17.5	1.2293	3	0
3506	1990	163	9417.6	10.4	16.1	1.171	2.2	0.6
3506	1990	164	6134.4	10.5	13.3	1.2667	3.7	1.6
3506	1990	165	6739.2	10.5	14.5	1.3032	2.2	0.2
3506	1990	166	14083.2	11.1	17	1.3616	2.9	0
3506	1990	167	22118.4	11.3	19.4	1.2019	1.8	0
3506	1990	168	27129.6	9.8	23.5	1.0598	2	0
3506	1990	169	13651.2	12.1	21.2	1.4572	2.2	8.1
3506	1990	170	27129.6	12.2	26.9	1.6344	2.5	10.9
3506	1990	171	5616	14.9	19.3	1.7135	1.4	3.6
3506	1990	172	19699.2	13.2	20.7	1.3694	1.9	0.1
3506	1990	173	10281.6	12	18.4	1.0696	3.6	3.9
3506	1990	174	20217.6	12.8	19.2	1.0713	3.6	1.4
3506	1990	175	17020.8	12	20	1.3981	1.7	1.6
3506	1990	176	28771.2	11.9	25.2	1.3011	1.6	0
3506	1990	177	29980.8	14	29.5	1.4294	2	0
3506	1990	178	19440	17.6	27.2	2.2441	2.5	45.4
3506	1990	179	13219.2	17.2	23.4	1.8309	1.9	0
3506	1990	180	25228.8	15.1	28.9	1.9791	3	13.8
3506	1990	181	24019.2	16	28.3	1.9706	1.9	15.3
3506	1990	182	21168	14.6	21.4	1.2158	4.4	0
3506	1990	183	17107.2	12.7	19.6	1.2466	2	2.5
3506	1990	184	3369.6	11.9	15.7	1.4973	2.2	9.2
3506	1990	185	17452.8	11.6	19.5	1.0762	2.2	1.5
3506	1990	186	5184	12.8	18.9	1.5287	3.9	9.5
3506	1990	187	13478.4	11.4	16.3	1.1385	4.7	0.8
3506	1990	188	9331.2	10.4	16	1.2581	2.2	8.1
3506	1990	189	5961.6	12.7	20	1.5596	2.2	2.3
3506	1990	190	10281.6	16.8	23.8	1.6645	3.7	0
3506	1990	191	15206.4	12.4	16.9	1.2156	5	0.4
3506	1990	192	29721.6	9.4	20.4	1.0492	1.8	0
3506	1990	193	30672	9.9	25	1.1944	2.1	0
3506	1990	194	28339.2	12.7	27.6	1.3193	1.9	0
3506	1990	195	28944	14.1	23.7	1.1773	2.7	0
3506	1990	196	29980.8	10.8	26.2	0.9781	1.7	0
3506	1990	197	24192	12.7	28	1.2641	3.4	0
3506	1990	198	19872	16.3	23.4	1.4801	4.7	0
3506	1990	199	14601.6	12.1	18.6	1.2367	2.9	0
3506	1990	200	24019.2	11.4	22.4	1.192	2	0
3506	1990	201	27648	11.3	26.2	1.1663	1.7	0
3506	1990	202	28166.4	13.6	29.1	1.2681	1.8	0
3506	1990	203	26265.6	15.5	27.6	1.4121	2.1	0
3506	1990	204	27993.6	13.4	24.4	1.0246	3.3	0
3506	1990	205	27216	10.4	22.7	0.9214	2	0
3506	1990	206	27561.6	10.6	25.2	1.0444	2.1	0
3506	1990	207	24969.6	12.9	26.2	1.2712	2.1	0
3506	1990	208	25401.6	13.1	29.6	1.1159	2	0
3506	1990	209	24796.8	17.6	32.5	1.2998	2.5	0
3506	1990	210	15897.6	20.6	28.3	1.8659	3.1	0.3
3506	1990	211	17193.6	17.7	26.5	1.7523	2.3	0
3506	1990	212	17712	17.4	27.1	1.7147	1.9	0
3506	1990	213	21340.8	17.2	30	1.7151	1.9	0
3506	1990	214	24278.4	16.7	32.1	1.4029	2.2	0
3506	1990	215	25833.6	16.3	31.7	1.2506	2.1	0
3506	1990	216	25488	15.9	31.7	1.2063	2.1	0
3506	1990	217	22723.2	16.9	33.5	1.7593	3.7	29.3
3506	1990	218	12614.4	15.9	22	1.3996	4.2	0
3506	1990	219	19612.8	11.8	19	1.0659	3	0
3506	1990	220	25574.4	8.8	22.6	0.9085	1	0
3506	1990	221	24969.6	10.2	24.7	0.9754	1.6	0
3506	1990	222	21254.4	12.1	27.3	1.0769	3.1	0
3506	1990	223	21945.6	13.4	28.5	1.2869	1.8	0
3506	1990	224	25142.4	15.3	31.6	1.1812	1.8	0
3506	1990	225	13046.4	17	31.3	1.8628	3.3	16.8
3506	1990	226	6480	16.3	21.2	1.879	2.5	8.5
3506	1990	227	14256	16.1	25	1.5213	2.4	0
3506	1990	228	9417.6	16.6	25.2	1.8751	3.5	2.6
3506	1990	229	18835.2	12	18.8	1.0659	4.6	0
3506	1990	230	16848	9.1	21.9	1.0376	3	0
3506	1990	231	18057.6	15	23.5	1.5151	2	0
3506	1990	232	15811.2	16	24.3	1.3193	5.7	0
3506	1990	233	6307.2	12.7	18.8	1.0901	4.5	0.3
3506	1990	234	12182.4	12.4	17.7	1.1619	2.6	0
3506	1990	235	23155.2	9	24	1.2746	2	0
3506	1990	236	22809.6	12.6	30	1.4412	1.5	0
3506	1990	237	15465.6	17.3	26.2	1.8453	3.5	0.1
3506	1990	238	10540.8	16.8	24.7	1.9801	1.8	7.7
3506	1990	239	18835.2	15.7	27	1.8514	1.5	0
3506	1990	240	17452.8	16.2	27.9	1.7999	1.4	0
3506	1990	241	16848	16.6	29	1.9668	2.6	0
3506	1990	242	15811.2	16	27.3	1.6015	3.4	0
3506	1990	243	4406.4	13	21.2	1.5577	2.3	2.5
3506	1990	244	9244.8	11.2	17	1.1571	2.6	0
3506	1990	245	10281.6	10.4	19.2	1.3115	1.9	3.4
3506	1990	246	3283.2	14	16.2	1.4741	1.7	1
3506	1990	247	12096	13.6	22.7	1.6642	2.1	17
3506	1990	248	10800	10.9	16.1	1.1283	3	0
3506	1990	249	12528	8.7	18.9	0.9929	3	1.3
3506	1990	250	9590.4	9.5	16.9	1.061	3.9	3.4
3506	1990	251	8985.6	10.4	16.3	1.1939	3.8	0.1
3506	1990	252	15206.4	8.6	17.6	1.0692	2.1	0
3506	1990	253	11232	7	15.9	1.135	3.1	2.2
3506	1990	254	6912	9.3	15.1	1.2635	2.6	0.3
3506	1990	255	14947.2	9.4	17.4	1.2592	1.1	0
3506	1990	256	18057.6	7.5	20.5	1.1496	0.9	0
3506	1990	257	18230.4	7	22.4	1.0859	1.6	0
3506	1990	258	16243.2	10	19.2	1.1785	2.9	0
3506	1990	259	15897.6	9.3	17	1.0123	1.5	0
3506	1990	260	15033.6	6	19.7	0.9926	3.3	0
3506	1990	261	14083.2	11.3	16.7	0.8782	3.9	0
3506	1990	262	15984	10.1	23.4	0.857	3.7	0
3506	1990	263	11836.8	11.5	19.6	1.0233	4.2	0
3506	1990	264	5875.2	9.9	15.4	1.0382	5.4	3.6
3506	1990	265	5356.8	8.6	19	1.3712	3.7	13.2
3506	1990	266	8553.6	12.1	18.8	1.2271	2.3	3.2
3506	1990	267	9763.2	10.2	14.4	0.9575	4.5	0.1
3506	1990	268	11577.6	9.7	16.5	0.8283	4.6	0
3506	1990	269	8553.6	7.2	15	1.0562	2.1	0
3506	1990	270	9676.8	6.6	13.6	0.9141	2.2	0
3506	1990	271	15206.4	5.7	16.6	0.9405	1.6	0
3506	1990	272	14515.2	6	21.1	1.07	2.3	0
3506	1990	273	7171.2	12.6	23.1	1.5719	3.3	5.2
3506	1990	274	3196.8	12.8	18.9	1.6546	3.7	8.2
3506	1990	275	10108.8	11.4	18.5	1.46	2.3	0
3506	1990	276	14774.4	9.5	24.6	1.4751	3.1	0
3506	1990	277	3110.4	9.5	17.6	1.2716	3.1	9.8
3506	1990	278	12441.6	5	16.3	0.897	2.6	0
3506	1990	279	12700.8	10.8	21.7	1.2176	2.6	0.1
3506	1990	280	5961.6	10.7	17.2	1.2414	2.7	0.7
3506	1990	281	7171.2	6.4	11.1	0.8122	3.5	0
3506	1990	282	12787.2	1.4	14.4	0.788	1.5	0
3506	1990	283	12528	4.2	16.1	0.9295	1.6	0
3506	1990	284	12787.2	4.3	18.7	1.0574	2.2	0
3506	1990	285	12096	7.1	24.8	1.2489	2.8	0
3506	1990	286	9331.2	11.1	22.8	1.4658	1.8	0
3506	1990	287	11318.4	11.7	24.2	1.4996	2.4	0
3506	1990	288	10108.8	10.6	23.8	1.5088	1.9	0
3506	1990	289	6393.6	12.5	21	1.5807	1.8	0
3506	1990	290	5788.8	13.3	19.6	1.663	1	1.5
3506	1990	291	8121.6	12.2	18.7	1.42	1.5	0
3506	1990	292	10540.8	8.9	19.9	1.2944	2.1	0
3506	1990	293	5011.2	10.4	14.5	1.1834	2.2	0
3506	1990	294	3974.4	5.9	11.5	0.7757	4.9	0
3506	1990	295	11923.2	1.2	10.9	0.4878	5.5	0
3506	1990	296	11232	0.3	13.2	0.6497	2.1	0
3506	1990	297	9331.2	1.4	16.2	0.9055	1.8	0
3506	1990	298	8208	5.5	16.6	1.0001	1.9	0.2
3506	1990	299	9072	6.9	16.2	1.0609	2.7	0.5
3506	1990	300	5356.8	7.4	12.4	0.8653	3.8	0
3506	1990	301	3628.8	7	14.3	0.9098	4	11.9
3506	1990	302	5702.4	6.6	11.4	0.8949	5	14.2
3506	1990	303	7084.8	5.8	11.6	0.8319	5.6	1
3506	1990	304	3801.6	7.7	12.7	0.9451	3.5	0.8
3506	1990	305	6307.2	7.2	11.7	0.8869	4.3	0.3
3506	1990	306	5529.6	5.5	10.1	0.8144	3.7	0
3506	1990	307	2332.8	3.9	6.9	0.7622	2.1	3.1
3506	1990	308	1987.2	2.8	5.4	0.7206	3.5	3.2
3506	1990	309	4579.2	2.7	6	0.6834	3.6	0.9
3506	1990	310	6739.2	-1.6	4.6	0.606	1	0
3506	1990	311	5270.4	-2.2	5.6	0.5733	1.2	0
3506	1990	312	5270.4	-2.5	4	0.5419	2.8	0
3506	1990	313	7603.2	-1.7	5.2	0.5754	2.7	0
3506	1990	314	3888	-1.4	8.1	0.6136	2.2	0.8
3506	1990	315	1036.8	6.7	10.2	1.0391	2.6	8.9
3506	1990	316	5356.8	5.4	9.9	0.9945	1.9	0
3506	1990	317	5270.4	3.6	9.4	0.8224	3	3.1
3506	1990	318	1641.6	7.1	11	1.036	2.5	4.9
3506	1990	319	3110.4	6.6	10.5	0.946	3.8	4.2
3506	1990	320	5702.4	6.3	11	0.7955	2.8	0
3506	1990	321	1728	10.3	13.9	1.0719	5.2	0
3506	1990	322	3542.4	7	12.7	0.8017	6.9	5.2
3506	1990	323	1382.4	4.8	7.9	0.8331	5	10.7
3506	1990	324	3196.8	5	13.6	0.8897	4.2	13.2
3506	1990	325	1814.4	5.1	10.7	0.8306	2.5	2.2
3506	1990	326	1382.4	3.4	5.9	0.783	2.5	14.5
3506	1990	327	1641.6	0.6	4	0.6417	3	0.3
3506	1990	328	2592	-0.9	5.1	0.5686	3.4	0
3506	1990	329	1382.4	-0.2	5.7	0.5807	2.5	1.5
3506	1990	330	5616	1.4	8.3	0.6731	3.1	0
3506	1990	331	4838.4	-2	4.9	0.597	1.7	3.2
3506	1990	332	777.6	0	2.4	0.6197	2.4	0.5
3506	1990	333	1036.8	1.2	2.9	0.6303	1.6	3.7
3506	1990	334	1987.2	-1.5	3.6	0.4944	3.2	0.3
3506	1990	335	4665.6	-5.7	-1	0.3389	1.6	0
3506	1990	336	950.4	-2.5	0.5	0.4942	0.7	0.8
3506	1990	337	2764.8	-0.2	3.2	0.5651	1.7	0
3506	1990	338	1209.6	0.4	4.7	0.6092	3	1
3506	1990	339	4320	0.5	4.5	0.49	4.6	0
3506	1990	340	5270.4	-3.7	1.3	0.4142	1	0
3506	1990	341	5184	-7.2	0.8	0.3524	2.1	0
3506	1990	342	4060.8	-7.5	1.2	0.3295	3.1	0
3506	1990	343	1382.4	-1.5	1	0.438	2.1	0
3506	1990	344	691.2	-2	0	0.5396	2.6	10.3
3506	1990	345	4492.8	-6.3	-0.2	0.4184	1.2	0
3506	1990	346	1296	-0.5	1.8	0.5508	4.8	4.9
3506	1990	347	1382.4	-1.3	1.3	0.5743	2.7	1.4
3506	1990	348	1468.8	-1.6	1.4	0.5762	2	0.2
3506	1990	349	2160	-2.4	0.6	0.4577	2.1	0.4
3506	1990	350	1296	-2.9	-0.4	0.4657	2.5	0
3506	1990	351	2592	-2	0.6	0.4761	2.9	0
3506	1990	352	1728	-2.5	-0.2	0.4207	2.8	0
3506	1990	353	1209.6	-2.2	0.2	0.4828	2.8	1.2
3506	1990	354	2332.8	-2.2	2.1	0.4688	3.3	0.5
3506	1990	355	777.6	0.2	2.2	0.5931	3	4.6
3506	1990	356	1555.2	1.7	5.5	0.7273	2.5	0.4
3506	1990	357	1641.6	2.4	5.5	0.7698	1.9	0.2
3506	1990	358	777.6	1.4	4	0.6676	1.7	0.1
3506	1990	359	2073.6	0	2	0.5977	2.3	0.6
3506	1990	360	3628.8	-0.3	6	0.5473	3.9	0.8
3506	1990	361	3456	0.8	8.2	0.6485	5.2	3.2
3506	1990	362	4924.8	1	7.1	0.5467	3.4	0
3506	1990	363	1296	2.3	13.8	0.8068	3.9	0.3
3506	1990	364	691.2	6.5	14.4	1.1633	3.2	15.3
3506	1990	365	1641.6	4.6	7.5	0.8817	2.3	5.8
