*---------------------------------------------------------------------------*
* Station name: STUTTGART-SCHNARRENBERG                 
* Year: 2014
* Author: Pedro Alencar                                   -999.000: NIL VALUE
* Source: ECAD 
* Comments: 
* Longitude: 48.8292, latitude: 48.8292, altitude: 314 m.
*
* Column  Daily value
* 1       station number
* 2       year
* 3       day
* 4       irradiation                   (kJ m-2 d-1)
* 5       minimum temperature           (degrees Celsius)
* 6       maximum temperature           (degrees Celsius)
* 7       early morning vapour pressure (kPa)
* 8       mean wind speed (height: 2 m) (m s-1)
* 9       precipitation                 (mm d-1)
*
** WCCDESCRIPTION=GERMANY, STUTTGART-SCHNARRENBERG                 
** WCCFORMAT=2
** WCCYEARNR=2014
*---------------------------------------------------------------------------*
   48.8292  9.2008    314.  -0.18 -0.55
3506	2014	1	3888	0.7	8.3	0.6316	4.2	0.3
3506	2014	2	1814.4	4	9.3	0.7821	4.2	0.9
3506	2014	3	1814.4	3.3	9.9	0.8086	3.8	0.3
3506	2014	4	1123.2	4.6	9.1	0.8524	2.6	2.5
3506	2014	5	2246.4	0.8	7.6	0.668	3	0
3506	2014	6	2937.6	-0.1	10.1	0.6453	3.8	0
3506	2014	7	2937.6	8	14.3	0.8213	3.3	0
3506	2014	8	3888	7.5	14.8	0.9405	3.2	0
3506	2014	9	3542.4	5.8	16.5	0.8875	4.6	5.2
3506	2014	10	4147.2	1	8.5	0.6513	3.1	0
3506	2014	11	1123.2	-0.1	7.7	0.7457	2.9	2.4
3506	2014	12	3283.2	0	5.5	0.7221	1.6	0
3506	2014	13	2851.2	-0.8	7.8	0.7379	2.2	5
3506	2014	14	1036.8	3.2	6	0.8226	1.4	1.6
3506	2014	15	5702.4	1	6.2	0.6008	2.8	0.7
3506	2014	16	1468.8	4.2	9.7	0.8083	3.5	2.7
3506	2014	17	3024	2	8.7	0.7238	3.5	0
3506	2014	18	4233.6	0.3	4.9	0.6702	2.7	0
3506	2014	19	3542.4	0.3	4.2	0.6753	1.5	0
3506	2014	20	864	2.2	4.2	0.7455	2	1.9
3506	2014	21	691.2	2.6	4.2	0.7483	2	5.2
3506	2014	22	1209.6	3.2	4.6	0.7671	1.1	0
3506	2014	23	1814.4	2.7	4.8	0.6631	1.8	1.5
3506	2014	24	950.4	1.3	3.9	0.6702	4.1	1.9
3506	2014	25	2592	1.3	3.9	0.6555	1.9	0.7
3506	2014	26	4320	1	5.7	0.5437	6	3.1
3506	2014	27	3110.4	0.4	5.7	0.6464	3.9	1.4
3506	2014	28	7257.6	-1.5	6.5	0.5924	3.1	0
3506	2014	29	3715.2	-2.1	1.7	0.5058	4.6	0
3506	2014	30	4924.8	-2.7	2.5	0.5035	2.3	0
3506	2014	31	5702.4	-2.1	3.9	0.5478	1.7	0
3506	2014	32	5616	-1.3	10.1	0.6439	2.4	6.4
3506	2014	33	3369.6	1.1	5.3	0.7147	1.8	0.7
3506	2014	34	1987.2	0.6	3.7	0.6562	2.6	0
3506	2014	35	3196.8	0.7	7.9	0.6976	2.7	0
3506	2014	36	2851.2	-1.8	6.8	0.6289	2.7	0.1
3506	2014	37	6739.2	3.7	10.8	0.6316	4.1	0
3506	2014	38	2851.2	5	10.9	0.6304	4.6	0.4
3506	2014	39	2764.8	1.7	9.8	0.6707	4.4	0.6
3506	2014	40	4924.8	-0.1	8.1	0.5773	4	0.9
3506	2014	41	1814.4	-0.2	5.5	0.5765	3.3	1.7
3506	2014	42	4060.8	0.6	7.8	0.5772	2.8	0
3506	2014	43	7948.8	0.4	9	0.5807	3.1	0.1
3506	2014	44	3369.6	3.8	9.2	0.7353	4.9	6.3
3506	2014	45	6998.4	2.1	8.8	0.6029	4.2	0.5
3506	2014	46	777.6	5.2	11.6	0.8813	3.4	6.3
3506	2014	47	3542.4	4.1	8.5	0.6967	3.8	0.1
3506	2014	48	9158.4	2.3	11	0.6745	2.2	0
3506	2014	49	8121.6	0.6	10.6	0.6728	2.1	0
3506	2014	50	2851.2	4.2	9.5	0.7433	1.8	0.2
3506	2014	51	11750.4	4.3	12.2	0.7306	2.9	1.9
3506	2014	52	3801.6	3	9	0.7385	3.4	1.8
3506	2014	53	7430.4	1.6	9.4	0.6501	3	0.5
3506	2014	54	10972.8	2.3	10.5	0.6919	2.4	0
3506	2014	55	12873.6	-0.4	12.6	0.593	2.5	0
3506	2014	56	9936	1.9	14	0.609	3.7	1.7
3506	2014	57	7344	5.4	11.5	0.9064	3.1	3.1
3506	2014	58	5702.4	4	9.5	0.7776	2.9	0.4
3506	2014	59	10108.8	3.4	10.2	0.6914	3.1	0
3506	2014	60	6480	2.9	8.3	0.7092	1.7	0.9
3506	2014	61	6393.6	2.2	7.9	0.7001	2.2	0
3506	2014	62	5356.8	0.8	9.6	0.6721	2.3	0
3506	2014	63	11232	3.6	11	0.7155	3	0
3506	2014	64	8726.4	3.4	10.9	0.7183	2.6	0
3506	2014	65	11232	0	10.9	0.6659	2.1	0
3506	2014	66	13824	0.1	13.4	0.689	1.5	0
3506	2014	67	13824	1.3	15.2	0.7088	2.4	0
3506	2014	68	15379.2	4.6	18.6	0.6278	2.6	0
3506	2014	69	15120	3.3	16.2	0.6516	2.3	0
3506	2014	70	14428.8	1.8	15.2	0.5989	1.9	0
3506	2014	71	15379.2	2.9	18.1	0.6216	2.3	0
3506	2014	72	15292.8	2.2	17.7	0.6237	2	0
3506	2014	73	15552	4	17.9	0.6667	2.8	0
3506	2014	74	3369.6	6.8	11	0.7749	4.8	0.5
3506	2014	75	6393.6	7.3	14.9	0.8714	4	0
3506	2014	76	16761.6	7	17.5	0.8261	3.3	0
3506	2014	77	12528	4.8	17.5	0.7948	3.7	0
3506	2014	78	10713.6	7	14.4	0.7585	5.2	0
3506	2014	79	17971.2	3.7	22.3	0.763	3.7	0
3506	2014	80	14256	11.6	21.3	0.8222	4.5	0.2
3506	2014	81	3888	6.4	13.4	0.8288	3.3	1.2
3506	2014	82	6220.8	3.4	7.7	0.6433	2.9	0.4
3506	2014	83	9417.6	1.5	8.1	0.688	2.7	3.4
3506	2014	84	15465.6	0.5	9.3	0.6582	2.3	0
3506	2014	85	13305.6	-1.8	10.3	0.5793	1.9	0
3506	2014	86	17452.8	0.6	14.6	0.5947	2	0
3506	2014	87	16156.8	3.7	16.8	0.6862	2.5	0
3506	2014	88	19180.8	3.6	19.6	0.7233	2.3	0
3506	2014	89	18835.2	4.7	20.6	0.7604	2.1	0
3506	2014	90	15120	6.8	19.7	0.806	2.1	0
3506	2014	91	17020.8	7.4	20.5	0.8276	2	0
3506	2014	92	17280	8.1	22.4	0.8653	2.4	0
3506	2014	93	13824	10	22.5	0.8671	2.9	0
3506	2014	94	14083.2	10.6	22.1	1.0212	2.2	0
3506	2014	95	5702.4	11	14.4	1.2177	3.9	4.6
3506	2014	96	15206.4	10.1	19.6	1.1301	1.7	0
3506	2014	97	16329.6	7.8	22	0.9815	3.3	3.9
3506	2014	98	11923.2	8.2	17.3	0.9273	6	1.8
3506	2014	99	21340.8	5.9	13.7	0.6416	4	0
3506	2014	100	12960	7.9	16	0.8379	2.3	0
3506	2014	101	21945.6	5.9	19.1	0.8977	2.3	0
3506	2014	102	18144	7.1	19.6	0.9184	2.4	0
3506	2014	103	21945.6	8.8	17.5	0.7252	4.3	0
3506	2014	104	10627.2	5.3	13.5	0.6954	5.6	0.2
3506	2014	105	10713.6	2.4	7.9	0.5376	4.3	0
3506	2014	106	18489.6	0.9	12.7	0.5926	2.4	0
3506	2014	107	23500.8	2.1	16	0.518	2.5	0
3506	2014	108	5961.6	4	10.6	0.7257	2.8	1
3506	2014	109	9331.2	3	16.8	0.9507	2.6	0
3506	2014	110	16243.2	7.1	19.1	0.9638	3.6	0
3506	2014	111	14515.2	5.7	16.4	0.9869	1.6	3.1
3506	2014	112	17280	8.3	18.7	1.1129	2	0.1
3506	2014	113	19699.2	8.6	21.7	1.0834	2.2	0
3506	2014	114	22723.2	8.1	23.9	1.0713	2.4	0.1
3506	2014	115	21340.8	10	23.8	1.1151	2.7	0
3506	2014	116	15984	11.4	19.7	1.2879	2.5	30.4
3506	2014	117	9158.4	9.5	14.3	1.1692	3.2	1.1
3506	2014	118	6048	9.8	12.9	1.0738	2.8	0
3506	2014	119	10627.2	10.6	16.4	1.1747	2.2	0
3506	2014	120	9763.2	10.5	18.3	1.3928	1.8	1.2
3506	2014	121	5702.4	9	13.6	1.2308	2	16.2
3506	2014	122	10886.4	7.6	15.7	1.2186	2.8	6.5
3506	2014	123	4924.8	5.6	9.1	0.7898	3.1	0
3506	2014	124	25833.6	3.4	14.7	0.6792	1.7	0
3506	2014	125	24192	5.5	19.4	0.7505	2.6	0
3506	2014	126	18057.6	8.6	22	0.8334	3.4	0.3
3506	2014	127	17539.2	10.6	17.8	1.019	4.5	2.1
3506	2014	128	17020.8	9.9	19.1	1.1379	3.4	2.4
3506	2014	129	21081.6	12.4	20.1	1.1992	4.3	0.1
3506	2014	130	13478.4	11.1	19.8	1.2096	2.7	3
3506	2014	131	18921.6	7.8	16.3	1.0262	4.7	1.1
3506	2014	132	14169.6	6.9	13.3	0.9388	4.3	2.9
3506	2014	133	18316.8	7	14.6	0.9577	4	7.8
3506	2014	134	26179.2	7.9	15.2	0.8841	4.2	0.5
3506	2014	135	18835.2	7.2	13	0.8276	3.3	0.1
3506	2014	136	22550.4	7.8	16.9	0.8746	3	0
3506	2014	137	23241.6	6.9	19.1	0.8378	2.3	0
3506	2014	138	25574.4	8.9	20.4	1.0158	2.1	0
3506	2014	139	19785.6	10.2	23.4	1.1463	2.4	0
3506	2014	140	26870.4	11.6	27.5	1.0215	2.6	0
3506	2014	141	24537.6	13.4	28.4	1.1843	3.4	0
3506	2014	142	22636.8	13.9	26.9	1.3398	3.4	0.6
3506	2014	143	18576	12.5	21.4	1.3694	2.3	4
3506	2014	144	15897.6	10.7	18.8	1.2402	3	5.1
3506	2014	145	25228.8	9.2	22.7	1.1222	2.4	9.3
3506	2014	146	10972.8	13.1	18.7	1.5697	2.1	3.4
3506	2014	147	12700.8	13.1	17.8	1.3849	3.9	0.2
3506	2014	148	14083.2	12.4	18.2	1.1807	3	0
3506	2014	149	19699.2	10.8	19.8	1.2327	2.8	0.9
3506	2014	150	15379.2	6.8	14.3	0.9165	2.6	0
3506	2014	151	25488	4.7	20.3	0.8688	2	0
3506	2014	152	18316.8	8.3	21.6	0.9846	2	0.1
3506	2014	153	18576	12.2	20.5	1.1511	1.9	0
3506	2014	154	18576	11.8	22.4	1.3046	2.1	0
3506	2014	155	16588.8	10.1	23	1.4479	3	3.8
3506	2014	156	23760	9.6	20.1	1.0121	2.3	0
3506	2014	157	29635.2	9.4	27.2	1.0499	2.1	0
3506	2014	158	27129.6	14.4	31.6	1.3739	2.1	0
3506	2014	159	28771.2	17.4	34.6	1.6098	2.8	0
3506	2014	160	28857.6	19	35.8	1.4929	3	0
3506	2014	161	23500.8	19.4	33.8	1.5635	2.9	1.1
3506	2014	162	19785.6	18.3	29	1.8952	3	0
3506	2014	163	27043.2	17	28.1	1.7735	2.7	0
3506	2014	164	29289.6	16.6	25.4	1.266	3.2	0
3506	2014	165	17712	11.9	20.8	1.0769	3.1	0
3506	2014	166	26784	9.9	22.2	0.9836	3.3	0
3506	2014	167	27648	11.4	23	0.9405	2.9	0
3506	2014	168	19612.8	12.3	22.3	1.4198	2.9	6.6
3506	2014	169	26524.8	11.8	24.5	1.2481	2.6	0
3506	2014	170	26956.8	13.3	23.1	1.1686	3.9	0
3506	2014	171	15724.8	11.4	19.5	1.1745	3.6	0
3506	2014	172	27993.6	9.7	22.8	1.0516	2.1	0
3506	2014	173	30240	10.3	25.4	1.0819	2.3	0
3506	2014	174	26697.6	11.5	25.6	1.1092	2	0
3506	2014	175	30326.4	14	25.2	1.0475	2.2	0.1
3506	2014	176	19526.4	12.3	20.9	1.0753	3.5	0
3506	2014	177	30499.2	8.2	23.4	0.8605	1.9	0
3506	2014	178	23500.8	10.7	26.1	0.9931	2.2	0
3506	2014	179	11577.6	16.1	22.4	1.6043	2.6	2.6
3506	2014	180	13824	12.6	19.5	1.3297	4.3	11.9
3506	2014	181	17971.2	12	20	1.3437	3.6	0.3
3506	2014	182	24883.2	11.1	23	1.087	1.9	0
3506	2014	183	20822.4	13.5	23.6	1.2585	2.6	0
3506	2014	184	29030.4	12.7	28.3	1.2518	3.5	0
3506	2014	185	22291.2	14.6	31.4	1.2897	3.2	0.5
3506	2014	186	14860.8	16.3	24.2	1.7305	3.2	0.2
3506	2014	187	23673.6	16.4	31.1	1.76	3.2	20.1
3506	2014	188	15465.6	14.3	23.9	1.8322	2.4	16.5
3506	2014	189	5270.4	12.5	17.2	1.5687	3.1	10.5
3506	2014	190	6739.2	11.6	13.4	1.3032	4.5	8.8
3506	2014	191	5184	11.9	16	1.3528	1.8	1
3506	2014	192	18835.2	14.4	24.2	1.7657	3	4
3506	2014	193	12096	16.5	22.3	1.8892	3.6	0.2
3506	2014	194	13996.8	16.3	23.9	1.7615	2.7	0.9
3506	2014	195	20304	16.1	24.4	1.7779	2.6	2.5
3506	2014	196	23673.6	16.1	25.8	1.4601	2.2	0
3506	2014	197	23155.2	15.5	26.6	1.5438	1.8	0
3506	2014	198	27388.8	15.4	28.9	1.4913	1.5	0
3506	2014	199	28425.6	16.4	31.7	1.4634	2.9	0
3506	2014	200	27216	16.7	33.9	1.6089	2.1	0
3506	2014	201	13910.4	17.3	29.4	1.89	2.4	17.9
3506	2014	202	8812.8	17.2	21.2	1.9769	3.2	36.1
3506	2014	203	10368	17.3	24.7	2.3087	3.3	1.3
3506	2014	204	24883.2	15.9	27.8	1.7781	2.4	0
3506	2014	205	26265.6	15.7	27	1.471	2.3	0
3506	2014	206	19440	16	26.9	1.7352	2.2	0.1
3506	2014	207	9331.2	15.7	21.3	1.7861	2.6	0.6
3506	2014	208	22550.4	16.9	26.5	1.8137	2.8	0
3506	2014	209	21772.8	16.2	27.8	2.0319	2.7	27.7
3506	2014	210	7344	16.1	20.8	1.9925	1.8	6.9
3506	2014	211	9158.4	17.3	23	2.1674	3.9	0.1
3506	2014	212	20131.2	16.2	25.2	1.706	2.2	0
3506	2014	213	20649.6	14.9	25.8	1.6935	2.4	0
3506	2014	214	14601.6	15.3	24.9	1.9259	2.3	1.3
3506	2014	215	12700.8	16.6	24.8	2.0472	2.1	0.1
3506	2014	216	20476.8	15.4	25.9	1.8708	2.6	4.2
3506	2014	217	21859.2	13.9	22.8	1.6009	3.1	0
3506	2014	218	18835.2	13.2	24.8	1.5795	2.2	0.7
3506	2014	219	13910.4	16	23.7	1.8964	2.1	0.1
3506	2014	220	22032	14.7	27.6	1.8039	3	0
3506	2014	221	19785.6	17.8	25.3	1.6175	3.1	2.1
3506	2014	222	14947.2	17.3	28.3	2.0222	3.2	1.5
3506	2014	223	20044.8	16.1	23.2	1.4162	3.3	0
3506	2014	224	15811.2	15.3	22.5	1.3299	2.7	0
3506	2014	225	6998.4	13.7	19	1.5596	2.8	5.9
3506	2014	226	13996.8	11.8	20	1.4253	2.7	6.8
3506	2014	227	10454.4	12.4	17.9	1.4445	2.8	5.8
3506	2014	228	16502.4	12.6	19.4	1.3981	3.6	0.9
3506	2014	229	19612.8	11.9	21.8	1.2074	3.5	0
3506	2014	230	8208	13.4	18.5	1.267	3.6	0
3506	2014	231	14515.2	11.6	20.4	1.271	2.4	0
3506	2014	232	15465.6	9.7	18.6	1.0641	2.1	0.1
3506	2014	233	17712	10.2	19.5	1.0964	2.1	0
3506	2014	234	15465.6	10.5	20.5	1.1255	2.8	0
3506	2014	235	8380.8	10.4	18.6	1.2863	2.5	6
3506	2014	236	18144	9.5	18.4	1.1141	3.2	0
3506	2014	237	12787.2	9	19.6	1.1559	2.6	9.5
3506	2014	238	7084.8	12.5	20.3	1.7322	2.6	36.9
3506	2014	239	13996.8	12.2	20.4	1.4991	1.8	4
3506	2014	240	17280	10.9	24.4	1.5925	1.8	0
3506	2014	241	12528	15.3	23.5	1.7992	2.7	7.3
3506	2014	242	18576	14.5	22.9	1.5502	2.3	6.5
3506	2014	243	4406.4	11.6	17	1.514	2.6	20.2
3506	2014	244	7516.8	11.3	16.6	1.3369	2.4	0
3506	2014	245	10108.8	12.2	19	1.5399	1.4	0.1
3506	2014	246	3715.2	13.5	17.1	1.5105	2.5	0
3506	2014	247	4665.6	14.5	18.9	1.5947	1.8	0
3506	2014	248	18489.6	14	25.1	1.7479	1.8	0
3506	2014	249	15465.6	15.4	25.3	1.8366	1.8	0
3506	2014	250	15206.4	13.9	24.7	1.7434	2.2	0
3506	2014	251	16243.2	15.6	25.7	1.8708	1.9	0
3506	2014	252	15984	14.1	23.4	1.5767	2.4	0
3506	2014	253	15552	11.4	19.4	1.2581	2.6	0
3506	2014	254	8726.4	10.6	16.7	1.3267	2.6	6.4
3506	2014	255	1987.2	11.2	14.2	1.4084	4.3	16.7
3506	2014	256	2937.6	12.8	16	1.5566	1.8	0.7
3506	2014	257	11318.4	13.3	20.8	1.6692	2	0
3506	2014	258	7430.4	11.8	20.6	1.6	1.6	0
3506	2014	259	15897.6	11.5	24.1	1.6484	2	0
3506	2014	260	17625.6	11.2	25	1.6175	1.9	0
3506	2014	261	11491.2	14.5	24.6	1.8841	1.9	2.8
3506	2014	262	12182.4	15.1	25.2	2.0025	2.2	11.7
3506	2014	263	13132.8	15.4	23.4	1.8217	2	3.2
3506	2014	264	8553.6	11.6	20	1.5955	3.6	11
3506	2014	265	6393.6	7.2	13.8	1.0657	3.9	2.3
3506	2014	266	14428.8	6.1	15.1	1.0345	1.8	0
3506	2014	267	13651.2	4.9	16.9	1.0423	2	0.5
3506	2014	268	10454.4	10.6	16.5	1.163	2.8	0
3506	2014	269	14601.6	10.2	18.5	1.1759	2.6	0
3506	2014	270	12528	11.6	21.6	1.5091	2	0
3506	2014	271	14688	9.6	23	1.5176	1.8	0
3506	2014	272	14342.4	12.1	25.6	1.5431	2.6	0
3506	2014	273	6652.8	14	19.8	1.615	1.5	1
3506	2014	274	11750.4	12.5	21.3	1.6535	1.4	0
3506	2014	275	12700.8	10.9	21.8	1.5596	1.6	0
3506	2014	276	13305.6	9.3	20.6	1.3581	1.8	0
3506	2014	277	13910.4	7.7	17.2	1.2267	2.5	0
3506	2014	278	11577.6	9.8	18.9	1.4046	2.6	0
3506	2014	279	7516.8	8.4	17.3	1.3186	2.5	0.3
3506	2014	280	3542.4	11	19.6	1.389	4	0.7
3506	2014	281	4924.8	13	21.7	1.5034	3.2	0.2
3506	2014	282	11232	14.4	26.6	1.637	3	1.5
3506	2014	283	3542.4	14.1	17.6	1.6726	1.5	1.3
3506	2014	284	5184	12.4	19.4	1.6599	2	0
3506	2014	285	8812.8	11.6	20	1.5417	1.8	0
3506	2014	286	2937.6	13	17.4	1.5181	2.4	1
3506	2014	287	11750.4	12.1	21.2	1.4761	2.6	0
3506	2014	288	8380.8	12	18.6	1.4237	1.9	4.7
3506	2014	289	3456	13.5	17.1	1.4585	3	20.1
3506	2014	290	6566.4	10.2	17.4	1.3712	2.8	0.2
3506	2014	291	10972.8	8.8	22.2	1.4773	2.7	0
3506	2014	292	11145.6	11	24.1	1.4624	3.1	0
3506	2014	293	3283.2	13.8	19.1	1.5135	2.6	0
3506	2014	294	6912	7.6	18.1	1.0815	4.8	1.6
3506	2014	295	3888	6.3	8.6	0.7745	8.5	0
3506	2014	296	6480	6.2	11.8	0.9063	4.4	0
3506	2014	297	9763.2	2.2	14.7	0.9064	2	1.2
3506	2014	298	5788.8	6.8	13.9	1.0299	1.5	0
3506	2014	299	8035.2	7.8	17.1	1.1834	1.6	0
3506	2014	300	10540.8	3.9	13.6	0.9476	3	0
3506	2014	301	3628.8	4.2	9.7	0.8383	2.3	0
3506	2014	302	7862.4	5.5	13.6	1.0239	1.8	0.4
3506	2014	303	3628.8	8.9	14.4	1.2323	1.8	0
3506	2014	304	7862.4	8	18.1	1.2458	2.3	0
3506	2014	305	8640	8.4	18.6	1.2675	2.4	0
3506	2014	306	8035.2	7	17.4	1.1642	2.6	0
3506	2014	307	5788.8	8.3	18.7	1.082	3.1	0
3506	2014	308	4924.8	9.2	14.4	1.0648	2.7	0.3
3506	2014	309	1900.8	6.1	9.9	0.9756	3	17
3506	2014	310	4320	3.7	9.9	0.8988	1.6	0
3506	2014	311	6393.6	1	12.3	0.7919	2.7	0
3506	2014	312	7862.4	5.3	14.1	0.926	2.7	0
3506	2014	313	6393.6	3.5	12.6	0.9252	1.9	0
3506	2014	314	1814.4	5.2	8.6	0.9448	1.9	1.9
3506	2014	315	4320	3.7	9.8	0.9351	1.4	0
3506	2014	316	1555.2	4.8	8.5	0.9385	1.7	4
3506	2014	317	1382.4	8.5	10.4	1.1353	1.9	0
3506	2014	318	5616	6.2	13.1	1.0188	2.7	0
3506	2014	319	5011.2	5	11.2	0.9607	2.3	15.9
3506	2014	320	3369.6	7.4	12.3	1.0204	3	0.6
3506	2014	321	3715.2	4.4	9.4	0.8553	1.9	0
3506	2014	322	1209.6	4.7	7.6	0.8784	3.1	11.6
3506	2014	323	1209.6	3.7	8.1	0.8819	2.1	0.1
3506	2014	324	2678.4	1.6	7.1	0.775	2.4	0
3506	2014	325	2678.4	3.6	8.4	0.8226	2	0
3506	2014	326	5529.6	5.5	14.1	1.0291	1.9	0
3506	2014	327	5961.6	3.1	12.5	0.899	3.4	0
3506	2014	328	3715.2	6.4	11.5	0.9719	2.5	0
3506	2014	329	2419.2	6.2	10	0.9067	3.4	0
3506	2014	330	2073.6	5	7.3	0.7934	3.7	0
3506	2014	331	3369.6	4.1	8.4	0.8179	2.7	0
3506	2014	332	4924.8	2.7	6.7	0.7345	3.7	0
3506	2014	333	1123.2	2.2	3.4	0.6574	4.4	0
3506	2014	334	950.4	1.9	3	0.6486	3.3	0
3506	2014	335	691.2	2.3	3.8	0.6616	2.9	1.1
3506	2014	336	604.8	1.7	3	0.7018	1.8	1.7
3506	2014	337	777.6	1.6	2.8	0.6872	2.2	0
3506	2014	338	1036.8	2.5	4.3	0.6704	1.8	0
3506	2014	339	691.2	2.5	3.9	0.7071	1.5	0.1
3506	2014	340	1123.2	2.7	4.2	0.704	2.1	0
3506	2014	341	604.8	2.2	3.4	0.6275	2.1	1
3506	2014	342	2505.6	0.4	6.2	0.6502	1.7	0
3506	2014	343	1382.4	-2	2.5	0.5849	1.4	0
3506	2014	344	1123.2	-0.9	4.7	0.5956	3.3	1.9
3506	2014	345	3024	4.5	7.7	0.7342	4.5	0.1
3506	2014	346	3110.4	5.6	10.7	0.7149	5.2	0
3506	2014	347	2937.6	7.1	12	0.7977	3.6	0.8
3506	2014	348	518.4	6.8	9	1.0116	1.9	0.9
3506	2014	349	1555.2	1.8	10.1	0.8663	1.7	0.6
3506	2014	350	1036.8	1.3	6.9	0.7616	2	0.9
3506	2014	351	1036.8	2.6	7.5	0.7001	3.6	2
3506	2014	352	1209.6	7.4	13.1	1.0356	3.5	2
3506	2014	353	1036.8	8	12.6	0.9514	4.4	5.5
3506	2014	354	1814.4	4.1	8.3	0.6634	5.6	0.7
3506	2014	355	3369.6	3.6	7.4	0.6411	4	0
3506	2014	356	3369.6	5.8	10.1	0.7586	2.8	0
3506	2014	357	5184	0.4	10.6	0.6953	1.7	0
3506	2014	358	2592	-1.3	10.2	0.621	4.2	1.7
3506	2014	359	2419.2	3.3	8.4	0.6938	5.2	2
3506	2014	360	2246.4	-0.3	4	0.6074	3.2	0
3506	2014	361	1641.6	-0.6	3.2	0.6175	3.8	11
3506	2014	362	2160	-9.2	-0.1	0.3636	3.2	0.1
3506	2014	363	777.6	-9.8	-1.8	0.3531	2.9	0.8
3506	2014	364	1382.4	-1.9	0.8	0.5401	3.8	1.9
3506	2014	365	1468.8	-0.3	1.3	0.5892	1.3	0.2
