*---------------------------------------------------------------------------*
* Station name: GERA-LEUMNITZ                           
* Year: 1988
* Author: Pedro Alencar                                   -999.000: NIL VALUE
* Source: ECAD 
* Comments: 
* Longitude: 50.8819, latitude: 50.8819, altitude: 311 m.
*
* Column  Daily value
* 1       station number
* 2       year
* 3       day
* 4       irradiation                   (kJ m-2 d-1)
* 5       minimum temperature           (degrees Celsius)
* 6       maximum temperature           (degrees Celsius)
* 7       early morning vapour pressure (kPa)
* 8       mean wind speed (height: 2 m) (m s-1)
* 9       precipitation                 (mm d-1)
*
** WCCDESCRIPTION=GERMANY, GERA-LEUMNITZ                           
** WCCFORMAT=2
** WCCYEARNR=1988
*---------------------------------------------------------------------------*
   50.8819  12.13    311.  -0.18 -0.55
3990	1988	1	1209.6	4.6	7.2	0.7798	5.3	2.7
3990	1988	2	1209.6	5.2	11	0.8851	10.5	1.8
3990	1988	3	3456	6	11.3	0.8515	8.3	0
3990	1988	4	2073.6	4.1	6.9	0.7224	8.9	1.1
3990	1988	5	1209.6	4.8	9.9	0.8205	6.6	0.3
3990	1988	6	3715.2	6.4	11.4	0.8547	6.9	0
3990	1988	7	3801.6	3.5	7.9	0.6958	6.9	0.3
3990	1988	8	1296	2	4	0.6668	4.5	0.7
3990	1988	9	5011.2	-1.5	3.3	0.5739	4.7	0
3990	1988	10	1814.4	-1.3	3	0.5263	7.1	0.2
3990	1988	11	1296	-0.7	2.9	0.5822	5.6	1.8
3990	1988	12	4579.2	-1.6	2.7	0.5595	4.4	0.1
3990	1988	13	5443.2	-3.7	1.3	0.4422	6	0
3990	1988	14	4406.4	-4.4	3.3	0.4696	5.9	0
3990	1988	15	1382.4	-2.9	0.2	0.4872	2.5	0.1
3990	1988	16	1382.4	-0.9	4	0.6013	3.8	0.2
3990	1988	17	1382.4	0.1	3.9	0.6634	3.6	2.8
3990	1988	18	3456	0.6	4.3	0.6558	2.1	0
3990	1988	19	4233.6	-1.2	2.4	0.5807	4.7	0
3990	1988	20	5529.6	-1.7	1.4	0.5318	7.1	0
3990	1988	21	3283.2	-1.3	3.6	0.5976	4	0
3990	1988	22	4838.4	-1.6	3.5	0.5629	5.4	4.1
3990	1988	23	2073.6	-0.5	2.3	0.6	4.8	0.4
3990	1988	24	1555.2	-2	2.9	0.5745	6.5	2.6
3990	1988	25	1555.2	2.6	7.4	0.7674	6	2
3990	1988	26	4147.2	3.2	9.1	0.7745	6.3	0.5
3990	1988	27	3369.6	3	6.4	0.6576	4.8	0.1
3990	1988	28	1641.6	-0.1	5.6	0.6328	4.5	1
3990	1988	29	5788.8	3.5	8.9	0.8151	5.1	0
3990	1988	30	2851.2	3.6	6.2	0.6842	3.3	0.3
3990	1988	31	1728	0.9	4.1	0.6289	3.3	1.8
3990	1988	32	1814.4	0.2	3.4	0.5357	8.4	0.1
3990	1988	33	4233.6	2.9	6.6	0.6856	8.3	1
3990	1988	34	4665.6	1.6	7	0.6727	7.2	0.1
3990	1988	35	2246.4	2.6	10.4	0.6676	6	0
3990	1988	36	1900.8	2.1	6.5	0.6644	5.8	0
3990	1988	37	2332.8	3.5	8.4	0.7732	6.6	0
3990	1988	38	1987.2	0.9	4.6	0.6328	2.9	0
3990	1988	39	3801.6	-0.2	4.1	0.5625	7.4	0
3990	1988	40	3628.8	0.3	3.5	0.5675	7.8	0.6
3990	1988	41	5788.8	0.2	4.4	0.5624	8.9	0
3990	1988	42	3628.8	0.8	4	0.5882	7.4	0.4
3990	1988	43	2160	-1.1	3.1	0.6174	2.3	14.4
3990	1988	44	6566.4	-1.9	2.7	0.5661	2.9	0
3990	1988	45	8985.6	-6.3	3	0.444	3.9	0.1
3990	1988	46	8899.2	-5.9	4.4	0.4917	1.3	0
3990	1988	47	8467.2	-1.8	5.4	0.5635	6.3	0
3990	1988	48	3110.4	-0.4	4	0.5496	7.4	1.1
3990	1988	49	2419.2	-0.2	2.5	0.5777	5.5	4.2
3990	1988	50	2419.2	1	3.6	0.6561	6	6
3990	1988	51	4924.8	-1.6	1.5	0.554	3.2	0.6
3990	1988	52	5616	-5.9	1.5	0.4576	4.3	0.9
3990	1988	53	6220.8	0.9	5	0.6343	4.7	0
3990	1988	54	6220.8	0.1	3.6	0.6004	5.1	4.3
3990	1988	55	2678.4	-1.3	1.3	0.5743	4	5.9
3990	1988	56	2678.4	-1.9	-0.8	0.537	5.3	12.2
3990	1988	57	2764.8	-2.9	-0.7	0.5195	2.4	2.3
3990	1988	58	2764.8	-1.7	-0.5	0.5582	5	3.1
3990	1988	59	4406.4	-2.9	1.3	0.5245	6.2	3
3990	1988	60	7171.2	-2	1.3	0.4944	7	1.6
3990	1988	61	5270.4	-2.7	0.4	0.5225	5	2.5
3990	1988	62	6307.2	-5	-1.4	0.4248	3.8	1.1
3990	1988	63	5875.2	-2.9	1.3	0.4669	4.5	0
3990	1988	64	3110.4	-1.2	1.8	0.4933	5	0.4
3990	1988	65	10368	-0.8	2.3	0.5032	4	0
3990	1988	66	5097.6	-3.7	0.8	0.4396	6.4	2.7
3990	1988	67	3283.2	-0.4	1.7	0.5956	5.2	8
3990	1988	68	3369.6	-2.8	0.2	0.4834	6	4.8
3990	1988	69	10281.6	-4	0.1	0.4184	2	0
3990	1988	70	6393.6	-8.7	1	0.3954	6	1.6
3990	1988	71	8812.8	-1	3.5	0.5818	6.2	7
3990	1988	72	9244.8	-2	3.2	0.5552	6.5	4.8
3990	1988	73	3542.4	-3.6	0.4	0.4783	4.3	10.6
3990	1988	74	6480	-4.9	0.9	0.4538	2.5	0
3990	1988	75	3715.2	-5.7	4.2	0.5033	6.3	4.1
3990	1988	76	5788.8	2.6	7.2	0.7361	6.3	1
3990	1988	77	8035.2	-0.7	5.2	0.5819	6.6	1
3990	1988	78	11836.8	-4.1	3.3	0.4807	2.7	0.5
3990	1988	79	14515.2	-4.7	5.9	0.4595	3.1	0.2
3990	1988	80	6912	1.9	10.9	0.788	6.1	1.9
3990	1988	81	5356.8	4.1	10.3	0.9441	2.7	2.1
3990	1988	82	4060.8	5.1	8.9	0.9313	3.6	7.9
3990	1988	83	8208	1.8	9.4	0.791	4.6	0.1
3990	1988	84	5961.6	4	8.3	0.8217	5.2	3.2
3990	1988	85	6652.8	0.8	7	0.7106	5.6	4.4
3990	1988	86	13651.2	2.1	9.4	0.8269	5.1	1.6
3990	1988	87	4320	1	6.1	0.709	5.3	3.8
3990	1988	88	6652.8	0.3	5.7	0.6895	3.7	1.8
3990	1988	89	9849.6	0.6	8.9	0.7113	4.5	0
3990	1988	90	10195.2	2.2	13	0.7303	2.4	0
3990	1988	91	9331.2	1.8	12	0.8155	2.4	12.8
3990	1988	92	4579.2	2.5	8.9	0.8881	4.8	5.5
3990	1988	93	16329.6	1.6	9.9	0.689	3.2	0
3990	1988	94	16675.2	-0.7	12.5	0.6777	2	0
3990	1988	95	9244.8	1.1	9	0.7701	4.2	0.6
3990	1988	96	4752	3.9	8.9	0.8937	4.8	4.3
3990	1988	97	13910.4	3.5	14.3	0.9458	5	0
3990	1988	98	16588.8	4.8	17.5	0.9008	4.9	0
3990	1988	99	4924.8	6.3	12.9	1.0153	2.8	1.5
3990	1988	100	5011.2	0.2	7.6	0.6863	2.4	2.3
3990	1988	101	21168	-2.5	8.2	0.5173	4	0
3990	1988	102	19267.2	2.7	12.5	0.626	3.3	0
3990	1988	103	20131.2	1.1	16.5	0.7357	2.3	0
3990	1988	104	12528	3.2	12	0.7095	4.7	2.6
3990	1988	105	22032	-3.6	8.2	0.411	1.5	0
3990	1988	106	19267.2	-0.6	14.5	0.509	3.1	0
3990	1988	107	20217.6	2.1	17.8	0.5503	4.8	0
3990	1988	108	21168	3.3	21.6	0.6783	3.9	0.5
3990	1988	109	17280	10.5	20	1.3499	0.3	0
3990	1988	110	21427.2	8.1	22	1.1789	2.3	0
3990	1988	111	19440	8.7	23.3	1.2347	4.1	11.4
3990	1988	112	17539.2	8.1	16	0.9981	3.6	0
3990	1988	113	15552	7.1	13.6	0.8918	3.6	0
3990	1988	114	17280	-1.3	8.6	0.5554	4.7	0.3
3990	1988	115	23587.2	-3.7	6.2	0.4013	1	0
3990	1988	116	23241.6	-3.2	9.4	0.4426	1.5	0
3990	1988	117	22377.6	-2.1	9.4	0.4681	2.1	0
3990	1988	118	22118.4	-0.9	14.4	0.5315	4.9	0
3990	1988	119	7257.6	3.9	15.8	0.7531	3.9	0
3990	1988	120	9158.4	5.7	15.1	0.9578	0.7	0
3990	1988	121	19872	7.8	20.2	1.0219	2.2	0.2
3990	1988	122	22377.6	7.9	21.9	1.1676	3.6	0.3
3990	1988	123	13305.6	10	20.7	1.1844	3	5.1
3990	1988	124	13910.4	7.8	16.1	1.1172	3.6	2.3
3990	1988	125	17193.6	7.1	17.1	1.1424	4.8	0.9
3990	1988	126	20131.2	5.8	18.5	1.0471	3	0
3990	1988	127	23241.6	7.3	16	1.0543	2.3	0
3990	1988	128	24364.8	4.7	19.5	0.9591	4.3	0
3990	1988	129	6220.8	6.9	17.6	0.8831	6.5	0
3990	1988	130	23068.8	9.1	21.9	0.9497	5.3	0
3990	1988	131	25056	6.7	18.1	0.7624	4	0
3990	1988	132	25833.6	2	15.4	0.6296	4.6	0
3990	1988	133	26438.4	5.9	22	0.9867	7.2	0
3990	1988	134	25401.6	8.8	22.7	1.0901	6.9	0
3990	1988	135	24624	8	23.6	0.9681	6.7	0
3990	1988	136	26611.2	9.3	23.9	0.8678	4.8	0
3990	1988	137	23673.6	11.8	24.2	1.0922	3.6	0
3990	1988	138	13824	11.1	19.8	1.3498	1.5	2.5
3990	1988	139	6566.4	8	16.8	1.3809	1.5	5.8
3990	1988	140	8553.6	8.8	14.8	1.1892	2.7	4
3990	1988	141	8985.6	8.5	12.3	1.0838	3.1	0.1
3990	1988	142	21081.6	2.4	11.5	0.6986	2.3	0
3990	1988	143	10368	5.1	12.9	0.849	0.5	0
3990	1988	144	20822.4	1.6	16.3	0.8232	2.7	0
3990	1988	145	25833.6	5.1	23	1.0092	2.6	0
3990	1988	146	26438.4	9	27.2	1.2857	2.9	0
3990	1988	147	27475.2	8.9	25.8	1.1869	4.2	0
3990	1988	148	23932.8	11.7	25.3	1.4459	4.2	2.3
3990	1988	149	24105.6	10.8	25.2	1.4837	4.3	0.3
3990	1988	150	16502.4	11.8	20.9	1.5596	2	6.3
3990	1988	151	20649.6	9.7	20	1.1807	3.2	0
3990	1988	152	20044.8	10.7	18.3	1.0225	5.1	2.5
3990	1988	153	22464	7.4	17.3	1.018	4.5	0
3990	1988	154	15811.2	10	17.8	1.1263	4.5	0
3990	1988	155	16416	10	21.1	1.2879	3.8	0
3990	1988	156	9072	12.7	20.1	1.5832	2.9	8.9
3990	1988	157	16156.8	10.1	16.4	1.1101	2.5	3.1
3990	1988	158	6652.8	9.1	13.9	1.3015	3.7	17
3990	1988	159	14428.8	10.3	18.2	1.3956	0.8	0
3990	1988	160	6652.8	12.6	17	1.5132	1.2	0.1
3990	1988	161	13219.2	12.9	18.2	1.5879	1.6	0
3990	1988	162	19785.6	11.7	21.6	1.6464	0.7	0
3990	1988	163	6739.2	12.9	19.3	1.736	2	5.5
3990	1988	164	17020.8	10.1	17.8	1.321	4.5	0.1
3990	1988	165	26697.6	6.2	20.2	1.0004	1	0
3990	1988	166	27302.4	8.9	24	1.2145	2.8	0
3990	1988	167	21168	10.3	21.8	1.348	1.1	0
3990	1988	168	23414.4	10.1	20.7	1.3455	1.6	0
3990	1988	169	24105.6	9.1	21.2	1.049	2.8	0
3990	1988	170	29980.8	10.1	22.5	1.055	1.5	0
3990	1988	171	10195.2	11.6	21.4	1.4621	1.7	0.3
3990	1988	172	11923.2	10.1	17	1.2096	2	0
3990	1988	173	14860.8	7.6	17.8	1.0856	2.4	0
3990	1988	174	6739.2	11.1	17.6	1.3883	2.4	7.2
3990	1988	175	11318.4	8.1	11.3	1.0462	4	0
3990	1988	176	6739.2	10.3	15.3	1.27	1.8	0.1
3990	1988	177	6739.2	12.1	16.2	1.4672	0.4	0.5
3990	1988	178	10627.2	12.8	19	1.6057	0.8	0
3990	1988	179	9417.6	14	20	1.722	0.8	0.9
3990	1988	180	20044.8	10.5	25.6	1.6951	1.6	0.5
3990	1988	181	17712	12.1	25.7	1.6569	1.6	0
3990	1988	182	22291.2	13.2	27.1	1.6963	2.5	4.6
3990	1988	183	16761.6	15.3	30.1	1.9549	4.3	0
3990	1988	184	20908.8	12.8	21.9	1.1473	4.1	0
3990	1988	185	16934.4	11.2	19.7	1.3849	4.2	4.7
3990	1988	186	18057.6	11.4	22	1.4428	3.5	0.1
3990	1988	187	19612.8	11.2	31.3	1.7897	3.5	4.8
3990	1988	188	20131.2	12.8	25.2	1.5575	3.3	1.5
3990	1988	189	17625.6	13.1	22.9	1.6692	2.6	3.2
3990	1988	190	13910.4	12.8	23	1.5154	2.8	0
3990	1988	191	18403.2	11	21.1	1.348	3.4	8.4
3990	1988	192	27216	8.8	23.8	1.203	1.1	0
3990	1988	193	23846.4	12	28.1	1.4283	3.2	1.6
3990	1988	194	15724.8	13.3	25.2	1.6488	1.4	0
3990	1988	195	19008	10.1	24.5	1.3606	2.5	5.6
3990	1988	196	20217.6	13.5	21.8	1.5522	4.5	0.4
3990	1988	197	12355.2	11.2	18.4	1.3955	3.6	4.1
3990	1988	198	8812.8	12	17	1.3853	4	2.4
3990	1988	199	7516.8	11.3	16.7	1.3252	3.9	1
3990	1988	200	16416	10.9	20.3	1.416	4	1.4
3990	1988	201	8467.2	10.8	17.2	1.3093	2.8	0
3990	1988	202	22896	11.9	24.4	1.5186	2	0
3990	1988	203	6998.4	13.9	22.1	1.6898	0.8	0.4
3990	1988	204	19094.4	14.8	28.4	1.9572	2.8	0
3990	1988	205	24451.2	17.5	31.4	1.9883	1.8	0.7
3990	1988	206	15552	18.5	29.5	2.263	2.8	4.6
3990	1988	207	26956.8	11.3	24.2	1.2375	1.5	0
3990	1988	208	27216	12.5	30.9	1.4251	2.9	0.3
3990	1988	209	8726.4	13.6	28.8	2.111	1.2	2.1
3990	1988	210	21859.2	10.4	22.9	1.2868	2	0
3990	1988	211	17625.6	12.7	26.2	1.7371	3.3	2.7
3990	1988	212	24451.2	8.8	21.3	1.0593	2.3	0
3990	1988	213	20822.4	9.1	23.8	1.0651	2	0
3990	1988	214	24624	9.1	27.7	1.3101	0.8	0
3990	1988	215	9849.6	14	24.6	1.7434	1	0.7
3990	1988	216	11318.4	9.4	16.2	1.3586	2.3	2.3
3990	1988	217	19612.8	6.3	20.3	1.0375	1.1	0
3990	1988	218	19008	12.3	21.7	1.219	2.7	0
3990	1988	219	8553.6	10.4	21.5	1.267	2	0
3990	1988	220	24883.2	11	26.7	1.4561	1.7	0
3990	1988	221	20908.8	12.2	28	1.4562	1.8	0
3990	1988	222	18748.8	16.2	28.5	1.6713	1.4	0
3990	1988	223	20563.2	15.7	28.3	1.7416	1.3	0
3990	1988	224	10022.4	17.3	27.7	1.7681	3.3	0
3990	1988	225	17539.2	14.1	27.9	1.6136	2.9	0
3990	1988	226	21513.6	15.9	26.2	1.3695	3.4	0
3990	1988	227	25142.4	11.2	31.3	1.21	2.1	0
3990	1988	228	22204.8	17.2	31.8	1.5954	2.9	0
3990	1988	229	17280	13	25.8	1.4618	1.6	0
3990	1988	230	23500.8	7.5	22.9	1.0696	2	0
3990	1988	231	23155.2	8.2	27	1.0651	2.3	0
3990	1988	232	12528	13.8	28.5	1.3779	4.5	11.7
3990	1988	233	7862.4	15.8	25.2	1.9499	4.8	0
3990	1988	234	18489.6	12.9	20.7	1.28	4.4	0
3990	1988	235	15120	9.2	20.2	1.2863	3.4	0.1
3990	1988	236	14774.4	10	17.5	1.0526	3.5	0
3990	1988	237	11059.2	11.2	22.5	1.1883	3.7	0.8
3990	1988	238	6825.6	12	18.2	1.4399	3.8	12.2
3990	1988	239	9849.6	9.6	16	1.137	4.3	1.2
3990	1988	240	15724.8	8.3	21.5	1.2522	1.8	0
3990	1988	241	18489.6	13.6	26.3	1.7452	3.7	0
3990	1988	242	11491.2	16.2	24.3	1.8727	2.5	3.4
3990	1988	243	14169.6	11.8	20.2	1.2892	1.6	0.1
3990	1988	244	18921.6	8.3	23.2	1.1616	2.3	0
3990	1988	245	17712	11.5	27	1.2923	4.5	3
3990	1988	246	4406.4	14.1	22.4	1.9049	3.5	2.8
3990	1988	247	15120	8	17.4	1.1443	3.8	2.8
3990	1988	248	13219.2	11	19.9	1.3323	2.5	0.2
3990	1988	249	9590.4	9.5	19.4	1.4466	3	7.6
3990	1988	250	13046.4	12.5	17.8	1.3929	3	0.1
3990	1988	251	12700.8	9.2	18	1.3068	1.2	0
3990	1988	252	14169.6	5	18.2	1.16	1	0
3990	1988	253	17625.6	5	20.5	1.0156	1.1	0
3990	1988	254	17712	8	23.5	1.1794	1.3	0
3990	1988	255	10713.6	9.5	24.2	1.3416	3.5	0.3
3990	1988	256	11404.8	10.5	18.6	1.1416	4.2	0.1
3990	1988	257	10195.2	7.8	14.8	0.9231	5.8	0
3990	1988	258	3888	5.7	12.2	1.0176	2	1.5
3990	1988	259	5443.2	7.8	13.5	1.2173	1.1	1
3990	1988	260	6652.8	8.5	14.6	1.1834	2.7	1.7
3990	1988	261	9849.6	9.9	17.2	1.3026	3.8	0.1
3990	1988	262	10195.2	9.9	17.8	1.2492	4.7	0
3990	1988	263	3628.8	11	15.2	1.2349	2.6	0
3990	1988	264	3542.4	11.3	14	1.1552	0.5	0
3990	1988	265	3542.4	10.3	14	1.132	0.3	0
3990	1988	266	14688	7.9	19.9	1.1105	2.4	0
3990	1988	267	9590.4	9.7	18	1.2492	6.1	3.6
3990	1988	268	10713.6	7.9	16	0.9497	7.6	0.3
3990	1988	269	3369.6	11.7	14.8	1.2622	5.3	0.5
3990	1988	270	10281.6	13.7	20.8	1.4743	5.5	0
3990	1988	271	10108.8	13.1	20.5	1.3947	4.1	0
3990	1988	272	9331.2	11.1	22.7	1.0767	5.4	0
3990	1988	273	4060.8	12.3	19.4	1.0611	3.8	0.2
3990	1988	274	6652.8	9	13.9	1.0269	1	0
3990	1988	275	11664	6.4	14.3	0.8792	2.2	0
3990	1988	276	11664	1.3	16.2	0.925	1.4	0
3990	1988	277	12441.6	4.2	20	1.1283	1.7	0
3990	1988	278	12787.2	4.7	18.6	0.9721	1.7	0
3990	1988	279	10022.4	4.9	20	1.2123	3.5	7.5
3990	1988	280	8294.4	8.2	14.1	1.1127	6.9	3.3
3990	1988	281	8121.6	6.3	12.6	0.9342	8.1	1.4
3990	1988	282	5788.8	5.4	10.7	0.7315	7.4	0
3990	1988	283	8035.2	7.6	17.5	1.0605	7.7	0.5
3990	1988	284	9244.8	9.7	17.8	0.974	5.3	0
3990	1988	285	2592	3.1	10.8	0.8582	2.8	2.3
3990	1988	286	6220.8	6.1	16.6	1.2618	0.3	5
3990	1988	287	5184	11	16.2	1.4469	1	0.6
3990	1988	288	2505.6	7.1	13.4	1.2477	0.4	0.2
3990	1988	289	2419.2	11.8	12.8	1.4291	0.9	1.6
3990	1988	290	2419.2	10.2	11.9	1.3159	2	0.4
3990	1988	291	2332.8	9.8	12.8	1.3245	0.7	0.1
3990	1988	292	2332.8	10.2	13	1.3101	1	0.1
3990	1988	293	2332.8	8.3	10.5	1.1668	1.4	0.1
3990	1988	294	2246.4	6	12.6	1.0419	1.7	0.8
3990	1988	295	2246.4	9.2	11.5	1.1806	0.7	0.2
3990	1988	296	2160	8.8	11.8	1.1016	0.4	0
3990	1988	297	2160	8.2	12.4	1.0891	0.7	0
3990	1988	298	2073.6	6	10.8	0.9695	1.8	1.6
3990	1988	299	2073.6	3.9	9	0.8775	3.5	2.2
3990	1988	300	3715.2	-1	9.4	0.6267	3.7	0
3990	1988	301	5270.4	3.9	14	0.7775	5.8	0
3990	1988	302	5270.4	8.9	16	1.2123	3.7	0.1
3990	1988	303	7344	4.8	11.9	0.7905	2.8	0
3990	1988	304	2678.4	-1	5.1	0.6516	1.3	1.3
3990	1988	305	1900.8	-4.1	4.5	0.5827	2.5	0.5
3990	1988	306	2592	1.1	7.8	0.6714	4.5	0
3990	1988	307	3369.6	1.2	6.9	0.6773	4	6.4
3990	1988	308	5702.4	-2.6	2.8	0.4801	2.6	0
3990	1988	309	7689.6	-6.1	3.7	0.4534	1.3	0
3990	1988	310	7862.4	-9.1	4.5	0.3768	2.5	0
3990	1988	311	3628.8	-4.8	3.6	0.4679	1.8	0
3990	1988	312	3715.2	-2	7.6	0.635	1.5	0
3990	1988	313	6134.4	-0.3	6.4	0.6768	1.8	0
3990	1988	314	5097.6	-5.6	4.8	0.4807	1.9	0
3990	1988	315	6825.6	-1	7.4	0.5918	5.3	0
3990	1988	316	3110.4	1.3	9.3	0.6412	5.3	0
3990	1988	317	4752	4	14.4	0.8256	4.8	0
3990	1988	318	2937.6	6.1	10	0.9252	5	7.8
3990	1988	319	1468.8	4.5	6.7	0.8365	5	14.7
3990	1988	320	1468.8	3.9	7.3	0.891	1.9	6.5
3990	1988	321	1468.8	6	7.4	0.9417	1.5	0.3
3990	1988	322	6307.2	1	10	0.7946	3.8	0
3990	1988	323	1382.4	3.9	8.5	0.8246	6.1	2.9
3990	1988	324	4320	-0.3	7.9	0.6895	3.6	7.3
3990	1988	325	1382.4	-1	1.5	0.6097	1.7	8.4
3990	1988	326	1900.8	-5.5	-0.9	0.4248	4.5	0.6
3990	1988	327	4665.6	-9.8	-4.5	0.2968	3	0.1
3990	1988	328	1296	-6.2	-1.3	0.3984	4.9	2.1
3990	1988	329	1296	-1.9	2.6	0.6079	4	7.4
3990	1988	330	1555.2	2.4	5.8	0.7616	4	0.7
3990	1988	331	1209.6	3.7	5.2	0.7889	2.1	0.3
3990	1988	332	1209.6	1	5.8	0.7093	2.9	0.5
3990	1988	333	1209.6	0.3	4	0.6491	5.5	0.7
3990	1988	334	2073.6	1	7	0.6749	7.5	1.4
3990	1988	335	1209.6	-3	3.5	0.5289	4.4	34
3990	1988	336	1296	-1.2	1.1	0.5966	2.4	6.5
3990	1988	337	1209.6	-3.5	0.1	0.5233	3.2	2.7
3990	1988	338	1209.6	-3.3	-1.5	0.5072	1	10.4
3990	1988	339	1209.6	-1.6	4.2	0.6175	5.8	4.1
3990	1988	340	1814.4	3.4	7.2	0.6679	5.8	0
3990	1988	341	2160	1.7	4.4	0.6083	5.7	3.1
3990	1988	342	1209.6	-0.1	2.6	0.5751	4	0
3990	1988	343	1209.6	-2.2	2.8	0.587	2.7	7.4
3990	1988	344	3110.4	1.4	5	0.661	3.1	0.9
3990	1988	345	1209.6	0.2	8	0.7697	4.3	7
3990	1988	346	1123.2	5.1	10	0.9046	5.8	3
3990	1988	347	1123.2	3.1	6	0.7606	5.3	2.5
3990	1988	348	1900.8	0.6	4.6	0.6555	3.5	1.4
3990	1988	349	1123.2	0.5	6.2	0.6758	5.3	2
3990	1988	350	3542.4	-4.9	1.4	0.4623	2.2	0
3990	1988	351	1382.4	-7.5	-2.3	0.3653	2	0
3990	1988	352	1123.2	-3.6	-0.4	0.4486	3.8	1
3990	1988	353	1123.2	-1.1	2.8	0.5978	4.8	6.7
3990	1988	354	1123.2	0.4	5	0.6899	5.8	30.5
3990	1988	355	2505.6	-3.5	3.5	0.5377	3.8	0.5
3990	1988	356	1123.2	-5.1	2.7	0.487	4.3	0.6
3990	1988	357	1123.2	1.9	6.2	0.7262	6.2	0
3990	1988	358	1123.2	4.5	6.5	0.7856	6.3	4.2
3990	1988	359	1123.2	4.8	9.2	0.8211	9.8	6.5
3990	1988	360	2851.2	0.2	6	0.6334	3.5	0.2
3990	1988	361	1123.2	4.4	8	0.834	2.6	0
3990	1988	362	2678.4	5	9.6	0.8791	5.8	0.2
3990	1988	363	3456	2.2	8	0.7728	2.2	0
3990	1988	364	3196.8	4.2	10.2	0.934	2.1	0
3990	1988	365	4665.6	0.4	4.8	0.6997	3.7	0
3990	1988	366	1209.6	2	3.8	0.7223	2.2	0.5
