*---------------------------------------------------------------------------*
* Station name: GERA-LEUMNITZ                           
* Year: 2012
* Author: Pedro Alencar                                   -999.000: NIL VALUE
* Source: ECAD 
* Comments: 
* Longitude: 50.8819, latitude: 50.8819, altitude: 311 m.
*
* Column  Daily value
* 1       station number
* 2       year
* 3       day
* 4       irradiation                   (kJ m-2 d-1)
* 5       minimum temperature           (degrees Celsius)
* 6       maximum temperature           (degrees Celsius)
* 7       early morning vapour pressure (kPa)
* 8       mean wind speed (height: 2 m) (m s-1)
* 9       precipitation                 (mm d-1)
*
** WCCDESCRIPTION=GERMANY, GERA-LEUMNITZ                           
** WCCFORMAT=2
** WCCYEARNR=2012
*---------------------------------------------------------------------------*
   50.8819  12.13    311.  -0.18 -0.55
3990	2012	1	1209.6	3.7	11.2	0.9294	6.1	0.1
3990	2012	2	1209.6	3.7	11.5	0.9181	6	3.1
3990	2012	3	3628.8	1.2	9.1	0.6697	9.2	0.1
3990	2012	4	2764.8	3	8.1	0.6433	8.3	0.6
3990	2012	5	1641.6	0.2	5.5	0.6223	10	8.3
3990	2012	6	4147.2	0.8	4.2	0.5777	7.2	0
3990	2012	7	1209.6	1.5	4.6	0.6464	6.9	1.1
3990	2012	8	1814.4	2.9	4.3	0.6878	5.8	2
3990	2012	9	1296	1.7	5.1	0.7249	4.3	4
3990	2012	10	4233.6	2.3	6	0.6821	4.9	0
3990	2012	11	1641.6	3.2	7.7	0.7109	4.8	0
3990	2012	12	2246.4	2.6	7.5	0.7176	7.4	1.6
3990	2012	13	3196.8	0.6	3.5	0.602	7.7	0.6
3990	2012	14	4838.4	-2.3	3.1	0.5095	5.8	0
3990	2012	15	2073.6	-3.4	-0.2	0.4874	2.7	0
3990	2012	16	2592	-3.4	0.2	0.4566	2.9	0.1
3990	2012	17	1382.4	-2.6	0.9	0.4824	3.6	0.2
3990	2012	18	5443.2	-3.6	4.9	0.4419	6.1	4.7
3990	2012	19	1468.8	0.9	5.4	0.7046	6.3	6.6
3990	2012	20	2678.4	-0.3	3.4	0.5535	6	0
3990	2012	21	1468.8	-0.2	4.7	0.6394	6.3	9.8
3990	2012	22	1987.2	1.9	5.6	0.6312	8.7	2
3990	2012	23	3024	0.7	5.3	0.6289	6	1.3
3990	2012	24	1555.2	0	2	0.6371	3.3	2.5
3990	2012	25	2073.6	-2.3	1.9	0.56	1.9	0
3990	2012	26	6048	-7.1	0.7	0.4248	3	0
3990	2012	27	2419.2	-6.2	0.9	0.4023	3.8	1.1
3990	2012	28	1641.6	-4.9	-0.9	0.4838	2.4	4.4
3990	2012	29	1728	-7.5	-3.3	0.3844	3.8	0
3990	2012	30	6134.4	-10.5	-1	0.3186	4.3	0
3990	2012	31	6912	-12.2	-5.6	0.2466	5.8	0
3990	2012	32	6998.4	-14.1	-8.8	0.1989	4.9	0
3990	2012	33	6480	-18	-11.1	0.1645	3.4	0
3990	2012	34	6566.4	-20.8	-8.3	0.1645	1.8	0
3990	2012	35	4665.6	-16.3	-8.9	0.2068	1.7	0
3990	2012	36	7689.6	-20.9	-9.4	0.1546	3.1	0
3990	2012	37	6912	-19.9	-14.3	0.1362	1.7	0
3990	2012	38	2937.6	-20.3	-10.6	0.1582	3	0.4
3990	2012	39	4752	-16.6	-8.8	0.1982	3	0.2
3990	2012	40	2678.4	-16.7	-4.6	0.2473	4.1	1.7
3990	2012	41	7516.8	-17.8	-9.9	0.1805	2.6	0
3990	2012	42	6912	-20.1	-10.7	0.1551	2.3	0
3990	2012	43	8035.2	-19.8	-4.7	0.1865	2.8	0
3990	2012	44	2246.4	-7.7	-2	0.3667	3.4	0
3990	2012	45	3110.4	-4.5	1	0.4838	4.5	0.6
3990	2012	46	5616	-0.7	2.9	0.5425	9	1
3990	2012	47	8899.2	-5.1	2.8	0.4326	4.2	3.4
3990	2012	48	2332.8	0.4	4.9	0.6505	5	0
3990	2012	49	6048	1.5	5.9	0.6927	6	0.6
3990	2012	50	4838.4	-0.3	4.8	0.5675	6.2	1.1
3990	2012	51	7862.4	-2.6	2.9	0.4694	3.4	0
3990	2012	52	3456	-2.8	3.4	0.512	5.9	1.8
3990	2012	53	10195.2	1.2	8.7	0.6605	5.7	0
3990	2012	54	2592	4	8.1	0.6941	6.5	0
3990	2012	55	3196.8	5.4	10.5	0.8975	6.4	0.1
3990	2012	56	5616	2.4	7.6	0.6541	5.8	0
3990	2012	57	6307.2	-0.8	5.9	0.5945	4.4	2.9
3990	2012	58	6134.4	-1.7	5.3	0.5635	3.7	0.7
3990	2012	59	2851.2	3	8.1	0.8336	5.3	0.3
3990	2012	60	2937.6	8	9.8	1.0826	3.9	0
3990	2012	61	5961.6	7.2	11.8	1.1035	2.4	0
3990	2012	62	3024	3.5	8	0.8452	1.7	0
3990	2012	63	8294.4	0	9.1	0.7183	3.1	0
3990	2012	64	3542.4	2.4	8.7	0.6977	3	0
3990	2012	65	6393.6	-0.6	6.8	0.5647	3.7	0
3990	2012	66	11404.8	-1.4	7.4	0.5607	2.5	0
3990	2012	67	11923.2	-2.7	8.6	0.5059	4.2	0.7
3990	2012	68	6134.4	0.8	7.6	0.668	5.3	1.6
3990	2012	69	13219.2	-1.5	9.1	0.6013	3.7	0
3990	2012	70	4233.6	1.6	9.3	0.6659	4.5	0.8
3990	2012	71	3456	5.1	7.7	0.8648	4.9	0.7
3990	2012	72	3542.4	5.6	8.7	0.9004	4.9	0.8
3990	2012	73	3542.4	4.1	6.7	0.807	2.8	0.4
3990	2012	74	3628.8	4	5.8	0.7361	2.5	0
3990	2012	75	12355.2	3.7	13.4	0.7902	2.6	0
3990	2012	76	15897.6	3.6	20.7	0.8066	5.3	0
3990	2012	77	15465.6	5.8	19.6	0.7775	5.6	0
3990	2012	78	10281.6	5.1	16.8	0.8235	4.9	0.2
3990	2012	79	14256	-0.6	10.1	0.5142	3.2	0
3990	2012	80	16848	-1.5	12.8	0.5383	3.3	0
3990	2012	81	16848	1.5	15.9	0.7532	2.4	0
3990	2012	82	14169.6	3.4	14.1	0.9701	2.4	0
3990	2012	83	13737.6	0.9	15	0.8975	2	0
3990	2012	84	17452.8	2	16.7	0.8692	2	0
3990	2012	85	17971.2	2.1	17.2	0.7671	3.1	0
3990	2012	86	17884.8	1.8	13.3	0.6343	1.9	0
3990	2012	87	16329.6	0.6	17.5	0.7828	3.8	0
3990	2012	88	18230.4	4.7	18.3	0.827	4.2	0
3990	2012	89	5011.2	5.3	11.7	0.7764	7.6	0.6
3990	2012	90	4492.8	5.1	8.7	0.8454	7.2	0.2
3990	2012	91	6912	0.1	8.5	0.6062	7.8	0.4
3990	2012	92	15724.8	-2.1	8.8	0.4816	5.1	0
3990	2012	93	5529.6	3.5	9	0.6657	4.3	0
3990	2012	94	14428.8	2	16.3	0.7881	2.5	1.8
3990	2012	95	7344	3.9	12	0.9189	4.2	0.1
3990	2012	96	4752	2.7	4.9	0.7296	3.9	0
3990	2012	97	4838.4	-0.6	3.4	0.5611	2.6	0
3990	2012	98	10540.8	-1.3	6.2	0.5538	4.9	0.4
3990	2012	99	15033.6	-3.5	4.3	0.3585	3.8	0
3990	2012	100	13219.2	-3.4	9.4	0.5001	6.9	0.5
3990	2012	101	15206.4	6	17.9	0.9078	6.4	0.8
3990	2012	102	5097.6	6	12	1.0096	3.2	10.8
3990	2012	103	10368	5	12.5	0.9589	3.1	1.5
3990	2012	104	12614.4	1.6	11.8	0.7553	3	0
3990	2012	105	20563.2	-0.5	12.2	0.6476	3.5	0
3990	2012	106	5270.4	2.9	10.3	0.7307	4.5	0.8
3990	2012	107	13737.6	0	8.7	0.5417	5	0
3990	2012	108	18230.4	-2.5	9.8	0.4839	3.6	0
3990	2012	109	12355.2	1.4	10.8	0.6212	4.5	0
3990	2012	110	15984	0.8	15.5	0.7582	3.5	0
3990	2012	111	13564.8	3.8	13.7	0.8686	3.5	1.8
3990	2012	112	17107.2	2.4	14.1	0.807	5.2	0.8
3990	2012	113	17193.6	3.6	12.9	0.7415	4.3	0
3990	2012	114	17193.6	1.9	13.2	0.7486	4.9	0.1
3990	2012	115	10454.4	4.5	11.9	0.826	3.2	0.5
3990	2012	116	15379.2	5.5	14.8	0.7932	5.3	0
3990	2012	117	15206.4	7.7	19.9	0.8196	4.8	0
3990	2012	118	17366.4	7.7	23.8	1.0186	3.5	0
3990	2012	119	24624	10.1	29.5	1.268	3.9	0
3990	2012	120	15897.6	14.2	26.9	1.1591	4.6	0
3990	2012	121	18662.4	10.3	21.8	1.1111	3.3	0
3990	2012	122	19785.6	10.1	22.5	1.3881	2.3	0
3990	2012	123	22464	9.8	25.2	1.5975	2.8	4.9
3990	2012	124	11577.6	8	18.1	1.2909	3.6	2.9
3990	2012	125	21513.6	6.7	20.4	1.039	3.3	0
3990	2012	126	13046.4	6	15.7	1.1167	2.8	4.7
3990	2012	127	6134.4	4	8.1	0.8911	3.2	4.6
3990	2012	128	11404.8	5.6	13.7	1.0787	1.8	4.4
3990	2012	129	17539.2	5.4	19.9	1.0967	3	0.5
3990	2012	130	13564.8	9.4	20.6	1.2944	4.7	0
3990	2012	131	22896	11.9	24.6	1.5072	5	0
3990	2012	132	21600	12.6	27.8	1.5597	5.6	1.9
3990	2012	133	12700.8	3.5	12.7	0.788	3.5	0.2
3990	2012	134	16070.4	1.1	10	0.6433	2.3	0
3990	2012	135	26870.4	0.8	15.8	0.6893	3.5	0
3990	2012	136	22464	3.5	17.8	0.897	4.4	2.3
3990	2012	137	18316.8	3.9	12.5	0.8042	5	0.3
3990	2012	138	27216	0.8	13	0.6266	3.7	0
3990	2012	139	22118.4	3.9	18.2	0.6579	4	0
3990	2012	140	20131.2	9.9	23.4	1.0408	4.1	0
3990	2012	141	27302.4	8.9	27.5	1.1686	3.7	0
3990	2012	142	21945.6	11.2	27.3	1.2923	5	0
3990	2012	143	25228.8	13	27.9	1.3679	3.9	2.1
3990	2012	144	28080	14.4	27.8	1.5236	3.5	0
3990	2012	145	23587.2	12.3	23.6	1.3353	4	0
3990	2012	146	28425.6	9.4	21.2	0.8681	3.9	0
3990	2012	147	27302.4	7.6	22.5	0.8714	2.7	0.4
3990	2012	148	23328	11.9	23.1	1.1382	2.6	0
3990	2012	149	22464	9.4	22.8	1.1512	2.8	0
3990	2012	150	23500.8	9.8	23.7	1.1998	3.9	0
3990	2012	151	23500.8	7.9	22.2	1.1106	3.2	0
3990	2012	152	10886.4	7.7	20.9	1.3024	3.8	10.4
3990	2012	153	9763.2	8.7	16.1	1.1652	5.9	0.5
3990	2012	154	21686.4	7.7	15.7	0.8654	3.3	0.2
3990	2012	155	6652.8	5.5	12.5	1.067	2.5	13.3
3990	2012	156	9590.4	7.6	15.9	1.2542	2.2	6.5
3990	2012	157	8812.8	4.3	12.3	0.8316	4.5	0.2
3990	2012	158	11059.2	3.2	15.7	0.9815	3.7	1.3
3990	2012	159	20044.8	10.2	21.4	1.4163	4.1	0.9
3990	2012	160	17107.2	12.1	22.4	1.4153	5.3	0
3990	2012	161	23068.8	10.2	20.9	1.0762	5	0
3990	2012	162	14428.8	9.5	19.3	1.0159	2.1	0.2
3990	2012	163	13219.2	9.6	19.6	1.3445	2.6	3.9
3990	2012	164	21254.4	8.1	20.6	1.2086	2.5	0.2
3990	2012	165	11923.2	10.8	17.9	1.4209	3	8.9
3990	2012	166	13651.2	7.8	14.3	1.1711	2.1	0.3
3990	2012	167	22377.6	6.5	22.5	1.2699	3.8	0
3990	2012	168	20476.8	13.1	26.3	1.6726	3.8	5.4
3990	2012	169	18662.4	12.9	22.2	1.4223	3.3	0
3990	2012	170	26438.4	11.5	30.5	1.6136	3.7	0
3990	2012	171	20390.4	14	24.1	1.5624	3.3	4.5
3990	2012	172	7862.4	14.7	20.5	1.9091	3	3.4
3990	2012	173	6739.2	13.4	16.6	1.635	2.1	0.8
3990	2012	174	26352	9.8	22.6	1.2138	4.5	0
3990	2012	175	21254.4	9.3	22.5	1.1367	3.5	0.3
3990	2012	176	20131.2	10.1	24.4	1.3367	5.9	1.5
3990	2012	177	19440	10	19.1	1.2243	5.9	1.5
3990	2012	178	18057.6	8.8	17.3	1.0957	4.9	0
3990	2012	179	16502.4	7.6	24.2	1.3892	3.8	3.8
3990	2012	180	23155.2	13.5	26.7	1.7615	2.8	0
3990	2012	181	25401.6	15.1	32.3	1.8425	3.3	6.8
3990	2012	182	25228.8	17.5	29.4	2.1031	2.5	4
3990	2012	183	13392	13.7	22	1.7556	4.3	3.8
3990	2012	184	10800	12.3	21	1.6275	3.4	3.5
3990	2012	185	12441.6	14	22.1	1.7158	1.8	0
3990	2012	186	21427.2	13.5	25.1	1.7881	2.6	0
3990	2012	187	12355.2	15.1	25.1	2.1138	2.8	11.8
3990	2012	188	16070.4	14.1	24.7	2.0016	2.5	29.7
3990	2012	189	17366.4	14.4	22.5	1.8441	2.7	2.9
3990	2012	190	24019.2	13.1	25.4	1.6934	3.9	1
3990	2012	191	22809.6	12.1	24	1.3644	5.1	0.1
3990	2012	192	18662.4	13.8	23.2	1.5947	2.3	0.6
3990	2012	193	18748.8	12.8	22.6	1.3953	4.7	0.5
3990	2012	194	18921.6	9	19.2	1.2696	5.3	5.7
3990	2012	195	11664	8.7	18.6	1.3267	5.3	5.3
3990	2012	196	18230.4	11.1	21.2	1.4849	6	8.1
3990	2012	197	17107.2	10.7	20.5	1.3983	4	13
3990	2012	198	16243.2	10.5	19.3	1.2522	4.8	9.4
3990	2012	199	11923.2	12	19.7	1.6006	5.3	6.1
3990	2012	200	15033.6	13.2	24.2	1.6148	4.8	0.6
3990	2012	201	14256	12.6	23	1.3431	6	0.4
3990	2012	202	13046.4	12	20.3	1.3199	3.7	0
3990	2012	203	9158.4	8.7	16.7	1.1883	2.4	0.4
3990	2012	204	19353.6	8.7	18.8	1.084	2.5	0
3990	2012	205	27734.4	7.3	24.3	1.1115	3.2	0
3990	2012	206	27388.8	10.2	28.2	1.3105	4	0
3990	2012	207	26697.6	15.1	31.2	1.641	2.2	0
3990	2012	208	26438.4	17.3	29.8	1.7969	2.7	0
3990	2012	209	23241.6	16.3	31.6	1.8406	2.7	0.2
3990	2012	210	16761.6	17.9	26	1.8942	3.5	0.7
3990	2012	211	14256	12.3	22.5	1.4684	3.9	1.6
3990	2012	212	21686.4	9.5	22.9	1.0483	4.5	0
3990	2012	213	19440	11.4	22.5	1.138	2.8	0
3990	2012	214	23587.2	12.3	27.4	1.4107	3.1	0
3990	2012	215	17625.6	15.6	29.4	1.7409	3.6	1.5
3990	2012	216	16070.4	15.1	25	1.8029	1.9	3.4
3990	2012	217	21340.8	13	27.3	1.39	2.5	0
3990	2012	218	12614.4	14.5	26.4	1.7999	2.4	0.1
3990	2012	219	10454.4	16	24.7	1.6935	5.1	0.6
3990	2012	220	13996.8	13.2	22	1.3062	5.1	0.1
3990	2012	221	16848	12.5	21.8	1.211	3.5	0
3990	2012	222	17193.6	11.2	22.9	1.3199	2.5	0
3990	2012	223	13478.4	13.4	18.5	1.2127	2.7	0
3990	2012	224	12960	10.8	20	1.2057	3	0
3990	2012	225	22809.6	6.1	22.1	1.0285	3.6	0
3990	2012	226	24105.6	7	23.5	0.9519	3.4	0
3990	2012	227	24019.2	8.2	24.8	0.956	2.4	0
3990	2012	228	24019.2	10.3	25.6	1.0682	2.8	0
3990	2012	229	9072	12.4	18.1	1.4538	2.5	2.1
3990	2012	230	20131.2	11.3	24.6	1.4585	2.6	0
3990	2012	231	22550.4	12	29.5	1.3201	2.8	0
3990	2012	232	23328	16.7	36	1.4037	4.9	0
3990	2012	233	20995.2	21.2	37.5	1.7532	5.2	0
3990	2012	234	16761.6	18.2	31.6	1.9481	2.5	2.3
3990	2012	235	17798.4	14.1	26	1.4985	3.9	0
3990	2012	236	22550.4	10.9	25.1	1.1952	2.6	6.7
3990	2012	237	6652.8	13.1	22.9	1.7722	3.4	6.5
3990	2012	238	17193.6	16.6	25.3	1.7324	5.4	0
3990	2012	239	15206.4	13.8	21.3	1.4423	6.7	2.6
3990	2012	240	16675.2	11.4	21.1	1.3652	3.1	0
3990	2012	241	15724.8	10.2	25.7	1.2326	4.2	0
3990	2012	242	14601.6	14.2	28.1	1.4782	3.2	0
3990	2012	243	7430.4	15	21.8	1.7116	3.9	10
3990	2012	244	4752	13.1	16.4	1.4748	2.4	0.2
3990	2012	245	8640	11.3	18.1	1.303	2.7	0
3990	2012	246	16156.8	8.4	21	1.303	2.5	0
3990	2012	247	18662.4	9.9	23	1.3267	2.2	0
3990	2012	248	18144	10	22.6	1.3511	1.6	0
3990	2012	249	7084.8	10.5	17.8	1.451	2.4	2.2
3990	2012	250	11923.2	8.5	17.4	1.0737	2.8	0
3990	2012	251	10627.2	6.6	21.7	1.0319	3.9	0
3990	2012	252	16502.4	14	24.9	1.4213	3.5	0
3990	2012	253	18230.4	10.9	27.9	1.4169	3.2	0
3990	2012	254	17107.2	16	30.1	1.4343	4.2	0
3990	2012	255	14256	11.6	28.3	1.5823	4.5	17.8
3990	2012	256	6393.6	9.2	14.6	1.2388	2.6	1.2
3990	2012	257	15465.6	7.2	16.1	1.0132	2.4	0
3990	2012	258	15033.6	5.9	18.4	0.9905	6.6	0.1
3990	2012	259	4492.8	8.9	16.7	1.1223	4	0
3990	2012	260	17020.8	7.3	21	1.1447	4	0
3990	2012	261	13651.2	10.3	21.7	1.2892	3.5	0
3990	2012	262	14774.4	10.9	25	1.4585	4.7	18.7
3990	2012	263	13651.2	6.5	14.8	0.9867	3.7	0
3990	2012	264	13737.6	4.5	13.9	0.8372	3.1	0
3990	2012	265	10800	4.6	15.9	0.8484	4.3	1.6
3990	2012	266	9331.2	5.4	14.5	0.9294	4.8	0
3990	2012	267	7948.8	3.9	14.2	0.8518	2.9	0
3990	2012	268	8035.2	7.3	19	1.1029	4.7	0
3990	2012	269	10886.4	9.8	21.8	1.3087	5.9	2.6
3990	2012	270	7948.8	9.4	22.9	1.3932	2.6	11.4
3990	2012	271	9676.8	9.9	15.3	1.1951	5.9	0
3990	2012	272	9676.8	7.7	16.9	1.0718	4.5	0
3990	2012	273	10454.4	7.2	17.5	1.0753	4.3	0
3990	2012	274	13996.8	4.7	16	0.9169	2.1	0
3990	2012	275	10972.8	5.6	16.8	1.0234	2.7	0
3990	2012	276	12268.8	8.6	18.8	1.1588	4.2	0
3990	2012	277	10540.8	8.8	19.9	1.1433	5.8	0
3990	2012	278	4665.6	6.4	18.1	1.0825	7.4	2.6
3990	2012	279	3801.6	6	16.8	1.0774	7.6	0.1
3990	2012	280	7430.4	8.5	19.5	1.2773	6	6.8
3990	2012	281	7776	6.2	12.3	0.9451	3.1	0
3990	2012	282	11232	4.6	12.3	0.8401	3.2	0
3990	2012	283	10368	3	12.8	0.7987	4.1	0
3990	2012	284	6307.2	2.1	10.7	0.7687	3	0
3990	2012	285	9590.4	2.1	11.9	0.7911	3	0
3990	2012	286	5356.8	1.3	13.4	0.8821	4.7	2.7
3990	2012	287	9676.8	5	13.3	0.9155	5	0
3990	2012	288	7084.8	7	11.1	0.8634	4.6	0
3990	2012	289	2419.2	3.7	10.8	0.8251	5.3	0.1
3990	2012	290	9936	1.2	12.5	0.7632	4.6	0
3990	2012	291	7862.4	3.6	15.5	0.9048	5.1	0
3990	2012	292	7603.2	8.3	17.1	1.1003	5.7	0
3990	2012	293	10108.8	9.5	22.5	1.2529	6	0
3990	2012	294	9936	7.9	24.6	1.3283	3.5	0
3990	2012	295	10022.4	6.4	20.2	1.2816	2.3	0
3990	2012	296	2160	5.5	9.9	1.04	2.1	0
3990	2012	297	2160	7	11.5	1.1084	2.3	0.1
3990	2012	298	2073.6	6.3	7.6	0.978	1.2	0.1
3990	2012	299	2505.6	6.7	9.8	0.9924	3.3	0.6
3990	2012	300	3110.4	-0.1	6.7	0.6347	3.8	18.6
3990	2012	301	1987.2	-1	0.7	0.5923	5.1	6.4
3990	2012	302	3110.4	-4.8	1.9	0.5166	2.2	0
3990	2012	303	8467.2	-7.5	2.1	0.4459	4.5	0
3990	2012	304	1900.8	0.4	3.3	0.6284	6.2	0.4
3990	2012	305	8035.2	0.5	9.5	0.7587	4.4	0
3990	2012	306	3024	1.2	9.1	0.7667	4.9	1.3
3990	2012	307	5443.2	4.2	9.3	0.7481	6.6	0.1
3990	2012	308	2160	5.7	10.3	0.9006	5.8	2.6
3990	2012	309	1728	4.9	11.1	0.9328	4.3	0.2
3990	2012	310	4406.4	4.6	9.9	0.8251	4.9	0.1
3990	2012	311	2592	1.6	5.3	0.6884	4.3	0.6
3990	2012	312	1641.6	4.5	9.3	0.8454	7	0.4
3990	2012	313	1641.6	5	7.8	0.788	5.1	0
3990	2012	314	3715.2	2.4	10.4	0.7783	3.6	0
3990	2012	315	2505.6	3.4	8.4	0.7148	6.2	0.7
3990	2012	316	1555.2	7	9.6	1.0176	3.4	4
3990	2012	317	2851.2	3.9	7.8	0.8141	2	0
3990	2012	318	6652.8	-0.4	7.8	0.6847	2.5	0
3990	2012	319	6480	-1.6	7.9	0.6969	2.5	0
3990	2012	320	5616	-2.1	3.2	0.5786	3.8	0
3990	2012	321	1468.8	-0.4	2.5	0.5735	4	0
3990	2012	322	6134.4	-1	5.3	0.6134	6.3	0
3990	2012	323	1382.4	1.1	7.7	0.7527	4.3	0.1
3990	2012	324	1382.4	1.2	6.4	0.7938	1.9	0
3990	2012	325	1382.4	-0.7	6.4	0.7272	2.5	0
3990	2012	326	5270.4	3.7	8.5	0.8189	6.1	0
3990	2012	327	4665.6	0.8	9.1	0.7474	4.5	0
3990	2012	328	2419.2	1.3	6.7	0.7318	5.7	0
3990	2012	329	1728	4.6	9.2	0.8553	3.8	0
3990	2012	330	2592	4.4	12.8	0.8263	6.2	0
3990	2012	331	1209.6	1.9	10.1	0.7665	5.1	0.5
3990	2012	332	1209.6	5.5	8.3	0.905	2.4	1
3990	2012	333	1209.6	3	6.1	0.8198	4.6	20.2
3990	2012	334	1209.6	-0.1	3.2	0.6697	6.1	19.4
3990	2012	335	1209.6	-6.6	0.5	0.4686	2.9	0.5
3990	2012	336	2419.2	-7.9	-0.3	0.4106	4.8	0
3990	2012	337	1209.6	-5.3	-0.1	0.4559	5.3	1.5
3990	2012	338	3628.8	-2.7	0	0.4982	5.1	0.4
3990	2012	339	2160	-0.5	2.5	0.5846	6	1
3990	2012	340	1468.8	-5.1	1.2	0.4767	3.3	1.6
3990	2012	341	1900.8	-6.9	-0.6	0.3938	5.4	0.1
3990	2012	342	4147.2	-11.2	-3	0.3088	4	0
3990	2012	343	3715.2	-14.5	-4.6	0.255	2.7	0
3990	2012	344	1209.6	-7.8	0.7	0.4044	8.1	4
3990	2012	345	1209.6	-3.2	1.1	0.5433	5.7	7.3
3990	2012	346	1123.2	-7.7	-2.9	0.3915	4.3	1.5
3990	2012	347	1123.2	-8.5	-3.7	0.3606	4.2	0.3
3990	2012	348	2678.4	-6.1	-2.9	0.359	6.1	0
3990	2012	349	3456	-3.4	0.7	0.4318	7.3	1.4
3990	2012	350	1987.2	-0.4	4.8	0.6371	6.8	2.1
3990	2012	351	3196.8	1.8	5.6	0.7325	5.8	0.8
3990	2012	352	2505.6	1.4	4.6	0.7123	4.6	1.5
3990	2012	353	1123.2	2.3	4.3	0.743	2.9	0.9
3990	2012	354	1123.2	1.3	3.4	0.6874	1.8	0
3990	2012	355	1728	-3.7	2.1	0.5591	3.4	0
3990	2012	356	1123.2	-3.7	-0.8	0.487	2.6	1.2
3990	2012	357	1123.2	-2.4	3.7	0.6084	3.9	4.6
3990	2012	358	1123.2	2.1	10.8	0.9064	6.2	17.1
3990	2012	359	1123.2	6.3	10.4	0.9881	4.6	0.8
3990	2012	360	2678.4	6.4	14	0.8829	7.1	0.9
3990	2012	361	2160	4.1	8.4	0.7608	6.3	0.2
3990	2012	362	3196.8	4.3	8	0.7745	6.2	6.9
3990	2012	363	4060.8	-1.6	4.7	0.5877	4.4	0
3990	2012	364	3369.6	3	9.2	0.753	7.4	0
3990	2012	365	3369.6	3.3	8.5	0.7055	6.9	1.2
3990	2012	366	1641.6	3.6	7.6	0.691	7.9	0
