*---------------------------------------------------------------------------*
* Station name: GIESSEN/WETTENBERG                      
* Year: 1996
* Author: Pedro Alencar                                   -999.000: NIL VALUE
* Source: ECAD 
* Comments: 
* Longitude: 50.6008, latitude: 50.6008, altitude: 203 m.
*
* Column  Daily value
* 1       station number
* 2       year
* 3       day
* 4       irradiation                   (kJ m-2 d-1)
* 5       minimum temperature           (degrees Celsius)
* 6       maximum temperature           (degrees Celsius)
* 7       early morning vapour pressure (kPa)
* 8       mean wind speed (height: 2 m) (m s-1)
* 9       precipitation                 (mm d-1)
*
** WCCDESCRIPTION=GERMANY, GIESSEN/WETTENBERG                      
** WCCFORMAT=2
** WCCYEARNR=1996
*---------------------------------------------------------------------------*
   50.6008  8.6506    203.  -0.18 -0.55
3991	1996	1	1123.2	-1	1.5	0.5662	1	0
3991	1996	2	1123.2	-1.8	0	0.4921	1.5	0
3991	1996	3	1123.2	-3	0	0.4545	1.1	0
3991	1996	4	4492.8	-10.4	-0.9	0.3371	1	0
3991	1996	5	3542.4	-10.6	-3.5	0.3316	1.2	0
3991	1996	6	2505.6	-11	-3	0.2931	1.7	0.7
3991	1996	7	1209.6	-3.2	2.4	0.5341	1.7	0
3991	1996	8	1209.6	1.6	3.3	0.6923	1.5	0
3991	1996	9	1209.6	2.2	4.1	0.6816	2.7	0.2
3991	1996	10	1209.6	-0.5	3.1	0.6309	1.3	0
3991	1996	11	1814.4	-0.5	3.2	0.6062	2.6	1
3991	1996	12	2419.2	1.5	5.9	0.7165	1	0
3991	1996	13	4665.6	-0.4	5.6	0.685	1.2	0
3991	1996	14	1296	-0.4	1.7	0.6148	1.5	0.1
3991	1996	15	1296	0.4	1.8	0.6219	2.4	0
3991	1996	16	1296	-0.6	0.8	0.5908	2.5	0
3991	1996	17	1382.4	-2	-0.6	0.5279	2	0
3991	1996	18	1382.4	-4.1	-2	0.4442	1.8	0
3991	1996	19	1382.4	-4.7	-2.3	0.4295	1.9	0
3991	1996	20	1382.4	-3.2	-1.2	0.39	3.5	0
3991	1996	21	1382.4	-2.6	-0.9	0.3709	3.6	0
3991	1996	22	5184	-6.1	0.7	0.3958	2.6	0
3991	1996	23	3369.6	-7.6	-2.1	0.3326	3.2	0
3991	1996	24	1468.8	-5.3	-2	0.3361	3.9	0
3991	1996	25	1468.8	-10.3	-5.3	0.2347	4.2	0
3991	1996	26	1555.2	-10.1	-6.6	0.2476	3.1	2.2
3991	1996	27	1555.2	-7.6	-3.6	0.3303	2.1	0
3991	1996	28	1555.2	-7.6	-4	0.3174	2.8	0
3991	1996	29	5702.4	-7.4	1.3	0.4003	3	0
3991	1996	30	6652.8	-5	1.8	0.4022	2.8	0
3991	1996	31	6566.4	-8.6	2.4	0.3502	2.5	0
3991	1996	32	6825.6	-8.9	2.4	0.327	1.3	0
3991	1996	33	1728	-8.3	-0.4	0.372	0.6	1.6
3991	1996	34	2073.6	-2.4	1.5	0.4849	2.6	0.4
3991	1996	35	6048	-3.6	-0.3	0.392	1.8	0
3991	1996	36	3715.2	-6.8	1	0.3949	1.3	0
3991	1996	37	7257.6	-10.4	-1	0.3078	2.1	0
3991	1996	38	6480	-14	-3.4	0.2219	1.8	0
3991	1996	39	1900.8	-8.2	-4	0.3024	1.1	0.3
3991	1996	40	1987.2	-7.5	-0.2	0.4184	2	0.4
3991	1996	41	1987.2	-4	0.7	0.4549	2.5	0.1
3991	1996	42	1987.2	0.7	4.6	0.68	3.1	1.4
3991	1996	43	2073.6	0.9	4.6	0.6923	5.1	8.6
3991	1996	44	2073.6	0.4	2	0.6264	2.7	8.5
3991	1996	45	3196.8	-0.7	1.3	0.5308	4.2	0.1
3991	1996	46	2160	-1.3	1	0.4593	2.5	3.4
3991	1996	47	2160	-1.8	4	0.6087	3.5	0.9
3991	1996	48	5875.2	2.8	5.2	0.618	6.7	1.2
3991	1996	49	2246.4	1.6	3.8	0.6824	3.8	9.1
3991	1996	50	2332.8	0.9	4	0.6777	3	6.6
3991	1996	51	2332.8	-1.6	1.9	0.5189	3.3	0.3
3991	1996	52	3628.8	-5.4	-1.6	0.3398	3.1	1.2
3991	1996	53	7430.4	-6.3	-0.4	0.358	3.1	0.2
3991	1996	54	4147.2	-8.6	-2	0.3544	1.4	0
3991	1996	55	4060.8	-9.8	-0.3	0.357	2.8	0.2
3991	1996	56	3456	-0.3	7.6	0.5157	4.4	0
3991	1996	57	11059.2	3.5	12.5	0.6326	3.2	0
3991	1996	58	10627.2	-1	12.6	0.5992	0.9	0
3991	1996	59	6566.4	1	10.6	0.6453	1.9	0
3991	1996	60	8726.4	-1.6	11.7	0.6038	2.2	0.1
3991	1996	61	5270.4	-0.4	3.8	0.518	3.7	0
3991	1996	62	12528	-4.3	5.8	0.3935	2.3	0
3991	1996	63	8985.6	-5.9	3.1	0.3971	1.2	0
3991	1996	64	7171.2	-7.2	3.3	0.3337	1.4	0
3991	1996	65	3110.4	-0.2	4.1	0.6188	2.5	0.1
3991	1996	66	3110.4	0.8	5	0.617	2.3	1.1
3991	1996	67	7689.6	0.6	5.6	0.58	2.9	0.3
3991	1996	68	13737.6	-1.6	7.2	0.4856	3.3	0
3991	1996	69	13824	-3.4	6.6	0.4663	2.8	0
3991	1996	70	5875.2	-2.4	7.2	0.4139	3.4	0
3991	1996	71	7948.8	-3.7	0.7	0.3504	3.2	0.1
3991	1996	72	11577.6	-6.5	-1.2	0.3219	3.3	0
3991	1996	73	10108.8	-5	0.7	0.3549	3	0
3991	1996	74	14342.4	-4.9	6.2	0.4547	3	0
3991	1996	75	14515.2	-3	8	0.5412	3	0
3991	1996	76	10627.2	0.4	9.6	0.6453	3.2	0
3991	1996	77	3628.8	2	8.6	0.6501	2	0
3991	1996	78	7603.2	2.4	8.6	0.6772	1.8	0
3991	1996	79	10022.4	0	12.5	0.6562	2	0
3991	1996	80	12614.4	1.1	13.6	0.7077	1.1	0.1
3991	1996	81	8726.4	3.5	11.8	0.8584	1.7	8.4
3991	1996	82	6825.6	6.1	11	1.0239	1.2	2.7
3991	1996	83	3974.4	5.9	10.8	0.9991	1.5	0.2
3991	1996	84	10886.4	6.6	13.8	0.8953	2.1	0
3991	1996	85	15465.6	1	13.2	0.6655	2.7	0.7
3991	1996	86	4147.2	2.4	7.9	0.8019	1.7	10.5
3991	1996	87	18662.4	-1.2	7	0.3837	2.9	0
3991	1996	88	13219.2	-5.3	7.6	0.332	3	0
3991	1996	89	13219.2	0.7	6.6	0.5871	2.8	0.6
3991	1996	90	13478.4	-0.2	6.8	0.6192	3.2	0.4
3991	1996	91	13046.4	-2.4	3.7	0.5572	2.4	0.6
3991	1996	92	17280	-3.3	6	0.4311	2	0
3991	1996	93	14342.4	-3.8	5.1	0.4739	2.5	0
3991	1996	94	14947.2	-2.1	6.1	0.4446	3.4	0.1
3991	1996	95	4579.2	1	4.4	0.5489	3.2	0.1
3991	1996	96	7862.4	4.2	8	0.7342	3.5	0.4
3991	1996	97	14515.2	4	14.6	0.8312	1.8	0
3991	1996	98	14774.4	1.6	18.5	0.7263	1	0
3991	1996	99	15984	5.2	16.1	0.9098	2.8	0
3991	1996	100	12009.6	6.2	13.5	0.7774	1.6	0
3991	1996	101	16934.4	1.4	14.2	0.698	1.1	0
3991	1996	102	4924.8	4.6	12.9	0.9363	1.3	4.6
3991	1996	103	20822.4	0.8	6.6	0.406	3.3	0
3991	1996	104	15897.6	-1.8	9	0.4585	1.8	0
3991	1996	105	20044.8	-1.7	11.5	0.5369	1.7	0
3991	1996	106	22032	-2	15.1	0.5049	1.2	0
3991	1996	107	21772.8	-1.1	17.8	0.538	0.9	0
3991	1996	108	21254.4	0	19.7	0.5223	1.8	0
3991	1996	109	18057.6	5.5	19.2	0.8603	1.8	0
3991	1996	110	20476.8	3.7	21.3	0.8688	1.3	0
3991	1996	111	21340.8	5	25.1	0.8714	1.3	0
3991	1996	112	22550.4	6.4	25.3	0.8273	1.8	0
3991	1996	113	20822.4	6.9	26.5	0.8163	1.6	0
3991	1996	114	12787.2	11.5	22.7	1.324	2.7	3.3
3991	1996	115	17539.2	8.4	17.7	1.1258	2.2	1.9
3991	1996	116	20563.2	4.7	16.2	0.7586	1.8	0
3991	1996	117	22291.2	2.6	20.3	0.7972	1.2	0
3991	1996	118	22291.2	7.5	21.2	1.0453	2.2	0
3991	1996	119	15724.8	7.9	20.6	1.0872	2	0
3991	1996	120	18921.6	6	16.9	0.8513	2.1	0
3991	1996	121	17193.6	6.3	17.7	0.9248	1.6	0
3991	1996	122	22550.4	5	21.2	0.9036	1.6	12.9
3991	1996	123	15206.4	8.5	17	1.2805	1.9	7.1
3991	1996	124	16761.6	7.2	14.3	1.0061	2	0.1
3991	1996	125	7948.8	6.4	10.1	0.8288	3.6	0.1
3991	1996	126	23328	3.5	13	0.6434	2	0
3991	1996	127	19267.2	2	16	0.6769	2.9	16
3991	1996	128	7344	6.4	11.2	0.9395	3.7	0
3991	1996	129	5961.6	7.9	11.5	0.95	2.9	0
3991	1996	130	6048	5.6	8.8	0.7512	3.7	0.4
3991	1996	131	6048	4.3	8.9	0.7794	2	0
3991	1996	132	6048	6	12.5	0.9101	2.1	0
3991	1996	133	6134.4	8	14	1.023	2.7	0
3991	1996	134	6134.4	9.4	12.3	1.0648	2.5	1
3991	1996	135	7603.2	9.1	16.6	1.1704	2	0.1
3991	1996	136	6220.8	6.9	13.4	1.1402	2.6	14
3991	1996	137	8812.8	5.7	11.2	0.8843	2.4	0.2
3991	1996	138	19872	9.1	21.4	1.2807	2.7	0.4
3991	1996	139	13564.8	11	17	1.5009	2	5.4
3991	1996	140	18057.6	11.2	19.2	1.5354	2.1	16.3
3991	1996	141	26092.8	9	18.5	0.9426	2.9	0
3991	1996	142	20908.8	5	15.5	1.0855	1.7	7.8
3991	1996	143	22464	6.2	16	0.8318	2.8	0.3
3991	1996	144	13737.6	10.5	17.1	1.2451	3.5	0
3991	1996	145	24796.8	12.1	23.8	1.3147	3.7	0
3991	1996	146	6480	10.4	18.1	1.2982	4.2	2.8
3991	1996	147	22464	8.7	19	1.0911	3.1	8.8
3991	1996	148	15897.6	11	15.4	1.3036	4.6	4.5
3991	1996	149	24451.2	6.6	15.2	0.7817	4.6	0
3991	1996	150	23846.4	6	21.6	0.9457	1.6	0
3991	1996	151	27475.2	9.3	25.6	1.2143	1.9	0
3991	1996	152	28598.4	11.3	30.1	1.4379	2.5	2
3991	1996	153	9072	13.5	21.4	1.692	2.2	0.1
3991	1996	154	6566.4	11	13.5	1.2962	2.5	4.7
3991	1996	155	14342.4	11	18.3	1.3655	1.4	0
3991	1996	156	23068.8	7	24	1.3014	1	0
3991	1996	157	28425.6	11.4	27	1.2661	2.1	0
3991	1996	158	28598.4	12.5	29.5	1.4398	1.6	0
3991	1996	159	28425.6	15.7	32.1	1.7167	1.3	0
3991	1996	160	26092.8	17.8	31.5	1.7955	2.5	5.4
3991	1996	161	18403.2	17.3	25.2	2.067	2	3.3
3991	1996	162	25056	15.7	28.7	1.9766	1.7	0
3991	1996	163	24451.2	17.5	30.1	1.8241	1.1	0
3991	1996	164	27129.6	16.6	25.8	1.6586	3.5	0
3991	1996	165	27993.6	8.3	21	0.9159	2.6	0
3991	1996	166	28598.4	7.9	20.2	0.9131	2.5	0
3991	1996	167	28944	6.3	22.2	0.9412	2.2	0
3991	1996	168	28425.6	9.4	21.2	1.0244	2.2	0
3991	1996	169	29030.4	8.5	25.7	1.0125	1.8	0
3991	1996	170	23846.4	12	25	1.1695	3.6	0
3991	1996	171	16588.8	9.3	15.9	0.9765	3.6	0.1
3991	1996	172	6652.8	10.4	13.2	1.2445	1.5	6
3991	1996	173	18230.4	9.2	17.2	1.0156	2.7	0
3991	1996	174	13996.8	9	15.3	1.0047	2.1	3.2
3991	1996	175	9244.8	9.2	16.5	1.0667	2.5	0
3991	1996	176	8640	10.3	15.6	1.014	2.3	0
3991	1996	177	10972.8	7.2	17.4	1.0004	1	0
3991	1996	178	25747.2	6.1	23	0.9761	1.5	0
3991	1996	179	10022.4	9.7	21	1.4283	2.3	0.2
3991	1996	180	17193.6	12.1	24.5	1.4699	1.5	1.5
3991	1996	181	13219.2	11.2	23.4	1.7155	3.9	7.9
3991	1996	182	11577.6	10.5	18.1	1.2047	4.7	0.2
3991	1996	183	13737.6	12.5	17.5	1.2774	4.3	0.1
3991	1996	184	16675.2	11.4	19	1.1904	3.4	2.5
3991	1996	185	21772.8	9.6	21.9	1.1079	2.8	1.6
3991	1996	186	16156.8	15	22.6	1.6249	4.7	1
3991	1996	187	6566.4	14.1	19.9	1.7027	1.8	22.6
3991	1996	188	20044.8	11.3	19.6	1.3323	3.2	4.4
3991	1996	189	17539.2	7.9	18.7	1.1138	1.3	0
3991	1996	190	6480	11.6	17.2	1.1634	5.2	0
3991	1996	191	15724.8	9.8	19	1.1961	5	10.2
3991	1996	192	16761.6	12	20.9	1.5696	2.7	1.2
3991	1996	193	16588.8	12	22.7	1.4242	2.3	0
3991	1996	194	15638.4	17	24.1	1.9318	2.1	0.2
3991	1996	195	21427.2	14.2	26.4	1.7596	2.1	0
3991	1996	196	27648	13.9	27.6	1.589	2.3	0
3991	1996	197	19094.4	15.3	25.1	1.6306	2	0
3991	1996	198	22723.2	9.3	21	1.0318	2.1	0
3991	1996	199	27129.6	9.2	22.9	1.1111	2.2	0
3991	1996	200	27475.2	7.5	22.4	1.0526	2	0
3991	1996	201	26265.6	7.5	22.5	1.0048	1.6	0
3991	1996	202	26956.8	7.8	22.8	0.9897	1.5	0
3991	1996	203	26956.8	9.2	24.6	0.9998	1.2	0
3991	1996	204	27216	8.7	25.6	0.9766	1.6	0
3991	1996	205	20044.8	10	25.8	1.4949	2.5	3.2
3991	1996	206	18057.6	12.6	21.4	1.664	3.3	2.6
3991	1996	207	12268.8	13	21.4	1.6851	4.1	6.7
3991	1996	208	19526.4	12.1	23.4	1.5823	1	0
3991	1996	209	21254.4	10.7	27.4	1.4084	1.2	0
3991	1996	210	17539.2	15.2	26.3	1.809	1.9	0
3991	1996	211	17107.2	14.5	26.5	1.9499	1.5	7.7
3991	1996	212	21772.8	14.2	24.5	1.6367	2.2	0
3991	1996	213	19353.6	15	26.6	1.5203	2	0
3991	1996	214	24537.6	14.6	28.1	1.5978	1.4	0
3991	1996	215	22896	13.4	25	1.3772	2.1	0
3991	1996	216	19008	13	22.5	1.2172	2	0
3991	1996	217	24883.2	10.4	23.1	1.0665	2.5	0
3991	1996	218	24710.4	8.8	23	0.8841	3.1	0
3991	1996	219	16070.4	10.1	21.2	1.1897	2.2	8.1
3991	1996	220	15120	15.8	24.4	1.7145	1.6	0
3991	1996	221	23500.8	10.6	25.5	1.2817	1.1	0
3991	1996	222	22636.8	9.6	27.4	1.2545	1.7	0
3991	1996	223	16588.8	14.8	28.7	1.8712	2.2	7.5
3991	1996	224	19180.8	17.3	23.2	1.8016	2.5	0
3991	1996	225	5529.6	14.8	18.3	1.73	1.4	13.6
3991	1996	226	8294.4	13.2	18.4	1.5955	2.9	4.5
3991	1996	227	14601.6	14.4	21.5	1.705	3.1	0.1
3991	1996	228	13737.6	13.1	21.6	1.5627	2.9	0.4
3991	1996	229	17193.6	14	25	1.7878	1.9	0
3991	1996	230	20476.8	10.7	25	1.4698	1.3	0
3991	1996	231	22377.6	12.4	25.7	1.5404	2.3	0
3991	1996	232	23068.8	13.2	28.3	1.4912	2.9	0
3991	1996	233	22896	13.1	29	1.3944	2.2	0
3991	1996	234	13910.4	15.1	27.2	1.879	1.7	0
3991	1996	235	5097.6	15.6	24.2	2.0414	1.3	0
3991	1996	236	14688	15.3	25.6	1.7039	2.2	1.9
3991	1996	237	15638.4	15	23.6	1.4751	2.1	0
3991	1996	238	18576	11	22.6	1.3374	2	0.1
3991	1996	239	16675.2	9.2	22	1.2744	1.4	0.7
3991	1996	240	19008	10.7	23.7	1.4304	1.7	15.5
3991	1996	241	7430.4	13.6	16.8	1.5871	2.4	2.8
3991	1996	242	10972.8	12.2	17.2	1.2529	5.2	4.9
3991	1996	243	5788.8	11.6	16.2	1.3801	3.8	1.1
3991	1996	244	7862.4	11.8	15.6	1.425	2.6	2
3991	1996	245	16329.6	6.7	18.5	1.1514	1	0
3991	1996	246	19008	7.2	20.5	1.1227	2	0
3991	1996	247	17625.6	9.1	23	1.2022	2.9	0
3991	1996	248	18921.6	10.5	23.6	1.4169	2.7	0
3991	1996	249	19008	12.3	22.1	1.2541	2.6	0
3991	1996	250	12096	6.3	18	0.9339	2.8	0
3991	1996	251	17798.4	3.5	18	0.8643	1.7	0
3991	1996	252	14169.6	6.6	18.6	0.9619	1.4	0
3991	1996	253	17020.8	5.5	18.2	1.0405	1.6	0.4
3991	1996	254	7084.8	8.2	14	1.1354	2.6	2.2
3991	1996	255	10800	9	15.6	1.0718	2.2	0.5
3991	1996	256	8553.6	9.1	14.8	1.215	3.3	2.2
3991	1996	257	3974.4	6.8	11.6	1.0814	3.8	3.8
3991	1996	258	8985.6	9	16.4	1.247	1.6	0.8
3991	1996	259	11404.8	10.1	17	1.2406	1.7	0.5
3991	1996	260	13824	4.2	17.2	0.9899	1.3	0
3991	1996	261	11923.2	4.8	13.2	0.7916	2.5	0
3991	1996	262	8121.6	9.4	13	0.9569	4.3	0
3991	1996	263	14256	8.7	16.5	1.1223	3.4	0
3991	1996	264	9331.2	6	14.3	1.0411	3.1	8.4
3991	1996	265	4233.6	7.9	11.1	1.0797	2.3	7.1
3991	1996	266	3542.4	7.9	11	1.1116	1.9	1
3991	1996	267	3542.4	9	11.7	1.1178	1.7	2.6
3991	1996	268	3456	9.6	11.3	1.1885	0.2	3.4
3991	1996	269	3369.6	8.6	12.5	1.2092	0.9	0.2
3991	1996	270	7171.2	7.4	14.2	1.2295	1	0
3991	1996	271	4924.8	7.3	13.8	1.1583	2.4	3.4
3991	1996	272	7257.6	10	15	1.1873	2.6	0.9
3991	1996	273	3801.6	7.8	15.4	1.1463	2.8	0.1
3991	1996	274	5788.8	11.5	20	1.4117	3.2	0
3991	1996	275	3110.4	9.5	15.6	1.3655	1.7	21.9
3991	1996	276	11491.2	6.4	15.2	1.1648	1.8	1
3991	1996	277	6912	3.4	12.4	0.969	0.9	0
3991	1996	278	4838.4	7.5	12.1	1.0896	2.6	1.2
3991	1996	279	6825.6	5.3	11.6	0.9396	1.3	2.4
3991	1996	280	8553.6	3.8	13.3	0.9794	1.2	0
3991	1996	281	2851.2	3.4	13.2	0.9738	2	0
3991	1996	282	5702.4	10.4	16.2	1.2968	1.9	0
3991	1996	283	7776	10.5	17.9	1.2616	0.1	0
3991	1996	284	2764.8	9.7	14	1.2348	1.4	0
3991	1996	285	5356.8	6.6	13.6	1.1117	1.2	0
3991	1996	286	4752	6.8	12.3	1.1072	1.1	0
3991	1996	287	8985.6	6.3	18.2	1.2535	1	0
3991	1996	288	9504	4.6	18.4	1.1523	0.8	0
3991	1996	289	4579.2	5.2	14.9	1.108	0.8	10.3
3991	1996	290	2505.6	9	11.7	1.2058	2.2	13
3991	1996	291	2419.2	7.6	11.2	1.0489	1.3	0.8
3991	1996	292	4838.4	6.7	12.2	1.017	1.8	3.3
3991	1996	293	6048	6.7	14.2	1.1127	2.7	1.4
3991	1996	294	2332.8	5.5	12.7	1.0973	2.5	9.5
3991	1996	295	6566.4	10.2	16.9	1.2871	3.8	0.8
3991	1996	296	7171.2	6.1	14	1.0341	1.6	0
3991	1996	297	8380.8	2	14.3	0.8773	1.6	0
3991	1996	298	9936	0.4	14	0.8223	1.9	0
3991	1996	299	8035.2	0.3	11.2	0.7258	2.2	0
3991	1996	300	7516.8	7.6	15.9	1.1026	1.8	0
3991	1996	301	2073.6	4.2	13.1	0.9748	2	6.6
3991	1996	302	2419.2	11.4	14.2	1.1666	3.9	0.2
3991	1996	303	1987.2	8.2	14.3	1.0534	6.5	2.7
3991	1996	304	3715.2	6.3	9.2	0.8116	4	0.1
3991	1996	305	2937.6	6.8	10.9	0.8291	2.8	6.1
3991	1996	306	2505.6	7.6	14	1.1389	3.5	0.3
3991	1996	307	1814.4	7.4	13.2	1.0265	3.7	0
3991	1996	308	3715.2	11.3	15.8	1.2251	3.9	0
3991	1996	309	3801.6	9.8	14.1	1.0195	4.2	0.4
3991	1996	310	5875.2	7.7	14.4	0.9606	4.8	0.7
3991	1996	311	2073.6	4.9	11.2	0.9252	4.6	2.4
3991	1996	312	2937.6	7.9	11.8	0.911	4.4	6.8
3991	1996	313	4320	2.4	9.5	0.8011	2.3	2.5
3991	1996	314	1641.6	1.3	9.4	0.7327	2.9	0
3991	1996	315	1641.6	4.8	8.5	0.8407	2.4	1.4
3991	1996	316	1555.2	7.2	9.4	1.0286	2	1.9
3991	1996	317	1555.2	7.6	10.3	1.0862	2.2	15.4
3991	1996	318	1900.8	4.6	10.6	0.9807	2	4.3
3991	1996	319	3801.6	1.5	5.6	0.6539	1.8	0
3991	1996	320	4492.8	-0.1	5.2	0.6312	2.4	0
3991	1996	321	1468.8	3.2	4.6	0.7509	1	0.1
3991	1996	322	1468.8	2.9	4.3	0.7115	1.4	0
3991	1996	323	1468.8	0.1	3	0.615	2.1	21.5
3991	1996	324	1728	0.1	3.3	0.6631	3.3	1.8
3991	1996	325	1814.4	1.5	6.9	0.7092	5.4	2.6
3991	1996	326	3628.8	2.1	5.1	0.6008	4.9	0
3991	1996	327	5961.6	-0.6	6.8	0.6029	2.5	0
3991	1996	328	1814.4	-2.1	0.4	0.5398	2.8	0.3
3991	1996	329	2332.8	-0.1	2.5	0.5797	3.2	0.1
3991	1996	330	1296	0.2	1.3	0.6064	4.4	3.1
3991	1996	331	1296	1	4.7	0.6823	2.3	0.7
3991	1996	332	1296	0.5	2.2	0.6197	2	0.4
3991	1996	333	1296	-1.4	1.8	0.5641	2.5	1.2
3991	1996	334	1209.6	-0.2	1.9	0.6108	3.5	9.4
3991	1996	335	1209.6	0.5	4.2	0.6584	2.6	0.1
3991	1996	336	1209.6	2.2	4.3	0.6247	3.6	1.8
3991	1996	337	2246.4	3	6.8	0.7621	4.2	1
3991	1996	338	1209.6	2.1	4.9	0.7144	4.5	7.9
3991	1996	339	1382.4	4.5	8.8	0.7821	2.8	0
3991	1996	340	3110.4	3	8.9	0.6893	1.1	0
3991	1996	341	2419.2	-1.9	3	0.6041	0.7	0
3991	1996	342	1123.2	-2.4	1.5	0.5736	0.8	0
3991	1996	343	1123.2	-0.9	0.4	0.522	2	0
3991	1996	344	1123.2	-0.9	0.2	0.5063	2.1	0
3991	1996	345	1123.2	-1.9	0.4	0.5264	1.8	0
3991	1996	346	1123.2	-2	-0.3	0.5169	1.8	0
3991	1996	347	1123.2	-0.6	0.3	0.5802	3.1	0
3991	1996	348	1123.2	-0.3	1.9	0.6345	1.7	7.9
3991	1996	349	3715.2	-4.4	0.7	0.4589	2	0
3991	1996	350	1123.2	-5.9	2.2	0.4962	2.1	0.7
3991	1996	351	1123.2	-0.2	3	0.6422	1.4	0
3991	1996	352	1123.2	-1	2.2	0.6254	1.7	6.4
3991	1996	353	1123.2	1.9	5.2	0.7799	0.8	0.1
3991	1996	354	1123.2	5	6.1	0.8789	1.3	5.6
3991	1996	355	1123.2	-2.5	5	0.5685	3.6	0
3991	1996	356	3974.4	-6.5	-1.7	0.361	2.9	0
3991	1996	357	3196.8	-8.7	-1.5	0.2887	2.3	0
3991	1996	358	1123.2	-5.3	-4	0.2944	3.4	0
3991	1996	359	4665.6	-8.4	-2.7	0.2992	3.1	0
3991	1996	360	4665.6	-10.5	-1.6	0.2997	2	0
3991	1996	361	4752	-9.2	-2.4	0.3412	1.5	0
3991	1996	362	1123.2	-12	-7.1	0.2194	1.5	0
3991	1996	363	4838.4	-11.6	-4.7	0.1853	2.5	0
3991	1996	364	2592	-15.5	-6.4	0.1964	1.8	5.7
3991	1996	365	1123.2	-9.7	-7.1	0.2888	1.4	1.9
3991	1996	366	2764.8	-15.7	-8.2	0.1984	2.9	0
