*---------------------------------------------------------------------------*
* Station name: GIESSEN/WETTENBERG                      
* Year: 1982
* Author: Pedro Alencar                                   -999.000: NIL VALUE
* Source: ECAD 
* Comments: 
* Longitude: 50.6008, latitude: 50.6008, altitude: 203 m.
*
* Column  Daily value
* 1       station number
* 2       year
* 3       day
* 4       irradiation                   (kJ m-2 d-1)
* 5       minimum temperature           (degrees Celsius)
* 6       maximum temperature           (degrees Celsius)
* 7       early morning vapour pressure (kPa)
* 8       mean wind speed (height: 2 m) (m s-1)
* 9       precipitation                 (mm d-1)
*
** WCCDESCRIPTION=GERMANY, GIESSEN/WETTENBERG                      
** WCCFORMAT=2
** WCCYEARNR=1982
*---------------------------------------------------------------------------*
   50.6008  8.6506    203.  -0.18 -0.55
3991	1982	1	1814.4	2.7	6.8	0.7713	0.8	0
3991	1982	2	1382.4	3	6.1	0.7268	2.7	4.3
3991	1982	3	1987.2	4.4	10.1	0.8862	3	1.6
3991	1982	4	1123.2	4.5	10.8	0.8375	4.3	1.9
3991	1982	5	2505.6	7.6	10.7	0.9387	4.5	11.4
3991	1982	6	3542.4	-6.2	9.2	0.4902	6.3	0
3991	1982	7	5011.2	-8.1	-3.8	0.2784	1.5	0
3991	1982	8	3283.2	-8.9	-6	0.2062	2.8	0.1
3991	1982	9	1209.6	-8.9	-5.6	0.2839	2.8	5.7
3991	1982	10	4838.4	-14.8	-8.9	0.2	2	3.2
3991	1982	11	1209.6	-15.3	-4.6	0.2327	1.6	5.2
3991	1982	12	2851.2	-10.6	-4.3	0.297	1.8	0
3991	1982	13	5097.6	-16.3	-6.8	0.22	1.6	0
3991	1982	14	5184	-19.3	-7.2	0.183	0.8	0
3991	1982	15	4406.4	-16.5	-5.3	0.2105	0.3	0
3991	1982	16	3542.4	-12.3	-2.4	0.2923	0.3	0
3991	1982	17	4492.8	-11.6	-1.4	0.3046	0.3	0
3991	1982	18	1382.4	-12.3	-3.2	0.3277	0.7	0
3991	1982	19	1382.4	-4.1	-3.2	0.4527	0.8	0
3991	1982	20	1382.4	-3.8	-2.3	0.4833	1.1	0
3991	1982	21	1382.4	-4.6	-2.1	0.4678	1.4	0.1
3991	1982	22	1468.8	-3.8	-0.7	0.5129	0.6	1.3
3991	1982	23	1468.8	-0.7	1.2	0.6097	0.6	1.2
3991	1982	24	1468.8	-1	0.6	0.5901	0.6	0.1
3991	1982	25	1468.8	-2.4	-0.6	0.5147	3	1.1
3991	1982	26	1555.2	-1.4	3.2	0.5934	4	1.3
3991	1982	27	1555.2	0.8	3.2	0.6281	1.6	0.2
3991	1982	28	1555.2	-3.1	1.9	0.4854	3.1	5.7
3991	1982	29	1641.6	0.4	4.2	0.6705	3.6	2.6
3991	1982	30	1641.6	2.9	8.4	0.7755	5	3.3
3991	1982	31	6048	-0.6	7.3	0.5826	3.6	1.9
3991	1982	32	6566.4	-4.4	3.6	0.5163	1	0
3991	1982	33	7084.8	-4.6	2.8	0.4463	1.6	0
3991	1982	34	7344	-4.4	2.2	0.3665	2.3	0
3991	1982	35	7084.8	-5	2.7	0.4045	1.4	0
3991	1982	36	6220.8	-5.4	2.2	0.4294	1.4	0.3
3991	1982	37	1814.4	-1.7	1.7	0.5743	1.4	0.7
3991	1982	38	4147.2	1.5	7.4	0.7889	1	6.2
3991	1982	39	2246.4	1.1	6.6	0.692	2.4	2.9
3991	1982	40	1987.2	-0.6	5.1	0.6322	1.2	0
3991	1982	41	5529.6	-2.2	8.5	0.6816	0.7	0
3991	1982	42	6134.4	-1.7	8.7	0.6673	0.7	0
3991	1982	43	2851.2	-1.8	7.2	0.6602	0.5	0
3991	1982	44	7516.8	-2.8	9	0.6334	1	0
3991	1982	45	2160	-0.6	3	0.6197	1	7.9
3991	1982	46	2160	0.7	4.9	0.6948	1.5	0.3
3991	1982	47	2160	0.4	2	0.6264	1.2	1.6
3991	1982	48	3110.4	-0.2	3.9	0.5725	2.1	0
3991	1982	49	2246.4	-0.6	3.3	0.5523	2.2	0
3991	1982	50	2332.8	-3.4	-0.6	0.3958	3.6	0
3991	1982	51	9763.2	-5.2	5	0.3761	3	0
3991	1982	52	10195.2	-4.4	5.3	0.4229	2.6	0
3991	1982	53	9936	-5.4	6	0.4246	1.8	0.4
3991	1982	54	4924.8	-3.2	0.6	0.4445	2	0.4
3991	1982	55	8208	-7.7	1.4	0.3779	1	0
3991	1982	56	2592	-6.7	0	0.3628	1.4	0
3991	1982	57	8812.8	-5.4	3.4	0.4374	1.1	0
3991	1982	58	7689.6	-4.8	3.6	0.4562	2.1	0
3991	1982	59	2678.4	-2.4	4.6	0.6087	2.1	0.1
3991	1982	60	6220.8	3.2	11.8	0.8912	4.3	10.2
3991	1982	61	7862.4	2.4	8.4	0.7353	3.9	1.3
3991	1982	62	2937.6	2.9	11.1	0.8412	5.4	15
3991	1982	63	9849.6	4.2	9.6	0.7459	5	0.1
3991	1982	64	10281.6	0.1	7.1	0.6641	3.1	0.1
3991	1982	65	12614.4	-2	6.9	0.4882	2	0
3991	1982	66	13046.4	-2.5	7	0.4957	2.6	0
3991	1982	67	11577.6	-1.7	8.6	0.6258	1.4	0
3991	1982	68	9331.2	-2.3	7.4	0.5504	1.9	1.3
3991	1982	69	4233.6	3.8	7.2	0.7585	5.2	9.8
3991	1982	70	10713.6	1.2	6.8	0.6993	5.7	4.3
3991	1982	71	3369.6	-0.1	6.3	0.6563	3.6	4.6
3991	1982	72	8899.2	0.3	4.8	0.6532	3.3	2.6
3991	1982	73	10108.8	0.4	8.5	0.6126	2.8	0
3991	1982	74	15379.2	1	11.5	0.5801	3.7	0.1
3991	1982	75	9417.6	4.7	8.6	0.6843	5.3	1.2
3991	1982	76	5529.6	2.6	5.3	0.7455	2.8	10.1
3991	1982	77	11923.2	1.3	8.2	0.7113	1.7	0
3991	1982	78	7257.6	-1.7	6.3	0.6272	1.3	0.1
3991	1982	79	3801.6	1.4	3.7	0.6605	2.2	4.6
3991	1982	80	4924.8	2.4	6.6	0.7158	1.4	0
3991	1982	81	9763.2	0.4	9.6	0.6453	1.5	0
3991	1982	82	7948.8	1	8	0.64	2.7	0
3991	1982	83	16588.8	0.2	13	0.6333	2.2	0
3991	1982	84	16588.8	-1.2	15.4	0.615	1.2	0
3991	1982	85	16588.8	0.7	15.8	0.7197	1.7	0
3991	1982	86	16761.6	1.6	18.9	0.8609	1	0
3991	1982	87	5356.8	2.5	14	0.7633	1.8	0
3991	1982	88	7430.4	4	13	0.854	2.2	1.4
3991	1982	89	4233.6	3.8	7.3	0.743	3.2	0
3991	1982	90	12441.6	2.9	8.4	0.666	4.4	0
3991	1982	91	17366.4	0.1	17	0.8124	1.8	0
3991	1982	92	17193.6	2.8	19.1	1.0327	2.6	0.9
3991	1982	93	14256	6.3	13.6	0.7826	3.1	0
3991	1982	94	18230.4	1.1	16.2	0.7171	1.4	0
3991	1982	95	19180.8	2.4	19.7	0.7632	1.8	0
3991	1982	96	11750.4	5.4	20.4	0.981	2.8	1
3991	1982	97	4665.6	8.5	13	1.0319	4.1	26.5
3991	1982	98	11059.2	0.7	11.6	0.8123	6	1.8
3991	1982	99	14601.6	0.6	5.7	0.5897	4.8	0
3991	1982	100	12787.2	1.4	8.3	0.7077	4.1	0.5
3991	1982	101	10281.6	1.4	6	0.621	4.8	3.2
3991	1982	102	18576	0	5.6	0.5603	4.1	0.6
3991	1982	103	15811.2	0	7	0.5888	2.6	0
3991	1982	104	21254.4	-2	10.4	0.5195	2.1	0
3991	1982	105	21600	-0.4	14	0.5531	2.7	0
3991	1982	106	21859.2	3.2	16.2	0.6975	2.5	0
3991	1982	107	20822.4	5.6	14.5	0.751	3	0
3991	1982	108	21600	2.9	13.4	0.6282	2.7	0
3991	1982	109	21686.4	2.6	14.5	0.6232	1.9	0
3991	1982	110	20563.2	5.7	14.7	0.6964	1.7	0
3991	1982	111	14342.4	6.3	14.1	0.7958	1.1	0
3991	1982	112	21772.8	5	15.7	0.7034	2.1	0
3991	1982	113	18316.8	1.9	16	0.7546	2.2	2.3
3991	1982	114	13996.8	3	10.6	0.7606	4.3	0.3
3991	1982	115	22464	5.2	15.2	0.7461	2.8	0
3991	1982	116	17366.4	4.9	13.6	0.7584	4.3	0
3991	1982	117	22896	4	15.4	0.6855	2.9	0
3991	1982	118	9849.6	6.5	11.7	0.797	2.7	0
3991	1982	119	9936	3.4	9.9	0.8212	3.9	0.5
3991	1982	120	18316.8	0.4	9.4	0.5802	4.1	0.4
3991	1982	121	5702.4	2.8	11.5	0.7993	5.2	0.6
3991	1982	122	21686.4	0.3	10.1	0.5571	3.5	0
3991	1982	123	19180.8	3.9	16	0.6848	5	0
3991	1982	124	8812.8	8.5	13.5	0.9443	4.1	1.4
3991	1982	125	6739.2	6.8	10.6	0.9219	3.4	3.4
3991	1982	126	20908.8	0.8	14.7	0.7695	2.1	7.7
3991	1982	127	18403.2	4.2	11.3	0.7589	3.5	0.4
3991	1982	128	21600	1.9	15.4	0.7283	1.4	0
3991	1982	129	21254.4	4	17.5	0.9029	2	4.2
3991	1982	130	6048	7.3	12.9	1.0746	1.5	33.2
3991	1982	131	17798.4	6.4	15	0.9385	1.5	0
3991	1982	132	25488	4.4	18.6	0.8812	1	0
3991	1982	133	26438.4	7.1	21.3	0.8734	1.8	0
3991	1982	134	26784	7	23.6	0.9376	1.6	0
3991	1982	135	26611.2	8.2	24.8	1.1434	1.2	0
3991	1982	136	23587.2	9.5	26.4	1.2326	1.2	1.1
3991	1982	137	12009.6	13.9	20.2	1.6692	1.2	3.1
3991	1982	138	16416	12.3	22.6	1.5726	1.1	6.9
3991	1982	139	21686.4	13.3	21.6	1.3337	2.3	0
3991	1982	140	20476.8	8.9	23.6	1.3468	1.5	2.7
3991	1982	141	15033.6	13.5	21.2	1.4836	1.8	0
3991	1982	142	7257.6	13.7	17.8	1.3581	2.8	0
3991	1982	143	8640	11.4	16.4	1.3643	3	17.1
3991	1982	144	19699.2	9.5	16.9	1.1065	3.8	2.7
3991	1982	145	24537.6	9	19.9	1.0849	1.6	0
3991	1982	146	27734.4	7.9	24.8	1.1511	2.3	0
3991	1982	147	26870.4	9.5	27.7	1.2838	2.5	0
3991	1982	148	11232	12.6	20.6	1.3959	3	0
3991	1982	149	27129.6	8.8	19.7	0.9412	2.1	0
3991	1982	150	27993.6	8.6	23.4	0.9442	3.7	0
3991	1982	151	28339.2	10.7	26.9	1.2566	2.2	0
3991	1982	152	27216	12.4	29.1	1.3934	1	0
3991	1982	153	26265.6	15.8	30.9	1.4891	2	0
3991	1982	154	27388.8	14.7	30.4	1.6098	1	0
3991	1982	155	24019.2	16	31.9	1.8703	1.2	0.2
3991	1982	156	18662.4	18	30.2	1.8872	1.5	0
3991	1982	157	15552	15.4	27.4	1.7299	1.5	1.1
3991	1982	158	15897.6	15.1	26.2	1.8708	1.2	0
3991	1982	159	19612.8	14.8	26.4	1.8408	1.2	1.3
3991	1982	160	27043.2	15.2	24.9	1.4048	1.8	0
3991	1982	161	28252.8	10.3	25.2	1.2375	1.7	0
3991	1982	162	6652.8	12.9	18.3	1.5222	1.3	4.9
3991	1982	163	19612.8	12.5	18.8	1.3672	3.1	5.6
3991	1982	164	13219.2	9.4	14	1.0578	4.1	0.7
3991	1982	165	16934.4	9.1	15	0.9419	4.3	0
3991	1982	166	13651.2	7.4	16.3	0.9295	2.4	0.3
3991	1982	167	15984	8.7	18.7	1.1901	2.6	2.6
3991	1982	168	26352	9.6	19.5	1.0754	1.4	0
3991	1982	169	16588.8	8	19.1	1.2406	2.3	7.4
3991	1982	170	18230.4	9.6	18.8	1.2293	3.3	4.5
3991	1982	171	15638.4	11.4	19.9	1.2784	2.1	0
3991	1982	172	13651.2	12	22	1.4511	1.3	0
3991	1982	173	16588.8	11.8	23	1.5081	2.1	2.2
3991	1982	174	23414.4	13.2	21.3	1.4349	3.2	2.8
3991	1982	175	11923.2	13.9	18.5	1.3793	3.6	0
3991	1982	176	21081.6	9.4	24.5	1.3501	1.8	0.2
3991	1982	177	22204.8	15.6	23.5	1.5436	2.6	5.5
3991	1982	178	18748.8	13.4	20.4	1.4612	2.8	2.3
3991	1982	179	17884.8	11.7	19.6	1.4027	3.1	1.8
3991	1982	180	21772.8	11.5	17.8	1.3655	3.6	18.1
3991	1982	181	21600	11	19	1.2774	3.3	4.1
3991	1982	182	20736	8.3	20.6	1.2	1.8	0
3991	1982	183	23414.4	12.3	26.1	1.4216	1.6	0
3991	1982	184	14256	17.8	27.4	2.0252	2.7	4.3
3991	1982	185	19872	12.7	20.1	1.1548	4.2	0
3991	1982	186	25747.2	8.7	21.2	1.0356	2.8	0
3991	1982	187	15292.8	13.4	21.6	1.298	2.1	0
3991	1982	188	25315.2	12.8	24.2	1.3608	2.1	0
3991	1982	189	28080	10.2	27.2	1.1842	1.5	0
3991	1982	190	28166.4	12.7	29.9	1.4159	2	0
3991	1982	191	19526.4	15.1	29.7	1.7574	2	0
3991	1982	192	26006.4	17.6	30	1.7359	2.5	0
3991	1982	193	26956.8	16.3	29.6	1.6213	2.5	0
3991	1982	194	23846.4	17.7	30	1.7116	2.4	0
3991	1982	195	25142.4	19	30.3	1.7955	2.3	0
3991	1982	196	23587.2	17.7	29.5	1.8605	2.2	1.1
3991	1982	197	26438.4	16.2	29	1.7242	1.7	0
3991	1982	198	20908.8	16.5	25.2	1.5988	2.2	0
3991	1982	199	22982.4	14.3	25.2	1.379	2.7	0
3991	1982	200	23155.2	14.6	24.5	1.3393	2.6	0
3991	1982	201	21859.2	14.6	29	1.6423	1.8	0
3991	1982	202	18316.8	16.9	30	2.0454	2.2	0.2
3991	1982	203	6998.4	15.7	22	1.4561	2.4	0
3991	1982	204	6220.8	15.6	20.4	1.5456	1.1	0
3991	1982	205	6220.8	16	21.2	1.5833	1.8	0.2
3991	1982	206	14169.6	17.3	25.5	1.7299	2.8	1.2
3991	1982	207	6134.4	14.2	17.4	1.4521	1.4	0.7
3991	1982	208	20304	13.4	21.4	1.2898	2.1	0
3991	1982	209	6048	9.6	15.4	1.2597	1.2	8.5
3991	1982	210	18835.2	14.1	27.2	1.6279	2	0.1
3991	1982	211	21513.6	14.9	29.1	1.425	2.8	0
3991	1982	212	15120	17.6	28.8	1.7595	2.4	0
3991	1982	213	10454.4	16.7	24.7	1.8278	1.2	0
3991	1982	214	23500.8	15.9	29.9	1.6164	2.2	0
3991	1982	215	17971.2	18.5	29.2	1.6526	1.6	0.4
3991	1982	216	13824	17.2	24.9	1.9173	2	0
3991	1982	217	5788.8	17.5	21.3	1.8892	1.2	3.6
3991	1982	218	20044.8	13	26.2	1.7078	0.9	0
3991	1982	219	8380.8	16.3	24.4	2.1228	1.1	16.4
3991	1982	220	9763.2	16.3	23.4	1.8964	1.3	0.1
3991	1982	221	10886.4	15	22.9	1.6402	2.5	0.1
3991	1982	222	15033.6	15	22.2	1.6903	2.5	0
3991	1982	223	19785.6	11.9	25.5	1.5071	0.8	0
3991	1982	224	21945.6	12	30.3	1.4782	2.2	0
3991	1982	225	18921.6	16.3	24.5	1.3398	3.3	0
3991	1982	226	21859.2	14.8	23	1.3517	2.6	0
3991	1982	227	17625.6	12.7	25.5	1.5894	2.1	0.1
3991	1982	228	21772.8	11.3	26.4	1.2605	2.4	0
3991	1982	229	13910.4	15.4	22.6	1.6014	2.8	0.4
3991	1982	230	22636.8	12.9	26.7	1.3372	3.3	8.2
3991	1982	231	21081.6	14.9	21.2	1.385	3.1	0
3991	1982	232	10195.2	11.5	18.5	1.1922	2.7	0
3991	1982	233	9158.4	9.6	18.3	1.1141	3.1	0
3991	1982	234	15984	11.1	19.6	1.1844	2.3	0
3991	1982	235	11664	9.3	21.1	1.2249	1.4	0.1
3991	1982	236	15206.4	12.4	20.4	1.3411	1.9	1.2
3991	1982	237	12268.8	13.4	20.9	1.3087	3.3	0
3991	1982	238	16243.2	11.3	24.4	1.5719	3.2	21.1
3991	1982	239	19526.4	13.4	20.6	1.3157	3.1	0
3991	1982	240	18057.6	11.6	21.3	1.3267	1.1	0
3991	1982	241	20304	8.4	23.2	1.2728	0.8	0
3991	1982	242	18576	8.4	24.3	1.1697	1.9	0
3991	1982	243	18403.2	12.5	21.2	1.3033	1.9	0
3991	1982	244	9158.4	12.6	18	1.1459	2.4	0
3991	1982	245	12873.6	12.4	19.9	1.2649	2	0.1
3991	1982	246	19440	6.4	22.5	1.0356	1.1	0
3991	1982	247	18835.2	7.2	26	1.1696	1	0
3991	1982	248	17625.6	9.8	28.2	1.3821	2.3	0
3991	1982	249	10368	17.6	23.5	1.7386	3.1	1.9
3991	1982	250	15033.6	13	20.9	1.4658	2.3	0
3991	1982	251	18230.4	12.6	22.7	1.4111	1.9	0
3991	1982	252	16588.8	10.1	23.7	1.3843	1.2	0
3991	1982	253	17280	11.2	25.5	1.4535	1.9	0
3991	1982	254	14428.8	11.7	26.9	1.5645	1.1	0
3991	1982	255	14083.2	12.9	26.5	1.7184	1	0
3991	1982	256	15206.4	12.5	26.6	1.6798	1.2	0
3991	1982	257	14774.4	11	26.7	1.5648	1.3	0
3991	1982	258	15724.8	10.8	28.5	1.6217	1.1	0
3991	1982	259	15292.8	11.7	29.1	1.6748	0.6	0
3991	1982	260	14774.4	13.1	28.7	1.6037	0.9	0
3991	1982	261	14601.6	10.8	27.1	1.6183	1.2	10
3991	1982	262	12528	13.3	24.7	1.755	0.6	0
3991	1982	263	11491.2	11.8	25.1	1.6957	1.4	4.7
3991	1982	264	11145.6	15.6	23.6	1.6623	3.5	2.1
3991	1982	265	13651.2	10.7	18.4	1.1747	1.3	0
3991	1982	266	9158.4	7.9	14.8	1.0067	1.7	0.9
3991	1982	267	11318.4	10.2	19.5	1.1976	3	0
3991	1982	268	7344	8.6	20.2	1.2125	1.4	0
3991	1982	269	8553.6	12.2	21.1	1.4382	2.2	5.5
3991	1982	270	14083.2	10.5	18.6	1.2409	2.5	0
3991	1982	271	12787.2	8.6	20.8	1.2362	0.8	0
3991	1982	272	13392	7	21.4	1.1969	1.3	0
3991	1982	273	3196.8	11.4	17.1	1.428	1.6	2.6
3991	1982	274	3196.8	13.3	16.7	1.4306	1.2	0
3991	1982	275	5961.6	10.4	17.2	1.387	0.8	0
3991	1982	276	7776	10.7	18.2	1.3644	0.9	0
3991	1982	277	5961.6	9	15.5	1.2107	1	0
3991	1982	278	6566.4	7.2	14.6	0.9771	2.1	2.8
3991	1982	279	5875.2	9.4	13.2	1.1639	2.3	28
3991	1982	280	2937.6	6.6	11.7	1.0778	3.5	25.1
3991	1982	281	2851.2	9.3	11.3	1.0641	3.6	1.6
3991	1982	282	2851.2	9.4	12.1	1.1093	2.3	4.4
3991	1982	283	3542.4	9.1	12	1.1074	1.8	1.2
3991	1982	284	3715.2	9.4	12.2	1.1519	3.3	10.2
3991	1982	285	4233.6	9.4	11.8	1.0472	3.3	1.5
3991	1982	286	2678.4	8.4	12.2	1.1517	3.3	13.5
3991	1982	287	3974.4	8.8	12.6	1.0671	5.1	3
3991	1982	288	6307.2	7.9	12.4	0.9047	4.6	0.4
3991	1982	289	5443.2	2.2	9.9	0.8161	1.1	0.2
3991	1982	290	2505.6	6.5	11.2	0.9994	2.6	1.5
3991	1982	291	5875.2	8.7	13.6	1.1392	1.6	0
3991	1982	292	10108.8	8.3	16.1	1.1074	1.5	0
3991	1982	293	8985.6	5	15.5	1.0605	1.6	0
3991	1982	294	2332.8	7	10	1.0537	1.7	0
3991	1982	295	2246.4	7.8	11.5	1.0787	1.3	0
3991	1982	296	2246.4	7.5	12.6	1.0957	1	24.1
3991	1982	297	2592	8.3	11.4	1.0447	2	1.4
3991	1982	298	5097.6	2.4	9.6	0.8226	1	0
3991	1982	299	2160	3.7	8.8	0.8845	1.9	0.2
3991	1982	300	2073.6	8.4	11.6	1.0797	0.3	0
3991	1982	301	5011.2	9.5	15	1.225	1.7	0
3991	1982	302	1987.2	3.5	9.5	0.8224	1.6	0
3991	1982	303	1987.2	7.7	9.9	0.8829	1	0
3991	1982	304	1987.2	5.2	8.4	0.8988	2.6	0
3991	1982	305	1900.8	5.2	9.2	0.9644	1.3	0
3991	1982	306	1900.8	5.7	9.1	1.0086	0.4	0
3991	1982	307	1814.4	6.1	10.3	1.0759	0.8	0.1
3991	1982	308	1814.4	7.1	9.1	1.0579	0.6	0.2
3991	1982	309	1814.4	4.4	9.3	0.8722	1.3	0.1
3991	1982	310	7603.2	0.1	6.9	0.5181	2.7	0
3991	1982	311	6912	-1.8	8.3	0.4473	2.3	0.3
3991	1982	312	1728	1.5	10.9	0.8056	2	0.8
3991	1982	313	4579.2	9.4	15.5	1.1257	3.1	0
3991	1982	314	3974.4	8	13.5	0.9932	2.9	0
3991	1982	315	6134.4	8.4	14.9	1.1638	2.2	0
3991	1982	316	1555.2	6.7	9.6	1.0181	3.5	3.2
3991	1982	317	1555.2	6.8	9.6	0.902	2.9	0.3
3991	1982	318	2851.2	3.7	7.1	0.7174	2.9	5.1
3991	1982	319	3715.2	2.2	6.3	0.7034	2.2	0
3991	1982	320	1468.8	-0.4	4	0.6539	2.5	5.7
3991	1982	321	2073.6	1.4	5.9	0.6982	3.7	2.3
3991	1982	322	1468.8	5.2	11.7	0.9727	3.8	2.6
3991	1982	323	4233.6	6.9	11.4	0.8576	4.4	1.2
3991	1982	324	4838.4	5.8	9.6	0.7878	4.8	0.2
3991	1982	325	1814.4	4.4	8	0.7772	2.9	0
3991	1982	326	1382.4	3.7	9.4	0.8447	3.5	5.3
3991	1982	327	1382.4	8	11.9	0.9783	3.1	0.3
3991	1982	328	1296	6.3	13.2	0.9774	4.3	0.7
3991	1982	329	3542.4	4.8	9.3	0.7737	4.3	0.8
3991	1982	330	1296	5.6	8.5	0.844	2.5	0.1
3991	1982	331	1296	4.6	6.7	0.8303	1.2	4.7
3991	1982	332	1296	2.1	5.9	0.7318	1.5	0
3991	1982	333	2764.8	-0.1	4.2	0.6232	2	0
3991	1982	334	3542.4	0.1	3.5	0.5635	3.3	0
3991	1982	335	4752	-1.6	2.9	0.5188	2.4	0
3991	1982	336	1209.6	-1.4	2.1	0.5828	1.3	0
3991	1982	337	1209.6	-0.9	0.3	0.5859	1.3	0
3991	1982	338	1209.6	-0.3	2.3	0.6306	1.1	0
3991	1982	339	1123.2	1.2	2.3	0.6169	3.9	4
3991	1982	340	1123.2	1	4.2	0.7071	2.1	4.5
3991	1982	341	1123.2	3	6.2	0.7972	1.6	8.8
3991	1982	342	1123.2	6.2	10.9	0.8681	3.4	0.1
3991	1982	343	1123.2	6.2	8.4	0.8484	4.3	3.7
3991	1982	344	1814.4	4.6	12	0.7878	5.7	9.1
3991	1982	345	1382.4	2	5.1	0.5908	4.7	0
3991	1982	346	1123.2	0.3	3.9	0.6681	1.7	9.7
3991	1982	347	1123.2	0.5	2.5	0.5924	1.7	0.1
3991	1982	348	1555.2	-0.8	2	0.5041	2.1	0.7
3991	1982	349	1123.2	-0.8	12.2	0.7965	5.3	6
3991	1982	350	1123.2	4.8	12.4	0.8933	7.6	3.1
3991	1982	351	1123.2	0.8	4.8	0.6425	2	1.3
3991	1982	352	1123.2	-0.1	2.3	0.5756	1.9	0.1
3991	1982	353	2937.6	-0.4	2.4	0.532	3.5	3.1
3991	1982	354	1123.2	0.4	6.4	0.6704	4.7	11.5
3991	1982	355	1123.2	3.7	5.6	0.5872	4.9	2.1
3991	1982	356	1123.2	2.4	4.2	0.6811	1.9	7.4
3991	1982	357	1123.2	-1.4	2.4	0.5575	1.9	5.5
3991	1982	358	1987.2	-3.1	0.1	0.4545	1.8	0
3991	1982	359	1123.2	-0.4	1.2	0.6101	1.7	0.2
3991	1982	360	1123.2	1.1	3.2	0.699	2.2	1
3991	1982	361	1123.2	3.2	7.7	0.7918	3.6	3.5
3991	1982	362	1123.2	2.4	6.2	0.6394	4.4	6.1
3991	1982	363	3715.2	0.3	3.8	0.5666	1.9	0
3991	1982	364	3715.2	-0.8	4.1	0.53	1	0
3991	1982	365	1123.2	-3.5	0	0.5107	0.8	0
