*---------------------------------------------------------------------------*
* Station name: GIESSEN/WETTENBERG                      
* Year: 1991
* Author: Pedro Alencar                                   -999.000: NIL VALUE
* Source: ECAD 
* Comments: 
* Longitude: 50.6008, latitude: 50.6008, altitude: 203 m.
*
* Column  Daily value
* 1       station number
* 2       year
* 3       day
* 4       irradiation                   (kJ m-2 d-1)
* 5       minimum temperature           (degrees Celsius)
* 6       maximum temperature           (degrees Celsius)
* 7       early morning vapour pressure (kPa)
* 8       mean wind speed (height: 2 m) (m s-1)
* 9       precipitation                 (mm d-1)
*
** WCCDESCRIPTION=GERMANY, GIESSEN/WETTENBERG                      
** WCCFORMAT=2
** WCCYEARNR=1991
*---------------------------------------------------------------------------*
   50.6008  8.6506    203.  -0.18 -0.55
3991	1991	1	2073.6	2.8	5.7	0.6786	2.8	5.5
3991	1991	2	1123.2	2.2	9.4	0.8482	4.9	4.8
3991	1991	3	1123.2	6.7	11.8	1.0617	4	7.8
3991	1991	4	1123.2	4	10	0.8912	3.8	5.8
3991	1991	5	2505.6	3.7	6	0.6731	4.8	2.2
3991	1991	6	3974.4	4	7	0.5959	7	0.7
3991	1991	7	2073.6	2.3	8.7	0.7675	2.4	4.1
3991	1991	8	2160	3.6	8.6	0.7248	5.1	1.4
3991	1991	9	2419.2	7.2	9.6	0.8262	5	1.1
3991	1991	10	1209.6	7	15.4	0.9968	6.2	14.2
3991	1991	11	1209.6	5.9	8.3	0.8974	3.5	5.5
3991	1991	12	2332.8	1.9	7.1	0.6485	2.1	0.3
3991	1991	13	4320	-0.8	5	0.5686	1.8	0
3991	1991	14	5270.4	-1.7	1.9	0.3631	4.5	0
3991	1991	15	5616	-4.7	4.5	0.2912	3	0
3991	1991	16	5702.4	-5.8	2.6	0.2989	2.1	0
3991	1991	17	5529.6	-7.8	1.5	0.3246	1.2	0
3991	1991	18	5702.4	-9.4	3.2	0.3113	0.9	0
3991	1991	19	1382.4	-7.4	-1.6	0.3809	1.6	2.2
3991	1991	20	1382.4	-2.3	0.4	0.5359	1.1	0
3991	1991	21	1382.4	-0.5	1.7	0.6126	1.9	2
3991	1991	22	4492.8	0.6	4.7	0.6431	1.9	0
3991	1991	23	1468.8	-0.6	1.8	0.536	1.2	0
3991	1991	24	1468.8	-1.9	1.5	0.4878	1.4	0
3991	1991	25	3110.4	-3.4	2.7	0.5301	1.2	0
3991	1991	26	1555.2	-1.5	0.9	0.55	1.5	0
3991	1991	27	1555.2	0.2	2.6	0.5138	1.4	0
3991	1991	28	5270.4	-3.2	3	0.461	1.8	0
3991	1991	29	4665.6	-5.5	0.5	0.4628	1	0
3991	1991	30	1641.6	-2	1.7	0.4291	2.4	0
3991	1991	31	6998.4	-7	1.5	0.3145	2	0
3991	1991	32	7171.2	-10.7	1.3	0.2717	1.4	0
3991	1991	33	7430.4	-11.3	-0.1	0.2758	1.1	0
3991	1991	34	1728	-10.5	-2.6	0.2584	1.5	0
3991	1991	35	7430.4	-7.6	-0.5	0.3216	2.2	0
3991	1991	36	6480	-6.2	-0.8	0.2926	2.8	0
3991	1991	37	5184	-13.9	-5.2	0.2076	3.9	0.2
3991	1991	38	2592	-13.5	-5	0.2368	3.5	0
3991	1991	39	1900.8	-8.6	-3.4	0.3282	2.7	2.5
3991	1991	40	4924.8	-10.6	-3.4	0.3075	1.5	3.2
3991	1991	41	2937.6	-9	-1.1	0.3696	1.9	3.2
3991	1991	42	1987.2	-6.4	-2.9	0.3983	3.5	0.8
3991	1991	43	2073.6	-4.5	-1.1	0.4376	1.5	0.6
3991	1991	44	4492.8	-5	-0.8	0.4097	2.7	0.1
3991	1991	45	7776	-7.8	-1.4	0.365	3	0.6
3991	1991	46	2160	-6	-0.3	0.4603	3.5	5.5
3991	1991	47	6048	-1.6	3.2	0.505	3.4	0
3991	1991	48	6825.6	-5	2.5	0.4294	1.2	0
3991	1991	49	8208	-10.5	2.9	0.3877	1.4	0
3991	1991	50	2332.8	-9.5	2.1	0.3627	0.7	0
3991	1991	51	7776	-6.5	7.7	0.5169	0.4	0
3991	1991	52	7689.6	-4.4	7.6	0.5966	0.9	0.7
3991	1991	53	9417.6	-2.4	8.1	0.5473	2.5	0
3991	1991	54	2505.6	3	6.6	0.731	3.6	0.1
3991	1991	55	10454.4	1.6	12	0.8099	1.8	0
3991	1991	56	5961.6	-0.9	10.6	0.7422	0.8	0
3991	1991	57	9244.8	1.9	11.1	0.8418	1.8	0
3991	1991	58	8640	-0.3	5.5	0.5966	2.9	0.1
3991	1991	59	2678.4	-0.1	2.5	0.5464	1.4	1.1
3991	1991	60	7257.6	-1.2	8	0.6002	1.2	0.3
3991	1991	61	2937.6	-0.9	3.8	0.6445	1.2	4.2
3991	1991	62	5443.2	2.8	7.8	0.8371	1.3	0.1
3991	1991	63	5529.6	1.3	9.1	0.7605	1.9	0
3991	1991	64	3024	3.3	8.9	0.8283	2.1	1.4
3991	1991	65	6998.4	3.1	12.5	0.8144	1.3	0.6
3991	1991	66	5616	6	13.3	0.8869	1.6	0
3991	1991	67	7516.8	3.4	13.7	0.8458	1.4	0
3991	1991	68	3196.8	5.3	10.7	0.9542	1.4	2
3991	1991	69	7862.4	6	14.2	1.0252	1.8	0
3991	1991	70	3369.6	3	10.4	0.8927	0.8	0.5
3991	1991	71	9417.6	6	15	1.1291	0.5	0
3991	1991	72	14428.8	0.7	16.8	0.8235	1.3	0
3991	1991	73	13910.4	0.2	16.1	0.8015	1.5	0
3991	1991	74	6825.6	5	15	1.0184	1.3	0
3991	1991	75	13478.4	2.9	17.6	0.8983	1.5	0
3991	1991	76	9763.2	2.8	15.6	0.8838	1.5	0
3991	1991	77	14601.6	5.4	16.1	0.9674	2.4	0
3991	1991	78	3715.2	6	10.1	0.9897	3.7	12.1
3991	1991	79	6739.2	9.8	15.5	1.0674	4	0.2
3991	1991	80	3801.6	8	14.5	1.1601	3.3	17.6
3991	1991	81	3888	6.4	11.3	0.9199	2	3.4
3991	1991	82	3888	5	10.5	0.9065	1.2	0
3991	1991	83	3974.4	5.8	10.7	0.8288	2.7	0.1
3991	1991	84	4060.8	5.9	8.1	0.751	6	0.2
3991	1991	85	6566.4	3.6	7	0.5877	4.8	0
3991	1991	86	17539.2	1.3	11.3	0.5631	3.4	0
3991	1991	87	16675.2	-1.5	8.4	0.4615	2.7	0
3991	1991	88	12441.6	-3.2	7	0.4134	2.6	0
3991	1991	89	17539.2	-2.9	10.3	0.5016	1.7	0
3991	1991	90	9763.2	-0.5	11.6	0.5799	2.3	0
3991	1991	91	4924.8	1.7	14.8	0.7633	1.9	0
3991	1991	92	16070.4	9.8	18.4	0.8357	4	0
3991	1991	93	15120	8.1	16.6	0.8889	4	0
3991	1991	94	11232	3.8	13.4	0.7817	3.5	0
3991	1991	95	9417.6	7.4	13.5	0.7966	2.7	0
3991	1991	96	18403.2	0.7	15.1	0.6389	2.1	0
3991	1991	97	11750.4	7	13.3	0.8675	4.2	1.6
3991	1991	98	12355.2	6.4	13.4	0.8775	3.7	0.6
3991	1991	99	17366.4	7	15.5	0.8667	2.7	0
3991	1991	100	18662.4	1.1	17.5	0.7141	1.4	0
3991	1991	101	20390.4	3.2	18.5	0.5454	3.2	0
3991	1991	102	21427.2	3.1	20.1	0.696	2.8	0
3991	1991	103	20563.2	5.8	19.7	0.7507	2.3	0
3991	1991	104	18835.2	7	20.1	0.7909	2.7	0
3991	1991	105	20217.6	5.8	20.4	0.753	2	0
3991	1991	106	18403.2	2.2	12.7	0.6299	4.5	0
3991	1991	107	15724.8	1.2	9.7	0.6029	3.4	1.3
3991	1991	108	18921.6	-1.2	7	0.6094	2.5	0
3991	1991	109	12873.6	0.2	6.3	0.509	2.2	0
3991	1991	110	19353.6	-2.5	7.1	0.4398	2.4	0
3991	1991	111	18921.6	-2.5	9	0.4011	1.2	0
3991	1991	112	5356.8	-2	7.5	0.6104	2.7	1
3991	1991	113	14169.6	1.9	9.4	0.6478	2.7	0
3991	1991	114	13219.2	0.7	10.7	0.6958	1.6	0.2
3991	1991	115	14428.8	-0.5	12.8	0.6989	2.4	0.3
3991	1991	116	21168	2.3	13	0.7119	3	0
3991	1991	117	19872	0.7	15	0.6155	2.4	0
3991	1991	118	16156.8	1.4	15.6	0.6877	2.4	0
3991	1991	119	22550.4	1.1	14.4	0.6008	1.9	1
3991	1991	120	5702.4	4.9	8.8	0.9317	2	23.7
3991	1991	121	7430.4	5.1	9.4	0.8251	2.9	0.2
3991	1991	122	8467.2	3.8	10.2	0.731	2.4	0
3991	1991	123	19872	4.6	9.7	0.6576	3.2	0
3991	1991	124	13651.2	3.4	10.2	0.7803	2.8	0
3991	1991	125	13046.4	0.2	11.7	0.6893	1.4	0.7
3991	1991	126	18489.6	0.5	14.7	0.6782	1.5	0
3991	1991	127	19872	3.7	15.5	0.7764	1.7	0
3991	1991	128	12700.8	4.7	15	0.7774	1.6	0
3991	1991	129	18316.8	3.7	15.1	0.7425	2.7	0
3991	1991	130	23846.4	3.7	19.7	0.9067	3.2	0.3
3991	1991	131	7862.4	9.4	18.6	0.958	2.7	0
3991	1991	132	9763.2	6.4	14.4	0.7939	1.8	0
3991	1991	133	24796.8	2.5	20	0.7334	1.8	2.3
3991	1991	134	17712	9	17.5	1.0797	3.9	0.5
3991	1991	135	15811.2	4.6	12.2	0.7932	4.1	1.6
3991	1991	136	16588.8	3	11.8	0.7101	2.4	0
3991	1991	137	15292.8	6.4	14	0.8331	2.6	0
3991	1991	138	21859.2	3.7	15.5	0.8839	1.9	0.5
3991	1991	139	17366.4	5.8	16.4	0.9242	1.4	0
3991	1991	140	10800	5.6	18.8	0.9228	2.4	0
3991	1991	141	13651.2	13.7	20.6	1.4259	3.8	0
3991	1991	142	16329.6	11.8	20.4	1.1695	4.8	0
3991	1991	143	20822.4	5.9	13.2	0.6429	4.3	0
3991	1991	144	16588.8	3.4	14.3	0.6246	2.1	0
3991	1991	145	13478.4	5	16.2	0.894	2.6	0.3
3991	1991	146	14860.8	7.9	16.6	0.9828	2.4	0
3991	1991	147	19094.4	4.3	18.3	0.9098	1.6	0
3991	1991	148	20131.2	6	18.9	0.8804	2.3	0
3991	1991	149	24105.6	6.3	21.2	0.9269	2	0
3991	1991	150	27734.4	7.4	24	0.9797	1.8	0
3991	1991	151	25488	9.2	25.9	1.0417	2.4	0
3991	1991	152	26784	8	20.5	0.86	2.8	0
3991	1991	153	27561.6	3.8	19.9	0.7353	1.6	0
3991	1991	154	20044.8	7.9	15.1	1.0168	4.9	0.7
3991	1991	155	19785.6	5.8	13.9	0.8503	3.9	0.6
3991	1991	156	25747.2	3.6	17.5	0.7001	2.1	1.1
3991	1991	157	6566.4	6.2	13.6	1.0725	1.7	2.5
3991	1991	158	8553.6	9.6	17.5	1.2871	2	6.9
3991	1991	159	14774.4	11.1	19.1	1.3884	1.9	8.2
3991	1991	160	6652.8	11	16.4	1.331	2.7	3.1
3991	1991	161	22377.6	10.9	18.1	1.2039	4.7	1
3991	1991	162	16675.2	11.3	18.1	1.0692	4.1	0
3991	1991	163	16761.6	13	23.1	1.1163	3.5	2
3991	1991	164	15033.6	10.8	18.8	1.1938	4.1	6.5
3991	1991	165	24364.8	9.3	19.3	0.9768	3.6	0.2
3991	1991	166	11232	11	21.5	1.2545	2.5	0
3991	1991	167	12268.8	11.8	17.6	1.0358	3.8	0
3991	1991	168	10281.6	8.5	18.5	1.1283	1.7	0.8
3991	1991	169	18921.6	9.8	16.8	1.3121	2	8
3991	1991	170	9763.2	6.8	14.2	1.0149	2.8	1.7
3991	1991	171	7862.4	7.3	13.3	1.0891	2.1	7.5
3991	1991	172	20044.8	10	21.3	1.2607	2.1	0
3991	1991	173	13996.8	15.6	22.8	1.9325	1.9	11.8
3991	1991	174	21081.6	13.4	22.7	1.4677	2.3	2.8
3991	1991	175	18403.2	15.1	22.5	1.6466	3.5	4.6
3991	1991	176	14515.2	14.3	23.8	1.7825	2.5	0
3991	1991	177	19353.6	15.6	21.6	1.4978	3.4	0.4
3991	1991	178	22636.8	9.7	19.6	1.2322	3.9	24.1
3991	1991	179	16588.8	10	16	1.0922	5.3	0.4
3991	1991	180	13046.4	9.2	16.8	1.0473	3.7	0
3991	1991	181	15465.6	5.9	21.4	1.0458	1.9	0
3991	1991	182	19612.8	14.9	26.5	1.6085	2.1	0
3991	1991	183	28771.2	15	29	1.3722	2.9	0
3991	1991	184	27993.6	15.2	28.5	1.412	2.8	0
3991	1991	185	24278.4	16.6	27	1.6163	3.6	0
3991	1991	186	25488	16.9	30.7	1.7947	3.6	0
3991	1991	187	28425.6	17.9	31.4	1.3621	2.3	0
3991	1991	188	29030.4	18.1	31.7	1.7596	2.1	1.4
3991	1991	189	22032	19.4	29.2	1.8493	2.1	0
3991	1991	190	24883.2	18.8	27.9	1.7468	3.1	0
3991	1991	191	26956.8	12.5	29.2	1.5004	2.1	0
3991	1991	192	27734.4	16.3	33.3	1.7491	2	0.2
3991	1991	193	22118.4	18.9	29.1	1.8164	2.4	0
3991	1991	194	21945.6	14.4	27.3	1.6726	2.2	23
3991	1991	195	15724.8	15.2	23	1.7439	3.1	0
3991	1991	196	18057.6	13.8	23	1.4158	3.1	0
3991	1991	197	14083.2	13.9	21.5	1.2942	2.8	0
3991	1991	198	21859.2	13.3	23.5	1.3524	2.6	0
3991	1991	199	15292.8	11.5	20.1	1.3445	1.8	3.4
3991	1991	200	16588.8	15	20.4	1.3145	4.2	0
3991	1991	201	15638.4	14.2	21.4	1.3635	3	0
3991	1991	202	13737.6	13	20.9	1.4466	1.7	0.5
3991	1991	203	26179.2	9.8	24.5	1.2892	1.2	0
3991	1991	204	27216	11	28.5	1.2871	1.5	0
3991	1991	205	13910.4	14.6	23.5	1.6284	2.2	7
3991	1991	206	14947.2	12.6	18.6	1.3629	1.9	1.8
3991	1991	207	17193.6	10.9	20.3	1.4337	1.4	1.8
3991	1991	208	19872	11.8	24.3	1.4264	1.4	0
3991	1991	209	26524.8	11.9	25.8	1.1953	2.8	0
3991	1991	210	25920	13.7	28.2	1.3364	3.4	0
3991	1991	211	23673.6	15.5	28.5	1.3986	2.4	0.1
3991	1991	212	9417.6	16.4	22.6	2.0141	1.5	23.3
3991	1991	213	5961.6	14.4	20.7	1.5425	2.2	0
3991	1991	214	19526.4	16.1	26.7	1.5264	2.5	0
3991	1991	215	21686.4	13.1	27.8	1.5599	1.5	0
3991	1991	216	20908.8	15.1	28	1.6945	1.7	0
3991	1991	217	23241.6	14	29.2	1.6224	1.3	0
3991	1991	218	24278.4	15.8	31.7	1.672	1.7	0
3991	1991	219	21081.6	16.6	33.4	1.8333	1.5	0
3991	1991	220	10713.6	17.2	26.2	2.2283	2.8	2.1
3991	1991	221	23760	12.6	25.3	1.3778	2.2	0
3991	1991	222	11664	14.4	25.3	1.5726	2	0
3991	1991	223	23846.4	17.2	30.4	1.8536	3.1	0.2
3991	1991	224	20822.4	17.3	24.7	1.6384	2.8	0
3991	1991	225	16848	10.2	24.5	1.1473	1.6	0
3991	1991	226	17798.4	13.6	25.6	1.3435	1.5	0
3991	1991	227	23241.6	12	27.6	1.2911	1.3	0
3991	1991	228	22118.4	11.5	29	1.5171	2.2	0
3991	1991	229	15811.2	15	23.6	1.654	3.2	1.7
3991	1991	230	20563.2	13.4	21.1	1.2973	4.1	0
3991	1991	231	17971.2	9.9	19.9	1.0661	3	0
3991	1991	232	10195.2	13	22.7	1.3065	1.9	0
3991	1991	233	20131.2	9.9	27	1.4202	1	0
3991	1991	234	20822.4	11.9	30.9	1.2466	2.9	0.2
3991	1991	235	12873.6	17.4	26	1.4769	2.3	0
3991	1991	236	17798.4	14.4	25.4	1.3455	2.3	0
3991	1991	237	20044.8	10.1	25	1.2821	1.4	0
3991	1991	238	19094.4	9	25.4	1.1953	1.7	0
3991	1991	239	20217.6	10.2	25	1.2057	1.6	0
3991	1991	240	18403.2	12.5	24.7	1.3694	2.7	0
3991	1991	241	21340.8	10.6	22.6	1.0753	2.7	0
3991	1991	242	21686.4	7.6	25	1.092	2.1	0
3991	1991	243	20908.8	9.6	26.9	1.1513	2	0
3991	1991	244	20217.6	10.6	28.6	1.1841	2.1	0
3991	1991	245	19526.4	12.4	29.3	1.2052	1.3	0
3991	1991	246	19267.2	11.6	28.8	1.3707	1.8	0
3991	1991	247	19526.4	11.7	30.3	1.3405	1.6	0
3991	1991	248	16416	13.2	25.5	1.4125	2.6	0
3991	1991	249	17193.6	12.4	20.1	1.0885	3.3	0
3991	1991	250	5702.4	9.5	18	1.1311	2.4	0
3991	1991	251	6652.8	12	19.3	1.314	1.9	0
3991	1991	252	17884.8	7	23.6	1.1633	0.7	0
3991	1991	253	17107.2	7.3	28.1	1.1527	1.4	0
3991	1991	254	5961.6	11.7	23.1	1.3494	1.4	0
3991	1991	255	17798.4	7.1	20.6	0.8855	2.3	0
3991	1991	256	17539.2	5.2	23.5	0.9146	1.7	0
3991	1991	257	17020.8	4.8	25.2	1.0048	1.2	0
3991	1991	258	11318.4	7	24.3	1.1719	1.1	1.5
3991	1991	259	10368	13.6	24	1.6466	1.9	5.2
3991	1991	260	13478.4	14.4	20.9	1.4313	3.9	0
3991	1991	261	15033.6	10.9	23.2	1.3005	1.4	0
3991	1991	262	5011.2	11.2	20.7	1.3937	1.2	0
3991	1991	263	12528	10.5	20.8	1.1186	1.8	0
3991	1991	264	14601.6	5.4	23.8	1.1785	1.6	0
3991	1991	265	5702.4	11.5	22.7	1.6161	2.6	9.6
3991	1991	266	6220.8	8	15.9	1.0474	3.3	0
3991	1991	267	3542.4	13.6	19.1	1.4668	3.7	0
3991	1991	268	11318.4	17	24.7	1.6972	3.1	6.4
3991	1991	269	3369.6	13.8	17.3	1.6584	1.6	18
3991	1991	270	7689.6	11.2	15	1.2047	3.1	0.1
3991	1991	271	5097.6	8.9	13.4	1.1657	3.2	0
3991	1991	272	6048	10	16.1	1.2308	1.5	0.5
3991	1991	273	11059.2	9.8	17.5	1.2487	3	1.2
3991	1991	274	8467.2	4.9	15	0.9783	3.4	1.1
3991	1991	275	5184	9.5	13.5	1.0168	5	0.1
3991	1991	276	13046.4	4.7	18.6	0.9721	1.3	0
3991	1991	277	13046.4	5.6	20.1	1.1704	0.6	0
3991	1991	278	8899.2	6.4	18.7	1.1622	1.4	8.4
3991	1991	279	2937.6	12	14.2	1.4607	1.4	18.9
3991	1991	280	7603.2	11.9	17	1.3973	1.8	0
3991	1991	281	6307.2	9	15.6	1.2862	1.4	0
3991	1991	282	2851.2	9.6	13.5	1.2922	0.9	0
3991	1991	283	8380.8	9.4	19.1	1.428	1.4	0
3991	1991	284	10454.4	6.6	20.3	1.1247	1.8	0
3991	1991	285	3196.8	8.8	15.7	1.2392	1.6	2.8
3991	1991	286	2678.4	9.8	13.1	1.2837	1.8	0.5
3991	1991	287	6739.2	7.1	15.3	1.2094	1.3	0
3991	1991	288	2592	6.8	13	1.1457	0.9	0.2
3991	1991	289	7603.2	8.5	17.5	1.167	3.1	2.7
3991	1991	290	8035.2	7	15.4	0.9835	5.8	3.7
3991	1991	291	2419.2	6	9.2	0.8973	5.3	4.2
3991	1991	292	5875.2	3.8	8.9	0.814	3.6	0.7
3991	1991	293	5702.4	4.6	8.4	0.8224	2.6	0.4
3991	1991	294	4060.8	2.7	7.6	0.7226	1.1	0.3
3991	1991	295	7430.4	3	9.7	0.8044	1.3	0
3991	1991	296	2246.4	3.3	10.1	0.8829	2.2	0.4
3991	1991	297	2160	5.8	10	0.9371	1.7	0
3991	1991	298	2160	7.6	9.9	0.9701	1.5	0
3991	1991	299	9331.2	0.6	10	0.6233	2.4	0
3991	1991	300	9244.8	-2	10.3	0.5588	2.3	0
3991	1991	301	8467.2	-2.9	8.6	0.5623	1.7	0
3991	1991	302	8812.8	-4	9.9	0.5889	1	0
3991	1991	303	6825.6	-3.7	6.9	0.5349	1.8	0
3991	1991	304	1987.2	-3.7	5	0.5188	1.3	0
3991	1991	305	3974.4	-1.8	6.7	0.5757	2.5	4.1
3991	1991	306	4492.8	1.8	13.7	0.9276	3.4	1.3
3991	1991	307	5529.6	9.5	15.6	1.075	6	7.1
3991	1991	308	4579.2	5.9	12.2	0.9094	4.6	4
3991	1991	309	3369.6	4.2	9.7	0.8782	4.6	3.4
3991	1991	310	3024	1.8	6.2	0.6668	2.8	1.4
3991	1991	311	1728	3.8	10	0.915	5.2	4.2
3991	1991	312	1728	9.1	11.2	1.0534	5.3	3.4
3991	1991	313	4579.2	4.2	10	0.8369	3.2	1
3991	1991	314	4665.6	1.7	6.5	0.696	3	0.1
3991	1991	315	1641.6	1.7	6.7	0.7092	4	5.3
3991	1991	316	4060.8	2.6	8.6	0.8456	4	4.7
3991	1991	317	1555.2	5.8	10.4	0.9823	4	1.4
3991	1991	318	2073.6	4	6.5	0.7809	4	2.6
3991	1991	319	4233.6	2.4	8.5	0.7648	2.4	4.3
3991	1991	320	3628.8	1.8	7.1	0.7049	1.3	0
3991	1991	321	2678.4	0.9	5.3	0.6792	1.2	0
3991	1991	322	1468.8	1.2	4.7	0.6947	3.1	3.9
3991	1991	323	1468.8	4.6	8.5	0.9224	1	12.5
3991	1991	324	1382.4	3.8	7.3	0.8245	3.1	5.2
3991	1991	325	3024	-0.4	4.4	0.5504	2.3	0
3991	1991	326	5011.2	-4.5	2.7	0.5035	1.3	0
3991	1991	327	1382.4	-2.2	4.2	0.5649	0.7	0
3991	1991	328	4665.6	0.2	6.4	0.6579	1.2	0
3991	1991	329	1296	-2.1	2.8	0.5828	0.8	0
3991	1991	330	3801.6	0.6	5	0.6649	1.5	0
3991	1991	331	1296	-0.5	3.1	0.6242	1.7	0
3991	1991	332	1296	0	1.8	0.6391	1.5	0
3991	1991	333	1296	1.3	2.6	0.6891	1.2	0
3991	1991	334	3888	-0.5	5	0.6897	1.5	0
3991	1991	335	1209.6	-2.2	0.4	0.555	1.1	0
3991	1991	336	1209.6	-1.4	-0.1	0.5496	1.6	0
3991	1991	337	1209.6	-2	-0.6	0.5334	1.2	0
3991	1991	338	1209.6	-3	1.3	0.5226	1.3	0
3991	1991	339	3542.4	-0.5	5.2	0.6005	2.5	0
3991	1991	340	4665.6	-2.1	2.9	0.4592	2.3	0
3991	1991	341	1123.2	-0.2	2.1	0.5825	2.9	0
3991	1991	342	1123.2	-0.2	4.2	0.614	1.4	0.6
3991	1991	343	4233.6	-3.8	2	0.4406	2.2	0
3991	1991	344	4147.2	-7.5	-0.8	0.2697	2	0
3991	1991	345	4579.2	-5.8	2	0.4253	1.9	0
3991	1991	346	3110.4	-8.8	-0.2	0.3765	0.3	0
3991	1991	347	2419.2	-9.6	-3.6	0.3582	0.3	0
3991	1991	348	1123.2	-8.8	-6.2	0.3342	0.9	0
3991	1991	349	1123.2	-9.4	-5.8	0.3316	0.7	0
3991	1991	350	1123.2	-7.5	-1.8	0.3983	0.7	2
3991	1991	351	1123.2	-1.8	3.1	0.6213	2	8.6
3991	1991	352	2505.6	1.4	6.2	0.6895	5.5	6
3991	1991	353	1123.2	2.4	9.7	0.8536	4.6	18.1
3991	1991	354	3110.4	0.7	8.8	0.677	5.8	2.5
3991	1991	355	1123.2	0.7	7.3	0.7725	3.4	12
3991	1991	356	1123.2	7.3	12.2	1.1583	3.4	4.2
3991	1991	357	1123.2	8.4	11.5	0.9538	6.3	2.3
3991	1991	358	2246.4	2.8	9	0.7612	5	0
3991	1991	359	2505.6	0.8	4.6	0.6305	2.5	0
3991	1991	360	1123.2	0.1	6.4	0.6787	4.7	4.1
3991	1991	361	3196.8	1.8	6.8	0.6062	4.9	0
3991	1991	362	4060.8	-3.8	5.4	0.5762	0.3	0
3991	1991	363	1123.2	-3.3	0.7	0.5223	0.5	0.3
3991	1991	364	1123.2	0.4	3.2	0.6679	0.5	0
3991	1991	365	1123.2	0.3	1.8	0.5537	1.5	0
