*---------------------------------------------------------------------------*
* Station name: GIESSEN/WETTENBERG                      
* Year: 2004
* Author: Pedro Alencar                                   -999.000: NIL VALUE
* Source: ECAD 
* Comments: 
* Longitude: 50.6008, latitude: 50.6008, altitude: 203 m.
*
* Column  Daily value
* 1       station number
* 2       year
* 3       day
* 4       irradiation                   (kJ m-2 d-1)
* 5       minimum temperature           (degrees Celsius)
* 6       maximum temperature           (degrees Celsius)
* 7       early morning vapour pressure (kPa)
* 8       mean wind speed (height: 2 m) (m s-1)
* 9       precipitation                 (mm d-1)
*
** WCCDESCRIPTION=GERMANY, GIESSEN/WETTENBERG                      
** WCCFORMAT=2
** WCCYEARNR=2004
*---------------------------------------------------------------------------*
   50.6008  8.6506    203.  -0.18 -0.55
3991	2004	1	1123.2	-3.1	0.6	0.4685	1.6	0
3991	2004	2	2160	-6.9	-0.3	0.3654	2.7	0
3991	2004	3	2505.6	-7.2	-1.6	0.3397	1.3	0
3991	2004	4	1123.2	-4	0.5	0.4892	2.3	1.3
3991	2004	5	1209.6	0.3	2.2	0.6621	3	0.9
3991	2004	6	1209.6	0.4	4.4	0.7189	3.8	6.6
3991	2004	7	1209.6	2.5	5.1	0.7938	1.8	0
3991	2004	8	1209.6	1.6	3.7	0.7318	3.5	7.5
3991	2004	9	2160	2.3	7.4	0.8457	2.6	2.6
3991	2004	10	1468.8	2.7	5.6	0.7642	3.4	0
3991	2004	11	1209.6	3.7	10.1	0.9349	4.2	10.8
3991	2004	12	1296	0.9	6.5	0.7404	4.5	18.6
3991	2004	13	1296	4.1	9.2	0.9092	5.3	11.9
3991	2004	14	4579.2	3.8	8.1	0.7359	6.2	2.3
3991	2004	15	1900.8	1.5	4.8	0.6586	4.6	1.7
3991	2004	16	2160	2	7.9	0.73	5.9	1.3
3991	2004	17	2764.8	2.4	7	0.6832	3.2	0.2
3991	2004	18	3628.8	-2.8	3.9	0.5341	2.2	0
3991	2004	19	1382.4	-2.8	3	0.5908	3	4.8
3991	2004	20	3283.2	-0.1	4.2	0.5878	2.4	0
3991	2004	21	1382.4	-5.4	0.7	0.3857	1.7	0
3991	2004	22	2851.2	-7.4	-1	0.412	1.4	0
3991	2004	23	2160	-3.5	0.4	0.4201	1.6	0
3991	2004	24	3456	-4.9	-0.6	0.3744	2.2	0.1
3991	2004	25	1987.2	-1.6	3.4	0.6391	1.6	0
3991	2004	26	2332.8	-1	2.8	0.5674	2.2	0
3991	2004	27	1555.2	-1.8	-0.4	0.4624	2.3	0.6
3991	2004	28	2851.2	-2.1	1.6	0.534	3	5.2
3991	2004	29	3196.8	-2.8	1.8	0.542	4.7	0.3
3991	2004	30	1641.6	-1.6	2.2	0.4621	4.7	0
3991	2004	31	1641.6	-1.7	11	0.6638	5.1	0.3
3991	2004	32	4406.4	8.2	11.6	0.9263	7.1	3.5
3991	2004	33	1728	9.4	11.4	1.1216	4.6	5.3
3991	2004	34	3715.2	8.4	13.8	1.109	3.2	0
3991	2004	35	1814.4	6.2	14.4	0.9514	3.4	0
3991	2004	36	1814.4	7.3	13.4	0.9043	3.4	0
3991	2004	37	3715.2	9.6	14.6	0.9732	3.7	2.4
3991	2004	38	5961.6	5.1	13.4	0.7934	6.8	1.7
3991	2004	39	3801.6	0.2	5.3	0.6849	6.7	11.2
3991	2004	40	3974.4	-0.2	2.7	0.6353	4.9	1.1
3991	2004	41	4060.8	-0.1	4.6	0.6035	3.5	2.8
3991	2004	42	3715.2	-0.2	8.6	0.7422	3.1	0
3991	2004	43	2419.2	-2.4	4.1	0.5328	1.2	0.5
3991	2004	44	2073.6	1.4	6.6	0.805	2	0
3991	2004	45	2160	4.5	8.5	0.8902	1.3	0
3991	2004	46	2160	3.7	7.4	0.7974	1.6	0
3991	2004	47	9072	-0.8	10.3	0.7027	1.4	0
3991	2004	48	2246.4	-1	2.3	0.6277	1.8	0
3991	2004	49	4924.8	-0.8	7.7	0.5867	2.7	0
3991	2004	50	4320	-1.3	2.2	0.4735	4.5	0.2
3991	2004	51	10281.6	-2.2	5	0.4597	3.8	0
3991	2004	52	3456	-3.5	3	0.462	2.1	0
3991	2004	53	4492.8	-1.8	5.8	0.5363	1.9	0
3991	2004	54	7084.8	-4.9	4.3	0.4484	2.4	0.1
3991	2004	55	9158.4	-7.1	3.7	0.4208	2.7	1.1
3991	2004	56	4406.4	-1.3	4.1	0.6152	3.3	0.8
3991	2004	57	8467.2	-2.7	3.1	0.5207	3	0.5
3991	2004	58	9331.2	-7.1	4.3	0.4523	1.8	0
3991	2004	59	5875.2	-4.4	1.6	0.4523	2	0
3991	2004	60	6652.8	-6.6	3.5	0.4364	2	0.1
3991	2004	61	10281.6	-4.4	3.7	0.4348	2.6	0.1
3991	2004	62	4406.4	-0.4	5.3	0.6121	4.1	0
3991	2004	63	9331.2	-2.7	7.1	0.5154	3.3	0
3991	2004	64	11750.4	-5.4	7.5	0.5274	1.5	0
3991	2004	65	13478.4	-4.2	5.6	0.405	3	3.2
3991	2004	66	3110.4	-2.7	1.8	0.5617	2.4	0.1
3991	2004	67	3628.8	-1.6	4.3	0.6466	1.7	0.1
3991	2004	68	12528	-1.5	6	0.5532	2.3	0.2
3991	2004	69	10540.8	-1.7	4.5	0.5138	2.4	0.3
3991	2004	70	3369.6	-1	2.6	0.6151	2	0.4
3991	2004	71	4147.2	-1.5	3.5	0.5649	1.8	0
3991	2004	72	8553.6	-2.1	7.7	0.523	3.3	0.6
3991	2004	73	3456	4.8	10.8	0.9942	3.4	0.5
3991	2004	74	9244.8	3.3	13.5	0.8483	3.1	0
3991	2004	75	9331.2	7.6	15.3	0.9188	3.9	0
3991	2004	76	14083.2	6	18.5	1.0683	2.8	0
3991	2004	77	13478.4	1.8	20.9	1.0336	1.4	0
3991	2004	78	11404.8	4.4	19	1.0166	1.7	0
3991	2004	79	5529.6	9.8	15.2	1.0425	4.8	6
3991	2004	80	3801.6	7.7	13.9	1.1389	6.3	6.9
3991	2004	81	11232	5.3	12.8	0.8864	7.5	1.7
3991	2004	82	10368	1.7	9.2	0.7109	4.2	0
3991	2004	83	10886.4	0.5	10.9	0.7874	1.8	0
3991	2004	84	6652.8	2.1	8.4	0.6567	3.7	0
3991	2004	85	4060.8	0.1	5	0.5578	2.4	0
3991	2004	86	13046.4	-2.6	6.7	0.5524	2.3	0.1
3991	2004	87	15120	-4.8	7	0.4896	1.2	0
3991	2004	88	18662.4	-4.6	11	0.5072	1	0
3991	2004	89	18662.4	-3.3	14.4	0.5618	1.5	0
3991	2004	90	19440	2.3	17.4	0.6074	3.7	0
3991	2004	91	15811.2	0.5	15.7	0.6369	1.7	0
3991	2004	92	19267.2	1.8	19.3	0.8274	2.2	0
3991	2004	93	17798.4	3.7	19.2	0.9188	1.9	0.1
3991	2004	94	9504	10.6	16.1	1.0102	3.3	0
3991	2004	95	9936	7.7	15.4	0.8841	4.5	2.5
3991	2004	96	12528	5.4	12.6	0.9063	4	3.1
3991	2004	97	8985.6	1.8	8.7	0.7898	4.2	1.4
3991	2004	98	9244.8	1.5	8.8	0.8107	3.7	2.4
3991	2004	99	10281.6	1.4	9.3	0.7417	3.5	0.1
3991	2004	100	9072	-1.3	9.1	0.6863	1.6	0
3991	2004	101	13910.4	1.5	12	0.7973	2.1	0
3991	2004	102	18144	0.7	11.5	0.6589	2.7	0
3991	2004	103	21340.8	-1	14.6	0.6914	2.7	0
3991	2004	104	5616	6.8	11.6	0.8489	2.1	0
3991	2004	105	14601.6	4.1	15.1	0.7167	2.1	0
3991	2004	106	21772.8	1	17.6	0.7492	1.6	0
3991	2004	107	20736	2.8	20.4	0.8052	1.9	0
3991	2004	108	21513.6	4.2	21	0.8016	2.2	0
3991	2004	109	14860.8	10	17.4	0.9082	4.3	0
3991	2004	110	15724.8	4.8	14.6	0.6374	3.1	0
3991	2004	111	9244.8	4.4	14.4	0.7425	2	0
3991	2004	112	16588.8	7.7	19.7	1.0961	1.8	0
3991	2004	113	21686.4	6.5	25	1.233	1.7	0
3991	2004	114	11232	5.5	14.4	1.0517	2.8	5.3
3991	2004	115	19785.6	4.2	17.3	0.8643	2.2	0
3991	2004	116	20044.8	4.8	17.7	0.9067	1.9	0
3991	2004	117	21513.6	3.9	19.7	0.9127	1.8	0
3991	2004	118	21427.2	7.5	21.2	0.98	2.3	0
3991	2004	119	14947.2	8.1	21.2	1.3155	2.2	14.9
3991	2004	120	15552	10.9	21.5	1.6	2.2	0.1
3991	2004	121	20649.6	10.9	24.8	1.5106	2.7	0.1
3991	2004	122	5702.4	11.5	15.6	1.4887	2.5	20.9
3991	2004	123	15465.6	8.4	18.5	1.2325	2.3	0
3991	2004	124	20908.8	5.4	18.9	1.2169	1.3	11.4
3991	2004	125	18835.2	8.4	20.7	1.1912	2.4	0.1
3991	2004	126	9504	7.2	14	0.9068	2.6	0
3991	2004	127	5961.6	6.2	13.9	1.1326	2.2	16.4
3991	2004	128	5961.6	6.3	8	1.0016	3.9	23.6
3991	2004	129	8467.2	5.8	10.3	1.022	4.4	0.8
3991	2004	130	6048	6.7	11.6	0.9851	1.8	1.8
3991	2004	131	10886.4	8.5	17.2	1.3037	1.5	0
3991	2004	132	17193.6	6.4	19.6	1.3016	2.5	0.2
3991	2004	133	11836.8	8.9	16.5	1.1003	2.2	0
3991	2004	134	11404.8	6.5	14.2	0.9671	1.9	0
3991	2004	135	15033.6	4	17.8	1.0162	1.4	0
3991	2004	136	19526.4	4.8	18.7	1.0475	2.5	0
3991	2004	137	23760	9.6	21.1	1.0974	2.5	0
3991	2004	138	27043.2	7.4	22.7	1.196	1.5	0
3991	2004	139	23414.4	9.6	23.8	1.3099	2.1	0
3991	2004	140	27475.2	9	24.3	1.2111	2.6	0
3991	2004	141	24451.2	9.5	23.1	1.1845	2	2.8
3991	2004	142	7257.6	5.7	12.7	1.0465	2.7	2.3
3991	2004	143	22032	2.5	13.7	0.7124	3.2	0.1
3991	2004	144	20822.4	3.8	14.2	0.7457	3.3	0
3991	2004	145	19353.6	1	15.1	0.7423	1.7	0
3991	2004	146	19180.8	6.1	16.8	0.9323	1.8	0
3991	2004	147	22809.6	5.2	17.5	0.8591	2.7	0
3991	2004	148	21513.6	1.7	16.4	0.7713	2	0
3991	2004	149	25488	4.1	19.1	0.9143	1.8	0
3991	2004	150	29116.8	4.6	22.5	0.9304	1.8	0
3991	2004	151	27561.6	6.5	23.7	0.9942	1.9	2.7
3991	2004	152	16416	8.9	17.7	1.2816	2.2	4.6
3991	2004	153	20304	7.8	20.9	1.3066	1.6	3.7
3991	2004	154	16070.4	10.3	21	1.456	1.6	0.8
3991	2004	155	18489.6	12.1	23.2	1.5321	2.9	0
3991	2004	156	6566.4	11.8	15.8	1.5288	2.6	3.7
3991	2004	157	12009.6	10.5	16.3	1.3053	3.6	0
3991	2004	158	23500.8	9.2	22.9	1.348	1.3	0
3991	2004	159	28684.8	8.7	26.1	1.3295	1.3	0
3991	2004	160	29030.4	11.8	32.1	1.6311	1.4	0
3991	2004	161	24796.8	15.1	30.9	1.9066	1.9	0.1
3991	2004	162	16070.4	17.5	27.7	2.381	2	0.9
3991	2004	163	17280	13.7	22.5	1.7627	2.9	1.3
3991	2004	164	20476.8	11.1	18.2	1.3988	3.3	5.6
3991	2004	165	18489.6	10	19.4	1.3197	2.5	0.3
3991	2004	166	27475.2	7.6	23.8	1.2469	2	0
3991	2004	167	22550.4	13	25.5	1.6043	3.9	0
3991	2004	168	17366.4	10.8	19.3	1.0252	3.8	0
3991	2004	169	20390.4	9.3	24.2	1.3331	4	2.8
3991	2004	170	9504	12.5	18.5	1.5124	3.2	6.1
3991	2004	171	15638.4	7.6	15.8	1.1127	3	0.6
3991	2004	172	23328	4.5	18.8	1.0269	2.1	3.4
3991	2004	173	20390.4	9.4	18.3	1.2808	2.3	0.8
3991	2004	174	10281.6	8.3	18.6	1.402	1.1	4
3991	2004	175	15465.6	12.2	24.2	1.6068	4	1.1
3991	2004	176	17366.4	12.5	19.2	1.0071	5.9	0
3991	2004	177	17193.6	9.5	17.6	1.0545	4	0
3991	2004	178	25315.2	6.7	22.8	1.0726	1.4	0.4
3991	2004	179	17625.6	13.9	25.6	1.7467	2.1	3.5
3991	2004	180	26524.8	13.8	22.5	1.2273	3.8	0
3991	2004	181	24710.4	10	22.1	1.1294	2.7	0
3991	2004	182	19008	12.7	25.8	1.3592	1.7	0
3991	2004	183	13564.8	12.4	20.5	1.2332	3.4	0.4
3991	2004	184	19180.8	11.4	19.3	1.3935	2.8	1
3991	2004	185	16502.4	11.7	20.8	1.4944	3.7	3.6
3991	2004	186	15638.4	11	20.6	1.3804	2.8	1.4
3991	2004	187	19958.4	12	22.6	1.4986	2.9	0.7
3991	2004	188	22896	9.7	23.2	1.2145	1.6	0
3991	2004	189	20736	11.4	26.3	1.5431	2.9	14.5
3991	2004	190	13392	14.7	22.6	1.9317	2	4.9
3991	2004	191	9331.2	12.3	17.1	1.4367	4.3	2.2
3991	2004	192	17193.6	10	18.7	1.3229	3.2	0.7
3991	2004	193	18230.4	8.3	18.3	1.2053	2.9	0.2
3991	2004	194	7171.2	11.6	15.4	1.422	3.5	2.9
3991	2004	195	8985.6	11.6	17	1.3187	3.4	0.1
3991	2004	196	14256	10.6	20.3	1.3498	3	0.2
3991	2004	197	7603.2	15.1	21.1	1.97	2.6	2.4
3991	2004	198	20044.8	16.3	26.8	1.9769	2.6	0
3991	2004	199	23155.2	13.5	26.9	1.9142	1.8	6.3
3991	2004	200	19958.4	15.4	28.5	2.2888	2	3.6
3991	2004	201	22982.4	16.3	25.8	1.743	2.3	0
3991	2004	202	13737.6	15.7	23.4	1.9749	2.3	2
3991	2004	203	18921.6	15.2	27.9	2.0026	1.6	12.9
3991	2004	204	22809.6	17.8	29	2.1542	1.6	0
3991	2004	205	21513.6	16.6	29.5	2.1092	2.2	0
3991	2004	206	21427.2	14.7	26.1	1.5791	2.4	0
3991	2004	207	17625.6	12	23.4	1.5571	2.5	6.3
3991	2004	208	10281.6	10.7	20.3	1.6531	1.7	9.4
3991	2004	209	19958.4	9.4	21.8	1.3629	1.2	0
3991	2004	210	26352	9	24.4	1.2909	1.7	0
3991	2004	211	27129.6	11.5	25.7	1.348	2.5	0
3991	2004	212	26870.4	12.6	29.1	1.4758	1.4	0
3991	2004	213	20476.8	13.5	29.9	1.6842	1.9	0
3991	2004	214	22636.8	15.7	28	1.7258	1.8	0
3991	2004	215	25228.8	13.9	28.3	1.5236	1.7	0
3991	2004	216	25056	13.8	29.9	1.5951	1.6	0
3991	2004	217	19353.6	15.1	31.2	1.7259	1.6	0
3991	2004	218	24278.4	17	31	1.6973	2.5	0
3991	2004	219	23932.8	16.6	32.9	1.7128	1.8	0
3991	2004	220	21340.8	17.1	31.8	1.9271	1.7	0.5
3991	2004	221	25056	16	30.9	1.6997	2.5	0
3991	2004	222	24537.6	16.6	31.3	1.3953	3	0
3991	2004	223	20304	15.7	31.2	1.4693	2.8	6.5
3991	2004	224	15897.6	17	27.2	2.2036	1.6	3.8
3991	2004	225	18144	14.6	30	2.2037	2.6	10.2
3991	2004	226	12096	14.4	21.6	1.7928	3.7	2.2
3991	2004	227	9504	14.9	21.2	1.9225	2.3	3.2
3991	2004	228	16675.2	14.9	25.2	1.8965	1.8	0
3991	2004	229	11491.2	13.5	23.9	1.7655	2.7	3
3991	2004	230	13824	15.6	25.1	2.0274	2.9	1.8
3991	2004	231	17798.4	17.5	27.7	2.0526	3.5	7.1
3991	2004	232	15552	16.8	25.1	1.8066	3.3	0.1
3991	2004	233	19612.8	13.9	23.7	1.4949	3.9	0.1
3991	2004	234	10886.4	11.7	20.9	1.6287	3	2.4
3991	2004	235	18662.4	9.6	20.7	1.3413	1.6	0
3991	2004	236	14774.4	8.2	23.3	1.4475	2	0.3
3991	2004	237	10800	12.5	19.4	1.6652	2.1	14.3
3991	2004	238	7603.2	14.1	18.3	1.4345	3.5	0.1
3991	2004	239	11664	11.4	19.5	1.4901	3.8	2
3991	2004	240	7257.6	9.4	20.2	1.3451	2.8	2
3991	2004	241	8035.2	15.3	20.6	1.9721	2.1	8.7
3991	2004	242	14169.6	14.8	22.9	1.8473	2.5	6.4
3991	2004	243	9331.2	10.7	18.5	1.4772	3.6	5
3991	2004	244	10368	9.8	18.9	1.4046	3.5	0
3991	2004	245	15292.8	7.2	20.7	1.2414	1.3	0
3991	2004	246	20476.8	6.9	24.1	1.319	1.7	0
3991	2004	247	19526.4	10	27.7	1.6735	1.3	0
3991	2004	248	19180.8	13	27.6	1.8071	1.3	0
3991	2004	249	19267.2	13.2	27.3	1.6356	2.1	0
3991	2004	250	19353.6	11.4	26.5	1.4215	2.3	0
3991	2004	251	19008	14.3	27	1.6036	2.7	0
3991	2004	252	17539.2	12.1	24	1.385	2.3	0
3991	2004	253	19008	9	23.5	1.07	2.6	0
3991	2004	254	17625.6	6.9	24.5	0.9619	2.7	3.3
3991	2004	255	13046.4	15.9	24.6	1.8016	3.1	1.1
3991	2004	256	14601.6	11.7	20.1	1.2269	4	0
3991	2004	257	10108.8	10.3	20.8	1.2879	3.4	0
3991	2004	258	10800	13.9	19.8	1.2841	3.5	0
3991	2004	259	14342.4	8.6	19.1	1.1543	3.9	0
3991	2004	260	14169.6	5.5	18.3	1.0579	1.2	0
3991	2004	261	16848	3.2	20.2	1.0303	1.6	0
3991	2004	262	16848	4.5	22.8	1.1706	1.9	2.8
3991	2004	263	9504	8.4	20	1.4557	1.4	0
3991	2004	264	5616	6.7	18	1.0897	3.2	0.9
3991	2004	265	10886.4	10.9	17.4	1.0319	5.9	0.2
3991	2004	266	5616	9.6	13.9	1.1026	4.8	25.3
3991	2004	267	4406.4	9.5	15.5	1.4045	3.3	7.7
3991	2004	268	11577.6	8.5	14.6	1.1698	3.7	0.4
3991	2004	269	6566.4	9.3	13.2	1.0934	3.7	1.3
3991	2004	270	5702.4	9	14.9	1.2569	2.2	0.4
3991	2004	271	3283.2	9.4	15.6	1.4045	2.6	0.1
3991	2004	272	5270.4	10.8	17.6	1.5204	1.9	1
3991	2004	273	8294.4	8.7	17.2	1.2974	3.4	0.1
3991	2004	274	11404.8	6.4	17.1	1.1164	1.2	0.1
3991	2004	275	5529.6	8.8	16.2	1.3176	1.6	0.2
3991	2004	276	7344	9.3	17.8	1.3181	2.5	0
3991	2004	277	9849.6	6.2	19.2	1.2323	1.5	0
3991	2004	278	11577.6	7	21.7	1.3719	2.7	0
3991	2004	279	9763.2	12.2	24.1	1.6226	2.6	0.5
3991	2004	280	2937.6	8	14.5	1.2534	1.8	0.4
3991	2004	281	7171.2	4.8	16.5	1.1148	1.7	0
3991	2004	282	2851.2	4	11.9	1.0258	0.8	0.2
3991	2004	283	9244.8	5.2	15.4	1.0766	2	0
3991	2004	284	11059.2	4.6	13.2	0.8775	3.3	0
3991	2004	285	12009.6	2.6	13.5	0.7746	3.4	0
3991	2004	286	11836.8	0.7	10.7	0.65	2.9	0
3991	2004	287	8812.8	2.8	13.1	0.8121	2.1	0.1
3991	2004	288	5702.4	5.4	13.3	1.0924	2.6	4.7
3991	2004	289	3801.6	7.4	11.8	1.1467	3.3	3.9
3991	2004	290	5529.6	5.9	11.4	0.9748	2.6	1.3
3991	2004	291	3110.4	6.4	10.3	1.043	2.9	0.9
3991	2004	292	5356.8	3.6	12.5	0.9467	3.5	0.6
3991	2004	293	7862.4	2.9	14.1	1.0093	1.6	0
3991	2004	294	2332.8	3.5	14.6	1.1396	2.4	16.8
3991	2004	295	7516.8	4.7	16.4	1.031	3.5	0.6
3991	2004	296	10108.8	2.4	17.7	1.071	1.7	0
3991	2004	297	5356.8	5.7	18	1.207	3	0
3991	2004	298	8812.8	10.8	19.4	1.4913	2.9	4.8
3991	2004	299	8035.2	9.7	17.9	1.2294	3.5	0
3991	2004	300	2073.6	6.8	12.3	1.1072	0.8	0
3991	2004	301	6220.8	4	13.4	0.9893	1.7	2.3
3991	2004	302	3369.6	9.4	13	1.3025	2.5	4.2
3991	2004	303	5097.6	7.9	16.8	1.3908	1.2	1.5
3991	2004	304	1987.2	8.8	11.9	1.256	1.1	0.4
3991	2004	305	4320	6.4	13.7	1.1818	1.6	0
3991	2004	306	4320	7.2	13.2	1.1191	3.2	0
3991	2004	307	1814.4	8.5	10	1.1084	2.2	0.1
3991	2004	308	1814.4	9.1	13	1.2764	1.4	0
3991	2004	309	1814.4	10.5	11.5	1.2984	1.6	1.3
3991	2004	310	4924.8	6.3	11.1	0.9893	3.1	0
3991	2004	311	1728	3.9	7.9	0.919	2.1	2.5
3991	2004	312	4924.8	-0.7	10	0.7744	1.6	0
3991	2004	313	4579.2	-1.6	8.7	0.709	1.1	0
3991	2004	314	2937.6	-1.1	3.5	0.6331	2.4	17.1
3991	2004	315	1641.6	0.3	2.2	0.6688	2	0.1
3991	2004	316	1555.2	0.8	3.7	0.7112	1.8	0
3991	2004	317	1555.2	3.2	4.3	0.775	2	0.3
3991	2004	318	4233.6	0.3	7.3	0.7296	3.2	0
3991	2004	319	5356.8	-1.6	7	0.6899	1.1	0
3991	2004	320	1468.8	-2.2	2	0.6066	2.1	0.1
3991	2004	321	1468.8	1.9	7.7	0.86	2.2	0.1
3991	2004	322	1468.8	7.4	10.7	1.1166	4.3	0.9
3991	2004	323	1468.8	5.9	9.9	1.0542	4.3	20.8
3991	2004	324	5270.4	0.7	8	0.7584	6.6	1
3991	2004	325	1641.6	0.7	2.6	0.6401	4.5	0.1
3991	2004	326	5270.4	0.4	5.3	0.6523	2.7	2
3991	2004	327	1382.4	0.9	10.3	0.9001	4	2.6
3991	2004	328	2160	-1	9.5	0.7613	3.8	1.6
3991	2004	329	1296	-3.4	-0.1	0.5375	1.1	0
3991	2004	330	5097.6	-3.4	4.7	0.6213	0.8	0
3991	2004	331	2851.2	-3.6	5.1	0.6064	2.3	0.9
3991	2004	332	1814.4	3.7	8.8	0.9225	2.3	0
3991	2004	333	1296	5.3	7.3	0.9352	2.3	0
3991	2004	334	2764.8	4.6	8.5	0.9515	1.1	0
3991	2004	335	5270.4	1	8.2	0.7717	2.3	0
3991	2004	336	1209.6	2.3	5.5	0.7832	1.6	0
3991	2004	337	1209.6	0.6	4.6	0.6481	1.4	3.5
3991	2004	338	4060.8	-0.2	5.6	0.7195	1.4	0.3
3991	2004	339	1123.2	-1.7	0.8	0.5913	1	0
3991	2004	340	1123.2	-2.3	0.7	0.5764	1.7	0
3991	2004	341	1123.2	0.6	3.7	0.7133	1.2	0
3991	2004	342	1123.2	2.6	4.2	0.7249	1.1	0
3991	2004	343	1123.2	-1.8	6.4	0.6633	1.3	0
3991	2004	344	3715.2	-3.7	1.8	0.5644	1.9	0
3991	2004	345	4838.4	-5.8	3.9	0.5416	0.9	0
3991	2004	346	4579.2	-7.6	1.8	0.4739	0.7	0
3991	2004	347	1123.2	-4.1	-1.4	0.4942	1.7	0
3991	2004	348	1123.2	-3.5	-2.3	0.4887	2.2	0
3991	2004	349	1123.2	-3.4	-2	0.496	2.3	0
3991	2004	350	1123.2	-4	-2.2	0.4863	2.7	0
3991	2004	351	1123.2	-3.6	2.2	0.5806	2.8	4.3
3991	2004	352	1123.2	1.1	6.3	0.7643	4	14.9
3991	2004	353	2332.8	2.1	4.7	0.7249	5.2	3.1
3991	2004	354	3369.6	-4.1	3.2	0.5558	1.9	0
3991	2004	355	4752	-7.4	2.1	0.4778	0.9	0
3991	2004	356	4320	-9.8	-1.4	0.3827	1	0
3991	2004	357	1123.2	-6.7	-0.2	0.4596	3.4	1.9
3991	2004	358	1123.2	-0.3	7.5	0.7827	4.1	3.2
3991	2004	359	1814.4	6.2	8.9	0.9774	4.2	1.7
3991	2004	360	1123.2	0.1	10	0.8051	3.1	0.1
3991	2004	361	1123.2	0.3	3.1	0.67	2.5	0
3991	2004	362	1123.2	-1.4	1.4	0.5071	2.5	0
3991	2004	363	1123.2	-1.6	2.4	0.5724	3.5	2.4
3991	2004	364	2764.8	-2.4	4	0.628	2.6	0
3991	2004	365	1123.2	-3.3	2	0.5769	2.5	0
3991	2004	366	1123.2	1.8	5.6	0.7882	2.4	1.3
