*---------------------------------------------------------------------------*
* Station name: GIESSEN/WETTENBERG                      
* Year: 1989
* Author: Pedro Alencar                                   -999.000: NIL VALUE
* Source: ECAD 
* Comments: 
* Longitude: 50.6008, latitude: 50.6008, altitude: 203 m.
*
* Column  Daily value
* 1       station number
* 2       year
* 3       day
* 4       irradiation                   (kJ m-2 d-1)
* 5       minimum temperature           (degrees Celsius)
* 6       maximum temperature           (degrees Celsius)
* 7       early morning vapour pressure (kPa)
* 8       mean wind speed (height: 2 m) (m s-1)
* 9       precipitation                 (mm d-1)
*
** WCCDESCRIPTION=GERMANY, GIESSEN/WETTENBERG                      
** WCCFORMAT=2
** WCCYEARNR=1989
*---------------------------------------------------------------------------*
   50.6008  8.6506    203.  -0.18 -0.55
3991	1989	1	1123.2	3.3	5	0.7807	0.9	0.1
3991	1989	2	1123.2	3.7	7.4	0.8427	1.6	0
3991	1989	3	1900.8	-0.6	3.7	0.6492	3.3	0
3991	1989	4	1123.2	-0.8	2.4	0.6215	3.5	1.3
3991	1989	5	2246.4	2.4	6	0.6927	2.9	9.9
3991	1989	6	1468.8	2.2	8.1	0.846	2.5	6.7
3991	1989	7	1209.6	3.6	6	0.8084	2.6	0.1
3991	1989	8	1209.6	5.6	9.9	0.9803	3	0
3991	1989	9	1209.6	7.2	8.9	1.0435	3	0.4
3991	1989	10	1728	5.5	7.9	0.8731	3.8	0.4
3991	1989	11	4233.6	-0.4	6.8	0.7071	1.6	0
3991	1989	12	1296	1.4	9.4	0.8608	4.8	0.9
3991	1989	13	5616	2.6	9.4	0.7011	3.3	0
3991	1989	14	2851.2	1	8.3	0.7915	3.1	0
3991	1989	15	3628.8	1.2	7	0.6879	2.9	0
3991	1989	16	1296	4	6.1	0.7526	1.6	0
3991	1989	17	1382.4	2.5	6	0.7034	2.8	0
3991	1989	18	2678.4	2.3	6.6	0.7553	1.2	0
3991	1989	19	1382.4	-1.8	2.3	0.6035	0.6	0
3991	1989	20	1382.4	-2.1	0.2	0.5131	1.9	0
3991	1989	21	1382.4	-0.1	3.7	0.647	4	3.2
3991	1989	22	2678.4	1.2	6	0.7036	1.6	0
3991	1989	23	1468.8	-2.1	3	0.5997	0.5	0
3991	1989	24	1468.8	-0.7	2.5	0.5347	1.6	0
3991	1989	25	3628.8	-1.8	2.5	0.4888	2.5	0
3991	1989	26	5270.4	-5.1	2.5	0.4667	1.1	0
3991	1989	27	3628.8	-5.4	0.5	0.4492	1.5	0
3991	1989	28	1555.2	-6.4	-2.6	0.4116	2.3	0
3991	1989	29	1641.6	-3	-0.6	0.5195	1.5	0
3991	1989	30	1641.6	-0.6	2	0.5978	1.3	0.3
3991	1989	31	1641.6	-0.4	0.8	0.6075	1	0.1
3991	1989	32	1728	-0.5	1.1	0.5682	1.8	0
3991	1989	33	1728	-1.1	0.6	0.528	1.6	0
3991	1989	34	1728	-2.4	-1.1	0.516	2.6	0
3991	1989	35	1814.4	-3	-1.6	0.4903	3.5	0
3991	1989	36	1814.4	-3	1.7	0.5594	3.1	2
3991	1989	37	3283.2	1.7	10.2	0.7825	2.9	0
3991	1989	38	4665.6	2.4	10.1	0.8369	1.8	0.1
3991	1989	39	1900.8	0.2	2.7	0.6717	0.6	0.3
3991	1989	40	1987.2	-0.2	3.3	0.6355	1.3	0
3991	1989	41	1987.2	0.7	2.4	0.5945	2.8	0
3991	1989	42	1987.2	-0.5	1.4	0.6186	2.5	0
3991	1989	43	2073.6	-0.4	5.6	0.6481	3.4	0.9
3991	1989	44	7776	1.6	7.3	0.6126	3.4	1.9
3991	1989	45	5788.8	3	7.2	0.6323	5.9	0.1
3991	1989	46	2160	2.2	5.7	0.6806	4.9	0.9
3991	1989	47	7084.8	2.8	6	0.6439	4	0
3991	1989	48	8812.8	-3.2	6.4	0.5006	2.4	0
3991	1989	49	2246.4	4.6	9.7	0.951	3.5	2.8
3991	1989	50	2332.8	9	13.8	1.0909	3.7	0.7
3991	1989	51	6998.4	4.5	13.7	0.8316	4.4	0.9
3991	1989	52	5184	0	7.1	0.583	1.2	0
3991	1989	53	2419.2	-3.1	5	0.6021	1.7	0
3991	1989	54	2505.6	3.9	6.3	0.7201	2.7	1.1
3991	1989	55	2505.6	1.3	5.6	0.6884	1.9	3.4
3991	1989	56	7516.8	4.9	8.3	0.682	5.3	4
3991	1989	57	3283.2	1.8	5.7	0.6552	4.7	2.8
3991	1989	58	4406.4	1.4	5.2	0.6424	4.5	8.3
3991	1989	59	6134.4	1.9	6.8	0.75	3.5	4.3
3991	1989	60	3283.2	1.9	6.8	0.6417	5	5.3
3991	1989	61	5356.8	4	8.5	0.7703	4.9	14.6
3991	1989	62	5011.2	5	9.8	0.9365	2.1	3.2
3991	1989	63	4320	5.5	10.1	0.7932	2.4	0
3991	1989	64	3024	5.7	10	0.9763	2.2	0.1
3991	1989	65	13046.4	2.8	17.2	0.8343	1.7	0
3991	1989	66	10195.2	2.5	15.5	0.8604	1.2	1.9
3991	1989	67	3196.8	5.1	9.6	0.8103	3.3	0.1
3991	1989	68	11232	1.8	11.3	0.6602	2.1	0
3991	1989	69	12700.8	5	14.4	0.7817	2.6	0
3991	1989	70	13046.4	1.8	17.5	0.815	1.3	5.5
3991	1989	71	4147.2	6.3	14.2	1.0231	2	0
3991	1989	72	7084.8	5.8	11.8	0.8036	4.6	0
3991	1989	73	12009.6	2.6	10.4	0.6289	3.9	1.7
3991	1989	74	7257.6	4.5	10.6	0.8942	4.8	2.1
3991	1989	75	3542.4	2.9	11	0.9281	1.5	13
3991	1989	76	3628.8	3.3	10.3	0.7606	3.6	3.3
3991	1989	77	15724.8	-1.8	9.4	0.5532	1	0
3991	1989	78	10195.2	-2.5	11.5	0.5727	1.7	0
3991	1989	79	13219.2	-1.4	11.3	0.5996	1.7	0
3991	1989	80	13305.6	5.2	8.4	0.6124	5	0.4
3991	1989	81	5443.2	5.6	13.8	0.926	4.9	1.1
3991	1989	82	14688	0.6	10.4	0.4695	5.6	0.9
3991	1989	83	3974.4	4.4	9.4	0.8255	5.8	14.9
3991	1989	84	12268.8	6.1	11.4	0.6768	5.1	0
3991	1989	85	15897.6	-0.7	15.4	0.8	1.1	0
3991	1989	86	18144	1	20.4	0.7457	2.5	0
3991	1989	87	16070.4	5.3	24.4	0.9277	1.9	0
3991	1989	88	11404.8	10.3	16.3	1.2511	1.2	0.2
3991	1989	89	15465.6	4.7	22.3	1.0511	1.4	0
3991	1989	90	12441.6	4.6	20.9	1.1186	1.5	6.5
3991	1989	91	13046.4	6.4	14.7	0.9037	3.1	0
3991	1989	92	8899.2	2.4	7.4	0.485	3.4	0.3
3991	1989	93	4492.8	0	4.4	0.5083	3.3	0.5
3991	1989	94	5443.2	1.6	5.8	0.5493	4.7	0.4
3991	1989	95	4579.2	0.6	3	0.64	3.3	15.6
3991	1989	96	6652.8	1.8	9.9	0.6753	4.1	0.9
3991	1989	97	9590.4	5	11	0.9328	3.2	1.6
3991	1989	98	9676.8	3	12.6	0.8567	2.3	1.1
3991	1989	99	20131.2	1.4	14.5	0.7052	2	0
3991	1989	100	4838.4	7.8	13.8	0.8801	2.6	0
3991	1989	101	19440	10	19.1	1.0423	4.4	2
3991	1989	102	5875.2	11.1	17	1.2495	2.5	5.6
3991	1989	103	4924.8	8	11.1	1.1191	2.5	2.3
3991	1989	104	5011.2	7.4	11	1.0117	2.8	3.5
3991	1989	105	5011.2	6.4	9.8	0.9283	2.3	0.1
3991	1989	106	5097.6	6.6	11.2	1.0028	1.2	0.2
3991	1989	107	5097.6	6.8	9.2	0.8148	2.6	0.2
3991	1989	108	15724.8	1	12.1	0.6408	1.9	1.2
3991	1989	109	10540.8	4.5	10.5	0.8186	2.9	1
3991	1989	110	13305.6	4.4	10.9	0.7747	2	1.9
3991	1989	111	7257.6	5	11.3	0.9531	1.6	37.3
3991	1989	112	6393.6	6	11.8	0.9344	2.3	1.2
3991	1989	113	10108.8	3.9	11.4	0.7433	2.3	0
3991	1989	114	19353.6	1.6	17.1	0.8692	2.2	0
3991	1989	115	11491.2	5	18.1	0.9113	1.2	0
3991	1989	116	5529.6	3.1	13.7	0.9695	2.7	7.6
3991	1989	117	14083.2	1.9	8.5	0.6721	2.3	0
3991	1989	118	5616	1.1	8.5	0.6278	2.7	0
3991	1989	119	22723.2	1.2	13.5	0.5846	1.7	0
3991	1989	120	20044.8	1.6	13.7	0.6595	2	0
3991	1989	121	24019.2	0.9	18.5	0.6975	1.5	0
3991	1989	122	17280	4.5	20.6	0.9297	1	0
3991	1989	123	22118.4	6.8	22.7	1.1229	1.8	0
3991	1989	124	24796.8	7.6	21.9	1.0894	2.2	0
3991	1989	125	23846.4	7.8	24.4	1.133	1.4	0
3991	1989	126	21340.8	7.1	17.9	0.7819	4.7	0
3991	1989	127	24796.8	1.5	14.8	0.6715	1.8	0
3991	1989	128	25660.8	3.2	19.9	0.8297	1.2	0
3991	1989	129	25488	5.6	24.2	0.9138	2	0
3991	1989	130	6048	11.3	17.6	1.5123	2	23.8
3991	1989	131	13219.2	9	18.2	1.4157	2.6	10.1
3991	1989	132	12873.6	9.9	14.2	1.0262	3.7	5.8
3991	1989	133	19612.8	5.8	16.8	0.7626	3.1	0
3991	1989	134	17625.6	8.2	17.5	0.9482	1.8	0.6
3991	1989	135	25574.4	4.3	20.5	0.8199	1.7	0
3991	1989	136	27129.6	5.7	23.4	0.9431	1.3	0
3991	1989	137	26524.8	6.1	24.5	0.8334	2.1	0
3991	1989	138	25660.8	10.8	25.7	1.2141	2.4	0
3991	1989	139	26265.6	10.5	27.7	1.1258	1.8	0
3991	1989	140	24624	11.6	27.5	1.2712	2	0
3991	1989	141	25574.4	12.1	25.6	1.2171	2.9	0
3991	1989	142	27129.6	10.9	23.2	0.9317	3.5	0
3991	1989	143	27993.6	8.7	24.9	0.8979	2.8	0
3991	1989	144	27820.8	11	26.8	1.0246	2.4	0
3991	1989	145	28166.4	9.8	26.2	1.0304	1.4	0
3991	1989	146	26611.2	10.2	28.5	1.1659	1.4	0
3991	1989	147	23328	14.3	23.4	1.3475	3	0
3991	1989	148	26524.8	10.5	25.8	1.1025	2.1	0
3991	1989	149	24192	11.6	25.5	1.3224	2	0
3991	1989	150	20217.6	10.3	22.6	1.3453	3	0.1
3991	1989	151	27129.6	6	18.3	0.8066	2	0
3991	1989	152	22032	4.9	19.5	0.7524	1.6	0
3991	1989	153	18144	8.8	17.7	1.0797	2.5	0
3991	1989	154	6566.4	6.1	13.1	1.0751	1.6	3.9
3991	1989	155	10886.4	7	12.9	0.9783	2	2
3991	1989	156	18921.6	3.6	14.7	0.8924	2.7	0
3991	1989	157	19353.6	4.9	17	1.0457	1.7	14.7
3991	1989	158	17280	8	14.5	1.1334	2.7	0.7
3991	1989	159	17971.2	7.1	16	1.0609	1.7	3.3
3991	1989	160	21859.2	8.8	19.5	1.0963	1.3	0.4
3991	1989	161	24364.8	7	24.2	1.0266	1.7	2.3
3991	1989	162	16243.2	14	21.8	1.6383	2.5	0
3991	1989	163	22982.4	11.7	23	1.2067	2.9	0
3991	1989	164	28512	10.2	24.5	1.0286	2.8	0
3991	1989	165	26784	10.3	24.8	0.9015	2.3	0
3991	1989	166	24364.8	10	26.1	1.1163	1.2	0
3991	1989	167	28857.6	10.6	23	0.8979	1.8	0
3991	1989	168	29289.6	8.5	26.5	0.9386	2.2	0
3991	1989	169	28339.2	12.4	27	1.1456	2.5	0
3991	1989	170	28425.6	15.2	27	1.2738	2.7	0
3991	1989	171	28944	12.2	29.6	1.2583	1.7	0
3991	1989	172	24624	14.5	30.8	1.6196	1.7	0
3991	1989	173	9504	15.5	21.6	1.749	1.8	0.2
3991	1989	174	23500.8	15.5	26.5	1.6136	2.1	0
3991	1989	175	18662.4	13.8	24.4	1.3245	1.7	0
3991	1989	176	25833.6	12.7	26.7	1.3289	1.4	0
3991	1989	177	24192	12.9	29	1.4849	1.4	0
3991	1989	178	19699.2	15	26.3	1.5793	3.8	0.1
3991	1989	179	17884.8	11.9	20.1	1.2347	3.3	0.8
3991	1989	180	10281.6	11.9	20.4	1.2649	2.9	2.2
3991	1989	181	21945.6	12.3	21.6	1.2537	2	0
3991	1989	182	11836.8	12.2	22.3	1.5725	1.6	16.4
3991	1989	183	7862.4	14.2	19.7	1.5044	2.8	0.2
3991	1989	184	8553.6	13.2	17.8	1.3366	2.2	1.8
3991	1989	185	17193.6	12.4	23.6	1.5456	3.3	0
3991	1989	186	24796.8	18.6	29.9	1.7833	2.8	0
3991	1989	187	26697.6	17	30.8	1.5983	2.3	0
3991	1989	188	25056	16.6	30.6	1.5407	2.1	21.4
3991	1989	189	15724.8	17.5	25.6	2.4134	1.6	10.2
3991	1989	190	17971.2	16.9	23.9	1.7465	2.8	9.3
3991	1989	191	17452.8	15.9	24.6	1.5882	1.9	0
3991	1989	192	20649.6	14.8	24	1.4618	2	0
3991	1989	193	24537.6	11.6	25.4	1.2545	2.2	0
3991	1989	194	23328	14	24.8	1.3269	3.7	0.2
3991	1989	195	17625.6	12.2	19.2	1.2469	4.4	0
3991	1989	196	15811.2	9.1	19.8	0.9863	3.3	0
3991	1989	197	19958.4	11.5	22	1.3141	4.3	0
3991	1989	198	21513.6	7.7	20.5	1.0124	2.7	0
3991	1989	199	21859.2	13.6	22	1.2007	4.2	0
3991	1989	200	23068.8	8.4	22.2	1.1112	1.8	0
3991	1989	201	26265.6	7.4	26.4	1.0959	1.1	0
3991	1989	202	26438.4	10.9	29.6	1.1852	1.7	0
3991	1989	203	20736	13.4	31	1.3089	1.6	0
3991	1989	204	14428.8	18.8	29	2.1903	1.4	10.6
3991	1989	205	20304	17.3	29.1	2.0149	1.6	2.3
3991	1989	206	17020.8	18.4	25.5	2.1047	1.2	24.8
3991	1989	207	22809.6	16.8	27.2	1.8208	2.2	0
3991	1989	208	20217.6	16.6	25.5	1.5438	2.5	0
3991	1989	209	19958.4	10.2	23.2	1.177	0.7	0
3991	1989	210	23155.2	11.5	25.7	1.1982	1.2	0
3991	1989	211	10800	14.3	23.5	1.5043	2.7	0.7
3991	1989	212	20390.4	13.6	19.7	1.2868	5	1.8
3991	1989	213	16329.6	8.9	17.9	1.2285	3.5	3
3991	1989	214	14515.2	9.8	17.7	1.0054	4.3	0
3991	1989	215	16156.8	10.6	20.7	1.1186	3.6	0
3991	1989	216	19008	14.1	22.3	1.3355	3.1	0
3991	1989	217	23414.4	8.2	26	1.1683	1.2	0
3991	1989	218	15379.2	10.1	24	1.514	1.7	9.3
3991	1989	219	13478.4	15.7	25.9	1.8391	1.8	1.9
3991	1989	220	12268.8	16.8	24.6	1.9497	1.7	5.2
3991	1989	221	20217.6	14.2	24.9	1.589	1.7	0
3991	1989	222	20131.2	12.1	25.8	1.509	1.5	0
3991	1989	223	18576	14.8	25.1	1.3962	3.3	0.4
3991	1989	224	11232	16.3	22.2	1.426	3.1	0.1
3991	1989	225	22291.2	12.8	25	1.2863	1.1	0
3991	1989	226	21340.8	15.1	26.9	1.3157	2.1	0
3991	1989	227	23500.8	14.2	30.6	1.6763	2.5	0
3991	1989	228	18057.6	17.7	32.3	2.1494	2.3	6.2
3991	1989	229	18662.4	17.4	25.5	1.6842	1.7	0
3991	1989	230	22809.6	12.1	25.9	1.2285	1.5	0
3991	1989	231	22204.8	10.2	28.8	1.4031	2	0
3991	1989	232	21081.6	13.9	30.6	1.4736	1.4	0
3991	1989	233	20304	15.4	32	1.667	1.2	0.9
3991	1989	234	16416	17.6	29.4	2.1672	2	0.1
3991	1989	235	20304	14.1	24.7	1.4618	1.8	0
3991	1989	236	20822.4	11.8	26	1.3735	2.3	0
3991	1989	237	6998.4	14.1	18.7	1.5646	2.4	0.3
3991	1989	238	5011.2	11.4	16.9	1.3866	1.2	3.2
3991	1989	239	11232	12.2	19.4	1.3445	5.5	0
3991	1989	240	10281.6	10.5	18.1	1.1396	6.1	0.5
3991	1989	241	10195.2	10.1	16.6	1.0255	3.1	0
3991	1989	242	12441.6	7.4	19.3	1.1939	1	0
3991	1989	243	16934.4	8.3	24.5	1.2479	0.8	0
3991	1989	244	4579.2	13	18.4	1.5497	1.6	1
3991	1989	245	7862.4	12.1	17.9	1.2603	1.1	0
3991	1989	246	10540.8	11	17.1	1.1854	1.9	0
3991	1989	247	11750.4	9.3	20.3	1.0424	1.7	0
3991	1989	248	15379.2	5.7	19.6	0.9505	1.1	0
3991	1989	249	17971.2	5	22.9	1.0186	0.8	0
3991	1989	250	17280	8.3	24.4	1.1511	1.5	0
3991	1989	251	18057.6	8.1	25.3	1.1391	2.2	0
3991	1989	252	17020.8	10	25.1	1.2019	2.6	0
3991	1989	253	6307.2	11	22.8	1.1344	1.9	0
3991	1989	254	12096	14.9	24	1.5115	2.3	2.3
3991	1989	255	10627.2	14.4	23	1.6363	1.5	1.9
3991	1989	256	8035.2	11	19.1	1.4182	1.9	1.8
3991	1989	257	11750.4	14.1	19.5	1.4329	3.9	11.8
3991	1989	258	3888	12.8	19.2	1.5797	3.7	2
3991	1989	259	5875.2	15.1	20.7	1.6792	3.1	0
3991	1989	260	11664	13.6	24.2	1.7659	1.7	0
3991	1989	261	15206.4	11.6	27.4	1.6294	1.7	0
3991	1989	262	9936	14	23.1	1.749	1.9	0.6
3991	1989	263	12873.6	12.2	24	1.5968	1.1	0
3991	1989	264	12441.6	13.2	25.5	1.8385	0.8	0
3991	1989	265	7344	15	21.7	1.9169	0.9	0
3991	1989	266	3542.4	12.4	17	1.6037	1.8	10.5
3991	1989	267	3542.4	12	14.5	1.4599	0.9	4.9
3991	1989	268	10886.4	11.2	18.1	1.4321	1.9	0
3991	1989	269	6566.4	10.2	17.7	1.321	1.4	0
3991	1989	270	11145.6	8	16.2	1.1424	2.1	0
3991	1989	271	10972.8	4.3	17.8	1.0132	1.7	0.2
3991	1989	272	6220.8	8.1	14.9	1.2337	1.3	2.1
3991	1989	273	5011.2	8	15.3	1.1775	2.2	0.1
3991	1989	274	6048	12	15.2	1.2446	2.3	0.1
3991	1989	275	4665.6	10.6	13.8	1.079	3.6	0.2
3991	1989	276	12700.8	7.2	16.4	0.8988	2.3	0
3991	1989	277	13564.8	0.4	16.1	0.8179	1.2	0
3991	1989	278	12873.6	0.4	17.7	0.8518	1.1	0
3991	1989	279	4924.8	3.2	15.5	0.9632	1.7	2.4
3991	1989	280	2937.6	8.4	12	1.0694	3.8	12.1
3991	1989	281	4838.4	6	11.1	0.946	2.1	0.7
3991	1989	282	2851.2	8.2	10.6	1.0489	1.9	3
3991	1989	283	6912	7.6	11.5	0.9405	2.7	0
3991	1989	284	3456	7.6	12.1	1.0447	3.2	0
3991	1989	285	4060.8	7.7	15	1.1007	2.3	0
3991	1989	286	2678.4	11	14.9	1.0737	3.1	0.5
3991	1989	287	7776	7.2	13.4	1.0515	3.7	0.3
3991	1989	288	10368	6	13.6	0.9322	3.1	0
3991	1989	289	7171.2	2.5	14	0.8942	1.4	0
3991	1989	290	8294.4	3.1	15.5	0.9717	0.5	0
3991	1989	291	8380.8	2.5	16	0.9684	1	0
3991	1989	292	6652.8	5	15.6	1.0891	0.6	0
3991	1989	293	4665.6	7.6	15.2	1.1178	3.2	2
3991	1989	294	6393.6	10	21.6	1.2728	4	0
3991	1989	295	9590.4	8.4	21	1.2529	2.1	0
3991	1989	296	8553.6	7.6	22.1	1.2988	1.3	0
3991	1989	297	6307.2	8.9	19.5	1.391	1.1	0
3991	1989	298	4665.6	7.7	17.9	1.329	0.7	0
3991	1989	299	6480	8.5	19.4	1.3528	0.6	0
3991	1989	300	6825.6	9.2	18.5	1.3757	1.2	0
3991	1989	301	5097.6	5	17.7	1.0873	2.6	3.4
3991	1989	302	7516.8	9.7	14.8	0.9401	4.8	4.2
3991	1989	303	5356.8	9.1	16.4	1.1922	5.1	7.4
3991	1989	304	1987.2	9.4	12.9	1.1922	2.3	3
3991	1989	305	1900.8	9.1	12.9	1.2722	1.3	21.9
3991	1989	306	2246.4	7.3	12.5	1.1457	1.9	3.2
3991	1989	307	1814.4	9.2	11.4	1.1767	1.9	4.8
3991	1989	308	5270.4	8	11	0.9848	3	6.2
3991	1989	309	5097.6	6.6	9.7	0.9315	2.7	3.1
3991	1989	310	4233.6	3.8	8.8	0.7825	2.3	0
3991	1989	311	3974.4	2.4	7.1	0.7027	2.2	0
3991	1989	312	2073.6	1.9	8	0.6605	3.4	2.1
3991	1989	313	7257.6	3.4	10.2	0.6717	3.5	0
3991	1989	314	2851.2	0.3	7.3	0.6494	3.6	0
3991	1989	315	6307.2	2.5	9.5	0.6637	2.1	0
3991	1989	316	6912	-1	12.5	0.7258	0.7	0
3991	1989	317	6393.6	-2	9	0.5966	0.8	0
3991	1989	318	5184	-2.7	4	0.57	1.4	0
3991	1989	319	2678.4	-1.4	4.1	0.613	1.2	0
3991	1989	320	6307.2	-1.2	6.9	0.6073	2.5	0
3991	1989	321	6220.8	-2.4	6.8	0.4581	2.2	0
3991	1989	322	6307.2	-4.8	5.5	0.4074	1.4	0
3991	1989	323	6134.4	-6.4	4.5	0.439	0.9	0
3991	1989	324	4579.2	-4	6.1	0.5406	0.2	0
3991	1989	325	1382.4	-3	4.4	0.5785	0.5	0.7
3991	1989	326	4060.8	-1.2	6.3	0.5945	1.9	3.1
3991	1989	327	3196.8	-3.8	2.3	0.4917	2	0
3991	1989	328	1296	1.2	5.2	0.6302	2.3	1.3
3991	1989	329	5529.6	-5.2	2.1	0.3764	2.2	0
3991	1989	330	1296	-6.4	3	0.3507	3.2	0
3991	1989	331	1296	1.4	5.9	0.722	3.4	0.2
3991	1989	332	5616	-0.1	8.1	0.5855	2.2	0
3991	1989	333	5616	-5.3	3	0.4775	1.2	0
3991	1989	334	5270.4	-7.8	2	0.3998	0.7	0
3991	1989	335	4752	-7.4	1.6	0.385	0.8	0
3991	1989	336	4752	-7.1	3.9	0.3968	0.9	0
3991	1989	337	4665.6	-6.7	4.5	0.4511	1.1	0
3991	1989	338	4060.8	-6	2.8	0.4566	1.2	0
3991	1989	339	1123.2	-0.8	4	0.6035	0.5	0
3991	1989	340	1123.2	-0.8	4.8	0.6492	1	0
3991	1989	341	1900.8	-0.6	7	0.6533	2	0
3991	1989	342	1123.2	-3.6	0.3	0.5253	1	0
3991	1989	343	1123.2	-0.8	1.7	0.5745	0.9	0
3991	1989	344	4579.2	-4.1	2.5	0.4669	1.2	0
3991	1989	345	1123.2	-6.9	-2	0.3999	1.2	0
3991	1989	346	1123.2	-3.2	1.6	0.5533	2.8	5.6
3991	1989	347	1123.2	1.6	8.8	0.7694	4.5	12.5
3991	1989	348	1814.4	7.5	14	0.89	5.8	4.1
3991	1989	349	1123.2	7.6	12.3	1.0272	4	18.7
3991	1989	350	2160	7.3	15.1	0.9702	3.8	2.2
3991	1989	351	2246.4	9.5	15.9	1.159	5.2	4.5
3991	1989	352	1123.2	9.1	11.6	0.9671	4.7	2
3991	1989	353	2505.6	6.6	11.4	0.8834	5.1	4.1
3991	1989	354	1123.2	5.1	11	0.9682	4.7	15.3
3991	1989	355	1123.2	9.9	14.5	0.9228	4.4	1.1
3991	1989	356	1123.2	7.8	13	1.1468	4.5	11.7
3991	1989	357	3456	4.6	7.8	0.6729	4.5	1.2
3991	1989	358	2073.6	5.3	9.1	0.8629	3.4	0.7
3991	1989	359	4233.6	0.2	7.3	0.6472	1.7	0
3991	1989	360	3110.4	-3.9	3.9	0.5438	0.7	0
3991	1989	361	1123.2	-2.5	0.9	0.4784	2.4	0
3991	1989	362	1123.2	-0.7	0.3	0.5058	1.6	0
3991	1989	363	1123.2	-1.7	-0.4	0.4924	1.9	0
3991	1989	364	1123.2	-2	-0.4	0.4982	1.8	0
3991	1989	365	1123.2	-2	-0.2	0.5075	1.7	0
