*---------------------------------------------------------------------------*
* Station name: GIESSEN/WETTENBERG                      
* Year: 1990
* Author: Pedro Alencar                                   -999.000: NIL VALUE
* Source: ECAD 
* Comments: 
* Longitude: 50.6008, latitude: 50.6008, altitude: 203 m.
*
* Column  Daily value
* 1       station number
* 2       year
* 3       day
* 4       irradiation                   (kJ m-2 d-1)
* 5       minimum temperature           (degrees Celsius)
* 6       maximum temperature           (degrees Celsius)
* 7       early morning vapour pressure (kPa)
* 8       mean wind speed (height: 2 m) (m s-1)
* 9       precipitation                 (mm d-1)
*
** WCCDESCRIPTION=GERMANY, GIESSEN/WETTENBERG                      
** WCCFORMAT=2
** WCCYEARNR=1990
*---------------------------------------------------------------------------*
   50.6008  8.6506    203.  -0.18 -0.55
3991	1990	1	1123.2	-1.8	-0.2	0.551	2.5	0
3991	1990	2	1123.2	-1.9	-0.6	0.5354	1.6	0
3991	1990	3	1123.2	-1	-0.3	0.4837	1.8	0
3991	1990	4	1123.2	-0.9	0	0.4435	3.4	0
3991	1990	5	1209.6	-0.8	0.5	0.5802	1.6	0.5
3991	1990	6	1209.6	-1.4	0.6	0.5104	2	0
3991	1990	7	1209.6	-1.7	0.7	0.5243	3	0
3991	1990	8	1209.6	-2.8	-0.3	0.5346	3.3	0.4
3991	1990	9	1209.6	-0.3	2.5	0.6417	2	0.2
3991	1990	10	1209.6	1.2	3.3	0.6609	2.8	0
3991	1990	11	1209.6	1.2	2.4	0.64	3.6	0
3991	1990	12	1296	-1	1.4	0.5703	2.3	0
3991	1990	13	1296	-2.3	0.4	0.5587	2.7	0
3991	1990	14	1296	0.2	4	0.6468	1.6	0.3
3991	1990	15	1296	2	5.6	0.7376	3.4	0.6
3991	1990	16	1296	5.6	9.6	0.8973	3.5	0
3991	1990	17	1382.4	5.1	10	0.8214	4.1	0.5
3991	1990	18	5270.4	-0.6	6	0.5638	2.2	0
3991	1990	19	2332.8	0.8	5.9	0.5748	2.9	2.6
3991	1990	20	1382.4	2.4	6.4	0.7192	3.7	0.2
3991	1990	21	3369.6	4.8	9.8	0.7462	2.7	0
3991	1990	22	3542.4	1.9	7.9	0.7708	2.6	0
3991	1990	23	2678.4	4.2	7.5	0.7586	4.6	13.7
3991	1990	24	3110.4	2.7	7.3	0.6192	5.3	2
3991	1990	25	1468.8	2.7	12.2	0.7435	7	13.6
3991	1990	26	2851.2	2.4	9.8	0.6495	7.5	2.9
3991	1990	27	3715.2	2.6	8.1	0.6702	4	0.1
3991	1990	28	1555.2	4.5	9.2	0.6442	4.5	0
3991	1990	29	1900.8	2	6.2	0.7042	3	0
3991	1990	30	1641.6	0.4	7.4	0.6783	4.2	0
3991	1990	31	1987.2	5.9	11.1	0.6433	4.7	0
3991	1990	32	2678.4	6.8	10.6	0.7982	3.3	0.6
3991	1990	33	5356.8	4.9	10.1	0.6839	4.9	1.9
3991	1990	34	1728	3.6	12.3	0.8014	6.7	3.3
3991	1990	35	6480	4.2	9.8	0.721	4.3	0
3991	1990	36	7430.4	0	9.9	0.7039	1.3	0
3991	1990	37	7516.8	-3.9	9.2	0.5322	1.4	0
3991	1990	38	5097.6	2.3	12.6	0.7022	5.4	0
3991	1990	39	5529.6	5	14.4	0.7937	7.3	1.8
3991	1990	40	5443.2	3.2	7.7	0.7199	2.6	0.3
3991	1990	41	4060.8	-0.8	6.8	0.6289	3.6	9.6
3991	1990	42	4147.2	3	7.2	0.6499	5.4	0.9
3991	1990	43	5184	0.4	7.2	0.6334	6	2.3
3991	1990	44	4665.6	0.8	5.6	0.6456	3.8	17.3
3991	1990	45	4492.8	1.3	7.5	0.577	7	10.9
3991	1990	46	4406.4	0.3	4.8	0.6605	3.9	6.9
3991	1990	47	8985.6	0.7	5.9	0.5728	3.3	0
3991	1990	48	7084.8	-3.6	6.4	0.5611	2.5	0
3991	1990	49	3974.4	4.6	11.7	0.8557	2.4	0
3991	1990	50	5184	3.7	14.5	0.9702	2.5	0
3991	1990	51	8121.6	8.2	17	1.1223	3.2	0
3991	1990	52	8726.4	1.6	16.5	0.7828	2.5	0
3991	1990	53	10368	0.4	14.4	0.741	1	0
3991	1990	54	10108.8	-0.8	14.4	0.8001	1.1	0
3991	1990	55	7257.6	2.4	15.7	0.9094	1.5	0
3991	1990	56	2592	5.2	15.3	0.8484	3.1	2.5
3991	1990	57	3542.4	4.5	12.2	0.7905	8.9	14.4
3991	1990	58	6652.8	2.1	5.6	0.6035	8.2	6.8
3991	1990	59	4665.6	2.2	9.7	0.7545	7.2	19.4
3991	1990	60	10540.8	0	10.5	0.5413	8.7	4.1
3991	1990	61	8208	0.3	4.3	0.5551	4.2	0
3991	1990	62	7344	0.4	5.9	0.582	3.9	0
3991	1990	63	3715.2	3	7	0.6105	4.6	0
3991	1990	64	3456	4.9	8.2	0.6602	5	0
3991	1990	65	4060.8	5.8	9.4	0.7095	5.7	0
3991	1990	66	3110.4	8	11	0.8899	3.9	0
3991	1990	67	11836.8	7.7	16.4	0.8294	2.9	0
3991	1990	68	7430.4	6	10.9	0.6743	6.2	0.1
3991	1990	69	3283.2	5.2	12	0.9157	4.5	1.3
3991	1990	70	13564.8	8.3	18.7	1.0511	4.2	0
3991	1990	71	12268.8	7.3	14.6	0.8627	3.5	0
3991	1990	72	11059.2	-0.2	12.5	0.6328	1.3	0.5
3991	1990	73	8812.8	4.1	15	0.8215	1.6	0
3991	1990	74	13737.6	0.6	15.1	0.7535	1.7	0
3991	1990	75	14083.2	-0.2	17.6	0.7982	1.1	0
3991	1990	76	15552	-0.4	20.1	0.7774	1	0
3991	1990	77	15379.2	0.3	18.7	0.7831	1.5	0
3991	1990	78	14947.2	2.3	19.6	0.7451	2.2	0.3
3991	1990	79	3801.6	10.1	14	1.223	2.9	1
3991	1990	80	3801.6	7.3	15.5	0.9966	3.3	0
3991	1990	81	3888	8	15.7	1.1654	2.6	1.4
3991	1990	82	13564.8	4.8	12.7	0.7671	3.5	0
3991	1990	83	10281.6	3.7	11.8	0.6746	4.1	0
3991	1990	84	10886.4	3.2	9	0.7153	5.2	0
3991	1990	85	9244.8	2.4	8.6	0.7675	2.6	0.5
3991	1990	86	8121.6	2.2	9.6	0.6962	2.6	0
3991	1990	87	4147.2	2.6	7	0.7654	3.4	3.9
3991	1990	88	4233.6	4.8	11.2	0.8041	2.3	0
3991	1990	89	17280	3.6	15.5	0.7738	1.6	0
3991	1990	90	17884.8	3	18.6	0.893	1.9	0
3991	1990	91	18316.8	3.6	19.5	0.8841	2.2	0
3991	1990	92	14428.8	3.3	18.8	0.7895	2.1	0.3
3991	1990	93	4492.8	4.3	13.2	0.8912	3.7	6.7
3991	1990	94	14169.6	2	8.7	0.6791	3	0.2
3991	1990	95	15379.2	-2	8.7	0.5204	1.6	0
3991	1990	96	18057.6	-0.6	11.7	0.5436	3.4	0
3991	1990	97	13046.4	2.9	12.1	0.4974	3.9	0
3991	1990	98	19267.2	2.8	9.5	0.4817	3.9	0
3991	1990	99	20563.2	-0.8	10.9	0.3851	3.6	0
3991	1990	100	20736	-1.7	13	0.3832	2.7	2.3
3991	1990	101	16761.6	6.3	11.3	0.7697	5	0.3
3991	1990	102	14342.4	4.4	13	0.7308	2.3	0.2
3991	1990	103	9417.6	6.7	12.7	0.95	2.9	1.6
3991	1990	104	7344	5.3	11.5	0.9584	3.2	3.2
3991	1990	105	13564.8	3.5	9.5	0.7353	5.1	1.7
3991	1990	106	13392	3	12.3	0.7956	2.9	2.6
3991	1990	107	12787.2	3.7	9.4	0.8156	2.3	0.4
3991	1990	108	15638.4	0.7	12.1	0.6342	1	0
3991	1990	109	18748.8	0.5	12.4	0.6557	2.1	4.5
3991	1990	110	13305.6	5	14.7	0.8746	2.6	1.7
3991	1990	111	18576	7.5	18.1	0.9746	3.3	0
3991	1990	112	17193.6	8.2	16.8	1.057	3	2.3
3991	1990	113	13737.6	9	14.9	1.0334	3	0.2
3991	1990	114	12960	7.9	15	0.9864	2.2	0
3991	1990	115	13305.6	7.1	14.8	1.0327	1.9	1.4
3991	1990	116	19353.6	4.4	18.5	0.8648	1.8	0
3991	1990	117	9417.6	6.9	12.4	0.803	4.7	1.3
3991	1990	118	19008	2.1	13.4	0.6219	1.7	0
3991	1990	119	21772.8	4.2	17.6	0.7817	1.3	0
3991	1990	120	23846.4	5.8	23	1.0651	2	0
3991	1990	121	25142.4	9.3	25.5	0.9922	2.6	0
3991	1990	122	25142.4	11.2	25.7	1.1234	3.7	0
3991	1990	123	25574.4	11.2	24	0.8239	3.4	0
3991	1990	124	25833.6	8.3	25	0.9651	2.6	0
3991	1990	125	25315.2	9.8	27	1.0354	1.9	0
3991	1990	126	25488	9.7	27.3	1.0844	1.6	0
3991	1990	127	22809.6	9.4	25.4	1.1708	1.8	0
3991	1990	128	19440	10.6	24.6	1.4871	1.7	11.1
3991	1990	129	16502.4	9.7	21.5	1.4691	1.4	2.7
3991	1990	130	15984	10.4	22.5	1.4761	1.7	9.5
3991	1990	131	20476.8	9.9	17	1.0322	2.3	0.1
3991	1990	132	15984	6.4	16.7	1.0065	1.8	2.2
3991	1990	133	20217.6	6.7	16.9	1.0233	2.6	0
3991	1990	134	20390.4	7.9	18.2	1.0507	2.4	0
3991	1990	135	22291.2	4.1	22	0.9907	1.1	0
3991	1990	136	16588.8	11.3	22.1	1.253	1.5	0
3991	1990	137	26092.8	13.1	22.3	1.2336	3.3	0
3991	1990	138	25574.4	8.2	17.6	0.8175	2.3	0
3991	1990	139	25920	5.5	21.2	0.8113	2.5	0
3991	1990	140	26870.4	7.3	22.2	0.8045	2.4	0
3991	1990	141	18144	7.9	21.6	0.9218	1.4	0
3991	1990	142	19785.6	10.6	22.2	1.1362	1.8	0
3991	1990	143	22550.4	10.7	24.5	1.2057	2.3	0
3991	1990	144	23500.8	11.2	22.1	1.003	3.1	0
3991	1990	145	23932.8	7.3	17.2	0.7692	3.1	0
3991	1990	146	28166.4	2.9	17.9	0.6553	2.2	0
3991	1990	147	27907.2	3.2	20.5	0.6798	2.1	0
3991	1990	148	12614.4	4.3	15.6	0.7337	2	0
3991	1990	149	27043.2	2.4	20.6	0.6236	1.3	0
3991	1990	150	26611.2	3.5	21.9	0.6602	1.2	0
3991	1990	151	26611.2	6.4	24.8	0.7434	1.3	0
3991	1990	152	25574.4	7.9	26.6	0.8059	1.5	7.3
3991	1990	153	18662.4	12.1	20.7	1.3038	3.7	9.3
3991	1990	154	16588.8	8.9	17.8	1.0715	3	9
3991	1990	155	20995.2	11	16.9	1.1141	4.9	1
3991	1990	156	20131.2	6.7	19.2	0.8947	1.3	0.1
3991	1990	157	16761.6	10.7	19	1.2145	1.7	1.6
3991	1990	158	8208	12.4	17	1.3866	3.5	8.5
3991	1990	159	13910.4	10.2	16.7	1.1555	2.6	0.2
3991	1990	160	13564.8	8	15.4	1.1127	1.4	0.7
3991	1990	161	6652.8	7.9	13	1.1506	3.1	4.2
3991	1990	162	10281.6	10.8	17	1.158	2.5	0
3991	1990	163	6652.8	10.9	17	1.2096	1.9	2.5
3991	1990	164	6652.8	11.2	14.5	1.2741	2	0.3
3991	1990	165	6652.8	11.5	16.4	1.2255	1.2	0
3991	1990	166	6652.8	11.8	16.7	1.1846	1.3	0
3991	1990	167	15206.4	9.4	21.6	1.1431	1.3	0
3991	1990	168	26092.8	9.1	24	1.1659	1.4	0
3991	1990	169	16761.6	10.5	23.4	1.3887	1.9	0
3991	1990	170	20390.4	12.5	25.7	1.6335	2.6	8.5
3991	1990	171	11059.2	14.6	18.6	1.7355	1.8	11.5
3991	1990	172	23760	12.5	21.4	1.1187	3.5	4.7
3991	1990	173	20563.2	13.6	19.6	1.2073	5.1	0
3991	1990	174	19612.8	12.5	19.7	1.2243	3.4	1.8
3991	1990	175	28512	9.2	22.8	1.0895	1.8	0
3991	1990	176	21686.4	14	26.6	1.4029	1.7	0
3991	1990	177	27820.8	14	29.5	1.3515	1.7	0
3991	1990	178	10972.8	15.4	25.5	1.9439	1.3	2.9
3991	1990	179	25056	16.5	26.3	1.6027	2.6	0
3991	1990	180	23068.8	16.2	27.8	1.8208	1.9	9.5
3991	1990	181	17452.8	15.7	24.2	1.8616	1.8	4.3
3991	1990	182	20563.2	13.7	21.3	1.4178	4.6	1.1
3991	1990	183	24537.6	10.3	19.4	0.9109	3.5	0.5
3991	1990	184	12960	8.2	18.3	1.0797	1.5	1.1
3991	1990	185	20390.4	11.1	20.9	0.9805	2.6	0
3991	1990	186	15811.2	13.3	18.3	1.2908	5.4	20.8
3991	1990	187	17020.8	11.2	16.6	1.2691	4.9	1.7
3991	1990	188	12528	7.7	17	1.2617	2.4	0.8
3991	1990	189	8812.8	12.6	22.6	1.6277	3	2.6
3991	1990	190	19872	14.2	22.3	1.3606	4.2	0.6
3991	1990	191	20736	11.8	18.1	1.3581	4.6	0.5
3991	1990	192	23760	8.7	21.4	1.1106	1.6	0
3991	1990	193	27648	8.7	27.5	1.3272	0.9	0
3991	1990	194	27043.2	14.3	28.2	1.3864	2.6	0
3991	1990	195	28080	9.6	23.5	0.9402	2.2	0
3991	1990	196	28166.4	8.3	27.3	1.0379	1	0
3991	1990	197	22291.2	10.1	29.6	1.2026	1.8	0
3991	1990	198	20044.8	15	23.2	1.3245	3.7	0
3991	1990	199	6307.2	12.6	17.2	1.1846	2.8	0
3991	1990	200	23932.8	10.9	25.9	1.2256	1.7	0
3991	1990	201	27302.4	10.1	29.5	1.268	1.2	0
3991	1990	202	24969.6	12.5	30.5	1.4078	1.3	0
3991	1990	203	26438.4	14.3	26.6	1.224	2.2	0
3991	1990	204	26179.2	9.8	24.3	1.0093	2.7	0
3991	1990	205	25574.4	8.3	22.5	1.0135	2	0
3991	1990	206	20131.2	8.6	21	1.0929	1.9	0
3991	1990	207	24710.4	10	26.1	1.137	2.4	0
3991	1990	208	23760	13.9	29.3	1.2876	2	0
3991	1990	209	25315.2	14.3	32.5	1.2925	2	0
3991	1990	210	12182.4	17.1	27	1.8263	2.5	0
3991	1990	211	25747.2	14.5	29.9	1.5493	1.3	0
3991	1990	212	25228.8	13.6	31.8	1.2666	1.9	0
3991	1990	213	22291.2	16.7	33.1	1.4768	1.9	0
3991	1990	214	25574.4	17.4	32.4	1.1626	2.4	0
3991	1990	215	25574.4	14.7	33.5	1.1683	1.4	0
3991	1990	216	25747.2	15	34.5	1.2768	1.3	0
3991	1990	217	17971.2	17.4	32	1.7077	2.8	0
3991	1990	218	23673.6	14.9	25.4	1.2958	4	0
3991	1990	219	17971.2	11.5	22.6	1.0481	1.9	0
3991	1990	220	20476.8	7.6	24.6	0.9137	1.5	0
3991	1990	221	23500.8	9	27.8	1.1833	1.6	0
3991	1990	222	11491.2	13	25.1	1.4084	2.1	0
3991	1990	223	17366.4	11.4	27.2	1.2293	1	0
3991	1990	224	22896	12.9	33.6	1.3378	1.1	0
3991	1990	225	13392	16.7	29.3	1.9066	2.5	1.3
3991	1990	226	14515.2	16.4	24.6	1.9018	2	9.2
3991	1990	227	16502.4	15.4	25.5	1.7519	2.3	0.9
3991	1990	228	12268.8	15.8	20.8	1.7219	3.3	6.4
3991	1990	229	19180.8	10.9	20.2	1.0939	3.7	0
3991	1990	230	5356.8	9.5	19	1.2333	2.4	2.1
3991	1990	231	17020.8	10.5	21	1.1437	1.8	0
3991	1990	232	14083.2	14.6	21.1	1.2248	5.1	4.5
3991	1990	233	8812.8	11.4	16.7	1.2014	5.4	0
3991	1990	234	16243.2	12	22.4	1.352	2.7	0
3991	1990	235	10800	13.4	23.3	1.5167	0.9	0
3991	1990	236	19180.8	11.9	27	1.5341	1.4	0
3991	1990	237	15638.4	13.3	28.2	1.6134	1.9	0
3991	1990	238	11923.2	16.4	27.6	1.6361	1.6	0
3991	1990	239	12614.4	15.4	27	1.533	1.9	2.2
3991	1990	240	18316.8	15.6	30.8	1.9865	1.8	0
3991	1990	241	18403.2	14.5	30	1.6343	1.7	0
3991	1990	242	15206.4	15.3	27	1.6535	2.2	0.1
3991	1990	243	4752	12.2	19.5	1.6726	2.4	12.1
3991	1990	244	6825.6	10.9	17.2	1.3456	2.4	0.6
3991	1990	245	6825.6	12	18.9	1.6128	1.8	3.8
3991	1990	246	4492.8	14.1	17	1.6584	1.5	1.1
3991	1990	247	4406.4	12.8	16.5	1.5486	2	10.1
3991	1990	248	17193.6	9.1	17.9	1.0511	3	0
3991	1990	249	5443.2	8	17.5	1.1775	2.3	1.1
3991	1990	250	9158.4	9.4	15.5	1.1257	3	6.2
3991	1990	251	13046.4	9.5	19.1	1.3838	2.8	1.2
3991	1990	252	12009.6	10.1	17	1.1785	2.9	0
3991	1990	253	4147.2	9.6	14.1	1.1931	2.9	5.5
3991	1990	254	10195.2	7	18.6	1.3438	0.9	3.5
3991	1990	255	8035.2	7.9	17.9	1.2337	0.8	0
3991	1990	256	10368	10.3	19	1.2988	1.3	0
3991	1990	257	16848	6.5	20.6	1.07	1.9	0
3991	1990	258	13132.8	8.5	18.9	1.0961	2.3	0
3991	1990	259	13219.2	8.7	17.1	1.0405	1.4	0
3991	1990	260	12355.2	3.7	17	0.9294	1.9	0
3991	1990	261	13132.8	9.4	16	0.9536	4	0
3991	1990	262	10281.6	12.2	20.1	1.0083	4.9	0
3991	1990	263	6048	9.7	12.7	0.8905	4	1.3
3991	1990	264	11577.6	8.6	13.2	0.899	6.1	3.3
3991	1990	265	5097.6	6.8	13.3	1.0834	2.5	4.1
3991	1990	266	11836.8	9.5	16.6	1.2008	2.2	1.6
3991	1990	267	10022.4	9.9	14.3	0.9732	4.4	0.6
3991	1990	268	6912	8.4	13.5	1.085	3.8	1.8
3991	1990	269	5961.6	5.5	14.4	0.9661	1.1	0
3991	1990	270	8467.2	7.9	14.1	0.9705	2.5	0
3991	1990	271	10972.8	3.4	16.9	0.8799	1.9	0
3991	1990	272	12009.6	4.2	18.8	0.949	1.9	0.6
3991	1990	273	4060.8	11.3	19.2	1.5576	1.8	26.1
3991	1990	274	3196.8	12.8	17.3	1.4523	2	0.8
3991	1990	275	7516.8	7.9	16.7	1.1575	1.2	0
3991	1990	276	8294.4	10.9	19	1.46	2.7	4.8
3991	1990	277	7948.8	7.6	15.2	1.0101	2.7	2
3991	1990	278	5702.4	3.4	14.8	0.8663	2.5	0
3991	1990	279	9676.8	12.8	20.1	1.3827	4	0
3991	1990	280	11059.2	9.4	16.5	1.0886	3.1	0
3991	1990	281	8208	5.6	11.2	0.8042	2.9	0
3991	1990	282	8467.2	4.7	14.3	0.8899	1.6	0
3991	1990	283	5616	2.6	14.4	0.9428	1	0
3991	1990	284	7862.4	3.5	15.3	1.0254	0.8	0
3991	1990	285	10195.2	3.2	22	1.1368	1.4	0
3991	1990	286	8294.4	7.6	21	1.335	0.8	0
3991	1990	287	8380.8	7.6	21.4	1.4018	0.7	0
3991	1990	288	9849.6	9.6	22.7	1.4849	1.2	0
3991	1990	289	6220.8	12.6	21	1.6048	0.9	0
3991	1990	290	2505.6	12.6	18	1.4932	1.4	0
3991	1990	291	4320	9.4	17	1.2884	1.7	0
3991	1990	292	9072	6.4	19.8	1.1897	0.7	0
3991	1990	293	8467.2	7.8	18.1	1.2079	2.5	0
3991	1990	294	10022.4	5.4	11.6	0.6655	4.1	0
3991	1990	295	10454.4	-0.2	12.5	0.5856	3.1	0
3991	1990	296	10108.8	-1.6	14.8	0.643	1.7	0
3991	1990	297	9072	-2.6	12.6	0.6715	0.7	0
3991	1990	298	7603.2	0.3	16.4	0.8564	0.7	0
3991	1990	299	6220.8	9.2	13.1	1.0332	2.6	0
3991	1990	300	6652.8	6.5	11.9	0.9884	4.7	0
3991	1990	301	2073.6	7.6	10.7	1.0083	6.4	34
3991	1990	302	7516.8	6.2	10.8	0.7986	4	11.6
3991	1990	303	5443.2	5.1	10.6	0.7959	4.1	5.7
3991	1990	304	5961.6	6.1	13.2	0.9109	4.5	0.2
3991	1990	305	5702.4	7.1	12.2	0.851	4.8	0.5
3991	1990	306	3628.8	6	8.6	0.8995	2.1	1.3
3991	1990	307	2851.2	5.4	8	0.8633	3.3	1.7
3991	1990	308	1814.4	3.3	6.6	0.7387	3.3	0
3991	1990	309	2764.8	2.4	6.7	0.6507	2.6	0.1
3991	1990	310	5356.8	2.4	7.3	0.6386	1.1	0.4
3991	1990	311	2073.6	1.6	6.1	0.7322	0.9	0
3991	1990	312	1728	1.2	6	0.6245	0.9	0
3991	1990	313	6220.8	0.4	8	0.6267	2.3	0
3991	1990	314	1641.6	-2.7	5.1	0.5931	1.5	2
3991	1990	315	1641.6	4.6	8.5	0.9418	1.3	13.7
3991	1990	316	2073.6	6.8	10.1	1.0391	1.3	0
3991	1990	317	1555.2	5.9	8.4	0.9611	3.2	4.2
3991	1990	318	1555.2	7	10.2	1.0273	3.2	6.5
3991	1990	319	1814.4	7.1	10.2	0.9748	2.4	0.5
3991	1990	320	1468.8	7	10.3	0.9412	3.5	0
3991	1990	321	1814.4	9.1	13.4	1.1601	6.3	15.8
3991	1990	322	4752	5.4	11.5	0.9285	6	6.1
3991	1990	323	3369.6	3.7	7.2	0.7289	4.7	4.6
3991	1990	324	1382.4	5.1	9	0.9244	3.8	7.7
3991	1990	325	3542.4	1.6	6.4	0.6912	2.6	0
3991	1990	326	1814.4	0	3.6	0.6539	1.4	1.3
3991	1990	327	1382.4	0.4	2.5	0.6513	2.9	9.4
3991	1990	328	2160	0.6	4	0.6417	3.1	0
3991	1990	329	1296	0	5.6	0.5902	2.1	0
3991	1990	330	3283.2	3.3	7	0.7138	2.5	0
3991	1990	331	5097.6	0.7	7.7	0.6927	1.8	0
3991	1990	332	1296	1.8	4.5	0.651	1.7	0
3991	1990	333	2851.2	0	5.4	0.6454	2.2	5.3
3991	1990	334	3715.2	-2	4.2	0.4763	2.2	0
3991	1990	335	2332.8	-5.8	0	0.4344	1.7	1
3991	1990	336	1209.6	-0.9	2.5	0.6215	1.1	0.2
3991	1990	337	1209.6	1	3.4	0.6872	0.9	0
3991	1990	338	2764.8	3.2	6.3	0.737	4	0.8
3991	1990	339	5184	-1.9	4.6	0.4446	2.9	0
3991	1990	340	4924.8	-5.9	2.4	0.4408	0.5	0
3991	1990	341	4665.6	-6.4	0.2	0.3891	1.1	0
3991	1990	342	3024	-7	-0.8	0.3298	2.8	0
3991	1990	343	1123.2	-3.8	2.6	0.386	2.6	0
3991	1990	344	1123.2	-0.7	1.6	0.5808	3	9.6
3991	1990	345	1123.2	-1.8	1.4	0.5721	2.1	4.7
3991	1990	346	2073.6	0.7	3.4	0.6374	3.9	3.3
3991	1990	347	1468.8	0.5	3.1	0.6331	1.7	0
3991	1990	348	2246.4	-0.6	3.6	0.5719	2.1	3.8
3991	1990	349	1123.2	-4	-0.4	0.4576	1.9	1
3991	1990	350	1123.2	-4.1	-0.1	0.44	2	0
3991	1990	351	3974.4	-3.2	1.3	0.4618	2.7	0
3991	1990	352	1123.2	-4.8	-0.3	0.4003	2.3	0.1
3991	1990	353	1123.2	-2.3	-0.6	0.4671	2.6	0.9
3991	1990	354	1123.2	-1.4	2.3	0.5808	3.7	4
3991	1990	355	1123.2	0.8	3.5	0.6562	3	0.8
3991	1990	356	1123.2	1.6	3.3	0.7069	2.4	1.4
3991	1990	357	1123.2	3.1	5	0.767	1.2	0.4
3991	1990	358	1123.2	2.2	4.9	0.7563	2.4	0.3
3991	1990	359	1123.2	0.9	2.8	0.6563	4	6
3991	1990	360	2419.2	1.5	5.4	0.6727	5	9.8
3991	1990	361	3196.8	1.6	6.6	0.6223	5.1	2.5
3991	1990	362	1123.2	1.6	4.5	0.6007	4.2	3.8
3991	1990	363	1123.2	2.8	13.3	0.9575	5.6	9.1
3991	1990	364	2678.4	5.7	12.6	0.8692	3.5	0
3991	1990	365	1123.2	-0.6	5.7	0.7119	1.2	2
