*---------------------------------------------------------------------------*
* Station name: GIESSEN/WETTENBERG                      
* Year: 1981
* Author: Pedro Alencar                                   -999.000: NIL VALUE
* Source: ECAD 
* Comments: 
* Longitude: 50.6008, latitude: 50.6008, altitude: 203 m.
*
* Column  Daily value
* 1       station number
* 2       year
* 3       day
* 4       irradiation                   (kJ m-2 d-1)
* 5       minimum temperature           (degrees Celsius)
* 6       maximum temperature           (degrees Celsius)
* 7       early morning vapour pressure (kPa)
* 8       mean wind speed (height: 2 m) (m s-1)
* 9       precipitation                 (mm d-1)
*
** WCCDESCRIPTION=GERMANY, GIESSEN/WETTENBERG                      
** WCCFORMAT=2
** WCCYEARNR=1981
*---------------------------------------------------------------------------*
   50.6008  8.6506    203.  -0.18 -0.55
3991	1981	1	1728	0.3	4.8	0.6532	6.1	6.8
3991	1981	2	1123.2	0.4	6	0.6994	4.4	3.6
3991	1981	3	1123.2	4.2	8.5	0.7565	7.3	6.4
3991	1981	4	2764.8	-0.2	6.2	0.6289	5.8	5.6
3991	1981	5	3715.2	-1.1	2.7	0.4985	4.3	5
3991	1981	6	2505.6	-3.1	-0.1	0.4783	2	0.6
3991	1981	7	4060.8	-8.4	-0.6	0.3634	1.9	0
3991	1981	8	1209.6	-9.9	-3.2	0.3221	1.3	0
3991	1981	9	1209.6	-3.5	-1.6	0.4611	4.2	0.9
3991	1981	10	1209.6	-1.9	0.6	0.5361	2.5	2.4
3991	1981	11	4579.2	-5.2	0.6	0.4284	2	0
3991	1981	12	1296	-6.2	-1	0.417	2.1	2.8
3991	1981	13	4665.6	-3.2	1.6	0.4553	2.3	0
3991	1981	14	1296	-5.3	0.2	0.4509	4.1	14.6
3991	1981	15	2937.6	-1.2	2.7	0.5999	4.4	5.9
3991	1981	16	2937.6	-2.1	0	0.498	4.1	7.1
3991	1981	17	1814.4	-1.6	3.6	0.5912	2.8	4.6
3991	1981	18	1382.4	0.1	2.1	0.5954	2.5	0.4
3991	1981	19	2419.2	-1.5	3.9	0.5797	4.3	6.9
3991	1981	20	3542.4	-1.8	2.3	0.504	2.8	0.3
3991	1981	21	4147.2	-8.3	-0.9	0.3694	0.7	0
3991	1981	22	4147.2	-11	-3.1	0.3352	0.3	0
3991	1981	23	4838.4	-11.8	-0.8	0.3169	0.1	0
3991	1981	24	4924.8	-11	-2.8	0.2917	0.9	0.5
3991	1981	25	1468.8	-4.2	2.9	0.5419	1.7	0.6
3991	1981	26	4579.2	-3.1	3.5	0.5207	1.7	0
3991	1981	27	1555.2	-5.3	-0.6	0.477	0.4	0
3991	1981	28	1555.2	-0.8	1.4	0.5558	0.6	0
3991	1981	29	3888	-5.8	0	0.4443	0.7	0
3991	1981	30	5961.6	-10.6	0	0.3338	0.5	0
3991	1981	31	1641.6	-6.4	-3.9	0.4126	1.1	0
3991	1981	32	1728	-5.6	-3.6	0.4302	1.6	0
3991	1981	33	1728	-4.1	-2	0.4784	1.3	0
3991	1981	34	1728	-5.3	3.6	0.4939	3.5	7.2
3991	1981	35	1814.4	0.9	3.4	0.6562	2.9	2.4
3991	1981	36	4060.8	0	2.1	0.5471	3.8	1.2
3991	1981	37	1814.4	0.3	5.5	0.6772	2.2	0.1
3991	1981	38	1900.8	5.4	9.4	0.8954	3	0
3991	1981	39	1900.8	6.9	8.9	0.8093	4.6	0
3991	1981	40	2678.4	4.4	8.5	0.781	1.5	0.3
3991	1981	41	5184	2	6	0.6017	6.2	1.3
3991	1981	42	6912	-1.4	2.7	0.5316	3.6	0.2
3991	1981	43	5097.6	-4.8	1	0.4731	0.9	1.7
3991	1981	44	7948.8	-7.9	-0.1	0.3728	1.4	0
3991	1981	45	7516.8	-7.1	1.4	0.4013	0.5	0
3991	1981	46	6998.4	-7.2	0.7	0.3847	0.6	0
3991	1981	47	7430.4	-7.5	3.7	0.3987	1.4	0
3991	1981	48	3110.4	-1.3	2.2	0.4987	1.6	0
3991	1981	49	5443.2	-1.9	1.6	0.4714	2.7	0.2
3991	1981	50	2332.8	-2.4	-0.4	0.4137	1.9	0.1
3991	1981	51	2332.8	-4.8	-1.5	0.3779	1.3	0.2
3991	1981	52	3888	-5.8	-2.2	0.3683	1.1	0.2
3991	1981	53	6912	-3.8	0.8	0.4106	0.8	0
3991	1981	54	6307.2	-6.5	0.5	0.3871	1.7	0
3991	1981	55	2505.6	-6.5	1.6	0.4083	1.4	0
3991	1981	56	2592	-3.8	1.7	0.4697	1.9	0
3991	1981	57	10281.6	-3.4	5.4	0.4729	2.7	0
3991	1981	58	10540.8	-5.6	7.4	0.3587	2.6	0
3991	1981	59	6912	-3.9	4.5	0.3434	3.3	5.4
3991	1981	60	4320	0.3	6.3	0.6811	1.8	0.8
3991	1981	61	5097.6	0.6	7	0.6976	2.6	2.8
3991	1981	62	2937.6	3.2	6	0.7548	1.5	1.3
3991	1981	63	3456	0	3.6	0.4939	2.3	0
3991	1981	64	4406.4	-1.3	3.4	0.4944	1.8	0
3991	1981	65	3110.4	-2.1	5.5	0.5802	2	1.7
3991	1981	66	3628.8	5.3	11.8	0.8903	3.6	5.9
3991	1981	67	3196.8	8.6	12.2	1.0838	4	7.7
3991	1981	68	5270.4	11.6	14.3	1.2079	4.5	8.8
3991	1981	69	3283.2	11.4	13.4	1.2946	3	2.5
3991	1981	70	7862.4	12.2	17.5	1.2145	5.7	0.2
3991	1981	71	6393.6	10.2	14	0.9309	4.6	0.1
3991	1981	72	10972.8	8.1	12.6	0.8666	3.6	0.7
3991	1981	73	3456	5.8	8.2	0.731	4	1.4
3991	1981	74	11750.4	1.6	10.1	0.7308	1.9	4.8
3991	1981	75	5443.2	1.2	6.6	0.7348	1	5
3991	1981	76	3628.8	0.4	4.3	0.6512	1.9	2.5
3991	1981	77	9763.2	-1.3	5.2	0.5063	2.2	0
3991	1981	78	3715.2	1.8	8.3	0.5601	4.7	0
3991	1981	79	14428.8	4	13.5	0.6881	2.5	0
3991	1981	80	13651.2	2.3	17.4	0.7288	2.6	0
3991	1981	81	11923.2	8	16.6	0.9146	5.3	0.1
3991	1981	82	3888	3	10.1	0.8835	3	14.8
3991	1981	83	5961.6	9.3	13.9	0.9416	5.1	2.9
3991	1981	84	10972.8	10.5	19.2	1.2145	3.5	10.8
3991	1981	85	8985.6	7.5	17.1	1.1575	4	4.5
3991	1981	86	15206.4	3.9	14.5	0.7907	2.5	0
3991	1981	87	14083.2	2.9	17.4	0.7436	1.3	0
3991	1981	88	9158.4	6.6	15.7	0.9273	1.3	0
3991	1981	89	9331.2	5.8	17	1.0235	1.3	0.1
3991	1981	90	4924.8	10	17.7	1.1543	1.9	0
3991	1981	91	9244.8	10.2	19.3	1.2905	1.7	0
3991	1981	92	9763.2	10.8	17.6	1.294	2	0
3991	1981	93	11577.6	8.6	18.5	1.1475	1.7	0
3991	1981	94	6307.2	6.4	12.4	0.8368	2.2	0
3991	1981	95	6566.4	5	8.9	0.7684	1.6	0.9
3991	1981	96	10454.4	3.9	13	0.8069	1.8	0
3991	1981	97	16761.6	3.4	20.1	0.9372	1.4	9.1
3991	1981	98	9417.6	10.3	17	1.4047	0.9	11.7
3991	1981	99	18748.8	6.3	18.4	0.9176	1.6	0
3991	1981	100	20044.8	4.6	20.6	0.9474	1.1	0
3991	1981	101	19526.4	5	22.3	0.8585	1.8	0
3991	1981	102	14947.2	12	21.7	1.2649	1.2	0.4
3991	1981	103	17280	9.6	20.4	1.3114	2.2	0
3991	1981	104	21168	8.1	20	0.6568	2.8	0
3991	1981	105	20649.6	4.5	20.7	0.685	1.3	0
3991	1981	106	21686.4	5.6	14.9	0.6613	3.2	0
3991	1981	107	22204.8	0.1	8.2	0.4766	4	0
3991	1981	108	22291.2	-1.3	8.9	0.4891	2.1	0
3991	1981	109	8553.6	2	7	0.7074	2.1	3.2
3991	1981	110	16070.4	3.2	10.2	0.618	2.6	0
3991	1981	111	20217.6	-1.2	10.2	0.539	3.9	0
3991	1981	112	14601.6	3.5	8.5	0.6169	3.3	0
3991	1981	113	12441.6	1.1	7	0.6283	1.7	0.3
3991	1981	114	22550.4	-2.9	10	0.4333	2.8	0
3991	1981	115	16502.4	2.4	15.2	0.6112	1.9	0
3991	1981	116	13651.2	6	20.5	0.9581	2.5	0.4
3991	1981	117	5529.6	4.4	7	0.8423	1.5	33.5
3991	1981	118	17452.8	1.3	9.5	0.6187	3.7	2.6
3991	1981	119	5616	4.3	8.7	0.8611	3	0.4
3991	1981	120	5702.4	7.7	11.3	1.056	4.1	1.9
3991	1981	121	14601.6	4	10.8	0.7719	3.4	2.6
3991	1981	122	21168	0.1	9.9	0.6105	3	0
3991	1981	123	18576	0.6	9.7	0.5287	1.8	0.3
3991	1981	124	11491.2	3.5	9.7	0.8281	3.4	3.4
3991	1981	125	13651.2	5.2	9.5	0.7692	3.7	0.3
3991	1981	126	5875.2	0	10.8	0.8698	1.5	1.9
3991	1981	127	17280	10.1	19.3	1.1861	2.6	0
3991	1981	128	13564.8	8.8	19.4	1.1089	1.9	0
3991	1981	129	25228.8	8.4	24.4	1.1362	1.4	0
3991	1981	130	26092.8	11	26.4	1.1411	2.6	0
3991	1981	131	22291.2	12.1	25.4	1.4471	2.8	6.8
3991	1981	132	19353.6	7.4	22.2	1.261	0.9	0
3991	1981	133	17280	10.4	21	1.3716	1.4	10.8
3991	1981	134	6134.4	11.6	16	1.3712	2.1	0.4
3991	1981	135	13392	11.3	17.8	1.3401	0.8	0
3991	1981	136	20908.8	7.8	22.2	1.2774	2.1	6.2
3991	1981	137	20304	9.4	16.8	1.0993	2.4	0
3991	1981	138	25920	6	19.9	0.8947	1.2	0
3991	1981	139	22204.8	7.4	24.5	1.1222	1.5	0
3991	1981	140	23587.2	9.8	27.2	1.212	1.5	0
3991	1981	141	21254.4	14.1	27	1.4488	1.7	0.5
3991	1981	142	14774.4	14.3	20.6	1.3934	2.9	0
3991	1981	143	21254.4	7.5	18.9	1.0004	1.7	7.6
3991	1981	144	21772.8	11.7	16.8	1.1359	3.1	0.7
3991	1981	145	8985.6	8.8	14.5	1.0406	1.8	0.1
3991	1981	146	10713.6	9.8	15.7	1.0745	1.4	7.6
3991	1981	147	6480	10.3	13.5	1.2388	2.3	10.4
3991	1981	148	17452.8	7	15.6	1.0435	1.9	15.2
3991	1981	149	8812.8	11.2	17.6	1.4419	2.1	4.8
3991	1981	150	16588.8	12.9	21.7	1.4789	1.1	0
3991	1981	151	25747.2	12.3	26.7	1.4936	1.3	10.5
3991	1981	152	24105.6	14.8	26.9	1.7956	1.1	0.7
3991	1981	153	25660.8	15	29.2	1.885	1	22.4
3991	1981	154	6566.4	14.7	23.9	1.9892	2.5	24.6
3991	1981	155	6566.4	11.6	16.1	1.4389	1.9	4.2
3991	1981	156	19612.8	9.4	20	1.136	2.5	0.7
3991	1981	157	12009.6	14.3	21.9	1.6797	1.2	2.7
3991	1981	158	25574.4	12.1	23	1.4023	1.2	0.2
3991	1981	159	19872	15	24.3	1.6217	2.2	2.1
3991	1981	160	11577.6	16.6	22.4	1.652	3.3	3.8
3991	1981	161	23328	13	19.7	1.1697	3.6	0
3991	1981	162	25747.2	7.9	23.6	1.1258	1.8	0
3991	1981	163	16588.8	13.6	21.3	1.3536	3.4	0
3991	1981	164	27388.8	6.5	20.2	0.8419	1.1	0
3991	1981	165	21686.4	10.1	24.7	1.3097	2.4	0
3991	1981	166	22809.6	16.3	28.6	1.6272	2.7	0
3991	1981	167	21427.2	11.9	22.2	1.2034	4.8	0.9
3991	1981	168	17366.4	9	15	1.0649	3.5	5.6
3991	1981	169	6652.8	8.5	11.9	0.9948	3.3	0.8
3991	1981	170	8985.6	7.9	12.6	0.8359	1.9	0
3991	1981	171	6652.8	7.8	14.2	1.1541	0.7	5.5
3991	1981	172	15984	8.9	15.6	1.0113	2.6	0.9
3991	1981	173	16588.8	9.7	17.7	1.0961	2.6	0
3991	1981	174	25920	9.8	21.2	1.1959	2.4	0
3991	1981	175	21340.8	11.6	21.7	1.2679	1.6	0
3991	1981	176	26870.4	9.4	22.8	1.1512	1.1	0.2
3991	1981	177	12268.8	12.4	18.4	1.5377	0.9	6.9
3991	1981	178	17625.6	11.9	22.8	1.5429	1.1	1.8
3991	1981	179	11404.8	14.8	23.6	1.6215	1.7	24.9
3991	1981	180	6652.8	9.8	20	1.4384	4.6	11.4
3991	1981	181	11836.8	9.4	15.4	0.9494	4.2	0.1
3991	1981	182	21600	13	20	1.1809	3.6	0
3991	1981	183	15724.8	13.6	22.4	1.4013	1.8	5.5
3991	1981	184	10195.2	13	18.9	1.5023	2.5	3.1
3991	1981	185	18403.2	9.4	20	1.1193	2.5	0
3991	1981	186	12009.6	13.6	22.5	1.4884	1.2	0
3991	1981	187	23155.2	14.4	24.4	1.4843	1.8	0
3991	1981	188	25660.8	14.3	25.6	1.5823	0.7	0
3991	1981	189	26870.4	14.4	28.4	1.6027	1.4	0
3991	1981	190	23760	16.6	29.4	1.7664	1.3	0
3991	1981	191	25660.8	16.3	30.5	1.7233	1	0
3991	1981	192	7257.6	19	24.3	1.9374	2.1	0
3991	1981	193	16070.4	17.2	22.8	1.5406	2.7	1.1
3991	1981	194	15120	15.3	22.2	1.663	1.6	0.7
3991	1981	195	15724.8	13.2	21.6	1.3295	2.6	0
3991	1981	196	12873.6	12.8	20	1.2479	2.5	0
3991	1981	197	15206.4	14.2	22	1.4309	2.6	1.1
3991	1981	198	18316.8	14.5	21	1.3592	2.4	4
3991	1981	199	11059.2	11.2	16.4	1.2924	1.8	0.1
3991	1981	200	15206.4	9.1	16.1	1.064	3.1	0
3991	1981	201	9849.6	9	17.5	1.3078	1.8	0.8
3991	1981	202	6998.4	13.6	18.1	1.5467	3.1	4
3991	1981	203	17971.2	14.6	21.4	1.6074	2.3	2.8
3991	1981	204	11059.2	14.8	18.8	1.5284	2.4	2.3
3991	1981	205	21168	10.3	19.5	1.1676	3.1	0
3991	1981	206	7344	11.6	14.4	1.2268	3.3	7
3991	1981	207	13305.6	10.8	16.4	1.1668	3	0.2
3991	1981	208	22896	13.3	20.6	1.2923	4.7	0
3991	1981	209	11491.2	11.9	20.9	1.3783	2.1	0
3991	1981	210	16070.4	14	25	1.6067	1.4	0
3991	1981	211	23500.8	16.2	23.3	1.5399	1.8	0
3991	1981	212	19353.6	8.7	22.9	1.2908	1	0
3991	1981	213	10713.6	15	24.8	1.8094	1.7	0
3991	1981	214	12787.2	16.3	25.9	1.9982	1.2	4.9
3991	1981	215	14428.8	15.8	26	1.8504	0.8	0
3991	1981	216	23587.2	16.1	29.3	1.8998	1.1	0
3991	1981	217	22550.4	17.1	30.5	1.9124	1.2	0
3991	1981	218	23500.8	17	30.6	1.8241	1.2	0
3991	1981	219	20304	17.2	29.3	1.964	1.1	0.1
3991	1981	220	11404.8	18.1	24.4	1.8654	1.7	0.1
3991	1981	221	5702.4	15.9	21.6	1.7926	1.1	34.5
3991	1981	222	5616	15.2	17.6	1.7695	2.3	75.8
3991	1981	223	5616	14.2	17.5	1.5647	1.5	0.1
3991	1981	224	20131.2	15	24	1.5162	1.6	0
3991	1981	225	20304	13.1	25.2	1.5722	0.9	0
3991	1981	226	19008	13.6	27.2	1.6508	0.9	0
3991	1981	227	20822.4	14.1	27.7	1.7517	0.8	0
3991	1981	228	17539.2	14.3	26.1	1.5833	2.6	0
3991	1981	229	15206.4	9.4	18	1.0805	2.4	0
3991	1981	230	19526.4	7.2	21.3	0.8925	1.2	0
3991	1981	231	10022.4	8.3	17.7	1.2418	1.3	7.8
3991	1981	232	7516.8	12.5	17.4	1.426	3.6	4.4
3991	1981	233	13305.6	10.1	17.6	1.2017	3	0.1
3991	1981	234	5184	9.4	16.4	1.1296	2.5	0.3
3991	1981	235	12096	9.9	17.3	1.1513	2.4	0.5
3991	1981	236	16329.6	10.2	19.9	1.1448	2.7	0
3991	1981	237	18057.6	8.1	20.3	1.1969	2	0.3
3991	1981	238	7430.4	11.4	19.4	1.4329	0.9	1
3991	1981	239	14860.8	11.6	19.5	1.2703	3.1	0.1
3991	1981	240	4924.8	13.6	16.7	1.4101	1.4	0.1
3991	1981	241	9849.6	13.2	19.2	1.3977	1	0
3991	1981	242	19785.6	9.9	19.7	1.1938	1.1	0
3991	1981	243	18921.6	7	21.1	1.1373	1.4	0
3991	1981	244	17193.6	10.1	21	1.235	1.9	0
3991	1981	245	12787.2	10.4	20.6	1.2486	1.5	0
3991	1981	246	18576	8.8	19.7	1.071	1.9	0
3991	1981	247	18835.2	8.5	21.2	1.1133	2.3	0
3991	1981	248	19008	8.2	21.8	1.1241	1.8	0
3991	1981	249	18576	6.5	23.6	1.2131	0.9	0
3991	1981	250	16243.2	7.1	23.7	1.1708	1	0.2
3991	1981	251	7948.8	12.6	21.6	1.6161	0.9	0.1
3991	1981	252	13824	14.4	23.8	1.6335	1.1	0
3991	1981	253	14947.2	11.3	22.9	1.4993	1.1	0
3991	1981	254	12355.2	11	23	1.5479	1.2	0
3991	1981	255	7171.2	14.2	18	1.6812	0.8	2.3
3991	1981	256	16588.8	10.2	18.5	1.1923	3.2	0.3
3991	1981	257	12268.8	7.5	16.9	1.1926	1.2	4.6
3991	1981	258	8640	7.2	17.1	1.2311	1.4	0.9
3991	1981	259	3888	13.1	17.1	1.577	1.6	1.9
3991	1981	260	8553.6	13.1	19.9	1.4808	0.9	0
3991	1981	261	13219.2	8.6	22.1	1.4457	1.8	9.8
3991	1981	262	10972.8	12.3	18.6	1.4024	2.1	15
3991	1981	263	4924.8	13.3	22.6	1.5612	4.5	0.3
3991	1981	264	8121.6	16.7	22.2	1.8274	2.8	14.2
3991	1981	265	11404.8	15.2	22.9	1.9145	2.1	25.2
3991	1981	266	12787.2	11.4	16.6	1.3412	2.4	0.7
3991	1981	267	12268.8	7.6	18.3	1.2079	0.9	0
3991	1981	268	7603.2	7.1	15.6	1.1947	2.2	0.4
3991	1981	269	7862.4	7.8	17.9	1.2889	1.3	0
3991	1981	270	5875.2	10.2	15.1	1.2283	1.6	1.8
3991	1981	271	3283.2	7.3	12.7	1.1779	1.3	8
3991	1981	272	12614.4	9.6	16.9	1.1862	2.7	0
3991	1981	273	10540.8	5.7	16.9	1.0837	0.9	0
3991	1981	274	9676.8	5.6	17.2	1.1313	1.5	0
3991	1981	275	3974.4	6.4	14	1.1689	1.4	7.8
3991	1981	276	7430.4	8.4	12.2	1.0641	4.2	7.4
3991	1981	277	9244.8	6.6	14	0.8512	4.7	0.4
3991	1981	278	3024	9.8	14.1	1.2429	2.6	1
3991	1981	279	6307.2	11.3	19.5	1.4154	2.5	0.9
3991	1981	280	11664	10.9	16.6	1.0526	4.6	0.6
3991	1981	281	8294.4	8	16.5	1.1395	2.5	0
3991	1981	282	8035.2	7.5	16.6	1.1106	3.1	6.5
3991	1981	283	6048	5.8	13.3	0.9048	5.2	22.3
3991	1981	284	6134.4	4.4	10.4	0.8439	4.9	8
3991	1981	285	2678.4	4.4	7	0.824	2.2	8.8
3991	1981	286	2678.4	4.7	7.1	0.7984	4.1	1.7
3991	1981	287	7603.2	1.7	9.5	0.7547	1.7	2.4
3991	1981	288	2592	5	7.2	0.8754	1.7	11.1
3991	1981	289	7948.8	2.2	8.9	0.7611	0.8	0
3991	1981	290	2505.6	1.5	6.8	0.7889	1.4	4.4
3991	1981	291	2419.2	5.9	13.4	1.1626	1.6	6.3
3991	1981	292	3801.6	7.9	11.7	0.9201	3.1	0.4
3991	1981	293	2332.8	8.2	12	1.0623	3.7	2.5
3991	1981	294	6307.2	3.7	9.7	0.824	1.4	0.2
3991	1981	295	4838.4	1.4	6.9	0.7067	1.3	0
3991	1981	296	2246.4	3.4	7	0.7428	1.5	0.4
3991	1981	297	2160	1.6	5.6	0.7036	1.6	0
3991	1981	298	2160	2.7	5.4	0.7344	3.7	2.4
3991	1981	299	2160	4.2	8	0.8189	1.3	0
3991	1981	300	5011.2	1.8	6.4	0.737	2	0.9
3991	1981	301	7084.8	3.5	9.6	0.7573	3.3	1.9
3991	1981	302	1987.2	6.4	11	0.9556	3.6	4.3
3991	1981	303	2937.6	6.4	9.9	0.9531	2.6	4.6
3991	1981	304	3196.8	7.9	15	1.0269	4.2	0
3991	1981	305	1900.8	5.1	13.4	1.0617	1.4	0.9
3991	1981	306	1900.8	12.2	13.4	1.27	3.9	1.2
3991	1981	307	1814.4	9.2	14	1.119	1.6	0
3991	1981	308	5356.8	5.6	14.7	1.0163	1.7	0
3991	1981	309	6307.2	5	11.6	0.8207	3.3	0.6
3991	1981	310	6566.4	4.6	9.5	0.6933	4	0.7
3991	1981	311	7257.6	-0.6	6.4	0.5191	2.3	0
3991	1981	312	4838.4	-3.3	4.6	0.5572	0.8	0
3991	1981	313	5961.6	-2.4	3.9	0.5032	1.3	0.1
3991	1981	314	6480	-4.4	4.7	0.5127	1.1	0.3
3991	1981	315	1641.6	-2.4	1.1	0.5361	2.8	4
3991	1981	316	1555.2	-0.1	3.3	0.6721	1.3	1.7
3991	1981	317	3110.4	3.3	7.8	0.7611	3	4.3
3991	1981	318	3542.4	3.2	6.5	0.6818	3.7	2.9
3991	1981	319	1814.4	-2	4.1	0.534	1	0
3991	1981	320	5356.8	-5.2	3	0.4624	0.9	0
3991	1981	321	3110.4	-4.4	2.3	0.4527	3	1.2
3991	1981	322	1468.8	1.8	9.8	0.8297	3.3	3.5
3991	1981	323	2246.4	6.4	12.1	1.0384	2.4	0.7
3991	1981	324	1382.4	6.5	14.4	0.9862	3.8	1.6
3991	1981	325	1382.4	10.8	14.2	1.1873	4.8	0
3991	1981	326	1382.4	11.6	13.4	1.1584	3.6	0
3991	1981	327	3456	9.7	11.6	0.9867	3.8	1.7
3991	1981	328	4492.8	2.5	10.7	0.7209	5.1	1.4
3991	1981	329	2332.8	0.4	3.5	0.5836	5.3	5.7
3991	1981	330	1296	0.7	4.5	0.6555	4.4	4.6
3991	1981	331	1296	4.4	6.4	0.7801	4.1	6.6
3991	1981	332	3456	0.9	5.2	0.6616	3.2	0.5
3991	1981	333	1296	1.1	4.8	0.672	3.6	0.7
3991	1981	334	1209.6	0.4	4.4	0.6753	3.4	11.1
3991	1981	335	2073.6	0.8	2.6	0.5664	4.2	0
3991	1981	336	2073.6	-0.1	3.9	0.5956	1.6	0
3991	1981	337	3196.8	-4.1	1.4	0.5038	1.3	6.3
3991	1981	338	1209.6	-0.1	5.6	0.6625	4	6.3
3991	1981	339	1900.8	0.8	2.8	0.6331	4.3	1.6
3991	1981	340	1123.2	0.8	2.4	0.6104	3.1	4.3
3991	1981	341	2505.6	1.6	3.2	0.6463	3.3	4.6
3991	1981	342	1123.2	2.3	5.4	0.7241	3.8	14.4
3991	1981	343	3456	-0.1	2.7	0.49	4.2	7.6
3991	1981	344	2073.6	-3.4	1	0.5094	1.7	2
3991	1981	345	1123.2	-4.7	0.8	0.5138	1.1	9
3991	1981	346	1382.4	-6.2	0.4	0.4196	2.2	0
3991	1981	347	1123.2	-13.5	-5.7	0.2658	1.2	3
3991	1981	348	1123.2	-6.2	3.7	0.4685	4.5	3.5
3991	1981	349	1123.2	-4.9	2.7	0.5018	3	2
3991	1981	350	3974.4	-8.8	-4.9	0.2965	2.6	0
3991	1981	351	3196.8	-12.4	-8.8	0.2347	1.6	0.3
3991	1981	352	1123.2	-8.8	-4.1	0.3359	3.1	5
3991	1981	353	4147.2	-12.9	-5.7	0.2389	1.5	0
3991	1981	354	1123.2	-11.7	-4.6	0.3012	1.1	0
3991	1981	355	1123.2	-7.3	-4.3	0.3412	1.3	0.8
3991	1981	356	1123.2	-4.3	0.5	0.4466	1.3	1.8
3991	1981	357	1123.2	-2	-0.4	0.5094	1.1	1.2
3991	1981	358	1123.2	-1.5	-0.3	0.5035	1.4	0.7
3991	1981	359	1123.2	-0.9	1.5	0.5433	2.5	0.5
3991	1981	360	2419.2	-2.4	1.4	0.5067	1.7	0.1
3991	1981	361	1123.2	-5.7	-2.1	0.4031	1.3	0
3991	1981	362	1123.2	-5.6	-1.7	0.4294	1.1	1.4
3991	1981	363	2073.6	-2.6	3	0.5455	2.5	1.9
3991	1981	364	3110.4	1.1	5.6	0.6447	2.2	11.1
3991	1981	365	1123.2	2.1	7.8	0.7474	3.8	1.2
