*---------------------------------------------------------------------------*
* Station name: ANGERMUNDE                              
* Year: 1996
* Author: Pedro Alencar                                   -999.000: NIL VALUE
* Source: ECAD 
* Comments: 
* Longitude: 53.0331, latitude: 53.0331, altitude: 54 m.
*
* Column  Daily value
* 1       station number
* 2       year
* 3       day
* 4       irradiation                   (kJ m-2 d-1)
* 5       minimum temperature           (degrees Celsius)
* 6       maximum temperature           (degrees Celsius)
* 7       early morning vapour pressure (kPa)
* 8       mean wind speed (height: 2 m) (m s-1)
* 9       precipitation                 (mm d-1)
*
** WCCDESCRIPTION=GERMANY, ANGERMUNDE                              
** WCCFORMAT=2
** WCCYEARNR=1996
*---------------------------------------------------------------------------*
   53.0331  13.9931    54.  -0.18 -0.55
3992	1996	1	950.4	-11.2	-7.8	0.256	5.2	0
3992	1996	2	950.4	-9.4	-6.9	0.2813	3.1	0
3992	1996	3	2073.6	-6.9	0.5	0.4103	3.7	0
3992	1996	4	3196.8	-7.8	-2.9	0.3489	2.5	0
3992	1996	5	1382.4	-8.2	-2.5	0.3695	2.4	0
3992	1996	6	1036.8	-5.4	-2.3	0.3954	5.5	0
3992	1996	7	2592	-6.2	0.3	0.4131	4.6	0.2
3992	1996	8	1036.8	0	1.6	0.5892	2.5	0
3992	1996	9	1382.4	-0.1	1.7	0.6151	3.3	0
3992	1996	10	1036.8	0.2	1.2	0.6106	3.2	0
3992	1996	11	1900.8	-0.2	2	0.6195	2	0
3992	1996	12	1641.6	-0.7	1.8	0.6104	1.2	0
3992	1996	13	1123.2	-0.7	0.1	0.5739	0	0
3992	1996	14	1123.2	-1	0.1	0.5617	1.5	0
3992	1996	15	1123.2	-2.1	-0.4	0.5298	0.6	0
3992	1996	16	1123.2	-3.6	-0.7	0.4801	2.7	0
3992	1996	17	1209.6	-3.9	-3.2	0.4514	0.4	0
3992	1996	18	1209.6	-3.6	-1.1	0.4885	0.6	0
3992	1996	19	1209.6	-1.8	0.7	0.5342	2.4	0
3992	1996	20	3283.2	-7.3	-1.8	0.3489	5.4	0
3992	1996	21	4752	-9.1	-4.8	0.3051	4	0
3992	1996	22	2332.8	-7.5	-3.8	0.321	5.5	0
3992	1996	23	5270.4	-9.4	-3.4	0.269	5.6	0
3992	1996	24	5356.8	-11.5	-5.9	0.2187	7.4	0
3992	1996	25	5184	-13.9	-8.8	0.1876	7	0
3992	1996	26	3715.2	-14.5	-8.7	0.1864	7.3	0
3992	1996	27	5184	-13.7	-5.6	0.2413	3.7	0
3992	1996	28	4492.8	-12	-2.8	0.2876	3.2	0
3992	1996	29	5961.6	-11.8	-1.2	0.3008	2.4	0
3992	1996	30	1468.8	-9.7	-1.2	0.3422	2.3	0
3992	1996	31	1555.2	-5	-1.5	0.3559	3	0
3992	1996	32	6134.4	-6.2	0	0.3502	2.9	0
3992	1996	33	5270.4	-12.6	-1.6	0.2908	1.1	0
3992	1996	34	1641.6	-7.7	-2.7	0.3405	1.9	0.1
3992	1996	35	1641.6	-5.7	-2.9	0.3867	3.2	0.6
3992	1996	36	6480	-12.9	-2.4	0.2787	0.9	0
3992	1996	37	6825.6	-16.8	-3.2	0.2061	2.5	0
3992	1996	38	6825.6	-17.2	-5.3	0.1865	3.8	0
3992	1996	39	6998.4	-16.2	-8.3	0.1769	3.9	0
3992	1996	40	7344	-17.2	-6.9	0.1676	3	0
3992	1996	41	2246.4	-14.5	-8.3	0.1792	4.8	0
3992	1996	42	1900.8	-9.3	-2.7	0.3125	3.6	0
3992	1996	43	4924.8	-2.8	4.4	0.518	4.5	0.1
3992	1996	44	1987.2	-2.2	0.4	0.4921	5.1	0
3992	1996	45	1987.2	-2.8	-0.1	0.4616	4.9	0
3992	1996	46	5961.6	-6.2	0.3	0.3885	5.1	0.1
3992	1996	47	2073.6	-0.9	5	0.6516	9.4	0.4
3992	1996	48	2505.6	-0.8	3.8	0.5992	7.3	0.8
3992	1996	49	2160	-1.8	2.1	0.5745	4.4	6.8
3992	1996	50	2160	0.7	3.2	0.654	2.7	0.2
3992	1996	51	2246.4	-2.8	0.9	0.5188	7.8	1.3
3992	1996	52	2246.4	-4.5	-1.3	0.4541	8.2	1.6
3992	1996	53	5097.6	-7.2	-3.4	0.3585	4.6	0
3992	1996	54	6652.8	-10.3	-3.3	0.3013	2.4	0
3992	1996	55	7084.8	-14.2	-1.2	0.2845	2.3	0
3992	1996	56	5875.2	-9.2	6	0.4076	3.5	0
3992	1996	57	10195.2	-0.4	8.4	0.5448	4.3	0
3992	1996	58	9763.2	-2.3	7	0.5861	1.9	0
3992	1996	59	2592	-2.1	0.3	0.5493	2.8	0
3992	1996	60	3110.4	-2.9	0.8	0.5037	4.1	0
3992	1996	61	9158.4	-2.3	2.4	0.4354	7.2	0
3992	1996	62	8640	-2.7	1.9	0.4807	5.1	0
3992	1996	63	5270.4	-4	0.7	0.4386	4.2	0
3992	1996	64	6566.4	-5	1.1	0.392	2	0
3992	1996	65	8467.2	-8.1	4.9	0.4076	2.8	0
3992	1996	66	2937.6	-0.5	1.1	0.5495	2.7	0.1
3992	1996	67	10972.8	-1.5	3.5	0.4664	5.7	0
3992	1996	68	13305.6	-4	3.5	0.408	5.9	0
3992	1996	69	13305.6	-5.7	3.2	0.3402	6.4	0
3992	1996	70	7516.8	-5.9	-0.4	0.3682	5.2	0
3992	1996	71	6912	-5.4	-1.5	0.3411	7.3	0
3992	1996	72	10108.8	-8	-0.4	0.3314	6.1	0.1
3992	1996	73	4233.6	-5	-0.8	0.4097	5.1	0
3992	1996	74	3369.6	-1.7	0.4	0.4895	4	0
3992	1996	75	6652.8	-2	1.4	0.4723	4	0
3992	1996	76	3456	-0.2	1.2	0.5322	6.7	0
3992	1996	77	3456	0.2	1.9	0.5406	5.7	0
3992	1996	78	11664	-0.7	5.5	0.5301	4	0
3992	1996	79	14342.4	-3.7	5.9	0.4962	2	0
3992	1996	80	15724.8	-3.4	8.1	0.5065	3.5	0
3992	1996	81	14860.8	-3.1	3.4	0.5065	4	0
3992	1996	82	13910.4	-1.3	8.7	0.6369	3.5	0
3992	1996	83	11232	-0.8	9.6	0.6188	2.9	4.8
3992	1996	84	3888	1	6.1	0.7326	3.4	0
3992	1996	85	3888	-0.6	2.2	0.6021	1.9	0
3992	1996	86	7689.6	-0.5	8.3	0.6702	4.3	0
3992	1996	87	17798.4	-1.8	7.4	0.4258	6	0
3992	1996	88	10540.8	-3.1	6.4	0.3441	4.3	0
3992	1996	89	7689.6	-0.8	5.5	0.5499	3.5	0.6
3992	1996	90	4752	-0.7	3.2	0.622	3.7	3.1
3992	1996	91	8035.2	-2.3	3.1	0.5346	4.4	0
3992	1996	92	12700.8	-4.7	4.1	0.4962	1.3	0
3992	1996	93	14342.4	-5.4	3.7	0.4881	2.1	0
3992	1996	94	11836.8	-2.7	5.7	0.5107	5.7	0
3992	1996	95	13046.4	-0.8	10	0.6615	5.5	0
3992	1996	96	4492.8	-0.4	9.4	0.7243	4	0
3992	1996	97	17971.2	2.9	17.7	0.8012	3.5	0
3992	1996	98	19699.2	0.6	18.6	0.7287	2.4	0
3992	1996	99	19699.2	1.1	16.9	0.7687	1.4	0
3992	1996	100	16588.8	1.3	12.6	0.7884	2.7	0
3992	1996	101	12355.2	1.1	12.4	0.7875	1.7	2.5
3992	1996	102	5702.4	-1.6	7.5	0.6494	5.2	0
3992	1996	103	12182.4	-3.6	3.2	0.4697	7.4	1.2
3992	1996	104	10713.6	-2.8	2.4	0.5359	5.6	0.1
3992	1996	105	20908.8	1.1	9.7	0.5918	6	0
3992	1996	106	21686.4	-2.7	14.1	0.4669	3.3	0
3992	1996	107	22204.8	-1.7	14.8	0.4369	1.5	0
3992	1996	108	22377.6	-1.3	17.7	0.4673	2.2	0
3992	1996	109	22118.4	3.4	21.4	0.5898	1.8	0
3992	1996	110	19958.4	3.5	22.5	0.7181	1.7	0
3992	1996	111	18835.2	7.9	24.2	0.7286	2.5	0
3992	1996	112	22204.8	9.7	27	0.6951	3.2	0
3992	1996	113	22377.6	8.9	28.2	0.8319	2.6	0
3992	1996	114	22723.2	12.5	28.2	0.9064	3.6	0
3992	1996	115	5443.2	9.8	18.8	1.4164	4	4.5
3992	1996	116	16070.4	5.7	17.3	1.0032	3.1	0
3992	1996	117	11836.8	6.1	14.3	0.9575	4.9	0
3992	1996	118	24019.2	1.5	17.6	0.8096	1.4	0
3992	1996	119	19612.8	4.5	20.8	0.9212	2.4	0
3992	1996	120	14428.8	6.5	14.1	0.7761	2.8	0
3992	1996	121	7862.4	4	14.4	0.8489	2	0
3992	1996	122	20476.8	5.7	17.5	1.0372	1.9	0
3992	1996	123	5702.4	5.9	14.1	1.1534	1.6	0
3992	1996	124	12355.2	6	20.3	1.1936	1.9	23.1
3992	1996	125	8380.8	7	11.8	0.9429	6.4	3.8
3992	1996	126	13478.4	4.4	10.1	0.6214	6.2	0
3992	1996	127	22204.8	1.1	13.4	0.6112	1.8	0
3992	1996	128	8208	6.1	12.7	0.7779	2.3	0.4
3992	1996	129	5961.6	4.9	10.1	0.9533	4.7	14.2
3992	1996	130	5961.6	4.8	6.5	0.812	7.9	7.6
3992	1996	131	6048	4.2	6.6	0.8608	3	0.3
3992	1996	132	9072	5.7	13.4	1.0358	1.9	0
3992	1996	133	6134.4	6.3	10.7	1.0648	3.8	0
3992	1996	134	16329.6	8	19	1.3602	3.5	0
3992	1996	135	18921.6	9.4	19.6	1.4348	4.3	0
3992	1996	136	14256	8.9	16.6	1.0597	3.9	0
3992	1996	137	11750.4	6.8	12.9	0.8382	2.3	0
3992	1996	138	13305.6	7.3	16.8	1.2511	2.7	0.6
3992	1996	139	22377.6	10.5	23.4	1.4466	2.8	3.7
3992	1996	140	23587.2	12.2	22.8	1.6375	2.6	7
3992	1996	141	13046.4	8.3	16.4	1.2904	5.4	11.6
3992	1996	142	24451.2	5	17.7	0.8457	4.7	0
3992	1996	143	17539.2	7.4	16.8	0.9591	2.7	0
3992	1996	144	13046.4	6.4	14.2	1.0515	3.5	0.1
3992	1996	145	14947.2	11.1	19.8	1.4024	4.3	1.8
3992	1996	146	15811.2	13.1	20.8	1.4658	4.2	9.5
3992	1996	147	17884.8	8.6	17.2	1.1594	4.8	3
3992	1996	148	17280	9.2	16.7	1.2974	3.8	8.7
3992	1996	149	9936	6.2	12.8	0.973	7.9	0
3992	1996	150	24278.4	3.9	18.2	0.7369	4.1	0
3992	1996	151	15033.6	14.8	21.6	1.732	2.3	0
3992	1996	152	28598.4	12.6	29	1.5203	3.7	0
3992	1996	153	23932.8	12.2	21.5	1.4183	3.9	1.1
3992	1996	154	9331.2	8.8	16.8	1.2404	3.6	7.4
3992	1996	155	6652.8	10.7	14.5	1.2534	3	2
3992	1996	156	22896	10.2	21.4	1.1473	1.5	0
3992	1996	157	26524.8	11.7	23.6	1.3708	2	0
3992	1996	158	28771.2	12.1	26.1	1.3245	3.3	0
3992	1996	159	28598.4	13.6	29.9	1.5074	1.7	0
3992	1996	160	27043.2	15.5	32.4	1.9594	2.7	6.2
3992	1996	161	23328	16.3	28.9	1.9978	2	1
3992	1996	162	24278.4	16.6	26.4	1.8685	2.9	0
3992	1996	163	26784	13.5	27.8	1.5793	1.9	0
3992	1996	164	20304	14.3	26.2	1.7305	4.6	3.1
3992	1996	165	21686.4	8.8	17.6	0.9701	6.5	0.3
3992	1996	166	17280	9.1	17.8	1.0631	5.4	0
3992	1996	167	26956.8	6.5	20.8	0.9521	3.8	0
3992	1996	168	15724.8	9.3	17.8	1.2096	3.5	0
3992	1996	169	20736	7.6	21.9	1.1396	2.4	0
3992	1996	170	18316.8	12.8	19	1.0825	5.1	0.2
3992	1996	171	7948.8	10.8	13.8	1.1147	5.9	1
3992	1996	172	12182.4	9.2	15.1	0.9764	5	0.1
3992	1996	173	14342.4	8.8	16.9	1.0519	4	0.1
3992	1996	174	12700.8	7.3	16.1	1.0303	3.3	0
3992	1996	175	7516.8	9.7	15.1	1.1508	3.4	0
3992	1996	176	8294.4	10	14.9	1.0968	3.1	0
3992	1996	177	6825.6	11.7	17.7	1.2362	1.9	0
3992	1996	178	17193.6	9.7	20.1	1.2861	2.8	0
3992	1996	179	11145.6	8.2	19.9	1.1694	3.3	0
3992	1996	180	14083.2	7.7	20	1.0594	3.5	0
3992	1996	181	11750.4	12.3	21.9	1.4798	3.7	2.8
3992	1996	182	8294.4	10.9	16.7	1.2924	6.1	1.4
3992	1996	183	15120	11.2	18.6	1.3876	4.5	2.5
3992	1996	184	15120	9.6	18.6	1.2214	5	3.1
3992	1996	185	19785.6	8.9	19.3	1.2214	3	0
3992	1996	186	12614.4	11.4	22.1	1.5045	5	0.8
3992	1996	187	17366.4	13.3	24	1.5883	3.1	16.1
3992	1996	188	11404.8	12	18.2	1.5427	4.2	7.1
3992	1996	189	18662.4	9.9	19.2	1.3401	2.3	0.1
3992	1996	190	6652.8	11.4	13.9	1.3891	5.5	19.5
3992	1996	191	6652.8	11.6	14.2	1.2783	9.8	10.5
3992	1996	192	23932.8	9.3	20.8	1.2131	6.9	0
3992	1996	193	6566.4	9.6	17.2	1.4435	3.8	1.2
3992	1996	194	13564.8	14.4	21.3	1.674	4.7	0.4
3992	1996	195	15552	14	22.6	1.6589	3	0
3992	1996	196	16675.2	16.5	23.9	1.8906	4.4	0
3992	1996	197	17193.6	12.8	18.5	1.1719	5.4	0
3992	1996	198	19440	11.6	20.8	1.2138	6	0.3
3992	1996	199	23673.6	8.4	20.9	0.9991	4.9	0
3992	1996	200	13564.8	10.2	18.2	1.3587	4.2	4.8
3992	1996	201	25747.2	6.9	18.7	1.1075	3.7	0
3992	1996	202	26524.8	6.7	21.2	1.0822	2.1	0
3992	1996	203	19699.2	7.7	22.3	1.1581	1.3	0
3992	1996	204	26438.4	8.7	23.7	1.085	1.4	0
3992	1996	205	24796.8	11.9	25.1	1.127	3.9	7.4
3992	1996	206	10800	15.1	20.9	1.9371	3.2	12.5
3992	1996	207	11318.4	14.3	20.3	1.8536	3.2	0.1
3992	1996	208	10108.8	13.4	17.3	1.6199	3.7	0
3992	1996	209	20649.6	11.3	23.7	1.4578	2.6	0
3992	1996	210	14601.6	12.9	21.1	1.5672	1.9	0
3992	1996	211	18403.2	13.9	22.3	1.5553	1.9	3.7
3992	1996	212	12182.4	15.6	22.9	1.9162	2.5	2.5
3992	1996	213	14256	12.7	22	1.6023	2.7	0.2
3992	1996	214	16761.6	13.5	24.8	1.7936	2.2	5.6
3992	1996	215	22464	15.7	22.5	1.6777	2.9	0
3992	1996	216	22291.2	11.5	21	1.3652	3.4	0
3992	1996	217	17107.2	8.4	20.9	1.2822	2.3	0
3992	1996	218	20563.2	8.6	22.5	1.3761	2.7	0
3992	1996	219	21859.2	11.3	22.7	1.4898	2.4	0
3992	1996	220	21859.2	10.5	23.9	1.4108	3.1	0
3992	1996	221	11577.6	11.4	23.4	1.5478	2.4	0
3992	1996	222	23241.6	13.7	25.8	1.2871	3.2	0
3992	1996	223	23414.4	13.7	25	1.3004	5.1	0
3992	1996	224	19526.4	12.8	27	1.3919	4.9	0
3992	1996	225	6912	16.9	22.1	1.7199	4.2	0.6
3992	1996	226	10454.4	15.4	20	1.9009	2.7	18.5
3992	1996	227	17452.8	12.6	23.2	1.6997	2	0.8
3992	1996	228	5443.2	13.3	18.1	1.7101	4.8	0.5
3992	1996	229	9763.2	14.8	19.3	1.8828	5.2	4.8
3992	1996	230	15724.8	15.1	24.7	1.9254	2.8	0
3992	1996	231	17539.2	13.4	25.8	1.8444	1.9	0
3992	1996	232	21340.8	12.4	27.8	1.691	2	0
3992	1996	233	21427.2	13.2	29.2	1.6586	2.2	0
3992	1996	234	21340.8	12.5	28.4	1.6559	2.4	0
3992	1996	235	20736	12.1	28.6	1.7889	2.2	0
3992	1996	236	21254.4	12.2	28.3	1.7068	2.4	0
3992	1996	237	15811.2	15.5	27.8	2.0407	2.2	33.3
3992	1996	238	11232	15.5	20.1	1.8722	2.6	0.6
3992	1996	239	14515.2	13.7	23.7	1.8301	1.9	0
3992	1996	240	9763.2	11	20.5	1.6262	1.8	0.3
3992	1996	241	8899.2	13.6	23.2	1.8806	3.5	9.8
3992	1996	242	19094.4	12.7	21	1.4758	4.8	0
3992	1996	243	14083.2	12	21.3	1.3058	4.9	0
3992	1996	244	10540.8	12.9	20	1.5509	4.2	4
3992	1996	245	17971.2	9.2	19.2	1.294	2.5	0
3992	1996	246	13651.2	7.1	19.7	1.1671	2	0
3992	1996	247	17366.4	9.8	21.5	1.456	2.6	0
3992	1996	248	12787.2	8.5	19.4	1.4005	2.7	0
3992	1996	249	12960	8.6	17.8	1.2429	4.9	3.3
3992	1996	250	10540.8	7.4	14.5	1.1242	5.8	10.3
3992	1996	251	14515.2	9.7	15.7	1.1883	6.6	1.3
3992	1996	252	9244.8	8	15.8	1.211	4.3	2.7
3992	1996	253	12873.6	7	16.7	1.1377	3.8	0
3992	1996	254	10454.4	5.4	15.9	1.1148	3.8	0.6
3992	1996	255	14342.4	6.7	15.3	0.8918	4.8	0.1
3992	1996	256	4579.2	9.1	13	1.2501	4.8	2.4
3992	1996	257	7084.8	9	14.5	1.1715	2.1	6.8
3992	1996	258	10886.4	7.2	15.8	1.193	3.8	1
3992	1996	259	11836.8	7.4	14.6	1.1148	4.3	0.5
3992	1996	260	10627.2	6.9	14.9	0.9902	4.9	0
3992	1996	261	3628.8	7.9	12.1	1.0675	3.8	0
3992	1996	262	13564.8	5.9	14.9	1.0082	4	0
3992	1996	263	14860.8	2.8	15.3	0.9209	4.7	0
3992	1996	264	9244.8	3	12.9	0.9296	4.5	0
3992	1996	265	8294.4	6.5	13.5	1.0061	5.7	0
3992	1996	266	13478.4	2.9	15.1	0.826	5.7	0
3992	1996	267	8294.4	4.7	15.1	0.9994	4.2	0
3992	1996	268	3283.2	7.9	12.1	1.0675	2.5	2.7
3992	1996	269	3196.8	7.7	10	1.1016	1.7	1.3
3992	1996	270	8380.8	5.9	13.9	1.1091	1.8	0
3992	1996	271	7948.8	5.2	16.2	1.1828	3.7	1.8
3992	1996	272	10368	9.2	16.6	1.2931	4.5	0
3992	1996	273	3024	8.1	13.7	1.2377	5.3	2.8
3992	1996	274	9590.4	12.1	19.6	1.6186	5.8	1.2
3992	1996	275	8985.6	10.9	18.3	1.5104	3.6	13.8
3992	1996	276	8640	7.3	14.4	1.1297	4.3	0.1
3992	1996	277	12355.2	5.4	15	0.9575	4	0
3992	1996	278	4147.2	8.2	12.3	1.1104	4.6	1.1
3992	1996	279	7689.6	6	13.5	1.0136	1.7	0
3992	1996	280	7430.4	7.1	15.1	1.109	1.5	0
3992	1996	281	10713.6	3.3	15.7	0.9967	1.1	0
3992	1996	282	4060.8	7.1	15.4	1.2001	1.3	0
3992	1996	283	5097.6	9.1	15.9	1.2742	1.4	0.4
3992	1996	284	5529.6	5.9	13.9	0.9872	2.9	0
3992	1996	285	9417.6	1.3	12.5	0.7757	2.1	0
3992	1996	286	9763.2	4.3	15.7	0.9693	3.3	0
3992	1996	287	9763.2	3.8	16.5	1.0658	2.4	0
3992	1996	288	7516.8	3.4	15.2	1.0185	1.3	0
3992	1996	289	8467.2	1.8	17.1	1.0643	1.7	0
3992	1996	290	4752	5.9	17	1.2431	1.4	0.9
3992	1996	291	2246.4	10.7	12.6	1.3281	2.6	0.2
3992	1996	292	4060.8	8.7	12.7	1.1828	2.2	0
3992	1996	293	8812.8	7.4	14.3	1.0908	3.6	0.1
3992	1996	294	2764.8	6	11.6	1.064	4.3	5.5
3992	1996	295	2073.6	4.9	8.9	0.9548	2.3	2.7
3992	1996	296	2851.2	7.2	12	1.087	5.5	0.4
3992	1996	297	2851.2	4.3	10.9	0.9912	2.1	0
3992	1996	298	4492.8	3.6	11.6	0.8868	1.9	0
3992	1996	299	8294.4	-1.2	10.2	0.699	4	0
3992	1996	300	7084.8	1.1	10.4	0.7901	3.9	0
3992	1996	301	1814.4	4.8	10.8	1.0153	3.9	5.4
3992	1996	302	1814.4	9.9	14.4	1.316	5.5	1.1
3992	1996	303	2332.8	8.5	12.7	1.0983	7.3	9.7
3992	1996	304	3715.2	6.9	10.1	0.8873	10.6	0.2
3992	1996	305	2764.8	7.6	11.4	0.9848	6.1	0
3992	1996	306	1641.6	6.4	12	1.0465	5.3	0
3992	1996	307	1641.6	8.1	13.4	1.1609	8.4	0.7
3992	1996	308	1987.2	13.1	15.1	1.4785	7.5	0.7
3992	1996	309	5616	11.8	16	1.2532	6.4	0
3992	1996	310	3456	10.2	15.6	0.981	7.9	0.5
3992	1996	311	1900.8	7.3	12	0.9109	9.7	2.2
3992	1996	312	1987.2	6.5	11.7	0.9933	7.1	1.2
3992	1996	313	5443.2	4	9.3	0.7919	5.3	0
3992	1996	314	3801.6	0.5	8	0.72	5.1	0.1
3992	1996	315	2937.6	2.4	6.5	0.7553	4	1.1
3992	1996	316	1900.8	4.8	9.9	0.9128	3.5	0
3992	1996	317	1382.4	2	9.1	0.8608	2	0.2
3992	1996	318	1296	4.3	10.8	0.9046	4.7	0
3992	1996	319	4060.8	0.6	5.4	0.682	2.6	0
3992	1996	320	1555.2	-2.1	3.8	0.6238	1.9	0
3992	1996	321	1296	1.2	4.5	0.6748	2	0.1
3992	1996	322	1209.6	3.5	5	0.811	1.9	0.1
3992	1996	323	1209.6	1.8	6.2	0.7806	2.8	5.3
3992	1996	324	1209.6	1.8	8.7	0.8253	5.9	0.5
3992	1996	325	1209.6	0.8	6.3	0.7248	4	0
3992	1996	326	1123.2	2.1	5.5	0.6895	7.1	0.4
3992	1996	327	2246.4	2.7	5.5	0.6305	7	0
3992	1996	328	1123.2	-1	3.9	0.5563	3.7	0
3992	1996	329	1382.4	-4.4	1.1	0.5199	3	0
3992	1996	330	4233.6	-2.8	2	0.5282	4.5	0
3992	1996	331	1036.8	-0.4	0.9	0.5662	4.6	0
3992	1996	332	1036.8	-1.9	0.6	0.5594	2	1.1
3992	1996	333	1036.8	-2.2	1.7	0.582	4.8	3.2
3992	1996	334	2332.8	-2.3	1.4	0.5322	5.9	1.1
3992	1996	335	1036.8	-0.1	1.7	0.6345	3.7	6.7
3992	1996	336	1036.8	0.8	1.9	0.6601	2.5	1.7
3992	1996	337	1036.8	0.7	5.8	0.7404	5.5	3.4
3992	1996	338	2505.6	2.6	6.1	0.7584	5.3	0.1
3992	1996	339	2332.8	2.3	7.7	0.7151	5.1	0
3992	1996	340	2937.6	-0.4	3.5	0.6287	2.4	0
3992	1996	341	3369.6	-2.5	1.3	0.5673	1.7	0
3992	1996	342	950.4	-2.6	-0.6	0.5435	1.9	0
3992	1996	343	950.4	-1.6	-0.1	0.5571	2.8	0
3992	1996	344	950.4	-2.6	-0.8	0.5341	3.5	0
3992	1996	345	950.4	-1.2	-0.1	0.5827	2.9	0
3992	1996	346	950.4	-1.8	-0.7	0.5577	2.3	0
3992	1996	347	950.4	-0.8	0.3	0.594	3.3	0
3992	1996	348	950.4	-0.7	1	0.6115	3	0
3992	1996	349	3024	-5.9	0.4	0.4093	3	0
3992	1996	350	1296	-1.9	5.5	0.5774	8.8	2.4
3992	1996	351	1209.6	-6	-0.5	0.4328	2.2	0
3992	1996	352	950.4	-1.4	1.7	0.6053	1.7	0
3992	1996	353	950.4	0.9	2.1	0.6741	2.4	1.8
3992	1996	354	1296	-2	1.8	0.5035	4.8	0
3992	1996	355	2678.4	-6.1	-1.9	0.3501	4.4	0
3992	1996	356	3801.6	-9.6	-1.1	0.3325	0.7	0
3992	1996	357	950.4	-9.7	-2.9	0.3131	1.5	0.1
3992	1996	358	2332.8	-7.4	-2.5	0.3597	3.1	0
3992	1996	359	950.4	-9.3	-5.6	0.3145	1.1	0
3992	1996	360	3628.8	-8.3	-0.6	0.3428	3.1	0
3992	1996	361	2332.8	-7.4	-3.4	0.3599	1.9	0
3992	1996	362	950.4	-10.7	-6.2	0.2683	2.8	0
3992	1996	363	3542.4	-15.3	-10.3	0.1783	1	0
3992	1996	364	950.4	-16	-8.4	0.1896	2.6	0.5
3992	1996	365	3283.2	-14.9	-9	0.191	1.7	0
3992	1996	366	2505.6	-16.7	-13	0.1488	2	0
