*---------------------------------------------------------------------------*
* Station name: ANGERMUNDE                              
* Year: 2010
* Author: Pedro Alencar                                   -999.000: NIL VALUE
* Source: ECAD 
* Comments: 
* Longitude: 53.0331, latitude: 53.0331, altitude: 54 m.
*
* Column  Daily value
* 1       station number
* 2       year
* 3       day
* 4       irradiation                   (kJ m-2 d-1)
* 5       minimum temperature           (degrees Celsius)
* 6       maximum temperature           (degrees Celsius)
* 7       early morning vapour pressure (kPa)
* 8       mean wind speed (height: 2 m) (m s-1)
* 9       precipitation                 (mm d-1)
*
** WCCDESCRIPTION=GERMANY, ANGERMUNDE                              
** WCCFORMAT=2
** WCCYEARNR=2010
*---------------------------------------------------------------------------*
   53.0331  13.9931    54.  -0.18 -0.55
3992	2010	1	950.4	-1.8	-0.6	0.4142	4.4	0.8
3992	2010	2	1209.6	-5.9	-0.1	0.4508	2.5	3.6
3992	2010	3	950.4	-8.4	-5.6	0.3401	0.9	0
3992	2010	4	950.4	-7.1	-5.1	0.3567	3.6	0
3992	2010	5	1036.8	-11.3	-4.4	0.3049	2.9	0
3992	2010	6	1036.8	-12.3	-5.2	0.2937	1.5	0.4
3992	2010	7	1036.8	-7	-4.9	0.3569	2.4	0.1
3992	2010	8	1036.8	-6.7	-3.4	0.3822	3.6	0
3992	2010	9	1036.8	-3.7	-2.1	0.4541	7.5	6.2
3992	2010	10	1036.8	-4.7	-2.4	0.4326	5.9	3.1
3992	2010	11	1036.8	-5.3	-3.2	0.4149	2.3	3
3992	2010	12	1123.2	-4.9	-3.3	0.4196	1.7	0
3992	2010	13	1123.2	-4.1	-1.5	0.4526	4.9	0
3992	2010	14	1123.2	-8.4	-3	0.3638	4.6	0
3992	2010	15	1123.2	-8.1	-3.2	0.3692	2.9	0
3992	2010	16	1123.2	-4.3	-3.2	0.4169	5	0
3992	2010	17	1209.6	-4.9	-1	0.4426	4.7	0.9
3992	2010	18	1209.6	-1.9	-1	0.4946	2.8	0.2
3992	2010	19	1209.6	-2.1	-0.4	0.5242	2.8	1.3
3992	2010	20	2851.2	-11	-1.6	0.3474	4.6	0.1
3992	2010	21	1296	-10.5	-7.6	0.256	3.5	0
3992	2010	22	1814.4	-12.2	-6.5	0.25	3.5	0
3992	2010	23	5097.6	-17.6	-11.4	0.1592	3.4	0
3992	2010	24	1296	-18.3	-10.3	0.1436	3.8	0
3992	2010	25	4406.4	-16.6	-9.6	0.154	3.2	0
3992	2010	26	5529.6	-21.6	-12.1	0.1194	1.9	0
3992	2010	27	1382.4	-22	-2.4	0.1968	4.3	1.4
3992	2010	28	3542.4	-2.3	1.4	0.5085	7.5	0.1
3992	2010	29	1468.8	-1.3	1	0.5258	4.8	2.2
3992	2010	30	1468.8	-10.9	0.4	0.3682	7	0.7
3992	2010	31	5011.2	-12.1	-0.9	0.3234	4	0.1
3992	2010	32	2505.6	-2.6	0.8	0.4864	3.8	0
3992	2010	33	1555.2	-5.2	0.5	0.4422	6.1	4.1
3992	2010	34	3715.2	-1.8	2.2	0.5269	6.4	0.2
3992	2010	35	1641.6	-2.3	0.8	0.5149	3.5	0.1
3992	2010	36	6393.6	-3.8	2	0.4806	3.8	0
3992	2010	37	6393.6	-8.5	-0.9	0.345	4.7	0
3992	2010	38	1728	-6.9	-4.6	0.3584	2.7	0
3992	2010	39	1814.4	-5.9	-3.8	0.3838	1	0.2
3992	2010	40	3110.4	-7.5	-2.7	0.3431	2.4	0.2
3992	2010	41	1814.4	-8.2	-4.6	0.3334	3.3	0.3
3992	2010	42	1900.8	-8.1	-1.8	0.3682	4.7	3.6
3992	2010	43	1900.8	-2.1	0.1	0.5396	4.7	1.6
3992	2010	44	1987.2	-2.7	-0.1	0.5074	3.7	0.2
3992	2010	45	1987.2	-3	-1.2	0.4819	1.9	0
3992	2010	46	2073.6	-3.6	-0.8	0.4628	1.6	0
3992	2010	47	2073.6	-4.1	-0.4	0.4766	2.4	0
3992	2010	48	4406.4	-9.7	-1.3	0.3612	2.7	0
3992	2010	49	2592	-5.6	3.3	0.4944	2.8	0
3992	2010	50	2160	-4	3.7	0.5621	2.1	0.2
3992	2010	51	6912	-0.7	4.7	0.5152	4.7	0
3992	2010	52	7430.4	-6.5	2.3	0.3929	3.7	0
3992	2010	53	5702.4	-5.9	5.9	0.501	4.3	2.7
3992	2010	54	2332.8	-2.3	5	0.5928	4.5	0
3992	2010	55	2419.2	-2	0.7	0.5361	3.5	1.2
3992	2010	56	7084.8	0.3	8.5	0.7527	3.5	0
3992	2010	57	4320	3.6	6.2	0.7275	3.5	0
3992	2010	58	4752	3.1	7.6	0.6791	4.6	0.1
3992	2010	59	3715.2	2.2	10.7	0.6943	5.3	7.4
3992	2010	60	3628.8	1.5	5.3	0.6392	9.5	3.1
3992	2010	61	6393.6	0	4.9	0.5975	6	0.2
3992	2010	62	8553.6	-1.1	4.7	0.5218	5	0
3992	2010	63	9590.4	-4.8	2.1	0.4595	3.6	0.4
3992	2010	64	9590.4	-5.2	-0.4	0.3531	4.3	0
3992	2010	65	8553.6	-6.8	1.1	0.3766	4.1	0
3992	2010	66	7430.4	-6.7	1.4	0.4023	3.4	0
3992	2010	67	10195.2	-5.7	1.9	0.404	2.5	0
3992	2010	68	10195.2	-7.1	3.4	0.4109	1.5	0
3992	2010	69	10540.8	-3.6	3.6	0.501	2	0
3992	2010	70	3110.4	-4.7	-1.5	0.462	2.8	0.1
3992	2010	71	3196.8	-1.5	3.7	0.6285	3.8	2.8
3992	2010	72	6393.6	0.8	6	0.6704	6.1	0.3
3992	2010	73	3283.2	-2.3	4.7	0.6197	6.6	11.4
3992	2010	74	8035.2	-2.7	3.5	0.5598	5.4	0.2
3992	2010	75	10713.6	-1.5	4.3	0.5341	4.3	0
3992	2010	76	3456	0.2	8.4	0.6477	3.9	0.2
3992	2010	77	11404.8	4.4	13.8	0.8085	3.9	0
3992	2010	78	6134.4	5.6	15.1	0.8038	4.2	0
3992	2010	79	3628.8	9.8	13.5	1.1638	4.1	2.3
3992	2010	80	7603.2	5.6	12.7	0.9851	4.7	3
3992	2010	81	14342.4	4.2	11.8	0.7827	3	0
3992	2010	82	12355.2	2.1	12.9	0.7357	4	0
3992	2010	83	13651.2	-0.4	14.9	0.7334	3.2	0
3992	2010	84	15638.4	4.9	19.4	0.9198	3.3	0
3992	2010	85	12528	8	21.2	1.0789	3.3	7.4
3992	2010	86	4492.8	4.3	10.3	0.8995	5.8	2.7
3992	2010	87	9676.8	5.5	11.3	0.8483	4.3	1
3992	2010	88	4579.2	3.1	10.8	0.8582	2.5	0
3992	2010	89	7516.8	1.3	14.8	0.9575	3.5	0.2
3992	2010	90	7948.8	5.2	12.1	0.8628	3.8	0
3992	2010	91	16934.4	3	11.4	0.6193	4.3	0
3992	2010	92	17020.8	1	12.2	0.5943	1.9	0
3992	2010	93	18316.8	-0.9	13.3	0.6824	3.5	0
3992	2010	94	7603.2	5.3	14.3	0.8596	3.7	0
3992	2010	95	4406.4	1.2	9.7	0.7289	4.1	0
3992	2010	96	11059.2	-0.1	12.9	0.7207	2.1	0
3992	2010	97	20217.6	2.3	15.2	0.6881	3.7	0
3992	2010	98	17971.2	4.5	18.4	0.8918	3.7	0
3992	2010	99	7776	5.2	12.2	0.8319	5	0.1
3992	2010	100	10540.8	3.7	12.2	0.8548	5.6	0.9
3992	2010	101	5961.6	3.4	9	0.834	4.2	0
3992	2010	102	15379.2	2.6	14.6	0.9045	4.2	0
3992	2010	103	15292.8	1.5	14	0.8222	3.7	0
3992	2010	104	13392	1.6	12.1	0.7731	4.1	0
3992	2010	105	14688	2	13.2	0.6469	4.3	0
3992	2010	106	15206.4	1.8	12.7	0.6825	5.1	0
3992	2010	107	21859.2	1.7	16	0.6474	4.7	0
3992	2010	108	22464	3.5	20.1	0.6914	2.3	0
3992	2010	109	19612.8	0.4	13.5	0.6287	3.4	0
3992	2010	110	18748.8	-1.1	15.2	0.6732	2.9	3
3992	2010	111	15638.4	2	9.7	0.7308	6.6	2
3992	2010	112	16329.6	0.9	11.2	0.6566	4.8	0
3992	2010	113	22723.2	0.1	14	0.6129	2.8	0
3992	2010	114	14860.8	1.9	15.2	0.7234	2.2	0
3992	2010	115	23760	0.8	19.6	0.7088	3	0
3992	2010	116	17107.2	6.8	21	1.0153	4.2	16.8
3992	2010	117	8812.8	8.4	14.9	1.1227	5.3	0
3992	2010	118	23414.4	6.2	19.4	1.0041	2.9	0
3992	2010	119	18576	11	24.4	1.1122	3.2	0
3992	2010	120	16156.8	12.6	23.1	1.2044	5.4	0
3992	2010	121	20304	8.1	18.5	0.9917	3.3	3.8
3992	2010	122	11664	7.2	14.5	0.9999	2.1	4.7
3992	2010	123	5702.4	5.7	10	0.9763	3.4	6.7
3992	2010	124	13305.6	3.1	12.1	0.8347	2	0
3992	2010	125	25747.2	0.8	13.1	0.6886	2.9	0
3992	2010	126	5875.2	4.7	9.5	0.8671	5.8	4.1
3992	2010	127	5875.2	6.5	10	1.0578	1.8	0.6
3992	2010	128	7430.4	4.7	12.5	0.9827	1.7	0
3992	2010	129	9936	4.5	14.6	1.0239	1.5	0.1
3992	2010	130	5961.6	5.3	11.3	0.952	2.5	0
3992	2010	131	9590.4	3.1	11.7	0.8233	2.3	5.1
3992	2010	132	10800	8.1	16.5	1.2576	3.4	0
3992	2010	133	8035.2	7	12.1	1	3.1	0
3992	2010	134	6134.4	7.5	11.2	1.0102	3.4	7.3
3992	2010	135	6134.4	6.6	8.1	0.9641	4.8	9.6
3992	2010	136	12441.6	6.8	15	0.9641	5.6	0
3992	2010	137	20217.6	6.1	15.9	0.8787	6.2	0
3992	2010	138	10627.2	8.4	13	1.0028	7.4	42
3992	2010	139	6307.2	9	13.2	1.2807	4.2	0.1
3992	2010	140	10454.4	10.9	20	1.5076	2.8	0
3992	2010	141	18921.6	11.2	22.3	1.5617	3.1	0
3992	2010	142	9763.2	11.3	19.5	1.5727	2	4.5
3992	2010	143	19267.2	13.4	22.1	1.6026	3.9	0
3992	2010	144	14083.2	9.9	18.3	1.3499	3.8	3.2
3992	2010	145	18576	6.4	15.2	0.8412	6.2	0
3992	2010	146	23328	4.6	15.9	0.8609	2.6	2.4
3992	2010	147	12700.8	6.4	13.7	1.0834	2.6	0.5
3992	2010	148	13564.8	6	17.2	1.1463	3	0
3992	2010	149	27820.8	6	19	0.8833	2.7	0
3992	2010	150	12441.6	10.9	18.4	1.3821	3.3	1.9
3992	2010	151	6566.4	9.1	13.9	1.2879	4.6	9.6
3992	2010	152	6652.8	8.6	10.4	1.1391	4.9	0.6
3992	2010	153	8121.6	8.8	14.8	1.2445	5.1	0
3992	2010	154	28512	9.1	21.4	1.1423	4.9	0
3992	2010	155	27993.6	8.6	21.9	1.2634	3.3	0
3992	2010	156	27648	9.3	25.1	1.2933	1.6	0
3992	2010	157	27043.2	11.5	25.9	1.5287	2	3.9
3992	2010	158	15897.6	14.4	21.6	1.5868	5.4	0.3
3992	2010	159	26352	12	23.2	1.467	2.7	0
3992	2010	160	22636.8	16.1	28	1.8793	2.2	0
3992	2010	161	20908.8	17	29.3	2.32	1.8	3.1
3992	2010	162	25142.4	17.1	27.9	1.9042	4.5	0
3992	2010	163	14428.8	11.8	19.1	1.2972	4.8	0
3992	2010	164	10454.4	10.7	16.3	1.0974	4.2	0
3992	2010	165	18144	9.8	19	1.147	1.9	0
3992	2010	166	17193.6	8.1	19	1.101	2.9	0
3992	2010	167	27216	6.7	22.2	1.0685	2.8	0
3992	2010	168	29289.6	7.5	23.5	1.1255	1.9	0
3992	2010	169	25142.4	8.5	23.4	1.2308	3.6	0
3992	2010	170	15120	8.6	16.5	1.0024	4.5	0.2
3992	2010	171	23155.2	8.1	18.3	1.0459	3	0
3992	2010	172	19958.4	8.3	19.9	1.2374	3.2	0
3992	2010	173	26092.8	8.5	21.3	1.1338	3.1	0
3992	2010	174	11577.6	8.5	20.8	1.2822	2.4	0
3992	2010	175	23587.2	9.7	24.3	1.4318	2.5	0
3992	2010	176	24364.8	11.6	25.3	1.4838	2.7	0
3992	2010	177	26956.8	10.7	22.7	1.3289	3.2	0
3992	2010	178	27993.6	8.3	24.9	1.2828	1.6	0
3992	2010	179	29203.2	10.9	28.1	1.4031	1.6	0
3992	2010	180	28080	13.6	29.9	1.5074	2.2	0
3992	2010	181	25488	14.9	27.1	1.6384	3.3	0
3992	2010	182	26265.6	13.2	26.9	1.5453	1.8	0
3992	2010	183	26870.4	13.4	30.7	1.5352	2.1	0
3992	2010	184	27820.8	15.8	31.4	1.6861	1.9	0
3992	2010	185	25833.6	15.9	31.3	1.4535	2.5	0
3992	2010	186	18662.4	18.1	29.8	2.1375	2.4	20.2
3992	2010	187	17712	13	22	1.4777	5	0
3992	2010	188	24364.8	11.7	22.9	1.3606	2.9	0
3992	2010	189	26870.4	11	27.7	1.3676	1.6	0
3992	2010	190	28252.8	16	31.6	1.5005	2	0
3992	2010	191	28166.4	19.3	35.1	1.7635	2.3	0
3992	2010	192	26006.4	21.3	35.6	1.8192	3.5	0
3992	2010	193	27820.8	18.8	35.5	1.866	3.1	0
3992	2010	194	18921.6	18.2	28.2	1.9013	3	0
3992	2010	195	25833.6	16	32.2	1.9172	2.9	0
3992	2010	196	20908.8	19.7	28.9	1.6068	3.6	0
3992	2010	197	27216	16.8	33.2	1.6753	2.5	0
3992	2010	198	17280	19.3	26.9	2.1438	2.9	9
3992	2010	199	16243.2	13.1	23.4	1.3397	4.1	0
3992	2010	200	27129.6	11.5	25.8	1.2878	1.7	0
3992	2010	201	27388.8	12.5	29	1.4179	2.4	0
3992	2010	202	24364.8	17.6	31.5	1.9387	2.3	0
3992	2010	203	22550.4	19	30.6	1.9678	2.8	23
3992	2010	204	6307.2	14.7	20.4	1.8229	2.4	5.7
3992	2010	205	6307.2	15.3	20	1.8143	6.4	6
3992	2010	206	19958.4	13.9	23.2	1.5571	5.5	0
3992	2010	207	20563.2	12.6	23.4	1.3807	1.8	0
3992	2010	208	22896	13.6	26.9	1.4697	2	0
3992	2010	209	19353.6	14.4	25.6	1.6573	3.8	0
3992	2010	210	20822.4	13.3	22.9	1.3894	4.9	0
3992	2010	211	19094.4	12.9	22.1	1.3779	3.6	0
3992	2010	212	21945.6	11.6	25.4	1.2971	2.3	0
3992	2010	213	17020.8	15.7	27.8	1.5334	2.6	0
3992	2010	214	11404.8	16.4	24.2	1.926	1.8	5.2
3992	2010	215	5961.6	14.7	19.3	1.8188	2.8	7.6
3992	2010	216	19872	12.4	22.4	1.5478	2.9	0
3992	2010	217	19526.4	13.8	26.1	1.5591	3	0
3992	2010	218	14774.4	14.3	26.4	1.8843	3.1	3.2
3992	2010	219	7776	16.1	22.3	1.8436	4	11.5
3992	2010	220	10281.6	16	21.7	1.8908	2	1
3992	2010	221	16675.2	14.1	24.8	1.8048	1.9	0
3992	2010	222	21254.4	15.7	25	1.7173	2.1	0
3992	2010	223	10108.8	15.8	24.3	1.7561	2.7	0.1
3992	2010	224	16502.4	15.4	28.3	2.0919	2.2	18.3
3992	2010	225	6912	16	23.2	1.9128	2.4	19.3
3992	2010	226	8985.6	15.6	21.5	2.0477	2.8	27.6
3992	2010	227	13478.4	16.6	27.8	2.2972	3.3	25.3
3992	2010	228	14342.4	17	22.8	1.9486	2.9	2.5
3992	2010	229	18921.6	15.2	20.7	1.7256	3.2	0.5
3992	2010	230	11577.6	14.2	20.4	1.7155	4.2	5
3992	2010	231	13132.8	13.1	21	1.611	4.5	0.6
3992	2010	232	21945.6	11.3	23.7	1.4578	2.3	0
3992	2010	233	21081.6	14.1	28.2	1.7537	2.7	0.6
3992	2010	234	18921.6	17.3	28.7	2.1028	3.5	0
3992	2010	235	11836.8	17.1	23.7	2.0576	3.8	0
3992	2010	236	17798.4	15	22.2	1.3908	5	0
3992	2010	237	12960	12.7	19.9	1.3141	6.9	0.4
3992	2010	238	4924.8	12.7	17.2	1.5109	2	16.5
3992	2010	239	4924.8	13.3	16.2	1.5922	3.2	15.5
3992	2010	240	14256	10.4	17.7	1.3776	4.5	1.9
3992	2010	241	9331.2	9.8	15.4	1.3117	3.9	6.1
3992	2010	242	4752	11.4	12.9	1.3443	2.6	10.8
3992	2010	243	18144	9	18.2	1.2291	4.8	0
3992	2010	244	13305.6	8.8	19	1.3643	3.7	0
3992	2010	245	9331.2	7.6	18.5	1.3509	3.7	0.9
3992	2010	246	17020.8	7.5	17.8	1.1406	2.9	1.6
3992	2010	247	14169.6	7.4	17.9	1.1552	2	0.1
3992	2010	248	18144	5.9	18.7	1.0861	2.3	0
3992	2010	249	17798.4	5.1	18.2	1.0132	2.4	0
3992	2010	250	11750.4	9.2	16.9	1.2008	4.3	0
3992	2010	251	13478.4	9.5	20.3	1.2522	5.9	0
3992	2010	252	4060.8	11.6	14.6	1.3704	3.5	12.3
3992	2010	253	10022.4	10.6	19.1	1.5181	2.6	0.8
3992	2010	254	14688	9.7	21.7	1.5141	2.1	0
3992	2010	255	15379.2	11.3	23.4	1.5232	2.5	0.1
3992	2010	256	8985.6	11.4	17	1.4881	2.8	6.5
3992	2010	257	3801.6	10.7	15.3	1.4213	4.1	7.2
3992	2010	258	13132.8	10.8	17.6	1.2616	5.4	4.4
3992	2010	259	11664	9.5	15.8	1.0967	5.1	0.2
3992	2010	260	11836.8	9.2	16.1	1.1259	5.2	0
3992	2010	261	11318.4	8.4	13.8	1.043	6.1	0.4
3992	2010	262	10800	8	15.5	1.1026	4.5	0
3992	2010	263	3542.4	11.2	16	1.2135	4	3.2
3992	2010	264	11404.8	6.6	17.8	1.2068	4.2	0
3992	2010	265	15033.6	5.1	18.2	1.109	1.9	0
3992	2010	266	14342.4	9.3	22.3	1.4342	2.7	0
3992	2010	267	13132.8	11.2	23.3	1.6315	3	0
3992	2010	268	3283.2	10.8	16.4	1.5091	1.9	3.7
3992	2010	269	5270.4	13.7	20.1	1.7496	2.1	0.9
3992	2010	270	3196.8	12.2	15.4	1.4973	4.9	1.3
3992	2010	271	3110.4	9	12.2	1.2005	6.2	1.2
3992	2010	272	7516.8	5.7	14.6	1.0411	4.1	0.2
3992	2010	273	10454.4	2.8	13.7	0.8942	2.1	0
3992	2010	274	5097.6	0.5	10.6	0.7883	2.4	0
3992	2010	275	11577.6	5	15	0.9693	4.7	0
3992	2010	276	12268.8	6.6	16.6	1.1054	5.1	0
3992	2010	277	11318.4	8.2	17.7	1.1035	5.8	0
3992	2010	278	5702.4	8.4	15.3	1.0683	5.3	0
3992	2010	279	6393.6	10.8	16.7	1.2254	4.8	0
3992	2010	280	6912	9.4	15.5	1.1401	3.7	0
3992	2010	281	6307.2	6.7	14.2	0.9357	3.9	0
3992	2010	282	9849.6	3.1	15.4	0.8634	3.4	0
3992	2010	283	11318.4	0.6	15	0.8567	2	0.1
3992	2010	284	5443.2	2	11.8	0.905	1.8	0
3992	2010	285	10108.8	-0.5	12.1	0.8021	1.3	0
3992	2010	286	9244.8	-0.5	13.3	0.836	1.1	0
3992	2010	287	4924.8	1.9	10	0.8198	3.6	0
3992	2010	288	5616	5.7	11.4	0.946	2.2	3
3992	2010	289	2332.8	4	7	0.8668	5.1	4.6
3992	2010	290	2246.4	-0.4	8.6	0.7042	2.3	0
3992	2010	291	9676.8	-2.5	9.5	0.6359	1.9	0
3992	2010	292	2160	2.1	6.8	0.7721	4.2	1
3992	2010	293	3196.8	2.2	9.2	0.7965	5	1.1
3992	2010	294	4320	1	7.2	0.7124	6.4	1.5
3992	2010	295	2505.6	4.8	8.5	0.7821	6	0
3992	2010	296	8294.4	2	10.9	0.7617	4.1	0.2
3992	2010	297	2851.2	5	10.3	0.8375	6.3	0.8
3992	2010	298	7776	2	8.9	0.7109	5	2.4
3992	2010	299	7430.4	0.3	9.4	0.7336	4.2	0
3992	2010	300	3974.4	-0.1	9.3	0.6954	3.9	0.3
3992	2010	301	3024	7	10.3	0.8964	4.3	0.3
3992	2010	302	6393.6	6.6	13.9	0.9981	3.6	0
3992	2010	303	5875.2	6.1	14.6	0.9043	4.4	0
3992	2010	304	4060.8	1.4	11.5	0.8389	1.6	0
3992	2010	305	2073.6	0.1	9	0.8113	1.5	0
3992	2010	306	1641.6	7.1	9.2	0.9856	2.9	0
3992	2010	307	1987.2	7.7	13.4	1.0947	5.6	4.5
3992	2010	308	1641.6	8.1	14.7	1.266	5.7	17.7
3992	2010	309	1900.8	9.7	14.5	1.2271	7.6	12.7
3992	2010	310	1555.2	3.2	9.7	0.916	3.5	2.2
3992	2010	311	3628.8	0	5.8	0.6997	1.7	0.1
3992	2010	312	1468.8	1.7	3	0.7091	3	1.3
3992	2010	313	1468.8	1.3	4	0.6874	2.4	0
3992	2010	314	1468.8	-0.1	5.8	0.7497	2.1	0.2
3992	2010	315	1728	3.7	6.9	0.7747	5.1	6.6
3992	2010	316	1987.2	5.4	10.9	0.8557	7.7	0.1
3992	2010	317	1987.2	7.6	11.7	1.0307	4.8	1.9
3992	2010	318	3196.8	8.8	16.6	1.2323	4	0
3992	2010	319	3024	6.8	13.4	0.9264	3.6	1.6
3992	2010	320	1296	4.3	7.5	0.8355	4.7	11.3
3992	2010	321	1296	2.9	4.3	0.751	4.7	5.2
3992	2010	322	1209.6	3.6	5.9	0.8484	2.8	14
3992	2010	323	1641.6	5.1	6.9	0.86	2.9	0
3992	2010	324	1468.8	4.9	7.7	0.8971	1.9	0
3992	2010	325	1209.6	2	5.8	0.7913	2.1	0.7
3992	2010	326	1123.2	2.2	4.3	0.7636	3.9	15.2
3992	2010	327	1123.2	1.6	4.6	0.7097	6.2	1.2
3992	2010	328	1123.2	-0.7	2.4	0.6108	6.1	0.3
3992	2010	329	4492.8	-3.8	1.2	0.4723	3.8	0
3992	2010	330	2073.6	-4.3	1.2	0.5128	1.4	0
3992	2010	331	1036.8	-3.9	-1.3	0.4442	1.7	0
3992	2010	332	2332.8	-4.6	-0.4	0.4424	3.5	0
3992	2010	333	1036.8	-3.5	-1.3	0.4201	6.9	0
3992	2010	334	1036.8	-7.7	-3	0.2915	4.2	0
3992	2010	335	2160	-11.5	-7.6	0.2165	7.8	3.2
3992	2010	336	1036.8	-13.4	-7.6	0.253	5	1.6
3992	2010	337	1814.4	-13.7	-4.8	0.2733	3.7	0
3992	2010	338	3110.4	-8.7	-5.1	0.3208	4	0
3992	2010	339	1036.8	-8.3	1.1	0.4216	5.9	0.6
3992	2010	340	950.4	-0.1	1.5	0.5914	2.8	0
3992	2010	341	950.4	-4	0	0.5066	1.8	0
3992	2010	342	950.4	-3.6	-1.3	0.5002	3.4	6.4
3992	2010	343	950.4	-4.7	0.3	0.4836	6.9	0
3992	2010	344	2678.4	-5.2	-0.1	0.4275	5.1	3.7
3992	2010	345	950.4	-0.1	4.8	0.6874	7.3	5.4
3992	2010	346	950.4	-3.3	3.4	0.558	6.6	0.6
3992	2010	347	3369.6	-6.6	-1.1	0.377	5.7	0.5
3992	2010	348	950.4	-3.6	-1	0.48	6.4	5.6
3992	2010	349	1123.2	-10.2	-1.9	0.3736	4	1.9
3992	2010	350	950.4	-8.8	-4.1	0.3435	5.5	0.8
3992	2010	351	950.4	-6.6	-3.8	0.3986	3.5	1.8
3992	2010	352	950.4	-10	-5.3	0.3269	1.7	0
3992	2010	353	2160	-16.9	-7	0.2253	1.2	2.3
3992	2010	354	1641.6	-7.8	-5.3	0.3558	4.1	0.5
3992	2010	355	2160	-14.8	-6.7	0.2508	2.1	0
3992	2010	356	950.4	-11.6	-1.6	0.3582	3	4.3
3992	2010	357	950.4	-1.6	0.2	0.5806	3.8	2.3
3992	2010	358	950.4	-2.3	-0.2	0.5521	5.4	6.4
3992	2010	359	950.4	-6.5	-2.3	0.4147	7.5	0
3992	2010	360	1728	-10.5	-6.2	0.2932	3.9	0.4
3992	2010	361	950.4	-7.9	-4.4	0.3669	2.4	1.5
3992	2010	362	950.4	-10.8	-6.9	0.2977	2.3	0
3992	2010	363	2937.6	-16	-9.7	0.2095	1.3	0
3992	2010	364	1555.2	-16.3	-5.9	0.2412	2.5	0.1
3992	2010	365	950.4	-5.9	1.5	0.494	4.8	0
