*---------------------------------------------------------------------------*
* Station name: ANGERMUNDE                              
* Year: 1988
* Author: Pedro Alencar                                   -999.000: NIL VALUE
* Source: ECAD 
* Comments: 
* Longitude: 53.0331, latitude: 53.0331, altitude: 54 m.
*
* Column  Daily value
* 1       station number
* 2       year
* 3       day
* 4       irradiation                   (kJ m-2 d-1)
* 5       minimum temperature           (degrees Celsius)
* 6       maximum temperature           (degrees Celsius)
* 7       early morning vapour pressure (kPa)
* 8       mean wind speed (height: 2 m) (m s-1)
* 9       precipitation                 (mm d-1)
*
** WCCDESCRIPTION=GERMANY, ANGERMUNDE                              
** WCCFORMAT=2
** WCCYEARNR=1988
*---------------------------------------------------------------------------*
   53.0331  13.9931    54.  -0.18 -0.55
3992	1988	1	1209.6	2.9	8.2	0.7611	5.5	2.9
3992	1988	2	950.4	5.4	11.5	0.9175	10	0.6
3992	1988	3	2592	7.3	12.1	0.8538	9.8	0.3
3992	1988	4	2592	5.5	8.1	0.7408	9.8	3.1
3992	1988	5	2073.6	5.3	8.1	0.8044	7.3	3.4
3992	1988	6	1987.2	6.7	11.6	0.846	6.2	0.3
3992	1988	7	2937.6	5.2	11	0.7556	7.5	1.3
3992	1988	8	1036.8	3	5.8	0.7527	6.9	2.7
3992	1988	9	3024	0.9	4	0.6631	3.6	0
3992	1988	10	2505.6	-0.7	3	0.5445	5.2	0
3992	1988	11	1036.8	-0.6	3.8	0.5761	7.1	7
3992	1988	12	1123.2	1.2	3.4	0.6345	5.2	0
3992	1988	13	3542.4	-2.4	2.3	0.5114	4.6	0
3992	1988	14	3715.2	-3.6	0.7	0.4726	3.8	0
3992	1988	15	1123.2	-2.6	-0.5	0.491	1.8	0.3
3992	1988	16	1123.2	-1.5	0.7	0.546	2.3	0.5
3992	1988	17	1209.6	0.2	1.1	0.6084	1	3.4
3992	1988	18	1209.6	0.5	1.2	0.6173	2	0
3992	1988	19	1209.6	0	1.2	0.5871	5	0
3992	1988	20	1209.6	-0.5	1.3	0.585	4.5	0
3992	1988	21	2419.2	-1	2.3	0.5892	2.3	0
3992	1988	22	1296	-0.4	1.7	0.5956	3.5	0.2
3992	1988	23	1296	0.9	2	0.6242	3.1	2
3992	1988	24	1296	-1.1	1.7	0.562	5.3	3.6
3992	1988	25	1382.4	0.3	5.1	0.6899	5.1	3
3992	1988	26	2851.2	2.9	8.1	0.7585	4.5	1
3992	1988	27	1382.4	4.5	6.9	0.8057	4.1	0.2
3992	1988	28	1468.8	0	5.1	0.6458	3.7	4.9
3992	1988	29	1468.8	3.4	6.2	0.7998	4.3	0.1
3992	1988	30	1468.8	1.7	5.2	0.7588	2	1
3992	1988	31	2160	3	5.9	0.7553	3.3	0
3992	1988	32	3024	1.2	4.9	0.6312	6.3	6.2
3992	1988	33	2332.8	1.9	8.7	0.7035	7.7	1.5
3992	1988	34	4060.8	3.2	7.5	0.697	7.3	1.3
3992	1988	35	3542.4	3.1	10.9	0.751	5.9	0.2
3992	1988	36	4924.8	3.8	8.6	0.7203	4.8	0.1
3992	1988	37	2764.8	2.1	10.2	0.7367	7.7	0.6
3992	1988	38	6220.8	-0.2	6.9	0.5981	5.1	0
3992	1988	39	2505.6	0.4	5.1	0.6253	6	5.5
3992	1988	40	3974.4	0.5	5.4	0.6267	8.2	1.7
3992	1988	41	5356.8	1.8	5.9	0.6276	8.3	1.9
3992	1988	42	3024	0.7	5	0.6223	5.6	1
3992	1988	43	5961.6	-0.8	5.2	0.6156	2	0
3992	1988	44	3110.4	0.7	3.4	0.6091	3.7	0
3992	1988	45	6220.8	-2	5.9	0.5977	3.6	0
3992	1988	46	8035.2	-0.7	5.8	0.5798	5	0
3992	1988	47	6393.6	-0.6	7.2	0.6269	5.8	0.1
3992	1988	48	2073.6	0.6	6.1	0.6602	7.8	7.5
3992	1988	49	2160	0.8	3.3	0.6232	5.2	4.9
3992	1988	50	3369.6	1.1	3.6	0.644	3.9	1.6
3992	1988	51	6393.6	-1.7	1.9	0.5047	1.5	0
3992	1988	52	5356.8	-1.2	3.7	0.5551	5.5	0.7
3992	1988	53	5788.8	3.3	6.7	0.7064	7.2	8.6
3992	1988	54	5702.4	1.2	5.4	0.6734	3.8	10.3
3992	1988	55	2419.2	0.1	1.6	0.6368	1.9	2.1
3992	1988	56	2419.2	-0.8	1	0.597	6.4	11.1
3992	1988	57	2505.6	-1.1	0.8	0.5983	3.8	1.5
3992	1988	58	2505.6	-0.3	1.9	0.6215	3.8	0.2
3992	1988	59	5702.4	-1.2	3	0.6	7.9	2.2
3992	1988	60	4492.8	-0.2	2.7	0.6153	6.1	1
3992	1988	61	2678.4	-2.2	1.6	0.55	5.1	1.1
3992	1988	62	8121.6	-3.6	0.2	0.4532	4.3	0.6
3992	1988	63	5011.2	-2.7	4	0.5316	3.5	0.2
3992	1988	64	5875.2	0.5	4.8	0.6209	4.9	1.3
3992	1988	65	10195.2	0.5	4.4	0.6194	5	0.2
3992	1988	66	6825.6	0.2	2.7	0.5902	6	1.3
3992	1988	67	3024	0.1	2.5	0.6309	4.4	2.3
3992	1988	68	4320	-0.8	1.3	0.5351	7.9	0.2
3992	1988	69	8553.6	-0.9	2.5	0.4791	3.3	0
3992	1988	70	6912	-2.4	2.8	0.5145	3.7	2.2
3992	1988	71	12096	0.5	6.1	0.6347	7	6.3
3992	1988	72	11059.2	-1.3	3.5	0.5491	6.8	1.9
3992	1988	73	6825.6	-3.1	2	0.499	5.9	0.2
3992	1988	74	12096	-3.6	4.2	0.4933	5.7	0.5
3992	1988	75	3369.6	-3.5	2.9	0.5141	3.4	7.8
3992	1988	76	9331.2	0.4	9.5	0.6692	5	1
3992	1988	77	9244.8	-0.7	6.6	0.6192	7.6	0.2
3992	1988	78	12441.6	-1.4	2.1	0.4575	5.3	0
3992	1988	79	14169.6	-3.3	6.7	0.4766	2.8	0
3992	1988	80	3628.8	1.2	4	0.5966	4.6	3.3
3992	1988	81	10627.2	1.4	6.4	0.6944	3.5	0
3992	1988	82	13737.6	-1.6	6.1	0.5891	4.2	0
3992	1988	83	3801.6	-1.6	3.7	0.5999	2.6	0.5
3992	1988	84	7257.6	3.1	9.3	0.853	3.8	4
3992	1988	85	11232	3.5	10.1	0.7803	4.5	0.4
3992	1988	86	11232	4	10.2	0.8772	4.6	0.6
3992	1988	87	13996.8	2.1	9.7	0.7705	3.1	2.8
3992	1988	88	4060.8	3.9	7.1	0.8217	2.3	0.1
3992	1988	89	8726.4	1.2	9.8	0.7675	3.8	0
3992	1988	90	14428.8	4.5	12.3	0.7712	4.6	0
3992	1988	91	4752	4.4	12.6	0.854	3.3	1.3
3992	1988	92	5443.2	6.1	11.3	0.9893	3.3	0
3992	1988	93	5184	4.8	8.7	0.7678	5.4	0.1
3992	1988	94	4406.4	2.9	9.1	0.7759	3.4	0
3992	1988	95	4406.4	5.1	8.7	0.8354	2.2	0
3992	1988	96	13305.6	3.5	10.2	0.8325	3.7	0
3992	1988	97	15638.4	3.1	15.2	0.9619	3.9	0
3992	1988	98	18316.8	1.6	17.6	0.7884	3.6	0
3992	1988	99	10800	3.3	16.3	0.8596	4.3	0
3992	1988	100	13651.2	1.4	8.4	0.5629	6.8	0
3992	1988	101	17625.6	-1.7	8	0.4748	8.6	0
3992	1988	102	10713.6	6.2	11.4	0.747	7.8	0
3992	1988	103	14428.8	4.8	14.4	0.7884	2.6	0
3992	1988	104	13824	3.1	11.2	0.6779	5.9	0
3992	1988	105	21600	-1.4	10.9	0.4714	3.6	0
3992	1988	106	21859.2	0.3	14.7	0.4663	3.5	0
3992	1988	107	21427.2	3.3	18.6	0.5098	5.2	0
3992	1988	108	20995.2	5.3	22.5	0.6187	4.4	0.3
3992	1988	109	9936	11.6	18.7	1.2381	1.4	0
3992	1988	110	20908.8	6.1	21.8	1.0504	2.8	0
3992	1988	111	21427.2	10.3	24.6	1.1347	5	0.5
3992	1988	112	17107.2	8.2	18.9	1.039	5	1.5
3992	1988	113	12614.4	4.7	15.3	0.8221	5.5	2
3992	1988	114	17452.8	0	6.3	0.5514	5.5	0.2
3992	1988	115	19353.6	-2.9	7.8	0.4372	4.2	0
3992	1988	116	15552	0.7	8.2	0.4784	2.9	0
3992	1988	117	17625.6	-2.7	9	0.4442	2.4	0
3992	1988	118	24278.4	-2.6	11.9	0.417	4.4	0
3992	1988	119	19958.4	0.4	13.3	0.5055	6.3	0
3992	1988	120	14083.2	6.5	17.4	0.6843	4.1	0
3992	1988	121	22550.4	7	21.5	0.7302	2.7	0
3992	1988	122	21859.2	8	23.3	0.8878	2.8	0
3992	1988	123	17193.6	12.4	23.4	1.1468	3.5	0.3
3992	1988	124	16070.4	7.8	21.8	1.2106	2.9	0
3992	1988	125	23932.8	9.6	19.3	0.9863	4.5	1
3992	1988	126	22809.6	7.8	21.1	0.9863	4	0
3992	1988	127	5875.2	6.6	15.2	0.9771	2.9	0
3992	1988	128	23760	4.4	18.1	0.8401	2.9	0
3992	1988	129	24883.2	7.5	20.5	0.8941	6.2	0
3992	1988	130	25488	7	20.9	0.7321	5.5	0
3992	1988	131	24105.6	4.3	17.1	0.6171	4.4	0
3992	1988	132	14774.4	2.7	16.5	0.8123	3.3	0
3992	1988	133	24796.8	7.8	23.5	1.0476	4.8	0
3992	1988	134	26611.2	7.8	22.9	0.7838	5.5	0
3992	1988	135	26784	7.8	24.6	0.9011	4.5	0
3992	1988	136	26784	8.5	25.1	0.8979	4.3	0
3992	1988	137	26611.2	7.9	24.9	0.9499	3.5	0
3992	1988	138	23328	8.6	25.2	1.0382	2	0
3992	1988	139	23760	9.4	19.6	0.9565	4	0
3992	1988	140	18057.6	9.4	16.8	0.8885	2	0
3992	1988	141	6307.2	7.1	15.4	1.0268	4.5	0.2
3992	1988	142	20304	6.8	14.6	0.7714	4.7	0
3992	1988	143	19785.6	5.2	15.7	0.8219	2.8	0
3992	1988	144	19526.4	4.3	16.4	0.8164	2.5	0
3992	1988	145	27302.4	8	21.3	0.8992	2.9	0
3992	1988	146	27561.6	11.8	25.2	1.1695	2.9	0
3992	1988	147	27475.2	11.2	26.7	1.3121	4.3	0
3992	1988	148	25315.2	14.7	28.6	1.4207	4.9	0.4
3992	1988	149	24624	14.9	28.1	1.5358	5	0.4
3992	1988	150	22550.4	14.7	27.2	1.7076	3.7	6.9
3992	1988	151	16329.6	12.7	20.4	1.3915	2.8	1.4
3992	1988	152	20995.2	11.3	18.7	1.2263	4.4	3.7
3992	1988	153	19872	10.2	17.6	1.1105	4.7	4.6
3992	1988	154	13046.4	10.7	17.6	1.2414	4.2	0.1
3992	1988	155	16156.8	10.9	19.9	1.2581	3.4	0
3992	1988	156	15379.2	13.4	20.7	1.3587	3.2	3.3
3992	1988	157	21513.6	12	20	1.271	3.5	0.2
3992	1988	158	6739.2	12	17.2	1.4109	3.9	2.5
3992	1988	159	7862.4	13.8	20.1	1.7166	2.5	1
3992	1988	160	6739.2	13	19	1.6705	3	0
3992	1988	161	6739.2	15.2	19.1	1.8361	2.9	7.1
3992	1988	162	12355.2	14.8	20.9	1.9393	3.8	0
3992	1988	163	8294.4	12.3	19.6	1.6109	5.3	0.1
3992	1988	164	28857.6	5.6	20.2	0.981	4	0
3992	1988	165	27302.4	6.1	24.7	1.0135	3.6	0
3992	1988	166	22896	9.5	22.3	1.3171	3.9	0
3992	1988	167	25142.4	10.2	21.4	1.2549	2.5	0
3992	1988	168	27820.8	6.2	22.3	0.9736	2.7	0
3992	1988	169	27820.8	8.4	22.9	1.0121	3	0
3992	1988	170	21859.2	7.4	25	1.1402	4	0
3992	1988	171	12787.2	13.6	21.4	1.3379	4.2	0
3992	1988	172	21081.6	12.1	23.9	1.4013	4.7	0
3992	1988	173	25488	11.9	22.2	1.2228	5.1	0
3992	1988	174	19094.4	10.6	21.3	1.3756	4.9	1.8
3992	1988	175	10281.6	9.9	16.5	1.1975	4.4	0.9
3992	1988	176	6825.6	12.8	16	1.4583	3.7	2.7
3992	1988	177	10972.8	14.1	20.1	1.7524	2.9	3.5
3992	1988	178	6825.6	15	21.9	1.8229	3.1	0.3
3992	1988	179	16848	14.8	19.5	1.7384	1.7	10.6
3992	1988	180	24278.4	11.8	26.3	1.6504	1.8	0
3992	1988	181	16416	14.4	26.2	1.9974	2	5.5
3992	1988	182	16848	13.2	25.4	1.8775	1.3	0.6
3992	1988	183	14860.8	17.4	28.8	2.0592	4.2	0.1
3992	1988	184	18316.8	15.7	26.2	1.7324	4.2	0
3992	1988	185	20044.8	13.2	23.4	1.5329	4.1	4.5
3992	1988	186	20044.8	10.9	23.6	1.5725	2.7	5.9
3992	1988	187	21340.8	13.3	27.2	1.7779	4.3	8.3
3992	1988	188	25574.4	15.7	25.8	1.7846	4.2	0
3992	1988	189	18576	15.4	24.2	1.8444	3.1	9.2
3992	1988	190	16070.4	13.7	22.5	1.7212	2.4	1.8
3992	1988	191	20131.2	11.6	21.4	1.4996	3.5	2.4
3992	1988	192	25056	11.2	21.6	1.3224	3.5	0
3992	1988	193	24192	13.3	27.8	1.6179	4	4.6
3992	1988	194	24537.6	15.2	24.2	1.7413	2.4	0
3992	1988	195	23500.8	10.8	23.7	1.3367	2.6	0.1
3992	1988	196	14515.2	15	20.4	1.5369	3.2	0.3
3992	1988	197	15033.6	12.4	20.6	1.4996	3.4	4.7
3992	1988	198	20044.8	12.1	20.9	1.5183	3.2	1
3992	1988	199	11491.2	12	18.2	1.4741	3.4	0.8
3992	1988	200	17452.8	13.2	21.8	1.5975	3.3	3.8
3992	1988	201	13219.2	12.5	19.1	1.5597	4.8	0
3992	1988	202	13132.8	12.4	22.7	1.5425	2.7	0.2
3992	1988	203	9417.6	15.3	22.4	1.7387	1.5	0
3992	1988	204	15206.4	15.1	26.6	1.9185	3.5	10.1
3992	1988	205	22118.4	18.6	29.1	2.3903	2.9	0
3992	1988	206	21427.2	18.9	29.5	2.3506	3.3	7.1
3992	1988	207	24537.6	13.6	24.1	1.5648	3.9	0
3992	1988	208	25660.8	14	28.5	1.5377	3.7	1.1
3992	1988	209	19526.4	15.3	25.6	1.7039	3	0
3992	1988	210	24883.2	12.4	22.1	1.2973	3.7	0
3992	1988	211	15033.6	14.1	23.7	1.4389	3.9	0
3992	1988	212	22896	11.3	21.3	1.2215	4.8	0.1
3992	1988	213	19526.4	11.2	22.3	1.1998	4	0
3992	1988	214	22809.6	10.6	24.5	1.3021	1.8	0
3992	1988	215	17971.2	12.4	22.5	1.3536	3.3	0
3992	1988	216	11923.2	9.4	18	1.1588	2.6	0.5
3992	1988	217	18403.2	9.5	19.9	1.1026	4.7	0
3992	1988	218	17366.4	14.2	19.9	1.2616	5.5	0
3992	1988	219	8553.6	11.5	22.6	1.4751	4.2	0
3992	1988	220	12873.6	14.2	21.1	1.6732	3	0
3992	1988	221	20822.4	12	26.7	1.5918	1.5	0
3992	1988	222	21859.2	14.5	29	1.6893	2.6	0
3992	1988	223	18230.4	14.4	27.9	1.8039	1.7	0
3992	1988	224	15552	15.5	28.1	1.9812	3.3	0.3
3992	1988	225	17625.6	14.4	26.4	1.7705	2.6	0
3992	1988	226	19353.6	18.1	24.9	2.1501	5.3	0
3992	1988	227	22032	11.1	26.5	1.9282	2.4	0
3992	1988	228	21427.2	16.3	29.7	2.4113	4.3	0
3992	1988	229	22809.6	11.1	23.6	1.7605	4	0
3992	1988	230	18230.4	10.6	22.8	1.7086	5.3	0
3992	1988	231	21772.8	10.1	22.5	1.6657	2.4	0
3992	1988	232	17971.2	11.4	29.2	1.9498	3.3	0
3992	1988	233	5184	17.7	24.4	2.1165	3.4	0.1
3992	1988	234	17107.2	14.1	21.3	1.5571	4.5	0.4
3992	1988	235	17625.6	12.3	21.4	1.5524	3.3	0
3992	1988	236	12182.4	12.1	19	1.5173	4.3	0
3992	1988	237	13305.6	12.1	20.1	1.4802	2.7	0.2
3992	1988	238	7862.4	13.3	20.9	1.6161	4.2	10.6
3992	1988	239	9158.4	9.5	15.3	1.2659	4.6	6.5
3992	1988	240	13046.4	11.6	19	1.5105	3.7	0
3992	1988	241	16588.8	12.3	24.9	1.7331	2.9	0
3992	1988	242	14083.2	16.1	23	1.9295	2.8	0
3992	1988	243	11404.8	12.2	18.9	1.5879	2.6	1.2
3992	1988	244	17107.2	9.8	22.8	1.4991	2.8	0
3992	1988	245	17107.2	11.2	24.7	1.7256	2.6	0
3992	1988	246	4320	14.5	20.4	1.9906	2.6	8.9
3992	1988	247	15379.2	11.3	18.5	1.6922	5.1	0
3992	1988	248	12182.4	9.5	20.4	1.6977	2.1	0
3992	1988	249	9504	8.5	20.4	1.3808	1.9	0
3992	1988	250	9417.6	12.4	18.7	1.4644	4.4	0
3992	1988	251	17280	9.5	21.1	1.3716	3.2	0
3992	1988	252	14342.4	7.8	20.5	1.3059	1.5	0
3992	1988	253	15292.8	7.4	20.7	1.2495	1.2	0
3992	1988	254	15379.2	7.7	22.5	1.2684	1.5	0
3992	1988	255	3888	10.3	17.3	1.3397	3.6	0.4
3992	1988	256	14256	11.9	18.2	1.196	5.7	3.4
3992	1988	257	8467.2	10	15.5	1.2658	4.9	2.3
3992	1988	258	6652.8	9.5	14.9	1.2493	1.8	0
3992	1988	259	13219.2	7.5	19.3	1.3207	2.3	0
3992	1988	260	9331.2	7	15.2	1.2146	3.9	0.4
3992	1988	261	13219.2	9.7	18	1.344	4.3	0.1
3992	1988	262	8467.2	12.3	17.1	1.2863	6	0.1
3992	1988	263	7171.2	10.7	16.4	1.2716	6.4	0
3992	1988	264	4147.2	13.5	15.5	1.2699	4.3	0
3992	1988	265	3456	12.1	14.2	1.2087	3	0
3992	1988	266	3369.6	11.3	15.9	1.2291	3.1	0
3992	1988	267	8294.4	8.2	17.5	1.2593	5.3	1.9
3992	1988	268	7084.8	10.3	15.2	1.0745	9.2	1
3992	1988	269	13651.2	9.5	17.1	1.129	5.8	0.3
3992	1988	270	5875.2	9.9	18.7	1.3838	6.5	0.3
3992	1988	271	4752	11.7	18.4	1.5036	4.1	0.7
3992	1988	272	8035.2	13.1	22.7	1.3925	5.3	0
3992	1988	273	11491.2	12.8	18.7	1.1437	6.1	0
3992	1988	274	10022.4	8.6	15.4	0.9808	4	0
3992	1988	275	12009.6	5.2	15.4	0.9138	2.2	0
3992	1988	276	12182.4	1.4	16.6	0.8604	2.3	0
3992	1988	277	11750.4	3	18.3	0.897	4.2	0
3992	1988	278	12096	5.2	20.1	0.9943	3.5	0
3992	1988	279	2764.8	7.5	19.3	1.075	4.5	0
3992	1988	280	7171.2	10.5	16.1	1.2206	6	2.7
3992	1988	281	8985.6	8.7	14.3	1.3015	7	2.2
3992	1988	282	3456	7.4	10.8	0.8778	10.1	0.9
3992	1988	283	2592	7.7	13.5	1.0217	6.9	2.7
3992	1988	284	8899.2	10.4	18.1	1.1846	7	0
3992	1988	285	9763.2	3.4	14.1	1.0942	3	0.3
3992	1988	286	6220.8	9	18.2	1.2135	4.2	0
3992	1988	287	2419.2	11.3	15.5	1.4435	1.4	1.9
3992	1988	288	4838.4	11.7	16.8	1.5903	2.2	0
3992	1988	289	2332.8	10.3	14	1.4151	3.8	0
3992	1988	290	3024	10	12.7	1.2618	2.5	0
3992	1988	291	2246.4	10.8	12.5	1.3007	1.2	0
3992	1988	292	2160	10.3	12.4	1.2886	1.8	0
3992	1988	293	5270.4	6.6	12.8	0.8298	6.4	0
3992	1988	294	4147.2	5.4	13	0.8372	6.5	0
3992	1988	295	6912	5	11	0.8577	2.9	0
3992	1988	296	1987.2	5.6	10.6	0.9283	0.6	0
3992	1988	297	1987.2	8.5	12.8	1.1404	2.3	0
3992	1988	298	4752	4.4	11.8	0.9391	3.6	0.2
3992	1988	299	7862.4	-0.8	7.2	0.5764	2.6	0
3992	1988	300	7776	-3.7	5.8	0.4153	4.9	0
3992	1988	301	5443.2	2.8	15.3	0.6216	6.7	0
3992	1988	302	6652.8	9	17.4	1.0004	5.8	0
3992	1988	303	6134.4	1.3	15.1	0.7825	5.7	0
3992	1988	304	5443.2	-1.6	5.9	0.6063	2	0.3
3992	1988	305	5702.4	-3.5	8.5	0.6143	5.4	1.2
3992	1988	306	1641.6	0.5	7.4	0.7131	6.5	11
3992	1988	307	3628.8	1.6	7.3	0.6882	5.7	1.1
3992	1988	308	6480	-1.7	4.5	0.4665	4.2	0
3992	1988	309	6652.8	-3.2	6.3	0.5125	1.7	0
3992	1988	310	4752	-3.4	2.8	0.4603	3.5	0
3992	1988	311	1555.2	-3.5	4	0.4978	4.6	0
3992	1988	312	3542.4	0.4	7.4	0.7186	4.2	0.8
3992	1988	313	5529.6	-3.6	5.1	0.529	2.3	0
3992	1988	314	4320	-4.4	3.1	0.4254	4.8	0
3992	1988	315	5702.4	-3.1	4	0.4735	4.5	0
3992	1988	316	3024	-0.6	7.9	0.6188	3.2	3.4
3992	1988	317	1382.4	5.6	10.2	0.9797	1.8	1.4
3992	1988	318	1641.6	5.3	9.6	0.9501	3.3	2.9
3992	1988	319	3196.8	2.7	8.1	0.7353	6.3	0
3992	1988	320	3283.2	0.6	6.3	0.6962	3.1	0.7
3992	1988	321	1296	1.3	7.8	0.786	2.4	0
3992	1988	322	2332.8	4	7.8	0.8448	4	0
3992	1988	323	1209.6	3	10.2	0.8671	6.2	4.2
3992	1988	324	2332.8	-1.4	9.2	0.6217	5	0.3
3992	1988	325	1209.6	-5	-0.1	0.456	1.6	0
3992	1988	326	2073.6	-6.3	-1.1	0.3952	3	0.6
3992	1988	327	3628.8	-9.6	-1.4	0.2679	3.3	0
3992	1988	328	1123.2	-4.2	2.3	0.4846	4.2	0.6
3992	1988	329	1641.6	2	6.1	0.7344	5.9	0.8
3992	1988	330	1123.2	5.7	7.9	0.8988	5.8	0.6
3992	1988	331	1036.8	5.8	7.5	0.831	5.3	0
3992	1988	332	3888	-0.6	6.6	0.5607	5.1	0
3992	1988	333	1036.8	-0.7	4.9	0.6041	6.3	6.2
3992	1988	334	2246.4	0.2	7.7	0.6158	11.6	3.8
3992	1988	335	1036.8	-5.1	0.6	0.3626	3	0
3992	1988	336	1036.8	-3.6	-1.3	0.342	8.4	0.2
3992	1988	337	1036.8	-5.6	-2.1	0.3127	7.1	0
3992	1988	338	1036.8	-5.2	-2	0.3701	4.5	1.6
3992	1988	339	1036.8	-4.1	3.4	0.5539	3.9	7.2
3992	1988	340	950.4	1.6	5.9	0.6871	9.4	3.5
3992	1988	341	950.4	3.2	5.3	0.7448	6.5	6.1
3992	1988	342	2592	0.6	3.8	0.5942	5.6	0
3992	1988	343	2246.4	-1.8	3.9	0.5933	4.8	4.4
3992	1988	344	3196.8	2.6	6.6	0.7463	7.2	0
3992	1988	345	950.4	2.4	7.2	0.7912	5.3	0.4
3992	1988	346	950.4	7	9.6	0.9082	10	5.6
3992	1988	347	950.4	3.4	7.7	0.8155	6.5	1.3
3992	1988	348	950.4	0.4	6.2	0.6734	6.3	0.1
3992	1988	349	3628.8	-0.4	5.6	0.5303	7.1	0
3992	1988	350	3715.2	-3.3	0.5	0.4082	4	0
3992	1988	351	1987.2	-5.2	-1	0.3842	2.8	0
3992	1988	352	950.4	-2.2	2.5	0.5374	5.2	2
3992	1988	353	1468.8	2.2	5.2	0.7404	7	8.6
3992	1988	354	950.4	3.4	6.3	0.7594	7.1	1.7
3992	1988	355	3456	-3.4	4.4	0.5005	4.8	0
3992	1988	356	950.4	-4.1	4.9	0.5472	6.8	0.4
3992	1988	357	950.4	3.5	8.5	0.8506	7.2	2.3
3992	1988	358	950.4	7.6	8.9	0.9051	8.4	0.4
3992	1988	359	2246.4	4.8	9.1	0.7185	12.7	2.8
3992	1988	360	950.4	4.3	9.5	0.736	7.3	0.3
3992	1988	361	950.4	4.8	9.5	0.9004	6.2	0
3992	1988	362	1641.6	7.1	9.9	0.8651	8.3	0.5
3992	1988	363	950.4	4.3	7.4	0.7956	5.1	0
3992	1988	364	950.4	4.4	9.6	0.8412	5.2	0
3992	1988	365	950.4	5	8.3	0.831	6	0
3992	1988	366	3715.2	1.4	6.9	0.6903	5.5	0
