*---------------------------------------------------------------------------*
* Station name: ANGERMUNDE                              
* Year: 1983
* Author: Pedro Alencar                                   -999.000: NIL VALUE
* Source: ECAD 
* Comments: 
* Longitude: 53.0331, latitude: 53.0331, altitude: 54 m.
*
* Column  Daily value
* 1       station number
* 2       year
* 3       day
* 4       irradiation                   (kJ m-2 d-1)
* 5       minimum temperature           (degrees Celsius)
* 6       maximum temperature           (degrees Celsius)
* 7       early morning vapour pressure (kPa)
* 8       mean wind speed (height: 2 m) (m s-1)
* 9       precipitation                 (mm d-1)
*
** WCCDESCRIPTION=GERMANY, ANGERMUNDE                              
** WCCFORMAT=2
** WCCYEARNR=1983
*---------------------------------------------------------------------------*
   53.0331  13.9931    54.  -0.18 -0.55
3992	1983	1	950.4	-0.2	2.1	0.6152	2.7	0.1
3992	1983	2	2073.6	0.9	3.9	0.639	5.5	0.4
3992	1983	3	950.4	1	3	0.6281	4.8	4.8
3992	1983	4	950.4	3	9.9	0.8582	8.5	11.5
3992	1983	5	2851.2	3.3	8.7	0.7665	5.5	0.4
3992	1983	6	1036.8	5.3	13	0.9155	6.3	0.1
3992	1983	7	2505.6	4	10.6	0.7973	6.9	0.9
3992	1983	8	1036.8	3.8	6.3	0.6914	7	0
3992	1983	9	1036.8	2.7	5.8	0.6786	8.1	0.4
3992	1983	10	1296	4.7	6.1	0.6905	7.8	0.4
3992	1983	11	1036.8	5.1	9.4	0.8557	4.5	0
3992	1983	12	1123.2	3.8	8.6	0.7866	3.6	0
3992	1983	13	3024	2.8	5.6	0.635	6.8	0
3992	1983	14	1123.2	0.8	6	0.5924	8.2	1
3992	1983	15	1123.2	-0.2	4.3	0.6303	6.5	0.5
3992	1983	16	2851.2	1.4	4.8	0.6181	8.1	5.4
3992	1983	17	1209.6	1.7	8.6	0.7843	8.7	1.9
3992	1983	18	3110.4	0.7	7.5	0.6387	12.4	2.5
3992	1983	19	4752	-1.3	1.9	0.4683	8.9	0
3992	1983	20	4665.6	-1.9	1.9	0.4644	6.5	0.2
3992	1983	21	1296	-0.3	7.1	0.686	10.4	0.1
3992	1983	22	2592	6.6	7.9	0.7946	8.4	0
3992	1983	23	1296	2.9	6.9	0.6582	5.3	0
3992	1983	24	3369.6	0.6	4.1	0.5716	2.8	0
3992	1983	25	1382.4	-1.7	4.3	0.5705	3.9	2.4
3992	1983	26	2505.6	2.6	8.4	0.7314	6.3	0
3992	1983	27	1382.4	5.5	13.8	0.9349	8.7	1.6
3992	1983	28	1900.8	5.5	9.9	0.8089	6.8	5.9
3992	1983	29	4665.6	5.9	9.2	0.7694	9.5	0.1
3992	1983	30	2937.6	2.6	6.5	0.6761	6.4	1.6
3992	1983	31	1987.2	0.6	5.4	0.6289	5.7	5.2
3992	1983	32	2073.6	-0.4	10.4	0.7238	9.3	5.3
3992	1983	33	2246.4	-0.4	5.6	0.5892	10.1	1
3992	1983	34	2851.2	-1.5	1.6	0.5396	5.3	1.6
3992	1983	35	6480	-2.9	1.6	0.4895	5.2	0
3992	1983	36	1641.6	-4.5	0.4	0.4469	6	0.3
3992	1983	37	5788.8	-4	1	0.4983	3.2	0.1
3992	1983	38	1728	-2.9	0.4	0.5298	3.8	3.9
3992	1983	39	1814.4	-5.9	-1.7	0.4338	1	0
3992	1983	40	6048	-7.1	-2.5	0.3852	1.3	0
3992	1983	41	1814.4	-8	-2	0.371	1.6	1.3
3992	1983	42	1900.8	-4.1	-0.5	0.4748	4.1	0
3992	1983	43	1900.8	-1.3	0.2	0.5166	5.5	0.8
3992	1983	44	7257.6	-9.5	-0.9	0.3446	2.6	0
3992	1983	45	1987.2	-12.3	-1.8	0.3244	1	0
3992	1983	46	8121.6	-9.1	-0.6	0.3411	2.5	0
3992	1983	47	2073.6	-13.2	0.5	0.3157	2.8	0
3992	1983	48	5616	-7	1	0.3969	2.9	0
3992	1983	49	2160	-5.9	1.3	0.4697	3.1	0
3992	1983	50	2160	-1.5	1.3	0.5338	2.3	0
3992	1983	51	2246.4	-2	2	0.5377	3.3	0.7
3992	1983	52	7862.4	-7.6	1.3	0.4022	5	0.4
3992	1983	53	6825.6	-13.2	1.4	0.3071	3.2	0
3992	1983	54	9072	-7.1	3.9	0.4566	1.4	0
3992	1983	55	6912	-11.1	2	0.3664	1.2	0
3992	1983	56	9417.6	-6.8	2.6	0.4295	2.3	0
3992	1983	57	5529.6	-5.7	3	0.4761	3.7	1
3992	1983	58	2505.6	1.4	5.4	0.7483	2	0.9
3992	1983	59	2592	2.4	4.9	0.7378	2.9	0.8
3992	1983	60	7776	0.9	6.1	0.6987	1.6	0
3992	1983	61	2678.4	-0.8	2	0.6126	1.4	0
3992	1983	62	2764.8	0.2	3.8	0.5928	0.7	0
3992	1983	63	8467.2	-2.7	6.6	0.5344	2.3	0
3992	1983	64	7948.8	1.1	7.6	0.6667	5.9	2.4
3992	1983	65	2851.2	5.7	7.8	0.8859	9.3	2.3
3992	1983	66	8208	5	8	0.6966	9.2	0
3992	1983	67	3024	5.2	9.3	0.8557	7.1	0
3992	1983	68	4320	5.7	8.9	0.7973	6.6	0
3992	1983	69	3974.4	6.6	10.5	0.8792	8	2
3992	1983	70	6825.6	1.3	9.8	0.6886	8	0.5
3992	1983	71	13651.2	-2.5	5	0.4615	1.5	0
3992	1983	72	13996.8	-3.5	6	0.4347	3.9	0
3992	1983	73	4838.4	-0.9	9.5	0.573	4.2	0
3992	1983	74	7257.6	2.4	11	0.6474	2.9	0
3992	1983	75	3369.6	4.2	8.1	0.8028	2.4	0
3992	1983	76	7948.8	2.9	10.9	0.7161	3.1	0.1
3992	1983	77	3456	7.5	11.2	1.0689	4.3	1.5
3992	1983	78	3542.4	8.5	11.5	1.0675	1.9	0
3992	1983	79	3628.8	5.4	10.1	0.9697	1.4	0
3992	1983	80	4665.6	6.8	10.3	0.8569	4.7	0.5
3992	1983	81	10713.6	1.6	7.7	0.6042	9.5	5.3
3992	1983	82	9331.2	0.5	6.9	0.629	6.6	6.8
3992	1983	83	10195.2	3.2	11.7	0.7539	8.1	0.6
3992	1983	84	8726.4	2.1	7.6	0.6731	4.8	0.7
3992	1983	85	7516.8	-0.4	6	0.6574	2.1	0.2
3992	1983	86	14256	-1.4	7	0.6051	3	0
3992	1983	87	10540.8	0.3	9.1	0.5978	3.2	1.2
3992	1983	88	9417.6	0.6	6.6	0.6008	4	0
3992	1983	89	4665.6	-1	7.7	0.5903	5.4	0.1
3992	1983	90	9331.2	2.6	11.4	0.6909	3.2	0.1
3992	1983	91	4233.6	4.1	11.4	0.8643	3.3	2.3
3992	1983	92	4320	4.5	7.7	0.8848	2.8	1.7
3992	1983	93	4320	1.4	6.5	0.7374	3.7	9.3
3992	1983	94	15465.6	0.4	8.4	0.6105	2.6	0
3992	1983	95	11491.2	-1.6	8.4	0.6236	1.9	0.4
3992	1983	96	7257.6	0.7	9	0.7077	6.4	5.9
3992	1983	97	9936	2.2	8	0.7465	3.3	3.2
3992	1983	98	4579.2	0.7	8.9	0.7912	3.1	2.4
3992	1983	99	12355.2	3.7	9	0.6991	4.8	0
3992	1983	100	13737.6	-0.4	11.8	0.6317	1.8	4.5
3992	1983	101	10800	7.8	15.7	1.1577	3.8	18.4
3992	1983	102	4752	3.3	10.6	0.9381	4.1	1.4
3992	1983	103	9158.4	0.9	7.4	0.6656	4.8	0.3
3992	1983	104	9072	2.4	7	0.7088	4.8	2.6
3992	1983	105	4924.8	4.5	8.7	0.8573	3.9	0.2
3992	1983	106	17971.2	6.2	13.5	0.8867	2.7	0
3992	1983	107	20217.6	4.6	17.5	0.8685	5.4	0
3992	1983	108	7171.2	8.5	16	0.8831	5.3	0
3992	1983	109	17020.8	7.7	17.5	0.8599	3.4	2.9
3992	1983	110	17107.2	4.1	15.8	0.9416	4.2	0.1
3992	1983	111	15724.8	4.5	21.6	0.9606	4	0
3992	1983	112	7171.2	8.5	17.6	1.1858	3.5	0
3992	1983	113	15033.6	7.7	14.4	0.9869	1.6	0
3992	1983	114	10108.8	5.6	18.5	1.1809	1.6	7.7
3992	1983	115	16502.4	9.3	16.9	1.2349	1.8	0
3992	1983	116	19180.8	4.5	21.1	1.1075	2	0
3992	1983	117	14256	12.3	18.1	1.2594	3.6	0.8
3992	1983	118	19872	7.4	19	1.0004	2.8	0.1
3992	1983	119	17366.4	5	21.5	1.0949	3.3	9.1
3992	1983	120	19958.4	5.6	17.4	0.9625	2.2	0
3992	1983	121	13996.8	4.5	18.9	1.0715	2.5	7.5
3992	1983	122	6652.8	9.5	14.4	1.2709	2.3	15.4
3992	1983	123	20217.6	5.7	15	1.0048	2.9	3.2
3992	1983	124	13305.6	6.5	11.9	0.9768	4	7.6
3992	1983	125	11059.2	6.4	11.5	0.9376	3.5	0
3992	1983	126	20044.8	4.1	16.9	0.9768	3.1	0
3992	1983	127	25315.2	5.5	17.7	0.9007	3.8	0
3992	1983	128	5961.6	9.9	15.3	1.1806	3.3	3.7
3992	1983	129	14428.8	9.9	15.2	1.2348	0.8	5.7
3992	1983	130	19526.4	6.5	18.1	1.1433	2	8.7
3992	1983	131	16848	7.7	15.9	1.0924	2.5	9.3
3992	1983	132	22032	8.4	18.9	1.0458	4.8	0
3992	1983	133	18230.4	10.6	17.8	1.1484	2.3	2.4
3992	1983	134	19958.4	8.6	19	1.1978	1.9	5
3992	1983	135	11232	11.6	19.5	1.5349	1.6	1.8
3992	1983	136	20217.6	13.8	25.3	1.816	2.1	0
3992	1983	137	26265.6	13.3	22.9	1.4101	3.2	0
3992	1983	138	24105.6	11.5	20.1	1.2191	4.1	0
3992	1983	139	13737.6	8	18.6	1.2053	1	2.5
3992	1983	140	24969.6	8.3	19.4	1.1543	2.3	0
3992	1983	141	22982.4	9.8	25.3	1.3221	3.7	0
3992	1983	142	6393.6	12.4	22.7	1.6026	2.9	0.2
3992	1983	143	6393.6	10.5	13.6	1.1246	3.9	3.1
3992	1983	144	6393.6	9.4	15.5	1.3133	3.3	2.2
3992	1983	145	6480	11.9	15.1	1.4066	1.6	1.3
3992	1983	146	11664	11.9	17	1.348	2.5	0
3992	1983	147	15724.8	9.5	17.3	1.1825	2.2	9.7
3992	1983	148	6480	10.5	15.1	1.3438	1.8	2.2
3992	1983	149	19008	7.4	17.9	1.1552	2.7	0.9
3992	1983	150	16761.6	8	15.6	1.0509	3.8	0
3992	1983	151	22032	6.5	19.9	1.0459	0.9	0
3992	1983	152	24019.2	8.4	26.8	1.3062	1.9	0
3992	1983	153	12873.6	17.2	23.7	1.7759	2.2	0.7
3992	1983	154	26697.6	11.8	21.8	1.2036	4.3	0
3992	1983	155	19353.6	10.1	25.5	1.3838	2.4	0
3992	1983	156	14947.2	13.3	23	1.5602	3.6	1.5
3992	1983	157	22204.8	9.3	15.1	1.0364	4.2	0
3992	1983	158	27734.4	3.7	19.5	0.7369	1.5	0
3992	1983	159	28598.4	8.6	25.5	1.087	2.6	0
3992	1983	160	19785.6	12.3	23.7	1.5043	3.1	0.5
3992	1983	161	17712	13.5	21.2	1.3847	4.2	0
3992	1983	162	26524.8	10.6	21.4	1.1621	1	0
3992	1983	163	23068.8	10.4	24.8	1.2861	2	0
3992	1983	164	10886.4	13	23.1	1.5091	2.9	0
3992	1983	165	8985.6	14.3	19.9	1.5966	2	3.2
3992	1983	166	20390.4	10.7	18.4	1.1085	4.1	0
3992	1983	167	10022.4	7.3	15.6	0.9999	4.5	0
3992	1983	168	20995.2	7.4	16.5	0.9776	2.4	0.2
3992	1983	169	13305.6	8.9	20.4	1.1989	3.8	0
3992	1983	170	28252.8	7.3	24.4	1.0431	4	0
3992	1983	171	29030.4	8.5	26	1.0811	2.7	0
3992	1983	172	28598.4	10.1	27.5	1.3433	2.6	0
3992	1983	173	28771.2	9.4	22.9	0.9349	3.4	0
3992	1983	174	29030.4	7.9	24.6	0.9225	1.5	0
3992	1983	175	27216	9.9	29.7	1.1758	1.2	0
3992	1983	176	15724.8	13.5	27	1.6356	1.8	0.1
3992	1983	177	28080	10.2	25.2	1.1325	1.8	0
3992	1983	178	15811.2	14.7	23	1.6952	2.9	2.2
3992	1983	179	23932.8	10.2	17.8	1.0857	5.3	0
3992	1983	180	13564.8	8.2	18.3	1.1101	4.6	0.9
3992	1983	181	7948.8	13.6	21.6	1.5875	2.9	0.1
3992	1983	182	7430.4	12.9	19	1.4661	2.2	0
3992	1983	183	27561.6	9.7	22.2	1.1403	1.8	0
3992	1983	184	19353.6	15	24.3	1.4619	1.8	0
3992	1983	185	21081.6	11	22.3	1.3247	2.1	0
3992	1983	186	27475.2	10.4	26.5	1.3778	1.3	0
3992	1983	187	28425.6	12.4	30.5	1.48	2	0
3992	1983	188	27993.6	15.9	31.4	1.6328	3.5	0
3992	1983	189	28771.2	12.4	28.4	1.2202	3.2	0
3992	1983	190	28339.2	11.3	29.5	1.4355	2.3	0
3992	1983	191	26956.8	12.9	31.3	1.4602	1.9	0
3992	1983	192	23932.8	14.9	30.6	1.6294	3	0
3992	1983	193	26438.4	15.8	31.5	1.7203	4.4	0
3992	1983	194	19267.2	15.8	27.3	1.6688	5.5	0
3992	1983	195	20476.8	15.4	26.9	1.6535	3.8	0
3992	1983	196	26352	12.5	27.1	1.3602	4.2	7.3
3992	1983	197	23760	18.1	26.5	1.8274	4	0
3992	1983	198	27302.4	9.7	28.4	1.3644	1.2	0
3992	1983	199	18662.4	18.8	30.6	1.7698	2.8	0.6
3992	1983	200	14601.6	17.8	28	2.0066	3.5	0.2
3992	1983	201	15897.6	10.7	20.8	1.1437	5.4	0.6
3992	1983	202	25833.6	8.9	21.1	0.9367	5.6	0
3992	1983	203	17193.6	13.8	22.1	1.4996	4.7	0
3992	1983	204	27302.4	13.4	27.6	1.4444	3.4	0
3992	1983	205	23587.2	11.9	27.7	1.3602	2.4	0
3992	1983	206	26265.6	11.3	27.4	1.278	1.5	0
3992	1983	207	26438.4	10.9	30.3	1.2595	1.1	0
3992	1983	208	17971.2	14.7	33.1	1.3911	3.1	0
3992	1983	209	19872	17.6	26.5	1.7205	4.3	0
3992	1983	210	11750.4	13.9	22	1.6434	5.1	2.1
3992	1983	211	18921.6	15.6	23.1	1.5246	5.4	0
3992	1983	212	25660.8	9.3	28.5	1.2863	1.3	0
3992	1983	213	21513.6	17.3	35.8	1.3857	5.2	11.3
3992	1983	214	20563.2	17.5	31.3	2.2264	3	1
3992	1983	215	5961.6	11.6	21.9	1.6378	5.8	23.8
3992	1983	216	5875.2	11.1	13.2	1.2877	7.2	12.9
3992	1983	217	5875.2	12.5	15.2	1.4864	3.5	5.8
3992	1983	218	18230.4	10.2	22	1.4619	2.3	0
3992	1983	219	16848	11.4	24.5	1.5407	2.4	0
3992	1983	220	17798.4	15	24.8	1.763	2.8	0
3992	1983	221	21772.8	13.9	26.8	1.7889	2.1	0
3992	1983	222	21254.4	13.9	27.8	1.771	1.8	0
3992	1983	223	21686.4	14.1	28.1	1.7234	1.5	0
3992	1983	224	17280	12.5	24.3	1.6059	4.3	0
3992	1983	225	17798.4	11.8	20.4	1.1695	5.8	0
3992	1983	226	18403.2	11.4	20.4	1.1908	3.6	0
3992	1983	227	22809.6	9.6	23.7	1.249	2.8	0
3992	1983	228	20390.4	12.6	27.2	1.3687	3.8	0
3992	1983	229	17452.8	15.3	25.2	1.6119	3.1	0
3992	1983	230	20476.8	14.3	25.4	1.5726	1.8	0
3992	1983	231	20995.2	13.3	27.8	1.5213	1.3	0
3992	1983	232	20995.2	14.9	27.7	1.6182	1.3	0
3992	1983	233	21427.2	13.9	27	1.6319	2	0
3992	1983	234	20131.2	13.5	29.4	1.6076	0.9	15.9
3992	1983	235	7430.4	16.5	25.1	1.9127	1.3	9.9
3992	1983	236	10195.2	17.5	23.9	2.0228	2	0
3992	1983	237	17107.2	14.2	22.9	1.7704	2.7	0
3992	1983	238	21081.6	10.6	24.5	1.3822	1	0
3992	1983	239	17712	11.1	24.2	1.5925	2.1	0
3992	1983	240	15552	12.8	23.4	1.5968	3.3	0
3992	1983	241	19785.6	8.4	23.2	1.2728	1.3	0
3992	1983	242	20131.2	9.2	25	1.2267	0.5	0
3992	1983	243	19785.6	9.4	27	1.1895	1.3	0
3992	1983	244	17971.2	11.8	29	1.3637	2.8	0
3992	1983	245	12700.8	16.3	25.7	1.688	1.9	0
3992	1983	246	16156.8	15.7	23.5	1.389	4.8	0.4
3992	1983	247	14256	13.4	20.1	1.2569	5.5	0
3992	1983	248	9504	12.3	21.7	1.1029	7	0
3992	1983	249	14860.8	10.2	18.4	1.0745	6.3	0.2
3992	1983	250	7948.8	7.4	14.2	0.9836	7.5	0.4
3992	1983	251	5270.4	10.2	15.3	1.0303	5.1	0
3992	1983	252	6307.2	8.4	18.8	1.1668	3.1	1.4
3992	1983	253	9417.6	13.4	21	1.6068	3.6	1.8
3992	1983	254	12268.8	12.5	20	1.3837	3.5	0
3992	1983	255	9763.2	9.8	17.6	1.0805	4	0
3992	1983	256	8726.4	9.5	16.2	1.1408	4.5	0
3992	1983	257	3801.6	6.4	15.2	1.126	4	1.1
3992	1983	258	12787.2	13.4	22.8	1.659	5.3	2.9
3992	1983	259	5097.6	13.5	20.8	1.5626	4.3	4
3992	1983	260	10281.6	11	15.5	1.3078	3.5	0.2
3992	1983	261	12700.8	9	18	1.1593	3.9	0
3992	1983	262	6652.8	12.8	21	1.3651	2.5	2.4
3992	1983	263	10195.2	11.9	18.2	1.4182	2.5	1.4
3992	1983	264	10195.2	8.1	18.3	1.1368	3.1	0.1
3992	1983	265	6048	10.3	17.4	1.2334	6.7	0.6
3992	1983	266	13305.6	6.5	16.9	1.0166	2.8	0
3992	1983	267	12787.2	6.1	22.2	1.0802	5.3	1.2
3992	1983	268	12528	9.5	20.1	1.0593	6.6	0
3992	1983	269	7603.2	7.3	15.6	1.108	3.8	0
3992	1983	270	13305.6	9.1	23.3	1.4161	3.2	0
3992	1983	271	8380.8	10.4	18.7	1.3236	2.6	0
3992	1983	272	12355.2	3.3	16.3	0.8717	1.6	0
3992	1983	273	12441.6	5.8	14	0.8166	4.6	0
3992	1983	274	12700.8	-1.2	12.7	0.6523	1	0
3992	1983	275	6566.4	1.4	13.4	0.813	4.5	2.1
3992	1983	276	3801.6	10.7	16.8	1.3982	2.9	6.8
3992	1983	277	6480	14.5	21.5	1.8134	3.2	0
3992	1983	278	10540.8	15.4	21.5	1.3778	6.4	0
3992	1983	279	7776	11.2	15.9	1.132	7.6	0
3992	1983	280	2678.4	7.7	14.8	1.0534	5.8	1.1
3992	1983	281	7776	8.3	14.4	1.0738	6.7	14.7
3992	1983	282	9158.4	6.7	12.9	1.017	6.5	3.9
3992	1983	283	2592	4.9	13.5	1.0349	4.4	1.5
3992	1983	284	8380.8	8.1	14	1.0396	7	2.1
3992	1983	285	6739.2	7.1	11.8	0.8987	6.8	2.5
3992	1983	286	8208	8.7	16.5	1.0202	5	0
3992	1983	287	7430.4	10.4	17.5	1.13	3.7	0
3992	1983	288	2851.2	6.3	13.9	1.1117	3.3	1.1
3992	1983	289	2332.8	8	16.3	0.9764	6.6	0
3992	1983	290	6307.2	7.4	12.3	0.8503	7.4	0
3992	1983	291	6220.8	7.3	12.8	0.9479	6.6	0
3992	1983	292	4924.8	9.3	14.5	1.0718	7.4	1
3992	1983	293	8121.6	6.1	12	0.8864	7	1
3992	1983	294	8380.8	2.5	11.3	0.8155	5.1	0
3992	1983	295	2073.6	2.5	9.5	0.8039	3.9	0
3992	1983	296	6393.6	4.4	10.1	0.764	3.3	0
3992	1983	297	5184	-0.8	9.9	0.7183	2.6	0
3992	1983	298	5788.8	-2	8.2	0.5876	2.9	0
3992	1983	299	1900.8	4.9	11.9	0.9144	7.1	0
3992	1983	300	5616	7.6	15	1.0569	4.4	0
3992	1983	301	3801.6	7	12	0.9374	4.6	0
3992	1983	302	4924.8	0.2	7.1	0.7537	1.8	0
3992	1983	303	3196.8	1.4	5.3	0.6835	3.8	0.7
3992	1983	304	2764.8	1.8	9.9	0.7678	6.4	1.2
3992	1983	305	2419.2	7.3	10.7	0.8375	6	0
3992	1983	306	5270.4	5.2	13.5	0.9632	3.5	0.1
3992	1983	307	5270.4	-0.1	11.9	0.7798	3.3	0
3992	1983	308	1641.6	3.1	8.6	0.8696	2.1	0
3992	1983	309	4492.8	1.9	13.3	0.9494	1	0
3992	1983	310	1555.2	4.9	9.2	0.9747	1.5	0
3992	1983	311	1555.2	3.7	7.2	0.8908	2.1	0
3992	1983	312	1987.2	4.6	7.9	0.9225	2.3	0
3992	1983	313	5788.8	1.5	13.7	0.9181	0.8	0
3992	1983	314	1468.8	0.4	8.7	0.8282	0.9	0
3992	1983	315	5616	0.5	7.8	0.7067	3.7	0
3992	1983	316	5011.2	-4.1	4.6	0.4978	2.2	0
3992	1983	317	5184	-3.6	2.6	0.5008	1.4	0
3992	1983	318	3974.4	-5.4	1.6	0.4094	3.8	0.3
3992	1983	319	1296	-2	2.4	0.5641	7.7	0.5
3992	1983	320	1900.8	0.8	4.1	0.6631	3.7	0
3992	1983	321	4838.4	-2.1	4	0.5629	1.4	0
3992	1983	322	3628.8	-5.3	1.8	0.4838	3.5	0.3
3992	1983	323	1209.6	1.2	4.5	0.7197	3.3	0.1
3992	1983	324	1209.6	4	5.6	0.7396	6.2	2.6
3992	1983	325	3801.6	-0.2	4.8	0.62	6.5	0
3992	1983	326	4320	-3.6	1.6	0.4885	6.3	0.7
3992	1983	327	4579.2	-2.2	3.8	0.518	3.8	0
3992	1983	328	2160	-3	3.3	0.5683	3.3	0
3992	1983	329	1123.2	-1.1	5.2	0.6445	4.2	4.8
3992	1983	330	1123.2	4.8	13.3	1.036	7	6.3
3992	1983	331	2937.6	8.8	13.7	1.1334	5.4	13.6
3992	1983	332	1036.8	2.2	10.9	0.8641	7.7	0.4
3992	1983	333	1555.2	0.4	2.7	0.6218	4.5	3
3992	1983	334	1036.8	-0.6	3.4	0.6152	5.5	1.7
3992	1983	335	3283.2	-1.9	0.4	0.4744	4.4	0
3992	1983	336	2073.6	-6.7	-1	0.4092	2	0
3992	1983	337	2592	-8.2	-3.4	0.3491	3.2	0
3992	1983	338	1555.2	-5.8	3	0.4247	4.1	0
3992	1983	339	2160	-2.4	7	0.3461	6.3	0
3992	1983	340	950.4	1.8	5.4	0.6878	4.8	1.3
3992	1983	341	1382.4	-0.7	2.7	0.5912	4.7	0.7
3992	1983	342	950.4	-5.1	0.2	0.4747	4.9	3.2
3992	1983	343	950.4	-0.8	1.5	0.5954	6.1	8.9
3992	1983	344	950.4	-1.6	3.8	0.6153	6.8	1.4
3992	1983	345	3369.6	-6.2	-1.6	0.3985	2.9	0
3992	1983	346	3283.2	-7.3	-2.6	0.3766	2.6	0
3992	1983	347	3542.4	-8.4	-5.3	0.3038	2.2	0
3992	1983	348	2419.2	-10.5	-5.5	0.3013	3	0
3992	1983	349	3110.4	-8	-2.8	0.3681	5	0
3992	1983	350	2592	-7.7	-2.5	0.3473	3.6	0
3992	1983	351	1814.4	-7.7	-1	0.3941	1.3	0
3992	1983	352	950.4	-6.2	1.5	0.4988	2.2	3.4
3992	1983	353	950.4	-1.4	1	0.5901	2.2	0.3
3992	1983	354	1123.2	0.2	3.3	0.6655	2.4	0
3992	1983	355	950.4	-1	3	0.6109	3.3	0
3992	1983	356	950.4	-0.8	3	0.6351	2.8	3.4
3992	1983	357	950.4	0.4	6.6	0.7065	6.3	1.4
3992	1983	358	2246.4	0.6	6.6	0.7036	3.5	5.3
3992	1983	359	950.4	2.5	10.1	0.8684	6.2	5.4
3992	1983	360	950.4	5.6	8.9	0.9168	5.3	2.5
3992	1983	361	1728	-0.9	6	0.6312	7.1	2.1
3992	1983	362	950.4	4.1	10.9	0.943	9.3	3.2
3992	1983	363	3628.8	3.2	10	0.8671	4.4	0
3992	1983	364	950.4	3.8	9.5	0.7821	6.9	0
3992	1983	365	950.4	2.4	5.6	0.6912	8.3	2.3
