*---------------------------------------------------------------------------*
* Station name: ANGERMUNDE                              
* Year: 1995
* Author: Pedro Alencar                                   -999.000: NIL VALUE
* Source: ECAD 
* Comments: 
* Longitude: 53.0331, latitude: 53.0331, altitude: 54 m.
*
* Column  Daily value
* 1       station number
* 2       year
* 3       day
* 4       irradiation                   (kJ m-2 d-1)
* 5       minimum temperature           (degrees Celsius)
* 6       maximum temperature           (degrees Celsius)
* 7       early morning vapour pressure (kPa)
* 8       mean wind speed (height: 2 m) (m s-1)
* 9       precipitation                 (mm d-1)
*
** WCCDESCRIPTION=GERMANY, ANGERMUNDE                              
** WCCFORMAT=2
** WCCYEARNR=1995
*---------------------------------------------------------------------------*
   53.0331  13.9931    54.  -0.18 -0.55
3992	1995	1	2160	0.1	4.9	0.5704	8.4	0.2
3992	1995	2	1641.6	-1.7	0.9	0.5341	5.1	0.9
3992	1995	3	3801.6	-3.4	0.8	0.4445	4.3	0
3992	1995	4	3715.2	-8.8	-1.6	0.3737	1.2	0
3992	1995	5	2937.6	-8.7	-3.7	0.327	4	0
3992	1995	6	3801.6	-10.2	-4.2	0.2993	3.5	0
3992	1995	7	1036.8	-10.6	-3.3	0.3341	1.2	0
3992	1995	8	1641.6	-6.5	-3.2	0.388	4.4	0.2
3992	1995	9	1036.8	-6.2	1.6	0.4955	4.9	2.6
3992	1995	10	1036.8	1	3.7	0.5716	10.5	1.2
3992	1995	11	1036.8	0.2	2.5	0.6197	8.5	2.5
3992	1995	12	1641.6	-1.3	1	0.5258	8	0
3992	1995	13	3110.4	-5.5	0.1	0.4159	4.8	0
3992	1995	14	1123.2	-5.6	1.4	0.4924	3.4	0
3992	1995	15	1123.2	1.3	3.9	0.7218	3.5	0
3992	1995	16	1814.4	1.6	4.1	0.7422	3.5	0
3992	1995	17	4579.2	-1	2.2	0.5552	5.8	0
3992	1995	18	4233.6	-1.5	3.6	0.4483	6.8	0
3992	1995	19	1209.6	-3.5	0.2	0.482	5.7	0.5
3992	1995	20	2073.6	-2.9	1	0.4789	6.6	2.9
3992	1995	21	2073.6	0.2	3.4	0.6679	3.6	4.4
3992	1995	22	1296	-0.4	5.6	0.6923	6.5	7.1
3992	1995	23	2851.2	3.3	10.3	0.7112	9.2	3.4
3992	1995	24	2419.2	3.7	6.1	0.7188	10.2	0.2
3992	1995	25	1641.6	2	4.7	0.6991	4.9	3.7
3992	1995	26	1641.6	1.3	12.2	0.8268	6.4	4.6
3992	1995	27	3628.8	0.5	11.4	0.8104	8.7	0
3992	1995	28	1468.8	0.2	8.3	0.7696	6.8	6.4
3992	1995	29	2073.6	5.8	7.8	0.9186	5.7	1.6
3992	1995	30	3196.8	-1.8	7.8	0.6517	5.5	0
3992	1995	31	4752	-2.8	1.5	0.4953	3.7	0.1
3992	1995	32	1555.2	0	10.8	0.6905	7.6	0.7
3992	1995	33	2764.8	1.5	10.7	0.7624	6.6	0
3992	1995	34	4406.4	-2.4	4.5	0.5208	4.2	0
3992	1995	35	1641.6	2.3	7.4	0.7508	7.1	3.6
3992	1995	36	4492.8	4.2	8.2	0.7393	7.8	0
3992	1995	37	1728	4.9	10.3	0.9599	7.6	0
3992	1995	38	1728	4.2	10.4	0.9199	9.5	6.1
3992	1995	39	2505.6	-0.5	4.3	0.6656	5.3	1.4
3992	1995	40	6134.4	-3.2	2.2	0.4831	5.6	0
3992	1995	41	6825.6	-2.6	3.3	0.5139	4.4	3.7
3992	1995	42	1900.8	-0.7	6	0.7096	3.1	2.5
3992	1995	43	5011.2	5.9	11.2	0.8681	7.8	0
3992	1995	44	6480	2	12.2	0.7965	4.3	0.1
3992	1995	45	2419.2	4.8	11.1	0.9296	5	0.5
3992	1995	46	2419.2	3	8.9	0.8384	6	7.6
3992	1995	47	7862.4	4.5	10.5	0.8083	7.2	4.4
3992	1995	48	4233.6	3.5	8.2	0.7401	8.9	1.1
3992	1995	49	4147.2	3.3	6.8	0.7614	6.2	0.8
3992	1995	50	4233.6	2.1	7.3	0.743	5.6	7.5
3992	1995	51	7516.8	3.9	9.4	0.6843	7.7	0.5
3992	1995	52	7516.8	2.1	14.1	0.8851	5.5	6.2
3992	1995	53	8294.4	3.3	8.9	0.6683	7.6	0
3992	1995	54	5356.8	0.1	5.8	0.5587	5.5	0.1
3992	1995	55	5788.8	1	5.9	0.6806	3.2	0.8
3992	1995	56	3974.4	1.7	5.4	0.6617	2.3	0.8
3992	1995	57	3888	-1.8	3.6	0.613	2.4	0
3992	1995	58	6220.8	-2	5.5	0.5476	3.7	2.9
3992	1995	59	2592	1.1	9.9	0.8397	9.5	0.3
3992	1995	60	2678.4	7.5	10.6	0.8403	7.2	0.2
3992	1995	61	8380.8	2	10.4	0.7298	5.5	1.4
3992	1995	62	5875.2	0.4	8.2	0.7308	4.5	2
3992	1995	63	9504	0	5.8	0.5793	4	0
3992	1995	64	11836.8	-2.6	7.1	0.5101	4.6	0
3992	1995	65	6998.4	0.5	8.6	0.7014	5.6	0
3992	1995	66	9072	-0.2	7.2	0.6359	3.7	0
3992	1995	67	12441.6	-1.8	8.5	0.536	4.4	0
3992	1995	68	8985.6	-0.9	7.4	0.6479	2.8	0
3992	1995	69	13392	-2.8	9.8	0.5809	1.8	0
3992	1995	70	11318.4	-3	4.5	0.587	3.3	0
3992	1995	71	7516.8	-4.3	7.8	0.5892	3.7	0
3992	1995	72	3283.2	0.4	5	0.6008	5.4	0
3992	1995	73	10022.4	-5.8	1.6	0.3457	6.3	0
3992	1995	74	5270.4	-4	3.7	0.4775	5.5	0.2
3992	1995	75	3369.6	-0.2	2.5	0.6374	3.8	1.5
3992	1995	76	5356.8	-0.8	7.9	0.6617	7.1	4
3992	1995	77	10454.4	3.5	9.8	0.743	10.2	0.6
3992	1995	78	10022.4	0.8	6.5	0.6426	6.6	2.3
3992	1995	79	7516.8	1	6.8	0.6379	9.6	3.1
3992	1995	80	11664	1.4	8.3	0.6127	7.4	0.1
3992	1995	81	12355.2	-2.1	8	0.5059	5.9	1.6
3992	1995	82	10713.6	3.4	12	0.7668	6.6	0
3992	1995	83	14256	3.8	15	0.7425	6	1.2
3992	1995	84	8640	2.4	8.7	0.7611	9.5	6.3
3992	1995	85	10713.6	2.2	9.4	0.673	8.3	7.6
3992	1995	86	7430.4	-0.9	6.2	0.6061	8.1	0.7
3992	1995	87	4838.4	-1.8	1.8	0.4949	7.6	1.2
3992	1995	88	9763.2	-0.6	4.6	0.5434	4.4	0
3992	1995	89	15811.2	-2.8	8.1	0.5322	4.2	0
3992	1995	90	11318.4	-1.8	8.6	0.6236	4.2	3.6
3992	1995	91	13910.4	3.3	11	0.779	8.2	0
3992	1995	92	11232	4.5	16.7	0.9068	9.1	0
3992	1995	93	6393.6	6.8	13.1	0.9905	7.5	0.8
3992	1995	94	12268.8	2.9	9.6	0.6087	8.3	2.1
3992	1995	95	16502.4	-1.4	9	0.5292	3.4	0.2
3992	1995	96	7948.8	5.9	13.6	0.8808	5.8	0.2
3992	1995	97	5961.6	5.5	10.7	0.8851	7.3	3.9
3992	1995	98	13996.8	1.4	7.4	0.485	6.9	0.4
3992	1995	99	16934.4	-0.1	8.5	0.5608	3.8	0
3992	1995	100	17884.8	-1.9	9.7	0.5006	1.9	2.8
3992	1995	101	4752	2.5	6.8	0.7744	1.6	0.1
3992	1995	102	10022.4	2.4	10.2	0.8207	2.9	0
3992	1995	103	7862.4	0.7	6.8	0.7031	4.9	0
3992	1995	104	21254.4	-0.4	14.1	0.7433	4.6	0
3992	1995	105	15033.6	0	15.5	0.8432	2.4	6
3992	1995	106	8812.8	2.6	8.3	0.8008	4.1	1.7
3992	1995	107	8553.6	1.3	7.1	0.7339	5	2.1
3992	1995	108	8812.8	3.1	12.8	0.9296	5.9	4.7
3992	1995	109	5097.6	1.8	8.4	0.7025	2.9	11.4
3992	1995	110	10195.2	4	8.6	0.8303	4.1	0
3992	1995	111	9936	1.3	9.5	0.7801	3.8	0
3992	1995	112	22204.8	3.9	25.7	0.9752	5	0
3992	1995	113	23068.8	12.7	26.5	1.2296	4.8	0
3992	1995	114	21427.2	11.1	21.9	1.1247	6.6	0
3992	1995	115	21686.4	11.8	22.9	1.0484	7.2	0.1
3992	1995	116	21686.4	6.4	17.2	1.1339	5.1	0
3992	1995	117	5529.6	5.7	7.7	0.9123	5	0
3992	1995	118	6566.4	5.3	9.7	0.7564	5	0
3992	1995	119	23673.6	-0.1	12.7	0.6012	2.3	0
3992	1995	120	22809.6	1.7	16.8	0.7117	2.7	0
3992	1995	121	22291.2	5.5	16	0.8127	2.8	0
3992	1995	122	25142.4	2.5	15.6	0.5871	1.9	0
3992	1995	123	24883.2	2.9	19.2	0.7237	1.6	0
3992	1995	124	23155.2	8	20.8	1.0487	3.6	0
3992	1995	125	23241.6	8	22.4	1.2421	2.7	0
3992	1995	126	24192	10	19.9	1.0356	5.3	0
3992	1995	127	22809.6	6.6	16.8	0.9341	5.4	0
3992	1995	128	14774.4	7.1	18.1	1.0931	3.9	2
3992	1995	129	9158.4	6.3	11.6	0.9833	5.9	2.2
3992	1995	130	16329.6	2.5	12	0.764	2.3	0.2
3992	1995	131	18144	2.6	13.2	0.8412	2	0.8
3992	1995	132	15638.4	1.7	13.7	0.9454	3.9	2.9
3992	1995	133	6134.4	6.1	9.5	1.0153	8.6	15.8
3992	1995	134	15033.6	5.3	11.9	0.7705	9.7	0
3992	1995	135	22464	2.9	13.1	0.7398	5.1	0.2
3992	1995	136	18921.6	6.1	14.6	0.8415	2.7	0.1
3992	1995	137	11491.2	7.7	14.8	1.1601	3.6	1
3992	1995	138	8640	8.9	13.3	1.043	5	8.6
3992	1995	139	18403.2	5.6	12.5	0.9094	3.3	0
3992	1995	140	21686.4	2.7	16.5	0.7645	0.8	0
3992	1995	141	24278.4	4.3	13.9	0.797	3.8	0
3992	1995	142	27561.6	2.2	16.5	0.7753	2.5	0
3992	1995	143	24192	3.3	20.2	0.7718	2.1	0
3992	1995	144	28252.8	9.2	22.7	0.9593	2.9	0
3992	1995	145	28339.2	5.7	24	0.9952	2.7	0
3992	1995	146	25056	6.4	26.2	1.1105	2	0
3992	1995	147	21600	14.7	28.3	1.7917	4.1	2
3992	1995	148	24537.6	12.9	24.3	1.5833	2.9	0
3992	1995	149	27820.8	12.6	27.4	1.4939	3.2	14
3992	1995	150	9936	15.5	20.1	1.9333	3.5	19.2
3992	1995	151	6566.4	13.6	17.1	1.6722	3.4	0
3992	1995	152	6652.8	11.9	17.3	1.61	3.2	7
3992	1995	153	6652.8	9.6	11.9	1.2512	5.8	10.5
3992	1995	154	23155.2	7.5	19.2	1.1939	2.2	0
3992	1995	155	12787.2	11.1	22.3	1.4808	2.1	0.1
3992	1995	156	24019.2	11	21.3	1.3199	1.8	8
3992	1995	157	11664	12	19.3	1.5093	1.4	1.7
3992	1995	158	12787.2	12.8	18.9	1.5826	2.4	2.2
3992	1995	159	21686.4	10.2	17.7	1.1141	3.9	0
3992	1995	160	6739.2	8.7	13.8	1.1868	1.4	5.7
3992	1995	161	20304	8.3	19.4	1.2966	3	0
3992	1995	162	9244.8	8.6	14.8	1.2913	2	7
3992	1995	163	14601.6	8.5	17.8	1.39	1.2	7.7
3992	1995	164	6739.2	11.1	13.3	1.3913	5	25.6
3992	1995	165	23673.6	9.7	20.3	1.2433	4	0
3992	1995	166	8294.4	9.7	15.6	1.2575	1.8	1.8
3992	1995	167	19180.8	9	18.6	1.3712	3	3
3992	1995	168	16070.4	9.9	18.6	1.2982	3.9	0.2
3992	1995	169	15465.6	12.2	19	1.4868	4.2	0.1
3992	1995	170	20649.6	8.6	20.5	1.1416	4.2	0
3992	1995	171	21513.6	9.7	24.8	1.3956	1.7	0
3992	1995	172	13132.8	14.3	22.3	1.8269	1.5	12.3
3992	1995	173	13651.2	9.9	16	1.2676	3.7	6.8
3992	1995	174	11404.8	8.4	15.7	1.2793	3.1	0
3992	1995	175	18403.2	11.8	19.6	1.6032	4	3.4
3992	1995	176	27561.6	13.8	22.2	1.5456	5.9	0
3992	1995	177	29203.2	12.2	23.8	1.5868	5.3	0
3992	1995	178	28684.8	13	25.3	1.5943	4.1	0
3992	1995	179	28944	8.7	23.9	1.166	1.9	0
3992	1995	180	29030.4	14.8	25.1	1.6056	4.3	0
3992	1995	181	26956.8	12.3	25.3	1.4299	3	0
3992	1995	182	24796.8	12.6	21.2	1.3651	4	0
3992	1995	183	26179.2	8.1	21.7	1.1507	2.1	9.2
3992	1995	184	12614.4	14.8	21.2	1.8547	3.8	0.2
3992	1995	185	19526.4	11.7	17.8	1.2067	6.6	0.2
3992	1995	186	21254.4	11.4	18.9	1.2209	5.5	0
3992	1995	187	15724.8	11.5	22	1.295	2.3	0
3992	1995	188	28339.2	14.3	27	1.4578	2	0
3992	1995	189	28080	15.1	29.8	1.6543	1.8	0
3992	1995	190	27734.4	15.6	31.5	1.8549	3	0
3992	1995	191	24192	16.1	30.2	2.2634	4	0
3992	1995	192	24364.8	14.9	27.8	2.0036	4.1	0
3992	1995	193	27561.6	15.5	29.9	1.8998	2.3	0
3992	1995	194	24192	17.5	31.8	2.2908	1.8	1.2
3992	1995	195	23414.4	17.2	28.9	2.1936	1.5	0.6
3992	1995	196	18576	18.9	27.4	2.2917	1.9	0
3992	1995	197	16070.4	15.3	25.5	1.9379	2.9	25.8
3992	1995	198	19612.8	15.5	23.6	1.9749	3.7	0.1
3992	1995	199	13910.4	16.1	21.9	1.7989	3.9	0.3
3992	1995	200	16761.6	16.2	24.1	1.9318	5.4	0
3992	1995	201	25315.2	14.2	25.5	1.7807	2.8	0
3992	1995	202	25920	18.6	31.7	2.1368	3.6	0
3992	1995	203	11923.2	17.4	24.8	1.9482	4	0.6
3992	1995	204	18921.6	13.4	20.3	1.3991	3.3	0
3992	1995	205	24364.8	10.4	24.8	1.266	2	0
3992	1995	206	26265.6	12.6	23	1.4449	3.3	0
3992	1995	207	26870.4	8.3	25.5	1.1151	2.8	0
3992	1995	208	26438.4	12	28.1	1.3112	3.6	0
3992	1995	209	23328	14.5	28.5	1.4334	2.2	0
3992	1995	210	26265.6	13.2	29.2	1.3822	2.2	0
3992	1995	211	25747.2	13.7	31.2	1.5458	2.1	0
3992	1995	212	24364.8	14.4	29.5	1.6837	3.7	0
3992	1995	213	25401.6	14	26.9	1.4639	4.2	0
3992	1995	214	24278.4	12.6	26	1.5422	3.1	0
3992	1995	215	22723.2	11.6	28.8	1.5124	3.9	0
3992	1995	216	13737.6	16.8	26	2.0606	4.5	0
3992	1995	217	22204.8	14.2	26.9	1.7145	1.8	0
3992	1995	218	24796.8	11.3	28.5	1.2991	1.5	0
3992	1995	219	24278.4	15.4	26	1.5354	4.7	0
3992	1995	220	24019.2	12.1	23.8	1.1915	4.6	0
3992	1995	221	24451.2	7.1	23.8	0.9642	1.6	0
3992	1995	222	24451.2	9.4	27.6	1.0632	3	0
3992	1995	223	23587.2	10.9	27.6	1.4928	1.8	0
3992	1995	224	24192	11.5	28.9	1.1107	1.4	0
3992	1995	225	20304	14.8	31.1	1.2579	2.8	0
3992	1995	226	10972.8	15.6	24	1.5216	4.4	0
3992	1995	227	13651.2	11.6	22.5	1.3393	3.9	0
3992	1995	228	16243.2	12.2	24.7	1.6957	2.5	0
3992	1995	229	20131.2	12.5	27	1.5859	1.2	0
3992	1995	230	21168	12.9	29.1	1.5888	1.8	0
3992	1995	231	20649.6	13.9	30.4	1.6777	1.5	0
3992	1995	232	20476.8	14.8	31.3	1.5749	2.4	0
3992	1995	233	19180.8	14.7	29	1.8304	3.4	0
3992	1995	234	22032	12.3	28.6	1.2719	2.2	0
3992	1995	235	20649.6	12.1	31	1.5148	2.1	0
3992	1995	236	14515.2	16.8	26.2	1.9965	3.5	0
3992	1995	237	15897.6	14.6	25	1.4294	4	0
3992	1995	238	11059.2	15.2	20.6	1.5154	6.4	3.2
3992	1995	239	10281.6	11.3	18.5	1.4384	4.4	1.5
3992	1995	240	5788.8	10.3	16.5	1.3667	2.6	6.3
3992	1995	241	11059.2	8.7	16.6	1.2137	5	5.8
3992	1995	242	13392	8.3	16.8	1.0605	5.7	1.7
3992	1995	243	4752	9.4	13.1	1.2268	7.5	44.7
3992	1995	244	6307.2	11.2	16	1.4157	5.8	0.4
3992	1995	245	10281.6	10.4	17.9	1.4349	3	2.2
3992	1995	246	4320	10.5	15.3	1.3377	4.6	0.7
3992	1995	247	6652.8	11.4	15.6	1.2829	6.7	0.6
3992	1995	248	10713.6	11.4	18.9	1.5133	3.6	0
3992	1995	249	13392	8.1	20.5	1.4489	1.4	0
3992	1995	250	17712	8.5	23.2	1.3129	2.7	0
3992	1995	251	6566.4	10.6	17.9	1.4605	2.4	1
3992	1995	252	7430.4	12.5	19.1	1.6135	3.1	1.5
3992	1995	253	14083.2	12.8	20.5	1.5329	3	0
3992	1995	254	9072	10.9	20.8	1.5287	2.2	0.5
3992	1995	255	15033.6	11.9	21.2	1.5044	3	0
3992	1995	256	11404.8	10.3	23.5	1.4997	4.1	0
3992	1995	257	3801.6	14.2	18.4	1.6842	3.2	0
3992	1995	258	3801.6	11.1	17.7	1.4255	1.9	0
3992	1995	259	9244.8	11.4	19.2	1.4932	0.9	0
3992	1995	260	12096	8.7	20.3	1.4348	1.3	0
3992	1995	261	10281.6	11.7	18.2	1.4091	3.6	0
3992	1995	262	3542.4	8.8	13.2	1.1804	4	0.1
3992	1995	263	3542.4	9.3	12.9	1.2939	4.3	13.1
3992	1995	264	12182.4	8	16.7	1.2044	4.2	0
3992	1995	265	12873.6	4.5	18.1	1.1639	2.3	0
3992	1995	266	8380.8	11.1	17.9	1.4677	3.5	0
3992	1995	267	11404.8	11.5	19	1.4365	4	0
3992	1995	268	12700.8	9.2	19	1.366	3.2	0
3992	1995	269	4492.8	10	16.2	1.2499	6	10.9
3992	1995	270	3196.8	10.4	13.2	1.3413	3.8	2.2
3992	1995	271	11577.6	6.5	11.2	0.8972	10	2
3992	1995	272	8899.2	4.7	9.8	0.9066	6.5	3
3992	1995	273	10540.8	3.4	11.4	0.8645	6.5	0.7
3992	1995	274	9849.6	2.4	11.8	0.7864	4.3	2
3992	1995	275	11491.2	7.1	16.6	1.1793	4	0
3992	1995	276	10195.2	6.4	19.6	1.1969	3	0
3992	1995	277	9072	12.1	20.9	1.6683	3.3	0
3992	1995	278	10195.2	12.7	21.9	1.6761	3.7	0.6
3992	1995	279	8208	12.9	18.6	1.5904	2.2	0
3992	1995	280	8553.6	13.2	20.7	1.5237	3	0.1
3992	1995	281	2678.4	13.2	19.5	1.7082	1.8	1.9
3992	1995	282	10972.8	9.5	22.5	1.5434	2	0
3992	1995	283	11232	11.4	24.2	1.7705	1.9	0
3992	1995	284	7689.6	10.1	21.9	1.6523	0.9	0
3992	1995	285	2505.6	11.3	14.9	1.5059	1.6	0
3992	1995	286	2419.2	14.1	16.8	1.6479	0.5	0
3992	1995	287	2419.2	13.6	15.3	1.5617	1.3	0
3992	1995	288	5961.6	11.8	16.3	1.3936	2.6	0
3992	1995	289	6739.2	7.9	16.8	1.3191	1.1	0
3992	1995	290	2246.4	11.8	14.5	1.4806	3	0.1
3992	1995	291	4147.2	9.3	16.7	1.3016	5	0
3992	1995	292	5702.4	6.7	13.5	1.0129	6.6	0.6
3992	1995	293	5616	7	12.7	1.0811	6.8	4.1
3992	1995	294	8553.6	2.4	11.3	0.8524	4.8	0
3992	1995	295	8812.8	-1.4	10.3	0.6882	2.2	0
3992	1995	296	8380.8	0.8	12.3	0.8058	3	0
3992	1995	297	8640	3.6	15.4	0.9374	3.3	0
3992	1995	298	8294.4	1.2	15.3	0.8179	3.6	0
3992	1995	299	5961.6	4.4	12.7	1.0684	2.3	0
3992	1995	300	5270.4	8.4	17.5	1.2228	3.9	0.6
3992	1995	301	7344	5.7	15.9	1.0871	2.9	0
3992	1995	302	6566.4	1.4	12	0.9025	1	0
3992	1995	303	4147.2	1.6	10.5	0.863	1.8	0.2
3992	1995	304	6393.6	-0.2	9.8	0.7912	3.5	4.2
3992	1995	305	2246.4	4.9	9.7	0.9711	5	5.2
3992	1995	306	3196.8	0.4	4.9	0.6726	4.3	1.7
3992	1995	307	3542.4	-0.3	6.7	0.6763	7.3	14.6
3992	1995	308	3369.6	-0.1	2.8	0.6197	7.4	1.3
3992	1995	309	6825.6	-1.9	2.9	0.4815	5	0
3992	1995	310	1555.2	-1.2	7.6	0.7071	7.3	10
3992	1995	311	6307.2	-2.6	7.7	0.5945	3	0
3992	1995	312	6048	-4.6	4.5	0.4992	1.3	0.3
3992	1995	313	1468.8	0.8	4.6	0.7344	1.9	0.2
3992	1995	314	1468.8	4.6	9.4	1.0014	2.6	0
3992	1995	315	1728	3.5	7.3	0.8519	2.9	0
3992	1995	316	5443.2	-0.3	7.4	0.6617	4.2	0
3992	1995	317	5875.2	-3	3	0.5621	1.4	0
3992	1995	318	1296	-0.5	3.9	0.6493	2.1	0.1
3992	1995	319	2592	3.9	8.9	0.8264	4.1	0.2
3992	1995	320	3801.6	7.2	10.5	1.0108	4.8	0.3
3992	1995	321	5184	-0.7	10.1	0.5637	9	0
3992	1995	322	4147.2	-2.2	1.6	0.4484	7.4	1.2
3992	1995	323	3456	0.2	4.3	0.625	5.7	1.3
3992	1995	324	5270.4	-2.9	2.9	0.4827	4.8	0
3992	1995	325	5184	-5.1	1.3	0.4572	2.6	0
3992	1995	326	5011.2	-5	0.5	0.4144	3.8	0
3992	1995	327	1123.2	-3.2	4.8	0.6151	2.6	0
3992	1995	328	1123.2	3.5	6.2	0.8026	3.5	0
3992	1995	329	2592	-0.8	3.8	0.64	3.1	0
3992	1995	330	4320	-2.8	2	0.5341	2.7	0
3992	1995	331	4406.4	-3.5	2.7	0.5044	2.1	0
3992	1995	332	1036.8	-3.1	1.5	0.5476	3.4	0
3992	1995	333	1036.8	-0.7	2	0.5956	4.1	0
3992	1995	334	1036.8	-4.6	-0.7	0.4476	2.4	0
3992	1995	335	3628.8	-6.4	-1.5	0.397	2.8	0
3992	1995	336	1036.8	-4.8	-1.5	0.4167	2.9	0
3992	1995	337	1814.4	-5.1	-1.2	0.4361	2.9	0
3992	1995	338	1036.8	-3.6	-0.4	0.3588	5.7	0
3992	1995	339	3715.2	-7.6	-2.7	0.3001	7.5	0
3992	1995	340	950.4	-8	-5.3	0.3048	6.1	0
3992	1995	341	950.4	-5.3	-2.7	0.4001	4.8	9.5
3992	1995	342	2246.4	-6.3	1	0.4627	1.9	0
3992	1995	343	950.4	-5.6	-1.1	0.4439	0.4	0
3992	1995	344	950.4	-1.2	1.1	0.5723	3.1	0.2
3992	1995	345	1209.6	0.4	3.1	0.6516	4.6	0.2
3992	1995	346	950.4	-0.3	2	0.5523	4.3	0
3992	1995	347	950.4	-1.1	-0.1	0.5439	0.8	0.2
3992	1995	348	950.4	-4.1	1.3	0.4964	3.9	0.2
3992	1995	349	3542.4	-9.1	-3	0.3464	1.1	0
3992	1995	350	2246.4	-9.5	-4.8	0.3254	2.2	0
3992	1995	351	950.4	-9.9	-3.1	0.3459	0.5	0
3992	1995	352	950.4	-3.3	-0.8	0.4942	1.1	0
3992	1995	353	950.4	-2	0.7	0.5419	3.2	0
3992	1995	354	1209.6	-7.6	1.4	0.4037	3.6	0.1
3992	1995	355	3456	-10.7	-3	0.3148	2.5	0
3992	1995	356	2073.6	-11.3	0.6	0.3777	1.5	8
3992	1995	357	950.4	-0.8	8.5	0.7644	5.4	5.3
3992	1995	358	950.4	-5.7	5.5	0.5399	3.2	0.2
3992	1995	359	950.4	-6.9	-0.6	0.4216	2.8	3
3992	1995	360	2851.2	-9.4	-1.1	0.3847	2.2	0.6
3992	1995	361	1555.2	-14	-6.2	0.2726	0.5	0
3992	1995	362	950.4	-9.9	-6.1	0.3147	1.1	0
3992	1995	363	3196.8	-13.1	-7.2	0.2489	0.7	0
3992	1995	364	3628.8	-20.9	-10.4	0.1592	1.2	0
3992	1995	365	2937.6	-16.3	-11	0.1813	4.1	0
