*---------------------------------------------------------------------------*
* Station name: ANGERMUNDE                              
* Year: 2019
* Author: Pedro Alencar                                   -999.000: NIL VALUE
* Source: ECAD 
* Comments: 
* Longitude: 53.0331, latitude: 53.0331, altitude: 54 m.
*
* Column  Daily value
* 1       station number
* 2       year
* 3       day
* 4       irradiation                   (kJ m-2 d-1)
* 5       minimum temperature           (degrees Celsius)
* 6       maximum temperature           (degrees Celsius)
* 7       early morning vapour pressure (kPa)
* 8       mean wind speed (height: 2 m) (m s-1)
* 9       precipitation                 (mm d-1)
*
** WCCDESCRIPTION=GERMANY, ANGERMUNDE                              
** WCCFORMAT=2
** WCCYEARNR=2019
*---------------------------------------------------------------------------*
   53.0331  13.9931    54.  -0.18 -0.55
3992	2019	1	1987.2	2.8	8	0.7443	9.1	2.2
3992	2019	2	2419.2	-1.3	4.1	0.4529	7.6	0.7
3992	2019	3	1814.4	-4	1.9	0.4697	4.6	2.4
3992	2019	4	950.4	-1.4	4.8	0.6493	4.8	1
3992	2019	5	1036.8	1.8	6.4	0.7697	4.1	0.2
3992	2019	6	1036.8	-1.5	2.4	0.5808	2.6	0
3992	2019	7	1036.8	-1.9	5.3	0.6769	3.1	3
3992	2019	8	1036.8	1.9	6.2	0.7507	7.3	7.2
3992	2019	9	1036.8	0.7	3.4	0.6799	7.1	3.9
3992	2019	10	2851.2	-2.2	2.2	0.5438	4	0
3992	2019	11	1036.8	-0.3	5.3	0.6874	4.6	0.2
3992	2019	12	1123.2	3	6	0.7664	5.6	3
3992	2019	13	1123.2	4.7	7.8	0.8845	6.7	4.4
3992	2019	14	2937.6	-1.7	4.8	0.4783	9.8	1.1
3992	2019	15	1123.2	0.2	6.9	0.709	7.1	4.2
3992	2019	16	1123.2	3.6	7.3	0.8008	5.4	0
3992	2019	17	2505.6	0.2	6	0.6029	5.9	3.7
3992	2019	18	4579.2	-3.5	0.9	0.4779	4.7	0
3992	2019	19	1987.2	-6.1	0.6	0.4542	1.8	0
3992	2019	20	1209.6	-7.6	-2.4	0.4047	1.1	0
3992	2019	21	1555.2	-5	-1.1	0.4393	3.2	0
3992	2019	22	3888	-6.1	-0.6	0.4057	3.4	0
3992	2019	23	2419.2	-7.1	-3.9	0.345	4.7	0
3992	2019	24	2592	-6.2	-3.7	0.3385	3.6	0
3992	2019	25	1382.4	-5.1	-3.6	0.3543	2	0.7
3992	2019	26	1382.4	-4	1.4	0.5334	2.3	1.3
3992	2019	27	1382.4	0.9	4.5	0.7195	3.4	1.8
3992	2019	28	4320	0.5	4.9	0.675	2.8	0.9
3992	2019	29	2851.2	-1.2	1.8	0.5745	4	0
3992	2019	30	4579.2	-1.4	2.9	0.5354	4.1	0
3992	2019	31	1987.2	-3.2	1	0.4962	2.7	0
3992	2019	32	1555.2	-3.8	0.8	0.4983	3	1.3
3992	2019	33	1555.2	-0.3	0.8	0.6097	2.7	3.1
3992	2019	34	1641.6	0	1.8	0.613	3.9	0
3992	2019	35	4406.4	-1.7	4.5	0.6219	3.7	0
3992	2019	36	2160	-0.2	3.6	0.5664	4.7	0
3992	2019	37	3628.8	1.4	6	0.5971	3.8	0
3992	2019	38	3628.8	-0.5	6.8	0.5284	3.9	0.2
3992	2019	39	5097.6	1.6	8	0.6192	4.8	0
3992	2019	40	4665.6	4.5	11	0.7062	6.4	3.7
3992	2019	41	1814.4	4.5	8	0.7513	5.4	12
3992	2019	42	2764.8	0.9	6.9	0.6137	7.8	0.1
3992	2019	43	7430.4	0.6	5.5	0.5019	6.3	0.6
3992	2019	44	1987.2	1.7	8.3	0.7587	5.4	0
3992	2019	45	6220.8	2.3	9.4	0.7678	3.4	0
3992	2019	46	8208	0.2	13.2	0.618	2.2	0
3992	2019	47	8294.4	0.5	15	0.6008	3	0
3992	2019	48	6307.2	1.2	12.4	0.7309	1.8	0
3992	2019	49	8640	-0.1	13.9	0.7459	2.2	0
3992	2019	50	3196.8	1.9	9.3	0.6546	5.3	1
3992	2019	51	4579.2	4.8	10.2	0.7564	4.9	0.2
3992	2019	52	4406.4	6.3	10.1	0.8803	5.1	3.9
3992	2019	53	9331.2	-3.1	7.6	0.4885	4.3	0
3992	2019	54	7948.8	-4.1	4.1	0.3299	2.6	0
3992	2019	55	8899.2	-1.1	12.7	0.4149	2.3	0
3992	2019	56	9417.6	-0.1	13.9	0.6464	3.7	0
3992	2019	57	4147.2	0.3	12.4	0.7852	3.2	0
3992	2019	58	9936	-1.1	16.4	0.6491	3	0
3992	2019	59	9331.2	1.1	11.6	0.6608	5	0
3992	2019	60	2678.4	-1.8	5.4	0.5844	2.2	0
3992	2019	61	3369.6	-1.5	5.5	0.5434	2.4	0.1
3992	2019	62	2764.8	2.9	10.6	0.8367	4.9	1.7
3992	2019	63	5616	6.2	13.8	0.8712	7.3	2.7
3992	2019	64	6134.4	3.1	8.9	0.673	7.8	1.3
3992	2019	65	8899.2	1	11	0.6543	4.3	0.3
3992	2019	66	5702.4	6.9	16.2	0.9113	5.4	0.4
3992	2019	67	8467.2	3.7	9.4	0.6214	7.7	2.9
3992	2019	68	6998.4	3.4	10.4	0.726	7.1	5.4
3992	2019	69	5011.2	2.1	7.8	0.6779	5.2	7.4
3992	2019	70	3110.4	0.8	3.6	0.6299	4.9	3.7
3992	2019	71	6652.8	0.1	8.3	0.602	4.8	0.5
3992	2019	72	6480	4.8	9.3	0.6129	7.2	1.8
3992	2019	73	4665.6	4	8.1	0.7785	5.9	2.6
3992	2019	74	4492.8	5	9.8	0.7719	7.5	2.1
3992	2019	75	7862.4	4.4	8.9	0.743	6.7	1.9
3992	2019	76	5529.6	4.5	12.3	0.7932	5.9	0.3
3992	2019	77	8726.4	3.5	8.7	0.6589	7.1	1.8
3992	2019	78	13392	-1.3	9.6	0.5834	4.2	0
3992	2019	79	12873.6	-2.1	12.4	0.6257	3.8	0
3992	2019	80	7084.8	8.4	13	1.0157	3.5	0
3992	2019	81	3715.2	6.9	11.1	0.9637	2.1	0
3992	2019	82	11664	4	13.4	0.9331	3.6	0
3992	2019	83	10886.4	2	10.9	0.675	2.1	0.2
3992	2019	84	10022.4	1.2	9.1	0.6697	4.4	1.9
3992	2019	85	8467.2	1.1	8.5	0.6278	6.1	0.7
3992	2019	86	5270.4	0.8	10.1	0.7648	4.2	0.5
3992	2019	87	4060.8	7.6	10.2	1.037	3.4	0.3
3992	2019	88	4060.8	6.4	11.8	0.9356	2.7	0
3992	2019	89	17366.4	5.2	18.1	0.8763	3.3	0
3992	2019	90	15984	-1.4	11.9	0.5413	4.4	0
3992	2019	91	18576	-3.1	11.3	0.4749	2.7	0
3992	2019	92	17712	1.9	14.3	0.4965	5.3	0
3992	2019	93	15379.2	7.2	18.8	0.778	4	0
3992	2019	94	19008	8.5	20.4	0.8219	4.8	0
3992	2019	95	17020.8	6.1	19.3	0.9389	3	0
3992	2019	96	19008	7.5	21.4	0.937	3.4	0
3992	2019	97	19785.6	3.8	19.6	0.7693	2.5	0
3992	2019	98	19785.6	2.2	18.2	0.8207	3.1	0
3992	2019	99	17193.6	0.3	11.8	0.6472	4	0
3992	2019	100	10972.8	-1.5	9	0.5193	2.9	0
3992	2019	101	7948.8	-2.6	6.3	0.5097	3.3	0
3992	2019	102	4752	1.5	5.2	0.5515	3.6	0
3992	2019	103	10195.2	0.9	8.8	0.5264	3.8	2.3
3992	2019	104	6652.8	1.8	11.5	0.7528	4.2	0.1
3992	2019	105	21600	-0.8	13.9	0.5825	3.4	0
3992	2019	106	21427.2	-1.6	15.5	0.5289	3.3	0
3992	2019	107	19094.4	-0.8	18.5	0.636	2.7	0
3992	2019	108	22118.4	3	21.4	0.795	2.9	0
3992	2019	109	22464	3	21.6	0.7288	2.8	0
3992	2019	110	22636.8	1.7	20.4	0.7369	2.7	0
3992	2019	111	22809.6	2.7	20.8	0.6616	1.9	0
3992	2019	112	23068.8	2.6	19.2	0.6775	4.8	0
3992	2019	113	18576	9.2	19.8	0.8411	7.7	0.9
3992	2019	114	20822.4	12.3	21	1.1165	5.5	0.1
3992	2019	115	20390.4	11.3	25.3	1.1549	2.5	0
3992	2019	116	19958.4	10	27.3	1.3951	3.9	9.6
3992	2019	117	10454.4	9.6	18.3	1.1936	3.6	0
3992	2019	118	7516.8	8.4	12.2	1.0265	4.3	1.7
3992	2019	119	15811.2	4.6	16.4	0.9768	5.1	0.3
3992	2019	120	23241.6	2.4	17.5	0.6848	3.3	0
3992	2019	121	19699.2	7.5	18.5	0.9725	4.8	0
3992	2019	122	10022.4	6.6	13.8	0.8953	6.3	0
3992	2019	123	15724.8	4.4	12.1	0.6434	5.3	0.1
3992	2019	124	15638.4	0.2	10.2	0.5836	3.7	0
3992	2019	125	18662.4	-0.7	12.1	0.531	2.8	0
3992	2019	126	18403.2	1.9	12.9	0.6793	4.6	0.2
3992	2019	127	21168	1.7	13.4	0.5927	3.7	0
3992	2019	128	20908.8	1.5	17.4	0.6149	4.3	0.6
3992	2019	129	11145.6	5.4	15.4	1.0082	2.9	2.1
3992	2019	130	12355.2	3.5	17.6	1.0183	3	0.2
3992	2019	131	20131.2	3.2	15.6	0.8132	2.4	0
3992	2019	132	23932.8	4.9	16.2	0.7383	4.7	0
3992	2019	133	20908.8	2.3	15.7	0.6998	3.9	0.4
3992	2019	134	18316.8	2.1	14.5	0.6565	4.8	0
3992	2019	135	14774.4	0.5	14	0.6214	4.6	5.7
3992	2019	136	6220.8	7.2	12.4	1.138	3.5	2.6
3992	2019	137	14601.6	8.6	19.5	1.3135	1.8	0
3992	2019	138	25315.2	7.9	24.1	1.2166	2.8	0
3992	2019	139	19267.2	8.8	24	1.4156	2.2	2.2
3992	2019	140	19008	11	25.6	1.7639	2.5	10.5
3992	2019	141	22809.6	11.6	24.6	1.5968	2.1	0
3992	2019	142	6393.6	11	16	1.3602	6.1	4.1
3992	2019	143	25142.4	8.8	18.7	1.0683	4	0
3992	2019	144	26697.6	8	22.8	1.0485	3.2	0
3992	2019	145	11577.6	8.8	15.2	1.0088	3.7	0
3992	2019	146	16761.6	7.8	20.6	1.0514	4.3	0
3992	2019	147	11404.8	12.8	20.6	1.3289	3.5	0.8
3992	2019	148	13564.8	6.8	18.4	1.0931	3.1	0
3992	2019	149	25833.6	4.3	17	0.7816	3.5	0
3992	2019	150	24278.4	4.2	22	0.7981	3.7	0
3992	2019	151	14169.6	13.2	24.1	1.6527	2.8	1.2
3992	2019	152	26092.8	12.9	26.8	1.6188	3.1	0
3992	2019	153	25574.4	12.3	28.6	1.5119	2.2	0
3992	2019	154	26265.6	16.8	32.8	1.6242	4	0
3992	2019	155	26611.2	15.5	29.2	1.7521	2.7	0
3992	2019	156	28166.4	15.1	32.5	1.6476	3.4	0
3992	2019	157	22118.4	14.6	30.7	1.9215	4.5	17.1
3992	2019	158	25142.4	13.7	23.7	1.5071	2.8	0.1
3992	2019	159	19785.6	12.6	22.1	1.1473	4.5	0
3992	2019	160	27216	11.2	24.4	1.0582	2.6	13.9
3992	2019	161	16243.2	13.7	25.3	1.7199	2.2	12.2
3992	2019	162	25660.8	16.9	29.3	2.172	2.5	0.2
3992	2019	163	24192	17.3	31.8	2.2772	3.9	0.2
3992	2019	164	22809.6	15.1	24.2	1.5532	2.4	0
3992	2019	165	24364.8	12.8	28.8	1.5203	2.6	0.3
3992	2019	166	21081.6	18.6	31.2	2.0424	5.2	0
3992	2019	167	21081.6	14	23.6	1.4299	4	0
3992	2019	168	21254.4	12.3	26.3	1.4528	1.9	0
3992	2019	169	27475.2	12.8	28.6	1.3892	2.9	0
3992	2019	170	26352	15.3	31	1.5844	2.5	0
3992	2019	171	20044.8	18.1	26.3	1.7897	2.7	2.6
3992	2019	172	21945.6	14.4	24.6	1.6067	2.9	3.8
3992	2019	173	24796.8	11.9	25	1.3778	3	0
3992	2019	174	27302.4	10.9	27.1	1.3601	2.6	0
3992	2019	175	28512	11.8	28.7	1.2801	2.6	0
3992	2019	176	28339.2	13.7	33.1	1.5223	2.7	0
3992	2019	177	27907.2	18	37.3	1.9952	4.3	0
3992	2019	178	28339.2	12.6	24.9	1.2527	5.6	0
3992	2019	179	21513.6	12	25.5	1.4471	3.6	0
3992	2019	180	28598.4	11	30.4	1.3892	2	0
3992	2019	181	28339.2	15	37.3	1.4211	4	0
3992	2019	182	21340.8	15.2	28.1	1.2657	4.5	0
3992	2019	183	17539.2	10.5	20.6	0.9351	6	0
3992	2019	184	21168	9.6	20.3	0.9507	4.6	0
3992	2019	185	20563.2	8.8	21.3	0.9056	4.6	0.2
3992	2019	186	8553.6	13.3	19.7	1.3871	5.3	0.7
3992	2019	187	7862.4	12	21	1.5183	3.2	2.3
3992	2019	188	8208	10.5	17.1	1.0402	5.6	0
3992	2019	189	15206.4	11.3	20.3	1.1294	5.1	0.1
3992	2019	190	20649.6	10.4	20.9	1.1009	4.8	0.1
3992	2019	191	19353.6	11.4	22.8	1.3046	4.2	3.5
3992	2019	192	26092.8	9	25.2	1.0904	2.1	0.1
3992	2019	193	11491.2	13.8	21.2	1.5975	1.6	1
3992	2019	194	22464	12.3	27.2	1.425	3.3	0
3992	2019	195	13737.6	13.5	24.1	1.6249	3.9	9.4
3992	2019	196	6480	14.7	17.6	1.2832	3.6	0
3992	2019	197	11923.2	13	22.6	1.3838	4.3	0
3992	2019	198	16848	11.7	23.3	1.298	3	0
3992	2019	199	26697.6	8.7	26.3	1.0983	1.8	0
3992	2019	200	16070.4	15	26.1	1.4488	2.7	0
3992	2019	201	24883.2	13.7	29.5	1.5709	2.8	7.8
3992	2019	202	19094.4	15.7	27	1.75	3.8	0
3992	2019	203	14947.2	13.1	24	1.5784	2.7	1.4
3992	2019	204	23846.4	16.6	30.1	1.9186	3.3	0
3992	2019	205	26006.4	14.6	31.9	1.7648	1.9	0
3992	2019	206	26697.6	15.8	31.9	1.8591	3	0
3992	2019	207	25660.8	14.5	31	1.6294	3.7	0
3992	2019	208	22464	15.5	29	1.554	4	0
3992	2019	209	23932.8	15.6	31.6	1.7442	3.1	0
3992	2019	210	11577.6	19.6	32.2	2.0671	2.4	0
3992	2019	211	13737.6	18.9	29.9	2.1654	3.4	0
3992	2019	212	9331.2	17	23.8	1.8422	2.3	4.6
3992	2019	213	15984	13.8	24.3	1.7605	2.6	6.4
3992	2019	214	16243.2	11.9	23.8	1.5106	1.6	0
3992	2019	215	17107.2	14	25.5	1.6778	2.2	2.3
3992	2019	216	20995.2	12.1	25.5	1.5166	3.4	0
3992	2019	217	15465.6	12.5	25.2	1.4344	2	0.1
3992	2019	218	18316.8	15.7	27.7	1.9433	2.5	4.7
3992	2019	219	9590.4	16.5	24.8	1.8951	2	27.6
3992	2019	220	19785.6	13.7	25.3	1.5388	3.8	0.3
3992	2019	221	20649.6	13	26.2	1.4573	2.3	0
3992	2019	222	18057.6	19	28.4	1.55	3.9	0
3992	2019	223	20649.6	17	27.7	1.3478	3.3	0.1
3992	2019	224	15206.4	17.2	23.5	1.4072	3.5	0
3992	2019	225	19008	12.4	22.6	1.2381	4.6	0
3992	2019	226	19872	9.8	21.6	1.051	3.3	0
3992	2019	227	8121.6	9.8	22.9	1.0769	3.4	0
3992	2019	228	11318.4	14	22.3	1.4978	2.9	0.3
3992	2019	229	8208	13.1	26.4	1.402	3.3	0
3992	2019	230	8553.6	17.2	24.4	1.9127	3.4	1.3
3992	2019	231	15811.2	12.5	24.4	1.4626	3.2	0
3992	2019	232	16675.2	9.6	25.2	1.1708	2	1
3992	2019	233	19612.8	11.1	24	1.262	2.6	0
3992	2019	234	22032	8.8	26.6	1.1527	2.3	0
3992	2019	235	21945.6	12	28.6	1.3316	2	0
3992	2019	236	21686.4	11.5	29.6	1.3522	2.4	0
3992	2019	237	21254.4	13.5	31.1	1.3975	3	0
3992	2019	238	15206.4	14.9	31.2	1.6592	2.1	0
3992	2019	239	16502.4	16.9	32.8	1.8797	2.7	0
3992	2019	240	17712	19.5	33.5	1.9689	2.8	0
3992	2019	241	18921.6	17.8	30.8	1.819	2.8	0
3992	2019	242	14515.2	18.8	28.8	1.883	1.7	0
3992	2019	243	19872	17.6	33.3	1.7856	3.3	0
3992	2019	244	15552	16.6	31.3	1.7813	4.5	0
3992	2019	245	17020.8	9.9	21.8	1.0071	4.1	0
3992	2019	246	10540.8	8.3	20.1	1.0514	3.6	0.6
3992	2019	247	14515.2	11.5	25.6	1.3011	3.1	0
3992	2019	248	14947.2	11.2	22.5	1.1691	5.6	0
3992	2019	249	17884.8	8.7	20.4	0.9596	3.5	0
3992	2019	250	8553.6	7.9	19.2	0.9614	2.1	0
3992	2019	251	13219.2	10.2	19.9	1.2302	1.8	1.5
3992	2019	252	4060.8	12.7	14.6	1.436	2.1	3.9
3992	2019	253	7862.4	12.1	19	1.235	6.5	0.6
3992	2019	254	15724.8	8.8	21.9	1.0103	3.5	0
3992	2019	255	9158.4	13.8	22.7	1.57	3.5	0
3992	2019	256	10454.4	9.7	21.4	1.2526	4.8	1.6
3992	2019	257	15379.2	7.3	19.4	1.0409	2.6	0
3992	2019	258	14083.2	8.8	23.3	1.0201	5.5	0
3992	2019	259	11059.2	10.2	18.6	1.0487	5.1	0
3992	2019	260	9763.2	6.8	15.1	0.9935	6.8	6.3
3992	2019	261	12009.6	6.6	15.5	0.9738	6.4	0.1
3992	2019	262	11836.8	6.4	17.4	1.0579	4	0.1
3992	2019	263	8294.4	5.9	16.4	0.967	3.9	0
3992	2019	264	12960	7.7	21.2	1.1014	2.6	0
3992	2019	265	15033.6	5.7	24.4	1.1277	2.4	0
3992	2019	266	14515.2	5.9	23.4	1.1157	2.8	0
3992	2019	267	5011.2	11.4	19.3	1.3935	2	0
3992	2019	268	6048	12	18.4	1.4664	1.7	7.6
3992	2019	269	5443.2	12.6	18.3	1.5427	2	0
3992	2019	270	3196.8	11.8	16.1	1.4801	2.4	14.1
3992	2019	271	10540.8	11	18.9	1.46	3.7	5.4
3992	2019	272	5097.6	12.9	15.5	1.3749	4.4	11.7
3992	2019	273	5875.2	10.8	15.6	1.2884	7	13
3992	2019	274	4147.2	10.4	16	1.3794	3.9	22
3992	2019	275	8726.4	6.7	13.3	1.0061	3.6	5.6
3992	2019	276	5616	5.4	13.5	1.0288	3.9	0.8
3992	2019	277	8467.2	4.1	11.8	0.8869	2.7	8.2
3992	2019	278	7862.4	4	12.7	0.9223	4.1	0.3
3992	2019	279	8726.4	0.9	11	0.7825	1.5	0
3992	2019	280	8812.8	-0.2	11.5	0.739	1.6	0
3992	2019	281	2678.4	4.7	12.5	0.9827	3.6	1.6
3992	2019	282	7171.2	9.8	15.2	1.2163	3.6	0.9
3992	2019	283	6480	9.4	14.1	1.0888	4.8	0.7
3992	2019	284	4924.8	8.8	15.9	1.104	5	0.3
3992	2019	285	7257.6	11.7	19.3	1.2486	4.6	0
3992	2019	286	8467.2	8.9	22.9	1.4253	3	0.1
3992	2019	287	10281.6	10.9	21.4	1.2832	3.2	0
3992	2019	288	10108.8	8.2	20.8	1.4183	1.9	0
3992	2019	289	2332.8	7.6	14.2	1.2247	3.6	8.5
3992	2019	290	3974.4	9.4	17	1.3794	3.6	1.8
3992	2019	291	7948.8	9.3	18.8	1.2014	3.6	1.7
3992	2019	292	3542.4	8.4	14.1	1.1468	3	0
3992	2019	293	5616	9.9	18.4	1.4027	1.7	0
3992	2019	294	4060.8	9	17.1	1.411	1.3	0
3992	2019	295	5184	6.9	16	1.1891	2	0
3992	2019	296	7776	4.3	16.2	1.0979	1.9	0
3992	2019	297	1987.2	11.4	14.4	1.4121	3.1	0
3992	2019	298	7344	10.5	17.7	1.2696	3.5	0
3992	2019	299	7862.4	10.3	17.4	1.1543	5	0
3992	2019	300	1900.8	7	16.5	0.9648	5.3	0.6
3992	2019	301	6220.8	5.2	12.7	0.9147	4.7	0.2
3992	2019	302	6566.4	-0.5	10.2	0.7336	3	0.1
3992	2019	303	5961.6	-2.6	8.7	0.654	1.1	0
3992	2019	304	7516.8	-3.4	7.7	0.6063	1	0
3992	2019	305	5875.2	-3.6	6.1	0.5618	3.4	0.8
3992	2019	306	2678.4	4.4	13.8	1.0626	4	0.9
3992	2019	307	1641.6	7.1	11.9	1.1272	2.7	1.9
3992	2019	308	1641.6	7.3	11.1	1.1047	1.9	7.1
3992	2019	309	1555.2	7.1	10.7	1.0484	2.1	2.5
3992	2019	310	1555.2	6.9	8.8	0.987	2.6	0.7
3992	2019	311	1555.2	5.2	9.2	0.9441	2.3	0.2
3992	2019	312	3283.2	3.8	9.8	0.8988	2.3	0.9
3992	2019	313	1468.8	4	8.4	0.8909	2.8	0.2
3992	2019	314	1468.8	2.3	6.1	0.7752	1.6	0
3992	2019	315	2246.4	1.4	4.1	0.6849	3.2	0
3992	2019	316	1382.4	1.3	6.2	0.6791	3.5	0
3992	2019	317	1382.4	2.6	6.1	0.7417	2.7	0
3992	2019	318	5097.6	2	8.2	0.7377	3.2	0
3992	2019	319	1296	3.6	9.1	0.8331	5.7	0
3992	2019	320	1987.2	1.8	10.6	0.8246	4.1	0.4
3992	2019	321	1296	-0.3	6.1	0.7148	2.6	0.2
3992	2019	322	1728	3.4	11.1	0.8862	3	0
3992	2019	323	4406.4	4.2	9.5	0.7433	4.4	8
3992	2019	324	1209.6	4.6	6.1	0.84	1.6	0
3992	2019	325	1209.6	5.9	10.1	1.0185	2.8	9.6
3992	2019	326	1555.2	5.4	9.9	0.9945	3.1	0.5
3992	2019	327	2764.8	2.7	6.5	0.7378	5.1	0
3992	2019	328	1123.2	3.3	5	0.7149	4.7	0
3992	2019	329	1123.2	2.4	4	0.7224	3.1	0
3992	2019	330	1123.2	4	6.6	0.8014	2.8	0
3992	2019	331	1036.8	4.6	6.8	0.824	3.9	1.3
3992	2019	332	2592	6.6	12	0.9365	6.1	4.5
3992	2019	333	1987.2	0.5	9	0.6599	7.2	0
3992	2019	334	4406.4	-0.9	4.3	0.5871	4.1	0
3992	2019	335	1036.8	-0.2	2.8	0.6376	2.3	0
3992	2019	336	2246.4	0.7	5	0.6598	4.9	0.1
3992	2019	337	2592	-2.1	5.7	0.647	3.3	0.1
3992	2019	338	1209.6	0.4	5.7	0.654	3.9	0
3992	2019	339	3974.4	-1.5	3.6	0.5603	3.3	0
3992	2019	340	950.4	-0.5	4.8	0.6063	6.1	1.9
3992	2019	341	1209.6	4.8	8.8	0.889	5.9	5.6
3992	2019	342	950.4	6.8	10.6	0.8657	6.2	0.6
3992	2019	343	3024	3.9	9	0.7521	5.1	4.5
3992	2019	344	3801.6	0.6	5.5	0.6312	4.6	0
3992	2019	345	950.4	0.6	3.5	0.5099	4.2	0.5
3992	2019	346	950.4	0.3	3.7	0.6351	3.1	0
3992	2019	347	1814.4	-1	1.5	0.5537	3.4	0.2
3992	2019	348	950.4	0.7	4.5	0.6555	4	5.7
3992	2019	349	2505.6	1.4	9	0.6809	5.7	2.2
3992	2019	350	950.4	3.6	6.6	0.7289	3.2	0.1
3992	2019	351	2592	2.7	11.2	0.7984	3.2	0.1
3992	2019	352	2505.6	1.2	12.3	0.7481	4.1	0
3992	2019	353	1123.2	0.6	5.5	0.7452	2.8	0
3992	2019	354	3024	4	8.5	0.8845	3.1	1
3992	2019	355	2592	1.5	9.4	0.8188	2.6	0
3992	2019	356	950.4	1.2	4.4	0.7321	2.7	0.4
3992	2019	357	1209.6	4.1	7.5	0.8389	3.7	0.1
3992	2019	358	1728	3.4	7.2	0.7836	3.4	2.2
3992	2019	359	950.4	3.8	5.8	0.8084	3.1	3
3992	2019	360	1382.4	2.3	5.7	0.74	3.6	1.9
3992	2019	361	950.4	0	3.9	0.6329	3.2	0.4
3992	2019	362	950.4	-1.6	2	0.4959	3	0
3992	2019	363	2332.8	-2.8	1.6	0.4562	2.8	0
3992	2019	364	1209.6	1.1	8.9	0.3924	5.8	0
3992	2019	365	1468.8	1.3	7.5	0.6021	6.4	0
