*---------------------------------------------------------------------------*
* Station name: ANGERMUNDE                              
* Year: 2002
* Author: Pedro Alencar                                   -999.000: NIL VALUE
* Source: ECAD 
* Comments: 
* Longitude: 53.0331, latitude: 53.0331, altitude: 54 m.
*
* Column  Daily value
* 1       station number
* 2       year
* 3       day
* 4       irradiation                   (kJ m-2 d-1)
* 5       minimum temperature           (degrees Celsius)
* 6       maximum temperature           (degrees Celsius)
* 7       early morning vapour pressure (kPa)
* 8       mean wind speed (height: 2 m) (m s-1)
* 9       precipitation                 (mm d-1)
*
** WCCDESCRIPTION=GERMANY, ANGERMUNDE                              
** WCCFORMAT=2
** WCCYEARNR=2002
*---------------------------------------------------------------------------*
   53.0331  13.9931    54.  -0.18 -0.55
3992	2002	1	1209.6	-5.6	2.9	0.5425	7.8	6.4
3992	2002	2	1814.4	-4.4	3.5	0.5085	7.2	0.1
3992	2002	3	3801.6	-10.9	-2.7	0.3233	1.5	0
3992	2002	4	4060.8	-12.7	-3.9	0.2453	1.7	0
3992	2002	5	3974.4	-9.3	0.5	0.2912	4	0
3992	2002	6	1036.8	-3	3.1	0.5826	5.5	0.5
3992	2002	7	1036.8	-0.3	2.5	0.6484	2.7	0
3992	2002	8	1036.8	-0.8	1.1	0.6053	2.6	0
3992	2002	9	1036.8	-1.4	0.6	0.5875	1.9	0
3992	2002	10	1036.8	-1.8	-0.5	0.5506	1.9	0
3992	2002	11	1036.8	-4.1	-0.8	0.5002	3	0.4
3992	2002	12	1123.2	-2.8	1.1	0.5685	1.7	0
3992	2002	13	1814.4	-1.9	0.9	0.5774	2.5	0
3992	2002	14	3888	-4.9	0.1	0.4918	3.4	0
3992	2002	15	4492.8	-7.1	-1.5	0.4223	4.1	0
3992	2002	16	4320	-7.7	-0.7	0.4165	2.6	0
3992	2002	17	2764.8	-1.2	2.5	0.6148	3.3	0
3992	2002	18	1641.6	-1.3	1.6	0.5806	4.1	0.5
3992	2002	19	1209.6	0.3	4.2	0.704	4.6	0.6
3992	2002	20	1987.2	2.9	6	0.7973	6.6	9.4
3992	2002	21	1296	5.6	9.8	1.0189	7.1	1.4
3992	2002	22	3801.6	6.1	9.4	0.917	6	0.7
3992	2002	23	3196.8	4.6	8.7	0.7625	6.4	0.1
3992	2002	24	3456	5.7	11.3	0.854	7.7	1.3
3992	2002	25	3715.2	1.4	6.9	0.6081	8.2	1.1
3992	2002	26	2246.4	1.4	10.5	0.7732	8.1	7.1
3992	2002	27	2937.6	6.4	10.5	0.9838	8.1	9.9
3992	2002	28	1728	5.7	13.7	0.9981	8.2	6.7
3992	2002	29	1468.8	7.5	10.8	0.8924	10.6	0.1
3992	2002	30	5011.2	7.7	11.7	0.95	6	0
3992	2002	31	2851.2	5.6	11	0.8644	7.3	2.6
3992	2002	32	3110.4	3.4	10.7	0.7938	5.7	0
3992	2002	33	6048	8.5	15.2	0.9434	5.7	0
3992	2002	34	6566.4	4.2	14.1	0.7765	3.7	0
3992	2002	35	4838.4	5.4	11.1	0.6761	6.2	0
3992	2002	36	1641.6	6.3	12.7	0.8306	5.7	0.8
3992	2002	37	3715.2	4.2	11.5	0.9339	3.4	0
3992	2002	38	2246.4	4.3	8.3	0.7825	4.7	3.1
3992	2002	39	3974.4	4.4	9.8	0.8873	6.5	5.2
3992	2002	40	1814.4	6.9	12	1.0879	7	4.9
3992	2002	41	3024	4.3	8.1	0.8435	6.4	3.9
3992	2002	42	1900.8	5.1	10.7	1.0329	8.3	27.1
3992	2002	43	5875.2	6.5	11.8	0.9155	10.4	2.5
3992	2002	44	5270.4	0	8.7	0.675	5	0
3992	2002	45	8208	-3.4	4.1	0.4826	2.8	0
3992	2002	46	8467.2	-4.8	5	0.5231	1.3	0
3992	2002	47	8640	-4.5	6.7	0.516	1	0
3992	2002	48	8208	-2.5	7.4	0.5684	2.2	0
3992	2002	49	5097.6	-0.5	5.4	0.6267	5	0.2
3992	2002	50	3196.8	-0.2	4.6	0.6156	8.5	4.6
3992	2002	51	4579.2	-0.4	6.9	0.7481	4.5	6.9
3992	2002	52	5529.6	-4.3	2.8	0.5091	5.7	0.9
3992	2002	53	2332.8	-3.8	4.3	0.5289	8	4.3
3992	2002	54	6739.2	0.3	4.1	0.5798	7.9	0.4
3992	2002	55	6912	-0.1	5.2	0.6092	7.3	1
3992	2002	56	4665.6	-0.3	3.8	0.6377	3.4	7.9
3992	2002	57	5011.2	0.3	11	0.7938	8.4	7.3
3992	2002	58	7516.8	3.4	8.5	0.6428	8.5	0.8
3992	2002	59	7689.6	2.4	7.7	0.6301	7.1	1
3992	2002	60	6480	-0.4	6.7	0.6893	4.5	5.2
3992	2002	61	12009.6	-2.5	4.2	0.5068	4.3	0.4
3992	2002	62	10713.6	-1.4	4.6	0.5075	6.6	0
3992	2002	63	3974.4	4.1	7.7	0.8355	5.6	0
3992	2002	64	2851.2	5.8	7.4	0.8866	2.9	0
3992	2002	65	4320	5.1	9.1	0.7764	7	4.7
3992	2002	66	6739.2	1.7	9.6	0.8029	10.6	11.6
3992	2002	67	9936	2.9	9	0.6987	6.3	0
3992	2002	68	4665.6	4.4	9.4	0.7658	5.4	4.2
3992	2002	69	10540.8	3.2	8.3	0.6799	7.2	0.2
3992	2002	70	13478.4	2.7	14.4	0.6455	4.3	0
3992	2002	71	6393.6	2.5	13.6	0.7746	1.3	0
3992	2002	72	3283.2	1.9	8.3	0.8431	2.8	3.1
3992	2002	73	3283.2	0.5	3.4	0.654	5.4	0
3992	2002	74	3369.6	-1.5	1.9	0.5517	5.9	0.2
3992	2002	75	3369.6	0.8	4.1	0.6194	3.6	0.7
3992	2002	76	9244.8	2.6	11.1	0.9118	2.4	0
3992	2002	77	13651.2	3.3	17.4	1.0048	3.5	6.9
3992	2002	78	6307.2	6.6	12.6	1.0153	7.4	0.3
3992	2002	79	5270.4	2.8	6.7	0.7884	4.3	1.7
3992	2002	80	5356.8	1.5	6.9	0.7669	4.4	5
3992	2002	81	7776	0.7	7	0.7161	6.6	2.4
3992	2002	82	5443.2	0.6	4.4	0.6947	6.1	3.4
3992	2002	83	4579.2	-0.1	3.3	0.6104	4.7	0.2
3992	2002	84	3888	-0.2	2.7	0.5618	1.8	0
3992	2002	85	3888	0.2	3.3	0.506	0.5	0
3992	2002	86	16588.8	-1.9	6.8	0.5393	1.1	0
3992	2002	87	16934.4	-2.6	11.4	0.6439	0.8	0
3992	2002	88	17366.4	-1.5	14.5	0.7257	0.5	0
3992	2002	89	16243.2	1.1	17.8	0.745	1.9	0
3992	2002	90	8380.8	3.7	13.4	0.8347	1	0
3992	2002	91	17625.6	3	16.5	0.7722	1.7	0
3992	2002	92	18316.8	1.4	17.4	0.7661	2.6	0
3992	2002	93	18835.2	3.1	13.9	0.6655	5.3	0
3992	2002	94	19267.2	0.2	12.1	0.51	4.6	0
3992	2002	95	18489.6	-1.2	8.5	0.5157	5.9	0
3992	2002	96	8294.4	-2.5	5.3	0.4935	3.7	0
3992	2002	97	18748.8	-3.4	7.8	0.5083	1.6	0
3992	2002	98	19267.2	-3.8	10.1	0.5284	1.8	0
3992	2002	99	16502.4	-2.7	10.8	0.563	2.6	0
3992	2002	100	10627.2	1.4	11.6	0.6579	3.9	0
3992	2002	101	5356.8	5	11.1	0.8068	3.6	0
3992	2002	102	7430.4	6.8	15.1	1.1242	2.2	1.2
3992	2002	103	4838.4	8.6	11.8	1.2311	1.1	0.2
3992	2002	104	6912	6.9	14.4	1.2814	2	6.9
3992	2002	105	4924.8	5.4	8.2	0.9877	4	12.4
3992	2002	106	5011.2	4.9	7	0.9315	2.5	0.7
3992	2002	107	10972.8	5.5	13.2	1.1159	1.7	0.8
3992	2002	108	13564.8	4.6	12.4	1.0426	1.9	0
3992	2002	109	12873.6	4	15.6	1.1622	1.7	17.9
3992	2002	110	13737.6	4.7	15.3	1.1656	2.6	0
3992	2002	111	18662.4	2.9	14.4	0.9972	3	0
3992	2002	112	23068.8	1.3	16.6	0.8804	1.1	0
3992	2002	113	11059.2	5	17.4	1.1164	3.3	0
3992	2002	114	5961.6	9	12.8	1.0814	2.8	0
3992	2002	115	5443.2	9.6	14.6	1.213	1.5	0
3992	2002	116	12614.4	7.5	17.2	1.1327	2.5	6.3
3992	2002	117	15292.8	4.5	11.6	0.8391	6.8	2
3992	2002	118	12787.2	2.6	11.6	0.8268	4.1	2.2
3992	2002	119	14688	6	13.1	0.8691	5	0.9
3992	2002	120	14428.8	7	14	0.8754	4.4	0
3992	2002	121	14947.2	8.5	19.9	0.9705	4	3.1
3992	2002	122	13651.2	8.6	17.5	1.2759	2.6	2
3992	2002	123	19440	8.5	17.4	1.2377	4.1	2.2
3992	2002	124	5788.8	7.9	12.2	1.1203	3.2	0
3992	2002	125	5788.8	7.4	14.2	1.1519	1.8	0.4
3992	2002	126	6825.6	7.3	13.8	1.171	3.1	2
3992	2002	127	5875.2	6.7	10.2	1.0612	1.9	0
3992	2002	128	20390.4	9.3	24.7	1.4511	2.7	0
3992	2002	129	25574.4	8.8	25.9	1.1473	3.5	0
3992	2002	130	25747.2	9.5	27.4	1.2718	3.4	0
3992	2002	131	21254.4	11	25.3	1.5394	2.5	2.7
3992	2002	132	18057.6	12.2	21	1.4903	2.7	0
3992	2002	133	19440	12	19.5	1.4296	2.2	0
3992	2002	134	21081.6	10.2	21.6	1.3532	4	0.6
3992	2002	135	20304	10.5	18.4	1.1178	4.8	0.1
3992	2002	136	19872	10.4	22.9	1.2868	3.9	0
3992	2002	137	23414.4	7	18.5	1.1481	3.5	0
3992	2002	138	27388.8	5.2	20.3	0.9861	1.5	0
3992	2002	139	6307.2	8.6	15.4	1.247	1.6	11.5
3992	2002	140	19440	10.2	18.1	1.4027	2.2	0
3992	2002	141	26006.4	8	22.6	1.2848	3.2	0
3992	2002	142	26006.4	11.7	25.9	1.4516	3.8	0
3992	2002	143	23500.8	13	25.9	1.6694	2.6	2.2
3992	2002	144	12614.4	12.6	17.3	1.4939	4.3	0.1
3992	2002	145	12009.6	12.9	18.9	1.4614	2.5	4.3
3992	2002	146	6480	10.9	12.9	1.3641	2.1	9.4
3992	2002	147	19094.4	10.8	20.6	1.4963	2	0
3992	2002	148	20044.8	12	20.7	1.5039	2.5	0
3992	2002	149	15292.8	12.3	21.7	1.4705	3.3	0
3992	2002	150	25574.4	10.6	19.8	1.1386	3.5	0
3992	2002	151	20390.4	9.3	20.6	1.2902	2.5	3.5
3992	2002	152	22204.8	7.7	18.8	1.1253	5.3	0
3992	2002	153	27216	8.3	21.5	1.2015	3.1	0
3992	2002	154	27993.6	8.5	23.5	1.2347	1.9	0
3992	2002	155	23241.6	12.9	25.3	1.5452	2.4	0
3992	2002	156	26611.2	13.9	28	1.4601	5	0
3992	2002	157	20044.8	13.6	25.2	1.7092	5.4	10
3992	2002	158	6739.2	13.5	17.1	1.5105	4.9	0.9
3992	2002	159	10886.4	12.6	17.5	1.4865	2	0.1
3992	2002	160	10454.4	13.6	19.6	1.66	0.6	0.9
3992	2002	161	9158.4	12.8	21.2	1.7607	2	5.2
3992	2002	162	23068.8	11.4	19.2	1.2848	3.9	0
3992	2002	163	14601.6	11.9	19.5	1.425	3.6	0.1
3992	2002	164	10022.4	12.5	16.2	1.3883	5.3	2.9
3992	2002	165	20563.2	11.7	19.3	1.3542	5.2	0
3992	2002	166	17625.6	11.6	24.4	1.6898	3.6	0.1
3992	2002	167	17452.8	13.7	22.8	1.4444	4.1	0
3992	2002	168	23328	16.2	27.1	1.8857	3	0
3992	2002	169	28425.6	15.4	31.4	1.8957	3.6	0
3992	2002	170	22464	14.9	25.2	1.6858	3.4	2.6
3992	2002	171	17625.6	13.2	26.4	1.8674	3.7	28.1
3992	2002	172	17884.8	14.6	21.1	1.5719	3.4	0
3992	2002	173	25056	14.4	23.9	1.5722	3.3	2.1
3992	2002	174	18576	11.9	22	1.4658	4.8	0.1
3992	2002	175	21686.4	10.5	20.2	1.2367	3.7	0
3992	2002	176	21340.8	9.8	19.8	1.1938	3.9	0
3992	2002	177	22723.2	11.4	22	1.3669	3.2	2.1
3992	2002	178	17020.8	11.2	20.8	1.5071	2.9	0.9
3992	2002	179	21686.4	9.9	17.6	1.1783	6	1.2
3992	2002	180	13564.8	10.6	18.2	1.1798	6.9	0
3992	2002	181	9244.8	9.2	17.4	1.1748	4.5	0
3992	2002	182	6739.2	13.1	17.6	1.4109	4.1	2.3
3992	2002	183	11923.2	12.6	20	1.5917	4.3	7.4
3992	2002	184	13305.6	12.2	21.2	1.5187	3.3	2.1
3992	2002	185	9676.8	11.8	18.1	1.477	4.9	1.4
3992	2002	186	25833.6	10	23	1.3309	3.3	0
3992	2002	187	19785.6	12.9	25.6	1.6488	2.5	0.1
3992	2002	188	18748.8	13.7	21.7	1.5571	3	0
3992	2002	189	25315.2	11.5	26.9	1.5326	2.6	0
3992	2002	190	27820.8	17.3	31.7	1.6874	3.7	0
3992	2002	191	25747.2	14.6	33.1	1.8296	4	2.6
3992	2002	192	21427.2	12.8	22.5	1.4716	3.4	0
3992	2002	193	24451.2	11.2	25.9	1.4504	1.3	0
3992	2002	194	21772.8	11.7	28.5	1.4092	3.6	0.6
3992	2002	195	6566.4	15.6	22.4	1.9085	2.4	7.5
3992	2002	196	17625.6	14.8	24.1	1.8048	4.2	0.1
3992	2002	197	19612.8	14.1	27.9	1.7873	3.2	2.1
3992	2002	198	12268.8	17.6	24.5	2.241	2.9	23.7
3992	2002	199	10713.6	15.9	22	1.8589	4	0
3992	2002	200	6393.6	15.3	16.8	1.7305	3.9	0.6
3992	2002	201	6393.6	11.1	16.8	1.5119	3.5	0
3992	2002	202	23155.2	10.6	26	1.7429	3.2	6
3992	2002	203	9676.8	12.3	16.1	1.4234	6.8	1.9
3992	2002	204	12700.8	12.4	20.3	1.4482	4.8	1.1
3992	2002	205	13910.4	12.8	19.7	1.5497	4.7	2.3
3992	2002	206	13737.6	12.1	18.3	1.4491	5	1.9
3992	2002	207	6220.8	12.9	18.1	1.4773	3.2	0
3992	2002	208	22291.2	15.5	24.4	1.7685	1.8	0
3992	2002	209	26265.6	13.3	29.3	1.6941	1.9	0
3992	2002	210	24278.4	15.2	31.5	1.9186	1.7	0
3992	2002	211	23673.6	16.9	32.9	1.9167	2.6	0
3992	2002	212	20390.4	17.4	31.5	2.1413	1.9	0
3992	2002	213	21859.2	17.9	32.9	2.46	2.6	33.1
3992	2002	214	5961.6	16.2	19.9	2.0052	3	5.6
3992	2002	215	15379.2	14.6	23.7	1.9043	1.7	0
3992	2002	216	15897.6	15.1	26.2	2.0409	1.7	0
3992	2002	217	5875.2	16.4	19.2	1.9943	1.3	13.8
3992	2002	218	18403.2	15.5	23.8	1.9415	1.5	0
3992	2002	219	14083.2	15.6	25.8	2.169	2	11.5
3992	2002	220	14601.6	15.8	25.4	1.9377	1.5	0
3992	2002	221	12355.2	14.9	25.4	1.8612	1.9	0
3992	2002	222	12355.2	14.2	24.2	1.8436	2.2	0
3992	2002	223	20476.8	15.4	27.7	2.0026	2	0.1
3992	2002	224	5616	18.2	20.4	2.168	3.9	33.4
3992	2002	225	5529.6	15.7	18.4	1.7663	7.9	7.9
3992	2002	226	11750.4	15.3	23	1.86	5.1	0
3992	2002	227	21600	14.3	25.5	1.879	3.1	0
3992	2002	228	17280	14.7	26.2	2.0159	2.5	0
3992	2002	229	17452.8	16.1	27.8	2.131	1.6	0
3992	2002	230	17366.4	15.5	27.8	1.9374	2.1	0
3992	2002	231	22550.4	14.2	28.5	1.6993	2.8	0
3992	2002	232	22204.8	12.7	27	1.4801	2.9	0
3992	2002	233	21081.6	13.3	28.2	1.7112	1.9	0
3992	2002	234	21859.2	12.8	28.1	1.5599	1.3	0
3992	2002	235	21081.6	12.6	28.5	1.7145	1.2	0
3992	2002	236	20044.8	13.3	28.3	1.5448	2.4	0
3992	2002	237	18057.6	14.7	27.1	1.653	2.1	0.1
3992	2002	238	18316.8	15.1	28.8	1.8942	1.8	0
3992	2002	239	19180.8	14.6	28.8	1.8137	2.3	0
3992	2002	240	18489.6	13.2	28.2	1.7791	1.2	0
3992	2002	241	16502.4	15.6	27	2.0228	1.9	0
3992	2002	242	16502.4	14.5	26	1.8727	1.5	0
3992	2002	243	17625.6	15.9	26.8	1.9022	2.7	0
3992	2002	244	15638.4	11.5	21.9	1.253	3.9	0
3992	2002	245	18230.4	9.6	23	1.3326	2	0
3992	2002	246	17107.2	8.3	25	1.3815	3.4	0
3992	2002	247	18057.6	15.2	27.4	1.6941	3	0
3992	2002	248	15638.4	14.1	25.5	1.7061	2.1	0
3992	2002	249	16934.4	12.7	23.7	1.4816	2.3	0
3992	2002	250	14947.2	13.4	24.7	1.4524	2.2	0
3992	2002	251	17625.6	12.2	26	1.4128	2.6	0
3992	2002	252	16243.2	11.3	26.9	1.6335	2.5	0
3992	2002	253	15120	13.5	27.4	1.7519	2.4	0
3992	2002	254	15120	10.8	24.2	1.4378	3.8	0
3992	2002	255	17020.8	7.6	22.3	1.2053	2.6	0
3992	2002	256	15552	7.6	22.6	1.3713	2	0
3992	2002	257	11750.4	10	21.6	1.5597	3.6	10.9
3992	2002	258	11836.8	8.9	17.5	1.2733	4	2.4
3992	2002	259	10540.8	7.8	16.9	1.1327	3.4	1.3
3992	2002	260	11059.2	12.3	19.2	1.5368	3.6	0
3992	2002	261	10886.4	12.1	19.5	1.4521	5.1	0
3992	2002	262	9849.6	10.3	18.9	1.3777	2.2	0
3992	2002	263	4147.2	10.7	16.9	1.3397	2.3	0
3992	2002	264	8812.8	9.6	17	1.2663	4.1	1.1
3992	2002	265	4060.8	8.3	13.7	1.2066	3.1	23.6
3992	2002	266	3369.6	4.5	10	0.8862	5.6	9.9
3992	2002	267	14083.2	2.1	15	0.8792	2.3	0
3992	2002	268	13392	1.3	15.8	0.9126	2.5	0.2
3992	2002	269	4924.8	9.8	15.2	1.3321	3.8	3.9
3992	2002	270	7603.2	5.2	12.6	1.0028	4.5	0.7
3992	2002	271	9763.2	3.6	12.9	0.8724	3.1	0
3992	2002	272	3974.4	9.9	16.3	1.2499	2.4	0
3992	2002	273	6652.8	7.2	17.2	1.1784	1.6	0
3992	2002	274	9849.6	6.6	18.4	1.2597	1	0
3992	2002	275	12182.4	5.6	18.3	1.201	0.8	0
3992	2002	276	9936	5.9	19	1.2845	1.6	0
3992	2002	277	8553.6	9.5	17.5	1.2829	6.3	0
3992	2002	278	9763.2	8.4	16.3	1.2187	6.2	14.3
3992	2002	279	3283.2	4.6	11.2	0.9584	4.9	4.4
3992	2002	280	9244.8	1.7	9.1	0.7353	4.8	0.1
3992	2002	281	3888	2.3	11.1	0.9025	5.7	1.9
3992	2002	282	7344	1.4	11.2	0.7825	2.5	0
3992	2002	283	10713.6	-0.1	10.5	0.7163	3.1	0
3992	2002	284	9849.6	-0.8	10.4	0.645	3.6	0
3992	2002	285	8121.6	0.7	6.7	0.5812	6.1	0.2
3992	2002	286	2419.2	0.8	3.4	0.6539	4	4.7
3992	2002	287	2419.2	1.2	7	0.7697	2.5	5.3
3992	2002	288	2851.2	5.9	7.8	0.9515	2.4	2.5
3992	2002	289	5356.8	6.8	15.3	1.2238	2.3	2.1
3992	2002	290	7344	8.9	13.9	1.0639	6	0
3992	2002	291	2678.4	6.2	9	0.8868	5.6	2
3992	2002	292	6652.8	2.6	8.5	0.743	5	0.2
3992	2002	293	4838.4	2.1	7.6	0.7594	3.4	0
3992	2002	294	2073.6	1.6	6.3	0.7698	3.6	5.1
3992	2002	295	2073.6	6.3	11.8	1.1396	2.4	1.6
3992	2002	296	2851.2	6.5	15.2	1.1946	5.6	5.5
3992	2002	297	6739.2	2.5	9.7	0.7718	4.8	0.1
3992	2002	298	5875.2	0.9	10.9	0.8076	4.9	6.8
3992	2002	299	3024	7.9	11.7	1.0412	8.1	1.3
3992	2002	300	2505.6	7.1	12.9	1.0797	7.8	8.8
3992	2002	301	4320	4.7	9.7	0.802	11.5	4.2
3992	2002	302	6220.8	4.7	9.9	0.8688	5	1
3992	2002	303	2505.6	2.2	8.1	0.8372	2.3	0.5
3992	2002	304	2160	-0.3	7.2	0.7666	1.6	0
3992	2002	305	3801.6	4.7	10.8	0.9065	3.4	4.7
3992	2002	306	5011.2	-0.8	7.7	0.704	3.5	0
3992	2002	307	4752	-3	4.3	0.5572	4.7	0
3992	2002	308	5184	-2.3	4.8	0.5216	4.9	0
3992	2002	309	6912	-4.2	3.3	0.479	1.3	0
3992	2002	310	6652.8	-4.9	1.9	0.438	4.1	0
3992	2002	311	5875.2	-5.2	1.7	0.4354	3.6	0
3992	2002	312	1814.4	-0.2	6.1	0.6947	3.8	5.3
3992	2002	313	1468.8	0.1	3.8	0.654	6.5	6.3
3992	2002	314	1468.8	0	4.8	0.668	3.8	0
3992	2002	315	1382.4	-0.4	2.7	0.6374	2.2	0.9
3992	2002	316	1382.4	1.1	7.6	0.8084	3.8	0.1
3992	2002	317	3024	6.6	10.7	0.9188	4.6	0.1
3992	2002	318	3196.8	4	8.8	0.8456	2.7	0
3992	2002	319	1296	3.8	7.2	0.8849	1	1
3992	2002	320	1296	4.7	7.5	0.9318	2.9	0.8
3992	2002	321	1728	6.7	9.6	0.964	6.8	0
3992	2002	322	3801.6	0.4	9.6	0.8198	2.4	0
3992	2002	323	1209.6	0.7	5.7	0.7147	4	0
3992	2002	324	4752	-4.4	3.2	0.4854	2.3	0
3992	2002	325	4147.2	-3.9	2.6	0.5361	3	0
3992	2002	326	1123.2	0.9	3.1	0.6916	2.6	0.4
3992	2002	327	1123.2	2.9	4.1	0.785	1	10.7
3992	2002	328	1123.2	3.1	5.8	0.8392	2.7	0
3992	2002	329	1382.4	3.6	6.4	0.8546	2.5	0
3992	2002	330	2073.6	3.8	9.9	0.9217	3.6	1.1
3992	2002	331	1900.8	3.9	7.2	0.752	2.5	0
3992	2002	332	1036.8	3.4	6.4	0.8227	3.8	0.2
3992	2002	333	1036.8	6	6.9	0.9546	2.8	0.7
3992	2002	334	1036.8	0.2	6	0.7479	3.9	7.8
3992	2002	335	1036.8	0	3.1	0.6765	1.7	0.5
3992	2002	336	3196.8	1.9	5.4	0.7458	3.5	0
3992	2002	337	1036.8	0.5	4.9	0.6899	3.4	0
3992	2002	338	1036.8	0	1	0.5765	3.1	0
3992	2002	339	1036.8	-3.1	0.5	0.5001	4.4	0
3992	2002	340	950.4	-3.2	-0.6	0.4625	5.9	0
3992	2002	341	3542.4	-6.7	-3.2	0.3089	6.9	0
3992	2002	342	3974.4	-9.3	-2.7	0.293	5.3	0
3992	2002	343	3196.8	-10.7	-6.6	0.2546	4.2	0
3992	2002	344	3801.6	-12.1	-6.7	0.2491	2.8	0
3992	2002	345	3024	-11.8	-1.8	0.2866	1.6	0
3992	2002	346	3715.2	-11	-2.7	0.3111	2.1	0
3992	2002	347	3283.2	-12.8	-5	0.2778	1.9	0
3992	2002	348	3628.8	-9	-0.7	0.3582	3.9	0
3992	2002	349	950.4	-6.3	-2	0.3416	5.7	0
3992	2002	350	950.4	-3.3	-0.3	0.4606	4.1	2.9
3992	2002	351	950.4	-2.2	0.6	0.5591	3.1	0.5
3992	2002	352	1123.2	-4.9	0.8	0.4995	3.9	0
3992	2002	353	950.4	-1.9	-0.1	0.5339	2.9	0
3992	2002	354	3369.6	-3.9	-0.9	0.4457	3.1	0
3992	2002	355	950.4	-3.2	-0.4	0.5141	3.7	0
3992	2002	356	950.4	-4	-0.3	0.4801	4	0
3992	2002	357	3628.8	-7.4	-3	0.3031	4.9	0
3992	2002	358	950.4	-6.9	-4.5	0.2199	7.3	0
3992	2002	359	1555.2	-6.9	-3.2	0.2478	5	0
3992	2002	360	950.4	-3.8	1.1	0.4429	4.1	0.1
3992	2002	361	2505.6	-1.4	2.6	0.5871	3.9	0
3992	2002	362	1555.2	1	6.1	0.6775	3.3	0
3992	2002	363	950.4	2.5	6.3	0.761	5.2	0.6
3992	2002	364	950.4	-2.7	3.4	0.564	4.3	0.4
3992	2002	365	3888	-8.4	-2.3	0.3038	3.9	0
