*---------------------------------------------------------------------------*
* Station name: ANGERMUNDE                              
* Year: 2016
* Author: Pedro Alencar                                   -999.000: NIL VALUE
* Source: ECAD 
* Comments: 
* Longitude: 53.0331, latitude: 53.0331, altitude: 54 m.
*
* Column  Daily value
* 1       station number
* 2       year
* 3       day
* 4       irradiation                   (kJ m-2 d-1)
* 5       minimum temperature           (degrees Celsius)
* 6       maximum temperature           (degrees Celsius)
* 7       early morning vapour pressure (kPa)
* 8       mean wind speed (height: 2 m) (m s-1)
* 9       precipitation                 (mm d-1)
*
** WCCDESCRIPTION=GERMANY, ANGERMUNDE                              
** WCCFORMAT=2
** WCCYEARNR=2016
*---------------------------------------------------------------------------*
   53.0331  13.9931    54.  -0.18 -0.55
3992	2016	1	950.4	-0.2	1.9	0.6433	1.6	0.1
3992	2016	2	2764.8	-10.2	0.3	0.347	6.4	0
3992	2016	3	3369.6	-11.8	-8.9	0.2115	6.5	0
3992	2016	4	1209.6	-12.9	-8.6	0.2022	5.2	0
3992	2016	5	1036.8	-12.5	-8.1	0.2152	4.2	0
3992	2016	6	1209.6	-11.9	-7.3	0.2511	2.7	0
3992	2016	7	1296	-10.3	-3.1	0.3221	3.6	2.8
3992	2016	8	1036.8	-3.2	4.5	0.5572	6.4	2.2
3992	2016	9	3974.4	-1.9	4.3	0.5931	3.1	0
3992	2016	10	1036.8	-3.2	1.3	0.5587	3.4	2.9
3992	2016	11	1036.8	-0.5	2.1	0.6474	1.9	0
3992	2016	12	1123.2	-0.1	3.5	0.6838	1.9	3.4
3992	2016	13	1123.2	-1.1	3.5	0.6331	3.7	2.2
3992	2016	14	2851.2	-1.7	3.6	0.6218	3	0
3992	2016	15	1123.2	-2.7	-0.4	0.5346	2.3	0
3992	2016	16	1555.2	-3.1	-0.3	0.5126	1.9	0.5
3992	2016	17	1555.2	-5.7	-0.8	0.4569	2	0
3992	2016	18	4492.8	-7.5	-2	0.3738	2.6	0
3992	2016	19	4320	-8.8	-3.1	0.3255	4	0
3992	2016	20	2678.4	-3.8	0	0.4359	3.7	0
3992	2016	21	2246.4	-8	-0.4	0.3672	3.4	0
3992	2016	22	5097.6	-9.5	-2.8	0.3244	2.9	0
3992	2016	23	1296	-7.5	2.6	0.4645	3.1	1.4
3992	2016	24	1296	1.8	4.1	0.7551	3.2	5.4
3992	2016	25	1382.4	2.5	8.6	0.9061	3.7	0
3992	2016	26	3542.4	5.7	10.1	0.9264	4.7	0.8
3992	2016	27	1728	7.6	11.4	0.9374	5.6	0.2
3992	2016	28	4320	2.8	10.9	0.7037	6.7	0.9
3992	2016	29	1468.8	1.2	9	0.6411	5.4	0
3992	2016	30	1468.8	3	9	0.7759	7.2	5.1
3992	2016	31	3283.2	2.2	5.3	0.5992	7.2	0
3992	2016	32	1555.2	3.5	10.5	0.8912	5.2	2.5
3992	2016	33	4233.6	5.7	10.8	0.7524	9.1	0
3992	2016	34	3715.2	3.3	6.7	0.5756	8.6	0
3992	2016	35	1641.6	0.7	3.7	0.6299	5.5	0.8
3992	2016	36	2937.6	-0.7	5.9	0.6776	3.7	0.3
3992	2016	37	3628.8	5.5	9.8	0.9108	4.2	0
3992	2016	38	5875.2	3.1	11.2	0.7891	4.4	0.6
3992	2016	39	2764.8	4.9	9.7	0.7871	6.4	3
3992	2016	40	3974.4	5.5	9.3	0.741	6.9	2.3
3992	2016	41	3542.4	1	9.2	0.6762	5.4	0.6
3992	2016	42	1900.8	1.3	4.7	0.7047	5.1	2.2
3992	2016	43	5011.2	-2.2	6.3	0.6162	3.5	0
3992	2016	44	7516.8	-4.2	6.1	0.5956	2.3	0
3992	2016	45	1987.2	0.8	4.1	0.6923	3.8	0.5
3992	2016	46	2073.6	0.8	4.2	0.7021	3.7	0.1
3992	2016	47	4406.4	-4.9	2.7	0.4624	3.3	0
3992	2016	48	7171.2	-5.3	3.9	0.5051	4	2.7
3992	2016	49	6220.8	-0.5	3.9	0.6216	2.8	0
3992	2016	50	2160	-0.1	5	0.6121	1.7	0
3992	2016	51	2246.4	-0.4	5.2	0.6463	5.1	4
3992	2016	52	3542.4	5	11.1	0.9897	5.8	8.4
3992	2016	53	2332.8	2.5	11.4	0.9181	6.7	7.3
3992	2016	54	6134.4	1.5	7.9	0.7174	5.2	0.4
3992	2016	55	6307.2	-0.1	5.6	0.603	5.5	0
3992	2016	56	6220.8	-1.4	4.7	0.5644	3.2	0.2
3992	2016	57	3456	-2.7	3.9	0.568	3.3	0
3992	2016	58	8035.2	-5	5.2	0.517	2.3	0
3992	2016	59	6998.4	-0.9	5.9	0.5924	2.6	0
3992	2016	60	2678.4	-2.6	2.4	0.5156	4	0
3992	2016	61	9158.4	-2.6	5.1	0.5551	2.5	0.1
3992	2016	62	2764.8	-0.9	8	0.6933	3.9	0.5
3992	2016	63	6134.4	-1.3	7.7	0.684	1.5	0
3992	2016	64	11232	-3.1	8.6	0.5807	2.8	0
3992	2016	65	3974.4	2.3	6.9	0.7124	4.3	1
3992	2016	66	2937.6	0.6	4.2	0.7116	2.8	8.9
3992	2016	67	4924.8	-2.3	5.4	0.6355	1.7	1.4
3992	2016	68	12355.2	-3.9	8.5	0.584	1.7	0
3992	2016	69	12009.6	-2.5	8.3	0.617	2.8	0
3992	2016	70	3801.6	0.7	7.2	0.7455	2.7	1.6
3992	2016	71	3196.8	1.7	4.7	0.6917	3.2	0
3992	2016	72	3283.2	0	4.3	0.5992	3.3	0
3992	2016	73	3283.2	-0.5	3.8	0.5712	2.7	0
3992	2016	74	3369.6	-0.6	6.7	0.6464	2.5	0
3992	2016	75	3888	2.8	6.7	0.7113	4.5	0
3992	2016	76	15120	-1.8	9.3	0.5992	2.9	0
3992	2016	77	15379.2	-3.8	12.7	0.6042	2.3	0
3992	2016	78	3542.4	1.1	7	0.7099	3.4	0.1
3992	2016	79	12614.4	3.2	10.9	0.7737	3.2	0
3992	2016	80	3628.8	1.8	7.5	0.7319	3.6	0.3
3992	2016	81	5616	1.7	8	0.7594	5.4	2.3
3992	2016	82	4579.2	2.2	9.6	0.8541	3.5	0.7
3992	2016	83	6220.8	2.3	8	0.7931	2.6	0.2
3992	2016	84	6825.6	-0.3	8.3	0.6993	2.5	0
3992	2016	85	3888	3.2	8	0.8183	3.2	0.9
3992	2016	86	17020.8	3.6	13.2	0.8152	3.1	0
3992	2016	87	14688	3.6	17.2	0.8947	4.8	0
3992	2016	88	14515.2	3.8	15.9	0.8867	4	0.8
3992	2016	89	7689.6	3.1	9.4	0.8464	4.5	8
3992	2016	90	9072	2	11.4	0.8044	4.1	0.6
3992	2016	91	10281.6	3.6	11.1	0.7795	2.6	0
3992	2016	92	17280	0.8	12.1	0.6268	2.7	0
3992	2016	93	18748.8	-0.3	15.4	0.5719	3.8	0
3992	2016	94	13219.2	4.8	18.8	0.7605	3.2	0
3992	2016	95	8294.4	8.2	20.1	1.0641	1.4	0
3992	2016	96	15638.4	7.5	22.4	1.1884	2.4	0
3992	2016	97	13824	8.5	14.1	0.9365	4.5	1.2
3992	2016	98	15120	4.9	13	0.7203	4.5	0
3992	2016	99	16675.2	1.7	13.8	0.7168	3	0
3992	2016	100	15811.2	-0.2	13.5	0.7136	2.1	0
3992	2016	101	6220.8	4	9.1	0.7961	2	1.1
3992	2016	102	7603.2	4.9	14.4	0.9229	2.7	0.1
3992	2016	103	5443.2	6.9	10.8	0.9881	1.5	2.3
3992	2016	104	10886.4	5.7	16.8	1.1868	1.6	3.3
3992	2016	105	9158.4	1.8	13.2	0.8808	3.4	0
3992	2016	106	12182.4	0.8	13.2	0.8912	3.9	6
3992	2016	107	14601.6	4	14.9	1.0406	4	1.6
3992	2016	108	14515.2	4.1	12.6	0.8015	4.2	0
3992	2016	109	15206.4	2.6	11.8	0.6396	4.8	0
3992	2016	110	16416	6.2	13.1	0.7551	7.2	0.4
3992	2016	111	15206.4	3.5	13.3	0.7601	4.5	0
3992	2016	112	23068.8	1.7	14.7	0.7608	3.6	0
3992	2016	113	21686.4	2.5	14.2	0.7136	3.8	0
3992	2016	114	17020.8	1.5	12.5	0.6609	3.3	0
3992	2016	115	16761.6	0.1	9.2	0.6383	3.6	0.1
3992	2016	116	14169.6	0.3	9.7	0.6366	3.5	2.9
3992	2016	117	9936	0.9	6.5	0.6927	3.5	2.4
3992	2016	118	11404.8	2.3	8.9	0.7456	5.2	4.9
3992	2016	119	11491.2	1.7	9.4	0.7611	4.3	2.8
3992	2016	120	21772.8	-0.1	14.5	0.6396	3.9	0
3992	2016	121	19008	5.1	18.1	0.7506	3.2	0
3992	2016	122	24624	3.4	18.3	0.8051	2.8	0
3992	2016	123	25142.4	3.9	19.1	0.9083	2.1	0
3992	2016	124	19267.2	4.2	20.1	0.9764	2.8	0
3992	2016	125	18230.4	5.1	15.4	0.8484	4.9	0
3992	2016	126	24019.2	6.5	19.5	0.9126	2.1	0
3992	2016	127	25920	5.1	23.1	0.916	2.5	0
3992	2016	128	25488	6.4	24.6	0.9145	3.3	0
3992	2016	129	24192	7.5	24.6	0.9472	3.2	0
3992	2016	130	25660.8	8.1	25.8	1.0801	3.5	0
3992	2016	131	26438.4	7.9	24.5	1.085	3.5	0
3992	2016	132	25920	7.9	25.2	1.0907	3.3	0
3992	2016	133	24019.2	10.5	24	1.2384	3.7	0
3992	2016	134	26784	6.1	20.8	0.9552	4.1	0
3992	2016	135	21081.6	6.5	15.7	0.8318	5.4	1
3992	2016	136	19094.4	5.5	13.1	0.8897	5.9	0.9
3992	2016	137	14947.2	5.4	14.8	0.8894	6	0.7
3992	2016	138	9590.4	6.1	12.4	0.8751	4.9	0.7
3992	2016	139	15379.2	6.8	19.4	0.9939	1.8	0
3992	2016	140	12268.8	11.4	21.8	1.0564	2.2	0
3992	2016	141	19785.6	10.6	22.4	1.1247	3.8	0
3992	2016	142	17539.2	12.3	23.1	1.3549	2.3	0
3992	2016	143	24278.4	12.6	27.7	1.2722	4	0
3992	2016	144	25660.8	12.6	28.7	1.4578	3.1	0
3992	2016	145	22982.4	14.3	28.1	1.8848	3.7	0.7
3992	2016	146	11145.6	13	18.8	1.6057	3.9	0
3992	2016	147	9244.8	11.6	19	1.4758	2.4	0
3992	2016	148	14601.6	10.3	20.2	1.298	2.1	0
3992	2016	149	25660.8	8.7	24.4	1.4103	2.5	0
3992	2016	150	23068.8	12.6	26.9	1.6778	4	0
3992	2016	151	19872	15.3	29.6	2.1425	3.8	13.4
3992	2016	152	11059.2	14.4	25.8	2.0433	2.1	5.8
3992	2016	153	16243.2	15.9	23.7	2.0519	3	17.4
3992	2016	154	24105.6	15	25.5	1.849	2.8	0
3992	2016	155	27475.2	14.8	27	1.6777	2.9	0
3992	2016	156	25660.8	13.9	27.8	1.7464	1.8	0
3992	2016	157	28252.8	13.8	28.2	1.6632	2.1	0
3992	2016	158	28684.8	9	23.6	1.0735	2.8	0
3992	2016	159	28598.4	7.2	25.2	1.085	1.5	0
3992	2016	160	28339.2	11.9	26.4	1.3064	3.7	0
3992	2016	161	22377.6	11.6	22.1	1.2074	2.2	0
3992	2016	162	24192	10.1	22	1.0929	5.3	0
3992	2016	163	27388.8	8.2	20.8	0.907	2.5	0
3992	2016	164	7948.8	6.8	20.1	1.0631	2.7	2
3992	2016	165	7516.8	11.8	15	1.3821	2.4	0.5
3992	2016	166	15120	13.4	21.1	1.6905	1.8	11.9
3992	2016	167	11145.6	12.3	20	1.6132	1.7	5
3992	2016	168	22032	11.9	23	1.4333	2.7	12.4
3992	2016	169	7948.8	13.6	16.2	1.5907	4.2	20.5
3992	2016	170	18144	12.9	20.9	1.6342	3.1	3.4
3992	2016	171	21254.4	11.5	22.2	1.4949	2.7	0
3992	2016	172	25315.2	10.7	22.7	1.3099	2.8	0.5
3992	2016	173	15897.6	14.8	22.3	1.7064	3.2	1.1
3992	2016	174	21859.2	14	27.4	1.7303	2.5	0
3992	2016	175	28944	16.2	30.4	1.8272	3.4	0
3992	2016	176	27043.2	19.5	33.8	2.1605	2.8	0
3992	2016	177	22291.2	17.6	33.2	2.5571	2.8	26.4
3992	2016	178	20476.8	13.5	22.5	1.5456	4.1	0.1
3992	2016	179	23760	11.9	22.8	1.3649	2.7	1
3992	2016	180	17539.2	14	21.6	1.567	2.2	3.7
3992	2016	181	20995.2	12.9	24.4	1.5239	3.8	0
3992	2016	182	19008	11.3	25	1.3938	2.5	0
3992	2016	183	22550.4	14.9	27	1.8066	2.7	0.7
3992	2016	184	17712	12.9	25.7	1.7434	4	1.1
3992	2016	185	24364.8	10.8	20.7	1.2509	3.6	0
3992	2016	186	18489.6	10.3	22.1	1.2506	2.8	0
3992	2016	187	16848	10.9	24	1.3934	3.2	3
3992	2016	188	17798.4	11.9	19.2	1.2879	8.6	0.8
3992	2016	189	23155.2	10.6	21	1.1653	4.3	0
3992	2016	190	15724.8	13.1	25.4	1.4928	3.5	2.9
3992	2016	191	12700.8	13.9	21.3	1.5273	4.6	0
3992	2016	192	20908.8	16.4	29	1.7346	3.1	0
3992	2016	193	17712	17.6	27.2	1.6223	3.7	0
3992	2016	194	14688	14.9	25.1	1.4005	2.9	0
3992	2016	195	14083.2	13	21.8	1.6073	1.9	4.3
3992	2016	196	6480	13.5	16.3	1.4045	4.3	1.5
3992	2016	197	8899.2	12.5	19.4	1.4118	6.1	0
3992	2016	198	23241.6	10	24.1	1.2616	3.2	5.3
3992	2016	199	14256	15.6	22.4	1.7989	2.8	0.5
3992	2016	200	6393.6	14.9	19.3	1.5382	3.3	0
3992	2016	201	8812.8	15.1	22	1.6851	2.6	0
3992	2016	202	20822.4	13.7	26.1	1.5775	1.4	0
3992	2016	203	26265.6	12.6	29.5	1.4442	2.3	0
3992	2016	204	26265.6	12.8	28.8	1.2506	2.6	0
3992	2016	205	22118.4	11.6	27.2	1.5743	2.6	0
3992	2016	206	23155.2	13.9	27.5	1.7791	1.4	0
3992	2016	207	24019.2	14.3	30.6	1.817	1.5	0
3992	2016	208	17971.2	13.5	28.3	1.7024	3.1	0
3992	2016	209	13132.8	12.1	25.8	1.7495	2.3	6.9
3992	2016	210	17020.8	16.3	24.7	1.9258	2.5	1.7
3992	2016	211	18748.8	16.6	25.3	1.8314	3.1	0.1
3992	2016	212	19180.8	14.9	25	1.6522	3.4	0
3992	2016	213	14256	13.6	24.9	1.7825	2	6.4
3992	2016	214	20822.4	12.8	21.2	1.4705	4.3	0
3992	2016	215	12009.6	11.8	17.3	1.4394	1.9	2.6
3992	2016	216	5875.2	10.8	21.2	1.6705	3.1	1
3992	2016	217	13564.8	17.1	25.4	2.067	3.4	6.2
3992	2016	218	8812.8	14.6	21.6	1.8041	2.1	2.7
3992	2016	219	18921.6	13.5	21.4	1.5527	4.5	1.6
3992	2016	220	21859.2	11.9	23.3	1.3866	3.7	0
3992	2016	221	18144	15.3	27	1.6285	4.7	0.1
3992	2016	222	12787.2	10.4	20.2	1.1807	3.9	0
3992	2016	223	18921.6	8.3	18.2	1.0493	3.8	0.2
3992	2016	224	18576	7.7	19.2	0.9706	4.6	0
3992	2016	225	6220.8	12.9	19.1	1.3981	3.2	0.1
3992	2016	226	17539.2	16.5	26.4	1.7862	4.7	0
3992	2016	227	12355.2	12.9	21.7	1.3606	4	0
3992	2016	228	16502.4	10.3	21.7	1.3073	3.3	0
3992	2016	229	14083.2	8.8	21.4	1.3541	3.3	8
3992	2016	230	16502.4	7.9	20.9	1.2453	2.3	0
3992	2016	231	12787.2	10.7	21	1.4208	3.2	0.4
3992	2016	232	22032	9.2	24.8	1.3157	1.5	1.1
3992	2016	233	9331.2	13.8	24.9	1.7936	2.4	4.5
3992	2016	234	13910.4	13.7	23	1.7694	2.3	3.1
3992	2016	235	16070.4	12.8	23.9	1.5377	3.7	0.1
3992	2016	236	8553.6	15	22.7	1.8473	2.6	0.4
3992	2016	237	20390.4	13.5	26.7	1.691	1.9	0
3992	2016	238	21513.6	14.8	28.2	1.5613	4	0
3992	2016	239	20995.2	15.7	31.8	1.584	3.6	0
3992	2016	240	20822.4	15.8	29.2	1.9042	2.7	0
3992	2016	241	18921.6	13	32.5	1.9056	2.8	6.2
3992	2016	242	14083.2	12.4	22.6	1.6175	4.4	0.7
3992	2016	243	17884.8	10.9	22.2	1.3727	3.5	0
3992	2016	244	20217.6	9.7	25	1.266	2.2	0
3992	2016	245	17452.8	12.2	26.3	1.4483	3	0
3992	2016	246	18662.4	13.2	24	1.4336	2.5	0
3992	2016	247	15120	15.1	25.1	1.5971	3.2	0.1
3992	2016	248	5788.8	14.5	22.1	1.7639	3.3	15.4
3992	2016	249	8035.2	11.1	21.2	1.5949	3.3	0.7
3992	2016	250	16416	9.3	21.7	1.3893	1.7	0
3992	2016	251	17971.2	9.8	24.8	1.5184	1.8	0
3992	2016	252	17712	11.7	28.5	1.691	2.3	0
3992	2016	253	16243.2	12.8	27.5	1.7905	2.7	0
3992	2016	254	17193.6	11.8	26	1.5479	1.4	0
3992	2016	255	14601.6	14.6	29.9	1.7683	1.7	0
3992	2016	256	16761.6	14	30.9	1.9255	2	0
3992	2016	257	15638.4	15.1	30.8	1.9567	2.1	0
3992	2016	258	16070.4	13.5	28.8	1.5533	3.2	0
3992	2016	259	16156.8	10.6	26.3	1.399	2.7	0
3992	2016	260	15033.6	9.9	28	1.4434	2.1	0
3992	2016	261	5875.2	13.6	23.9	1.4687	3.8	0
3992	2016	262	13046.4	10.1	21.7	1.1186	4.4	0
3992	2016	263	13564.8	7.4	19.6	0.912	2.8	0
3992	2016	264	9763.2	6	19.6	1.0632	2.1	0
3992	2016	265	9763.2	6	19.9	1.1184	2.2	0
3992	2016	266	14256	3.7	20	0.9573	1.3	0
3992	2016	267	11318.4	5	21.8	1.075	2.2	1.7
3992	2016	268	12700.8	8.2	20.1	1.1931	2.1	0
3992	2016	269	13132.8	6.7	21	1.0752	2.3	0
3992	2016	270	13564.8	5.9	22	1.0663	1.7	0
3992	2016	271	13651.2	5.3	21.1	1.0156	1.9	0
3992	2016	272	3110.4	11.5	19.7	1.1859	5	0
3992	2016	273	9504	14.8	25.6	1.3234	4.6	0
3992	2016	274	6566.4	9.9	19.7	1.1938	3.6	0
3992	2016	275	2937.6	8.5	14.9	1.2501	2.1	8
3992	2016	276	8467.2	8.6	18.3	1.3712	2.5	2.1
3992	2016	277	6566.4	5.3	14.2	1.1221	2.4	5.3
3992	2016	278	11059.2	7.2	16.2	1.0028	5.5	0.8
3992	2016	279	6825.6	7.5	12.4	1.0028	5.5	0.4
3992	2016	280	2678.4	9.3	11	1.1154	4.9	1.6
3992	2016	281	3715.2	6.6	12.3	1.0525	2.5	2.3
3992	2016	282	4320	7	12.4	1.0583	3.8	1.2
3992	2016	283	5529.6	4.1	11	0.9462	3.4	1.7
3992	2016	284	7948.8	3	10.7	0.892	1.8	2.2
3992	2016	285	2505.6	6.4	9.1	0.9803	3.3	1.2
3992	2016	286	2419.2	6.3	8.2	0.927	4.1	1.5
3992	2016	287	2419.2	4	7.7	0.8048	4.1	0
3992	2016	288	7689.6	2.2	10.9	0.7864	5.2	0
3992	2016	289	2764.8	5.6	10.4	0.922	4.5	3.6
3992	2016	290	2246.4	6.1	7.7	0.9448	3.4	0
3992	2016	291	2246.4	6.1	7.8	0.8982	4.2	0
3992	2016	292	2160	5.9	9.5	1.0084	2.3	1
3992	2016	293	2160	6.3	9.8	1.022	2.6	4.9
3992	2016	294	2073.6	5.3	8.8	0.9445	2.1	0.5
3992	2016	295	2073.6	6	7.9	0.958	2.7	2.5
3992	2016	296	2419.2	4.9	8.9	0.905	1.4	0
3992	2016	297	3542.4	4.1	8.9	0.8998	1.7	0
3992	2016	298	1987.2	5.1	8.6	0.9515	1.8	2.4
3992	2016	299	2332.8	3.3	10.7	0.9313	2.5	0.1
3992	2016	300	3369.6	1.3	8.1	0.8113	1.8	0
3992	2016	301	1814.4	4	10.3	0.9713	2.8	0.4
3992	2016	302	1814.4	7.3	12.8	1.0587	5.1	0.1
3992	2016	303	5788.8	5.7	12.2	0.8919	6	0
3992	2016	304	7084.8	3.8	11.5	0.8689	4.1	0
3992	2016	305	2419.2	2.5	10.5	0.8902	2.5	0
3992	2016	306	1641.6	5.5	11	1.0469	4	3
3992	2016	307	1987.2	2	8	0.7413	7.6	4.6
3992	2016	308	5875.2	0.3	6.9	0.6562	3.9	0.6
3992	2016	309	2419.2	2.2	7.7	0.7735	3.4	3.5
3992	2016	310	1555.2	2.5	6.8	0.7659	3.1	6.4
3992	2016	311	2073.6	2.7	7.3	0.8023	2.1	0.1
3992	2016	312	1814.4	1.1	5	0.692	2.8	0
3992	2016	313	1468.8	0.2	3.9	0.6587	3	1.4
3992	2016	314	3196.8	-2.4	3.1	0.5202	2.7	0
3992	2016	315	5011.2	-3.6	3.4	0.5399	2.2	0
3992	2016	316	4233.6	-3.4	2.9	0.552	1.7	0
3992	2016	317	5184	-5.7	2.4	0.4928	1.1	0
3992	2016	318	5702.4	-7.1	3.6	0.4677	1.1	0
3992	2016	319	5616	-6.7	4.6	0.4527	2.8	0
3992	2016	320	1296	0.8	6.7	0.6711	4.9	2.5
3992	2016	321	1296	5.1	9.8	0.9707	3.9	2.2
3992	2016	322	1555.2	6.8	9.4	0.9931	3.7	3
3992	2016	323	2332.8	5.5	13.6	0.9524	5.9	1.3
3992	2016	324	1209.6	3.1	7.5	0.7747	3.1	1.6
3992	2016	325	3974.4	1.2	10.1	0.7482	4.9	0
3992	2016	326	3628.8	6.1	11.9	0.9522	3.3	0
3992	2016	327	1123.2	4.6	10.1	0.9539	2.4	0
3992	2016	328	2851.2	2.5	8.6	0.888	1	0
3992	2016	329	4147.2	-1.5	7.4	0.7022	2.2	0
3992	2016	330	1123.2	-2.1	3.7	0.628	1.3	0
3992	2016	331	1036.8	-0.1	4.1	0.6845	4	0
3992	2016	332	4406.4	0.2	6.7	0.6023	6.1	0
3992	2016	333	3024	-3.5	3	0.45	4.7	0
3992	2016	334	3024	-3.8	2.8	0.4242	5	0
3992	2016	335	1036.8	-2.3	4.8	0.5484	6.9	2.4
3992	2016	336	1036.8	4.7	8.1	0.8648	8.2	3.8
3992	2016	337	4060.8	-0.7	6.9	0.5647	7.3	0
3992	2016	338	3974.4	-3	2.8	0.5399	2.6	0
3992	2016	339	1036.8	-1.2	2.4	0.568	2.3	0
3992	2016	340	2678.4	-4	-0.8	0.4867	2.7	0.2
3992	2016	341	950.4	-2.7	2.7	0.5743	3.5	0
3992	2016	342	950.4	-1.7	6.7	0.6801	3.8	0.3
3992	2016	343	1987.2	6.4	9.4	0.7667	7.1	2.4
3992	2016	344	1209.6	6.4	9.6	0.9006	6.3	0.1
3992	2016	345	950.4	7.9	10.2	1.0015	6	4.7
3992	2016	346	950.4	5.6	8	0.9186	4.4	13.9
3992	2016	347	3283.2	-3.5	6.5	0.5651	3.4	0
3992	2016	348	950.4	-3.5	2.1	0.5167	2.7	0.6
3992	2016	349	2419.2	-0.1	5.5	0.7047	3	0
3992	2016	350	950.4	1.8	3.7	0.5955	2.4	0
3992	2016	351	2073.6	-3.2	2.4	0.4985	3.2	0
3992	2016	352	950.4	-4.2	0.4	0.505	2.5	0.3
3992	2016	353	950.4	-0.5	4.5	0.6916	2.7	0.6
3992	2016	354	950.4	2.1	3.7	0.7223	1.5	0
3992	2016	355	950.4	-1.4	2.1	0.6142	3.3	0
3992	2016	356	1814.4	-1.9	0.3	0.5187	3.7	0
3992	2016	357	950.4	-2.4	2.5	0.558	3.3	0.4
3992	2016	358	950.4	2.2	4.4	0.6966	4.6	0.2
3992	2016	359	950.4	1.2	6.5	0.6839	5.7	3.9
3992	2016	360	950.4	3.9	9.7	0.9087	6	3.4
3992	2016	361	950.4	2.6	10.8	0.824	7.8	3.9
3992	2016	362	2160	2.1	7.2	0.6127	9.7	0
3992	2016	363	2505.6	-0.3	6.1	0.6997	3.2	0.1
3992	2016	364	950.4	-1.2	4.5	0.6057	2.5	0
3992	2016	365	3801.6	-2.3	4.3	0.5583	2.7	0
3992	2016	366	3801.6	-0.4	3.5	0.5672	4.5	0
