*---------------------------------------------------------------------------*
* Station name: ANGERMUNDE                              
* Year: 1993
* Author: Pedro Alencar                                   -999.000: NIL VALUE
* Source: ECAD 
* Comments: 
* Longitude: 53.0331, latitude: 53.0331, altitude: 54 m.
*
* Column  Daily value
* 1       station number
* 2       year
* 3       day
* 4       irradiation                   (kJ m-2 d-1)
* 5       minimum temperature           (degrees Celsius)
* 6       maximum temperature           (degrees Celsius)
* 7       early morning vapour pressure (kPa)
* 8       mean wind speed (height: 2 m) (m s-1)
* 9       precipitation                 (mm d-1)
*
** WCCDESCRIPTION=GERMANY, ANGERMUNDE                              
** WCCFORMAT=2
** WCCYEARNR=1993
*---------------------------------------------------------------------------*
   53.0331  13.9931    54.  -0.18 -0.55
3992	1993	1	3369.6	-9.8	-2.3	0.3425	2	0
3992	1993	2	3542.4	-12	-6.6	0.248	3.1	0
3992	1993	3	3283.2	-14.5	-7.6	0.2106	3.9	0
3992	1993	4	2937.6	-13.9	-8.5	0.2055	3.3	0
3992	1993	5	3283.2	-12.3	0.5	0.2716	4.9	0.3
3992	1993	6	1036.8	0.4	5.4	0.7298	5.3	7.8
3992	1993	7	1036.8	1.5	6.2	0.7724	3.7	0
3992	1993	8	1728	-0.4	7.3	0.6727	6.7	0
3992	1993	9	1814.4	-0.6	5.3	0.6295	6.1	1.6
3992	1993	10	1036.8	5.3	9.1	0.9137	6.8	1.6
3992	1993	11	1036.8	8.1	11.1	0.9437	9.7	3.5
3992	1993	12	1123.2	0.8	9.9	0.831	6	8.9
3992	1993	13	2764.8	1.6	6.1	0.6598	8.3	0
3992	1993	14	3542.4	3.7	13.6	0.7619	11.9	0.1
3992	1993	15	2246.4	0.3	7	0.5792	6.5	0
3992	1993	16	2937.6	7	12.9	0.8682	9.6	0
3992	1993	17	4406.4	7.7	13.7	0.8871	6.7	0
3992	1993	18	3110.4	3.3	10.1	0.7357	6.7	0
3992	1993	19	2160	-0.5	6	0.6551	6.7	2.3
3992	1993	20	1209.6	3.9	9.4	0.9092	6.7	6.5
3992	1993	21	3369.6	5.4	10.3	0.7959	6.7	0.3
3992	1993	22	2419.2	6.3	13	0.8749	12.8	0.3
3992	1993	23	3456	1.8	6.4	0.6633	10.2	2.1
3992	1993	24	2764.8	2.7	10.8	0.7383	13.5	4.7
3992	1993	25	2332.8	0.3	5.4	0.6523	10.4	0.1
3992	1993	26	1382.4	-0.9	2.4	0.5741	11.9	0.3
3992	1993	27	5270.4	-5.6	2.1	0.4515	2.9	0
3992	1993	28	4233.6	-5.2	0.2	0.4628	3.5	0
3992	1993	29	1468.8	-5.8	-2.7	0.4239	1.3	0
3992	1993	30	4406.4	-6.7	-3.3	0.3879	1.9	0
3992	1993	31	5616	-9.1	0	0.3402	2.4	0
3992	1993	32	1555.2	-7.4	1	0.4393	1.4	0
3992	1993	33	4492.8	-5.6	0.7	0.4492	3.2	0
3992	1993	34	1641.6	-0.8	0.6	0.5884	4.3	0
3992	1993	35	1641.6	-2.9	1.4	0.5611	3.8	0
3992	1993	36	1641.6	-0.4	2.1	0.6303	7	0.5
3992	1993	37	1728	1	3.6	0.6993	7	3
3992	1993	38	2764.8	-2.9	1.3	0.5418	1.8	0
3992	1993	39	1814.4	-0.6	4	0.6562	3	0.1
3992	1993	40	1814.4	3	4.7	0.7966	1.1	0.3
3992	1993	41	1814.4	0.2	3.4	0.6887	1.9	0
3992	1993	42	1900.8	-0.8	0.5	0.5923	4.5	0
3992	1993	43	5529.6	-1	4.2	0.6378	3.5	0
3992	1993	44	1987.2	-1	0.9	0.6027	1	0
3992	1993	45	1987.2	-0.3	2.9	0.6578	1.3	0
3992	1993	46	4233.6	-0.4	3.7	0.5506	4.4	0.6
3992	1993	47	2073.6	-2.4	0.6	0.5665	3.9	3.8
3992	1993	48	2937.6	0.6	7.8	0.8164	7	0.5
3992	1993	49	5097.6	-2.2	3.9	0.6238	4.7	2.2
3992	1993	50	4838.4	1.6	5.1	0.7612	8.4	2.5
3992	1993	51	4665.6	-0.7	5	0.5278	8.8	4.6
3992	1993	52	3283.2	-3.8	2.1	0.5456	8.9	1.4
3992	1993	53	9158.4	-7.7	-1.1	0.3485	5.7	0.1
3992	1993	54	5616	-8.9	-0.3	0.3998	5.6	0.4
3992	1993	55	2419.2	-1.2	-0.3	0.5264	8.5	1.1
3992	1993	56	2419.2	-1	0.2	0.5816	4.6	0.5
3992	1993	57	5961.6	-3.5	1.4	0.5037	4.6	0.1
3992	1993	58	2505.6	-6.8	2.6	0.4557	4.6	0.3
3992	1993	59	4060.8	-4.1	1.4	0.4927	4.6	0
3992	1993	60	10022.4	-1.5	2.9	0.5271	7.3	0
3992	1993	61	9849.6	-3.4	1.2	0.4285	7.3	0
3992	1993	62	9849.6	-6.6	-0.3	0.3695	7.3	0.2
3992	1993	63	10454.4	-5.3	-0.1	0.4008	7.3	0
3992	1993	64	6480	-6.7	0.3	0.4344	7.3	0
3992	1993	65	8035.2	0.2	7.3	0.6791	7.3	0
3992	1993	66	10886.4	-0.3	6.2	0.6041	7.3	0
3992	1993	67	7948.8	-3.9	3.9	0.5194	7.3	0
3992	1993	68	12268.8	-4.5	4.7	0.4554	7.3	0
3992	1993	69	11232	-4	8.5	0.5101	7.3	0
3992	1993	70	6998.4	-1.3	6.3	0.6289	7.3	0
3992	1993	71	7344	-3	9.4	0.6456	0.7	0
3992	1993	72	4924.8	0.2	11.8	0.7759	1.6	0
3992	1993	73	8467.2	2.4	14.4	0.8813	1.4	0
3992	1993	74	11836.8	0.6	16.4	0.8319	1.6	0
3992	1993	75	7344	7.7	16.2	1.0055	6.3	1
3992	1993	76	3456	7.1	9.5	1.0067	8.5	1.8
3992	1993	77	3974.4	8.5	11.3	1.0725	8.2	1.5
3992	1993	78	13737.6	2.2	9.3	0.6339	9.7	0
3992	1993	79	8208	4.1	11.1	0.7512	6.9	0
3992	1993	80	10800	0.7	16.3	0.6544	3.5	0
3992	1993	81	6134.4	7.5	15.4	0.9594	2.6	0.4
3992	1993	82	12787.2	5.3	11	0.6932	6.7	0
3992	1993	83	15379.2	1.7	9.3	0.623	6.6	0
3992	1993	84	11750.4	0	7.8	0.6863	5	0.6
3992	1993	85	14774.4	-2.7	6.8	0.5524	4.4	0.1
3992	1993	86	10022.4	-4.6	4	0.55	2.8	0.6
3992	1993	87	14774.4	-2	5.7	0.5655	4.5	0.2
3992	1993	88	4060.8	-0.9	2.5	0.6151	6.5	3.1
3992	1993	89	4147.2	-0.6	2.1	0.6129	4.9	0.1
3992	1993	90	12873.6	-0.9	7.4	0.6016	2.8	0
3992	1993	91	11145.6	1.8	11.1	0.6846	5.3	0
3992	1993	92	17971.2	-0.4	11.2	0.6546	5.6	0
3992	1993	93	4320	5	7.7	0.881	3.1	0.4
3992	1993	94	4406.4	2.8	8.8	0.8297	1.2	0
3992	1993	95	9244.8	-1.1	11.1	0.7326	2.1	0.9
3992	1993	96	8380.8	4.3	10.9	0.8868	3.8	1.1
3992	1993	97	7084.8	5.6	10.6	1.0039	2.8	5.4
3992	1993	98	4579.2	3.1	6.6	0.794	5.4	0
3992	1993	99	11145.6	-1.7	4.3	0.5101	4.3	0
3992	1993	100	18835.2	-5.4	7.2	0.45	3.3	0
3992	1993	101	19440	-4.1	8.1	0.4869	4.3	0
3992	1993	102	19094.4	-2.7	10.1	0.5653	3.9	0
3992	1993	103	19526.4	-1.7	11.9	0.5972	3.4	0
3992	1993	104	17625.6	-0.5	15.3	0.5969	2.8	0
3992	1993	105	18921.6	2.1	15.1	0.6142	3.8	0
3992	1993	106	21168	0.6	14.3	0.6506	1.8	0
3992	1993	107	16848	2.6	16.8	0.7095	4.8	0.1
3992	1993	108	8208	8.1	13.7	1.0814	5.8	7
3992	1993	109	20649.6	2.8	11.9	0.6872	7.3	0
3992	1993	110	16416	1	13.5	0.6316	2.3	0
3992	1993	111	19958.4	4.5	22.9	0.8769	5.3	0
3992	1993	112	20217.6	9.1	21.4	1.2807	2.3	0
3992	1993	113	20044.8	8.4	20.8	1.1785	2.7	0
3992	1993	114	22032	9.9	26.3	1.1405	4.2	0
3992	1993	115	19353.6	10.4	26.2	0.9029	5.2	0
3992	1993	116	23155.2	11.4	27.2	0.894	4.7	0
3992	1993	117	22204.8	9	28	1.1482	2.1	0
3992	1993	118	22464	9.4	27.7	1.1305	2.9	0
3992	1993	119	23068.8	10.3	27.1	1.2703	3.6	0
3992	1993	120	23328	8.3	26.5	1.1311	4	0
3992	1993	121	23414.4	9.7	26	1.0411	2.6	0
3992	1993	122	20390.4	10.9	25.2	1.3023	3	2.6
3992	1993	123	5702.4	8.4	15.4	1.2945	3.5	0
3992	1993	124	23587.2	2.7	14.9	0.6452	3.7	0
3992	1993	125	22896	1.7	15.1	0.6169	2.2	0.5
3992	1993	126	5875.2	6.2	11.6	1.0484	3.4	0
3992	1993	127	19094.4	7.9	25.4	1.3436	2.8	0
3992	1993	128	22809.6	8.8	25.4	1.2267	3	0
3992	1993	129	22896	11.4	25.6	1.1482	4.5	0
3992	1993	130	23328	9.4	25.2	0.9662	2.9	0
3992	1993	131	22291.2	10.9	26.4	0.9873	3.9	0
3992	1993	132	25228.8	9.3	26.6	0.945	2.7	0
3992	1993	133	25401.6	12.5	27.9	1.0162	3.1	0
3992	1993	134	24105.6	13.4	26.4	1.3223	2.7	0.2
3992	1993	135	20304	12.7	21.5	1.4993	2.7	0.8
3992	1993	136	21945.6	9.2	17.9	0.9304	4.1	0
3992	1993	137	26438.4	3.9	21.6	0.6771	3.1	0
3992	1993	138	27129.6	6.7	24.6	0.8345	3.9	0
3992	1993	139	26352	11.2	28.1	1.2563	3.4	0
3992	1993	140	25833.6	12.3	29.7	1.6384	2.9	6
3992	1993	141	21686.4	15.2	29	1.9381	3.3	14.6
3992	1993	142	6393.6	13.3	16.9	1.697	3.7	3.5
3992	1993	143	17452.8	13.3	20.3	1.643	2.5	0
3992	1993	144	22809.6	10.8	22.7	1.5807	1.1	0
3992	1993	145	24624	11	24.4	1.5773	2.5	0
3992	1993	146	14515.2	9.8	16.8	1.2053	3.3	0.2
3992	1993	147	6480	8.2	12.7	1.1759	3.1	6.5
3992	1993	148	13305.6	11.9	19.4	1.5981	2.8	1.5
3992	1993	149	15292.8	8.9	16.1	1.2018	5.9	0
3992	1993	150	21254.4	8.8	23	1.3351	2.5	7.3
3992	1993	151	25401.6	11.7	20.3	1.4708	5.1	0.8
3992	1993	152	21168	10.2	19.5	1.2313	4.6	0
3992	1993	153	21686.4	9.3	22.4	1.3668	1.6	0
3992	1993	154	10800	12.2	18.7	1.3849	3.8	0
3992	1993	155	26438.4	10	22.5	1.0147	3.2	0
3992	1993	156	27475.2	5.6	24.5	0.991	1.4	0
3992	1993	157	11491.2	10.6	24.8	1.4156	1.5	0
3992	1993	158	25920	10.9	22.2	1.3539	3.9	0
3992	1993	159	26092.8	8.8	23.5	1.1183	1.5	0
3992	1993	160	28598.4	8.1	26	1.0481	2.1	0
3992	1993	161	26265.6	10.5	29.6	1.1707	2.7	0
3992	1993	162	20563.2	14.3	28	1.6786	3.3	0.9
3992	1993	163	6739.2	12.2	20.6	1.844	5.2	52.3
3992	1993	164	6739.2	11.9	15.1	1.5302	8.1	11.6
3992	1993	165	14256	10.4	17.8	1.2856	4.7	0
3992	1993	166	21600	10.7	17.2	1.0186	5.1	0
3992	1993	167	13651.2	7.4	18.6	1.1819	4.8	5.8
3992	1993	168	16934.4	12.4	18	1.4491	5.4	1
3992	1993	169	16329.6	10.1	18.7	1.3928	4.6	2.2
3992	1993	170	7948.8	13.8	18.5	1.6499	4	0.8
3992	1993	171	20044.8	12	18.5	1.3846	5.2	0.9
3992	1993	172	20649.6	8.3	18.3	1.0832	3.8	0
3992	1993	173	15120	11.2	18.6	1.2692	2.4	0
3992	1993	174	18576	8.3	19.5	1.1898	1.5	1.9
3992	1993	175	21859.2	10.1	15.7	1.1891	7	1.3
3992	1993	176	19699.2	8.2	15.9	1.0403	7.7	0.5
3992	1993	177	16588.8	8.2	16.8	1.1728	6.2	0
3992	1993	178	14428.8	10	18.2	1.3017	4.3	6.2
3992	1993	179	21859.2	9.7	18.6	1.3704	3.6	0
3992	1993	180	24796.8	8.5	23.3	1.3532	2.7	0
3992	1993	181	27734.4	9.3	20.4	1.1807	4.8	0
3992	1993	182	25401.6	6.3	22.4	1.2249	0.8	0
3992	1993	183	27648	9.8	27	1.3735	0.6	0
3992	1993	184	18144	12.7	22.6	1.3506	3.7	0
3992	1993	185	19440	17.8	24.2	1.9115	5.4	0
3992	1993	186	14774.4	13.8	23.8	1.6682	2.6	0.4
3992	1993	187	13651.2	11.3	18	1.2156	6.9	1.1
3992	1993	188	18057.6	10	16.7	1.2398	8.9	6.1
3992	1993	189	20908.8	9.5	19.7	1.2449	5.3	0
3992	1993	190	24969.6	12.4	28.8	1.3564	5.1	0
3992	1993	191	18748.8	12.8	29.4	2.123	3.6	1.5
3992	1993	192	6566.4	9.4	15.2	1.4005	3.3	34.8
3992	1993	193	16934.4	9	22.1	1.4291	4.8	1.3
3992	1993	194	21081.6	7.8	20.7	1.3306	5.2	0.9
3992	1993	195	24537.6	7.3	23.2	1.2288	2.5	2.5
3992	1993	196	13824	12.6	21.2	1.5189	1.6	3.7
3992	1993	197	21254.4	12.5	21.6	1.5334	1.4	0
3992	1993	198	15292.8	12.5	23	1.7649	3	1.4
3992	1993	199	22723.2	13.7	21.5	1.6277	3.3	0.6
3992	1993	200	16243.2	11.4	24	1.638	1.4	3.1
3992	1993	201	18316.8	14.4	22.2	1.6589	2.2	4.8
3992	1993	202	14083.2	11.4	18	1.4033	4.3	1.2
3992	1993	203	20822.4	11.5	20.1	1.3983	4.9	0
3992	1993	204	16329.6	11.5	18.5	1.3795	5.4	9.8
3992	1993	205	21168	14	23.8	1.8095	5.9	0.4
3992	1993	206	19872	13.6	23	1.5749	5.8	1.3
3992	1993	207	18662.4	10.3	20	1.2897	5.3	6.2
3992	1993	208	15984	10.4	18.5	1.463	4.8	6.1
3992	1993	209	14083.2	13.6	21	1.755	5	2.1
3992	1993	210	20476.8	12.2	22.2	1.5284	3.5	0
3992	1993	211	20908.8	16.3	28.1	1.8698	3.4	0
3992	1993	212	15984	13.3	22.5	1.925	3.7	5.7
3992	1993	213	19699.2	12	20.4	1.4345	3.2	0
3992	1993	214	22550.4	10.6	25	1.4042	2.5	0
3992	1993	215	21945.6	14.5	27	1.7846	2.8	2
3992	1993	216	17798.4	13.5	24.5	1.7769	1.7	0.1
3992	1993	217	11404.8	14	23.5	1.8574	1.6	0.4
3992	1993	218	13910.4	13.9	19.4	1.6086	6.8	3.3
3992	1993	219	19008	13.2	20	1.5469	5.3	0
3992	1993	220	9936	14.5	20.5	1.6774	1.4	0.1
3992	1993	221	20044.8	12.9	22.4	1.7337	2.5	5.8
3992	1993	222	9244.8	12.4	19.4	1.6599	4.5	1.2
3992	1993	223	20736	9.4	18.9	1.0802	5.5	0
3992	1993	224	20044.8	13.5	24.8	1.5057	5.2	0
3992	1993	225	22982.4	12.2	23.3	1.4809	4.5	0
3992	1993	226	23241.6	7.6	24.7	1.1916	2.6	0
3992	1993	227	20649.6	12.3	30.3	1.9722	1.9	0
3992	1993	228	18403.2	16.3	26.9	2.0345	2.4	0
3992	1993	229	22032	11.9	20.5	1.1586	4.6	0
3992	1993	230	15120	9	18.1	1.101	3.6	0
3992	1993	231	10108.8	10.1	19.4	1.324	2.2	0
3992	1993	232	15120	10.1	22.9	1.1622	2.9	0
3992	1993	233	10627.2	13.3	21.3	1.4198	5.1	0
3992	1993	234	11232	9.9	18.7	1.335	2.8	4.5
3992	1993	235	17712	9.8	17.7	1.0997	5	0
3992	1993	236	19785.6	9.4	18.2	1.1978	4.9	0.7
3992	1993	237	13824	10.8	18.1	1.2822	4.2	2.2
3992	1993	238	16243.2	10	18.2	1.2696	3.5	0
3992	1993	239	11404.8	7.8	17.9	1.1704	1.5	0.1
3992	1993	240	19699.2	6.2	17.6	1.0996	3.3	0.3
3992	1993	241	15897.6	6.5	19.3	1.1296	3.1	0.6
3992	1993	242	7776	9.7	15.2	1.2556	5.3	8.3
3992	1993	243	5616	8.8	15.5	1.2452	4.8	12.2
3992	1993	244	12268.8	10.9	17.4	1.4672	4.2	0.4
3992	1993	245	4406.4	8	14.1	1.2238	3.3	6.5
3992	1993	246	11318.4	12.8	17.6	1.3974	4.3	1.8
3992	1993	247	13737.6	8	16	1.1349	5.1	10.5
3992	1993	248	15897.6	6.8	16.4	1.1054	3.1	0
3992	1993	249	9763.2	6	14.6	1.0891	5.2	3.4
3992	1993	250	9417.6	9.7	16.6	1.254	2.1	0
3992	1993	251	11923.2	4.6	18.9	1.1715	2.5	5.4
3992	1993	252	13132.8	14	23.4	1.787	2.3	3.7
3992	1993	253	3974.4	14.2	17.7	1.7376	2.5	0.1
3992	1993	254	10108.8	13	19.5	1.5128	2.8	0
3992	1993	255	5875.2	8.6	15	1.2998	2.5	0.5
3992	1993	256	6393.6	9.4	13.2	1.1238	5.4	18.6
3992	1993	257	7171.2	10	15.1	1.351	3.3	0
3992	1993	258	10108.8	11.3	17	1.2576	4.6	0.9
3992	1993	259	4752	10.8	15.3	1.411	2.8	9.7
3992	1993	260	7862.4	7.1	11.7	1.0018	4.2	0
3992	1993	261	6998.4	7.9	12.7	1.1016	3	2.3
3992	1993	262	14169.6	1.6	14.7	0.8232	1.7	0
3992	1993	263	14774.4	3.1	17.5	0.8888	4.1	0
3992	1993	264	12182.4	9.6	22.6	1.4071	4.3	0.1
3992	1993	265	7948.8	12.2	22.7	1.7916	2.2	0
3992	1993	266	4060.8	13	18.1	1.6055	3.1	0
3992	1993	267	3283.2	11.3	15.6	1.3404	3.9	0
3992	1993	268	10540.8	10.9	21.3	1.4984	3.8	13.1
3992	1993	269	3888	11.5	16.6	1.3616	2.4	0.1
3992	1993	270	3196.8	10.6	12.3	1.135	1.6	0.1
3992	1993	271	5443.2	8.8	15.1	1.2569	1.2	0
3992	1993	272	11836.8	5.9	14.2	0.9603	3.5	0
3992	1993	273	12268.8	3.1	11.7	0.6793	4.8	0
3992	1993	274	8467.2	2.9	12.6	0.7062	6.2	0
3992	1993	275	9158.4	8.4	18	1.0762	5.8	1.1
3992	1993	276	3456	11.5	15.9	1.2527	6.8	1.1
3992	1993	277	12096	10.5	18	1.1846	4.8	0
3992	1993	278	11145.6	10	19.3	1.2988	3.4	0
3992	1993	279	7430.4	10.7	17.2	1.321	3.3	0.3
3992	1993	280	8726.4	9	18.2	1.338	1.7	0
3992	1993	281	8121.6	4.3	18.7	1.1659	3.1	4.3
3992	1993	282	2592	9.6	14.8	1.3345	3.2	8
3992	1993	283	9936	8.1	16	1.0965	3	0
3992	1993	284	3542.4	7.6	15.4	1.2472	2.4	6.8
3992	1993	285	4665.6	8.6	18.1	1.2705	4.5	0.1
3992	1993	286	7689.6	12.2	17.4	1.3115	5.5	0
3992	1993	287	2851.2	10.6	14.8	1.247	3.7	3.2
3992	1993	288	3283.2	3.3	14.6	1.0176	3.7	0.2
3992	1993	289	9072	2.1	9.6	0.7493	4	0.1
3992	1993	290	9504	0.9	10.1	0.6953	4.4	0
3992	1993	291	9244.8	-2.1	9.1	0.628	1.6	0
3992	1993	292	8726.4	-4.2	9.5	0.5544	1.4	0
3992	1993	293	6307.2	-2.9	8.7	0.6245	1.7	1.1
3992	1993	294	5097.6	4.7	8.1	0.8168	1.9	0.3
3992	1993	295	4147.2	4.3	9	0.831	2.8	0
3992	1993	296	1987.2	5	7	0.7478	6.8	0
3992	1993	297	2851.2	4.8	7.5	0.7462	4.6	0
3992	1993	298	3715.2	1	8.9	0.7474	3.1	0
3992	1993	299	3283.2	1.8	7.8	0.7654	3.4	0
3992	1993	300	1900.8	5.6	8.6	0.9175	0.6	0
3992	1993	301	1814.4	6.4	8.1	0.8862	0.9	0
3992	1993	302	1814.4	2	6.8	0.7359	2.9	0
3992	1993	303	7603.2	-0.9	8.7	0.654	3	0
3992	1993	304	5875.2	-4.3	8.2	0.6258	1	0
3992	1993	305	6652.8	-4.8	7.1	0.5777	0.6	0
3992	1993	306	1641.6	-3.2	5.5	0.6308	1.4	0
3992	1993	307	1641.6	-0.5	1.9	0.6299	1.4	0
3992	1993	308	1641.6	0.5	3	0.6863	1	0
3992	1993	309	1555.2	0.7	5.5	0.7631	2.8	0
3992	1993	310	1555.2	1.2	3.9	0.7266	6	1.9
3992	1993	311	1555.2	3.7	6	0.8457	2.9	1.5
3992	1993	312	1468.8	5.4	6.7	0.9099	1.1	3
3992	1993	313	1468.8	5.5	7.6	0.9515	3.2	0.4
3992	1993	314	1468.8	4.5	7.4	0.9036	2.8	0
3992	1993	315	1382.4	1.5	6.1	0.7296	6.5	0.9
3992	1993	316	2764.8	2.4	7	0.8113	3.2	1.1
3992	1993	317	3110.4	-0.9	6	0.7046	2.8	0
3992	1993	318	1296	-0.1	3.2	0.6492	6.7	7.2
3992	1993	319	1296	-0.1	3.7	0.6748	6.7	0.7
3992	1993	320	1296	0.9	2	0.6445	6.7	0.2
3992	1993	321	1296	-2.6	2.2	0.554	1.4	0
3992	1993	322	4147.2	-4.4	0.3	0.489	0.6	0
3992	1993	323	1209.6	-3.6	1.6	0.5453	2.9	1.5
3992	1993	324	3369.6	-7.2	1	0.4182	6.4	0.5
3992	1993	325	1209.6	-8	-5.9	0.3051	7.5	0.2
3992	1993	326	1123.2	-5.9	-2.8	0.4118	3.5	4.5
3992	1993	327	2332.8	-6.4	-2.8	0.3824	3.9	0
3992	1993	328	1123.2	-9.7	-4.4	0.3316	1.6	0
3992	1993	329	3110.4	-7.1	-1.3	0.4165	1.9	0
3992	1993	330	1123.2	-10.7	-1.4	0.3619	1.8	0
3992	1993	331	1036.8	-3.1	-0.8	0.4873	2.7	0
3992	1993	332	1036.8	-3.8	-1	0.4611	3.7	0
3992	1993	333	1036.8	-8.1	-3.7	0.3582	1.7	0
3992	1993	334	1036.8	-10.3	-5.8	0.3135	2.1	0
3992	1993	335	1036.8	-8.7	-5.1	0.3391	3.8	0
3992	1993	336	1036.8	-6.5	3.7	0.5185	5.4	0.8
3992	1993	337	1036.8	3.5	8.9	0.9099	7.2	0
3992	1993	338	1987.2	5.5	9.1	0.8586	6.2	0
3992	1993	339	1382.4	3.6	9.9	0.8662	7.1	0
3992	1993	340	950.4	5.9	7.3	0.8866	5.2	0
3992	1993	341	2851.2	1.8	6.2	0.7074	5.7	3
3992	1993	342	950.4	1	3.7	0.6367	6	6.8
3992	1993	343	950.4	1.7	8.5	0.7904	10.3	10.2
3992	1993	344	1382.4	1	6.1	0.7248	6.6	3
3992	1993	345	950.4	3.1	6.3	0.7003	8.2	0.7
3992	1993	346	1814.4	2.6	4.8	0.6927	7.9	0
3992	1993	347	950.4	0.3	3.5	0.6867	3.1	7.4
3992	1993	348	950.4	-1.9	6.3	0.6944	3.8	0.6
3992	1993	349	950.4	-1.7	2.9	0.5999	4.3	2.7
3992	1993	350	1728	2.3	6.2	0.6869	7	0.1
3992	1993	351	1728	3.5	5.9	0.7515	9.3	1.3
3992	1993	352	1123.2	0.6	6.7	0.7537	5	0
3992	1993	353	950.4	6.7	11.9	1.0536	10	4.8
3992	1993	354	950.4	0.4	11.2	0.7836	7.1	0
3992	1993	355	2419.2	-3.2	3.9	0.564	0.7	0
3992	1993	356	2332.8	-2.9	2.1	0.546	5.9	6.4
3992	1993	357	2073.6	0.9	4.1	0.6655	6.6	0.6
3992	1993	358	950.4	0.1	1.7	0.6521	2.9	4.8
3992	1993	359	950.4	0.1	1.1	0.6382	1.2	6.7
3992	1993	360	950.4	0	0.8	0.629	1.5	1.4
3992	1993	361	1555.2	-1.7	0.9	0.5935	1.7	0.4
3992	1993	362	950.4	-3.6	-0.2	0.5157	3	0
3992	1993	363	3283.2	-5.4	-2	0.4231	4.1	0.1
3992	1993	364	2332.8	-3.1	5	0.6283	4.9	2.6
3992	1993	365	2160	3.9	8.9	0.884	6.3	6.7
