*---------------------------------------------------------------------------*
* Station name: KOLN-BONN                               
* Year: 1988
* Author: Pedro Alencar                                   -999.000: NIL VALUE
* Source: ECAD 
* Comments: 
* Longitude: 50.8658, latitude: 50.8658, altitude: 92 m.
*
* Column  Daily value
* 1       station number
* 2       year
* 3       day
* 4       irradiation                   (kJ m-2 d-1)
* 5       minimum temperature           (degrees Celsius)
* 6       maximum temperature           (degrees Celsius)
* 7       early morning vapour pressure (kPa)
* 8       mean wind speed (height: 2 m) (m s-1)
* 9       precipitation                 (mm d-1)
*
** WCCDESCRIPTION=GERMANY, KOLN-BONN                               
** WCCFORMAT=2
** WCCYEARNR=1988
*---------------------------------------------------------------------------*
   50.8658  7.1583    92.  -0.18 -0.55
3996	1988	1	3283.2	4.8	10.6	0.8194	3.9	7.1
3996	1988	2	1036.8	7.4	13.5	0.923	6.7	4.1
3996	1988	3	2073.6	7.5	9.8	0.8179	5.8	0.3
3996	1988	4	2851.2	5.9	11	0.818	6	4.4
3996	1988	5	1382.4	6.9	12.9	0.8775	4.9	3.7
3996	1988	6	2851.2	7.9	13	0.8092	5.7	0
3996	1988	7	1296	3.8	8.7	0.7323	5.5	1.9
3996	1988	8	1814.4	0.4	6.5	0.6884	2.8	1.9
3996	1988	9	1382.4	0	6.5	0.5553	5	0.1
3996	1988	10	1123.2	4.2	8.3	0.8845	3.3	3.7
3996	1988	11	4147.2	2	8.8	0.6815	3.8	0.7
3996	1988	12	4924.8	0.4	6	0.6225	3.7	0
3996	1988	13	3456	0.3	6.8	0.5514	6.3	0
3996	1988	14	2419.2	1.4	8.5	0.6518	4.9	0
3996	1988	15	1209.6	1.6	6.2	0.6944	1.7	0
3996	1988	16	1209.6	3	8.4	0.8148	2	3.6
3996	1988	17	1296	3.8	7	0.8519	1.4	0.3
3996	1988	18	2332.8	-1.8	4.3	0.6286	3	0
3996	1988	19	3196.8	2.1	6.6	0.7417	4.5	0
3996	1988	20	2851.2	1.8	5.3	0.6617	5.9	0
3996	1988	21	3024	2.2	7.5	0.6731	2.8	0
3996	1988	22	1382.4	1.2	4.7	0.6494	6.8	4.3
3996	1988	23	2678.4	1.3	5.1	0.6302	4.6	9.4
3996	1988	24	2160	2.3	9.3	0.8297	3.5	7.7
3996	1988	25	3024	4.5	12	0.7852	6	0.3
3996	1988	26	2505.6	6.7	10.6	0.8628	5.3	2.5
3996	1988	27	5097.6	2.8	9.6	0.7108	2.3	5.4
3996	1988	28	1468.8	4.3	9.8	0.9043	3.9	8
3996	1988	29	2073.6	6	9.7	0.8808	5.9	0.5
3996	1988	30	2678.4	4	8.1	0.7316	3.6	1.6
3996	1988	31	1555.2	0.9	5.4	0.5974	3.9	0.8
3996	1988	32	1641.6	0.5	8.2	0.6834	5.5	15.3
3996	1988	33	4406.4	4.7	10.2	0.7126	6.3	5.9
3996	1988	34	3283.2	2.9	10	0.7521	5	2.7
3996	1988	35	3542.4	5	9.7	0.6667	5.9	0.5
3996	1988	36	5097.6	3.2	8.9	0.7223	4.3	3.1
3996	1988	37	2246.4	4.2	11.2	0.8614	4.3	1.9
3996	1988	38	3715.2	1.3	5.7	0.6359	3.1	2.8
3996	1988	39	3369.6	1.2	4.5	0.6223	6.4	0.9
3996	1988	40	3542.4	1.2	8.3	0.677	5.7	3.5
3996	1988	41	1900.8	2	5.7	0.5552	7.4	0.9
3996	1988	42	4060.8	0.8	7	0.646	5.2	2.6
3996	1988	43	2419.2	0.6	5.8	0.6763	3.3	6
3996	1988	44	8294.4	-3.4	7.5	0.5383	3.3	0
3996	1988	45	8380.8	-0.4	8.6	0.4831	5	0
3996	1988	46	9158.4	-1.6	7.9	0.5131	4.6	0
3996	1988	47	6480	-1.9	9.9	0.7074	3.1	0
3996	1988	48	2678.4	-0.4	5.8	0.6083	4.8	1
3996	1988	49	2505.6	4.5	7.2	0.7863	4.9	2
3996	1988	50	4320	4.7	8.2	0.6846	6	3
3996	1988	51	8467.2	1.7	8.4	0.6563	3.4	0
3996	1988	52	4060.8	2.7	8.7	0.7416	1.7	0
3996	1988	53	6048	3.6	8.9	0.7323	2.4	0.7
3996	1988	54	6393.6	3	6.4	0.6661	5.4	6.4
3996	1988	55	6048	0.6	3.6	0.6113	3.9	1.1
3996	1988	56	3196.8	-0.2	1.8	0.5438	4.6	0.6
3996	1988	57	2419.2	-0.2	1.3	0.5786	5.5	1.5
3996	1988	58	2505.6	0.4	1.4	0.5804	3	0.8
3996	1988	59	5097.6	-0.3	6.3	0.6138	5.1	6.7
3996	1988	60	4233.6	0.2	4.1	0.6134	6.9	4.2
3996	1988	61	3196.8	-0.1	2.7	0.6309	4.7	3.5
3996	1988	62	8726.4	-1	4.9	0.6047	2.2	2
3996	1988	63	2851.2	-0.3	4.2	0.5133	4.1	3.8
3996	1988	64	2937.6	0.2	3.2	0.67	1.8	7.8
3996	1988	65	8640	-0.8	5	0.5331	3.4	1.3
3996	1988	66	3024	-1.5	5.3	0.6446	3.5	11.2
3996	1988	67	5356.8	1.2	6.2	0.6051	6.2	1.4
3996	1988	68	11750.4	-2.7	4.5	0.5021	2.6	0
3996	1988	69	9676.8	-5.8	6.5	0.4199	1.8	0.4
3996	1988	70	3196.8	2.5	6.5	0.7158	3.4	3
3996	1988	71	4233.6	1.7	7.6	0.6893	4.4	11
3996	1988	72	3283.2	2.5	7	0.7199	5	8.9
3996	1988	73	3369.6	-0.5	6.3	0.7072	2.5	17.1
3996	1988	74	3369.6	0.2	5	0.685	1	5.6
3996	1988	75	3456	0.5	9.8	0.7138	5.3	2.2
3996	1988	76	4752	3.9	9.8	0.7533	5.9	0.8
3996	1988	77	10972.8	-0.1	7.8	0.6678	4.8	0.1
3996	1988	78	14256	-2.1	8.5	0.5226	2.6	0
3996	1988	79	4147.2	-1	7.4	0.561	4.9	1.2
3996	1988	80	4492.8	7.4	13.8	0.9834	4.2	7.8
3996	1988	81	5788.8	7.7	14.4	1.1317	4.2	4.2
3996	1988	82	9331.2	7.2	12.5	0.9839	4.2	4.5
3996	1988	83	4924.8	5.1	10.8	0.8975	3.9	11.7
3996	1988	84	5788.8	3.4	10.6	0.7911	4.5	3.2
3996	1988	85	5443.2	4.1	10.8	0.8675	5.3	14.7
3996	1988	86	10195.2	4.4	11	0.7248	4.7	6.8
3996	1988	87	6393.6	4.3	8.5	0.7303	5.9	12.3
3996	1988	88	6825.6	3.8	10.1	0.8083	2.5	2.6
3996	1988	89	4147.2	4.7	8.7	0.8927	3.1	10.5
3996	1988	90	5961.6	4.1	12.1	0.788	3.9	0
3996	1988	91	4233.6	4.9	8.7	0.7408	3.1	0
3996	1988	92	6307.2	4.4	9.7	0.7235	3.9	0
3996	1988	93	15897.6	0.6	13.5	0.7034	1.9	0
3996	1988	94	18748.8	-1.7	15.3	0.6321	2.4	0
3996	1988	95	16848	3.3	14.7	0.7342	3.9	0
3996	1988	96	8726.4	2.2	11.1	0.6941	3.6	0.2
3996	1988	97	12096	5.5	17.5	0.7999	3.4	0
3996	1988	98	18057.6	3.1	19.2	0.914	1.3	0
3996	1988	99	4579.2	6.7	12.6	1.0787	2.7	3
3996	1988	100	6393.6	-0.4	6.9	0.7019	2.1	2.9
3996	1988	101	20217.6	-2.6	10.5	0.551	2.2	0
3996	1988	102	20476.8	-2.1	14.4	0.6234	2	0
3996	1988	103	14428.8	-0.9	17.1	0.8204	1.3	2.7
3996	1988	104	18576	2.4	10.3	0.5746	4.4	0
3996	1988	105	21513.6	-2	13.5	0.4502	4.4	0
3996	1988	106	15465.6	4.9	16.8	0.5324	4.5	0
3996	1988	107	10713.6	8.5	20.7	1.0457	3.7	5.8
3996	1988	108	10800	12.2	19	1.4868	1.5	3.6
3996	1988	109	21254.4	7.6	23.3	1.2622	1.7	0
3996	1988	110	22204.8	11.3	25.5	1.1622	3.6	2.1
3996	1988	111	7948.8	9.4	16.5	1.2526	3.6	10.5
3996	1988	112	18144	3.8	16.9	0.8164	3.1	0
3996	1988	113	18230.4	8	13.7	0.87	2.8	0
3996	1988	114	24192	0.1	9.8	0.4345	3.5	0
3996	1988	115	24624	-1.7	12.4	0.3664	3.3	0
3996	1988	116	23673.6	-2	13.4	0.3845	1.8	0
3996	1988	117	22982.4	-1.9	14.6	0.4597	1.6	0
3996	1988	118	17193.6	1.5	16	0.5979	2.8	0
3996	1988	119	10886.4	2.6	15.5	0.8979	2	0.2
3996	1988	120	20131.2	2.6	18.2	0.8065	1.8	0
3996	1988	121	21859.2	2.8	21.4	0.7898	1.5	0
3996	1988	122	17107.2	8.2	22.9	0.9527	3.3	0
3996	1988	123	17020.8	11.8	18.5	1.135	3.8	0.5
3996	1988	124	12873.6	11.2	17.5	1.0453	4.1	0
3996	1988	125	15638.4	10.2	18.2	1.0028	3.9	0
3996	1988	126	22550.4	4.3	19.8	0.8716	2.3	0
3996	1988	127	25488	4.4	22	0.773	2.2	0
3996	1988	128	20390.4	7.3	24.5	0.8841	4.1	0
3996	1988	129	5788.8	16.2	20.8	1.0844	4.6	0
3996	1988	130	5788.8	13.2	23.6	1.3101	1.9	0
3996	1988	131	10368	12.4	20.6	1.4621	2.3	0.1
3996	1988	132	24969.6	8.2	21.9	0.7176	3.4	0
3996	1988	133	25747.2	9.6	25.4	0.7788	4.9	0
3996	1988	134	26352	8.8	26.4	0.8038	4.1	0
3996	1988	135	24451.2	12.9	25.5	0.9773	4.6	0
3996	1988	136	19008	17.1	26.9	1.0028	4	0
3996	1988	137	16070.4	9.4	25.2	1.1437	1.8	0
3996	1988	138	12960	13.9	24	1.5527	1.3	1.2
3996	1988	139	16848	9	17.8	0.9675	2.4	0.3
3996	1988	140	6134.4	10	13.5	1.2267	2	1.5
3996	1988	141	15033.6	7.7	13.7	0.8485	3.9	0
3996	1988	142	19180.8	0.5	14.8	0.6491	1.7	0
3996	1988	143	28425.6	1.3	19.3	0.6259	2.9	0
3996	1988	144	26870.4	4.2	21.8	0.6433	4.8	0
3996	1988	145	21513.6	13	23.4	1.2729	2.8	0
3996	1988	146	24105.6	9.6	27.1	1.1375	2.3	0
3996	1988	147	25488	13.8	28.8	1.3401	3	0
3996	1988	148	9590.4	15.5	20.8	1.6434	3.9	3.1
3996	1988	149	6307.2	12.5	16.7	1.5104	2.5	6.5
3996	1988	150	18144	9.7	17	1.2245	3.7	1
3996	1988	151	18489.6	9.7	19	1.1106	4	4.5
3996	1988	152	18921.6	8.3	17.4	1.0667	3.8	0.5
3996	1988	153	15033.6	7.3	17.5	0.9638	3.2	1.1
3996	1988	154	10454.4	9.7	16.7	1.2126	2.5	0.7
3996	1988	155	7084.8	11.8	18.5	1.5649	2.3	9.6
3996	1988	156	20390.4	11.7	18.3	1.1752	2.9	0.3
3996	1988	157	15811.2	7.9	17.3	1.0785	2.8	6.2
3996	1988	158	7171.2	6.4	14.7	1.031	2.5	1.1
3996	1988	159	6393.6	10.2	12.6	1.2255	1.9	1.3
3996	1988	160	8380.8	11.2	18.1	1.2822	1.5	0
3996	1988	161	8380.8	10	18.9	1.2822	1.1	0.5
3996	1988	162	13564.8	13.7	21.6	1.6329	1.2	0
3996	1988	163	13046.4	10.8	19	1.3369	2.5	0.3
3996	1988	164	7171.2	13.2	18.5	1.2949	3.4	0
3996	1988	165	28944	10.7	25.3	0.9479	2	0
3996	1988	166	28944	9.2	25.4	1.0254	2.5	0
3996	1988	167	16070.4	9.8	21.5	1.2962	1.7	0
3996	1988	168	8380.8	9.5	18.6	1.2495	2.3	0
3996	1988	169	21254.4	10.6	25.1	1.1636	1.5	0
3996	1988	170	24624	10.2	25.8	1.1746	2.3	0
3996	1988	171	21340.8	13.7	18.7	1.0299	3.6	0
3996	1988	172	6480	12.7	17.8	1.1769	2	0
3996	1988	173	13737.6	8.4	23.7	1.3115	1.7	0.6
3996	1988	174	14774.4	14.3	19	1.4382	3.6	1
3996	1988	175	20822.4	5.8	17.9	0.8463	2.4	0
3996	1988	176	6480	11.3	16.9	1.2535	2.3	0.5
3996	1988	177	7689.6	13.5	19.1	1.3696	2.1	20
3996	1988	178	10108.8	14.3	19.5	1.6919	2.1	3.8
3996	1988	179	13564.8	13.1	23.1	1.6382	1.2	0
3996	1988	180	15033.6	13.5	24.2	1.7387	1.4	0.1
3996	1988	181	15206.4	13.6	22.9	1.6118	1.3	1.1
3996	1988	182	18489.6	15.2	27.4	1.8711	3	1.7
3996	1988	183	15379.2	15	24.6	1.7522	4.2	1.1
3996	1988	184	18403.2	9.3	18.9	1.1892	4	1.4
3996	1988	185	21081.6	12.9	21.5	1.2345	5.9	0.6
3996	1988	186	21686.4	15.4	24.9	1.5549	4.9	3
3996	1988	187	9936	14.9	23.7	1.7881	4.2	0.6
3996	1988	188	21945.6	11.8	24.5	1.2273	4	0.4
3996	1988	189	24883.2	13.6	23	1.2599	3.4	0
3996	1988	190	17625.6	13.6	21.8	1.274	2.4	1.8
3996	1988	191	20649.6	13.5	20.6	1.2228	3.4	0
3996	1988	192	27907.2	8.6	27	1.1396	3	0
3996	1988	193	17193.6	15	25.6	1.6169	2.6	17.2
3996	1988	194	26006.4	11.2	20.9	1.348	1.9	0
3996	1988	195	14083.2	10.4	21	1.2825	2.6	4.4
3996	1988	196	10454.4	12.5	19.5	1.6342	3.2	16.9
3996	1988	197	6220.8	13.1	16.3	1.4701	4.3	14.3
3996	1988	198	6220.8	12	14.5	1.3687	4.7	26.2
3996	1988	199	8035.2	13.5	18.4	1.6471	2.9	13.5
3996	1988	200	6912	12.7	16.9	1.4292	2.8	1.6
3996	1988	201	24624	13	24.6	1.5382	2	0
3996	1988	202	16156.8	10.1	23.6	1.2074	1.6	0.1
3996	1988	203	9072	15	23.5	1.8493	1.4	0.7
3996	1988	204	13737.6	17.4	27	1.8698	3.6	0
3996	1988	205	24451.2	20.8	31	2.1672	3.2	11.5
3996	1988	206	14169.6	15.2	25	1.9729	2.2	6.7
3996	1988	207	27043.2	10.3	25.3	1.16	3.5	0
3996	1988	208	13046.4	14.7	23.9	1.8328	2.1	8
3996	1988	209	20304	9.8	20.5	1.3069	1.8	3.5
3996	1988	210	17798.4	9	22	1.1959	2.2	0.3
3996	1988	211	17971.2	13.4	21	1.3716	3.4	1
3996	1988	212	15724.8	8.9	19.6	1.1521	2.5	0
3996	1988	213	18316.8	8.4	22	1.2249	2.3	0
3996	1988	214	23500.8	9.4	25.8	1.1655	1.8	0
3996	1988	215	8121.6	14.2	20.7	1.4731	1.6	2.9
3996	1988	216	19785.6	12.5	20.2	1.3554	3.1	0
3996	1988	217	23328	7.2	22.2	1.0859	1.9	0.6
3996	1988	218	12355.2	13.8	22.3	1.5918	1.7	0
3996	1988	219	24105.6	11.1	26.3	1.5933	1.2	0
3996	1988	220	24710.4	13.2	29	1.5735	1.5	0
3996	1988	221	15292.8	15.7	29.5	1.7242	1.9	0
3996	1988	222	18144	14.3	27.6	1.6829	2.1	0
3996	1988	223	14688	14.2	27.8	1.9115	1.1	0
3996	1988	224	18144	16.6	25.1	1.7464	2.8	0
3996	1988	225	17280	12.5	27.7	1.4092	3.6	0
3996	1988	226	21168	13.6	23.6	1.4122	3.1	0
3996	1988	227	23846.4	11.5	31	1.4368	1.8	0
3996	1988	228	21772.8	13.4	24.2	1.4083	2.8	0
3996	1988	229	21427.2	10.4	23.4	1.2305	1.8	0
3996	1988	230	22291.2	8.1	24.7	1.3224	1.3	0
3996	1988	231	22982.4	9.3	28.9	1.3245	1.4	0
3996	1988	232	8812.8	14.7	24.4	1.7706	2.7	4.9
3996	1988	233	17366.4	13.1	21.8	1.4333	4.4	1.5
3996	1988	234	10972.8	11.4	19.7	1.3232	3.8	1.7
3996	1988	235	6307.2	14	18.5	1.4944	3.4	1.5
3996	1988	236	9331.2	7.7	19	1.3011	1.5	0
3996	1988	237	9763.2	8.8	18.5	1.2174	2.7	6.5
3996	1988	238	12355.2	13	17.5	1.2461	4.1	2.8
3996	1988	239	16070.4	13	19.8	1.1734	4.2	0
3996	1988	240	5356.8	14.2	20.8	1.8971	2.3	3.5
3996	1988	241	13996.8	16.3	26.7	1.8429	4.8	0
3996	1988	242	14169.6	13.7	21.9	1.5263	3.1	1.2
3996	1988	243	16070.4	8.9	21	1.2223	2.2	0
3996	1988	244	18230.4	10	24	1.1609	3.1	0
3996	1988	245	5097.6	10.4	23	1.2719	4.3	3.9
3996	1988	246	14774.4	10.9	20.3	1.1151	4.5	0.4
3996	1988	247	6566.4	9.6	16.2	1.2337	3.1	1
3996	1988	248	12009.6	10.1	19.3	1.3197	2.4	0
3996	1988	249	4838.4	10.6	19.7	1.5821	2.7	8
3996	1988	250	13996.8	11.4	21.5	1.5322	1.5	0
3996	1988	251	18403.2	9.6	22.3	1.267	2.4	0
3996	1988	252	17193.6	7.4	22.2	1.1601	3.3	0
3996	1988	253	17366.4	8.9	24.4	1.3247	3	0
3996	1988	254	4579.2	8.4	17.8	1.3101	1.6	0
3996	1988	255	6307.2	14.1	21.4	1.6432	2.6	1.8
3996	1988	256	11059.2	10.7	18.8	1.3072	3.5	3.5
3996	1988	257	8726.4	10.4	15.1	1.1775	4.2	5.5
3996	1988	258	7862.4	10.3	15.5	1.3823	2.9	7.8
3996	1988	259	11059.2	8.2	16.2	1.1926	2.1	2.2
3996	1988	260	3801.6	10.3	13.4	1.3319	2.1	10
3996	1988	261	6739.2	11.7	15.7	1.2997	2.6	1.4
3996	1988	262	3628.8	11.8	15.7	1.4139	2.8	0.2
3996	1988	263	3628.8	13.2	16.2	1.4868	0.7	0.1
3996	1988	264	3542.4	12.1	16.2	1.3059	0.8	0
3996	1988	265	9590.4	7.4	18.7	1.2158	1.4	0
3996	1988	266	13305.6	7.5	21.9	1.2529	3.4	0
3996	1988	267	7776	11.3	16.1	1.0805	5.5	1.5
3996	1988	268	4147.2	9.4	14.7	1.1387	5.8	3.2
3996	1988	269	3369.6	13	17.3	1.5821	3.4	5.4
3996	1988	270	6566.4	15.2	18.8	1.4898	3.8	0.1
3996	1988	271	9763.2	14.5	21.6	1.4884	3.3	0
3996	1988	272	5443.2	14.2	20.3	1.4939	4.1	4.2
3996	1988	273	8553.6	9.8	15.6	1.0709	3.2	0
3996	1988	274	8553.6	3.8	14.9	0.9749	0.8	0
3996	1988	275	13219.2	0.5	16.9	0.8544	1.5	0
3996	1988	276	13046.4	3.5	18.7	1.0694	1.7	0
3996	1988	277	6652.8	8.5	15.8	1.1603	3	0
3996	1988	278	7689.6	8.4	17.6	1.2268	3	0
3996	1988	279	6048	9.6	17.1	1.1939	4.6	1.3
3996	1988	280	3542.4	9.6	14.8	1.2352	4.5	18.1
3996	1988	281	5529.6	8.7	14	0.9799	5.6	3.9
3996	1988	282	6912	8.6	12.7	0.8457	6.6	0.8
3996	1988	283	3110.4	11.2	19.2	1.3111	6	1.3
3996	1988	284	9072	8.4	15	0.9341	3.8	4.6
3996	1988	285	2592	4.5	10.3	0.9468	3.2	2.9
3996	1988	286	2592	9.3	13.9	1.2692	2.3	0.3
3996	1988	287	10972.8	7.7	17.1	1.1939	3.1	0
3996	1988	288	7257.6	8.4	19.5	1.3528	1.6	0
3996	1988	289	3456	10.2	14.7	1.3422	1.2	0
3996	1988	290	2419.2	12.2	14.8	1.2675	2.6	0
3996	1988	291	4060.8	12.4	16.4	1.4091	3.2	0
3996	1988	292	5961.6	10.6	18.8	1.4701	2.6	0
3996	1988	293	2332.8	13.4	16.2	1.4796	2.9	0.3
3996	1988	294	2246.4	12.3	14.2	1.4447	2.1	12.5
3996	1988	295	4665.6	9	14.9	1.201	2.9	0
3996	1988	296	7257.6	3.1	15.7	1.0018	1.8	0
3996	1988	297	3369.6	2.4	12.3	0.8923	3	0
3996	1988	298	2073.6	9.2	11.8	1.2052	1.1	9.1
3996	1988	299	3801.6	6.9	14.9	1.2247	1.2	0.7
3996	1988	300	4147.2	6.8	13.3	0.9726	5.6	0
3996	1988	301	2851.2	11.2	18.8	1.3284	4.2	2.4
3996	1988	302	7084.8	6.9	18.3	1.2097	2.8	0
3996	1988	303	6825.6	1	13	0.7911	2	0
3996	1988	304	6393.6	-2.2	8.4	0.6258	1.3	0
3996	1988	305	4492.8	-1.8	9.6	0.6621	1.8	0
3996	1988	306	2937.6	6	11.4	0.8994	1.6	0
3996	1988	307	3110.4	-0.3	9.4	0.7521	2	2.9
3996	1988	308	7776	-4.6	5.3	0.5014	1.6	0
3996	1988	309	8035.2	-3.2	5.7	0.3879	4.8	0
3996	1988	310	7776	-3.5	7.8	0.4779	3	0
3996	1988	311	4924.8	-5.2	6.3	0.5087	1.2	0
3996	1988	312	3974.4	-3.2	6.4	0.6035	1.6	0
3996	1988	313	6134.4	-0.4	11	0.6322	5.9	0
3996	1988	314	2678.4	3.8	10.1	0.6986	5.5	1.9
3996	1988	315	1555.2	6.5	10.8	0.9972	4.5	4.6
3996	1988	316	4233.6	9.3	15.1	1.2919	3.6	0.5
3996	1988	317	5616	8.4	15.7	1.223	2.2	1.4
3996	1988	318	3974.4	8.2	12.3	0.9108	4.4	0.3
3996	1988	319	1468.8	5.8	9.8	0.9519	3.7	4.3
3996	1988	320	1468.8	8.7	10.7	1.1304	3	0.1
3996	1988	321	1728	3.8	11.2	0.9533	1.4	0
3996	1988	322	5875.2	2.3	11.5	0.8354	4	2
3996	1988	323	1382.4	7	11.3	1.0314	3.9	2.3
3996	1988	324	1900.8	4.3	8.6	0.7714	3.6	7
3996	1988	325	1382.4	0.4	4.7	0.6825	1.8	5.7
3996	1988	326	5702.4	-4.8	1.3	0.4032	3.3	0
3996	1988	327	1555.2	-10.4	-0.3	0.3531	1.5	8.1
3996	1988	328	1296	-0.3	3	0.6669	1.2	1.3
3996	1988	329	1296	2.3	6.8	0.8029	1	1
3996	1988	330	1296	4	7.4	0.8423	1.3	0
3996	1988	331	1209.6	4.2	7.4	0.8574	0.4	0
3996	1988	332	3024	3.3	9.1	0.8151	0.9	0
3996	1988	333	1209.6	0.3	5.9	0.641	3	2.8
3996	1988	334	1209.6	4.4	9.6	0.8512	3.8	8.2
3996	1988	335	1209.6	5.4	11.2	1.0504	3.6	24.5
3996	1988	336	1296	7.9	10.7	1.0887	1.9	0
3996	1988	337	1123.2	3.3	7.9	0.8274	1.5	3.3
3996	1988	338	1555.2	2.2	6.8	0.7832	1.3	4.8
3996	1988	339	1123.2	2.4	8.6	0.7856	4.2	14.2
3996	1988	340	1814.4	5.4	8.4	0.7061	5.9	0.3
3996	1988	341	1814.4	3.5	6	0.7285	5.8	6.7
3996	1988	342	1296	2.1	6.8	0.7049	3.1	5.9
3996	1988	343	1036.8	3.3	6.7	0.7762	2.7	3.8
3996	1988	344	3369.6	4	8.3	0.8689	2.2	8.9
3996	1988	345	1036.8	4.8	10.4	0.9807	4.4	2.5
3996	1988	346	1036.8	7.7	10.3	0.8949	4.4	3.5
3996	1988	347	1987.2	5.7	8.6	0.8094	5.2	1.8
3996	1988	348	1036.8	5.4	7.8	0.8768	3.4	0.6
3996	1988	349	1036.8	6.3	8.2	0.8455	4.9	3.9
3996	1988	350	1036.8	0.6	6.6	0.7115	1.7	0.2
3996	1988	351	1296	-3.8	2	0.4577	2.4	1.1
3996	1988	352	1296	0.8	4.8	0.7097	1.8	1.2
3996	1988	353	1036.8	4.2	7.8	0.7945	3.7	14.8
3996	1988	354	1296	4.6	10.9	0.9381	7.7	12.8
3996	1988	355	3369.6	3	5.8	0.669	3.3	0.9
3996	1988	356	1036.8	1.9	8	0.8256	2.5	7.2
3996	1988	357	1036.8	6.9	9.9	0.8813	3.9	0
3996	1988	358	1036.8	7.7	11.9	0.9806	4.3	1.8
3996	1988	359	1036.8	4.7	11.3	0.9542	5.9	8.8
3996	1988	360	1036.8	1.8	10.1	0.857	1.7	0.1
3996	1988	361	1036.8	6.8	9.8	0.9191	2	0
3996	1988	362	1036.8	8.1	11	1.0358	2.8	2.1
3996	1988	363	1382.4	7.9	10.3	1.0626	0.9	0.4
3996	1988	364	4492.8	2.3	11.4	0.8623	1.3	0
3996	1988	365	1036.8	-0.1	3.8	0.6702	1.8	0.5
3996	1988	366	1036.8	3.1	6.1	0.7972	0.9	0
