*---------------------------------------------------------------------------*
* Station name: KOLN-BONN                               
* Year: 2004
* Author: Pedro Alencar                                   -999.000: NIL VALUE
* Source: ECAD 
* Comments: 
* Longitude: 50.8658, latitude: 50.8658, altitude: 92 m.
*
* Column  Daily value
* 1       station number
* 2       year
* 3       day
* 4       irradiation                   (kJ m-2 d-1)
* 5       minimum temperature           (degrees Celsius)
* 6       maximum temperature           (degrees Celsius)
* 7       early morning vapour pressure (kPa)
* 8       mean wind speed (height: 2 m) (m s-1)
* 9       precipitation                 (mm d-1)
*
** WCCDESCRIPTION=GERMANY, KOLN-BONN                               
** WCCFORMAT=2
** WCCYEARNR=2004
*---------------------------------------------------------------------------*
   50.8658  7.1583    92.  -0.18 -0.55
3996	2004	1	1036.8	-5.9	1	0.4134	3.5	0
3996	2004	2	4406.4	-8.7	1.6	0.3245	3.3	0
3996	2004	3	1036.8	-10.3	-1.4	0.3201	1.3	0
3996	2004	4	1123.2	-4.3	2.6	0.5111	2.2	2.8
3996	2004	5	1123.2	1.9	3.6	0.6998	2.6	3.1
3996	2004	6	1123.2	2	7.2	0.7972	3.9	4.2
3996	2004	7	2419.2	4	8.9	0.8582	2.4	0
3996	2004	8	2246.4	3.6	6	0.7568	5.4	8.6
3996	2004	9	1382.4	3.7	7.8	0.836	3.3	4
3996	2004	10	2073.6	4.1	8.1	0.7812	3.3	1.1
3996	2004	11	1123.2	5.7	12.3	0.9752	4.4	6.9
3996	2004	12	1209.6	3.7	6.6	0.7491	4.6	19.9
3996	2004	13	1209.6	5.3	10.4	0.8702	5.8	5.5
3996	2004	14	2332.8	4.3	8.6	0.7232	5.9	7
3996	2004	15	1555.2	1.2	5.7	0.6493	5.2	0.3
3996	2004	16	2505.6	4.8	8.5	0.7332	7.3	1.1
3996	2004	17	2246.4	3.4	6.5	0.6605	5	1.1
3996	2004	18	4147.2	-3.6	4	0.4959	3.3	0
3996	2004	19	1296	-2.2	7.8	0.6948	3.7	33.2
3996	2004	20	3628.8	-1.1	8.6	0.6631	4.2	0
3996	2004	21	2851.2	-5	2.5	0.4294	1.6	0
3996	2004	22	1382.4	-4.1	1.6	0.4238	3.6	0
3996	2004	23	5529.6	-1.1	4.9	0.4484	4.1	0
3996	2004	24	1382.4	-0.7	1.9	0.4786	3.6	3.3
3996	2004	25	1382.4	1	4.8	0.7072	2	3.5
3996	2004	26	1468.8	-1.2	2.4	0.536	3.7	0
3996	2004	27	1468.8	-2.8	0.6	0.4849	2.6	0.9
3996	2004	28	2937.6	-0.2	2	0.5478	4.1	3.5
3996	2004	29	2073.6	-3.5	1.9	0.5072	5.5	0.4
3996	2004	30	1555.2	-0.6	2.6	0.4532	4.6	0.2
3996	2004	31	1555.2	0.4	12.2	0.668	6.6	0.1
3996	2004	32	1900.8	8.6	12.4	0.888	6.4	1
3996	2004	33	1641.6	9.6	12.6	1.0694	4.8	19.5
3996	2004	34	1900.8	9.5	16.4	1.0886	4	0
3996	2004	35	1641.6	11.3	16.6	0.9708	3.7	0
3996	2004	36	1728	12.4	14.6	1.0511	4.3	0
3996	2004	37	2332.8	9.4	16	0.9829	4.6	0.8
3996	2004	38	3888	5.2	10.6	0.7241	7.4	2
3996	2004	39	3456	0.8	6.1	0.6414	8.1	3.9
3996	2004	40	3888	1.3	5.5	0.6236	6	0.3
3996	2004	41	5356.8	-0.2	4.7	0.546	4	7.4
3996	2004	42	1900.8	0.3	8.4	0.7584	4.1	0.6
3996	2004	43	1900.8	0	5.4	0.6305	1.5	0
3996	2004	44	1987.2	4.4	7.8	0.8659	1.8	0.7
3996	2004	45	1987.2	5.1	7.9	0.8902	0.8	0.2
3996	2004	46	2073.6	1.5	7.2	0.775	1.3	0
3996	2004	47	3196.8	-2.3	6.2	0.654	2	0
3996	2004	48	2073.6	-0.2	4.3	0.6303	1.9	0
3996	2004	49	5011.2	-0.1	7.5	0.621	3.6	1.2
3996	2004	50	5356.8	-1.3	3.4	0.4878	4.6	0
3996	2004	51	10108.8	-4.6	6.7	0.4153	3.9	0
3996	2004	52	2246.4	-2.8	5.7	0.4342	2.1	0
3996	2004	53	3196.8	-1.5	4	0.5016	3.5	0
3996	2004	54	7862.4	-4.7	4.7	0.4888	2.7	0.1
3996	2004	55	4320	-5.9	4.3	0.4611	3	5
3996	2004	56	4320	-0.9	2.7	0.6065	2.8	1.6
3996	2004	57	5875.2	-4.2	1.3	0.4726	3.2	1.2
3996	2004	58	7776	-6.3	1.8	0.4248	3.5	0.5
3996	2004	59	3974.4	-4.8	1.7	0.4201	2.3	0
3996	2004	60	8294.4	-7.6	3.9	0.4482	1.8	0.2
3996	2004	61	11318.4	-8.1	2.3	0.385	2.4	0
3996	2004	62	5011.2	1.3	6.7	0.6343	4.7	0
3996	2004	63	9590.4	-2.4	7.1	0.5788	2.3	0
3996	2004	64	7344	-3.4	10.1	0.5282	3.5	0
3996	2004	65	11750.4	-0.6	8	0.4697	5	4.2
3996	2004	66	3024	-0.6	2.2	0.6021	2.3	2.3
3996	2004	67	3024	0.1	5.1	0.6923	1.7	1.5
3996	2004	68	13564.8	-1.2	6.7	0.5509	3	0.1
3996	2004	69	6998.4	-3	4.1	0.4578	3.5	0
3996	2004	70	3196.8	-2.1	3	0.5429	2.3	0.2
3996	2004	71	5011.2	-3.3	4.4	0.5341	1.8	0
3996	2004	72	7689.6	-0.2	6.5	0.5897	4.7	3.3
3996	2004	73	4924.8	6.1	12.4	0.8401	4.3	0
3996	2004	74	12096	4	15.3	0.7311	4.9	0
3996	2004	75	5443.2	8.6	14.2	0.8754	4.4	0
3996	2004	76	9417.6	7.6	18.1	1.0519	2.9	0
3996	2004	77	15552	7.4	23.9	1.0299	2.8	0
3996	2004	78	8208	5.3	22.3	0.9929	3.3	0
3996	2004	79	3628.8	9.1	13.2	0.967	6	3.3
3996	2004	80	3715.2	7.8	15	1.0235	7.1	6.3
3996	2004	81	10713.6	7.3	12.8	0.8371	8	0.3
3996	2004	82	9331.2	3.1	10	0.7185	4.5	4.9
3996	2004	83	9417.6	-0.3	8.8	0.6951	2	1
3996	2004	84	10281.6	-0.2	8.7	0.6289	3	0
3996	2004	85	5443.2	-1.2	6.2	0.5558	2.8	0.2
3996	2004	86	12614.4	-3.8	5.8	0.5058	2.4	0.2
3996	2004	87	17971.2	-5.9	8.2	0.4449	1.8	0
3996	2004	88	18403.2	-4.8	12.2	0.4777	1.9	0
3996	2004	89	18403.2	-3.4	14.4	0.5418	2.5	0
3996	2004	90	19094.4	1.6	18.3	0.5748	4.5	0
3996	2004	91	16329.6	5.3	19.4	0.6882	3.7	0
3996	2004	92	18489.6	8.7	20.9	0.7734	4.4	0
3996	2004	93	12614.4	7.6	20.1	0.8381	3.9	2
3996	2004	94	9331.2	9.5	15.6	1.0024	5.2	0
3996	2004	95	10886.4	7.8	15	0.8215	5.2	3.6
3996	2004	96	11232	4.4	11.7	0.8068	5.3	7
3996	2004	97	7257.6	2.7	8.3	0.7675	4.8	3.3
3996	2004	98	6739.2	4	7.5	0.8085	4.2	7.9
3996	2004	99	11232	1.2	9.3	0.7632	3.7	4.1
3996	2004	100	5184	-0.1	8.1	0.6912	2.1	0
3996	2004	101	4665.6	-0.4	8.5	0.7181	2.5	1.1
3996	2004	102	16848	-0.5	10	0.6513	2.6	0
3996	2004	103	20390.4	-2.6	14.4	0.6684	2.9	0
3996	2004	104	10195.2	4.1	12.8	0.7848	3.1	0
3996	2004	105	18489.6	3.7	15.4	0.7381	2.4	0
3996	2004	106	20822.4	2.5	18.3	0.6805	2.7	0
3996	2004	107	22204.8	4.1	21.3	0.7335	3	0
3996	2004	108	18835.2	6.3	22.3	0.7977	3.1	2.9
3996	2004	109	6307.2	6.8	13.6	0.858	5.4	0
3996	2004	110	13132.8	5.5	13.3	0.66	4.5	2.4
3996	2004	111	17280	5.4	16.5	0.915	3.7	0
3996	2004	112	15638.4	7.8	20.2	1.0857	3.2	0
3996	2004	113	13219.2	9.3	20	1.3488	3.1	13.5
3996	2004	114	12182.4	6.4	16.2	0.99	3.9	1.8
3996	2004	115	17971.2	2.9	16.9	0.8166	2.5	0
3996	2004	116	18489.6	2.7	18.3	0.8373	2.1	0
3996	2004	117	20131.2	6.4	19.6	0.8229	2.6	0
3996	2004	118	18662.4	6.1	21.6	0.9171	3.1	0
3996	2004	119	13392	7.2	21.3	1.1684	3.2	5.6
3996	2004	120	12268.8	11.2	20	1.3452	3.3	0
3996	2004	121	21600	9.4	25.6	1.3379	3.3	5.9
3996	2004	122	12873.6	11.1	19	1.3327	2.7	0
3996	2004	123	10800	7.9	17.5	1.0416	2.6	0
3996	2004	124	16070.4	5.8	19.4	1.166	2.4	2.5
3996	2004	125	16588.8	8.9	17.2	1.0057	4.2	0
3996	2004	126	17712	7	16.5	0.7994	4.4	0
3996	2004	127	16675.2	2.5	15.4	0.9262	2.4	8.2
3996	2004	128	5788.8	6.3	9.3	0.973	3.9	31
3996	2004	129	5788.8	5.5	9.7	0.9181	4.4	0.4
3996	2004	130	5788.8	7	13	0.9939	1.3	1.4
3996	2004	131	10368	9.5	16.9	1.2884	1.4	0.8
3996	2004	132	10195.2	8.6	13.9	1.1601	2.9	0
3996	2004	133	10281.6	8	14	0.9443	3.9	0
3996	2004	134	5961.6	6	11.8	0.9572	2.9	0
3996	2004	135	21254.4	6.5	16.3	0.9831	2.7	0
3996	2004	136	20217.6	3	19.6	1.0034	2.8	0
3996	2004	137	17712	8.4	18.5	1.1709	3.2	0
3996	2004	138	26697.6	6.4	22.8	1.1287	1.9	0
3996	2004	139	22809.6	8	23.2	1.2213	2.5	0
3996	2004	140	26438.4	8.6	24	1.1845	2.9	0
3996	2004	141	25833.6	8.3	22.7	1.108	2.6	5.3
3996	2004	142	9158.4	5.2	13.9	0.9167	3.9	2.5
3996	2004	143	20044.8	1.8	14.4	0.7124	4.4	0.8
3996	2004	144	22291.2	3.7	14.8	0.7234	4	0
3996	2004	145	19094.4	1	16.4	0.742	2.4	0
3996	2004	146	18748.8	4.7	17.7	0.8905	2.1	0
3996	2004	147	23846.4	4.8	15.5	0.7312	3.5	0
3996	2004	148	16675.2	2.8	15.1	0.7546	2.3	0
3996	2004	149	26352	3.1	19.6	0.8322	1.8	0
3996	2004	150	28771.2	4.8	23.3	0.8009	3	0
3996	2004	151	23846.4	12.6	24.5	1.0665	4	9.7
3996	2004	152	15552	10.2	17.9	1.2975	2.9	0.3
3996	2004	153	22809.6	10.3	22.6	1.2332	2.2	0
3996	2004	154	19958.4	7.5	21.8	1.3155	3.9	6.6
3996	2004	155	18835.2	11.6	19.1	1.4457	3.7	0.6
3996	2004	156	7603.2	11.9	15.1	1.4066	1.7	3.7
3996	2004	157	6393.6	9.1	15.5	1.1861	3.3	0
3996	2004	158	23414.4	7	21.6	1.2047	1.7	0
3996	2004	159	29376	8.3	27.3	1.3228	1.9	0
3996	2004	160	28425.6	12.6	31.1	1.6212	2	0
3996	2004	161	25574.4	15.8	30.4	2.0027	2.8	18.3
3996	2004	162	12787.2	15.5	22.7	1.9425	1.4	9.3
3996	2004	163	14256	13	19.9	1.5509	2.7	2
3996	2004	164	12009.6	11.3	17.7	1.4348	2.6	7.1
3996	2004	165	12096	7.7	16.4	1.1527	4	0
3996	2004	166	25142.4	5.4	21.9	1.1706	1.9	0
3996	2004	167	21772.8	12.7	25.3	1.6453	4.2	0
3996	2004	168	16848	9.6	18.4	1.0857	3.6	0
3996	2004	169	16243.2	12.3	24.2	1.4025	4.8	0.1
3996	2004	170	8726.4	11.7	17.6	1.4154	3	3.5
3996	2004	171	20995.2	7	16.3	1.0269	3.3	4.7
3996	2004	172	22377.6	5.4	17.4	0.9966	2.6	0.7
3996	2004	173	15292.8	6.5	18	1.1395	2.4	5.4
3996	2004	174	9849.6	10.4	18.2	1.3512	3.2	5.7
3996	2004	175	15724.8	13.2	22.9	1.4884	6.1	7.3
3996	2004	176	16243.2	11.1	18.6	1.0627	6.4	0.9
3996	2004	177	13564.8	8.8	17.2	1.0622	3.8	0
3996	2004	178	24105.6	5.8	22.1	1.0981	2.1	1.7
3996	2004	179	19526.4	13.9	26.3	1.6675	3.4	0
3996	2004	180	22032	12.6	21.8	1.2345	4.4	0
3996	2004	181	23932.8	9.8	21.9	1.169	2.9	0
3996	2004	182	19440	12.9	25.1	1.3821	2.2	0
3996	2004	183	15984	13	19.9	1.1772	4.1	0
3996	2004	184	18144	10.5	19.4	1.1884	3.9	2.7
3996	2004	185	16070.4	12.4	19.6	1.1984	5	0.3
3996	2004	186	16416	10.6	19.5	1.2644	3.3	2.4
3996	2004	187	19353.6	11.3	21.9	1.4148	3.3	0.2
3996	2004	188	26352	7.6	22.2	1.0999	2.3	0
3996	2004	189	21427.2	13	25.6	1.4975	4.2	6.5
3996	2004	190	17280	13.3	21.8	1.5625	3.4	2.3
3996	2004	191	8812.8	12.4	18.4	1.5028	4.6	14.9
3996	2004	192	15638.4	9.7	18.9	1.2861	3.1	3.8
3996	2004	193	17193.6	9.1	18.2	1.1862	3.5	0.4
3996	2004	194	6998.4	11.9	16.8	1.4046	3.7	1.6
3996	2004	195	8726.4	11.3	16.4	1.3282	3.1	0.9
3996	2004	196	14860.8	9.6	21.2	1.363	3.2	8.3
3996	2004	197	7776	16.2	20.7	1.9289	2.5	4
3996	2004	198	17280	15.1	24.6	1.8038	2.4	0
3996	2004	199	22896	13.2	27.3	1.8727	3.2	7.4
3996	2004	200	15897.6	16.5	24.4	2.0639	2.2	14.7
3996	2004	201	23241.6	14.4	24	1.5548	2	1.5
3996	2004	202	14601.6	14.1	23	1.8557	2.2	5.3
3996	2004	203	18835.2	14.4	25.7	2.0136	1.8	10.1
3996	2004	204	22550.4	17.4	27.6	2.0402	1.4	10.3
3996	2004	205	19094.4	17.1	27.4	2.0094	3.7	0
3996	2004	206	24710.4	13.2	23.3	1.4025	3.6	0
3996	2004	207	16761.6	12.8	21	1.5573	2.7	1.1
3996	2004	208	12528	12	20.2	1.6264	2.3	8.5
3996	2004	209	20649.6	10.1	22.1	1.4071	1.7	0
3996	2004	210	26438.4	8.5	24.5	1.2746	2	0
3996	2004	211	26870.4	12.3	26.1	1.2661	3.3	0
3996	2004	212	26006.4	13.9	29.1	1.5358	2.1	0
3996	2004	213	18489.6	14.3	27.2	1.7357	2.1	0
3996	2004	214	23932.8	14.3	26.3	1.6882	2.1	0
3996	2004	215	26006.4	11.9	28.2	1.5219	1.8	0
3996	2004	216	24883.2	13.8	29.8	1.5381	2.1	0
3996	2004	217	11232	17.3	24.5	1.9244	1.7	0.5
3996	2004	218	24883.2	15.6	31.3	1.7862	2	0
3996	2004	219	22982.4	15	32.5	1.7893	2.1	0
3996	2004	220	14774.4	18.7	28.6	2.3035	2	1.5
3996	2004	221	21772.8	17.1	30.4	1.848	3.4	0
3996	2004	222	24192	19	31.9	1.5258	4.1	0
3996	2004	223	15638.4	18.2	29.2	1.8132	3.8	38.3
3996	2004	224	18144	17.4	26.7	2.144	2.5	3.8
3996	2004	225	17452.8	15.3	29	2.1304	3	13.1
3996	2004	226	11577.6	14.9	23.2	1.8265	4	10.8
3996	2004	227	12873.6	15.3	22.9	1.8542	4.1	4.4
3996	2004	228	18230.4	15.7	25.6	1.8222	2	0
3996	2004	229	11145.6	16.6	25.4	1.8866	2.6	1.1
3996	2004	230	14169.6	15.5	25.7	1.962	3	2.5
3996	2004	231	18057.6	17.5	28.2	2.1116	4.1	13.6
3996	2004	232	17712	16.5	24.8	1.6279	5.5	0.2
3996	2004	233	15292.8	14.4	22.4	1.4369	4.9	0.5
3996	2004	234	8899.2	10.3	20.7	1.4773	3.1	6.8
3996	2004	235	21254.4	8.5	20.8	1.1823	2.4	0
3996	2004	236	13651.2	10.3	23.2	1.3903	3.4	4.4
3996	2004	237	12441.6	14.2	22.7	1.6957	3.5	1.4
3996	2004	238	10368	13.6	19.8	1.5567	3.3	6.2
3996	2004	239	13737.6	10.9	19.5	1.4146	4.2	6.5
3996	2004	240	7948.8	10.3	18.5	1.3764	2.7	7
3996	2004	241	8985.6	15.3	21.6	1.9501	1.9	3.5
3996	2004	242	14688	14	22.5	1.6118	2.8	0.6
3996	2004	243	11836.8	10.8	20.2	1.3893	4.2	1.7
3996	2004	244	10800	8.9	19.1	1.2773	3.8	0.4
3996	2004	245	13392	7.4	20.7	1.2334	2.2	0
3996	2004	246	20131.2	7.3	24.3	1.1473	3.1	0
3996	2004	247	18748.8	11.9	26.6	1.6043	2	0
3996	2004	248	18748.8	12.3	27.4	1.7345	1.7	0
3996	2004	249	19267.2	12.8	27.4	1.7145	1.9	0
3996	2004	250	19267.2	10.9	27.1	1.4698	2.3	0
3996	2004	251	18316.8	11.7	26.6	1.5722	2.8	0
3996	2004	252	17971.2	10.2	23.3	1.3522	2.3	0
3996	2004	253	18662.4	9.1	23.6	1.0769	3.2	0
3996	2004	254	16848	9.9	24.6	1.0418	4	15.9
3996	2004	255	11664	16.6	24.2	1.914	3.6	4.5
3996	2004	256	13737.6	11.8	19.2	1.1783	4.7	0
3996	2004	257	10368	12	21.7	1.3033	4.3	2.8
3996	2004	258	10886.4	10.6	20.6	1.3806	3.8	2.3
3996	2004	259	9331.2	7.8	18.5	1.1482	3.8	0
3996	2004	260	15638.4	4	17.7	0.9869	1.7	0
3996	2004	261	16502.4	4.8	20.6	0.9976	2.9	0
3996	2004	262	15811.2	10.2	24.8	1.2381	3.5	4
3996	2004	263	13478.4	9.7	20	1.2313	3.1	0
3996	2004	264	4060.8	9.4	16.8	1.0692	4.9	2.6
3996	2004	265	7516.8	11.7	16.7	1.0999	6.2	0
3996	2004	266	3456	10.9	14.5	1.1443	5.6	40.6
3996	2004	267	3456	9.1	15	1.3214	3.7	18.2
3996	2004	268	6998.4	9.2	16.1	1.2283	4.5	1.1
3996	2004	269	5011.2	9.8	14.7	1.1538	4.2	3.2
3996	2004	270	6048	9.5	16.2	1.2741	2.2	0
3996	2004	271	3715.2	11.9	17.1	1.4677	2.7	0.7
3996	2004	272	3715.2	11.8	18.7	1.4538	2.5	0.4
3996	2004	273	6134.4	8.2	17	1.2097	3.4	0.6
3996	2004	274	10886.4	6.2	17.6	1.1553	2.2	0.1
3996	2004	275	6998.4	11.7	19.1	1.3979	2.6	0
3996	2004	276	8294.4	9.9	17.5	1.2371	2.5	0.1
3996	2004	277	11923.2	9.2	19.9	1.2078	3.2	0
3996	2004	278	9244.8	11.6	22.6	1.4214	3.6	0
3996	2004	279	5011.2	12.7	22.4	1.5024	3.8	4.2
3996	2004	280	7257.6	9.2	17	1.2198	3	0
3996	2004	281	10627.2	5.4	17.8	1.0508	2.8	0
3996	2004	282	4320	4.6	14.2	1.0018	1.7	0
3996	2004	283	11404.8	2.2	16.3	0.9334	1.6	0
3996	2004	284	11232	6.4	14.4	0.8317	4.1	0
3996	2004	285	11750.4	4.7	13.8	0.7351	5.5	0
3996	2004	286	9849.6	5.1	12.1	0.6812	6	0
3996	2004	287	6134.4	7.4	13.3	0.9546	4.7	0
3996	2004	288	4492.8	8.4	15.1	1.0888	4.5	0
3996	2004	289	5356.8	7.6	14.3	1.0457	3.9	6.7
3996	2004	290	6134.4	5.3	10.8	0.9359	3.3	2.1
3996	2004	291	2419.2	7	11.6	0.9951	3.2	0.7
3996	2004	292	3628.8	7.8	13.6	1.0285	3.8	0.1
3996	2004	293	8208	3.6	14.4	0.9293	3.3	0
3996	2004	294	3024	9.2	16.8	1.3166	5.1	10.3
3996	2004	295	9331.2	8	17	0.9991	4.8	0
3996	2004	296	9244.8	7.9	17.9	1.0999	3.5	0
3996	2004	297	2678.4	11.8	20.6	1.3241	4.2	0
3996	2004	298	6220.8	13.5	20.8	1.465	3.3	1.8
3996	2004	299	4492.8	9.9	17.6	1.1625	4.5	0
3996	2004	300	2073.6	4.6	11.9	0.9596	1.5	0
3996	2004	301	6566.4	2.3	13.4	0.8808	3.8	3.1
3996	2004	302	3456	10.1	15.2	1.2575	4.4	0
3996	2004	303	4320	8.5	17.6	1.2909	3	0.1
3996	2004	304	4665.6	5.7	15	1.143	1.2	0.1
3996	2004	305	1900.8	5.3	12	1.0084	2	0
3996	2004	306	2764.8	4.6	12.7	0.9188	2.5	0
3996	2004	307	1814.4	9.4	11.6	1.053	1.8	0
3996	2004	308	3456	8.5	13.5	1.1673	2.5	1.7
3996	2004	309	1728	7.7	13.7	1.2085	1.4	1.2
3996	2004	310	4579.2	4.2	12.1	0.8882	3.4	0
3996	2004	311	2592	4	11.3	0.9631	2.3	3.8
3996	2004	312	3974.4	1.1	9.9	0.8397	1.6	0
3996	2004	313	1641.6	0.4	6.9	0.7378	1.6	0.2
3996	2004	314	5788.8	-3.4	6.5	0.5877	2.2	18
3996	2004	315	1555.2	0.1	2.1	0.6351	2.8	4.5
3996	2004	316	2246.4	-0.1	4.9	0.6608	1.8	0
3996	2004	317	5184	-1.4	8.8	0.7325	2.5	4
3996	2004	318	4147.2	0.2	7.3	0.6951	4.1	2.8
3996	2004	319	2764.8	-1.6	5.9	0.6634	1.4	0
3996	2004	320	1728	-0.4	6.1	0.7047	2.3	0.2
3996	2004	321	1468.8	5.5	9.5	0.943	2.2	1.4
3996	2004	322	1382.4	8.5	12.2	1.055	4.4	3.6
3996	2004	323	1382.4	6	11.1	1.035	4.3	41.2
3996	2004	324	3110.4	0.6	8.3	0.7217	5.7	1.8
3996	2004	325	1641.6	0.4	3.9	0.6277	4.3	1.4
3996	2004	326	5616	-1.2	5.4	0.597	2.4	1.7
3996	2004	327	1296	3.2	12.3	0.8959	4.9	0.9
3996	2004	328	1900.8	-0.7	10.6	0.7474	4.1	0.4
3996	2004	329	5356.8	-3.2	5.7	0.622	2.4	0
3996	2004	330	5616	-2.2	5.9	0.5585	3.4	0
3996	2004	331	3283.2	-2.4	5.2	0.5746	2.7	3.8
3996	2004	332	1209.6	4.9	9.1	0.9012	2.2	0
3996	2004	333	1209.6	6.4	9.1	0.9065	2.4	0.6
3996	2004	334	3369.6	5.2	9.1	0.9207	1.1	0
3996	2004	335	5356.8	-2.2	9.4	0.6404	2.1	0
3996	2004	336	1123.2	-2.4	5.2	0.6219	1.6	0.4
3996	2004	337	1123.2	-2.2	4	0.6	1.4	0
3996	2004	338	4752	-2.2	6.3	0.6516	1.5	0
3996	2004	339	1123.2	-1.1	1	0.6088	2.9	0
3996	2004	340	1382.4	-1.7	3.6	0.6021	2.4	0
3996	2004	341	1036.8	1.6	7.2	0.7777	1.6	0
3996	2004	342	1036.8	1.5	6.5	0.7156	1.5	0
3996	2004	343	2937.6	0.1	8.8	0.7049	2	0
3996	2004	344	4838.4	-3.8	7.4	0.5287	2.4	0
3996	2004	345	4752	-4.9	5.9	0.4752	1.9	0
3996	2004	346	1036.8	-2.8	-1.5	0.5167	1.6	0
3996	2004	347	1036.8	-4.3	-0.9	0.4644	3.3	0
3996	2004	348	1036.8	-2.9	-1.1	0.4538	4	0
3996	2004	349	4492.8	-4.3	3.2	0.4872	3.1	0
3996	2004	350	4579.2	-1.9	5.9	0.5363	3.8	0
3996	2004	351	3369.6	-0.8	6.5	0.6523	4.4	0.8
3996	2004	352	1209.6	2.1	7.6	0.7249	4.9	17.5
3996	2004	353	1468.8	2.4	5.4	0.6702	5.4	5
3996	2004	354	4060.8	-6.2	3.5	0.5038	1.9	0
3996	2004	355	4147.2	-6.3	1.1	0.4593	1.5	0
3996	2004	356	4579.2	-8.3	0.1	0.3655	2.2	0
3996	2004	357	1036.8	-6.4	2	0.468	3.6	3.6
3996	2004	358	1036.8	2	10.3	0.8312	4.7	0.6
3996	2004	359	1555.2	5.9	11.1	0.8651	4.9	5.2
3996	2004	360	1036.8	-0.2	11.3	0.752	3.4	0
3996	2004	361	3110.4	-0.7	5.3	0.6561	2.2	0
3996	2004	362	1036.8	-2.8	0.9	0.5074	2.7	0
3996	2004	363	1036.8	-2.6	3.1	0.5662	4.2	8.4
3996	2004	364	1900.8	0.4	4.2	0.6705	2.1	0.1
3996	2004	365	1036.8	1.6	5.8	0.6847	3.3	0.2
3996	2004	366	1036.8	5.5	9.5	0.9015	3.2	2
