*---------------------------------------------------------------------------*
* Station name: KOLN-BONN                               
* Year: 2006
* Author: Pedro Alencar                                   -999.000: NIL VALUE
* Source: ECAD 
* Comments: 
* Longitude: 50.8658, latitude: 50.8658, altitude: 92 m.
*
* Column  Daily value
* 1       station number
* 2       year
* 3       day
* 4       irradiation                   (kJ m-2 d-1)
* 5       minimum temperature           (degrees Celsius)
* 6       maximum temperature           (degrees Celsius)
* 7       early morning vapour pressure (kPa)
* 8       mean wind speed (height: 2 m) (m s-1)
* 9       precipitation                 (mm d-1)
*
** WCCDESCRIPTION=GERMANY, KOLN-BONN                               
** WCCFORMAT=2
** WCCYEARNR=2006
*---------------------------------------------------------------------------*
   50.8658  7.1583    92.  -0.18 -0.55
3996	2006	1	3024	0.6	7.8	0.6762	3.2	0
3996	2006	2	3196.8	-1.4	4.7	0.6401	1.5	0.6
3996	2006	3	2073.6	-2.8	3	0.5908	1.4	0
3996	2006	4	4320	-2.6	5	0.5531	2.3	0
3996	2006	5	1123.2	0.1	2.6	0.5052	3.2	0
3996	2006	6	1123.2	-2.1	3.3	0.5233	1.7	0
3996	2006	7	1123.2	2.6	3.7	0.6203	3.3	0
3996	2006	8	2246.4	-1.1	4.5	0.5319	3.8	0
3996	2006	9	5097.6	-2.7	3.4	0.5076	3.5	0
3996	2006	10	3715.2	-2.8	1.7	0.499	4.5	0
3996	2006	11	4233.6	-1.9	5.3	0.5802	4.3	3.4
3996	2006	12	1987.2	1.4	4.3	0.6972	2.2	0
3996	2006	13	1209.6	-1.6	2.5	0.524	4.4	0
3996	2006	14	5529.6	-2.4	5.8	0.5042	3.5	0
3996	2006	15	1209.6	-5	-2.1	0.3856	5.3	0
3996	2006	16	5443.2	-4.5	3.7	0.4154	4.3	1.7
3996	2006	17	1296	0.5	5.2	0.6897	3.6	11.3
3996	2006	18	1987.2	2.1	6.2	0.7396	3.8	0.1
3996	2006	19	1987.2	0.6	6	0.7121	2.9	0
3996	2006	20	1296	3.7	9.8	0.8465	3.9	2.5
3996	2006	21	1296	1.8	6.6	0.7092	4.8	3.3
3996	2006	22	1382.4	-4.4	2.1	0.4663	2.5	0
3996	2006	23	6307.2	-6.9	-0.1	0.2974	3.3	0
3996	2006	24	6048	-9	1.7	0.266	3.6	0
3996	2006	25	3888	-7.1	1.5	0.3929	2.5	2.4
3996	2006	26	1987.2	-9.1	0.8	0.3551	4.1	0
3996	2006	27	6134.4	-9.9	-1.7	0.3134	1.5	0
3996	2006	28	6652.8	-11.2	2.6	0.36	1.5	0
3996	2006	29	6825.6	-10.8	3.4	0.3906	1.4	0
3996	2006	30	6998.4	-10.2	3.9	0.4167	1.4	0
3996	2006	31	3888	-6.4	1.1	0.4727	1.3	0
3996	2006	32	7257.6	-9.7	6.3	0.4532	1.3	0
3996	2006	33	1641.6	-8.6	-3	0.3888	1.2	0
3996	2006	34	1641.6	-6.1	-2.3	0.4075	1.3	0
3996	2006	35	1641.6	-2.4	1	0.5748	1.3	0.2
3996	2006	36	1728	-1.5	1.5	0.5866	1.7	0.9
3996	2006	37	1728	0.4	3.7	0.7011	1.5	1.9
3996	2006	38	1814.4	2.4	6.4	0.761	4.3	2.4
3996	2006	39	2332.8	2	6.3	0.7231	5.4	5.8
3996	2006	40	3196.8	0.5	4.2	0.6078	6.6	3.7
3996	2006	41	1900.8	0.7	2.6	0.6125	5	0.4
3996	2006	42	4406.4	-0.9	4	0.615	1.4	0.1
3996	2006	43	3110.4	-0.5	4.6	0.5453	2	0
3996	2006	44	6825.6	0.1	5.3	0.5118	3.6	0
3996	2006	45	1987.2	2.4	6.2	0.681	3.4	1.7
3996	2006	46	2592	2.3	8.5	0.7532	4.5	14.1
3996	2006	47	4060.8	4	10.2	0.8671	2.5	5.7
3996	2006	48	3110.4	2.7	9.5	0.7342	5	0.7
3996	2006	49	2678.4	2.5	7.9	0.7428	3.8	7.9
3996	2006	50	7344	2.7	9.7	0.7582	3.9	1.3
3996	2006	51	2246.4	1.9	5.4	0.7061	2.1	4.8
3996	2006	52	2246.4	1.6	4.9	0.671	2.3	1.1
3996	2006	53	2332.8	0.5	3.2	0.5097	3.6	0
3996	2006	54	2332.8	-0.6	1.4	0.4151	3.1	0
3996	2006	55	9244.8	-2	6.7	0.4341	4.7	0
3996	2006	56	10886.4	-6.4	6.2	0.4003	2.8	0
3996	2006	57	4147.2	-5.3	2.4	0.4232	2.6	0
3996	2006	58	2505.6	-7.5	1.8	0.4856	1.7	4.5
3996	2006	59	2505.6	-0.3	2.5	0.6484	3.6	7.4
3996	2006	60	4233.6	-2.6	1.5	0.5048	4.8	0.1
3996	2006	61	10022.4	-4.1	3.6	0.426	3.6	0
3996	2006	62	2851.2	-2.9	1.2	0.5111	2.4	1.5
3996	2006	63	3974.4	-3.3	2.1	0.4913	1.8	0
3996	2006	64	7948.8	-4.1	4.1	0.5132	3.3	1.2
3996	2006	65	8380.8	0.5	5.6	0.6236	4.4	2.1
3996	2006	66	8121.6	-1.6	5.9	0.535	2.9	0
3996	2006	67	3024	-0.5	5.7	0.6481	4.7	12.8
3996	2006	68	3110.4	5.6	9.3	1.012	3.6	5.2
3996	2006	69	5443.2	2.9	7.3	0.764	3.4	11
3996	2006	70	3196.8	-4.4	4.1	0.55	3.9	0.4
3996	2006	71	12614.4	-7.8	0.3	0.3243	3	0
3996	2006	72	15379.2	-9.8	3.8	0.3283	2.7	0
3996	2006	73	15552	-6.2	6.5	0.3521	3.7	0
3996	2006	74	13392	-2.7	6.7	0.4305	2.7	0
3996	2006	75	6480	0.2	5	0.4493	3.2	0
3996	2006	76	8035.2	-2.1	4.7	0.4631	3.6	0
3996	2006	77	14860.8	-0.5	10.1	0.559	3.6	0
3996	2006	78	16416	-4.2	10.6	0.561	1.8	0
3996	2006	79	12700.8	-4.5	8	0.5961	1.8	0
3996	2006	80	4147.2	-0.2	5.9	0.5098	2.7	0
3996	2006	81	16416	-2.2	8.1	0.4228	2.8	0
3996	2006	82	17280	-4.8	10.2	0.3783	3.3	0
3996	2006	83	7603.2	2.7	8.7	0.6867	5.3	4.5
3996	2006	84	5788.8	8.6	14.6	1.16	3.2	6.2
3996	2006	85	4752	10.7	17.2	1.3687	3.4	2.2
3996	2006	86	9331.2	9	18.8	1.2532	4.2	6.1
3996	2006	87	9158.4	6.9	15.2	0.9606	3.8	2.9
3996	2006	88	4579.2	4.2	12.1	0.9098	3.4	8.2
3996	2006	89	4924.8	7.3	15.5	1.1178	4.4	11
3996	2006	90	6998.4	9.4	15.3	1.1757	4.8	3.9
3996	2006	91	9763.2	6.6	16.1	1.1141	3.8	8.5
3996	2006	92	14256	5.9	14.4	0.9047	4.8	5.5
3996	2006	93	9417.6	4.8	11.6	0.8151	4.6	0.7
3996	2006	94	12355.2	1.1	9.7	0.7174	3.1	0.7
3996	2006	95	14947.2	-3.1	8.4	0.5618	2.7	0.1
3996	2006	96	15811.2	-2.6	11.4	0.5436	2.1	0
3996	2006	97	15638.4	-0.5	13.3	0.5766	2.4	0
3996	2006	98	14342.4	4	15.2	0.7287	4.4	1.6
3996	2006	99	11491.2	2.7	11.6	0.6576	3	0
3996	2006	100	12355.2	1.2	9.6	0.6098	3.6	0.1
3996	2006	101	14428.8	-2.7	9.4	0.5204	2.6	5.8
3996	2006	102	9849.6	3.7	11.9	0.8673	3.7	2.3
3996	2006	103	4752	4.6	12.8	0.9219	4.8	9.6
3996	2006	104	7948.8	5	14.1	1	3.9	0.7
3996	2006	105	9936	3.6	16.1	0.9961	4.3	5.2
3996	2006	106	5875.2	10.1	14.5	1.229	4.4	3.2
3996	2006	107	7689.6	5.1	13.5	0.96	2.4	0
3996	2006	108	15379.2	4.3	15.7	0.8221	2.8	0
3996	2006	109	19440	2.2	17	0.7764	2.5	0
3996	2006	110	14688	3.3	17.6	0.8345	1.9	0
3996	2006	111	19958.4	5	21.2	0.9337	1.9	0.9
3996	2006	112	15552	3.8	13.5	0.8852	3.5	0
3996	2006	113	11923.2	3.1	14.6	0.8518	1.7	0
3996	2006	114	17452.8	3.8	20.9	0.8746	2.1	0
3996	2006	115	18316.8	9.4	24.5	1.1572	3.1	3.1
3996	2006	116	5961.6	11.6	15.5	1.3646	2.3	0.1
3996	2006	117	6998.4	7.6	15.4	1.0303	3.4	0
3996	2006	118	18748.8	3.5	15.6	0.7977	4.8	0
3996	2006	119	15120	2.9	10.2	0.7573	4.4	16.3
3996	2006	120	11404.8	1.9	8.6	0.7987	2.7	4
3996	2006	121	15724.8	2.2	12.6	0.916	3.4	4.7
3996	2006	122	20649.6	8.1	20.3	1.1161	3.2	0
3996	2006	123	22291.2	11	26.5	1.1015	3.3	0
3996	2006	124	21859.2	11.2	25.9	0.9385	4	0
3996	2006	125	23760	11.9	24.8	1.0322	3.6	0
3996	2006	126	24969.6	6.9	23.8	0.7664	4.1	0
3996	2006	127	24710.4	11.6	23.6	0.7636	4.9	0
3996	2006	128	22809.6	11.8	23.8	0.814	5.2	0
3996	2006	129	21859.2	7.2	24.4	1.0756	3	0.9
3996	2006	130	26092.8	7.6	24.5	1.0383	2.1	0
3996	2006	131	26697.6	6.1	25.3	0.9619	2	0
3996	2006	132	24537.6	7.9	25.9	0.9998	2.4	1.2
3996	2006	133	12009.6	11.4	18.2	1.3451	2.6	3.3
3996	2006	134	6652.8	6.9	14.8	1.1557	2.5	0
3996	2006	135	17625.6	7.2	21.4	1.1559	2.6	0.4
3996	2006	136	19008	13.9	22.2	1.4677	3.4	1
3996	2006	137	17020.8	12.8	20.5	1.495	2.9	8.7
3996	2006	138	15379.2	13.1	19.9	1.5558	3.6	7.1
3996	2006	139	10886.4	9.4	16	1.159	5.7	4.8
3996	2006	140	11145.6	9.3	15.4	1.147	6.1	4.7
3996	2006	141	10972.8	11.4	17.7	1.1085	4.9	1.5
3996	2006	142	11664	12	19.3	1.3672	4.7	3
3996	2006	143	14774.4	6.3	14.2	0.8734	5.2	0.8
3996	2006	144	18748.8	5.1	17.3	0.9436	5	8.3
3996	2006	145	6220.8	8.9	14	1.2566	2.9	2.4
3996	2006	146	6220.8	6.6	16.3	1.3107	3.6	15.6
3996	2006	147	6220.8	13.8	17	1.6601	3.5	20.3
3996	2006	148	19958.4	7.6	18.1	1.0963	5	0
3996	2006	149	9072	6.9	13.4	1.0906	2.8	3.5
3996	2006	150	12960	5	11.7	0.9552	4	6.4
3996	2006	151	6307.2	5	11.8	0.9915	3.8	0.7
3996	2006	152	13219.2	7.2	12.2	0.95	4.9	1.7
3996	2006	153	18316.8	6.7	17.5	1.0437	3.7	0
3996	2006	154	12528	4.9	18.4	1.0954	2.6	0.2
3996	2006	155	19094.4	8	17.1	0.9297	4.9	0
3996	2006	156	16243.2	6.7	16.5	0.9007	3.3	0
3996	2006	157	20563.2	4.4	18.6	0.949	2.6	0
3996	2006	158	27129.6	5.1	21.8	1.0168	1.9	0
3996	2006	159	27561.6	7.1	23.8	1.1044	1.6	0
3996	2006	160	28339.2	8.8	25.9	1.1473	1.9	0
3996	2006	161	29635.2	10.6	27.2	1.1555	2.7	0
3996	2006	162	29980.8	15.3	27.1	1.2314	3.6	0
3996	2006	163	29894.4	12.1	28.8	1.104	4.2	0
3996	2006	164	28857.6	13.1	31.4	1.2593	2.3	0
3996	2006	165	25488	16.9	27.8	1.7252	3.1	4.8
3996	2006	166	12614.4	15	22.8	1.9839	3	3.8
3996	2006	167	19353.6	9.9	19.1	1.1544	3.4	0
3996	2006	168	28339.2	8.1	23.3	1.3004	2.1	0
3996	2006	169	27907.2	10.2	29.2	1.4893	2.7	2.5
3996	2006	170	19440	17.5	26.7	2.2832	3	14.5
3996	2006	171	18403.2	16.1	25.2	1.9194	2.1	0
3996	2006	172	16416	16.7	25.1	1.653	3.6	0.3
3996	2006	173	16502.4	13	19	1.1984	4.4	0
3996	2006	174	27043.2	9	21.1	1.1106	1.7	0
3996	2006	175	27648	9.1	26.5	1.2007	2	0
3996	2006	176	21686.4	15.1	30.9	2.0468	2.4	5.3
3996	2006	177	18230.4	16.4	25.4	1.8258	4.2	0
3996	2006	178	8726.4	14.7	19.7	1.7047	2.4	4.4
3996	2006	179	19785.6	13.8	22.7	1.5072	1.7	0
3996	2006	180	26092.8	10.2	25.7	1.438	1.8	0
3996	2006	181	27907.2	13.2	28.8	1.5391	2.3	0
3996	2006	182	29376	13.2	29.5	1.4203	2.5	0
3996	2006	183	29635.2	15.4	29.6	1.2513	3.9	0
3996	2006	184	29635.2	16.1	30.1	1.2693	3.7	0
3996	2006	185	27820.8	14.2	32.6	1.4936	2.4	0
3996	2006	186	22118.4	18.2	32.2	2.2711	2.4	5.1
3996	2006	187	16243.2	17.7	29	2.205	2	0.2
3996	2006	188	11923.2	17.9	25	2.118	2.4	7.9
3996	2006	189	22204.8	15.3	25.6	1.7759	2.2	0
3996	2006	190	13564.8	16.3	28.3	1.8812	3.2	0.1
3996	2006	191	24537.6	16.1	26.9	1.6893	2.3	0
3996	2006	192	22896	15.2	29.6	1.9738	3	0.2
3996	2006	193	22377.6	18	27.9	1.9288	2.4	0
3996	2006	194	27561.6	16.3	30.7	1.8782	3.3	0
3996	2006	195	24019.2	15.3	24.9	1.3857	4.4	0
3996	2006	196	29030.4	9.7	28.6	1.1293	3.2	0
3996	2006	197	28857.6	13.5	29.8	1.1366	3.4	0
3996	2006	198	28684.8	10.6	31.4	1.1667	2.4	0
3996	2006	199	28598.4	13.4	33.9	1.3413	2.3	0
3996	2006	200	28080	15.1	35.8	1.2986	3.2	0
3996	2006	201	25056	20.3	34	1.5789	3.1	0
3996	2006	202	27216	17.8	34.1	1.8726	2.2	0
3996	2006	203	20217.6	17.2	34.4	2.4527	2.8	1.3
3996	2006	204	23846.4	18.5	31.4	2.143	2.6	0
3996	2006	205	23760	16.3	30.8	1.8259	2	0
3996	2006	206	26265.6	17.5	34.3	1.7671	2.1	0
3996	2006	207	18316.8	19.9	35.7	2.1618	1.9	0
3996	2006	208	20476.8	18.6	31.4	2.023	2.5	0.2
3996	2006	209	13305.6	17	28.1	2.1828	2	0.5
3996	2006	210	21859.2	15.4	29.2	1.9081	2.1	0
3996	2006	211	15552	15.6	31.8	2.1349	3	1.4
3996	2006	212	18662.4	15.6	25.1	1.6219	2.5	0.1
3996	2006	213	10108.8	14.5	25	1.6778	4	2.3
3996	2006	214	10195.2	13.1	22.8	1.4585	6.2	9.4
3996	2006	215	14083.2	12.2	21.1	1.6086	2.4	2.1
3996	2006	216	15379.2	11.8	23.1	1.6323	2.4	3.2
3996	2006	217	18057.6	13	25	1.7769	3.3	0.3
3996	2006	218	12009.6	15.9	24.7	1.7596	4.4	0
3996	2006	219	16588.8	11.9	24.8	1.6852	3.7	1.1
3996	2006	220	13046.4	15.3	21.6	1.5474	4.6	0
3996	2006	221	13305.6	12.2	22	1.5772	2.4	4.5
3996	2006	222	13219.2	8.3	18.4	1.3929	2.4	2.9
3996	2006	223	10713.6	11.4	17.5	1.4959	2	3.1
3996	2006	224	12787.2	8.9	18.2	1.2716	1.9	0
3996	2006	225	15897.6	9.5	20.9	1.3801	2.7	0.1
3996	2006	226	15638.4	7.2	21.9	1.4394	3.2	4.7
3996	2006	227	8726.4	13	20.1	1.7112	3.5	2
3996	2006	228	14860.8	13.2	22.9	1.6951	3.1	0
3996	2006	229	14256	14.5	26.2	1.8843	2.9	3.8
3996	2006	230	14169.6	16.2	23.7	1.8848	3.7	2.6
3996	2006	231	13824	15.9	26.5	1.9099	2.6	1.6
3996	2006	232	11318.4	14	21.2	1.6679	4	2.5
3996	2006	233	7516.8	13.8	21.1	1.5925	4	10.5
3996	2006	234	9676.8	11.4	20.3	1.5647	3.3	3.3
3996	2006	235	15465.6	8.7	22.8	1.4475	1.7	0
3996	2006	236	12873.6	12.2	21	1.5846	2.9	8.6
3996	2006	237	11059.2	12.2	20.4	1.6657	1.9	1.5
3996	2006	238	7862.4	12.9	19.9	1.6018	1.9	0
3996	2006	239	10108.8	12.8	20.5	1.7599	2.3	10.4
3996	2006	240	6912	11.1	15.3	1.4703	3.2	6.9
3996	2006	241	12614.4	8.5	18.6	1.3181	3.9	4.9
3996	2006	242	8726.4	8.6	17.6	1.4306	2.3	4.2
3996	2006	243	12182.4	8.8	20.4	1.3445	2.2	0
3996	2006	244	14688	15.1	25.7	1.6748	2.8	0
3996	2006	245	10713.6	14	24.2	1.6335	2.3	0
3996	2006	246	4406.4	18	23.5	1.9068	5.6	7.8
3996	2006	247	11577.6	15.1	23.5	1.6092	4.7	0
3996	2006	248	8208	10.9	23.5	1.6851	1.9	0
3996	2006	249	18748.8	13.1	28.1	1.9377	1.5	0
3996	2006	250	10800	11.2	23.9	1.863	3.2	0.3
3996	2006	251	14083.2	7.9	19.9	1.285	2.3	0
3996	2006	252	18748.8	5.1	22.8	1.13	2.7	0
3996	2006	253	18576	10.4	24.9	1.3103	3.7	0
3996	2006	254	18316.8	13	27.4	1.607	2.9	0
3996	2006	255	17625.6	15.9	28.9	1.9197	2.9	0
3996	2006	256	17193.6	17.3	29.2	1.8502	3.4	0
3996	2006	257	15120	15.7	27.7	1.6064	2.8	0
3996	2006	258	13824	15.3	26.8	1.3944	2.7	0
3996	2006	259	16070.4	14.5	26.5	1.8055	2.1	0
3996	2006	260	3801.6	15.7	21.5	1.9043	3.1	16.1
3996	2006	261	3715.2	15.6	18	1.8532	2	2.2
3996	2006	262	9244.8	11.1	20.3	1.5854	2.8	0.9
3996	2006	263	14688	8.5	20.9	1.3866	2.9	0
3996	2006	264	16416	12.3	25.4	1.5431	4.5	0
3996	2006	265	14256	14.4	26.6	1.6129	4.5	0
3996	2006	266	9331.2	13.5	25	1.6711	2.6	0
3996	2006	267	8553.6	13.7	25.1	1.6867	2.5	0
3996	2006	268	3369.6	13	20.7	1.6866	1.8	0
3996	2006	269	4147.2	14.2	19.3	1.714	1.7	0.8
3996	2006	270	11318.4	11.7	20.6	1.5399	1.6	0
3996	2006	271	9849.6	10.5	21.8	1.4849	2.4	0
3996	2006	272	12009.6	12.9	22.8	1.6535	2.8	3.2
3996	2006	273	12528	14.8	23	1.6787	3	1.5
3996	2006	274	9504	14	21.8	1.6997	3.4	0.1
3996	2006	275	3024	13.8	18.1	1.3394	4.2	0
3996	2006	276	3456	11.9	16.9	1.4583	2.5	2.3
3996	2006	277	4320	10.1	16.1	1.3403	3	4
3996	2006	278	8899.2	8.6	18	1.2358	3.2	8.1
3996	2006	279	2851.2	12.4	17.7	1.5207	4.3	7.3
3996	2006	280	7603.2	8	16.9	1.169	4.3	0.2
3996	2006	281	11836.8	6.5	17.5	1.1489	2.4	0
3996	2006	282	11145.6	8.2	20.1	1.3221	2.6	0
3996	2006	283	6652.8	10.3	21.2	1.519	2.3	0
3996	2006	284	10627.2	8.8	21.7	1.4538	3.5	0
3996	2006	285	8380.8	12.4	21.2	1.6812	2.3	0.3
3996	2006	286	2592	12.1	16.6	1.5679	2.3	0
3996	2006	287	5270.4	6.8	15.6	1.1563	2.8	0
3996	2006	288	11059.2	3.7	18.4	1.079	2.4	0
3996	2006	289	11145.6	3.3	16.8	1.0095	3.3	0
3996	2006	290	10627.2	5.2	17.5	1.047	4.6	0
3996	2006	291	7516.8	9.8	19	1.2617	4	0
3996	2006	292	3283.2	11.8	15.5	1.3579	3.6	1.5
3996	2006	293	6739.2	13.2	19.4	1.5176	4.1	1.3
3996	2006	294	4838.4	13.2	19.2	1.508	3.7	0
3996	2006	295	6652.8	10.8	17.8	1.3024	4.1	1
3996	2006	296	2937.6	14.8	19	1.7496	4.4	6.9
3996	2006	297	3369.6	10	17.6	1.3712	5.8	1.7
3996	2006	298	6912	8	16.8	1.1796	4.2	0
3996	2006	299	7516.8	13.8	23.3	1.4931	4.3	0
3996	2006	300	2419.2	12.5	18.1	1.3716	2.9	0
3996	2006	301	1987.2	10.3	16.5	1.3821	2	0.3
3996	2006	302	4838.4	8.9	17.1	1.2717	5.2	0.2
3996	2006	303	6825.6	8.7	16.2	1.2412	1.9	0
3996	2006	304	4492.8	8.2	16.6	1.1796	4.1	2.8
3996	2006	305	5875.2	1.4	10.4	0.6962	6.4	0.6
3996	2006	306	2937.6	-2	7.5	0.7072	2.5	2.8
3996	2006	307	2160	4.3	7.8	0.8723	2.1	0.8
3996	2006	308	4752	6.2	12.1	1.0083	2.9	0
3996	2006	309	1728	8.5	10.8	1.0547	4.5	0
3996	2006	310	1728	8.2	10.6	1.0018	3.5	0
3996	2006	311	7084.8	4.6	12.2	0.9364	2.7	0
3996	2006	312	6566.4	3.9	13.5	0.9106	3.3	7.7
3996	2006	313	5184	3	12.1	0.9046	4.3	0
3996	2006	314	5616	2	9.9	0.8104	2.2	0
3996	2006	315	1555.2	4.7	10.4	0.9046	4.5	8.2
3996	2006	316	2246.4	5	9.8	0.916	5.6	2.9
3996	2006	317	1555.2	5.7	12.5	1.0973	4.4	12.1
3996	2006	318	1468.8	10.9	14	1.3422	3.1	2.4
3996	2006	319	4320	10.9	15.7	1.2663	3.4	0
3996	2006	320	5356.8	10.8	17.9	1.1596	4.4	2.7
3996	2006	321	1728	8.1	16.3	1.2493	3.6	0.7
3996	2006	322	1814.4	3.1	11.3	0.934	2.9	1
3996	2006	323	1382.4	3.6	10	0.9877	2.8	6.9
3996	2006	324	1382.4	2.7	7.8	0.8253	4.2	12.6
3996	2006	325	3456	4.3	11.8	0.9467	3.3	1.7
3996	2006	326	2937.6	3.1	9.2	0.7934	3.7	5
3996	2006	327	1296	5.3	13.2	1.0734	4.2	14.8
3996	2006	328	1900.8	7.1	14.6	1.1037	4.2	0.1
3996	2006	329	1296	12.3	18.5	1.1009	5.7	0
3996	2006	330	1468.8	6.9	13.3	0.9882	2.7	0
3996	2006	331	3715.2	7.9	16.9	1.1652	3.4	0
3996	2006	332	5011.2	8.2	11.6	1.0238	4.9	2
3996	2006	333	3196.8	0.2	12.4	0.8684	1.8	0
3996	2006	334	1209.6	-0.2	8.7	0.7531	3.4	0
3996	2006	335	4406.4	6.1	10.4	0.9051	4.3	0
3996	2006	336	2160	5.7	10.7	0.8694	3.4	0
3996	2006	337	3283.2	6.2	14.1	0.9543	5.2	3.5
3996	2006	338	1468.8	7.7	11.8	0.9653	4.6	6.1
3996	2006	339	2246.4	11.7	16.6	1.2092	6.1	2.6
3996	2006	340	1123.2	6	12	0.8375	4	0
3996	2006	341	1382.4	4.4	11.3	0.8065	5.7	1
3996	2006	342	1468.8	8.9	13.5	1.0101	6.3	3
3996	2006	343	2160	4.3	9.4	0.8226	2.6	0
3996	2006	344	3801.6	1.7	8.2	0.7561	2.3	0.3
3996	2006	345	1036.8	3.1	7.4	0.7632	4.1	21.5
3996	2006	346	4492.8	3.4	10.2	0.8297	3	1.6
3996	2006	347	1036.8	5.5	10	0.8959	4.2	0
3996	2006	348	2073.6	4.9	11.2	0.8929	3.4	0
3996	2006	349	4752	2.4	11.4	0.726	3.7	0
3996	2006	350	1036.8	3	9.8	0.788	3.8	3.8
3996	2006	351	3024	1.8	7.5	0.7489	2.6	0.3
3996	2006	352	1987.2	1.6	6.5	0.7507	1.3	0.1
3996	2006	353	2160	1.4	7.1	0.6951	1.4	0
3996	2006	354	1036.8	-2	3	0.6145	1	0.4
3996	2006	355	1036.8	1.4	5.7	0.7642	0.9	0
3996	2006	356	4579.2	-2.1	7.3	0.6261	2	0
3996	2006	357	1036.8	0	4.5	0.6394	1.8	0
3996	2006	358	1036.8	-1.7	0.7	0.5833	1.1	0
3996	2006	359	1036.8	-1.5	2.6	0.6168	1.5	0
3996	2006	360	2332.8	-2.5	3.1	0.562	3.5	0
3996	2006	361	1036.8	-5.2	-0.2	0.471	1.4	0
3996	2006	362	1036.8	-0.2	3.9	0.6563	2	7
3996	2006	363	4147.2	2.1	6.7	0.6941	3.6	0
3996	2006	364	1036.8	3.9	12.3	0.7988	5.1	3.4
3996	2006	365	1036.8	8.5	11.8	0.8923	6.4	1.3
