*---------------------------------------------------------------------------*
* Station name: KOLN-BONN                               
* Year: 1981
* Author: Pedro Alencar                                   -999.000: NIL VALUE
* Source: ECAD 
* Comments: 
* Longitude: 50.8658, latitude: 50.8658, altitude: 92 m.
*
* Column  Daily value
* 1       station number
* 2       year
* 3       day
* 4       irradiation                   (kJ m-2 d-1)
* 5       minimum temperature           (degrees Celsius)
* 6       maximum temperature           (degrees Celsius)
* 7       early morning vapour pressure (kPa)
* 8       mean wind speed (height: 2 m) (m s-1)
* 9       precipitation                 (mm d-1)
*
** WCCDESCRIPTION=GERMANY, KOLN-BONN                               
** WCCFORMAT=2
** WCCYEARNR=1981
*---------------------------------------------------------------------------*
   50.8658  7.1583    92.  -0.18 -0.55
3996	1981	1	2505.6	1.1	7.5	0.6394	8.6	5
3996	1981	2	1036.8	1.6	7.9	0.7799	5.9	17.4
3996	1981	3	1036.8	5.3	10.9	0.8312	8.6	3.1
3996	1981	4	2160	-0.2	7.6	0.7006	6.8	3.7
3996	1981	5	1728	-0.1	3.3	0.5761	5.2	11.8
3996	1981	6	1728	-1.3	0.8	0.558	3.5	2.4
3996	1981	7	1123.2	-9.8	0.2	0.3938	2.4	0.9
3996	1981	8	1123.2	-3.4	0.7	0.4816	2.7	0.5
3996	1981	9	1123.2	-0.5	3.1	0.6041	3.8	4.7
3996	1981	10	1123.2	0.9	3.4	0.6063	3.8	1
3996	1981	11	4752	-6.1	2.7	0.41	2.2	0
3996	1981	12	1209.6	-6.6	0.2	0.4103	3.2	9.1
3996	1981	13	2073.6	-4.3	1	0.4765	3.5	0.3
3996	1981	14	1209.6	-5.1	3.5	0.4611	5.6	24.3
3996	1981	15	2332.8	-0.3	4.2	0.6399	6.1	5.2
3996	1981	16	1987.2	-1.7	0.8	0.5204	5	5.4
3996	1981	17	1987.2	-0.6	5.9	0.5913	4.2	4.9
3996	1981	18	1296	-0.5	3.9	0.594	3.8	1.5
3996	1981	19	2073.6	-0.6	7.4	0.608	6.1	2.1
3996	1981	20	1900.8	-1.3	3.6	0.5245	3.6	0.1
3996	1981	21	2246.4	-4.3	1	0.4224	2.4	0
3996	1981	22	1641.6	-2.8	2.3	0.42	4.2	0
3996	1981	23	1382.4	0.1	3.4	0.3951	2.9	0
3996	1981	24	3715.2	-5.7	2.7	0.3395	2.1	0.3
3996	1981	25	1382.4	1	7	0.6993	3.7	0.2
3996	1981	26	3974.4	-2	5.2	0.6035	2	0
3996	1981	27	1468.8	-2.9	4.4	0.5548	3.2	0
3996	1981	28	1468.8	0	5.2	0.6261	2.8	0
3996	1981	29	6825.6	-3.2	4.5	0.4868	2.9	0
3996	1981	30	4233.6	-6.2	2.6	0.4659	1.1	0
3996	1981	31	7171.2	-6.5	8.9	0.4864	1.5	0
3996	1981	32	7257.6	-5.7	10.3	0.5191	1.7	0
3996	1981	33	7344	-4.6	12.6	0.5367	2.4	0.2
3996	1981	34	1641.6	0.6	7.6	0.6633	5	13
3996	1981	35	1641.6	1.2	6.3	0.7271	4.1	10.2
3996	1981	36	1987.2	0.2	2.9	0.6218	3.9	1.6
3996	1981	37	1728	0.4	8.6	0.7579	3.1	4
3996	1981	38	1814.4	7	11.3	0.9155	5.3	0
3996	1981	39	1814.4	7.7	10.2	0.9033	5	0
3996	1981	40	1814.4	5.9	9.5	0.7668	2.3	0.2
3996	1981	41	3110.4	1.5	6.4	0.6239	7.2	1.7
3996	1981	42	4838.4	-1.5	3.2	0.5393	3.6	2.7
3996	1981	43	7084.8	-3.4	3	0.5058	1.3	0
3996	1981	44	8812.8	-8.5	1.7	0.3567	1.4	0
3996	1981	45	8899.2	-8.8	3.5	0.3772	1.3	0
3996	1981	46	3715.2	-8.4	0.2	0.3926	1.1	0
3996	1981	47	8035.2	-9.7	5.3	0.4056	1.7	0
3996	1981	48	4492.8	-3.6	5.3	0.5003	1.5	0
3996	1981	49	3024	-5.2	4	0.4328	1.6	0
3996	1981	50	2160	-3	1.6	0.4471	2.3	0.5
3996	1981	51	3888	-3	0.2	0.4744	1.4	2
3996	1981	52	5961.6	-5.8	0	0.4097	1.3	0
3996	1981	53	5529.6	-8	0.8	0.3748	2.7	0
3996	1981	54	8121.6	-9.8	1.9	0.3651	2.2	0
3996	1981	55	7776	-8.6	2.2	0.391	1.4	0
3996	1981	56	5616	-5.8	1.8	0.4486	1.2	0
3996	1981	57	10713.6	-8.6	8	0.4304	1.5	0
3996	1981	58	10454.4	-4.7	8.1	0.2901	6.4	0
3996	1981	59	2505.6	-0.3	4.7	0.4224	8.7	11.1
3996	1981	60	7171.2	-0.3	9.4	0.7183	4.1	3.3
3996	1981	61	4320	2.7	8.9	0.8297	3.6	10.8
3996	1981	62	2851.2	3.3	7.4	0.8132	2.2	0.4
3996	1981	63	2851.2	-0.2	5.3	0.5358	3	0
3996	1981	64	5270.4	-0.5	4.5	0.5646	2.3	0
3996	1981	65	2937.6	-1.1	7.3	0.6563	4.3	2.8
3996	1981	66	5270.4	5.9	12.8	0.9397	4.5	1.5
3996	1981	67	4147.2	10.5	15.4	1.1184	4.7	9.4
3996	1981	68	3110.4	11.2	13.8	1.3176	3.7	25.2
3996	1981	69	3196.8	11	14	1.3466	3.1	11.1
3996	1981	70	6480	12.9	19.3	1.1512	7.2	0.2
3996	1981	71	4752	10.2	14	1.0296	5.4	0.6
3996	1981	72	8553.6	7.7	13.5	0.9195	4.1	2.4
3996	1981	73	3369.6	5.9	8.2	0.7637	5.3	2.7
3996	1981	74	11923.2	-0.4	11	0.7747	2.3	1.2
3996	1981	75	3888	1.2	5.8	0.7144	1.6	10.5
3996	1981	76	8467.2	-0.1	6.9	0.7327	1.4	6.1
3996	1981	77	8726.4	0.4	6.3	0.5748	2.9	0.2
3996	1981	78	4320	3.3	9.3	0.6203	5.4	0
3996	1981	79	14688	1.9	15.5	0.697	3.5	0
3996	1981	80	14169.6	3.1	18.5	0.7248	5.2	0
3996	1981	81	8208	5.6	16.5	0.7764	7.5	0.9
3996	1981	82	3801.6	2.6	11.5	0.834	4.1	10.5
3996	1981	83	5356.8	9.9	13.7	1.0233	5.6	6.2
3996	1981	84	11577.6	9.9	22	1.2127	4.1	1.7
3996	1981	85	6998.4	8.1	17.3	1.0856	4.3	5
3996	1981	86	13996.8	1.9	16.7	0.7258	3.5	0
3996	1981	87	12700.8	5.4	18.6	0.6585	5.8	0
3996	1981	88	14083.2	7.3	19.3	0.9917	3.1	0
3996	1981	89	7862.4	6.6	16.6	1.119	2.2	0.7
3996	1981	90	4147.2	5	15.9	1.138	1.2	0
3996	1981	91	4233.6	7.4	12.2	1.1017	2.1	0.1
3996	1981	92	4233.6	8.8	11.6	1.0943	2.9	0
3996	1981	93	4320	10.1	12.7	1.2121	2.3	0
3996	1981	94	4320	7.1	11.7	0.9075	3.5	0
3996	1981	95	6739.2	4.8	8.9	0.8623	2.1	0.3
3996	1981	96	10627.2	4.8	12.5	0.7843	2.8	0.5
3996	1981	97	13392	4.1	20.2	1.0047	2.9	1.4
3996	1981	98	7862.4	9.9	17.6	1.3354	1.6	0
3996	1981	99	18057.6	6.7	20.2	1.0168	1.9	0
3996	1981	100	20304	4	22	0.8528	3.3	0
3996	1981	101	17452.8	7.9	23.6	0.9114	4.6	3
3996	1981	102	15120	11	21.9	1.5696	2.4	0.5
3996	1981	103	9158.4	11	19.3	1.3413	2	0
3996	1981	104	20995.2	4.9	22.1	0.7574	2.6	0
3996	1981	105	22636.8	1.4	21.4	0.633	2	0
3996	1981	106	21945.6	0.7	17.2	0.606	3.1	0
3996	1981	107	23328	0.8	11.1	0.4285	4.4	0
3996	1981	108	22809.6	-3	10.9	0.4132	2.9	0
3996	1981	109	19180.8	1.5	9	0.7898	4.1	1.3
3996	1981	110	10281.6	2.8	11.4	0.5445	3.4	0
3996	1981	111	10713.6	-3.4	8.2	0.501	3.8	0
3996	1981	112	11577.6	3.2	8.7	0.5869	4.6	0
3996	1981	113	17366.4	0.1	7.7	0.5571	2.9	1.2
3996	1981	114	20995.2	-4.9	11.6	0.3418	3.6	0
3996	1981	115	16416	3.2	16.6	0.5485	3.7	0
3996	1981	116	8208	4.9	15.2	0.8618	4.2	0
3996	1981	117	5356.8	3.9	10.9	0.7204	4.2	0.7
3996	1981	118	6393.6	2.4	10	0.7108	4.2	8.3
3996	1981	119	6048	4.7	10.6	0.9213	3.1	3.3
3996	1981	120	5443.2	9.4	11.4	1.1594	5	16.7
3996	1981	121	13305.6	5.8	10.1	0.7586	4.8	1.7
3996	1981	122	15638.4	-0.7	10.3	0.5934	2.4	0.4
3996	1981	123	15724.8	-2.2	9.7	0.4954	2.1	1.2
3996	1981	124	11577.6	3.7	11.4	0.863	3.7	7.6
3996	1981	125	8553.6	2.4	9.2	0.8021	4.4	3
3996	1981	126	5702.4	-0.4	14.2	0.8851	2.4	3
3996	1981	127	19526.4	6.2	20.3	1.0797	5.2	0
3996	1981	128	12960	12.7	20.8	1.2569	4.2	0
3996	1981	129	22377.6	10.3	24.8	1.222	2.6	0
3996	1981	130	26179.2	10.6	28.3	1.128	3.9	0
3996	1981	131	24969.6	12.3	26.3	1.3634	3.8	10.3
3996	1981	132	19353.6	8.2	19.4	1.1506	2.3	0
3996	1981	133	17884.8	8.4	21.3	1.3157	1.9	8.8
3996	1981	134	5961.6	11.4	15.3	1.3929	1.3	4.2
3996	1981	135	19699.2	10.6	19.3	1.3921	1.3	0
3996	1981	136	19872	10	21.6	1.3625	3.1	15
3996	1981	137	18403.2	9.6	17.2	0.9368	2.8	0.6
3996	1981	138	25228.8	5.3	20.7	0.8079	2.2	0
3996	1981	139	20390.4	9.9	25.7	1.0989	3.2	0
3996	1981	140	21427.2	12.4	28.2	1.1414	4.3	0
3996	1981	141	20304	13.4	28.2	1.5694	3.7	7.1
3996	1981	142	12355.2	11.7	18.5	1.2856	2.4	0.7
3996	1981	143	17193.6	7.8	19.8	1.1663	3.8	12.4
3996	1981	144	20563.2	11	16.9	1.13	3.6	3.5
3996	1981	145	8121.6	9.3	14.9	1.0437	4	0.4
3996	1981	146	19094.4	9.7	17.4	1.07	2.8	1.2
3996	1981	147	7862.4	9.8	15.2	1.1873	2.4	2.1
3996	1981	148	15292.8	8.3	17.6	1.0439	3	3.5
3996	1981	149	13478.4	10.9	19	1.3242	3	0.1
3996	1981	150	13910.4	11	22.2	1.4714	2.2	0.4
3996	1981	151	26265.6	14.2	28.2	1.533	3.8	2.3
3996	1981	152	21772.8	15.2	25.1	1.7905	1.5	0
3996	1981	153	24969.6	13	30.3	1.7307	3.5	8.8
3996	1981	154	9158.4	13.1	19.8	1.4948	3	12.9
3996	1981	155	6393.6	11.6	16.7	1.4672	3.1	11.3
3996	1981	156	8640	8.3	19.2	1.194	3.4	3.3
3996	1981	157	14342.4	14.8	21.4	1.659	2.7	7.6
3996	1981	158	25228.8	12.2	22.4	1.2423	2.1	0.6
3996	1981	159	12614.4	14.4	23.4	1.7659	3.9	1.6
3996	1981	160	9244.8	15.4	22	1.6148	3.9	1.2
3996	1981	161	24883.2	12.7	18.7	1.0688	4.2	0
3996	1981	162	23500.8	7.7	25	1.0769	3.9	0.6
3996	1981	163	11836.8	12.2	21.5	1.3608	4.4	0
3996	1981	164	28857.6	3.6	21.6	0.8453	1.3	0
3996	1981	165	21340.8	9.3	25.9	1.3263	3.1	0
3996	1981	166	21945.6	15	28.9	1.2891	3.6	0
3996	1981	167	17452.8	13.4	20.1	1.0284	6.4	0
3996	1981	168	13564.8	9.2	13.7	1.0945	3.8	11.2
3996	1981	169	6480	8.6	11.9	0.9732	4.9	0
3996	1981	170	13219.2	6.9	15.8	0.9128	1.5	1.3
3996	1981	171	6480	9.8	12.7	1.2001	1.4	1.7
3996	1981	172	19526.4	9.2	15.8	1.0715	4.2	2.1
3996	1981	173	18576	9.9	18.9	1.1961	3.4	0
3996	1981	174	26265.6	5.9	22.5	1.019	2	0
3996	1981	175	17539.2	9.2	23.4	1.3141	1.7	0.2
3996	1981	176	20044.8	10.4	23.5	1.3887	1.6	9.4
3996	1981	177	14083.2	11.9	20.3	1.535	1.7	0.2
3996	1981	178	11232	11.1	19.9	1.3366	1.9	2.7
3996	1981	179	9590.4	12.7	22	1.6418	2.2	34
3996	1981	180	6480	10.3	18.2	1.4767	4.8	26.7
3996	1981	181	11836.8	7.9	18	1.029	4.5	0.1
3996	1981	182	13305.6	12.9	20.2	1.2599	3.2	0
3996	1981	183	12009.6	14.6	22.5	1.6424	2.1	7.1
3996	1981	184	10454.4	12.7	18.9	1.488	2.9	1.5
3996	1981	185	19612.8	10.1	20.9	1.1783	3.1	0.3
3996	1981	186	15292.8	12.1	23.7	1.4949	2.6	0.5
3996	1981	187	11059.2	13.3	22.6	1.7461	1.9	4.4
3996	1981	188	24883.2	11.9	25.3	1.5833	1.3	0
3996	1981	189	28598.4	12.1	28.9	1.5888	2.1	0
3996	1981	190	23932.8	15.6	30.8	1.6459	3	0
3996	1981	191	16848	15.4	26.5	2.0046	1.8	1.2
3996	1981	192	10972.8	18	24	1.8618	2.5	0
3996	1981	193	12009.6	15.1	20.9	1.4219	2.5	0.7
3996	1981	194	18662.4	14.8	21.7	1.57	2.5	0
3996	1981	195	13392	10.7	22.1	1.3783	3.7	0.4
3996	1981	196	11318.4	12.2	20.2	1.4528	1.9	4.7
3996	1981	197	14860.8	14.6	23.2	1.5043	2.9	0
3996	1981	198	18230.4	14	19.4	1.196	3.6	0
3996	1981	199	15206.4	8.5	18.6	1.2716	1.3	3.2
3996	1981	200	13392	7.5	18.8	1.2238	2.6	2.1
3996	1981	201	6825.6	10.3	19	1.3488	2.9	1.4
3996	1981	202	6048	13.7	19.6	1.6842	3.2	4.4
3996	1981	203	18316.8	14.7	22.5	1.6689	3.1	1.5
3996	1981	204	13046.4	13.8	18.7	1.5682	3	0.6
3996	1981	205	19008	10.9	19.9	1.2232	4.5	2.1
3996	1981	206	5961.6	11.8	14.9	1.3623	4	17.1
3996	1981	207	9417.6	11.4	18.7	1.2985	3.5	4.2
3996	1981	208	21340.8	13.9	21.2	1.4223	5.6	0
3996	1981	209	13305.6	9	21.9	1.3849	1.6	0
3996	1981	210	20563.2	11.3	25.9	1.6047	1.4	0
3996	1981	211	22550.4	13.7	20.6	1.3868	2.5	0
3996	1981	212	17539.2	8.5	24	1.4575	3	0.7
3996	1981	213	12096	16	24.2	1.9494	2.4	1.2
3996	1981	214	6480	16.1	19.8	1.9105	1.5	3
3996	1981	215	19872	15.6	27	2.0481	0.8	0
3996	1981	216	23673.6	14.5	29.2	1.9611	1.5	0
3996	1981	217	24796.8	16.2	30.7	2.1319	1.8	0
3996	1981	218	23500.8	16.6	31	2.0889	1.7	0
3996	1981	219	19440	15	26.8	1.8504	2.9	0
3996	1981	220	6652.8	18.4	22.8	1.8408	1.6	0
3996	1981	221	5529.6	16.5	21.8	1.7493	2.6	15.5
3996	1981	222	5443.2	14.8	17.8	1.7768	3.1	28.9
3996	1981	223	8985.6	15.6	21	1.7009	2.5	0
3996	1981	224	21081.6	11.1	23.4	1.5332	1.4	0
3996	1981	225	21340.8	12	26	1.6453	1.2	0
3996	1981	226	20131.2	13.3	26.1	1.7643	1.5	0
3996	1981	227	21340.8	13.1	28	1.6903	1.3	0
3996	1981	228	16329.6	14.3	20.8	1.5024	3.4	0.6
3996	1981	229	14515.2	7	18.1	1.1331	2.2	0
3996	1981	230	19267.2	6.2	22.2	1.1969	1.6	0
3996	1981	231	5788.8	9.4	18.4	1.3801	2.2	7.9
3996	1981	232	8640	13	17	1.5158	4	10.8
3996	1981	233	13219.2	9.8	17.1	1.3866	3.6	2.1
3996	1981	234	8121.6	8.8	18.8	1.1978	4.3	0.2
3996	1981	235	13305.6	11.6	18.7	1.3069	3.9	0.3
3996	1981	236	9331.2	7.8	18.5	1.1936	2.1	0
3996	1981	237	17020.8	6.8	20.3	1.2406	1.6	0
3996	1981	238	15033.6	12.1	22.2	1.5822	2.7	0
3996	1981	239	10108.8	11.1	18.9	1.3284	2.8	0
3996	1981	240	7516.8	14.5	18.9	1.5947	2.5	0
3996	1981	241	6048	10.8	17.5	1.3382	1.5	0
3996	1981	242	17884.8	8	20.7	1.1923	1.2	0
3996	1981	243	18230.4	5.6	21.3	1.1709	1.3	0
3996	1981	244	12700.8	6.6	20.2	1.1517	1.6	0
3996	1981	245	11404.8	9.6	21.9	1.2509	1.5	0
3996	1981	246	17884.8	5.7	20.9	1.0985	1.7	0
3996	1981	247	19440	4.9	22.5	1.1118	1.6	0
3996	1981	248	19180.8	5.7	23	1.1923	1.7	0
3996	1981	249	18489.6	5.8	23.8	1.2106	1.6	0
3996	1981	250	15984	7.4	24.2	1.0756	3.4	0
3996	1981	251	7948.8	13.1	23.7	1.6271	2.3	0.1
3996	1981	252	13219.2	11.6	23.7	1.5522	1.3	0
3996	1981	253	17193.6	10.8	25.4	1.5345	3	0
3996	1981	254	11059.2	12.6	24	1.8269	3.2	14.2
3996	1981	255	12787.2	11.2	22	1.5846	3.2	4.6
3996	1981	256	13132.8	9.3	18.5	1.1898	3.4	1.9
3996	1981	257	11059.2	7.2	18.2	1.1443	2.8	0.1
3996	1981	258	4406.4	6.2	16.7	1.2431	3	5.1
3996	1981	259	4320	13.8	18.1	1.6471	1.5	1
3996	1981	260	10800	12.4	21	1.5187	1.5	0
3996	1981	261	10972.8	10.5	22.3	1.4715	4.1	5.7
3996	1981	262	11318.4	10.3	20.4	1.2367	3.5	4.9
3996	1981	263	4924.8	13.4	21.6	1.4777	5.1	5.8
3996	1981	264	9158.4	13.1	20.7	1.615	3.1	7.1
3996	1981	265	6912	11.7	19.6	1.6158	2	23.7
3996	1981	266	10886.4	9.2	18.2	1.331	2.9	0.5
3996	1981	267	14169.6	7	18.5	1.1628	3.2	0
3996	1981	268	7171.2	7.3	14.8	1.1711	3.8	2.3
3996	1981	269	4147.2	9.8	19.7	1.2737	6.1	2.7
3996	1981	270	10368	8.8	16.9	1.2593	2.9	0.7
3996	1981	271	3283.2	7.8	15.7	1.2129	1.8	1.9
3996	1981	272	9936	7.9	17.2	1.1912	1.8	0.1
3996	1981	273	13651.2	4.4	18.2	1.0168	3	0
3996	1981	274	12441.6	5.6	16.9	1.1334	4.2	0
3996	1981	275	3024	9.2	15.6	1.309	3.4	1.2
3996	1981	276	4233.6	6.2	13.2	0.9741	3.4	4.5
3996	1981	277	6134.4	5.5	15.4	0.8092	6.8	0.1
3996	1981	278	4233.6	9.9	16.9	1.3207	3.1	10.7
3996	1981	279	5097.6	10	19.1	1.3732	3.3	3.5
3996	1981	280	7948.8	10.9	17.3	1.0928	5.9	0.1
3996	1981	281	6048	6.5	16.6	1.1153	3.2	0
3996	1981	282	7344	7.1	19.2	1.0576	4.5	0.7
3996	1981	283	5702.4	7.4	14	0.9899	6.2	4.8
3996	1981	284	6134.4	5.4	11.5	0.7848	6.2	8.6
3996	1981	285	2592	4.9	8.3	0.8671	3	7
3996	1981	286	3196.8	5.1	9.3	0.8223	5.6	0
3996	1981	287	4579.2	1.6	10.7	0.8028	2	1.3
3996	1981	288	2505.6	5	8.2	0.8963	2.6	5.8
3996	1981	289	6480	-0.1	10.1	0.7674	2.1	0
3996	1981	290	2419.2	1.3	8.9	0.8167	2.9	16.8
3996	1981	291	2419.2	8.9	14.9	1.2667	3.6	5.5
3996	1981	292	2678.4	7	12.7	0.9961	3.1	7.7
3996	1981	293	2332.8	7.7	13.9	1.0871	4.6	5.2
3996	1981	294	7603.2	2.4	11.1	0.8268	2.1	0
3996	1981	295	7689.6	1	9.4	0.7163	3.1	0
3996	1981	296	2937.6	2.7	8.1	0.7622	2.3	0
3996	1981	297	6652.8	-1.8	8.9	0.6617	2.7	1
3996	1981	298	2505.6	2.7	9.4	0.8348	3.8	3.3
3996	1981	299	2073.6	3	8.2	0.8456	1.7	0.5
3996	1981	300	6134.4	2.4	10.6	0.8515	1.5	1.3
3996	1981	301	6048	4.3	11.8	0.7746	3.2	4.4
3996	1981	302	1987.2	7.7	12.4	1.0834	4.3	3.8
3996	1981	303	5270.4	4.9	11.8	0.8893	3.5	2.2
3996	1981	304	2246.4	8.5	15.7	1.1142	5.2	0.1
3996	1981	305	1900.8	3.6	15	1.0419	2.6	1.6
3996	1981	306	1814.4	12.6	14.7	1.3267	5.5	0
3996	1981	307	1814.4	6.7	14.7	1.0799	1.7	0
3996	1981	308	1814.4	3.9	12.7	0.9957	2.2	2
3996	1981	309	4147.2	4	10.4	0.7512	3.3	0
3996	1981	310	6220.8	4.3	9.9	0.7159	4	0
3996	1981	311	6912	-2.2	8.7	0.563	2.5	0
3996	1981	312	4406.4	-6.8	5.3	0.4512	0.9	0
3996	1981	313	3456	-6.5	3.5	0.4764	1.2	0
3996	1981	314	5097.6	-5.4	4.5	0.4435	2.3	3.6
3996	1981	315	1555.2	0.3	4	0.6206	3.3	7.3
3996	1981	316	1555.2	1.7	9.4	0.8698	1.9	6.1
3996	1981	317	3110.4	6.8	9.2	0.8363	4.8	2.1
3996	1981	318	3283.2	4.6	8.2	0.7687	4.2	0.5
3996	1981	319	3974.4	-3	6.1	0.5877	2.3	0.2
3996	1981	320	4147.2	-4.6	5	0.4278	4.4	0
3996	1981	321	2764.8	-1.1	6.7	0.5603	4.8	1.4
3996	1981	322	2678.4	4.4	11.4	0.8732	3.9	5.4
3996	1981	323	2246.4	2.6	12.3	0.9398	2.6	2.9
3996	1981	324	1382.4	5	16.8	0.899	6.2	2.6
3996	1981	325	1382.4	7.4	16.2	1.2998	3.6	6.1
3996	1981	326	1296	12.2	14.3	1.1862	3.8	0
3996	1981	327	3974.4	8.9	15	1.0474	4.9	1.3
3996	1981	328	3456	2.7	12.8	0.7168	6.5	0.5
3996	1981	329	1814.4	1.3	4.7	0.6213	6.5	6.5
3996	1981	330	1296	1.9	7.4	0.7234	5.4	3.5
3996	1981	331	1209.6	5.6	7.8	0.824	5.5	10.1
3996	1981	332	3283.2	2	6.9	0.7049	4.2	7.1
3996	1981	333	1209.6	2.4	6.5	0.7217	5.4	5.9
3996	1981	334	1209.6	1.5	7.6	0.7775	5.2	17.7
3996	1981	335	1123.2	1.2	4.8	0.6592	5.7	2.4
3996	1981	336	2764.8	-1.8	6.3	0.6035	2.5	0
3996	1981	337	3369.6	-4.6	3.2	0.54	1.9	6.6
3996	1981	338	1123.2	2.6	8	0.7658	6	13.2
3996	1981	339	1641.6	2.3	4.9	0.6878	5.6	0.8
3996	1981	340	1123.2	1.7	3.9	0.6574	3	10.3
3996	1981	341	1036.8	1.9	4.5	0.6763	3.5	5.9
3996	1981	342	1036.8	0.7	6.4	0.7484	3.3	7.4
3996	1981	343	1382.4	-0.2	1.9	0.4873	3.7	3
3996	1981	344	2678.4	-3.9	2.4	0.4917	2.4	1.3
3996	1981	345	1036.8	-1.4	1.5	0.5948	2.7	7.5
3996	1981	346	1382.4	-2.4	1.4	0.5185	2.5	0.1
3996	1981	347	3715.2	-7.1	-1.7	0.3573	3.7	3.5
3996	1981	348	1209.6	-4.3	5.3	0.5068	8.3	2
3996	1981	349	1036.8	-4.8	4.2	0.5321	3.3	0.2
3996	1981	350	4406.4	-9.9	-2.2	0.3152	1.6	0
3996	1981	351	1987.2	-11.7	-4.2	0.2756	2.4	0.3
3996	1981	352	1036.8	-6.5	-1.9	0.3896	3.4	3.6
3996	1981	353	1036.8	-10.2	-1	0.3504	2.6	0.7
3996	1981	354	1728	-10.5	-1.8	0.3167	2.6	0
3996	1981	355	1036.8	-5.3	-1.8	0.3997	5.1	4.5
3996	1981	356	1987.2	-2.2	3.4	0.5807	3.7	0
3996	1981	357	1036.8	0.3	2	0.6241	2.2	1.4
3996	1981	358	1036.8	-1.3	1.8	0.5226	3.2	0.6
3996	1981	359	1036.8	0	2.2	0.602	3.5	4.5
3996	1981	360	1036.8	-3.1	1.9	0.5147	1.7	0
3996	1981	361	1468.8	-6	0.2	0.385	5.2	0
3996	1981	362	1641.6	-2.6	2	0.4962	5.2	3.6
3996	1981	363	1728	-0.2	6.4	0.6487	6.1	1.1
3996	1981	364	2246.4	2.4	7.2	0.7052	6.4	5.6
3996	1981	365	1036.8	4.9	9.7	0.8382	4.5	1.1
