*---------------------------------------------------------------------------*
* Station name: KOLN-BONN                               
* Year: 2014
* Author: Pedro Alencar                                   -999.000: NIL VALUE
* Source: ECAD 
* Comments: 
* Longitude: 50.8658, latitude: 50.8658, altitude: 92 m.
*
* Column  Daily value
* 1       station number
* 2       year
* 3       day
* 4       irradiation                   (kJ m-2 d-1)
* 5       minimum temperature           (degrees Celsius)
* 6       maximum temperature           (degrees Celsius)
* 7       early morning vapour pressure (kPa)
* 8       mean wind speed (height: 2 m) (m s-1)
* 9       precipitation                 (mm d-1)
*
** WCCDESCRIPTION=GERMANY, KOLN-BONN                               
** WCCFORMAT=2
** WCCYEARNR=2014
*---------------------------------------------------------------------------*
   50.8658  7.1583    92.  -0.18 -0.55
3996	2014	1	3801.6	2.2	9.7	0.7266	4.3	0
3996	2014	2	1641.6	4.8	10.5	0.8375	4.9	1.5
3996	2014	3	2332.8	5.1	12.9	0.9063	4.9	4
3996	2014	4	1123.2	5	9.6	0.8279	4.1	4.8
3996	2014	5	3974.4	3.6	9	0.7635	3.3	0
3996	2014	6	1123.2	4.6	12.8	0.9331	4.9	4.1
3996	2014	7	4060.8	6.7	14.3	1.0022	3.8	6.7
3996	2014	8	3628.8	6.1	13.1	0.9437	3.3	2.5
3996	2014	9	1468.8	6.6	12.7	0.9588	5	0.2
3996	2014	10	4060.8	1.4	9.7	0.7249	2.9	0
3996	2014	11	2246.4	-2.4	9.8	0.6927	3.2	1.3
3996	2014	12	4924.8	1.2	7.2	0.6845	2.4	0
3996	2014	13	2764.8	2	8.8	0.7622	3.5	0.1
3996	2014	14	3369.6	3.7	8.3	0.8039	3.4	0
3996	2014	15	1555.2	0.5	5.3	0.6471	3.4	3.8
3996	2014	16	1209.6	4.6	8.5	0.8447	4	0
3996	2014	17	3715.2	4.8	11	0.7987	3.9	0
3996	2014	18	4492.8	3.6	8.8	0.7108	4.5	0
3996	2014	19	3110.4	2.7	8.5	0.7547	3.7	0
3996	2014	20	1296	2.2	4.6	0.7093	1.9	0
3996	2014	21	1296	1.4	3.4	0.6826	1.8	0.3
3996	2014	22	4320	-2.2	5.9	0.6423	2.3	0
3996	2014	23	1900.8	-2.9	4	0.6041	2.5	6.7
3996	2014	24	1382.4	2.4	4.2	0.7198	2.4	0.3
3996	2014	25	1987.2	0.8	5.4	0.6639	2.8	4.7
3996	2014	26	2246.4	2	7.1	0.693	5.4	13.8
3996	2014	27	3283.2	0.4	6.5	0.6258	4	0.2
3996	2014	28	5097.6	0.4	7.8	0.6142	4.3	0
3996	2014	29	5011.2	-0.1	4.7	0.5407	4.9	0
3996	2014	30	4147.2	-1.4	5.9	0.5101	3.9	0
3996	2014	31	6652.8	-2.1	8.3	0.5647	3.1	0
3996	2014	32	1641.6	2.8	7.6	0.7163	4.6	3.4
3996	2014	33	6998.4	-2	9.8	0.6298	3.2	0
3996	2014	34	5097.6	-2.3	5.5	0.5761	3.1	0
3996	2014	35	3888	3.8	8.7	0.7133	3.9	0
3996	2014	36	1987.2	3.4	8.1	0.7074	5.9	0
3996	2014	37	5270.4	4.7	10.9	0.7403	4.9	2.5
3996	2014	38	3888	2	13.8	0.7241	6.7	0.7
3996	2014	39	1814.4	2.8	9.2	0.7011	5.2	0.1
3996	2014	40	3196.8	1.6	8.3	0.5736	5.7	0
3996	2014	41	1900.8	2.4	7.3	0.6473	4	1
3996	2014	42	5443.2	3	9.3	0.68	4	1.4
3996	2014	43	8035.2	1.6	9.2	0.6456	4.7	0.5
3996	2014	44	1987.2	2.5	7.2	0.7336	4	5.3
3996	2014	45	5097.6	1	8.9	0.6952	4.8	5.7
3996	2014	46	3801.6	5.9	14.2	0.7879	6.3	0.6
3996	2014	47	5443.2	3.2	10.1	0.7234	4	0.1
3996	2014	48	7257.6	3.1	11.1	0.7663	3	0
3996	2014	49	2160	3.7	8.7	0.7108	2.9	1
3996	2014	50	3196.8	5.6	10.1	0.8914	2.5	1.4
3996	2014	51	6480	4.3	12.8	0.8903	4	3.6
3996	2014	52	4752	1.9	10	0.7732	3.4	0.9
3996	2014	53	4924.8	1.5	9.8	0.7208	3.8	0.2
3996	2014	54	8899.2	1.8	11.7	0.7186	3.9	0
3996	2014	55	10454.4	3.7	14.9	0.7258	4.7	0
3996	2014	56	5702.4	5.9	12.4	0.7649	3.8	1.1
3996	2014	57	4406.4	4.7	11.1	0.8519	1.9	2
3996	2014	58	7084.8	-0.5	10.1	0.731	3.6	5
3996	2014	59	4579.2	2.4	9.3	0.7401	3.5	0.7
3996	2014	60	4147.2	2.5	7.9	0.734	2.7	0.2
3996	2014	61	9244.8	0.6	10.3	0.6839	2.7	0
3996	2014	62	5875.2	3.2	11.3	0.7334	4.7	0
3996	2014	63	9936	-0.8	12.7	0.708	1.9	1.7
3996	2014	64	6480	-1	9.4	0.7257	1.8	0
3996	2014	65	12873.6	-3.3	13.4	0.6563	2.8	0
3996	2014	66	11232	2.5	15	0.7445	2.2	0
3996	2014	67	13564.8	2.3	17.1	0.7696	3.2	0
3996	2014	68	14169.6	4.4	21.3	0.6074	4.5	0
3996	2014	69	14342.4	-0.7	20.4	0.6195	2.1	0
3996	2014	70	13996.8	-0.9	18.2	0.7955	2	0
3996	2014	71	14601.6	-0.9	19.5	0.7258	2	0
3996	2014	72	14860.8	-0.7	19	0.6606	2.2	0
3996	2014	73	14515.2	-0.8	17.1	0.7474	1.8	0
3996	2014	74	5011.2	7.2	12.1	0.863	5.6	0.4
3996	2014	75	4838.4	6.4	13.3	0.911	4.4	0
3996	2014	76	3974.4	5.6	12.7	0.8576	3	0
3996	2014	77	5184	7.5	13.5	0.9515	3.6	1.2
3996	2014	78	11232	7.1	16.9	0.9528	4.7	0
3996	2014	79	16329.6	3.5	21.9	0.7775	4.5	0
3996	2014	80	6739.2	2.9	15.5	0.7675	4.5	0.4
3996	2014	81	5788.8	2.6	13.2	0.8519	3.5	5
3996	2014	82	8294.4	-0.1	9.9	0.6928	2.9	0.1
3996	2014	83	11145.6	-1.5	9.3	0.6863	1.8	0.2
3996	2014	84	13305.6	-4	9.9	0.5663	2	0
3996	2014	85	13392	-2.7	11.6	0.6462	1.8	1.2
3996	2014	86	16070.4	0.2	15.8	0.6754	3.1	0
3996	2014	87	17452.8	2	18.8	0.6553	3.7	0
3996	2014	88	18316.8	3.3	19.8	0.7345	3.3	0
3996	2014	89	13996.8	2.7	21.4	0.7872	2	0
3996	2014	90	13046.4	5.7	22.7	0.8573	1.7	0
3996	2014	91	15206.4	7.8	22.5	0.9114	2	0
3996	2014	92	16070.4	5.3	22.8	0.9611	2.5	0
3996	2014	93	7516.8	8.1	22	0.9739	2.2	0.1
3996	2014	94	4320	10.5	18.7	1.2283	2.6	0
3996	2014	95	4924.8	6	15.4	1.0799	2.5	0.1
3996	2014	96	13564.8	3.4	19.8	0.9962	2.6	0
3996	2014	97	12528	13.2	22.8	1.3395	3.3	0.6
3996	2014	98	12009.6	3.4	14.6	0.8375	5.4	2.8
3996	2014	99	12355.2	1.9	14.6	0.7852	2.9	0
3996	2014	100	9417.6	7.4	16.4	0.9605	1.8	0
3996	2014	101	10972.8	4.9	17.9	0.9831	2.6	0
3996	2014	102	16848	1.4	16.7	0.7943	2.4	0
3996	2014	103	8812.8	5.8	14.9	0.8918	2.7	0
3996	2014	104	14256	2.8	13.1	0.8121	5.8	5.6
3996	2014	105	9072	1.9	10.6	0.6847	4.2	0
3996	2014	106	22377.6	-2.3	16	0.5649	2.1	0
3996	2014	107	20908.8	2.2	19.1	0.5894	3.1	0.7
3996	2014	108	14256	2.7	13.2	0.7373	5	0
3996	2014	109	22032	2	19.1	0.8401	3.4	0
3996	2014	110	19785.6	6.2	22	0.9	4.2	0
3996	2014	111	13219.2	5.5	18.6	1.0403	2.6	0.5
3996	2014	112	14688	7.3	18.8	1.2158	2.1	1.5
3996	2014	113	16761.6	5.7	22.3	1.1815	1.9	0
3996	2014	114	12009.6	7.3	24.1	1.3716	2.1	3
3996	2014	115	21427.2	6.6	25	1.2191	2.7	0.9
3996	2014	116	8812.8	8	19.3	1.2174	1.5	4.9
3996	2014	117	9849.6	8.9	15.5	1.2068	2.1	4.2
3996	2014	118	8899.2	7.1	17.7	1.0932	1.9	6.7
3996	2014	119	5443.2	10.5	14.9	1.3497	1.8	0.7
3996	2014	120	10368	8.2	19.2	1.3154	1.9	0
3996	2014	121	17193.6	10.4	19.6	1.2603	2	0
3996	2014	122	5529.6	6.8	13.9	1.0802	4	0
3996	2014	123	23673.6	0.5	14.7	0.626	3.9	0
3996	2014	124	23068.8	0.4	15.1	0.6957	2.2	0
3996	2014	125	24537.6	1.5	20.6	0.7501	2.4	0
3996	2014	126	7171.2	10.8	19.5	1.1865	3.6	26.3
3996	2014	127	13219.2	8.9	18.1	1.2211	3.8	0.2
3996	2014	128	7257.6	6.9	14.7	1.0224	3.5	5.5
3996	2014	129	14256	8	17.9	0.9991	5.6	0
3996	2014	130	7948.8	6.9	13.6	1.048	3	8.8
3996	2014	131	15897.6	8.6	16	0.9289	5.8	0.2
3996	2014	132	10195.2	6.7	15.6	0.9935	4.2	3.1
3996	2014	133	11059.2	4	12.9	0.9617	2.4	5.1
3996	2014	134	18316.8	1.7	16.5	0.9356	2.7	0.5
3996	2014	135	9244.8	1.8	12.5	0.8498	2.4	0
3996	2014	136	26611.2	1.9	18.4	0.8799	2.4	0
3996	2014	137	25142.4	4.5	20.3	1.0645	2.4	0
3996	2014	138	25056	5.7	23	1.1269	1.6	0
3996	2014	139	25401.6	10.8	25.3	1.1576	2.4	0
3996	2014	140	20390.4	12.1	27.3	1.2373	2.6	0
3996	2014	141	13046.4	14	25.8	1.2759	2.6	0
3996	2014	142	17971.2	13.1	26.5	1.4986	3.6	6.5
3996	2014	143	16502.4	11.5	20.5	1.4708	2.5	0.7
3996	2014	144	14342.4	8.7	20.1	1.147	3.2	0
3996	2014	145	24105.6	6.5	23	0.9888	1.7	0
3996	2014	146	10454.4	10.4	20.4	1.3805	2.3	6.4
3996	2014	147	6220.8	13.6	16.1	1.5687	2.4	8.6
3996	2014	148	6307.2	12.4	17.1	1.3575	2.2	0
3996	2014	149	6307.2	10.8	15.2	1.3315	2.5	0.6
3996	2014	150	20217.6	5.5	15.7	0.9068	3.3	0
3996	2014	151	23068.8	3.6	20.8	0.9654	1.9	0
3996	2014	152	23673.6	7.2	19.4	1.0375	2.3	0
3996	2014	153	27216	5.3	22.3	0.9929	1.7	0
3996	2014	154	22032	7.1	23.7	1.2057	1.9	0.4
3996	2014	155	13996.8	8.1	20.5	1.2698	3.1	4.5
3996	2014	156	18576	6.2	18.4	1.0289	4	0
3996	2014	157	29203.2	5.7	26.3	1.0168	2.5	0
3996	2014	158	23328	14.5	30.9	1.4042	2.6	0
3996	2014	159	26697.6	15.2	29.1	1.8641	2.6	0
3996	2014	160	25401.6	15.4	31.2	2.0556	2.9	13.6
3996	2014	161	22896	13.7	31.6	2.0039	2.7	13.9
3996	2014	162	20649.6	13.8	23.2	1.5947	3.8	0.3
3996	2014	163	29376	10.9	23.5	1.2933	2.6	0
3996	2014	164	22809.6	8.2	22.8	1.2135	3.2	0
3996	2014	165	12614.4	12	18.7	1.2019	3.4	0
3996	2014	166	21513.6	10.6	21.7	1.2282	3	0
3996	2014	167	11836.8	9.9	17.9	1.2215	3.7	0
3996	2014	168	10108.8	8.2	20.4	1.2861	3	0
3996	2014	169	24019.2	11.1	22.3	1.3669	3.4	0
3996	2014	170	6480	10.5	17.6	1.3135	3.2	0.4
3996	2014	171	13046.4	11.2	19.2	1.2421	4.3	0
3996	2014	172	17020.8	10.6	21	1.2191	2.2	0
3996	2014	173	19094.4	8.4	21.6	1.1411	2.6	0
3996	2014	174	27388.8	5.8	21.3	1.008	2.4	0
3996	2014	175	16675.2	7.5	22.4	1.2223	2.3	0
3996	2014	176	20736	8.7	19.9	1.0908	3.4	0
3996	2014	177	22809.6	7.1	23.4	1.0384	1.9	0
3996	2014	178	13392	13.2	24.4	1.3433	2.5	3.9
3996	2014	179	8035.2	11.8	19.9	1.6186	1.5	14.1
3996	2014	180	11664	13.1	18.9	1.616	2.7	4.4
3996	2014	181	17107.2	7.5	19.8	1.2487	3.1	1.5
3996	2014	182	27561.6	5.9	21.2	1.039	2.2	0
3996	2014	183	28512	6.2	22.4	1.0419	2.1	0
3996	2014	184	29289.6	7.5	28.2	1.2044	2.3	0
3996	2014	185	21772.8	9.9	29.9	1.2991	2.6	0
3996	2014	186	8294.4	17.3	22.8	1.8029	3.4	2
3996	2014	187	20217.6	15.7	28.6	1.9174	4	2.9
3996	2014	188	23500.8	12.8	22.9	1.2657	2.1	17.6
3996	2014	189	6307.2	11.8	17.5	1.5486	4	40.7
3996	2014	190	6307.2	11.6	15.2	1.4896	3.5	34.9
3996	2014	191	16588.8	13.7	26.3	1.9607	2.2	9
3996	2014	192	6307.2	15	23	1.8647	2.3	0.7
3996	2014	193	9590.4	15.6	21.7	1.9103	2.9	0.3
3996	2014	194	8812.8	15.4	22.6	1.9085	2	15.4
3996	2014	195	10281.6	14	21.8	1.7407	1.8	0
3996	2014	196	15206.4	12.6	22.3	1.5527	2.1	0
3996	2014	197	25056	15.4	27.7	1.7715	1.6	0
3996	2014	198	26956.8	13.1	29.8	1.6842	1.7	0
3996	2014	199	27993.6	15.6	32.9	1.5717	3.4	0
3996	2014	200	26092.8	20.3	33.7	1.6718	3.8	1.1
3996	2014	201	14515.2	17.9	30.8	2.1893	2.6	8.9
3996	2014	202	6048	18.9	22.2	2.2457	2.6	19.5
3996	2014	203	22032	17.6	28.5	2.2498	3.4	0
3996	2014	204	21513.6	15.9	30	2.0685	1.6	0
3996	2014	205	19094.4	13.7	26.4	1.7092	2.1	3.5
3996	2014	206	22377.6	11.6	25	1.6589	1.9	0
3996	2014	207	19440	14.2	25.1	1.8958	1.5	0
3996	2014	208	18662.4	13.3	26	1.8502	1.9	0
3996	2014	209	19008	15.8	29	2.2171	2.4	26.2
3996	2014	210	7689.6	17.5	24.5	2.259	2.3	0.3
3996	2014	211	15379.2	15.3	24.9	1.785	4.2	0
3996	2014	212	24105.6	13	26	1.6067	1.6	0
3996	2014	213	21945.6	13.7	27.7	1.5354	2.2	0
3996	2014	214	20044.8	15.3	28.3	1.877	3.3	2.4
3996	2014	215	20908.8	15.2	24.6	1.879	1.9	23.8
3996	2014	216	13132.8	15.1	23.7	1.9791	1.7	13.2
3996	2014	217	20736	12.9	24	1.611	1.8	0
3996	2014	218	19267.2	11.1	25.7	1.5848	2.9	0.9
3996	2014	219	17971.2	14.5	25.7	1.8789	1.9	0
3996	2014	220	16761.6	14.5	27	1.9068	3.5	8.3
3996	2014	221	16329.6	16	24	1.704	3.5	1.3
3996	2014	222	11145.6	15.6	22.3	1.7933	3.9	7.2
3996	2014	223	18489.6	11.6	23.6	1.467	3.6	2
3996	2014	224	18835.2	12	23	1.4977	3.9	3.7
3996	2014	225	14428.8	11	20.4	1.5497	2.1	2.9
3996	2014	226	11577.6	10.9	20.5	1.5319	2.7	3.7
3996	2014	227	6998.4	11.4	16.4	1.4595	1.6	8.2
3996	2014	228	10713.6	11.7	19.8	1.4832	2.8	2.4
3996	2014	229	8380.8	10.3	19	1.1989	4.6	0.8
3996	2014	230	15724.8	10.8	20.7	1.3045	4.3	0.6
3996	2014	231	11836.8	7.5	17.5	1.2018	2.8	3.6
3996	2014	232	17798.4	5.9	19.3	1.1077	2	3.3
3996	2014	233	17280	7.5	19.6	1.1785	2	0
3996	2014	234	11404.8	10.5	19.7	1.2684	3	1.3
3996	2014	235	11836.8	8.3	19.7	1.3412	2.2	1.2
3996	2014	236	15811.2	7.8	19.2	1.2056	2.2	0
3996	2014	237	8121.6	8.7	17.5	1.2951	2.3	18.5
3996	2014	238	4838.4	12.6	15.8	1.5366	2.8	19
3996	2014	239	20390.4	8.4	21	1.2696	2	0
3996	2014	240	12614.4	12.5	23.6	1.6124	2.9	2.9
3996	2014	241	10454.4	13.2	20.6	1.6727	2.1	3
3996	2014	242	5270.4	13.4	18.6	1.5434	2.3	6.2
3996	2014	243	6652.8	10.4	17	1.425	1.7	2
3996	2014	244	9590.4	10.9	20	1.5251	1.6	0
3996	2014	245	14860.8	8	21.3	1.3988	2	0
3996	2014	246	14860.8	8.3	19.5	1.2691	2.2	0
3996	2014	247	13824	10.4	21.9	1.4849	2.1	0.1
3996	2014	248	14515.2	14	25.3	1.8502	1.6	0.2
3996	2014	249	13824	11.5	22.9	1.7047	1.4	0.5
3996	2014	250	12268.8	12.6	21.7	1.6408	2	0
3996	2014	251	15465.6	10.3	21.7	1.5071	1.9	0
3996	2014	252	13392	7.3	19.9	1.2602	2.2	0
3996	2014	253	4665.6	11.6	16.9	1.2982	2.6	0
3996	2014	254	12441.6	7.9	19.9	1.2532	3.2	0
3996	2014	255	13910.4	5.4	20	1.1736	3.1	0
3996	2014	256	5097.6	12.7	19	1.4747	2.8	0
3996	2014	257	8467.2	10.6	21.5	1.5301	1.4	0
3996	2014	258	7257.6	9.9	22.5	1.5632	1.7	0
3996	2014	259	13824	12.2	23.9	1.6331	2.2	0
3996	2014	260	16502.4	10.6	24.9	1.562	2.4	0
3996	2014	261	6393.6	14.1	23.1	1.7545	3.2	0.7
3996	2014	262	11577.6	14.9	24.6	2.0225	1.8	1.2
3996	2014	263	8467.2	13.2	24.3	1.9654	1.5	8.8
3996	2014	264	6652.8	10.5	17.5	1.437	3.2	4.6
3996	2014	265	9590.4	7	15.8	1.0909	4	1.2
3996	2014	266	12009.6	4.7	16.9	1.0483	1.4	0
3996	2014	267	6307.2	6.1	16.7	1.1043	2.1	1.9
3996	2014	268	7776	11.4	17.9	1.2988	2.8	0.5
3996	2014	269	3369.6	12	18.2	1.3884	2.2	0.5
3996	2014	270	11491.2	9.1	21.2	1.4101	1.6	0
3996	2014	271	14256	6.8	22	1.3436	2.9	0
3996	2014	272	7603.2	11.4	22.8	1.6356	2	4.5
3996	2014	273	5875.2	11.1	21.2	1.6315	1.5	0
3996	2014	274	12268.8	10.3	21.9	1.5715	1.6	0
3996	2014	275	12009.6	8.5	22	1.4711	1.5	0
3996	2014	276	13478.4	8.1	22.4	1.3846	2.4	0
3996	2014	277	12873.6	9.8	20.9	1.289	3.6	0
3996	2014	278	2937.6	7.8	14.4	1.2146	1.6	0
3996	2014	279	4579.2	11.3	17.9	1.3777	3.6	9.5
3996	2014	280	4147.2	9	17.2	1.2349	4.6	4.4
3996	2014	281	3715.2	8.6	16.9	1.3247	3.6	10.9
3996	2014	282	2764.8	11.3	17.6	1.4795	3.2	2.6
3996	2014	283	7084.8	11.1	18.9	1.4136	2.4	0
3996	2014	284	8035.2	8.4	20.1	1.3956	2.1	0
3996	2014	285	8467.2	6.9	18	1.2412	2.6	2.4
3996	2014	286	5702.4	12	19.8	1.4614	3.5	0
3996	2014	287	8640	9.7	19.1	1.2617	2.8	0
3996	2014	288	8553.6	8.5	17.8	1.1936	1.8	5
3996	2014	289	6307.2	11.6	18.9	1.4538	2.7	0.6
3996	2014	290	4924.8	11.2	19.1	1.4789	2.2	0
3996	2014	291	9849.6	11.2	20.9	1.4937	3.7	0
3996	2014	292	10022.4	13.3	23.9	1.6903	3.8	5.9
3996	2014	293	4233.6	8.8	17.6	1.1975	3.1	0
3996	2014	294	2592	5.5	13.7	0.9915	4.7	15
3996	2014	295	3283.2	6.5	11	0.9589	5.8	0.8
3996	2014	296	2160	6.7	13.6	1.0534	1.9	0
3996	2014	297	4924.8	9.8	14.1	1.1172	2.6	2.8
3996	2014	298	2073.6	9.3	13.4	1.2618	1.8	1.6
3996	2014	299	5184	7.9	16.3	1.1847	2.1	0
3996	2014	300	2937.6	6.7	12.2	1.0879	3.1	0
3996	2014	301	6393.6	6	10.3	0.8773	4.7	0
3996	2014	302	1987.2	2	11.9	0.9081	1.8	2.4
3996	2014	303	3196.8	10.5	15.4	1.357	2.4	0
3996	2014	304	4665.6	11.5	17.8	1.4154	3.5	0
3996	2014	305	7257.6	10.7	20.2	1.3849	3.8	0
3996	2014	306	5356.8	11.1	17.6	1.3883	3.4	0.4
3996	2014	307	3715.2	12.3	15.7	1.2773	5.1	3.8
3996	2014	308	1814.4	8.2	13	1.2005	2.1	16.7
3996	2014	309	1728	5.7	11.1	1.0135	1.5	0
3996	2014	310	4579.2	3.6	10.4	0.8612	2.7	0
3996	2014	311	2851.2	3.4	9.8	0.8184	4.9	0.1
3996	2014	312	6393.6	6.2	14.1	0.9419	3.8	0
3996	2014	313	4579.2	5.3	11.8	0.9126	3.9	4.4
3996	2014	314	3715.2	7.2	12.9	1.1203	3	0.3
3996	2014	315	1900.8	6.3	13.3	1.0291	3.9	0
3996	2014	316	1555.2	8	11	1.0916	2.3	0.4
3996	2014	317	4665.6	4.3	12.8	1.0127	2.1	0
3996	2014	318	3888	9.3	13.4	1.0336	5.3	0.3
3996	2014	319	1468.8	8	11.7	1.0932	2.4	9.1
3996	2014	320	1468.8	7.8	9.1	1.0612	2.3	6.7
3996	2014	321	3369.6	7.5	11.9	1.0222	3.3	0.1
3996	2014	322	1382.4	7.1	10	1.0016	1.7	0.1
3996	2014	323	1382.4	2.4	8.9	0.8029	1.6	0
3996	2014	324	1814.4	0.1	7.8	0.7617	1.9	0
3996	2014	325	5788.8	1.1	10.1	0.7183	3.2	0
3996	2014	326	4752	4.4	11.1	0.8643	4.6	0
3996	2014	327	5443.2	7.2	12.6	0.9628	5.9	1
3996	2014	328	3888	-0.9	11.1	0.7816	2.2	0.4
3996	2014	329	5529.6	-3.8	10	0.6334	2.3	0
3996	2014	330	1296	3.4	6.1	0.677	5.2	1.3
3996	2014	331	1209.6	5.3	7.4	0.7757	4.9	0.5
3996	2014	332	3715.2	3.2	8.5	0.7771	5.1	0
3996	2014	333	1209.6	3.3	4.4	0.6759	5	0
3996	2014	334	1209.6	2.7	3.6	0.6739	3.6	0
3996	2014	335	1123.2	2.1	4.2	0.6203	2.8	0
3996	2014	336	1123.2	1.3	3.5	0.6172	1.6	0.1
3996	2014	337	1123.2	-0.1	2.5	0.5598	2.6	0
3996	2014	338	1123.2	0.9	3.1	0.5998	1.7	0
3996	2014	339	1123.2	2.5	5.4	0.6887	1.6	0
3996	2014	340	1123.2	2.7	5.6	0.7478	1.2	0
3996	2014	341	3456	1.7	6.6	0.7314	2.6	3.9
3996	2014	342	3801.6	-0.3	6.6	0.6663	2.7	5.5
3996	2014	343	1036.8	1	4.2	0.6923	2	0.6
3996	2014	344	1036.8	2.5	7.5	0.7064	4.3	2.9
3996	2014	345	1468.8	1.6	8.4	0.6977	4.8	2.5
3996	2014	346	1036.8	5.6	11	0.8644	6.2	7
3996	2014	347	1036.8	1.6	6.1	0.7563	1.9	7.7
3996	2014	348	2592	-1.5	5.4	0.661	1.9	0
3996	2014	349	1036.8	-1	5.4	0.6156	3.3	0.6
3996	2014	350	1209.6	1.9	6.9	0.7527	2.3	0.8
3996	2014	351	1036.8	2.4	9.8	0.8848	3	7.7
3996	2014	352	1036.8	9.4	13.7	1.2242	3.8	1
3996	2014	353	1036.8	4.5	12.9	0.9331	5.2	9.2
3996	2014	354	1036.8	3.2	7.5	0.7149	5.1	0.8
3996	2014	355	1036.8	3.3	8.6	0.7639	3.7	0.4
3996	2014	356	1036.8	8.3	12.1	0.9699	5.5	0
3996	2014	357	1036.8	9.5	12	0.9416	5.8	0
3996	2014	358	1036.8	4.7	9.7	0.8122	5.1	5.5
3996	2014	359	1209.6	0.7	6.7	0.6927	3.6	4
3996	2014	360	1036.8	0.7	3.9	0.6777	1.8	2.2
3996	2014	361	1036.8	-1.3	2.7	0.5721	6.7	5.1
3996	2014	362	4406.4	-7.8	-1.3	0.3402	2.9	4.2
3996	2014	363	1468.8	-4	2.5	0.5264	2.6	1.9
3996	2014	364	1209.6	-0.7	3.3	0.6175	1.5	0.2
3996	2014	365	1036.8	-1.4	4.7	0.6676	1.2	0.7
