*---------------------------------------------------------------------------*
* Station name: NORDERNEY                               
* Year: 2013
* Author: Pedro Alencar                                   -999.000: NIL VALUE
* Source: ECAD 
* Comments: 
* Longitude: 53.7139, latitude: 53.7139, altitude: 11 m.
*
* Column  Daily value
* 1       station number
* 2       year
* 3       day
* 4       irradiation                   (kJ m-2 d-1)
* 5       minimum temperature           (degrees Celsius)
* 6       maximum temperature           (degrees Celsius)
* 7       early morning vapour pressure (kPa)
* 8       mean wind speed (height: 2 m) (m s-1)
* 9       precipitation                 (mm d-1)
*
** WCCDESCRIPTION=GERMANY, NORDERNEY                               
** WCCFORMAT=2
** WCCYEARNR=2013
*---------------------------------------------------------------------------*
   53.7139  7.1525    11.  -0.18 -0.55
4001	2013	1	1900.8	4.8	8	0.884	5.7	4.7
4001	2013	2	3283.2	4.7	7.1	0.8541	7	1.8
4001	2013	3	1987.2	6.2	8.3	0.9983	7.4	0
4001	2013	4	1296	6.7	7.7	0.9949	7.4	0.2
4001	2013	5	777.6	6.5	7.3	0.9846	5.7	0.2
4001	2013	6	864	5.8	7.7	0.9647	6.5	0.1
4001	2013	7	604.8	6	7.3	0.9678	4	0.5
4001	2013	8	432	6.3	7.7	0.9914	5	6.4
4001	2013	9	950.4	6.2	7.6	0.9647	6.1	2.9
4001	2013	10	1296	1.5	6.6	0.6854	8.4	2.4
4001	2013	11	1900.8	0.4	2.5	0.4546	5.3	0.5
4001	2013	12	3715.2	-1.3	1.1	0.4792	2.5	0
4001	2013	13	2764.8	-2.7	1.1	0.4957	3.6	0.3
4001	2013	14	3024	-5.1	-2	0.4138	2.5	0
4001	2013	15	2419.2	-6.2	-2.7	0.3736	2.7	0
4001	2013	16	2073.6	-7	-2.1	0.3926	3.1	0
4001	2013	17	2937.6	-3.4	-0.2	0.4499	2.1	0.2
4001	2013	18	1468.8	-2.5	-0.5	0.4873	4.6	0
4001	2013	19	3196.8	-5.1	-2.5	0.3646	6.4	0
4001	2013	20	3456	-6	-1	0.3918	6.8	0.1
4001	2013	21	1036.8	-4.2	-1.3	0.4493	6.8	2.4
4001	2013	22	1987.2	-5.6	-3.9	0.3781	4.9	0
4001	2013	23	5270.4	-5.2	0	0.4038	3.3	0
4001	2013	24	1296	-3.4	-1.1	0.4196	2.5	0
4001	2013	25	5616	-6.5	-1.4	0.4107	3.9	0
4001	2013	26	1555.2	-5.6	0.5	0.4712	6.3	1.3
4001	2013	27	777.6	0	3.6	0.6679	7.4	4.1
4001	2013	28	5356.8	0.8	3.9	0.6729	6.3	4.7
4001	2013	29	3283.2	3.6	7.8	0.8606	7.7	6.5
4001	2013	30	2419.2	5	7.9	0.8871	8.9	4.9
4001	2013	31	2851.2	4.1	7	0.7702	10.1	0
4001	2013	32	2073.6	3.2	5.1	0.756	5.5	4
4001	2013	33	5788.8	2.1	4.9	0.6516	10.6	0
4001	2013	34	1382.4	1.9	5.1	0.6908	8.1	6.3
4001	2013	35	6480	4.4	5.9	0.7843	8.7	1
4001	2013	36	2246.4	0.7	5.2	0.672	7.2	2.7
4001	2013	37	5270.4	0.1	4.3	0.6514	5.8	2
4001	2013	38	5875.2	0.2	3.4	0.5774	5.6	0
4001	2013	39	3888	0.8	2.2	0.5175	8.1	0
4001	2013	40	5529.6	-1.7	2.2	0.4666	2.9	0
4001	2013	41	3542.4	-2.6	0.4	0.4849	4.5	0.3
4001	2013	42	8467.2	-3.8	0.7	0.4146	6.8	0
4001	2013	43	2160	-0.5	0.8	0.4942	5.8	0.1
4001	2013	44	1468.8	-0.8	0.5	0.4835	2.5	0
4001	2013	45	3628.8	-2.2	0.8	0.4587	6.2	0.6
4001	2013	46	2937.6	-0.3	2.6	0.6441	2.6	1.2
4001	2013	47	2505.6	1.3	2.5	0.6937	2.3	0
4001	2013	48	1900.8	0.7	1.9	0.6578	2.2	0
4001	2013	49	3369.6	1.1	2.9	0.6422	2	0.5
4001	2013	50	3196.8	0.2	3.5	0.6074	6.8	1.5
4001	2013	51	7948.8	-0.3	2.1	0.4565	7.2	0
4001	2013	52	2851.2	-2.2	0	0.3891	5.3	0
4001	2013	53	4147.2	-2.1	0.2	0.4162	5.7	0
4001	2013	54	2419.2	-2.6	0.4	0.4285	9.3	0
4001	2013	55	1209.6	-0.2	1.4	0.5807	12.7	0.2
4001	2013	56	1728	1.3	2.1	0.6424	9.7	0.2
4001	2013	57	2332.8	1	2.5	0.6447	5.9	0
4001	2013	58	8121.6	-0.3	2.4	0.5999	3.2	0
4001	2013	59	3456	1.2	3.5	0.6946	3.5	0
4001	2013	60	3715.2	1.7	3.7	0.6454	7.4	0
4001	2013	61	4665.6	0.1	3.3	0.6355	4.3	0.2
4001	2013	62	12268.8	-0.3	4.7	0.6729	4.3	0
4001	2013	63	13046.4	-1.9	7.8	0.6418	3.2	0
4001	2013	64	13046.4	1.4	13.6	0.6943	4.3	0
4001	2013	65	8467.2	3	11.7	0.7487	3.7	0
4001	2013	66	7171.2	2.2	6.5	0.675	7.2	0.7
4001	2013	67	1555.2	1	2.9	0.6118	7.6	1
4001	2013	68	2678.4	-0.3	2.1	0.5869	8.5	6.5
4001	2013	69	2505.6	-3	0	0.4709	12.8	0
4001	2013	70	8121.6	-3.9	-1.4	0.3772	10.2	0
4001	2013	71	13910.4	-3.1	-0.7	0.3296	4.5	0
4001	2013	72	13824	-3	3.7	0.4951	5.8	1.6
4001	2013	73	14169.6	-1.4	0.5	0.4198	5.7	0
4001	2013	74	10886.4	-3.4	2.8	0.4723	5.3	0.8
4001	2013	75	7603.2	0.1	7.2	0.6188	7.1	1.1
4001	2013	76	3888	-0.3	3.7	0.5595	7	3.5
4001	2013	77	3888	-1	3.4	0.653	6.2	1.2
4001	2013	78	5011.2	-1.6	1	0.5022	5.7	0
4001	2013	79	4320	-1.8	0.4	0.4761	5.5	2.5
4001	2013	80	5961.6	-2.3	0.4	0.4846	5.1	0
4001	2013	81	8035.2	-3.2	0.5	0.4429	6.7	0
4001	2013	82	15897.6	-4.4	-0.6	0.2949	9.4	0
4001	2013	83	16243.2	-5.1	1.9	0.337	8.9	0
4001	2013	84	15984	-2.7	2	0.3991	8.7	0
4001	2013	85	14601.6	-2.4	3.3	0.4482	7.4	0
4001	2013	86	17107.2	-2.9	3.7	0.4529	6.3	0
4001	2013	87	11318.4	-1.3	2.3	0.5132	5.5	0.5
4001	2013	88	4060.8	-0.7	1.2	0.5662	4.8	0.9
4001	2013	89	16156.8	-0.7	2.5	0.5608	6.5	0
4001	2013	90	14860.8	-0.2	2.8	0.5437	5.7	0
4001	2013	91	18489.6	0.4	3.8	0.5544	6.4	0
4001	2013	92	18748.8	0.1	4.7	0.5882	4.9	0
4001	2013	93	20390.4	-0.4	4.6	0.5189	6	0
4001	2013	94	16243.2	0.4	4.6	0.5485	8.2	0
4001	2013	95	17020.8	1.4	4.6	0.5835	7.8	0
4001	2013	96	19267.2	2	4.9	0.6884	5.2	0
4001	2013	97	20736	2	5.2	0.7352	4.8	0
4001	2013	98	15897.6	1.1	4.9	0.6213	6.3	0
4001	2013	99	13132.8	0.8	8.6	0.632	5.4	5.2
4001	2013	100	4492.8	3.2	6.9	0.8664	4.1	1
4001	2013	101	4579.2	1.7	7.3	0.8169	3.1	1.9
4001	2013	102	8208	3.7	9.7	0.9515	4	2.5
4001	2013	103	9849.6	4.1	7.8	0.885	4.9	0.1
4001	2013	104	6220.8	7.5	15.6	1.1834	5.6	0.1
4001	2013	105	13651.2	8.4	14.9	1.1501	3.9	0.2
4001	2013	106	14083.2	7.3	16.5	1.1832	5.3	0
4001	2013	107	18489.6	7.4	16.6	1.163	4.8	2.6
4001	2013	108	22377.6	8.7	15.5	1.0014	8.7	0
4001	2013	109	17712	4.6	8.7	0.8407	7.2	0
4001	2013	110	22291.2	4.2	6.6	0.7981	6.9	0
4001	2013	111	19094.4	4	10.1	0.834	3.9	0
4001	2013	112	23328	4.4	12.5	0.8511	4.4	0.2
4001	2013	113	18662.4	7.5	10	0.9701	6.5	0
4001	2013	114	22204.8	6.4	18.5	1.2123	5.3	0
4001	2013	115	13824	5.8	19.2	1.3032	2.9	0.1
4001	2013	116	5184	4.7	7.7	0.9099	5.5	2.1
4001	2013	117	19180.8	4.5	6.8	0.7847	5.8	0
4001	2013	118	25142.4	4.5	9.4	0.7784	3.6	0.1
4001	2013	119	19872	6.6	9.4	0.8255	7.6	0.5
4001	2013	120	24105.6	5	9.1	0.844	6.2	0
4001	2013	121	23673.6	3.5	10.9	0.7512	5.7	0
4001	2013	122	25920	6.4	9.7	0.8606	8.2	0
4001	2013	123	27388.8	6.8	14.6	0.9257	3.2	0
4001	2013	124	23846.4	8.6	13.6	1.043	4.6	0
4001	2013	125	22896	8.6	15.6	1.2694	3.8	0
4001	2013	126	26179.2	8.9	15.8	1.147	4.5	0
4001	2013	127	19785.6	9.3	19.7	1.3358	5.2	0.2
4001	2013	128	14256	10.6	20.1	1.4806	4.4	5.9
4001	2013	129	20822.4	9.2	14.6	1.1275	4.3	0
4001	2013	130	11923.2	9.2	14.3	1.0475	6.8	0.1
4001	2013	131	10281.6	8.9	12.8	1.1037	5.3	6.8
4001	2013	132	27216	8.2	11.6	1.0238	6.3	0.5
4001	2013	133	12182.4	6.8	11.3	0.9439	6.5	6
4001	2013	134	18748.8	7	12.8	0.9385	5.1	0.7
4001	2013	135	12096	9.4	16.9	1.254	4.4	1.6
4001	2013	136	18057.6	7.6	12	1.0291	5.9	8.4
4001	2013	137	12268.8	9	11.9	1.2391	4.2	9.8
4001	2013	138	4492.8	9.4	11.3	1.1681	4.4	1.5
4001	2013	139	9331.2	9	10.8	1.1335	3.4	0
4001	2013	140	6134.4	9.1	13	1.2633	2.5	1.1
4001	2013	141	4924.8	8.4	12.2	1.2018	6.5	0.5
4001	2013	142	16761.6	7.4	10.2	0.9168	14.4	0.1
4001	2013	143	26092.8	6.3	10.3	0.7769	5.8	0.3
4001	2013	144	30499.2	5	10.8	0.8412	4.2	0
4001	2013	145	7084.8	7.8	9.5	1.0308	8.4	4.9
4001	2013	146	20995.2	8.5	10.4	1.0998	12.9	0
4001	2013	147	20822.4	8.2	12.4	1.0766	5.7	0
4001	2013	148	26784	7	12.4	1.0943	4.7	0.3
4001	2013	149	20304	9.8	13.6	1.2776	5.1	0
4001	2013	150	24969.6	9.5	13.7	1.3101	3.1	0
4001	2013	151	25833.6	9.2	13.3	1.2534	10.3	0
4001	2013	152	7603.2	8.8	10.8	1.1501	11.5	0
4001	2013	153	26352	9.1	11.9	1.053	10.8	0
4001	2013	154	30412.8	9.3	11.6	1.1	11	0
4001	2013	155	28166.4	10	15.2	1.2243	6.9	0
4001	2013	156	31536	10.4	13.3	1.207	5	0
4001	2013	157	31968	11.1	15	1.3209	7.5	0
4001	2013	158	32140.8	11.2	14.7	1.3272	8.2	0
4001	2013	159	16502.4	10.4	13.1	1.1302	7.4	0
4001	2013	160	15638.4	10	12.9	1.108	6.4	0
4001	2013	161	23241.6	10.5	13.9	1.15	4.9	0
4001	2013	162	19267.2	10.8	14.3	1.0314	3.7	0
4001	2013	163	12614.4	12	21.7	1.5141	4.5	10.5
4001	2013	164	16416	13.4	18.8	1.5167	7.3	0.1
4001	2013	165	27129.6	12	16.3	1.3221	6.7	0
4001	2013	166	19785.6	11.7	19.4	1.3232	6.7	12
4001	2013	167	22118.4	12.4	15.3	1.2966	7.2	0
4001	2013	168	24364.8	11.7	17.1	1.3764	5.8	0
4001	2013	169	23760	14.1	22.4	1.7165	5.2	0
4001	2013	170	11059.2	14.6	24.2	2.0016	4.7	29.4
4001	2013	171	12441.6	13.9	17.1	1.7059	5.8	9.7
4001	2013	172	3196.8	14.9	17.5	1.7655	6.2	23.1
4001	2013	173	12873.6	14.7	18.8	1.6378	6.9	2.4
4001	2013	174	11145.6	12.9	16.8	1.4169	6.9	7.4
4001	2013	175	21513.6	12.9	15.6	1.3956	7.5	0
4001	2013	176	19440	11.9	14.4	1.1785	9.7	0
4001	2013	177	21081.6	11.9	14.6	1.1253	10.4	0
4001	2013	178	7257.6	10.4	13.3	1.1654	8.4	19.2
4001	2013	179	6048	10.1	13.3	1.2638	6.4	8
4001	2013	180	23673.6	12.2	14.2	1.2581	9.8	0
4001	2013	181	16675.2	12.1	16.4	1.3469	5.6	0
4001	2013	182	26697.6	13.5	17.1	1.4758	6	0
4001	2013	183	30499.2	12.9	20.1	1.2934	3.4	0.1
4001	2013	184	15120	15.3	19.6	1.692	2.9	0.2
4001	2013	185	17452.8	15.2	20.8	1.7928	4.4	0.1
4001	2013	186	30412.8	14.3	18.3	1.4991	4	0
4001	2013	187	30931.2	12	17.8	1.3369	3.7	0
4001	2013	188	28080	13.4	18.6	1.5616	5.3	0
4001	2013	189	31449.6	14.9	17.5	1.5816	6.5	0
4001	2013	190	26956.8	14.1	17.3	1.5319	6.6	0
4001	2013	191	18921.6	13.9	16	1.4091	10.2	0
4001	2013	192	20908.8	13.5	16.3	1.303	6.3	0
4001	2013	193	16848	14	16.7	1.3586	5	0.3
4001	2013	194	16848	14.3	17	1.385	4.2	0
4001	2013	195	18921.6	13.9	16.3	1.3884	5.3	0
4001	2013	196	28944	13.2	19.4	1.5176	3.2	0
4001	2013	197	26092.8	13.3	20.2	1.6569	2.4	0
4001	2013	198	24796.8	15.2	19.2	1.7439	3.6	0
4001	2013	199	27993.6	16.6	19.9	1.7793	4.1	0
4001	2013	200	23155.2	16.6	19.3	1.7872	6.8	0
4001	2013	201	28944	16.1	19.8	1.7461	6.5	0
4001	2013	202	29721.6	16	22.5	1.9162	5.6	0
4001	2013	203	27129.6	17.9	24.6	2.0166	5.1	0
4001	2013	204	28425.6	18.6	26.2	1.9738	5.5	0
4001	2013	205	10972.8	18.4	23	1.8522	3.1	0.6
4001	2013	206	26352	18.6	23.8	2.0104	3.4	9.7
4001	2013	207	13132.8	18.4	23.5	2.2273	3.5	1.3
4001	2013	208	12182.4	18.5	22.2	2.242	3.8	25.6
4001	2013	209	17712	16.9	22.3	1.8444	4.9	0
4001	2013	210	22809.6	16.4	25.7	1.9671	4.2	19
4001	2013	211	19094.4	15.8	20.8	1.7429	6.3	9.2
4001	2013	212	25488	16	21.2	1.7759	5.7	1
4001	2013	213	22291.2	16.4	26.1	2.1678	4	0
4001	2013	214	27561.6	20	33.7	2.3623	4.5	0
4001	2013	215	23587.2	18.6	25.9	2.0362	6.1	0
4001	2013	216	27993.6	16	24.1	1.5922	3.5	0
4001	2013	217	22550.4	17.8	28	1.7836	3.4	10.4
4001	2013	218	20390.4	16.9	20.8	1.6952	6.6	0.3
4001	2013	219	10022.4	14.5	18.8	1.495	8.2	4.1
4001	2013	220	22723.2	15	19.1	1.4557	9.3	0
4001	2013	221	19526.4	15.7	22.4	1.6944	3.6	7.1
4001	2013	222	17193.6	15	20	1.6375	7	2
4001	2013	223	14947.2	15	20.3	1.4716	6.3	5.5
4001	2013	224	12441.6	14.9	17.9	1.3783	7.4	1.7
4001	2013	225	19785.6	13.9	17.9	1.3171	9.1	4
4001	2013	226	19785.6	14.4	18.2	1.2956	7.2	0
4001	2013	227	19785.6	11.8	20.2	1.271	5	1.9
4001	2013	228	16675.2	16.7	24.4	1.9801	4.9	2.3
4001	2013	229	16934.4	16.5	22.8	1.9187	4.1	0.2
4001	2013	230	14774.4	15.5	20.6	1.6744	6.2	0.2
4001	2013	231	11404.8	14.5	19.6	1.5722	5.2	0
4001	2013	232	16934.4	15.1	20.3	1.3953	4.9	0
4001	2013	233	20822.4	13	22.3	1.4716	3	0
4001	2013	234	17280	16	23.3	1.6446	2.9	0
4001	2013	235	19180.8	16.6	24.3	1.6079	3.6	0
4001	2013	236	22377.6	15.9	24.1	1.5172	5.9	0
4001	2013	237	22550.4	16.4	22.1	1.6265	7	0
4001	2013	238	21513.6	15.4	21.4	1.5003	6.4	0
4001	2013	239	19353.6	14	20.4	1.5284	5.4	0
4001	2013	240	22118.4	14.6	20.6	1.6679	3.7	0
4001	2013	241	18921.6	14.2	21.8	1.6692	3.4	0
4001	2013	242	15292.8	17	23	1.914	4.5	0
4001	2013	243	15292.8	15.6	18.9	1.4743	8.7	0.5
4001	2013	244	7430.4	14.7	18.1	1.3411	10.3	4.3
4001	2013	245	5961.6	15	18.4	1.6137	12.2	0.8
4001	2013	246	8467.2	16.7	19.2	1.7872	5.5	0
4001	2013	247	15552	16	20.3	1.8306	2.9	0
4001	2013	248	20390.4	15	28	1.9453	4.3	0
4001	2013	249	18230.4	17.4	29.6	2.1383	4.4	2.7
4001	2013	250	8208	15.1	20.2	1.8143	2.7	16.9
4001	2013	251	5875.2	12.5	16.3	1.4255	7.4	22.5
4001	2013	252	7430.4	12.3	16.3	1.2861	3.8	1
4001	2013	253	4492.8	11.2	14.6	1.2931	2.4	6.2
4001	2013	254	11491.2	12.5	16.5	1.3028	8	2
4001	2013	255	9158.4	12	17	1.3028	4.3	0.1
4001	2013	256	15897.6	14.1	19	1.4667	3.7	3.2
4001	2013	257	3196.8	13.2	17.3	1.6096	7.5	10.5
4001	2013	258	9158.4	11.5	15.8	1.155	8.5	8.1
4001	2013	259	14515.2	9.3	14.2	1.0199	8.5	1.7
4001	2013	260	13996.8	9.3	14.3	1.0786	8.1	1.8
4001	2013	261	13219.2	8.7	15.2	1.1033	4.5	0.6
4001	2013	262	9331.2	10.7	14.5	1.1514	6.1	4.9
4001	2013	263	11145.6	12.6	15.8	1.294	6.7	0
4001	2013	264	7862.4	13.7	15.8	1.2905	4.5	0
4001	2013	265	10368	14	17.9	1.6471	6	0
4001	2013	266	9331.2	14.8	17.1	1.6652	5.5	0
4001	2013	267	5788.8	13.3	16.1	1.5369	3.7	0.1
4001	2013	268	2937.6	12.1	15.3	1.4406	3.6	1
4001	2013	269	11404.8	8.8	14.4	1.0235	7.1	0
4001	2013	270	14342.4	8.4	14.9	1.0406	2.4	0
4001	2013	271	14947.2	8.6	16	1.0861	3.8	0
4001	2013	272	14083.2	7.8	15	0.9697	5.8	0
4001	2013	273	13824	7.2	13.7	0.8851	5.8	0
4001	2013	274	13392	6.9	14	0.9104	5	0
4001	2013	275	12700.8	5.4	14.2	0.7748	6.1	0
4001	2013	276	12614.4	4.4	14	0.7093	7.1	1.5
4001	2013	277	7516.8	8	17.3	1.1259	6	0
4001	2013	278	8294.4	12.7	15.9	1.5303	4.1	0
4001	2013	279	11145.6	12.2	15.5	1.3757	3.4	0
4001	2013	280	11750.4	10.1	17.5	1.3239	3.4	0
4001	2013	281	7603.2	11.1	16	1.3801	4.2	0
4001	2013	282	5097.6	8.9	14.1	1.1659	6.4	3.4
4001	2013	283	8467.2	7.5	12.2	0.9475	5.4	2.7
4001	2013	284	5875.2	9	14.2	1.1873	13.1	0.1
4001	2013	285	2160	10.1	13.5	1.286	5.9	25.3
4001	2013	286	9331.2	6.1	11.7	0.9686	5.2	0.1
4001	2013	287	6652.8	6.5	12.4	1.0052	4.3	3.6
4001	2013	288	6480	8.8	12.6	1.1442	4	0.4
4001	2013	289	5788.8	10	13.5	1.1853	5.5	0.7
4001	2013	290	3110.4	10.1	13.6	1.2348	11.4	6.3
4001	2013	291	4233.6	8.4	12.5	0.9357	5.5	0
4001	2013	292	4579.2	7.3	13.2	1.0855	4.8	5
4001	2013	293	4320	11.9	15.4	1.436	5.2	0.2
4001	2013	294	5702.4	12.6	14.9	1.3982	6.4	0.1
4001	2013	295	8294.4	12.8	19.7	1.5497	6.8	3.5
4001	2013	296	5443.2	12.8	17.3	1.4865	7.3	0.1
4001	2013	297	8812.8	9.3	13.9	1.0781	5.2	0
4001	2013	298	2592	8.7	15.1	1.2388	5.3	0.1
4001	2013	299	4924.8	13.4	15.8	1.4275	6.6	0
4001	2013	300	3715.2	13	14.4	1.331	9.1	6.4
4001	2013	301	3456	11	16.6	1.3239	11	6.4
4001	2013	302	6220.8	8.8	12.3	1.0692	8.5	11.4
4001	2013	303	5011.2	8.2	12.4	1.0265	6.8	0.4
4001	2013	304	4060.8	8	11.4	1.0342	8.2	1.1
4001	2013	305	1382.4	10	11.1	1.1965	5.9	3.7
4001	2013	306	1900.8	8.6	11.6	1.1487	4.7	1.5
4001	2013	307	7257.6	7.6	11.3	0.9224	9.5	4.7
4001	2013	308	2073.6	6.3	10.7	0.9539	7.3	4.6
4001	2013	309	5184	5.4	10.8	0.8959	7.6	5.2
4001	2013	310	3369.6	7.8	10.7	0.9567	8.1	13.8
4001	2013	311	4838.4	8.2	11.9	1.0587	5.2	0
4001	2013	312	4924.8	6.6	9.9	0.9814	4.7	8.3
4001	2013	313	3801.6	4.5	10.1	0.8791	7.1	10.6
4001	2013	314	2073.6	5.3	10	0.8166	8.5	1.8
4001	2013	315	3801.6	7.3	9.1	0.826	6.4	1.2
4001	2013	316	1036.8	6.1	10.1	0.9931	6.7	6
4001	2013	317	5875.2	6.6	10.2	0.8923	6.2	0
4001	2013	318	1728	5.8	8.9	0.9539	6	1
4001	2013	319	5270.4	7.8	10.3	1.0475	3.4	0
4001	2013	320	3628.8	6.7	10	0.9991	5.5	0
4001	2013	321	2332.8	7.9	10.5	1.0698	2.9	0.1
4001	2013	322	1900.8	5.7	7.9	0.9186	3.9	0.2
4001	2013	323	1296	6	8.5	0.8862	7.5	4.9
4001	2013	324	3715.2	2.5	7.6	0.7264	4.5	0
4001	2013	325	5184	2.3	6.4	0.6667	5.4	1.9
4001	2013	326	1123.2	4.2	6.4	0.7569	8.6	1.6
4001	2013	327	4752	5.6	8.1	0.8028	4.8	0.4
4001	2013	328	1900.8	6.2	8.5	0.7487	11	1.2
4001	2013	329	3024	4.9	7.6	0.6847	8.5	0.1
4001	2013	330	3024	4.1	7.9	0.7945	3.5	2.1
4001	2013	331	1036.8	6.2	9.3	1.0013	5.8	0.5
4001	2013	332	1036.8	8.3	9.7	0.9063	9.9	0
4001	2013	333	518.4	5.7	8.7	0.8528	10.5	4.5
4001	2013	334	2851.2	6.8	8.7	0.8538	9.9	0.6
4001	2013	335	1641.6	8.1	9.5	0.9281	9.1	0
4001	2013	336	3110.4	3.7	8.7	0.7582	3.6	0
4001	2013	337	1641.6	1.6	6.1	0.7724	4.1	0
4001	2013	338	1036.8	5.4	8.1	0.8268	9	1.9
4001	2013	339	345.6	1.4	7.8	0.7039	14.9	8.4
4001	2013	340	1900.8	1.2	5.7	0.571	20	0.7
4001	2013	341	950.4	3.1	6	0.7099	8.1	5.1
4001	2013	342	1641.6	5.7	8.2	0.9481	7.5	9.8
4001	2013	343	691.2	6.7	8.5	1.0225	7.1	0.8
4001	2013	344	2764.8	5	7.8	0.9321	5	0
4001	2013	345	1382.4	0.9	4.9	0.7373	4.8	0
4001	2013	346	1382.4	0.6	3.5	0.7011	6.4	0
4001	2013	347	2937.6	1.9	5.6	0.751	6.1	1.1
4001	2013	348	2332.8	1.5	7.1	0.8055	5.9	3.6
4001	2013	349	1987.2	5.4	8.1	0.9056	7.7	0
4001	2013	350	1382.4	7.1	10	0.946	7.5	2
4001	2013	351	1641.6	3.8	7.2	0.8759	3.8	0.9
4001	2013	352	1036.8	4.4	7.7	0.863	5.9	2.4
4001	2013	353	1382.4	3.7	8.1	0.8541	6.7	2.9
4001	2013	354	3283.2	3.5	6.6	0.7964	6.8	0.7
4001	2013	355	604.8	5.9	6.7	0.8684	9.1	9.3
4001	2013	356	1123.2	6.1	8.3	0.9035	8.5	3
4001	2013	357	2505.6	4	9.9	0.8682	9	1.8
4001	2013	358	345.6	7.4	10.6	0.9866	11	11.5
4001	2013	359	2937.6	3.5	7.9	0.824	6.3	0.1
4001	2013	360	1209.6	2.5	5.8	0.7971	3.7	0.1
4001	2013	361	518.4	3.3	8.3	0.8297	9.8	3.9
4001	2013	362	2505.6	5.3	8	0.8798	6.6	0
4001	2013	363	2160	4.8	6.4	0.8365	6.3	0.4
4001	2013	364	3024	2.7	6.2	0.7301	8.6	0.3
4001	2013	365	2419.2	4.5	6.9	0.7599	7.2	0.6
