*---------------------------------------------------------------------------*
* Station name: NORDERNEY                               
* Year: 2014
* Author: Pedro Alencar                                   -999.000: NIL VALUE
* Source: ECAD 
* Comments: 
* Longitude: 53.7139, latitude: 53.7139, altitude: 11 m.
*
* Column  Daily value
* 1       station number
* 2       year
* 3       day
* 4       irradiation                   (kJ m-2 d-1)
* 5       minimum temperature           (degrees Celsius)
* 6       maximum temperature           (degrees Celsius)
* 7       early morning vapour pressure (kPa)
* 8       mean wind speed (height: 2 m) (m s-1)
* 9       precipitation                 (mm d-1)
*
** WCCDESCRIPTION=GERMANY, NORDERNEY                               
** WCCFORMAT=2
** WCCYEARNR=2014
*---------------------------------------------------------------------------*
   53.7139  7.1525    11.  -0.18 -0.55
4001	2014	1	2678.4	4.7	7.5	0.8001	7.4	0.2
4001	2014	2	1987.2	5.8	9.8	0.9307	7.5	0.5
4001	2014	3	1296	5.2	9.3	0.9066	8.2	2.4
4001	2014	4	2851.2	5.5	7.9	0.8142	7.6	1.3
4001	2014	5	3542.4	4	6.9	0.8188	6.1	0.4
4001	2014	6	1641.6	4.1	10.9	0.943	8.7	5
4001	2014	7	2851.2	7.9	9.8	0.954	7.9	0.2
4001	2014	8	2851.2	6.6	8.9	0.9381	6.8	2.2
4001	2014	9	1123.2	5.7	10.7	0.989	9.3	6.5
4001	2014	10	2332.8	5.7	7.3	0.8611	7.8	0.2
4001	2014	11	864	5.6	6.8	0.834	10.1	1.8
4001	2014	12	3369.6	0	6.7	0.6602	7.2	0
4001	2014	13	2073.6	0	7.4	0.7484	5.5	1.6
4001	2014	14	2678.4	2.3	6	0.7971	3.5	1.2
4001	2014	15	2851.2	3.5	5.1	0.7806	5.6	9.9
4001	2014	16	864	4.2	7.3	0.9004	5.6	5.4
4001	2014	17	1382.4	5.4	7.9	0.8701	5.5	2
4001	2014	18	2246.4	4.4	7.4	0.8541	4.2	0
4001	2014	19	518.4	1.8	5.4	0.7273	7.7	0
4001	2014	20	691.2	0.1	1.9	0.6371	3.9	0
4001	2014	21	1296	-0.3	0.8	0.5849	2.9	0
4001	2014	22	1036.8	-0.8	0.1	0.5659	5.1	0
4001	2014	23	1555.2	-1.9	0.3	0.5476	6.2	2.6
4001	2014	24	1987.2	-4.4	-1.8	0.4523	5.9	0
4001	2014	25	1814.4	-5.7	-3.2	0.3999	7.1	6.2
4001	2014	26	2160	-7.6	-4.9	0.3564	7	6.1
4001	2014	27	5529.6	-5.1	2.7	0.5206	6.4	0.4
4001	2014	28	5961.6	-0.7	4.4	0.6144	6	0
4001	2014	29	1209.6	-4.7	-0.5	0.4593	6.5	0
4001	2014	30	5270.4	-4.9	-1.2	0.4296	5.1	0
4001	2014	31	3801.6	-5	2.9	0.5093	5.3	1.2
4001	2014	32	1382.4	2.7	5	0.7161	7.9	1.1
4001	2014	33	6393.6	2.2	5.8	0.7074	6.7	0
4001	2014	34	6739.2	0.3	6.3	0.6966	4.6	0
4001	2014	35	4060.8	1.7	6.9	0.7225	5.2	0
4001	2014	36	5270.4	1.2	7.7	0.6965	6.3	0
4001	2014	37	3628.8	5.4	7.3	0.7948	7.2	5.3
4001	2014	38	1123.2	4.2	9	0.8963	8.2	5.9
4001	2014	39	1382.4	3.6	6.8	0.7959	8.1	0.9
4001	2014	40	2160	3.9	6.4	0.7491	9.9	1.3
4001	2014	41	3110.4	2.5	6.1	0.7308	4.6	0.1
4001	2014	42	5356.8	3.2	6.7	0.7648	5.2	1.3
4001	2014	43	6393.6	2	6.8	0.7108	7.9	0.2
4001	2014	44	6048	3	6.7	0.7422	6.7	1
4001	2014	45	7862.4	2.5	6.9	0.7345	7.1	1.7
4001	2014	46	5961.6	5.4	9.9	0.7642	10.5	2.8
4001	2014	47	7516.8	3.7	6.9	0.7747	7.9	1.3
4001	2014	48	6307.2	1.8	7.5	0.783	4.2	0
4001	2014	49	5011.2	3.7	7.8	0.8085	5.1	2.9
4001	2014	50	5097.6	5.1	8.3	0.9221	5	0.7
4001	2014	51	3801.6	4.4	8.7	0.9224	6.6	3.3
4001	2014	52	5443.2	4.6	8.1	0.8619	5.6	1.9
4001	2014	53	5788.8	4.1	7.8	0.8291	6.4	0
4001	2014	54	9504	3.7	9.6	0.8212	7.8	0
4001	2014	55	9158.4	3.6	11.1	0.759	6.4	0
4001	2014	56	5702.4	5.3	11.6	0.8401	5.9	0
4001	2014	57	8640	5.3	10.4	0.8914	4.3	0
4001	2014	58	8208	2.8	9.8	0.8207	6.5	1.3
4001	2014	59	2764.8	3	5.9	0.7889	3.8	0
4001	2014	60	3715.2	2.3	6.2	0.7862	3.8	0.8
4001	2014	61	10713.6	3	8.6	0.7836	5	0
4001	2014	62	7689.6	2	9.4	0.7324	5.3	0
4001	2014	63	12614.4	2.9	10.9	0.8652	3.1	0
4001	2014	64	11664	4.5	7.9	0.8719	2.7	0
4001	2014	65	7344	3.7	10.2	0.8083	4.8	0
4001	2014	66	7603.2	5.1	10.1	0.8347	6.3	0.3
4001	2014	67	13046.4	2.8	12	0.7822	5	0
4001	2014	68	14515.2	6.5	16.4	0.8513	5.7	0
4001	2014	69	13737.6	5.9	12.6	0.8984	6	0
4001	2014	70	13737.6	4.7	7.4	0.7973	7.5	0
4001	2014	71	13910.4	2.7	12.2	0.7848	3.6	0
4001	2014	72	14601.6	3.5	9.1	0.8207	3.2	0
4001	2014	73	4492.8	5.2	7.7	0.9257	5	0
4001	2014	74	10540.8	6.6	7.8	0.8934	11.8	1.1
4001	2014	75	7603.2	7	8.6	0.9942	9.8	0
4001	2014	76	6480	7.4	8.4	0.9797	7.6	0
4001	2014	77	9936	7.2	10.4	0.9847	5.7	2.5
4001	2014	78	10886.4	7.2	10.4	0.9847	8.7	0
4001	2014	79	17020.8	7.2	17.2	1.008	7.4	3
4001	2014	80	5270.4	4.8	10.2	0.8704	6	5.2
4001	2014	81	8985.6	3.8	8.9	0.7852	6.1	3.5
4001	2014	82	8812.8	4.6	8.9	0.8367	5.1	2.4
4001	2014	83	16070.4	4.3	8.6	0.7907	4.4	0
4001	2014	84	16243.2	3.6	8	0.7744	4	1.1
4001	2014	85	13219.2	3	9.1	0.7223	4.2	0.5
4001	2014	86	17452.8	4.1	9.4	0.817	7.5	0
4001	2014	87	12700.8	2.9	9	0.8291	6	0
4001	2014	88	17539.2	4.8	13.8	0.9834	4.2	0
4001	2014	89	16243.2	5	11.4	0.9999	4	0
4001	2014	90	10368	4.3	7.6	0.9036	4.3	0
4001	2014	91	14083.2	3.9	11.5	0.9454	4.7	0
4001	2014	92	13910.4	5.1	11.3	1.0542	3.9	0
4001	2014	93	12009.6	5.6	9.6	0.9807	6.3	0.1
4001	2014	94	2937.6	6.6	8.8	0.9664	4.6	1
4001	2014	95	10454.4	8.6	13.1	1.1687	2.7	0
4001	2014	96	5011.2	8.6	13.1	1.1946	5.4	2.9
4001	2014	97	12700.8	10.7	17.6	1.3704	4.3	11.1
4001	2014	98	11577.6	6.4	12.4	1.0607	10.1	2.8
4001	2014	99	13737.6	7.9	10.3	1.0395	9.1	0
4001	2014	100	17625.6	8.4	12.7	1.1456	4.5	0
4001	2014	101	16329.6	6.9	10.5	1.0118	3.6	0
4001	2014	102	18144	7.1	13.2	1.0039	4.5	0.2
4001	2014	103	20476.8	8.3	11.2	0.9774	8.4	3.1
4001	2014	104	20217.6	5.8	9.3	0.811	15.6	0.7
4001	2014	105	17366.4	5.7	8.1	0.7061	12.2	0
4001	2014	106	23846.4	4.3	12.9	0.7705	3.5	0
4001	2014	107	14256	6.8	14.3	0.9165	7.4	4.9
4001	2014	108	19008	6.6	9.2	0.8838	11.5	0.7
4001	2014	109	21686.4	6.2	12.1	0.9735	6.7	0
4001	2014	110	23587.2	9.2	15.7	1.1834	7.1	0
4001	2014	111	12268.8	9.2	15.2	1.2493	6.2	1.7
4001	2014	112	20390.4	9.4	15.9	1.3014	3.7	5.3
4001	2014	113	20649.6	9.2	13.7	1.2701	3.7	0
4001	2014	114	7689.6	10.4	13.7	1.3495	4.9	0
4001	2014	115	20217.6	8.5	18.3	1.3514	5.4	0
4001	2014	116	12096	10.4	14.3	1.2761	3.8	4.8
4001	2014	117	8208	11	16.2	1.4624	3.4	10.2
4001	2014	118	23587.2	10.7	15.3	1.3615	4	0
4001	2014	119	22982.4	10.2	15.9	1.2308	3	0
4001	2014	120	23760	9.5	16.5	1.2567	4.7	0
4001	2014	121	7516.8	8.5	10.8	0.9708	5.7	2.4
4001	2014	122	25488	8.5	11	0.8446	10.8	0
4001	2014	123	24105.6	8	10.2	0.7739	7.1	0
4001	2014	124	18144	7.7	10.5	0.7277	4.4	0
4001	2014	125	21168	8.3	15.2	0.9923	4.1	0
4001	2014	126	9417.6	11.1	16	1.1941	4.1	0.6
4001	2014	127	18230.4	8.8	14	1.1582	5.1	11.4
4001	2014	128	7344	10.2	12.8	1.2337	5.8	12.8
4001	2014	129	10454.4	9.4	12.7	1.1843	6.9	8.9
4001	2014	130	8208	10.2	13.2	1.2363	7.2	8.1
4001	2014	131	11923.2	8.4	12	1.0818	8.3	11.7
4001	2014	132	20822.4	10.2	13	1.1327	8.2	0.2
4001	2014	133	25056	9.2	11.9	0.9419	9.5	0
4001	2014	134	23760	8.5	11.6	0.8987	10.8	0.6
4001	2014	135	23414.4	9.2	12	0.9451	6.4	0
4001	2014	136	23760	9.5	13.2	1.1275	3.4	0
4001	2014	137	29980.8	10.1	14.8	1.1979	2.5	0
4001	2014	138	27043.2	10.1	15.4	1.2364	3.7	0
4001	2014	139	24969.6	11.9	17	1.4137	4.5	0
4001	2014	140	23846.4	13.1	26	1.6117	4	2.9
4001	2014	141	19958.4	15.2	19.4	1.6367	4.3	0
4001	2014	142	26092.8	15.2	23.1	1.5722	4.3	4.3
4001	2014	143	9504	12.3	17.6	1.5279	2.5	11.5
4001	2014	144	23932.8	10.9	19	1.5109	3.8	0.3
4001	2014	145	27561.6	13.3	19.9	1.5091	4.1	0
4001	2014	146	24278.4	14.3	18.4	1.5225	7.2	0
4001	2014	147	19612.8	11.2	19.8	1.4773	8.2	7.1
4001	2014	148	5097.6	10.2	12.2	1.1031	7.1	0
4001	2014	149	27302.4	8.2	14.8	0.9354	7.4	0
4001	2014	150	28425.6	9.2	15.4	1.1004	4.3	0
4001	2014	151	31104	11.6	14.9	1.1558	8.5	0
4001	2014	152	20304	11.1	14	1.1041	5.5	0
4001	2014	153	17971.2	9.4	15.7	1.2057	2.9	2.2
4001	2014	154	27216	12.1	20.8	1.308	3.9	0
4001	2014	155	20304	13.7	22.7	1.5025	3.8	3
4001	2014	156	21859.2	10.7	15.6	1.2238	6.8	12.7
4001	2014	157	31795.2	12.8	19.2	1.3618	5.6	0
4001	2014	158	27302.4	12	19.8	1.3171	4.7	0.1
4001	2014	159	17280	12.6	19.6	1.6629	3.8	0.3
4001	2014	160	25488	13.5	23.3	1.8172	4.9	0
4001	2014	161	25142.4	17.3	23.7	2.0221	3.3	0.1
4001	2014	162	30844.8	15.1	19.2	1.5626	4.7	0
4001	2014	163	31622.4	14.9	19	1.5044	5.1	0
4001	2014	164	23587.2	14.5	17.9	1.4896	9	0
4001	2014	165	28512	14.1	16.7	1.3979	10.2	0
4001	2014	166	26438.4	13.3	17.3	1.3369	7.1	0
4001	2014	167	14256	13.9	15.8	1.3663	11.1	0
4001	2014	168	29894.4	14.3	16.4	1.4806	9.7	0.2
4001	2014	169	12960	13.9	16.3	1.4399	8.6	0.1
4001	2014	170	13996.8	13.2	16	1.3445	11.5	0.7
4001	2014	171	22809.6	12	16.4	1.2455	12.4	0.8
4001	2014	172	23414.4	13.3	16.8	1.3498	10.3	0.8
4001	2014	173	24969.6	12.6	16.2	1.1961	9.5	0.3
4001	2014	174	23760	13	16.3	1.2156	7.1	0.2
4001	2014	175	18576	11.6	16.2	1.2532	6.8	0.7
4001	2014	176	26438.4	12.9	17	1.2733	6	0.2
4001	2014	177	27561.6	13.4	18.4	1.3351	3.5	0.2
4001	2014	178	9244.8	13.7	18.6	1.3932	2.9	1.3
4001	2014	179	21772.8	14.2	18.9	1.5608	3.8	1
4001	2014	180	29289.6	13.8	17.8	1.2908	5	2.5
4001	2014	181	29635.2	13.6	17.2	1.2407	7.3	0.3
4001	2014	182	23846.4	12.9	16.8	1.2482	8.5	1.3
4001	2014	183	23932.8	14.6	17.7	1.3199	6.5	0
4001	2014	184	19008	14	22.2	1.4931	4.5	0
4001	2014	185	31968	16.3	27.3	1.5641	4.2	0.2
4001	2014	186	21254.4	18.2	25.8	2.0319	4.9	2.7
4001	2014	187	19699.2	16.8	26.8	2.0334	5.3	3.3
4001	2014	188	27043.2	16.5	21.4	1.7495	5.2	0
4001	2014	189	4924.8	14.1	17.7	1.6057	11.3	2.7
4001	2014	190	21340.8	15.6	24.1	2.0814	7.6	0
4001	2014	191	31190.4	18.6	23.1	1.9923	5.7	0
4001	2014	192	28512	18.2	25.2	1.9174	6.1	0
4001	2014	193	28598.4	15.5	23.4	1.3987	3.4	0
4001	2014	194	10540.8	16.8	19.6	1.7111	5.3	0.1
4001	2014	195	20908.8	17	20.7	1.7604	7.7	0.1
4001	2014	196	15465.6	15.7	21	1.7484	5.4	0.5
4001	2014	197	27388.8	16	20.6	1.4699	3	0
4001	2014	198	27302.4	16.5	22.3	1.7542	4.1	0
4001	2014	199	29289.6	17.8	22.9	2.0035	6.3	0
4001	2014	200	28771.2	20.2	34.1	1.9736	4.5	0
4001	2014	201	16502.4	20.3	28.6	2.1107	5.4	3.9
4001	2014	202	12960	18.8	22.5	2.0652	7.6	7.6
4001	2014	203	29980.8	18.9	23.2	1.992	8.2	0
4001	2014	204	27388.8	19.8	23.6	1.9174	6.8	0
4001	2014	205	27907.2	19.3	23.7	1.9453	6.7	0
4001	2014	206	10540.8	19.2	22.5	1.9431	4.2	0.1
4001	2014	207	17798.4	19	23.5	2.067	4.9	0.3
4001	2014	208	21340.8	19.4	23.3	2.1558	3.9	0
4001	2014	209	26697.6	18.9	23.1	2.0604	6.9	0
4001	2014	210	28339.2	19.1	22.3	2.0472	9.2	0
4001	2014	211	27734.4	18.3	22.7	1.7333	7.6	0
4001	2014	212	16675.2	17.9	23	1.7999	4.6	0
4001	2014	213	25228.8	17.7	26.3	1.8736	3.7	0
4001	2014	214	23328	19.1	29	1.8218	4	0
4001	2014	215	23932.8	17.5	23.2	1.765	4.8	0
4001	2014	216	15638.4	16.7	24	1.6696	2.8	0.4
4001	2014	217	25747.2	16.6	22	1.4304	4.3	0
4001	2014	218	21686.4	15.8	26.2	1.4646	4.6	0.9
4001	2014	219	17366.4	16.5	22.8	1.8502	5	0.2
4001	2014	220	20736	16	22.2	1.5673	4.2	4.9
4001	2014	221	19180.8	17.7	21.3	1.652	7	2.8
4001	2014	222	12096	15.8	25.6	1.8035	5.8	7.7
4001	2014	223	23760	15.7	21.1	1.3946	8.8	0.9
4001	2014	224	19785.6	14	19.3	1.4004	7.6	0.9
4001	2014	225	16675.2	13.8	18.7	1.439	6.1	5.4
4001	2014	226	17884.8	14.8	19.7	1.5922	5.5	24.2
4001	2014	227	22636.8	13.6	18.8	1.4161	5.9	9
4001	2014	228	12528	14.3	17.6	1.3213	8.3	2.5
4001	2014	229	6393.6	13.4	16.7	1.384	8.1	25.5
4001	2014	230	12096	12.3	17.2	1.3072	11.2	7.4
4001	2014	231	14688	11.6	15.8	1.1744	7.8	10
4001	2014	232	18403.2	12.3	16.5	1.1142	10	6.7
4001	2014	233	17625.6	11.3	18	1.2156	5.3	0.6
4001	2014	234	11836.8	12.8	16.8	1.3619	7.3	7.9
4001	2014	235	17107.2	11.2	16.1	1.1706	5.9	23.6
4001	2014	236	17539.2	12	16.3	1.1286	6.4	9.7
4001	2014	237	22464	11.6	17.1	1.078	4.2	0
4001	2014	238	20995.2	10.5	17.4	1.1618	4.7	0
4001	2014	239	20908.8	14.1	19.2	1.495	3.8	0
4001	2014	240	19526.4	12.2	23.6	1.6178	4.5	2.6
4001	2014	241	17452.8	16.1	19.5	1.6891	5.2	0
4001	2014	242	13651.2	15.4	19.2	1.617	6.1	3.2
4001	2014	243	17366.4	14.6	18.9	1.5236	5.4	0.7
4001	2014	244	15897.6	16.3	19.4	1.6944	6.6	0
4001	2014	245	18921.6	14.9	19.8	1.6023	5.9	0
4001	2014	246	21168	13.4	21.2	1.4986	4.7	0
4001	2014	247	20304	14.1	21.5	1.5873	5.1	0
4001	2014	248	18057.6	15.5	21.8	1.7815	4.1	0
4001	2014	249	13564.8	16.9	20.5	1.9593	3.5	0
4001	2014	250	13564.8	15.8	19.3	1.6426	4.7	0
4001	2014	251	12096	14.9	18.2	1.3163	7.3	0
4001	2014	252	8121.6	14.2	17.5	1.3848	9.9	1.5
4001	2014	253	6480	14.9	17.2	1.4572	10.6	0
4001	2014	254	18921.6	15.5	18.3	1.5189	6.9	0
4001	2014	255	18921.6	15.8	18.7	1.6512	7.2	0
4001	2014	256	17798.4	15.7	18.4	1.6692	7.6	0
4001	2014	257	10627.2	15.8	18.8	1.6761	5.4	0.1
4001	2014	258	6134.4	15.5	19.2	1.8001	3.2	0
4001	2014	259	13564.8	15.9	23.5	1.8788	4.4	0
4001	2014	260	15984	16.1	23.6	1.7807	5.3	0
4001	2014	261	16675.2	15.1	22.9	1.6892	4.4	0
4001	2014	262	16675.2	14.6	20.6	1.7081	4	0
4001	2014	263	14515.2	15.3	20.6	1.8078	3.5	0.2
4001	2014	264	14601.6	14.4	17.4	1.3171	13.2	0.2
4001	2014	265	13305.6	10.5	15.9	0.9549	13.4	2.1
4001	2014	266	4924.8	14	17.2	1.1859	5.4	0
4001	2014	267	4838.4	12.7	15.2	1.305	6.1	3.3
4001	2014	268	4492.8	13.1	16.1	1.2615	8.8	0.8
4001	2014	269	4579.2	14.9	17.4	1.5949	6.9	0.4
4001	2014	270	15379.2	13.4	18.2	1.2908	4.2	0
4001	2014	271	10886.4	14	19.8	1.4804	3.1	0
4001	2014	272	7603.2	12.9	19.2	1.5665	2.4	0.6
4001	2014	273	6739.2	15	18.1	1.6924	4.2	0.6
4001	2014	274	9158.4	13.8	18.8	1.6657	3.8	2.9
4001	2014	275	10368	15.3	18.1	1.5757	3.2	0
4001	2014	276	11059.2	15.1	19.9	1.7373	2.7	0
4001	2014	277	13219.2	13.6	21.2	1.4089	6	0
4001	2014	278	1555.2	12.9	15.5	1.4072	7	2.6
4001	2014	279	11059.2	10.4	18.2	1.2373	5.6	3.3
4001	2014	280	6566.4	10.9	15.8	1.2092	8.1	4.1
4001	2014	281	6307.2	9.3	14.8	1.1949	6.2	3.4
4001	2014	282	9936	13.1	16.8	1.3921	5.8	0
4001	2014	283	10800	12.3	17.1	1.3365	5.2	0
4001	2014	284	7257.6	10.4	16.5	1.3096	2.7	2.2
4001	2014	285	9244.8	10.6	15.4	1.3166	4	1
4001	2014	286	2678.4	11.5	14.9	1.4248	4.6	4.9
4001	2014	287	6825.6	11.1	15	1.3509	3.5	5.9
4001	2014	288	4233.6	12.3	15.1	1.425	4.1	0.6
4001	2014	289	3801.6	9.8	14.5	1.3443	3	1.5
4001	2014	290	6220.8	12.1	17.3	1.5536	4.2	0
4001	2014	291	6048	12.4	18	1.5009	5.7	0
4001	2014	292	2764.8	15.1	17.2	1.6315	6.6	3.8
4001	2014	293	5097.6	12	15.5	1.2725	8	7.9
4001	2014	294	1641.6	9.9	13.3	1.1736	10	8.3
4001	2014	295	1468.8	10.4	12.7	0.9249	16.1	0.1
4001	2014	296	3283.2	10.5	12.9	1.1951	5.4	0.3
4001	2014	297	2505.6	10.8	12.6	1.2089	6.4	4.3
4001	2014	298	6912	11.4	14.5	1.2825	4.8	0
4001	2014	299	5184	10.1	13.9	1.177	5.3	0
4001	2014	300	6393.6	11	14.6	1.2109	5.1	0
4001	2014	301	8380.8	8.4	13.6	1.1279	5.8	0
4001	2014	302	1641.6	7.9	12.5	1.0445	6.1	0.7
4001	2014	303	4406.4	6.9	12.4	1.0547	3.6	0
4001	2014	304	3888	10.8	14.4	1.3846	4.3	0
4001	2014	305	7171.2	11.3	16.6	1.3528	4.7	0
4001	2014	306	6998.4	12.9	16	1.348	5.7	9.1
4001	2014	307	2937.6	11.6	14.6	1.2198	7.7	1.1
4001	2014	308	3801.6	8.6	11.7	1.0906	4.6	0
4001	2014	309	2937.6	7.7	11.3	1.0797	1.5	0
4001	2014	310	3110.4	6.2	10.1	0.9748	3.1	0
4001	2014	311	4233.6	4.4	9.1	0.8072	6.5	0
4001	2014	312	6220.8	7.5	11.5	0.9848	6	0
4001	2014	313	5011.2	7.2	11.7	0.9579	4.2	2.6
4001	2014	314	2764.8	7.6	11.2	1.0607	4.5	0.2
4001	2014	315	5788.8	5.8	10.3	0.9467	4.7	0.2
4001	2014	316	2160	9	10.7	1.1175	3.9	0.1
4001	2014	317	2678.4	7.1	9.2	1.0615	2.8	0
4001	2014	318	1209.6	8	11.2	1.0273	4.7	0
4001	2014	319	1296	9.5	10.6	1.0957	4.6	0.1
4001	2014	320	432	7.4	9.8	1.072	4.1	6
4001	2014	321	3715.2	7.1	11.1	1.0511	3.8	0
4001	2014	322	1296	6.4	9.7	0.9467	4.6	0
4001	2014	323	3369.6	7.3	10.1	0.9893	2.6	0
4001	2014	324	5011.2	4.7	9.2	0.8682	1.8	0
4001	2014	325	4838.4	1.8	6.7	0.7696	2.9	0
4001	2014	326	1382.4	3.5	7.2	0.7774	5.3	0.9
4001	2014	327	3456	6.9	11.4	1.0199	4.6	3.9
4001	2014	328	3542.4	8	10.3	0.9619	7.5	1.6
4001	2014	329	3283.2	3.5	9.5	0.9095	2.5	0
4001	2014	330	2592	3	4.9	0.7212	5.9	0.2
4001	2014	331	1728	2.6	4.7	0.6506	6	0
4001	2014	332	2937.6	1.7	3.5	0.5819	7.7	0
4001	2014	333	1728	0.6	2	0.5504	6.3	0
4001	2014	334	518.4	-0.3	0.8	0.5413	4.7	0
4001	2014	335	1036.8	-2.1	0.8	0.5128	5.2	0
4001	2014	336	1209.6	-2.7	2.3	0.5179	3.9	0
4001	2014	337	518.4	-1.3	2.2	0.5303	4.8	0
4001	2014	338	1123.2	-0.7	1.4	0.5515	3.6	0
4001	2014	339	1036.8	0.8	3.8	0.6633	4.2	0.7
4001	2014	340	2937.6	3.7	8.4	0.8161	3.6	0.8
4001	2014	341	777.6	2.2	6.6	0.7443	7	6.6
4001	2014	342	1900.8	3.1	6.1	0.7378	6.1	3.9
4001	2014	343	1641.6	-0.6	4.2	0.6679	5.5	3.4
4001	2014	344	3024	3.7	7.3	0.7494	8.7	3
4001	2014	345	1468.8	3.3	6.5	0.7015	8.8	7.1
4001	2014	346	691.2	4	7.9	0.8011	8.2	8.9
4001	2014	347	2419.2	3.1	6.6	0.7249	5.9	0.8
4001	2014	348	2937.6	1.2	4.6	0.6621	7	3.9
4001	2014	349	1555.2	3.4	6.1	0.7713	6.6	7.4
4001	2014	350	1900.8	4	6.3	0.7402	6.9	1.1
4001	2014	351	604.8	3.1	7.9	0.8397	6.5	5
4001	2014	352	604.8	6.7	10.7	1.0905	7.1	8.3
4001	2014	353	1555.2	5.9	10.7	0.9191	9.4	1.2
4001	2014	354	1296	4.4	8.1	0.7228	13.8	6.8
4001	2014	355	1036.8	5.6	9.1	0.8923	8.4	0.6
4001	2014	356	604.8	9.1	11	1.0957	11.9	1.4
4001	2014	357	1123.2	8.8	10.4	1.0392	10.1	5.8
4001	2014	358	3110.4	6.8	9.2	0.8792	10.7	1.9
4001	2014	359	1900.8	3.1	8	0.6524	11.8	0.1
4001	2014	360	3542.4	-0.5	3.9	0.594	3.6	0
4001	2014	361	1900.8	-0.3	1.2	0.524	6.3	0
4001	2014	362	3110.4	0.6	6.1	0.5515	7.6	2.4
4001	2014	363	3110.4	3.2	6.7	0.6605	8.6	1.9
4001	2014	364	950.4	5.7	6.9	0.8016	6.7	0.9
4001	2014	365	2592	4.4	7.2	0.8482	5.5	0
