*---------------------------------------------------------------------------*
* Station name: NORDERNEY                               
* Year: 2020
* Author: Pedro Alencar                                   -999.000: NIL VALUE
* Source: ECAD 
* Comments: 
* Longitude: 53.7139, latitude: 53.7139, altitude: 11 m.
*
* Column  Daily value
* 1       station number
* 2       year
* 3       day
* 4       irradiation                   (kJ m-2 d-1)
* 5       minimum temperature           (degrees Celsius)
* 6       maximum temperature           (degrees Celsius)
* 7       early morning vapour pressure (kPa)
* 8       mean wind speed (height: 2 m) (m s-1)
* 9       precipitation                 (mm d-1)
*
** WCCDESCRIPTION=GERMANY, NORDERNEY                               
** WCCFORMAT=2
** WCCYEARNR=2020
*---------------------------------------------------------------------------*
   53.7139  7.1525    11.  -0.18 -0.55
4001	2020	1	1036.8	-1.2	4.7	0.6863	4.1	0
4001	2020	2	604.8	-0.2	5.3	0.7266	6.3	0.2
4001	2020	3	345.6	5.2	7.2	0.8719	7.5	9.5
4001	2020	4	1296	4.9	7.3	0.7906	8.9	1.1
4001	2020	5	777.6	3.5	6.5	0.8023	4.8	0
4001	2020	6	691.2	3.7	5.9	0.7826	5.3	0.5
4001	2020	7	3283.2	4.6	7.2	0.8633	6.1	0.8
4001	2020	8	1209.6	6.7	9.7	1.0325	5.8	0.7
4001	2020	9	518.4	6	10.9	1.0722	5.4	6.1
4001	2020	10	1382.4	5.8	9.9	0.9551	7	0.7
4001	2020	11	1814.4	4	7.1	0.7792	6.6	0.2
4001	2020	12	604.8	5.2	8.5	0.9118	7.9	4.8
4001	2020	13	2505.6	5	8	0.8708	6	4.6
4001	2020	14	2678.4	7.3	11	1.0199	8.4	4.2
4001	2020	15	518.4	6.4	10.9	0.9524	7.6	1.9
4001	2020	16	3110.4	5	7.9	0.8582	6.3	0
4001	2020	17	1382.4	5.9	8.7	0.8791	5.9	1
4001	2020	18	1209.6	3.7	6.6	0.7491	7.4	7.1
4001	2020	19	3801.6	5	7.1	0.7973	7.5	0.5
4001	2020	20	1814.4	4.7	6.8	0.8452	4.4	0
4001	2020	21	2073.6	3.7	6.4	0.8051	5.8	0.2
4001	2020	22	3628.8	5.3	7	0.8878	4.7	0.1
4001	2020	23	1814.4	2.4	5.3	0.7724	3.1	0
4001	2020	24	1123.2	3.1	4.3	0.7723	5.2	0
4001	2020	25	691.2	2.5	4.2	0.7379	5.4	0
4001	2020	26	2160	0.1	6.1	0.7173	5.5	1.4
4001	2020	27	1641.6	6	8	0.9413	5.6	5
4001	2020	28	691.2	3.8	6.6	0.7959	8.2	10.8
4001	2020	29	2332.8	4.1	7.1	0.7547	9	4.8
4001	2020	30	1900.8	5.9	8.8	0.9334	7.9	0.4
4001	2020	31	2246.4	6.8	9.6	0.9999	8.4	7.1
4001	2020	32	2419.2	7.6	9.9	0.9927	8.3	0.1
4001	2020	33	1468.8	5.7	7.6	0.9189	4.2	6.2
4001	2020	34	2764.8	6.4	8.3	0.8923	7.8	0.4
4001	2020	35	5616	4.5	7.4	0.7266	10.1	0.1
4001	2020	36	5616	4.8	7.2	0.7104	5.4	0
4001	2020	37	1641.6	6.2	7.2	0.8436	4.3	0
4001	2020	38	3283.2	3.3	7	0.6874	3.9	0
4001	2020	39	3369.6	2.1	8.1	0.7552	5.6	0.8
4001	2020	40	1209.6	6	10.1	0.9144	10.8	14.4
4001	2020	41	5011.2	3.3	8.8	0.7316	11.8	1.2
4001	2020	42	2419.2	3.3	6.4	0.6559	14.6	5.3
4001	2020	43	4147.2	2.8	6.4	0.6191	12.6	1
4001	2020	44	1296	2.1	5.5	0.7216	5.8	5.8
4001	2020	45	4147.2	4.8	6.9	0.7678	4.9	0
4001	2020	46	2678.4	6.6	11.2	0.9572	8.5	0
4001	2020	47	1123.2	7.3	11.5	1.0489	9.1	17.7
4001	2020	48	6825.6	6.9	9	0.8334	9.8	0.8
4001	2020	49	6652.8	3.4	7.8	0.7183	9.1	0.9
4001	2020	50	5529.6	4.5	7.5	0.7572	9.2	0.6
4001	2020	51	1987.2	5.1	8.9	0.8912	8.4	1.1
4001	2020	52	4924.8	4.5	8.1	0.7635	10.6	1.4
4001	2020	53	2332.8	6.9	9.2	0.8821	11.4	0.9
4001	2020	54	2073.6	4.9	7.9	0.8168	9.5	2.3
4001	2020	55	1209.6	0.3	9.5	0.7967	7.6	16.5
4001	2020	56	6048	3.9	7.4	0.7208	10.2	3.2
4001	2020	57	7171.2	3.5	6.2	0.7163	6.2	1.7
4001	2020	58	4147.2	2.5	5.7	0.696	5.8	0.8
4001	2020	59	8640	0.5	7.2	0.6356	8.2	13.5
4001	2020	60	5875.2	2.5	12.2	0.8718	8.1	1.7
4001	2020	61	7862.4	3.6	7.9	0.7166	8.4	1.7
4001	2020	62	4924.8	3.3	7.3	0.8014	3.8	6.3
4001	2020	63	9936	4.2	7.6	0.7705	4.7	0
4001	2020	64	7689.6	2.9	7.7	0.8103	4.3	0.3
4001	2020	65	9936	1.8	7.8	0.7826	5.3	0
4001	2020	66	3628.8	4.7	6.1	0.7801	10.5	2.3
4001	2020	67	11404.8	5.2	9.1	0.7689	5.9	0
4001	2020	68	3369.6	6.9	8.9	0.9371	7.6	4.5
4001	2020	69	9849.6	6.5	8.7	0.9286	5	5.7
4001	2020	70	3542.4	5.4	10.5	1.0044	8.6	6.1
4001	2020	71	13651.2	7	10.9	0.9262	6.7	0
4001	2020	72	11232	4.5	10	0.7538	11	1.3
4001	2020	73	10627.2	4.3	7.8	0.7035	10.3	0.8
4001	2020	74	14083.2	2.3	9.9	0.6306	4.6	0
4001	2020	75	6220.8	7.2	12.2	0.95	6.9	0
4001	2020	76	13824	6	9.5	0.917	3.7	0
4001	2020	77	7084.8	5.9	10.2	0.9037	5.2	0.1
4001	2020	78	3542.4	6.1	9.6	0.9445	6	4.6
4001	2020	79	10454.4	6	8.7	0.8821	3.7	0
4001	2020	80	9504	5	7.7	0.7565	7.8	0
4001	2020	81	14774.4	2.1	7.3	0.5039	7.7	0
4001	2020	82	17625.6	-0.1	7.1	0.4475	5.3	0
4001	2020	83	17712	-0.8	8.9	0.3917	5.1	0
4001	2020	84	17020.8	0.4	10	0.4156	5.4	0
4001	2020	85	17884.8	0.9	10.4	0.4653	4.7	0
4001	2020	86	17971.2	1.6	9.3	0.5039	4.9	0
4001	2020	87	17193.6	4.8	8.6	0.7553	7.4	0
4001	2020	88	16761.6	5.5	7.8	0.7723	10.8	0
4001	2020	89	18403.2	3.6	6.4	0.5145	14.4	0.3
4001	2020	90	14947.2	2.4	7.4	0.6495	8	0
4001	2020	91	19267.2	1.7	6.6	0.4684	4.3	0.2
4001	2020	92	11145.6	4.8	8.5	0.8016	6.9	0.1
4001	2020	93	13046.4	5.5	9.8	0.848	7.7	0.1
4001	2020	94	15984	5.3	8.2	0.6398	8.4	0
4001	2020	95	19008	4.7	13.4	0.8288	3.8	0
4001	2020	96	19958.4	5	18.6	0.7329	4.9	0
4001	2020	97	19440	7.9	22.8	1.0625	5	0.4
4001	2020	98	20217.6	7.6	12.6	1.0129	3.3	0
4001	2020	99	19267.2	8.1	15.3	1.0028	3	0
4001	2020	100	15897.6	6.4	12.4	0.9664	4.6	0
4001	2020	101	19958.4	5.4	8.9	0.779	3.9	0
4001	2020	102	19440	4.9	13.9	0.8604	3	0
4001	2020	103	19526.4	8.2	13.4	1.0095	4.2	0
4001	2020	104	18662.4	4.6	8.4	0.6289	14	0.2
4001	2020	105	14947.2	5.2	8.1	0.6648	8.3	0.1
4001	2020	106	22723.2	6.6	11.2	0.8661	6.5	0
4001	2020	107	19872	7.1	12.6	1.0204	4.7	0
4001	2020	108	22896	6.4	9	0.7668	5.6	0
4001	2020	109	23587.2	5.8	11.9	0.8177	7.5	0
4001	2020	110	24019.2	6.9	11.9	0.7779	8.1	0
4001	2020	111	24192	5.5	13.9	0.7696	7	0
4001	2020	112	24192	7.5	14.2	0.8181	8.2	0
4001	2020	113	24364.8	7.8	14.2	0.905	7	0
4001	2020	114	22809.6	7.9	16.9	1.0357	4.6	0
4001	2020	115	14688	7.7	10.5	0.9702	7.7	0
4001	2020	116	20822.4	7.7	10.4	0.9094	6.8	0
4001	2020	117	15811.2	7.2	10.3	0.7558	3	0
4001	2020	118	23155.2	6.9	15.5	1.0234	4.3	0
4001	2020	119	6825.6	7.2	10.5	0.9199	5.8	7.2
4001	2020	120	6220.8	7.3	10.7	1.0325	2.9	3
4001	2020	121	18835.2	8.3	13	1.0379	5	2.2
4001	2020	122	12096	8.1	12	0.9972	5.6	10
4001	2020	123	16934.4	8.5	11.5	1.0552	7.9	0.3
4001	2020	124	20908.8	8.6	11.9	1.0106	4.1	0
4001	2020	125	25056	8.1	11.1	0.8481	6.9	0
4001	2020	126	26438.4	7.7	10.5	0.7854	7.3	0
4001	2020	127	27475.2	8.3	11.3	0.8838	5.5	0
4001	2020	128	23673.6	8	11.7	0.8867	3.3	0
4001	2020	129	23760	8.2	17.2	0.9389	1.9	0
4001	2020	130	25401.6	9.2	15.8	1.2163	3.3	0
4001	2020	131	16416	7.3	14	1.0635	10.2	0
4001	2020	132	25315.2	5.8	9.4	0.6886	13.1	0
4001	2020	133	18144	6	11.2	0.7817	9.1	0.7
4001	2020	134	22896	6.9	10.2	0.7456	9.1	0
4001	2020	135	26611.2	7.2	9.7	0.6743	6.4	0
4001	2020	136	21081.6	7.5	12.3	0.9019	7.7	0
4001	2020	137	22032	9.5	14.8	1.0896	6.6	0
4001	2020	138	27907.2	9.4	15.5	1.068	6.8	0
4001	2020	139	17539.2	11.9	15.5	1.2684	5.9	0.1
4001	2020	140	17452.8	11.9	14.8	1.3164	4.3	0.1
4001	2020	141	20649.6	10	15.3	1.3453	2.3	0
4001	2020	142	27475.2	10.5	18.6	1.3567	3.7	0
4001	2020	143	9072	14.2	19.4	1.5093	4.9	8.9
4001	2020	144	24796.8	13.6	16.3	1.2053	7.5	0.1
4001	2020	145	21254.4	12.2	14.6	1.2285	9.7	0
4001	2020	146	20563.2	10.5	13.1	1.1201	8.4	0
4001	2020	147	26697.6	10	14.5	1.1395	3.2	0
4001	2020	148	23068.8	10.9	14.3	1.1806	6.3	0
4001	2020	149	29894.4	10.3	13.3	1.0233	7.5	0
4001	2020	150	29980.8	9.9	14.6	1.0968	7.3	0
4001	2020	151	30153.6	12.1	17.2	1.2822	6.3	0
4001	2020	152	24883.2	12.4	17.1	1.2067	5.9	0
4001	2020	153	27648	12.6	19.1	1.2589	6.6	0
4001	2020	154	27388.8	13.8	22.5	1.3313	4.5	0
4001	2020	155	19440	13.9	18.1	1.5071	7.9	0
4001	2020	156	5875.2	11.3	14.2	1.31	9.5	6
4001	2020	157	10022.4	8.9	13.3	1.0034	7.6	10.5
4001	2020	158	20563.2	8.7	15	0.9295	7.4	0.2
4001	2020	159	22723.2	11	14.7	1.126	6.4	0
4001	2020	160	29116.8	11.6	15.1	1.2092	4.9	0
4001	2020	161	28425.6	11	14.3	0.9505	3.6	0
4001	2020	162	13219.2	11.7	15.4	1.1941	6.5	1.6
4001	2020	163	4492.8	13.4	16.3	1.5687	7.2	8.7
4001	2020	164	20649.6	14.6	21.7	1.789	5.6	0
4001	2020	165	19785.6	15.9	22	1.9682	5.2	0.1
4001	2020	166	5961.6	15.3	18.7	1.8381	3.8	8
4001	2020	167	23846.4	15.3	19	1.6017	3	0
4001	2020	168	20563.2	14.9	17.9	1.6763	3.1	0
4001	2020	169	22982.4	12.8	19.3	1.6576	4.8	0
4001	2020	170	9763.2	15.1	22.5	1.9066	4.1	8.7
4001	2020	171	25228.8	15.1	19.2	1.5431	3.9	0
4001	2020	172	27993.6	13.8	18.7	1.4944	4.5	0
4001	2020	173	24624	13.9	25.3	1.6395	4.2	0.6
4001	2020	174	30240	13.9	19.3	1.4903	4.2	0
4001	2020	175	29894.4	13.2	21	1.3825	2.9	0
4001	2020	176	30412.8	15.6	25.4	1.7573	5	0
4001	2020	177	28944	17.8	23.8	1.8146	5.2	0
4001	2020	178	29721.6	19.1	29.6	1.794	3.8	0
4001	2020	179	14342.4	17.3	25.6	2.0669	2.8	16
4001	2020	180	20131.2	15.8	20.8	1.4069	6.8	0.4
4001	2020	181	15638.4	14	19.4	1.3289	7.5	10.6
4001	2020	182	9072	13.7	16.7	1.4491	7.7	0.8
4001	2020	183	21513.6	14.6	21.7	1.7474	6.1	0.4
4001	2020	184	15292.8	14.5	18.3	1.5273	3.7	2
4001	2020	185	14256	14	19.4	1.4428	5.7	0
4001	2020	186	5875.2	14.9	17.8	1.7082	8.3	2.4
4001	2020	187	13046.4	13.4	19.6	1.5183	9.4	6.5
4001	2020	188	19612.8	12.2	16.5	1.2413	11.6	2.6
4001	2020	189	12614.4	13.1	16.3	1.2195	8.2	4.2
4001	2020	190	13651.2	12.7	15.8	1.1846	3.6	1.4
4001	2020	191	8121.6	11.4	14.8	1.2499	3.6	22.7
4001	2020	192	15206.4	12	15.8	1.2691	7.7	1.4
4001	2020	193	28252.8	13.7	17	1.2193	6.5	0.2
4001	2020	194	28252.8	14.2	18	1.2609	4.4	0
4001	2020	195	28425.6	14	21.1	1.3221	2.8	1.8
4001	2020	196	7603.2	14.9	17.5	1.5264	4.3	2.8
4001	2020	197	10627.2	13.1	17.9	1.2838	3.4	0
4001	2020	198	26179.2	12.9	19.1	1.2892	2.7	0
4001	2020	199	25056	15.8	20.1	1.4175	2	0
4001	2020	200	21513.6	16.3	24.8	1.7386	3.2	0.1
4001	2020	201	18576	14.4	21.1	1.6026	4.5	0.6
4001	2020	202	25747.2	14.2	17.9	1.2022	5.9	0
4001	2020	203	24451.2	15	18.6	1.2227	6.3	0.1
4001	2020	204	24451.2	14.9	18.1	1.1622	4.6	0
4001	2020	205	13392	14.6	21.6	1.3272	4.2	0
4001	2020	206	23760	16.7	20.3	1.5735	5.9	0
4001	2020	207	12441.6	16	22.1	1.7605	4.8	17.8
4001	2020	208	23328	16.1	19.4	1.6229	6	2.7
4001	2020	209	10368	14.9	20.7	1.4856	4.9	1.4
4001	2020	210	17107.2	15.4	18.9	1.3673	8.4	0.8
4001	2020	211	19180.8	14.8	17.8	1.166	9.4	0
4001	2020	212	21772.8	15.3	20	1.3506	4.2	0
4001	2020	213	24969.6	14.7	22.8	1.5335	4	0
4001	2020	214	19267.2	17.3	24.9	1.8982	5.2	0
4001	2020	215	19267.2	16.3	20.1	1.6485	6	4
4001	2020	216	11491.2	13.2	18.7	1.3394	3.6	3.6
4001	2020	217	23068.8	13.1	18.2	1.1719	3.2	0.1
4001	2020	218	22896	15.4	24.5	1.5125	4.9	0
4001	2020	219	25228.8	18	24	1.688	3.6	0
4001	2020	220	25142.4	18.7	28.5	1.8314	3.9	0
4001	2020	221	21427.2	19.8	28.9	2.1285	3.2	0
4001	2020	222	23587.2	19.7	26.4	2.2779	5.2	0
4001	2020	223	23587.2	20.1	26.3	2.1568	5.1	0
4001	2020	224	23500.8	20.9	28.4	2.1051	5.4	0
4001	2020	225	23846.4	20.3	30.6	1.9804	5.5	0
4001	2020	226	21600	20.2	26.7	1.8726	5.9	1.2
4001	2020	227	13824	19.3	22.8	1.9671	4.4	4.2
4001	2020	228	22204.8	19.9	23.4	2.0923	5.5	0
4001	2020	229	18057.6	19.8	26.3	2.1936	3.7	6.2
4001	2020	230	6134.4	18.1	22	2.037	3	4.2
4001	2020	231	16416	17.6	22.5	1.8263	3.4	2.2
4001	2020	232	20563.2	17	24.7	1.7464	3.4	0
4001	2020	233	13219.2	19.7	25.9	2.0776	4.2	2.2
4001	2020	234	15897.6	21.3	26.9	2.0969	5.9	0
4001	2020	235	15552	17.2	22.2	1.6268	7.5	3.5
4001	2020	236	13651.2	15.5	19.8	1.5321	8.2	26.2
4001	2020	237	9072	15.2	19.5	1.5627	5.9	10.8
4001	2020	238	7948.8	12.1	18.3	1.3974	5.6	13.1
4001	2020	239	14083.2	15.8	19.8	1.6891	12.5	4.3
4001	2020	240	12960	14.1	18	1.2022	6.4	0.8
4001	2020	241	10972.8	13.7	20.3	1.5479	5	6
4001	2020	242	12960	13	19.3	1.4849	5.5	0.5
4001	2020	243	19094.4	12.7	19.7	1.4528	6.8	0.1
4001	2020	244	19267.2	14.6	18.5	1.2223	5.6	0
4001	2020	245	20390.4	13	19.1	1.1658	3.7	0
4001	2020	246	18921.6	11.9	19.3	1.2036	2.2	0
4001	2020	247	2678.4	13.9	17.8	1.5467	6.1	8.6
4001	2020	248	12441.6	15.8	19.5	1.5522	5.3	2
4001	2020	249	16588.8	13.1	17.6	1.2541	8	1.2
4001	2020	250	12873.6	12.7	17.5	1.217	6.3	3.7
4001	2020	251	15811.2	14.3	18.6	1.3453	4.5	0.5
4001	2020	252	15811.2	15.7	18.9	1.7747	6.1	0.3
4001	2020	253	5961.6	15.9	18.5	1.6656	7.6	1
4001	2020	254	2678.4	14.1	17.6	1.0971	4.9	0
4001	2020	255	13910.4	14	18.4	1.2138	4.1	0
4001	2020	256	10540.8	13.8	18	1.3532	6.8	0.4
4001	2020	257	13392	13.5	21	1.6315	5.5	0
4001	2020	258	16329.6	15.2	24.3	1.8617	3.4	0
4001	2020	259	15465.6	16.6	22.9	1.8157	2.2	0
4001	2020	260	11664	15.2	20.4	1.6891	8.2	0
4001	2020	261	15984	11.7	17	0.9636	6.6	0
4001	2020	262	17193.6	9.8	17.9	1.012	4.8	0
4001	2020	263	15379.2	11.9	19.4	1.1719	5.7	0
4001	2020	264	16329.6	12.5	19.2	1.3309	5.6	0
4001	2020	265	15724.8	11.8	20.2	1.4526	2.8	0
4001	2020	266	14947.2	11.7	20.4	1.4755	2	0
4001	2020	267	12096	13.8	20.7	1.5725	4.7	12
4001	2020	268	11836.8	13.1	17.4	1.2288	6.8	9.6
4001	2020	269	11750.4	9.9	14.1	1.0509	4.9	0.1
4001	2020	270	7344	8.1	16.2	1.1603	6.8	1.5
4001	2020	271	4233.6	12.7	16.9	1.4628	5.2	2.8
4001	2020	272	3283.2	12.5	14.6	1.4577	2.8	1.5
4001	2020	273	1728	11.4	15.9	1.4047	4.2	1
4001	2020	274	8121.6	11.2	17.6	1.4255	4.2	0.1
4001	2020	275	5961.6	11.9	17.1	1.3688	5	3.6
4001	2020	276	11577.6	9.3	17.1	1.2884	4.8	0
4001	2020	277	1987.2	10.5	15.7	1.3101	6	7.9
4001	2020	278	5616	9.4	14.5	1.1033	6.4	0.1
4001	2020	279	6652.8	10	14.3	1.1179	6.3	2.6
4001	2020	280	4579.2	11.6	14.1	1.3037	6.2	2.6
4001	2020	281	6048	11.5	15	1.2774	6.6	6.2
4001	2020	282	1468.8	10	15.3	1.2722	7.6	21.8
4001	2020	283	8380.8	9.9	14.6	1.0683	5.6	5.8
4001	2020	284	4147.2	8.3	11.7	0.957	6.5	7.6
4001	2020	285	3974.4	9.3	13.2	1.0134	6.9	8.8
4001	2020	286	7084.8	8.4	14	1.0101	5.2	0
4001	2020	287	8640	7.5	13.9	1.0542	3.6	0
4001	2020	288	6134.4	10.5	11.9	0.917	10.9	0
4001	2020	289	4060.8	9.1	11.4	0.8359	9.2	0
4001	2020	290	6912	7.8	11.9	0.8867	2.5	0.1
4001	2020	291	6048	7.8	12.1	0.9905	2	0
4001	2020	292	5875.2	8.9	13	0.9935	6.8	0.9
4001	2020	293	6480	8.6	11.8	1.0321	4.2	0
4001	2020	294	2246.4	7	12.7	1.0082	5.6	0.5
4001	2020	295	1468.8	12.2	16.6	1.4583	6.7	4.6
4001	2020	296	6652.8	11.7	14.9	1.2816	7.1	0
4001	2020	297	6134.4	9.6	13.5	1.197	5	1.2
4001	2020	298	4320	11.2	14.1	1.2575	6.2	1.9
4001	2020	299	1987.2	9.6	14.7	1.2028	6.7	1.3
4001	2020	300	3801.6	9.4	11.7	1.0565	6.1	0
4001	2020	301	5702.4	8.7	11.2	1.015	7.5	2.3
4001	2020	302	6566.4	9.6	12.6	1.0826	6.9	4
4001	2020	303	4752	7.9	12.1	1.0184	7.1	13
4001	2020	304	1036.8	11.7	13.7	1.3937	6.7	3.6
4001	2020	305	2073.6	12.1	13.7	1.3675	5.4	1.6
4001	2020	306	4233.6	10.1	15.8	1.2825	7	0.7
4001	2020	307	1987.2	11.9	17.3	1.3943	8.5	0.5
4001	2020	308	6393.6	8.2	12.2	0.8953	8.3	1.8
4001	2020	309	5616	8.6	11.9	0.9357	7.7	1
4001	2020	310	2937.6	9.7	11.5	1.0345	6.4	0.9
4001	2020	311	3283.2	8.2	12.1	1.1154	2.7	0
4001	2020	312	6134.4	5.6	10.3	0.9082	3.2	0
4001	2020	313	5788.8	7.2	12.2	0.9981	3.5	0
4001	2020	314	3283.2	5.3	9.1	0.9441	3.9	0
4001	2020	315	1123.2	4.8	5.6	0.8755	2.9	0.2
4001	2020	316	1728	4.9	10.7	1.0365	3	0
4001	2020	317	2592	8.4	11.3	1.0811	5.6	1.1
4001	2020	318	4060.8	6.3	11	0.9972	5.1	0.4
4001	2020	319	1555.2	8.5	12.5	1.1545	4.2	0.2
4001	2020	320	3628.8	8.7	15.1	1.1136	7.6	9.3
4001	2020	321	1641.6	9	11.6	1.0766	7.5	3.3
4001	2020	322	1641.6	9	12.4	1.1571	7.1	1
4001	2020	323	3024	10.5	12.8	1.1638	7	2.2
4001	2020	324	2505.6	6.2	11.1	0.8067	12	1.6
4001	2020	325	3628.8	5.4	9.2	0.7564	7	0.9
4001	2020	326	777.6	5.2	9.9	0.9358	8.3	4.4
4001	2020	327	2851.2	7.2	10.7	0.9033	7.8	1.9
4001	2020	328	3456	6.7	10.2	0.829	7.7	0
4001	2020	329	1814.4	5.8	9	0.8954	5.7	0
4001	2020	330	3628.8	4.4	7.6	0.8039	5.3	0
4001	2020	331	3369.6	5.5	10	0.917	3.5	0
4001	2020	332	1814.4	5.7	8.4	0.9043	2.2	0
4001	2020	333	777.6	1.2	6.3	0.7351	3.9	0
4001	2020	334	3974.4	0	4.9	0.5538	2.7	0
4001	2020	335	691.2	1	5.9	0.6806	6	7.5
4001	2020	336	1123.2	5.3	8.6	0.8982	6.9	0.8
4001	2020	337	1209.6	3.7	5.3	0.7579	3.7	0.4
4001	2020	338	518.4	3.4	5.6	0.7748	6.3	1.2
4001	2020	339	1900.8	3.1	7	0.7176	6.3	1.8
4001	2020	340	1900.8	1.9	5.5	0.7086	3.3	3.6
4001	2020	341	604.8	1.6	6.4	0.7562	4.3	5.2
4001	2020	342	604.8	3.8	6.1	0.8169	4.7	2.4
4001	2020	343	1296	2.3	4.9	0.7115	2.9	0
4001	2020	344	518.4	0.9	3.9	0.6535	3.2	0
4001	2020	345	1296	0.8	3.1	0.6258	3.7	0
4001	2020	346	1814.4	1.9	3.8	0.6223	5.5	0
4001	2020	347	604.8	2.2	4.3	0.7173	3.7	0.5
4001	2020	348	1036.8	3.5	6.4	0.8343	4.2	0.1
4001	2020	349	777.6	5.1	9.2	0.9105	6.7	5.2
4001	2020	350	518.4	6.9	8.4	0.9945	4.6	0.5
4001	2020	351	2678.4	5.2	8.8	0.9313	4.6	0.9
4001	2020	352	1123.2	6.5	8.7	0.9494	5.3	5
4001	2020	353	1728	5.4	8.5	0.8782	6.5	0
4001	2020	354	2937.6	4.9	9.9	0.8851	6.3	0
4001	2020	355	1814.4	6.6	8.7	0.9317	5.4	0
4001	2020	356	1555.2	4.5	8.7	0.8866	6.4	17.2
4001	2020	357	1468.8	5.7	9.9	0.9625	5.6	1.7
4001	2020	358	518.4	2.9	6.3	0.7972	5.4	17.6
4001	2020	359	1382.4	5.3	7.3	0.7444	10.2	0.6
4001	2020	360	2592	3.3	6.5	0.6149	6.5	0.6
4001	2020	361	950.4	4.2	5.9	0.7614	7	0.7
4001	2020	362	518.4	3.6	5.5	0.7437	11.3	5.6
4001	2020	363	1296	1.6	4.6	0.6944	3.3	1.5
4001	2020	364	518.4	1.3	4.5	0.6847	3.2	12.4
4001	2020	365	1728	3.8	5.6	0.7772	6.5	3.4
4001	2020	366	1987.2	2.9	5.6	0.7448	5.7	0.6
