*---------------------------------------------------------------------------*
* Station name: OBERSTDORF                              
* Year: 2002
* Author: Pedro Alencar                                   -999.000: NIL VALUE
* Source: ECAD 
* Comments: 
* Longitude: 47.3989, latitude: 47.3989, altitude: 806 m.
*
* Column  Daily value
* 1       station number
* 2       year
* 3       day
* 4       irradiation                   (kJ m-2 d-1)
* 5       minimum temperature           (degrees Celsius)
* 6       maximum temperature           (degrees Celsius)
* 7       early morning vapour pressure (kPa)
* 8       mean wind speed (height: 2 m) (m s-1)
* 9       precipitation                 (mm d-1)
*
** WCCDESCRIPTION=GERMANY, OBERSTDORF                              
** WCCFORMAT=2
** WCCYEARNR=2002
*---------------------------------------------------------------------------*
   47.3989  10.2767    806.  -0.18 -0.55
4002	2002	1	5788.8	-21.6	-7.7	0.169	1.3	0
4002	2002	2	5788.8	-18.2	-4.1	0.2246	1.5	0
4002	2002	3	5788.8	-21.1	-8.6	0.1643	0.8	0
4002	2002	4	5875.2	-22.6	-3.4	0.189	1	0
4002	2002	5	5961.6	-15	-1.2	0.289	1	0
4002	2002	6	5961.6	-17.1	0.4	0.2835	0.9	0
4002	2002	7	6134.4	-15.8	-1.7	0.2684	1.1	0
4002	2002	8	6134.4	-16.9	-3.7	0.2431	0.8	0
4002	2002	9	6220.8	-14.8	-2.5	0.2737	0.9	0
4002	2002	10	6220.8	-15.6	-3.3	0.2511	1.1	0
4002	2002	11	6134.4	-15.8	-0.8	0.2715	1	0
4002	2002	12	3628.8	-12	2.9	0.3751	0.7	0
4002	2002	13	3801.6	-10.6	2.4	0.3971	0.4	0
4002	2002	14	3974.4	-16.4	-3.5	0.2643	0.6	0
4002	2002	15	6480	-18.2	-2.5	0.2338	0.7	0
4002	2002	16	5011.2	-15.4	2.2	0.306	0.9	0
4002	2002	17	4579.2	-8.6	3.2	0.4309	0.9	0
4002	2002	18	6739.2	-15.1	1.4	0.3074	1	0
4002	2002	19	3369.6	-12.5	3.6	0.3516	1.3	1.7
4002	2002	20	5443.2	-1.3	5.3	0.6281	1.8	3
4002	2002	21	3628.8	-3.7	6.2	0.5885	1.7	2.3
4002	2002	22	6825.6	-5.2	9.6	0.5798	1.7	0.1
4002	2002	23	6048	-5.3	5.1	0.5156	1	0
4002	2002	24	4233.6	1	9.7	0.7149	1.7	0.9
4002	2002	25	5097.6	-2.4	6.7	0.6491	1.4	0.3
4002	2002	26	6134.4	-1.8	9.9	0.5957	1.9	0
4002	2002	27	2505.6	2.2	9.3	0.7534	2.4	20.4
4002	2002	28	6220.8	0.2	10.2	0.7694	2.5	0
4002	2002	29	7948.8	-4.6	10.5	0.5738	1.7	0
4002	2002	30	7776	-2.9	10.7	0.5571	1.4	0
4002	2002	31	4579.2	-0.8	9.9	0.5493	1.9	1.4
4002	2002	32	5875.2	-1.2	8.4	0.6641	1.7	0.1
4002	2002	33	8467.2	-3.3	10.7	0.6369	1.1	0
4002	2002	34	7862.4	-3.8	16.5	0.5458	2.5	0
4002	2002	35	6566.4	-3	10	0.5181	1.6	0
4002	2002	36	5270.4	-3.4	12.5	0.5916	1.3	0
4002	2002	37	2851.2	0.1	7.1	0.7036	0.8	21.1
4002	2002	38	2937.6	-2.6	2.3	0.5681	0.5	3.2
4002	2002	39	2937.6	-2.8	4.8	0.6174	2.1	2.8
4002	2002	40	6566.4	1.7	9.4	0.8155	2.2	7.1
4002	2002	41	3024	1.4	5.8	0.6245	2.4	1.2
4002	2002	42	6048	0.5	13.2	0.7731	2.2	0
4002	2002	43	9072	1.1	12.2	0.6941	3.1	0
4002	2002	44	5011.2	1.1	11.8	0.7425	1.6	0
4002	2002	45	3196.8	0.5	4.8	0.6726	1	0
4002	2002	46	3283.2	-3.3	1.5	0.5264	1.2	0
4002	2002	47	3283.2	-3.7	1.9	0.515	1	0
4002	2002	48	9936	-5.7	9	0.5231	1.1	0
4002	2002	49	9590.4	-3.3	8.1	0.5591	1.6	3.3
4002	2002	50	7344	-0.7	3.5	0.5814	1.7	8.4
4002	2002	51	3542.4	0.1	3.5	0.647	1.4	24.5
4002	2002	52	3542.4	-5.9	2.6	0.4874	2.2	6
4002	2002	53	6134.4	-15.7	2.5	0.3358	1.5	10.9
4002	2002	54	3715.2	-0.5	5.3	0.5954	2.3	18.2
4002	2002	55	3715.2	-4.7	-0.2	0.439	2.4	13.3
4002	2002	56	3801.6	-2.5	2.9	0.5765	1.7	12.2
4002	2002	57	5097.6	-0.7	8.1	0.6927	1.8	6.4
4002	2002	58	3888	0.7	5.7	0.7224	1.4	17.9
4002	2002	59	6307.2	-1.8	5.3	0.6447	2.1	0.9
4002	2002	60	11318.4	-3.7	8.3	0.5912	1.1	0.8
4002	2002	61	4060.8	0.4	3.6	0.6634	0.9	5.9
4002	2002	62	4147.2	-4.3	1	0.509	1.3	1.2
4002	2002	63	14947.2	-7.1	6.7	0.5119	1.6	0
4002	2002	64	12700.8	-4.4	12.4	0.6668	1.4	0
4002	2002	65	10368	-2.6	12.2	0.6966	1.5	0
4002	2002	66	10713.6	3	12.3	0.7538	2.2	0.6
4002	2002	67	14688	-1.1	12.5	0.7324	1.8	0.5
4002	2002	68	13824	-3.3	14.3	0.6682	1.6	2.5
4002	2002	69	14860.8	-4.4	12.1	0.5552	1.3	0
4002	2002	70	15292.8	-5.1	17.7	0.5535	1.9	0
4002	2002	71	14601.6	-3.7	17.6	0.5788	1.5	0
4002	2002	72	14601.6	-1.1	18.4	0.6499	1.6	0
4002	2002	73	10281.6	-1	18.2	0.7258	1.8	0
4002	2002	74	13392	-0.3	16.3	0.7505	1.6	0
4002	2002	75	14774.4	-1.6	15.4	0.7061	1.8	0
4002	2002	76	17193.6	-1.7	17	0.7014	1.8	0
4002	2002	77	17798.4	-2.9	17.1	0.6251	1.5	3
4002	2002	78	5097.6	5.6	11.9	1.004	2.7	78.5
4002	2002	79	5097.6	7.4	12.9	1.0287	2.1	14.3
4002	2002	80	6048	6.4	10.1	0.9924	2.7	25.5
4002	2002	81	5270.4	0	6.5	0.6787	2.8	20.6
4002	2002	82	5270.4	-2.6	1.1	0.5264	1.7	11.9
4002	2002	83	7776	-3	0.2	0.4909	1.9	2.5
4002	2002	84	11836.8	-8.2	1.6	0.3929	1	0
4002	2002	85	19699.2	-9.3	4.2	0.4003	1.1	0
4002	2002	86	18403.2	-6.3	6.1	0.4853	1.5	0
4002	2002	87	19180.8	-6.4	9.8	0.5457	1.3	0
4002	2002	88	19267.2	-4.9	15.6	0.554	1.6	0
4002	2002	89	19353.6	-4.1	15.6	0.5972	1.5	0
4002	2002	90	19785.6	-0.6	13.9	0.6354	1.6	0
4002	2002	91	20649.6	-2.7	15	0.6328	1.3	0
4002	2002	92	19526.4	-2.9	18.1	0.6886	1.4	0
4002	2002	93	21254.4	-1.7	17.7	0.6218	1.8	0
4002	2002	94	20476.8	-2	15.8	0.6365	2.4	0
4002	2002	95	16243.2	-3	11.4	0.6102	2.4	0
4002	2002	96	21772.8	-5.4	8.9	0.4852	1.9	0
4002	2002	97	18748.8	-7.7	10.6	0.4613	1.1	0.5
4002	2002	98	6220.8	-0.6	6.3	0.6448	0.6	2.4
4002	2002	99	12787.2	-3	9.9	0.5945	1.6	0
4002	2002	100	20131.2	-5.3	10.7	0.5638	1.8	0
4002	2002	101	19526.4	-4.8	14.9	0.6563	1.3	0
4002	2002	102	8726.4	2.4	13.9	0.8665	1.3	1.1
4002	2002	103	6480	3	7.4	0.8401	1.5	6.5
4002	2002	104	6566.4	0.2	7.1	0.6982	1.8	9.4
4002	2002	105	9849.6	-2.5	4.3	0.5804	1	0.8
4002	2002	106	14515.2	-2.5	7.8	0.5618	1.1	0
4002	2002	107	6739.2	1.8	9	0.7084	1.2	0
4002	2002	108	15120	-1.8	12.4	0.6501	1.8	0
4002	2002	109	7516.8	-0.5	8.7	0.6551	2.1	2.5
4002	2002	110	6912	1.6	4.8	0.7071	0.5	5
4002	2002	111	18576	0.5	13.7	0.8066	1.5	0
4002	2002	112	21772.8	-1.1	15.2	0.7838	2.4	0
4002	2002	113	17971.2	-0.9	16.3	0.6933	1.8	10.1
4002	2002	114	7084.8	5.6	8.9	0.8964	3.5	24.8
4002	2002	115	10972.8	5.9	11.7	1.0526	2.3	10.2
4002	2002	116	15724.8	5.5	19	1.0825	2.2	17.8
4002	2002	117	16934.4	0.6	10.2	0.6098	3	0.1
4002	2002	118	19440	-1.7	15.8	0.6632	2.1	0
4002	2002	119	15292.8	0.4	13.9	0.7993	2.2	5.5
4002	2002	120	25228.8	3.2	18.5	0.896	1.9	0
4002	2002	121	20390.4	4.1	18.6	0.8725	3.1	0
4002	2002	122	7430.4	7.4	11.2	1.0068	1.9	2.4
4002	2002	123	7516.8	6.7	10.4	1.0239	2	11.7
4002	2002	124	9849.6	4.4	8.1	0.8654	1.8	12
4002	2002	125	7603.2	3.2	7.7	0.7738	1.5	3.7
4002	2002	126	25920	1.4	13.7	0.8006	2	0
4002	2002	127	27216	-0.7	19	0.8228	1.9	0
4002	2002	128	17366.4	5.9	22.4	0.9835	2.4	0
4002	2002	129	17625.6	10.3	22.6	1.0277	2.8	0
4002	2002	130	22118.4	4	19.9	0.9916	2.4	0
4002	2002	131	15724.8	2.8	15.5	0.9735	1.7	4.4
4002	2002	132	14688	7.2	16.1	1.1501	1.7	0.2
4002	2002	133	24451.2	6.1	20	1.2008	2.1	0
4002	2002	134	19267.2	4.6	18.3	0.9594	2	0
4002	2002	135	27907.2	3.8	20.8	0.8717	2.5	0
4002	2002	136	28771.2	2.2	24.2	0.9549	2.4	0
4002	2002	137	28944	4.9	26.7	1.0219	1.9	0
4002	2002	138	14774.4	9.5	23.1	1.3511	2.6	38.1
4002	2002	139	8035.2	9.1	14.1	1.2146	1.9	4
4002	2002	140	16588.8	5	17.7	1.0873	2	0
4002	2002	141	29203.2	3.3	22.5	1.0999	2	0
4002	2002	142	23673.6	6.7	23.9	0.8334	3.5	0
4002	2002	143	9763.2	6.4	18.1	1.0968	2.1	9
4002	2002	144	15465.6	5.5	15	1.0231	1.2	0.9
4002	2002	145	17107.2	5.1	19	1.1668	1.6	16.2
4002	2002	146	13564.8	6	13.5	0.9774	1.3	2.9
4002	2002	147	8294.4	4.9	10.1	0.9222	0.9	14.6
4002	2002	148	13132.8	4.1	11.2	0.9422	1.2	8.1
4002	2002	149	12614.4	3.6	15.3	0.9106	1.3	0
4002	2002	150	27216	3	20.2	1.0099	1.6	0
4002	2002	151	27734.4	5.5	21.1	1.068	2.1	0
4002	2002	152	29376	4.3	22.8	1.0545	2.1	0
4002	2002	153	29376	5.1	22.1	1.089	2.3	0
4002	2002	154	18662.4	5.1	22	1.163	1.8	9.5
4002	2002	155	25056	11.4	25	1.4399	2.2	0.1
4002	2002	156	15033.6	10.3	27.5	1.2645	3.3	0.4
4002	2002	157	19440	9.3	21.8	1.3585	2	11.8
4002	2002	158	12355.2	9	12.9	1.1765	1.6	6.6
4002	2002	159	15638.4	8.2	17.2	1.2323	1.4	4.3
4002	2002	160	9331.2	10	14.5	1.2962	1.5	30.1
4002	2002	161	11404.8	8.1	12.1	1.0746	1.9	4.2
4002	2002	162	22550.4	6.4	18.8	1.0202	1.7	0
4002	2002	163	27820.8	6.2	24.2	1.1559	1.8	0
4002	2002	164	25142.4	9.4	25.7	1.3622	2.1	0
4002	2002	165	30412.8	10.5	27.5	1.3821	2.4	0
4002	2002	166	29289.6	10.1	28.8	1.3987	2.3	2.8
4002	2002	167	22291.2	13.7	25.9	1.7983	1.9	1.1
4002	2002	168	29980.8	10.7	31.3	1.5143	1.7	0
4002	2002	169	28166.4	11	31.8	1.501	2.3	0
4002	2002	170	23673.6	13.1	30	1.8742	2.2	8.8
4002	2002	171	23587.2	12.1	28.7	1.7705	2.2	3.2
4002	2002	172	23241.6	12.8	27.3	1.7795	1.9	0
4002	2002	173	27820.8	13.8	28.1	1.7819	2.4	0
4002	2002	174	27043.2	15.2	30.3	1.8504	2	16.4
4002	2002	175	9763.2	14.2	22.8	1.8712	1.8	10
4002	2002	176	14169.6	11	19.9	1.4901	1.8	0.1
4002	2002	177	28166.4	8.1	23.8	1.3575	2.1	0
4002	2002	178	24278.4	9.5	24.6	1.4751	2.3	25.3
4002	2002	179	9417.6	7.3	14.3	1.2036	1.7	18.7
4002	2002	180	19526.4	5.4	17.2	1.0034	1.7	0
4002	2002	181	29289.6	4.1	21	1.075	2	0
4002	2002	182	28771.2	8.7	22.7	1.2825	2.4	0.8
4002	2002	183	8553.6	11.5	18.6	1.4865	1.7	1
4002	2002	184	20995.2	11.7	22.4	1.6304	1.7	43.1
4002	2002	185	14083.2	5	15.7	0.9797	1.7	0.4
4002	2002	186	30240	3.6	22.4	1.1221	2	0.8
4002	2002	187	7257.6	9.5	15.2	1.3191	1.1	19.2
4002	2002	188	26956.8	10	21.9	1.3756	2.3	0
4002	2002	189	29289.6	7.8	27.3	1.3822	2.3	0
4002	2002	190	26265.6	11.6	27.5	1.6117	2.4	0.2
4002	2002	191	19440	11.6	26.6	1.7659	1.8	2.8
4002	2002	192	19872	11	21.5	1.439	2.1	0.4
4002	2002	193	23932.8	9.9	23.9	1.4228	1.9	10.1
4002	2002	194	7948.8	11.7	17.1	1.5075	1.4	10.9
4002	2002	195	12787.2	9.5	18.6	1.3776	1.3	1.2
4002	2002	196	16761.6	14.6	22.3	1.7381	2.4	0
4002	2002	197	13132.8	12.4	21.6	1.6833	1.8	19.7
4002	2002	198	7084.8	13	18.1	1.5526	1.6	6
4002	2002	199	11577.6	10.1	19.3	1.42	1.6	4.7
4002	2002	200	27475.2	7.6	21.4	1.3028	2	0
4002	2002	201	29030.4	8	25.6	1.28	1.9	0
4002	2002	202	17452.8	8.9	23.6	1.3468	1.7	7.5
4002	2002	203	23846.4	11.8	20.9	1.3739	2.5	0
4002	2002	204	26611.2	8.3	24.9	1.3582	1.8	0
4002	2002	205	10108.8	12.1	22	1.5528	1.6	11.1
4002	2002	206	7689.6	10.1	14.7	1.3234	2	41.7
4002	2002	207	6825.6	9.4	15.7	1.2639	1.7	1.3
4002	2002	208	17798.4	10	22.7	1.5039	1.5	0
4002	2002	209	26352	8.3	25.9	1.4993	2.1	0
4002	2002	210	23760	10.7	26.8	1.6198	2.4	0
4002	2002	211	19958.4	11.2	26.9	1.7825	2.2	9.2
4002	2002	212	19180.8	11.6	23.7	1.7337	1.9	26.5
4002	2002	213	13132.8	12.6	21	1.643	1.8	14
4002	2002	214	22464	9.5	21.9	1.3894	1.8	0
4002	2002	215	18748.8	9	23.8	1.4342	1.9	15.9
4002	2002	216	18835.2	13.1	21.9	1.7174	1.9	11.7
4002	2002	217	12700.8	11.8	20.9	1.4854	1.3	0.5
4002	2002	218	6480	11.7	15.1	1.4128	1	25.6
4002	2002	219	6480	10.9	13.2	1.3074	1.7	5.7
4002	2002	220	14342.4	9.5	19.4	1.348	1.5	0
4002	2002	221	9936	8.7	19.2	1.3687	1	15.6
4002	2002	222	8553.6	10	16	1.3615	0.9	27.3
4002	2002	223	6307.2	10	13	1.2744	1.5	67.1
4002	2002	224	6998.4	11.3	14.9	1.3403	1.9	20.7
4002	2002	225	11491.2	10.4	18.1	1.3793	1.4	1.1
4002	2002	226	25142.4	6	21.1	1.1785	2.3	0
4002	2002	227	24364.8	6	22.7	1.2739	1.9	0
4002	2002	228	22291.2	7.2	24	1.3806	1.9	0
4002	2002	229	22204.8	8.4	24.4	1.4715	2	0
4002	2002	230	24105.6	8.7	25.2	1.4466	2	0
4002	2002	231	21859.2	6.6	27	1.3374	1.7	0
4002	2002	232	16416	9.2	25.9	1.5625	2	14.2
4002	2002	233	5961.6	10.6	16.2	1.3974	1.4	4.5
4002	2002	234	23414.4	7.2	21.1	1.3059	1.9	0
4002	2002	235	16243.2	7.9	21.6	1.4246	1.4	17.3
4002	2002	236	12700.8	9.2	23	1.535	1.5	3.4
4002	2002	237	19267.2	9.3	24.2	1.6378	1.7	14
4002	2002	238	15811.2	9.5	26.6	1.7365	1.4	3.8
4002	2002	239	5616	11.9	17.7	1.5132	1.3	4.5
4002	2002	240	11059.2	10.5	20.3	1.5028	1.6	0.1
4002	2002	241	13392	11.4	20.7	1.5301	1	0
4002	2002	242	20563.2	9.3	23.8	1.542	1.9	0
4002	2002	243	12268.8	11.1	21.6	1.6339	1.3	12.6
4002	2002	244	5961.6	12	15.3	1.4672	1.8	14.2
4002	2002	245	8812.8	11.7	16.2	1.4165	1.3	1.1
4002	2002	246	6566.4	9.1	15.6	1.3191	1	1.2
4002	2002	247	12873.6	8.7	20.3	1.3358	1.4	12.7
4002	2002	248	20476.8	8.4	20.4	1.3108	2	0
4002	2002	249	14083.2	7.9	19.2	1.3336	1.4	0
4002	2002	250	15984	10.1	20.9	1.4773	1.1	0.9
4002	2002	251	16848	7.5	22.7	1.4056	1.4	1.4
4002	2002	252	15033.6	6.7	23.4	1.384	1.6	23
4002	2002	253	5443.2	9.8	13.9	1.2625	1.6	3.2
4002	2002	254	6739.2	9.6	14.5	1.2652	1	0.2
4002	2002	255	17712	4.9	19.3	1.1706	1.9	0
4002	2002	256	16070.4	3.1	16.7	1.0116	1.3	0
4002	2002	257	18662.4	1.8	17.3	0.9524	1.6	0
4002	2002	258	5184	2.7	12.1	0.9365	1	2.1
4002	2002	259	17539.2	0.6	15.6	0.8744	1.4	0
4002	2002	260	18748.8	1.6	19.2	1.0334	1.5	0
4002	2002	261	18489.6	1.8	22.2	1.0929	1.8	4.4
4002	2002	262	5011.2	9	15	1.3171	1.8	29.9
4002	2002	263	5529.6	11.6	16.6	1.5106	2.1	31.6
4002	2002	264	6998.4	11.2	16.6	1.4436	1.2	34.3
4002	2002	265	4838.4	5.2	11.7	1.028	1.4	22.5
4002	2002	266	4752	2.6	7.6	0.7904	1	16.8
4002	2002	267	4665.6	0.2	4.7	0.685	2.1	12.9
4002	2002	268	4665.6	0.1	4.5	0.6561	0.7	1.9
4002	2002	269	4579.2	2.5	5.7	0.7697	2.3	16.8
4002	2002	270	4492.8	4.9	7.5	0.8719	2.4	7
4002	2002	271	12700.8	-0.5	11.3	0.7622	1.3	0
4002	2002	272	16243.2	-2.8	13	0.7201	1.6	0
4002	2002	273	15984	-2.8	16.4	0.7704	1.6	0
4002	2002	274	15811.2	-1.5	17.8	0.834	1.5	0
4002	2002	275	13910.4	0.2	17.9	0.9094	1.5	0
4002	2002	276	12355.2	4.2	18.6	1.0505	1.5	1.5
4002	2002	277	4147.2	7	12.4	1.1184	1.1	10.3
4002	2002	278	6998.4	6.4	12	1.0233	1.3	7
4002	2002	279	4060.8	4.9	7.8	0.8906	1.8	20.5
4002	2002	280	5443.2	1.8	8.4	0.7991	1.5	0.5
4002	2002	281	13219.2	-1.6	11.9	0.7579	1.3	0
4002	2002	282	13305.6	-2	15.2	0.8184	1.2	0
4002	2002	283	11404.8	1.1	12.3	0.8927	1.3	1
4002	2002	284	3801.6	6.2	8.2	0.9543	1.2	5.3
4002	2002	285	3715.2	4.8	8.5	0.9287	1	5.1
4002	2002	286	11404.8	2.1	13	0.8838	1.7	1.1
4002	2002	287	3628.8	4.2	10.2	0.9543	1.1	15.1
4002	2002	288	5616	9.1	15.1	1.2976	1.7	0
4002	2002	289	12268.8	5.7	20.2	1.2377	1.4	3.8
4002	2002	290	3456	3.5	12.7	0.9823	1.8	29.4
4002	2002	291	7430.4	3.4	9.8	0.7891	1.3	8
4002	2002	292	4838.4	-2.2	6.1	0.6329	1.6	3.8
4002	2002	293	4060.8	-3.4	7	0.6261	0.6	0
4002	2002	294	4838.4	1.8	16.6	0.9419	1.5	2.5
4002	2002	295	7776	5.6	16.9	1.1068	1.5	0
4002	2002	296	6220.8	4.4	16	1.0197	1.6	14.1
4002	2002	297	6652.8	2.4	10.5	0.81	1.1	0.3
4002	2002	298	4147.2	3.6	14.3	0.9262	2.1	4.2
4002	2002	299	8294.4	3.2	13.8	0.732	3.6	0
4002	2002	300	4924.8	1.5	22	0.8683	3.1	4.5
4002	2002	301	3974.4	-1.9	9	0.5593	2.5	0.2
4002	2002	302	9936	-4.2	17.4	0.7015	0.8	0
4002	2002	303	7430.4	1	18.2	0.7764	1.6	0
4002	2002	304	5356.8	2.9	14.4	0.9188	1.1	0
4002	2002	305	9590.4	1.2	15.4	0.9191	1.3	1.4
4002	2002	306	2764.8	4.2	8.8	0.9095	2.2	35.3
4002	2002	307	2678.4	6	13.2	1.0751	1.9	24
4002	2002	308	2678.4	2	7.5	0.7799	1.5	21.9
4002	2002	309	2592	0.2	3.2	0.6493	1.2	5.4
4002	2002	310	7862.4	-4.3	7.6	0.5988	1.2	0
4002	2002	311	2505.6	-5.6	1.8	0.4997	0.9	21.2
4002	2002	312	5529.6	-5.4	2.7	0.5093	1.7	1.9
4002	2002	313	2505.6	-3.3	3.9	0.587	1.3	26.4
4002	2002	314	4147.2	0.1	6.3	0.6994	2	11.7
4002	2002	315	2419.2	3.1	8.6	0.8696	2	15.7
4002	2002	316	7948.8	-2.4	9.8	0.7165	1.5	0
4002	2002	317	5616	-2.6	12.1	0.7456	0.8	0
4002	2002	318	4924.8	-1.1	15.7	0.7053	2.4	3.6
4002	2002	319	4492.8	0.8	12.4	0.906	0.6	0
4002	2002	320	2246.4	1.3	11.6	0.8967	1	12.2
4002	2002	321	5961.6	-0.1	12.1	0.8506	0.8	0
4002	2002	322	2160	-1.3	4.6	0.6538	0.4	14.5
4002	2002	323	2160	1.6	4.6	0.7173	1.6	4
4002	2002	324	6912	-1.6	9.1	0.7351	1	0
4002	2002	325	2937.6	-0.4	16.1	0.7004	2.7	0
4002	2002	326	2073.6	0.3	6.2	0.7019	1.6	10.1
4002	2002	327	6307.2	-2.4	7.9	0.6849	1.2	0
4002	2002	328	3888	-0.1	8.6	0.7531	0.5	0
4002	2002	329	4924.8	0.8	18.4	0.9317	1.9	0.1
4002	2002	330	1987.2	4.5	6.7	0.8638	0.7	1
4002	2002	331	3542.4	1	10.9	0.885	0.8	1.7
4002	2002	332	6307.2	-1	11.7	0.84	0.7	2.9
4002	2002	333	1900.8	1.8	6.3	0.767	1.9	18.7
4002	2002	334	1900.8	1.9	5.7	0.7537	1	1.1
4002	2002	335	6220.8	-4.2	5.8	0.5892	1.2	1.5
4002	2002	336	1987.2	-1.8	3.1	0.5956	1	7.1
4002	2002	337	1987.2	-1.2	1.7	0.5849	0.3	1.7
4002	2002	338	1987.2	-1	0.9	0.5601	1.3	0
4002	2002	339	1900.8	-0.7	1	0.5806	0.3	0
4002	2002	340	1900.8	0.4	2.2	0.6309	1	0
4002	2002	341	1900.8	-0.9	0.8	0.5662	1.3	0
4002	2002	342	1900.8	-1.9	-0.4	0.5225	1.3	0
4002	2002	343	1900.8	-6.8	-1.6	0.4075	1.5	0
4002	2002	344	5788.8	-8.5	2.5	0.441	0.3	0
4002	2002	345	5702.4	-9.5	-1.7	0.3706	0.2	0
4002	2002	346	5702.4	-8.1	5	0.5073	0.9	0
4002	2002	347	4320	-4.9	4.8	0.5662	0.7	0
4002	2002	348	4579.2	-5.4	5.5	0.558	0.5	0
4002	2002	349	1814.4	-3.2	4.2	0.5829	0.7	0.9
4002	2002	350	2160	0.5	4.5	0.6874	0.9	30.4
4002	2002	351	1814.4	0.5	4	0.6753	1.5	1.4
4002	2002	352	1814.4	-1.2	1.4	0.5785	1.1	0.3
4002	2002	353	5529.6	-6.2	1.7	0.4714	1.3	0
4002	2002	354	5270.4	-6.2	6.2	0.5499	1.6	0.3
4002	2002	355	1814.4	1.9	5.5	0.7484	2.3	12.4
4002	2002	356	1814.4	1.9	10.5	0.9004	1.3	14.4
4002	2002	357	4320	2	10.8	0.8648	2.1	0
4002	2002	358	2160	1.9	8.6	0.8164	0.8	0.9
4002	2002	359	1814.4	-1.3	5.2	0.668	0.3	0
4002	2002	360	3196.8	-2.5	5.3	0.6355	0.4	0
4002	2002	361	1814.4	-0.7	15.5	0.7101	2.2	0
4002	2002	362	1900.8	3	11.3	0.86	1.7	20.6
4002	2002	363	2505.6	2.6	6.7	0.7659	1.9	8.3
4002	2002	364	1900.8	5	9.5	0.9474	1.7	10.2
4002	2002	365	1900.8	2	5.8	0.759	1.5	11.8
