*---------------------------------------------------------------------------*
* Station name: OBERSTDORF                              
* Year: 1985
* Author: Pedro Alencar                                   -999.000: NIL VALUE
* Source: ECAD 
* Comments: 
* Longitude: 47.3989, latitude: 47.3989, altitude: 806 m.
*
* Column  Daily value
* 1       station number
* 2       year
* 3       day
* 4       irradiation                   (kJ m-2 d-1)
* 5       minimum temperature           (degrees Celsius)
* 6       maximum temperature           (degrees Celsius)
* 7       early morning vapour pressure (kPa)
* 8       mean wind speed (height: 2 m) (m s-1)
* 9       precipitation                 (mm d-1)
*
** WCCDESCRIPTION=GERMANY, OBERSTDORF                              
** WCCFORMAT=2
** WCCYEARNR=1985
*---------------------------------------------------------------------------*
   47.3989  10.2767    806.  -0.18 -0.55
4002	1985	1	1900.8	-14.4	-2.2	0.2944	0.9	8.6
4002	1985	2	1900.8	-6	-1.7	0.423	0.8	13.4
4002	1985	3	1900.8	-9.5	-6	0.2868	0.4	0.6
4002	1985	4	1900.8	-14.5	-6.1	0.2515	0.6	8.7
4002	1985	5	4665.6	-24.3	-13	0.118	0.1	0
4002	1985	6	6134.4	-25.8	-13	0.1053	0.1	0
4002	1985	7	4320	-26	-14.4	0.1032	0	0
4002	1985	8	5788.8	-27.1	-17.3	0.0877	0	0
4002	1985	9	6220.8	-26.2	-11.6	0.1086	0.1	0
4002	1985	10	5529.6	-22.1	-7.6	0.1585	0.1	0
4002	1985	11	5270.4	-19.1	-5.9	0.1898	0.1	0
4002	1985	12	2851.2	-20.3	-7.3	0.1665	0.2	0.5
4002	1985	13	2592	-12.2	-8.9	0.2301	0.6	0.3
4002	1985	14	2073.6	-13.7	-11.6	0.1875	0.4	0
4002	1985	15	4752	-21.4	-9.3	0.1521	0.1	0
4002	1985	16	4147.2	-18.5	-7.2	0.189	0	0
4002	1985	17	2764.8	-15	-2.4	0.2758	0	0
4002	1985	18	4924.8	-10.4	0	0.3529	0.1	0
4002	1985	19	2246.4	-2.8	1.9	0.5499	0.2	1.4
4002	1985	20	3801.6	-2.8	2.9	0.4967	0.3	0
4002	1985	21	6134.4	-4.8	5	0.5108	0.2	0
4002	1985	22	2851.2	0	6.3	0.6739	0.6	4.5
4002	1985	23	2332.8	1.1	3.9	0.7021	0.6	20.5
4002	1985	24	2419.2	-10	2.1	0.4107	0.9	4.4
4002	1985	25	5097.6	-13.3	4.3	0.3503	0.3	0
4002	1985	26	2419.2	-4.2	6.9	0.5119	1.1	2
4002	1985	27	2505.6	-3.2	2	0.5381	0.7	3.4
4002	1985	28	3283.2	-9.5	1.5	0.3864	0.3	0.3
4002	1985	29	7948.8	-4.2	6.4	0.5094	0.5	0
4002	1985	30	2592	-7.7	3.7	0.4591	1	6.5
4002	1985	31	7084.8	-2.6	9.3	0.5903	1.3	30.3
4002	1985	32	2678.4	1.2	5.2	0.7071	1.6	23.7
4002	1985	33	2678.4	2.2	7	0.7463	1.9	40.3
4002	1985	34	2764.8	0.2	6.4	0.6656	0.4	0.9
4002	1985	35	8553.6	-2.6	7	0.5369	0.3	0
4002	1985	36	8812.8	-4	11.7	0.5471	0.6	0
4002	1985	37	2851.2	-0.5	4.6	0.5949	0.9	13.6
4002	1985	38	6307.2	0.9	7.7	0.6644	0.7	0
4002	1985	39	2937.6	-0.6	4.2	0.6331	0.4	16.2
4002	1985	40	3024	2.7	6.4	0.7437	0.9	12.5
4002	1985	41	3024	-7.2	4	0.4674	1.3	1.8
4002	1985	42	3110.4	-9.6	-7.1	0.2541	1.1	1.2
4002	1985	43	9331.2	-13	-4.7	0.2413	0.4	0
4002	1985	44	8640	-14.1	1.3	0.3069	0.1	5
4002	1985	45	3196.8	-2.4	1.4	0.542	0.4	27.2
4002	1985	46	3283.2	-11	0.6	0.3654	1	4.2
4002	1985	47	11232	-17.8	-3.1	0.2182	0.1	0
4002	1985	48	7516.8	-12.8	-4.2	0.2512	0.2	0
4002	1985	49	7603.2	-11.9	-6.7	0.2238	0.7	0.1
4002	1985	50	11923.2	-20.6	-6.2	0.1633	0.1	0
4002	1985	51	12096	-19.1	-3.5	0.191	0.3	0
4002	1985	52	12268.8	-16.7	0.6	0.2435	0.4	0
4002	1985	53	12182.4	-13.4	0.8	0.2864	0.6	0
4002	1985	54	12441.6	-14	5.5	0.3079	0.4	0
4002	1985	55	7516.8	-3.9	7.3	0.6078	0.8	1.7
4002	1985	56	11923.2	-4	12.2	0.5486	0.1	0
4002	1985	57	10713.6	-2.1	11.1	0.5221	0.2	0
4002	1985	58	8640	-0.4	10.5	0.6126	0.1	0
4002	1985	59	3974.4	-1.5	8.1	0.5728	0.6	0
4002	1985	60	12787.2	1	14	0.6217	0.6	0
4002	1985	61	4060.8	0.3	3.4	0.6284	0.2	6.7
4002	1985	62	13392	-2.1	8.5	0.5226	0.3	0
4002	1985	63	10886.4	-5	10.9	0.4379	0.3	0
4002	1985	64	10368	-1.8	8.1	0.5897	0.6	0
4002	1985	65	11232	-0.8	7.3	0.6093	1	0.3
4002	1985	66	4320	1.3	3.5	0.639	0.7	0
4002	1985	67	4406.4	0.2	2.5	0.5726	0.8	0.1
4002	1985	68	6739.2	-0.1	5.4	0.5839	0.4	0.2
4002	1985	69	12441.6	-4.1	6.1	0.4861	0.9	0.5
4002	1985	70	7603.2	-2.6	1.8	0.4095	1.1	0.3
4002	1985	71	10540.8	-4.2	2.9	0.4196	0.8	0
4002	1985	72	12528	-3.8	4.5	0.4763	0.8	0
4002	1985	73	4752	-0.4	3	0.4832	0.9	2.8
4002	1985	74	10108.8	-3.8	3.4	0.4577	0.8	1
4002	1985	75	10195.2	-8.2	7	0.386	0.7	5.6
4002	1985	76	4924.8	-4.5	-1.1	0.3929	0.6	9.1
4002	1985	77	5011.2	-4.7	-2.5	0.4123	0.9	18.1
4002	1985	78	10886.4	-7.5	-0.5	0.3546	0.7	0
4002	1985	79	17884.8	-13.2	5.8	0.3255	0.6	0
4002	1985	80	15379.2	-7.6	12	0.4796	0.4	0
4002	1985	81	16416	-4.9	10.1	0.5156	0.4	0.1
4002	1985	82	7516.8	-1.4	5.9	0.5101	0.8	0.9
4002	1985	83	15638.4	-3	8.6	0.5304	1.2	5.3
4002	1985	84	18144	0.2	13.1	0.6159	1.3	0.2
4002	1985	85	15033.6	-0.7	13.1	0.5876	1.1	0
4002	1985	86	5529.6	-1.8	4.4	0.5705	0.8	23
4002	1985	87	11577.6	-3.3	4	0.445	1	2.3
4002	1985	88	18489.6	-3.8	9.4	0.4707	0.9	0
4002	1985	89	13996.8	-3	15.6	0.4199	0.9	0
4002	1985	90	14688	1.1	17.7	0.6247	1.4	0.9
4002	1985	91	16329.6	-0.4	19.2	0.5893	0.6	0.8
4002	1985	92	14774.4	2	15.5	0.5979	1.5	0
4002	1985	93	21254.4	1.2	18.6	0.6094	0.7	0
4002	1985	94	21513.6	-0.2	23	0.6734	0.7	0
4002	1985	95	13132.8	3.5	21	0.584	1.7	0
4002	1985	96	11923.2	3	15.5	0.7584	1	3
4002	1985	97	21168	1.2	18.2	0.6374	1.4	0.2
4002	1985	98	6220.8	4.5	9.6	0.7938	1.1	8.9
4002	1985	99	10454.4	0.3	8.7	0.7411	0.9	19.3
4002	1985	100	10540.8	3.4	6.7	0.7789	0.7	5
4002	1985	101	19785.6	0.6	12.9	0.6398	1.1	7.7
4002	1985	102	7084.8	0.6	6.6	0.5534	1	2.7
4002	1985	103	10368	0	11	0.6321	1.3	10.7
4002	1985	104	16588.8	0.9	9.6	0.6123	1.3	9.9
4002	1985	105	9417.6	0.6	5.6	0.6563	1	8.2
4002	1985	106	6652.8	0.6	8.1	0.6584	1.1	11.7
4002	1985	107	21254.4	1.6	9.2	0.5918	1.7	0
4002	1985	108	21081.6	-3.7	12.3	0.5481	1	0
4002	1985	109	24019.2	-2.5	15.9	0.6474	0.8	0
4002	1985	110	24796.8	-1.1	20.6	0.6757	1	0
4002	1985	111	25056	1.5	22	0.7718	0.8	0
4002	1985	112	8121.6	2.7	18.5	0.6896	0.7	1.5
4002	1985	113	6998.4	6.9	11	0.9719	0.9	21.6
4002	1985	114	10454.4	-2	6.9	0.5975	1.3	1
4002	1985	115	25574.4	-3	15	0.5889	0.9	0
4002	1985	116	12441.6	-0.9	7.1	0.6487	0.9	0.2
4002	1985	117	19785.6	0.4	11.8	0.5365	1.6	6
4002	1985	118	11836.8	-1.1	6.7	0.5752	1.4	6.7
4002	1985	119	10540.8	-1.9	3.1	0.5041	0.8	14.6
4002	1985	120	7344	0.2	3.1	0.6125	1.8	52.5
4002	1985	121	9244.8	2	9.7	0.7863	1.4	1.3
4002	1985	122	7430.4	0.2	6.1	0.6969	1.1	29.6
4002	1985	123	12700.8	-0.6	4.8	0.6539	0.8	3
4002	1985	124	23155.2	-4.2	11.2	0.5574	0.8	0
4002	1985	125	24451.2	3	16	0.8068	0.9	0
4002	1985	126	23932.8	0	19.5	0.724	1.1	0
4002	1985	127	11491.2	4	16.6	0.8638	0.9	12.7
4002	1985	128	10972.8	5.3	11.6	0.7406	2.7	12.9
4002	1985	129	7689.6	4.3	8.9	0.8379	0.8	13.1
4002	1985	130	22118.4	3.7	16.2	0.9049	1	0.5
4002	1985	131	24278.4	3.3	19.5	0.8215	0.8	0
4002	1985	132	20217.6	3.6	22.2	0.8621	0.9	0
4002	1985	133	26006.4	6	24.2	0.7714	1.7	0
4002	1985	134	26956.8	8.9	19.6	0.9899	1.8	0
4002	1985	135	18748.8	8.7	17.4	1.0507	0.8	0
4002	1985	136	26352	3.5	20.9	1.0506	1.4	2.4
4002	1985	137	23500.8	5.9	20.8	1.1633	1.6	0
4002	1985	138	13305.6	7.3	18	1.2283	0.8	10.9
4002	1985	139	28512	8	20.2	1.0928	1.2	0.1
4002	1985	140	9676.8	9	16.8	1.1594	0.6	6.9
4002	1985	141	8121.6	9.4	14.3	1.1654	0.7	6.6
4002	1985	142	12441.6	6	11.6	0.9508	0.9	8.5
4002	1985	143	18748.8	5.4	14	0.8779	0.8	0.1
4002	1985	144	28080	1.6	21.2	0.8215	1	0
4002	1985	145	27820.8	5.2	23.5	0.9963	0.8	0
4002	1985	146	28425.6	6.9	25.4	1.1366	1.4	2.9
4002	1985	147	25401.6	8.3	26.8	1.1619	1.2	0
4002	1985	148	11404.8	9.4	17.1	1.2926	0.7	13.6
4002	1985	149	10368	9.2	16.8	1.2567	1.2	0
4002	1985	150	23587.2	10.2	20.6	1.2057	1.5	0
4002	1985	151	30067.2	9.7	23.2	1.1398	1.4	0
4002	1985	152	21686.4	6.4	22.1	1.1197	0.9	1.2
4002	1985	153	27820.8	8	21.1	1.092	1.5	0
4002	1985	154	29030.4	5.9	23.1	1.039	1.2	0
4002	1985	155	24192	7.5	26.2	1.1883	1.4	2.5
4002	1985	156	22377.6	9.6	24.3	1.273	1.1	0
4002	1985	157	19180.8	10.4	24.6	1.318	1.2	21
4002	1985	158	7344	10.4	14.7	1.3365	0.8	29.3
4002	1985	159	7344	5.7	10.9	0.9738	1.4	5.3
4002	1985	160	20131.2	3.8	14	0.6951	1.3	0.2
4002	1985	161	14169.6	6	15.8	0.9381	1.4	20
4002	1985	162	12614.4	3.7	11.2	0.8984	1	1.5
4002	1985	163	16934.4	2.4	18.7	0.8783	1.2	14
4002	1985	164	19612.8	8.4	17	1.0709	1.3	2.3
4002	1985	165	23500.8	3.7	22.6	1.0727	1.1	27.2
4002	1985	166	12182.4	6.5	14.2	1.1178	1.3	5
4002	1985	167	22118.4	1.7	16.7	0.8372	0.8	11.2
4002	1985	168	12700.8	6.6	13	0.9927	1.5	2.3
4002	1985	169	10108.8	4.8	13.7	0.9101	0.7	0
4002	1985	170	18835.2	2.3	19.8	0.8816	0.6	12.7
4002	1985	171	8208	7.4	14	1.0928	1	12.9
4002	1985	172	25315.2	6.6	19.7	0.9972	1.1	2.1
4002	1985	173	7344	8.3	13	1.1532	1	28.7
4002	1985	174	15120	6.9	15	1.0457	1.1	3.9
4002	1985	175	13132.8	7.9	13.5	1.1699	0.8	9.2
4002	1985	176	12873.6	8	15.6	1.1201	0.8	3.2
4002	1985	177	17107.2	8.8	19.5	1.3382	0.8	17.9
4002	1985	178	15292.8	9.5	16.2	1.2297	0.8	1.4
4002	1985	179	18576	7.7	17.3	1.057	0.7	0.1
4002	1985	180	28944	6.4	23.8	1.1313	1.1	0
4002	1985	181	24796.8	6.2	25.7	1.1946	0.9	0.1
4002	1985	182	16156.8	11.9	22.2	1.4363	1	14.8
4002	1985	183	20563.2	11.8	19.6	1.4785	0.7	1
4002	1985	184	30240	5.8	24.7	1.2807	0.8	0
4002	1985	185	21945.6	9	26.8	1.5359	0.8	3.2
4002	1985	186	7257.6	14.3	18.3	1.7583	0.3	34.8
4002	1985	187	11059.2	12.5	20	1.5866	1.1	9.7
4002	1985	188	21168	13.1	21.1	1.5382	1.1	0
4002	1985	189	24883.2	10.9	23.5	1.3716	1.1	0
4002	1985	190	26611.2	9	21.6	1.3022	1.2	0
4002	1985	191	15292.8	11	19.8	1.3106	0.7	0
4002	1985	192	25660.8	8.5	21.9	1.2939	0.8	0
4002	1985	193	26611.2	9.1	23.9	1.3871	0.9	0
4002	1985	194	29462.4	10.1	26.7	1.4791	0.9	0
4002	1985	195	29462.4	11.3	30	1.4092	1	0
4002	1985	196	19785.6	13.5	25	1.5374	1.3	7.1
4002	1985	197	14342.4	13	21.5	1.8281	0.8	5.9
4002	1985	198	29116.8	12.6	23.6	1.4931	1	0
4002	1985	199	27993.6	10.3	26.5	1.5214	1.1	4.5
4002	1985	200	20563.2	14.8	24.6	1.7872	1	0.9
4002	1985	201	14947.2	13	21.5	1.8084	1	24
4002	1985	202	19353.6	9.8	17.9	1.2175	1	0
4002	1985	203	27648	5.6	24.7	1.1693	0.8	0
4002	1985	204	29116.8	9.6	27	1.2809	1.1	0
4002	1985	205	28339.2	9.6	26.5	1.5297	0.9	0
4002	1985	206	28857.6	10.7	28.9	1.5216	0.7	0
4002	1985	207	28512	11.4	30.5	1.5344	1	0.4
4002	1985	208	18576	17.4	24.3	1.8448	1.3	1.9
4002	1985	209	23673.6	11.2	29	1.6206	1	0.8
4002	1985	210	18576	11	27.2	1.6114	1.9	26.2
4002	1985	211	6739.2	12.1	17.5	1.4292	0.5	29.1
4002	1985	212	13392	9.7	17.2	1.325	1.1	2
4002	1985	213	20822.4	9.1	20.6	1.3494	1	21.6
4002	1985	214	20217.6	10.8	19.8	1.3716	0.6	1
4002	1985	215	22982.4	6	24.5	1.298	1.2	13
4002	1985	216	20995.2	11.6	21.1	1.3739	1	0
4002	1985	217	23500.8	9.7	27.5	1.6903	1.2	48.4
4002	1985	218	6480	6.1	16	1.2764	1.8	60.7
4002	1985	219	10281.6	5	13.2	1.0395	1.3	4.3
4002	1985	220	7171.2	6.9	15.5	1.1164	0.8	0.1
4002	1985	221	26697.6	7.7	25.5	1.3394	0.6	0
4002	1985	222	14428.8	8.8	27.1	1.5818	1.5	1.5
4002	1985	223	22032	10.2	24.3	1.5332	0.3	0
4002	1985	224	25574.4	9	27.7	1.6009	0.7	0
4002	1985	225	25056	12	28.1	1.7561	0.7	0
4002	1985	226	26265.6	10.4	29.9	1.5549	0.8	0
4002	1985	227	25488	13	28.8	1.7517	1.1	10.4
4002	1985	228	18144	12.8	24.4	1.9043	0.8	13.3
4002	1985	229	6134.4	11.7	14.6	1.3446	0.7	13.3
4002	1985	230	21945.6	9.6	20.4	1.2092	0.6	0
4002	1985	231	16156.8	9.7	24.5	1.3825	0.8	15.5
4002	1985	232	22204.8	13.3	23.4	1.5377	1.3	0
4002	1985	233	24537.6	8.5	25.5	1.4511	0.7	0
4002	1985	234	23414.4	11.1	28.7	1.6934	0.9	15.1
4002	1985	235	21686.4	14.3	23.4	1.7604	0.8	0
4002	1985	236	23155.2	11.1	26	1.6211	0.6	4.4
4002	1985	237	5788.8	9	15.8	1.3522	1.1	66.3
4002	1985	238	5702.4	5.5	9	0.9575	1.6	39.8
4002	1985	239	8726.4	5.7	13.9	1.0654	0.8	0.2
4002	1985	240	22377.6	1.6	18.5	0.9479	0.7	0
4002	1985	241	21945.6	2.7	19.1	1.0162	0.7	0
4002	1985	242	21772.8	4.5	22.5	1.1747	0.7	0
4002	1985	243	21340.8	5.4	25.7	1.2703	0.7	0
4002	1985	244	8467.2	13	19.1	1.4572	0.6	2.5
4002	1985	245	19094.4	11.5	21.4	1.4201	0.9	0
4002	1985	246	9244.8	9.9	21.3	1.5222	1	26.4
4002	1985	247	10627.2	9.2	14	1.0645	0.8	2
4002	1985	248	14774.4	8.4	22.1	1.2634	1.2	19
4002	1985	249	16675.2	8	16.1	1.0543	1.5	2.3
4002	1985	250	19612.8	2.8	15.6	0.8605	0.9	0
4002	1985	251	13996.8	3.4	18	0.9257	1	0.5
4002	1985	252	6220.8	9	12.1	1.0565	0.5	0
4002	1985	253	18835.2	2	17	0.9018	0.6	0
4002	1985	254	18662.4	3.7	23.4	1.039	0.4	0
4002	1985	255	18662.4	5.4	22.4	1.1263	0.7	0
4002	1985	256	18489.6	4.9	22.9	1.1105	0.8	0
4002	1985	257	9763.2	9.4	18	1.2058	0.7	0
4002	1985	258	10540.8	7.4	17.2	1.2576	1	12
4002	1985	259	5184	7.2	12	0.9915	0.5	0
4002	1985	260	6393.6	5.2	18.5	1.0822	1	0
4002	1985	261	17539.2	6.6	23.6	1.3199	0.6	0
4002	1985	262	17020.8	6.5	25.1	1.2191	0.7	0
4002	1985	263	16588.8	8.3	25.1	1.3669	0.6	0
4002	1985	264	15379.2	8	25.5	1.3141	0.5	0
4002	1985	265	15897.6	9	26	1.278	0.7	0
4002	1985	266	16416	7.6	24.6	1.2609	0.6	0
4002	1985	267	16329.6	7.3	24	1.2784	0.8	0
4002	1985	268	12182.4	8.3	23.4	1.3488	0.8	0.1
4002	1985	269	16070.4	6.8	21.6	1.2293	0.6	0
4002	1985	270	15984	5.6	22.5	1.2014	0.4	0
4002	1985	271	15811.2	5.7	23.4	1.2078	0.6	0
4002	1985	272	15724.8	5.9	21.5	1.2058	0.4	0
4002	1985	273	15552	5	22	1.1902	0.5	0
4002	1985	274	13996.8	6.1	23.4	1.1899	0.2	0
4002	1985	275	12096	6.6	22.8	1.1694	0.3	0
4002	1985	276	15033.6	6.7	24.9	1.237	0.5	0
4002	1985	277	14688	7.4	24.6	1.2892	0.4	0
4002	1985	278	12787.2	7.6	22.6	1.2856	0.8	16.9
4002	1985	279	9763.2	9.9	19	1.3808	0.4	0
4002	1985	280	13651.2	6	20.7	1.1939	0.5	0
4002	1985	281	3888	7.6	12.2	1.0725	0.6	3.8
4002	1985	282	11318.4	3.8	15.3	0.9286	0.5	0
4002	1985	283	10368	4	16.5	0.9732	0.8	0
4002	1985	284	13824	1.7	19.7	0.9514	0.5	0
4002	1985	285	11404.8	2.2	18.3	0.9482	0.6	4.5
4002	1985	286	6480	6.1	12.6	1.0102	0.5	0
4002	1985	287	4060.8	1.5	11.1	0.7348	0.2	0.9
4002	1985	288	3542.4	7.1	9.6	1.032	0.4	1.9
4002	1985	289	9849.6	3	12.1	0.8734	0.5	0
4002	1985	290	12787.2	-0.4	14	0.7507	0.5	0
4002	1985	291	10108.8	1.2	16	0.8933	0.5	1.6
4002	1985	292	3369.6	5.8	9.3	0.9774	0.3	1
4002	1985	293	7689.6	1.6	9.5	0.7792	0.3	0
4002	1985	294	11664	-2.2	11.6	0.7003	0.3	0
4002	1985	295	4320	0.4	6.6	0.7222	0.5	0
4002	1985	296	3196.8	2.8	6.4	0.7378	0.5	0
4002	1985	297	9849.6	-1.1	8.2	0.6539	0.4	0
4002	1985	298	11318.4	-4.4	13.6	0.5767	0.2	0
4002	1985	299	11145.6	-2.8	15.5	0.6608	0.3	0
4002	1985	300	10972.8	-2.5	13.8	0.6569	0.3	0
4002	1985	301	10281.6	-3.5	12.2	0.6	0.3	0
4002	1985	302	2937.6	-3.2	1.9	0.5303	0.2	0
4002	1985	303	8380.8	-0.6	10	0.6918	0.1	1.2
4002	1985	304	2851.2	4.9	10.6	0.917	0.5	5.8
4002	1985	305	2764.8	3.5	6.6	0.8139	0.6	14.2
4002	1985	306	3369.6	1.2	5.5	0.6602	0.7	0.3
4002	1985	307	6739.2	-2	8.6	0.6115	0.4	0
4002	1985	308	9331.2	-4.6	13	0.5937	0.2	0.1
4002	1985	309	4492.8	-1.5	19.2	0.5906	2	15.4
4002	1985	310	2592	0.6	13	0.889	1.2	8.2
4002	1985	311	8208	-3.7	7.7	0.5434	1.3	0
4002	1985	312	2505.6	-2.4	9	0.6889	0.7	10
4002	1985	313	6825.6	7.3	19.4	1.1633	0.7	4.9
4002	1985	314	2419.2	5	10.3	0.9527	1.5	23.9
4002	1985	315	2419.2	-1.2	5	0.5535	1	0
4002	1985	316	3974.4	-4.8	1.8	0.438	0.4	13.6
4002	1985	317	2332.8	-3.8	-1.2	0.478	0.3	12.9
4002	1985	318	5011.2	-4.1	0	0.4522	0.4	1.4
4002	1985	319	7603.2	-10.8	2.1	0.3631	0.1	0
4002	1985	320	5875.2	-13.3	-2.6	0.2924	0.2	0
4002	1985	321	4838.4	-13.6	-5.5	0.2491	0.5	0
4002	1985	322	2160	-8	-5.4	0.3147	0.9	0
4002	1985	323	6739.2	-12.6	-3.2	0.2666	0.1	0
4002	1985	324	4060.8	-7.3	-3.4	0.3572	0.4	1.6
4002	1985	325	2073.6	-4.8	-1	0.4295	0.3	2.3
4002	1985	326	4320	-6.5	-2	0.4016	0.2	2.3
4002	1985	327	2678.4	-5.1	-2.6	0.4138	0.2	0.1
4002	1985	328	2073.6	-5	-2.5	0.3938	0.2	0
4002	1985	329	3283.2	-6.5	-2.2	0.3853	0.5	0.4
4002	1985	330	1987.2	-4.6	-2.5	0.4232	0.5	0
4002	1985	331	3888	-11.3	-0.8	0.2997	0.9	0
4002	1985	332	3110.4	-12.6	0.4	0.3644	0.8	7.2
4002	1985	333	1900.8	-12.1	0.9	0.3827	0.7	13.7
4002	1985	334	1900.8	0.4	4.8	0.6997	1	11.4
4002	1985	335	4924.8	0	7.8	0.7267	0.3	0
4002	1985	336	5961.6	-1.2	9.9	0.725	0.7	0
4002	1985	337	6048	0.3	12.9	0.7404	0.8	0
4002	1985	338	5097.6	1.7	11.9	0.7902	0.5	0
4002	1985	339	5702.4	-1	20.2	0.7406	1.2	0
4002	1985	340	3024	1	11.7	0.7374	1.5	0
4002	1985	341	3024	1.3	9.5	0.7174	0.6	0
4002	1985	342	3110.4	-0.8	7.1	0.6586	0.2	0
4002	1985	343	5443.2	-2	10.3	0.6492	0.3	1.5
4002	1985	344	1900.8	-1	2.6	0.6215	0.4	6.2
4002	1985	345	5875.2	-7.5	1	0.4136	0.6	0
4002	1985	346	1900.8	-7.9	-1.2	0.4057	0.3	0.7
4002	1985	347	5788.8	-7.8	0.3	0.3845	0.7	0
4002	1985	348	3888	-6.1	5.6	0.546	0.8	0.1
4002	1985	349	5270.4	0.9	10.6	0.7166	1.1	0
4002	1985	350	1814.4	1	6.9	0.7212	1.3	2.3
4002	1985	351	5702.4	-0.8	13.4	0.6299	0.6	0
4002	1985	352	2332.8	-2.7	8.9	0.5647	0.9	8.6
4002	1985	353	4492.8	1.2	6.4	0.5933	1.2	0.4
4002	1985	354	3283.2	-1.2	4.5	0.5437	1	0
4002	1985	355	5788.8	-2.2	12.4	0.4567	1	0
4002	1985	356	5788.8	-4.3	12.2	0.4781	0.3	0
4002	1985	357	5702.4	-3.9	8	0.4674	0.4	0
4002	1985	358	5788.8	-5.7	6.7	0.4308	0.3	0
4002	1985	359	2678.4	-4.5	6.7	0.4367	0.5	3.3
4002	1985	360	3456	0	6	0.5532	1.1	1.8
4002	1985	361	4060.8	-1	6.8	0.5944	1.2	0
4002	1985	362	2505.6	-1.2	4.6	0.5249	0.5	12.1
4002	1985	363	1900.8	-4	10.6	0.6037	1.3	8.3
4002	1985	364	4320	-8.5	-4	0.3143	0.6	0
4002	1985	365	1900.8	-6.8	-4.5	0.333	0.6	0.2
