*---------------------------------------------------------------------------*
* Station name: OBERSTDORF                              
* Year: 1986
* Author: Pedro Alencar                                   -999.000: NIL VALUE
* Source: ECAD 
* Comments: 
* Longitude: 47.3989, latitude: 47.3989, altitude: 806 m.
*
* Column  Daily value
* 1       station number
* 2       year
* 3       day
* 4       irradiation                   (kJ m-2 d-1)
* 5       minimum temperature           (degrees Celsius)
* 6       maximum temperature           (degrees Celsius)
* 7       early morning vapour pressure (kPa)
* 8       mean wind speed (height: 2 m) (m s-1)
* 9       precipitation                 (mm d-1)
*
** WCCDESCRIPTION=GERMANY, OBERSTDORF                              
** WCCFORMAT=2
** WCCYEARNR=1986
*---------------------------------------------------------------------------*
   47.3989  10.2767    806.  -0.18 -0.55
4002	1986	1	3628.8	-8.8	-1.4	0.3264	0.7	1
4002	1986	2	2937.6	-10.5	3.6	0.4075	0.7	0.4
4002	1986	3	5875.2	-5.1	5	0.4749	0.6	2.7
4002	1986	4	2678.4	-7.7	-1.6	0.3636	1.1	3.5
4002	1986	5	5356.8	-13.8	2.3	0.3106	0.3	0
4002	1986	6	1987.2	-6	0.4	0.4227	0.5	4.2
4002	1986	7	6134.4	-12.3	0.8	0.3146	0.6	0
4002	1986	8	4147.2	-13.3	0.9	0.3193	0.1	0.2
4002	1986	9	1987.2	-3.3	0.7	0.5112	0.2	4.6
4002	1986	10	4752	-3.1	2.9	0.5459	0.6	8.7
4002	1986	11	2073.6	0.2	4	0.6823	1.5	43.9
4002	1986	12	2073.6	-1.4	1	0.542	1.1	18.5
4002	1986	13	2073.6	-1.4	2.9	0.6193	1.2	46.5
4002	1986	14	2764.8	0.6	7.1	0.7322	1.5	17.6
4002	1986	15	2160	-0.5	4.6	0.6303	2.4	24.1
4002	1986	16	2160	-2.9	0.2	0.537	0.8	10.9
4002	1986	17	2160	-4.8	-2.7	0.4401	0.7	6.4
4002	1986	18	2246.4	-8	2.1	0.4672	0.7	21.6
4002	1986	19	2246.4	0.5	5	0.7072	1.4	10.4
4002	1986	20	2246.4	-2.2	7.2	0.5924	1.3	0.3
4002	1986	21	6998.4	-9.4	2.8	0.4168	0.5	0
4002	1986	22	2332.8	-7.4	1.8	0.4675	0.9	0.2
4002	1986	23	2332.8	-3.6	8.6	0.6216	2.4	29.6
4002	1986	24	2419.2	-3.8	5	0.5999	1.8	22.1
4002	1986	25	2419.2	-5.2	-3.3	0.4283	0.8	22.8
4002	1986	26	3196.8	-8.9	-2.6	0.3584	0.4	4.4
4002	1986	27	7689.6	-18.8	-3	0.2238	0.3	0
4002	1986	28	2505.6	-16.9	-1.2	0.2961	0.3	0.1
4002	1986	29	7084.8	-12.3	5.4	0.4217	0.5	0
4002	1986	30	7862.4	-6.8	9.3	0.4748	0.9	0
4002	1986	31	4233.6	-6.3	3.6	0.4595	0.2	0
4002	1986	32	6393.6	-5.8	4	0.5035	0.6	0
4002	1986	33	7171.2	-10.2	2.7	0.3891	0.2	0
4002	1986	34	8294.4	-14.2	-1	0.3005	0.2	0
4002	1986	35	8208	-15.5	-1.5	0.2737	0	0
4002	1986	36	8640	-14.3	-0.2	0.2981	0	0
4002	1986	37	4492.8	-7	-1.1	0.3941	0.6	0.4
4002	1986	38	2937.6	-8	-3.5	0.3703	0.7	1.8
4002	1986	39	2937.6	-14.8	-8	0.2304	0.6	1.7
4002	1986	40	3024	-19	-11.4	0.1671	0.7	1.3
4002	1986	41	8467.2	-23	-11.5	0.1265	0.4	0
4002	1986	42	5529.6	-21.2	-8.6	0.1656	0.1	0
4002	1986	43	9676.8	-20.1	-7.1	0.1842	0.2	0
4002	1986	44	10368	-18.6	-4.3	0.2116	0.2	0
4002	1986	45	9158.4	-17.5	-2.4	0.2327	0.2	0
4002	1986	46	9417.6	-14.2	4.6	0.3253	0.2	0
4002	1986	47	11145.6	-7.2	5.8	0.4471	0.2	0
4002	1986	48	4579.2	-12	-3.3	0.3028	0.2	0
4002	1986	49	10195.2	-8.1	6.4	0.4537	0.2	0
4002	1986	50	3456	-5.4	-2.5	0.4198	0.7	4
4002	1986	51	3542.4	-7.7	-3.9	0.3372	0.8	0.1
4002	1986	52	11836.8	-12.3	-0.7	0.297	0.7	0
4002	1986	53	12355.2	-14.9	2.4	0.299	0.3	0
4002	1986	54	3715.2	-9	-2.1	0.3841	0.2	24.2
4002	1986	55	3715.2	-7.9	-4.5	0.3578	0.4	3.3
4002	1986	56	6739.2	-9.7	-5.7	0.2982	0.8	0.1
4002	1986	57	11318.4	-12.6	-7.6	0.2413	0.8	0.1
4002	1986	58	13132.8	-21.8	-3.9	0.189	0.3	0
4002	1986	59	3974.4	-11.5	-1.6	0.3146	0.4	0
4002	1986	60	6566.4	-7.3	1.4	0.4328	0.2	0
4002	1986	61	7862.4	-2.5	5.2	0.5523	0.3	0
4002	1986	62	4147.2	-4	-0.9	0.4798	0.1	6.4
4002	1986	63	13478.4	-2.8	7.9	0.5284	0.6	0
4002	1986	64	6912	-3.1	10.6	0.6312	0.5	0
4002	1986	65	4752	-1.6	8.7	0.6302	0.2	1.1
4002	1986	66	4320	0.1	3.2	0.6332	0.6	3.1
4002	1986	67	4924.8	-1	2.6	0.5827	0.4	0
4002	1986	68	4492.8	-0.5	3.1	0.5571	0.4	0
4002	1986	69	15292.8	-4.3	5.4	0.5341	0.5	0
4002	1986	70	14342.4	-6.4	6	0.5058	0.4	0
4002	1986	71	11664	-1.3	4.2	0.5835	0.6	0
4002	1986	72	14515.2	-2	4.7	0.5658	0.6	0
4002	1986	73	14601.6	-5.2	7	0.5347	0.3	0
4002	1986	74	16588.8	-5.4	6.8	0.5464	0.4	0
4002	1986	75	17193.6	-5.2	11.3	0.5399	0.7	0
4002	1986	76	17107.2	-3.6	11.2	0.5612	0.7	0
4002	1986	77	17280	-4.5	10.5	0.5304	0.7	0
4002	1986	78	7948.8	-2.9	9.7	0.6158	1	6
4002	1986	79	16848	-2	8.6	0.5728	0.7	5.6
4002	1986	80	5184	-0.7	3	0.6042	0.9	17.1
4002	1986	81	17193.6	-3.7	6.9	0.5555	0.8	0
4002	1986	82	5270.4	-5	6.8	0.5934	1.3	24.1
4002	1986	83	9072	1.4	14	0.6933	2.9	12.5
4002	1986	84	14083.2	0	11.2	0.7092	1.6	3
4002	1986	85	16502.4	-2.4	5.9	0.5338	1.1	0
4002	1986	86	11491.2	-6	13.2	0.6166	0.3	0
4002	1986	87	17712	-1.8	18	0.7772	1.9	6.1
4002	1986	88	10972.8	1	9.6	0.6857	1.1	4.2
4002	1986	89	14774.4	-0.1	7	0.5476	2.3	10.1
4002	1986	90	13910.4	2	14.1	0.6777	1.6	7.8
4002	1986	91	20304	0.8	11.7	0.5801	1.6	0.1
4002	1986	92	17971.2	1.1	14.1	0.7512	0.9	0
4002	1986	93	7862.4	0.5	10	0.701	1.1	12.5
4002	1986	94	6048	0.3	3.6	0.6399	0.7	10.1
4002	1986	95	7084.8	-0.4	2	0.6086	0.9	1.6
4002	1986	96	13392	-0.3	7.5	0.6878	0.4	0
4002	1986	97	21600	0	20.8	0.7687	1.4	0
4002	1986	98	19008	0.5	19.3	0.8044	0.8	0
4002	1986	99	13824	0.9	16.5	0.9219	1.2	36.3
4002	1986	100	6307.2	0.5	3.6	0.6303	1.5	4.8
4002	1986	101	6393.6	-4	1.1	0.5111	1.5	15
4002	1986	102	6480	-5	-2.8	0.4352	1	8.7
4002	1986	103	12182.4	-6	-0.4	0.4055	0.7	0.1
4002	1986	104	21081.6	-5.3	9.2	0.5485	1.3	0
4002	1986	105	13305.6	-4.5	12.3	0.541	0.9	0
4002	1986	106	20304	-1.9	14.3	0.6255	1	0
4002	1986	107	12873.6	-0.9	9.5	0.7806	1.6	12.9
4002	1986	108	6739.2	0.5	3.8	0.6491	0.5	6.8
4002	1986	109	9158.4	-0.2	3.4	0.6515	0.8	11.9
4002	1986	110	6912	-0.3	4.8	0.6322	0.9	20.5
4002	1986	111	20908.8	1.6	17.2	0.6482	2.7	0
4002	1986	112	14083.2	4	13.7	0.954	1.9	0
4002	1986	113	16329.6	3.6	13.8	0.8544	1	0
4002	1986	114	15033.6	0.8	15.4	0.9067	1.1	0.2
4002	1986	115	18489.6	3.6	17.4	1.0022	0.7	0
4002	1986	116	20649.6	4	20	0.8127	1.6	0
4002	1986	117	11318.4	5.8	12.4	0.9818	1	2.6
4002	1986	118	7257.6	6	9.9	1.0044	0.6	0.3
4002	1986	119	7344	5.8	9.9	1.0082	0.5	16.3
4002	1986	120	8467.2	6.2	11.8	1.1128	0.6	5.4
4002	1986	121	25920	3	19.2	1.0694	0.8	0
4002	1986	122	25228.8	3	22.4	1.0416	0.8	0
4002	1986	123	27129.6	3.6	22.2	0.8472	1.5	0
4002	1986	124	18576	3.7	18.9	0.99	0.8	0
4002	1986	125	18403.2	6.5	22.2	1.1433	0.9	0
4002	1986	126	27388.8	3.5	22.7	0.8433	1.3	0
4002	1986	127	22896	6.2	21.1	1.1082	0.9	6.9
4002	1986	128	20131.2	3.6	13.3	0.8401	1.4	1.8
4002	1986	129	12355.2	0.4	12.6	0.7353	0.9	1.1
4002	1986	130	12182.4	2.9	17.7	0.9013	0.6	0
4002	1986	131	10800	5.2	18	1.2555	0.8	4.5
4002	1986	132	20044.8	8	21.5	1.2737	0.4	0
4002	1986	133	27820.8	6	25.6	1.237	1.1	0
4002	1986	134	14774.4	10.9	19.2	1.3156	1.1	0
4002	1986	135	15984	7.5	17.3	1.2659	0.6	9
4002	1986	136	18403.2	8.2	18.8	1.2365	1.3	11.5
4002	1986	137	24624	10.4	20.4	1.4154	1.2	0
4002	1986	138	22032	9.1	26	1.4023	0.9	2.4
4002	1986	139	15638.4	11.4	23	1.7047	1	16.7
4002	1986	140	28425.6	10.8	26.1	1.5898	0.9	0
4002	1986	141	14515.2	10.3	21.5	1.4434	1.2	19
4002	1986	142	22896	10.1	19.9	1.3966	1.1	0
4002	1986	143	24883.2	7.2	25.6	1.4528	1.2	21
4002	1986	144	9244.8	10.2	15.6	1.4121	0.5	6.6
4002	1986	145	28080	8.6	20.6	1.2781	0.8	0
4002	1986	146	28771.2	6.6	25.6	1.3157	0.9	1.9
4002	1986	147	18230.4	11.9	23.1	1.8571	0.7	7.8
4002	1986	148	8294.4	10.4	14.8	1.4138	0.6	23.9
4002	1986	149	8294.4	2.7	10.4	0.9321	0.8	31.1
4002	1986	150	8294.4	0.3	2.7	0.6605	0.2	42.6
4002	1986	151	14428.8	0.2	9.9	0.7876	0.3	8.6
4002	1986	152	15292.8	0.4	12.8	0.7307	0.4	5.6
4002	1986	153	7257.6	5	8.2	0.9353	1.2	21.7
4002	1986	154	15552	4.5	14.8	0.9588	1	0.5
4002	1986	155	7257.6	3.6	9	0.9066	1	27.9
4002	1986	156	16675.2	2	10.5	0.7703	1.4	7.6
4002	1986	157	10281.6	2.9	9	0.8104	1.2	1.1
4002	1986	158	10627.2	1.2	12.2	0.7946	1.6	14.3
4002	1986	159	18576	4.4	16.1	0.9233	0.7	0
4002	1986	160	29635.2	3	21	0.9108	1	0
4002	1986	161	28339.2	4	23.5	1.0369	1	7
4002	1986	162	7344	8.6	14.5	1.3058	0.9	31.1
4002	1986	163	7344	4.6	8.7	0.9287	0.5	7
4002	1986	164	7344	6.7	9.9	1.0286	0.4	0.5
4002	1986	165	15552	8.4	18	1.3036	0.7	0
4002	1986	166	26697.6	7.7	26.2	1.3501	0.6	0
4002	1986	167	22118.4	8.6	25	1.4138	0.8	0
4002	1986	168	23846.4	9.5	25	1.4939	1.5	1.4
4002	1986	169	24192	11	23.4	1.4696	1.7	3.8
4002	1986	170	22723.2	9.9	24.2	1.611	0.7	3.9
4002	1986	171	23414.4	12	23.5	1.7852	0.8	2.4
4002	1986	172	20995.2	13.9	26	1.7685	1.2	0.3
4002	1986	173	28598.4	10.7	28.5	1.5712	1	0
4002	1986	174	24624	14.7	28.3	1.9197	1.7	25
4002	1986	175	20217.6	13	21.6	1.617	1.2	0
4002	1986	176	30585.6	10.5	24.2	1.4836	0.9	0
4002	1986	177	30585.6	9.5	25	1.4349	1	0
4002	1986	178	30412.8	9	26.2	1.4067	0.9	0
4002	1986	179	30499.2	8.7	27.5	1.265	1.1	0
4002	1986	180	26784	9.1	25.6	1.1671	1.3	0
4002	1986	181	30499.2	9	23	1.2892	1.6	0
4002	1986	182	29289.6	8.1	23.5	1.2549	1.1	0
4002	1986	183	29635.2	8.5	26	1.3367	1	0
4002	1986	184	24364.8	9.7	26.9	1.4909	1.2	3.9
4002	1986	185	20390.4	13.5	23.7	1.6475	0.7	0
4002	1986	186	25056	10.6	26.3	1.5686	1.1	0
4002	1986	187	7257.6	10.8	18.2	1.4842	0.8	64.6
4002	1986	188	11318.4	10.8	13.6	1.3203	0.9	20.6
4002	1986	189	7257.6	9.2	12.5	1.2466	0.8	4
4002	1986	190	16416	8.2	17.1	1.1991	0.7	5.9
4002	1986	191	9590.4	9.1	15.6	1.3191	0.8	3.7
4002	1986	192	12441.6	8.6	16.2	1.309	0.6	15.4
4002	1986	193	9504	10.8	14	1.3666	0.6	0
4002	1986	194	18576	9.2	17	1.3252	0.8	3.6
4002	1986	195	27388.8	8.5	18.2	1.1174	1.2	0
4002	1986	196	27907.2	4.2	20.8	1.057	1	0
4002	1986	197	29030.4	6.2	24	1.3199	1	0
4002	1986	198	29548.8	8.9	26.3	1.4268	1.1	2.8
4002	1986	199	7084.8	12.2	17	1.61	1	42.1
4002	1986	200	7084.8	9.6	12.2	1.2507	0.5	4.6
4002	1986	201	13651.2	10.2	17.4	1.3397	0.7	0
4002	1986	202	27475.2	6.1	21	1.1941	1	0
4002	1986	203	28944	7.1	24.7	1.3532	1	0
4002	1986	204	22032	10.1	27.3	1.5717	1.3	28.9
4002	1986	205	13132.8	6.9	14.8	1.2336	1.2	23
4002	1986	206	26611.2	3	22.3	1.0236	0.9	0
4002	1986	207	19353.6	10.6	23.4	1.3544	0.9	0
4002	1986	208	21945.6	10.9	24.7	1.5873	0.9	0
4002	1986	209	28252.8	9.7	26.7	1.5442	1	0
4002	1986	210	21600	12.5	27.6	1.7326	0.8	0.4
4002	1986	211	25660.8	13.8	26.9	1.8604	0.8	0
4002	1986	212	18230.4	13.5	27.3	1.8422	0.7	5.6
4002	1986	213	12528	15.1	21.8	1.8229	0.8	0
4002	1986	214	27129.6	11.6	28.8	1.7015	0.9	0
4002	1986	215	26092.8	12.6	31	1.9552	0.8	0
4002	1986	216	23414.4	14	28	1.7873	1.3	20
4002	1986	217	6566.4	14	17.5	1.6798	0.8	7.8
4002	1986	218	27216	9	24.9	1.5623	0.8	0
4002	1986	219	26352	9.5	25.8	1.4111	1.1	1
4002	1986	220	13305.6	13.5	22.2	1.7556	1	14.7
4002	1986	221	23328	10.5	25.5	1.5662	1.1	2
4002	1986	222	18230.4	13.2	26	1.7306	0.9	0.6
4002	1986	223	22464	12.5	26.1	1.721	0.9	26.6
4002	1986	224	6998.4	13	16.9	1.5449	0.8	5.5
4002	1986	225	20649.6	11.8	20.4	1.4984	1.1	0
4002	1986	226	17712	12.5	21.4	1.5623	0.6	0.1
4002	1986	227	23932.8	8.1	27	1.4624	0.8	7.2
4002	1986	228	22982.4	10	26.3	1.6226	0.7	0
4002	1986	229	18662.4	12	26.6	1.8328	0.8	36.8
4002	1986	230	12096	13.3	22.3	1.9129	1.4	8.8
4002	1986	231	11664	9.6	19	1.5303	0.9	13.2
4002	1986	232	14947.2	10.4	17.7	1.3135	0.8	0
4002	1986	233	23068.8	7.1	20.4	1.2882	0.8	0
4002	1986	234	23760	10.6	27	1.5816	0.8	1.9
4002	1986	235	8467.2	10.3	15.3	1.3881	0.9	27.3
4002	1986	236	5788.8	8	12	1.1656	0.7	27.3
4002	1986	237	22377.6	7.6	17.7	1.1698	0.9	0
4002	1986	238	18921.6	7.9	25.6	1.3522	0.6	10.3
4002	1986	239	5616	9.5	17.1	1.4341	0.8	2.9
4002	1986	240	5616	5.7	10.4	1.0435	0.8	24.8
4002	1986	241	10627.2	4.7	12.4	0.9237	1	2.2
4002	1986	242	10886.4	4.9	14.3	0.9676	0.5	0.5
4002	1986	243	14947.2	7	15.6	1.0837	0.7	0
4002	1986	244	17107.2	1.8	16.4	0.9356	0.9	0
4002	1986	245	15897.6	7.2	19.4	1.1138	1.1	0
4002	1986	246	19699.2	4.6	23.4	1.2294	0.9	5.7
4002	1986	247	12441.6	7.1	14	1.0947	0.7	0
4002	1986	248	19958.4	1.2	19.5	0.9797	0.8	0
4002	1986	249	19440	3.9	24.8	1.1759	0.9	0
4002	1986	250	14083.2	9.6	21.3	1.2797	0.8	0
4002	1986	251	17539.2	6.8	20.5	1.2174	0.6	0
4002	1986	252	5529.6	8	13	1.1037	0.4	0.7
4002	1986	253	8640	8	14.1	1.1448	0.6	0
4002	1986	254	18662.4	3.2	18.3	1.0577	0.8	0
4002	1986	255	15638.4	5.5	22.9	1.1808	0.6	0.1
4002	1986	256	10108.8	12.3	20.5	1.4715	0.9	1.1
4002	1986	257	10195.2	9.5	20.8	1.4445	0.5	0.1
4002	1986	258	16848	12.9	26.4	1.7131	0.7	0
4002	1986	259	17107.2	11.2	25.2	1.6068	0.7	0.3
4002	1986	260	12528	13.3	21.3	1.755	1	20.9
4002	1986	261	5011.2	9	15.6	1.3576	0.9	7.9
4002	1986	262	5011.2	6.9	9.8	1.032	0.7	0
4002	1986	263	5529.6	8.8	13.8	1.1907	0.4	0
4002	1986	264	15724.8	8.8	18.6	1.331	0.5	0
4002	1986	265	16588.8	2.6	20.4	0.9625	0.7	0
4002	1986	266	16588.8	2.8	20.8	1.0233	0.6	0
4002	1986	267	10022.4	4.8	18	1.1178	0.4	0
4002	1986	268	4665.6	10.2	12.5	1.2618	0.4	0.3
4002	1986	269	4579.2	8.5	11	1.0859	0.5	0
4002	1986	270	13046.4	4.5	15.4	1.015	0.4	0
4002	1986	271	15897.6	2.5	17.1	0.9806	0.6	0
4002	1986	272	15811.2	1.4	17.6	0.9374	0.5	0
4002	1986	273	15033.6	1.9	19	0.961	0.5	0
4002	1986	274	15552	2.6	24.1	1.1174	0.4	0
4002	1986	275	15292.8	4.4	23.4	1.1263	0.7	0
4002	1986	276	14774.4	4.4	23.2	1.1663	0.5	0
4002	1986	277	14860.8	5	22.7	1.2175	0.5	0
4002	1986	278	14774.4	5.4	22.1	1.1783	0.4	0
4002	1986	279	14083.2	7	21.6	1.2373	0.6	0
4002	1986	280	14342.4	4.8	19.9	1.1614	0.5	0
4002	1986	281	6912	6	15.4	1.1314	0.4	0
4002	1986	282	13910.4	2	17	0.9492	0.5	0
4002	1986	283	13305.6	5	20.5	1.1333	0.6	0
4002	1986	284	10886.4	4	18.6	1.0703	0.5	0
4002	1986	285	8294.4	7.5	14	1.1609	0.5	0
4002	1986	286	12528	5.7	20.6	1.1029	0.5	0
4002	1986	287	13219.2	3.6	21.7	1.0674	0.4	0
4002	1986	288	13046.4	4	19.5	1.1026	0.4	0
4002	1986	289	12528	4.5	18.5	1.1117	0.5	0
4002	1986	290	3456	8	11	1.1035	0.4	0
4002	1986	291	10886.4	5.4	17.4	1.1313	0.3	0
4002	1986	292	5875.2	3.2	15.5	0.9162	0.9	11.6
4002	1986	293	4579.2	5.1	15	1.108	1.6	25.5
4002	1986	294	5702.4	3.5	10	0.7186	1.6	18
4002	1986	295	3888	6	13.6	1.1743	1.1	28
4002	1986	296	4233.6	2	11.3	0.8701	1.2	7.9
4002	1986	297	8640	-1.3	10.1	0.669	0.5	0.1
4002	1986	298	4752	-2.5	11	0.6703	0.9	3.3
4002	1986	299	3024	1	4.8	0.7148	0.7	6.7
4002	1986	300	6480	-0.9	6.5	0.65	0.3	0.1
4002	1986	301	8380.8	-4.3	12.8	0.5793	0.2	0
4002	1986	302	2937.6	-2.9	7.6	0.6874	0.4	13
4002	1986	303	2851.2	4.4	6.5	0.8458	0.2	0
4002	1986	304	9849.6	-0.6	13.1	0.6943	0.7	0
4002	1986	305	2764.8	1.6	13.4	0.829	0.4	5.8
4002	1986	306	2764.8	1	8	0.8001	0.8	13.6
4002	1986	307	4320	0.2	3.9	0.6374	0.7	0
4002	1986	308	6912	-3.5	5.2	0.5328	0.5	0
4002	1986	309	8553.6	-4.6	7.6	0.4834	0.6	0
4002	1986	310	2592	2	8.9	0.6749	0.7	0.6
4002	1986	311	8294.4	-0.4	12.8	0.7108	0.1	0
4002	1986	312	8208	-2.1	18	0.7373	0.7	0
4002	1986	313	6480	2.1	9.3	0.7782	0.5	0
4002	1986	314	7862.4	-2.1	13.5	0.6958	0.4	0
4002	1986	315	7948.8	-2.4	14	0.7007	0.4	0
4002	1986	316	7776	-1.8	13.9	0.7035	0.4	0
4002	1986	317	6998.4	-3	14.3	0.6569	0.3	0
4002	1986	318	2678.4	0	16	0.6218	2.5	0
4002	1986	319	4406.4	4.5	21	0.8095	2.8	0
4002	1986	320	7516.8	2.5	16	0.9334	0.3	0
4002	1986	321	5443.2	1.9	15.5	0.8544	0.4	4.2
4002	1986	322	3628.8	-0.2	9	0.761	0.7	0
4002	1986	323	6220.8	-3.6	12.2	0.5647	0.6	0
4002	1986	324	3110.4	-0.8	11.2	0.6279	0.5	5.3
4002	1986	325	3024	-0.9	6.6	0.6823	0.6	4
4002	1986	326	2073.6	-1	8.2	0.7589	0.8	5.1
4002	1986	327	2073.6	1	5.1	0.7148	0.9	13.9
4002	1986	328	5356.8	-1.9	5.8	0.5907	1	0.8
4002	1986	329	6566.4	-2.6	10.3	0.7	0.4	0
4002	1986	330	6652.8	-2	12.9	0.6569	1	0.3
4002	1986	331	2851.2	-2.3	5.9	0.5705	0.7	0
4002	1986	332	6566.4	-6.4	4.3	0.4188	0.4	0
4002	1986	333	6048	-8	5	0.3723	0.2	0
4002	1986	334	6220.8	-6.8	7.5	0.445	0.3	0
4002	1986	335	6220.8	-7	8.9	0.4516	0.3	0
4002	1986	336	6220.8	-4.9	10.7	0.5191	0.3	0
4002	1986	337	6220.8	-4.8	11.5	0.5515	0.4	0
4002	1986	338	6134.4	-4	12.1	0.5549	0.4	0
4002	1986	339	6134.4	-4.8	9.5	0.4992	0.2	0
4002	1986	340	5443.2	-5	11	0.4698	0.8	0
4002	1986	341	5788.8	-0.5	10	0.6513	0.7	0
4002	1986	342	5875.2	-1.4	12.6	0.7001	0.3	0
4002	1986	343	4924.8	-3.4	12	0.6145	0.2	0
4002	1986	344	1900.8	-0.8	3.5	0.6466	0.1	0.7
4002	1986	345	2937.6	0.9	4.5	0.7047	0.5	0
4002	1986	346	2160	-2.7	0.9	0.5321	0.6	0
4002	1986	347	4752	-7.6	4.7	0.4671	0.2	1.1
4002	1986	348	1814.4	-0.5	3.3	0.649	0.5	8.6
4002	1986	349	5443.2	-3.5	3.2	0.5077	1	2
4002	1986	350	3715.2	-2.9	5.2	0.4847	2.1	13.6
4002	1986	351	1814.4	-0.7	0.7	0.5927	1	19.2
4002	1986	352	1814.4	-0.9	2.6	0.6303	1.3	26.9
4002	1986	353	1814.4	-2.1	5.4	0.5919	3	20.1
4002	1986	354	1814.4	-3.5	-0.5	0.4749	2.3	19.8
4002	1986	355	1814.4	-4.2	-0.6	0.4611	0.8	11.4
4002	1986	356	1814.4	-7.3	-2.7	0.3668	0.9	12.4
4002	1986	357	1814.4	-9.8	-5.1	0.297	0.8	4.5
4002	1986	358	1814.4	-13	-6.1	0.2432	0.4	1.4
4002	1986	359	5443.2	-14.5	-5	0.2218	0.5	3.2
4002	1986	360	1814.4	-9.2	1.6	0.42	0.9	16.7
4002	1986	361	1814.4	-3.5	-1	0.4818	0.9	23.9
4002	1986	362	1900.8	-3	1.7	0.5245	1.6	33.6
4002	1986	363	1900.8	-0.1	4.6	0.6969	1.4	5.1
4002	1986	364	3888	0	8.1	0.6202	1.4	0.3
4002	1986	365	1900.8	1	5.8	0.569	1.4	3.1
