*---------------------------------------------------------------------------*
* Station name: OHRINGEN                                
* Year: 2007
* Author: Pedro Alencar                                   -999.000: NIL VALUE
* Source: ECAD 
* Comments: 
* Longitude: 49.2081, latitude: 49.2081, altitude: 276 m.
*
* Column  Daily value
* 1       station number
* 2       year
* 3       day
* 4       irradiation                   (kJ m-2 d-1)
* 5       minimum temperature           (degrees Celsius)
* 6       maximum temperature           (degrees Celsius)
* 7       early morning vapour pressure (kPa)
* 8       mean wind speed (height: 2 m) (m s-1)
* 9       precipitation                 (mm d-1)
*
** WCCDESCRIPTION=GERMANY, OHRINGEN                                
** WCCFORMAT=2
** WCCYEARNR=2007
*---------------------------------------------------------------------------*
   49.2081  9.5183    276.  -0.18 -0.55
4003	2007	1	2505.6	2	13	0.7772	6.7	1.8
4003	2007	2	1382.4	2	4.9	0.6649	4.4	4.1
4003	2007	3	1641.6	3.5	6.1	0.7138	3.9	0.3
4003	2007	4	1382.4	4.6	8.2	0.6823	4.8	0.2
4003	2007	5	1382.4	6.2	8	0.8268	5.8	1.8
4003	2007	6	1382.4	6.2	10.8	0.965	2.7	2.6
4003	2007	7	2160	3.1	11	0.7536	4.7	0
4003	2007	8	2246.4	5.2	11	0.8204	4	3
4003	2007	9	1468.8	9	13.9	1.081	4.5	0.4
4003	2007	10	3888	7.9	15.2	0.9385	3.2	0.6
4003	2007	11	4233.6	4.1	10.9	0.715	7.4	2.7
4003	2007	12	2851.2	6.7	10.2	0.7738	6.8	0
4003	2007	13	2332.8	5.1	11.8	0.8954	5	0
4003	2007	14	5356.8	0.7	11.1	0.7241	4.7	0.5
4003	2007	15	6307.2	-2.5	8.8	0.6739	1.4	0
4003	2007	16	1555.2	-0.8	6	0.6776	1	0
4003	2007	17	2764.8	5.3	12.3	0.8602	3.3	2.3
4003	2007	18	1555.2	10.1	15.4	1.0597	9.3	13.2
4003	2007	19	2332.8	9.6	13.9	1.1164	9.4	1.4
4003	2007	20	2160	7.4	13.2	0.9514	6.8	9
4003	2007	21	4233.6	3.4	8.3	0.6568	5.8	0
4003	2007	22	1641.6	1.9	5.8	0.6115	2.2	0
4003	2007	23	1728	-4.5	2.3	0.3891	6.3	7.9
4003	2007	24	1728	-6.6	-4.1	0.3818	2.5	3.6
4003	2007	25	5529.6	-10.7	0.1	0.3297	1.5	0
4003	2007	26	6480	-13.3	-2.2	0.2663	2.2	0.8
4003	2007	27	1814.4	-4	1	0.5037	5.4	1.4
4003	2007	28	1814.4	0.9	4.3	0.6187	6.1	0.2
4003	2007	29	3024	2.5	4.5	0.7065	5.5	1
4003	2007	30	3196.8	2.9	6.5	0.743	1.6	0
4003	2007	31	1900.8	3.5	5.1	0.6644	2.8	0.1
4003	2007	32	1987.2	3.3	5.8	0.7606	3.1	0.1
4003	2007	33	1987.2	3.7	6.8	0.8253	1.8	0.4
4003	2007	34	5788.8	1.4	7	0.6927	2.4	0
4003	2007	35	5529.6	0.1	8.8	0.6882	1.4	0
4003	2007	36	2937.6	-1.8	5.2	0.6216	2.3	2
4003	2007	37	2160	1.3	3.6	0.6704	1.6	2.2
4003	2007	38	2160	1.2	3.7	0.6704	1.4	4.2
4003	2007	39	2592	1.1	8	0.7268	2.5	5.3
4003	2007	40	4320	0.9	8.3	0.67	2.8	0.3
4003	2007	41	2678.4	0.7	8.4	0.693	1.9	1
4003	2007	42	2764.8	4.7	7.8	0.7894	4.1	10.4
4003	2007	43	2332.8	5.9	9.2	0.863	4	9.2
4003	2007	44	2851.2	4.6	8.3	0.7907	7.1	3.8
4003	2007	45	2419.2	2.1	9	0.743	1.9	13.7
4003	2007	46	7776	0.4	9.4	0.6668	3.7	0
4003	2007	47	10195.2	-0.2	10.9	0.6344	4	0
4003	2007	48	9331.2	1.1	10.3	0.65	3.5	0
4003	2007	49	10195.2	-1.1	8.9	0.6379	1.4	0
4003	2007	50	2592	2.2	5.1	0.7061	1.4	0
4003	2007	51	7603.2	1.3	12.7	0.8412	1.7	0
4003	2007	52	10454.4	0.5	14.5	0.7875	1.8	0.3
4003	2007	53	10800	3.9	13.2	0.8458	1.7	0
4003	2007	54	5788.8	3	13.9	0.8401	1.4	0.3
4003	2007	55	6307.2	6.4	12.7	0.8453	3.2	5.6
4003	2007	56	5184	5.2	10.6	0.7987	3.7	4.2
4003	2007	57	3456	4.6	8.1	0.8523	5	8.5
4003	2007	58	3542.4	3.6	8.4	0.8039	4.8	5.4
4003	2007	59	5443.2	6.4	12.1	0.9334	6.7	7.3
4003	2007	60	3628.8	5.3	10.9	0.8528	6.4	6.9
4003	2007	61	8380.8	3.1	8.9	0.6917	5.1	2.6
4003	2007	62	5788.8	4.5	12.1	0.7988	7.4	1.6
4003	2007	63	11491.2	0.7	14	0.718	2.3	0
4003	2007	64	6566.4	4.4	11.6	0.7291	3.6	0.2
4003	2007	65	8035.2	4.3	16.2	0.786	2.2	1.2
4003	2007	66	6912	4.2	12.5	0.8344	2.5	1.6
4003	2007	67	10195.2	1.3	10.6	0.708	1.5	0
4003	2007	68	7948.8	1.6	12.3	0.7285	1.9	4.1
4003	2007	69	12268.8	0.5	10.5	0.6862	2.6	0
4003	2007	70	15638.4	-1	12.8	0.6498	2.1	0
4003	2007	71	16156.8	2.7	16.6	0.7431	3.1	0
4003	2007	72	16156.8	0.5	15.5	0.7291	1.7	0
4003	2007	73	14515.2	1.1	15.1	0.8096	1.6	0
4003	2007	74	16070.4	1.9	16.2	0.7828	1.8	0
4003	2007	75	16070.4	0.6	14.7	0.7328	1.7	0
4003	2007	76	3974.4	3	8.5	0.7258	5.5	0.3
4003	2007	77	4579.2	3.9	10.4	0.7588	7.1	9.7
4003	2007	78	7776	1.2	6.9	0.6528	2.9	4
4003	2007	79	9417.6	-0.6	6.5	0.5738	2.6	0
4003	2007	80	11923.2	0.1	5	0.5871	2.4	2.5
4003	2007	81	4233.6	0	2.3	0.6308	4.1	17.3
4003	2007	82	7171.2	0	5.8	0.6922	1.9	7.2
4003	2007	83	4406.4	0	4.6	0.6849	1.6	2.7
4003	2007	84	12528	2.3	13.9	0.7664	4.9	0
4003	2007	85	19008	5.1	16.7	0.7166	5.9	0
4003	2007	86	18748.8	4.8	15.6	0.6093	5.3	0
4003	2007	87	17452.8	2.5	15.6	0.6216	2.9	0
4003	2007	88	10800	2.8	13.7	0.7852	1.6	0.2
4003	2007	89	17193.6	2.7	16.9	0.799	2.9	0
4003	2007	90	6739.2	4.7	10	0.8513	1.9	0.4
4003	2007	91	17625.6	2.6	17.4	0.8712	2.6	0.6
4003	2007	92	19267.2	4.8	18.7	0.8683	2.6	0
4003	2007	93	15897.6	2.6	16.7	0.791	2.6	0.1
4003	2007	94	13564.8	3.3	11.3	0.6746	4.8	0
4003	2007	95	20736	-1.1	14.9	0.5669	1.6	0
4003	2007	96	20563.2	1.7	19.2	0.7839	1.3	0
4003	2007	97	16416	3.3	16.8	0.8371	2.2	0
4003	2007	98	22032	1.3	16.5	0.6837	1.9	0
4003	2007	99	21772.8	1.3	18.2	0.6998	2.4	0
4003	2007	100	21686.4	3.2	19	0.8186	2	0
4003	2007	101	21772.8	4.8	20.1	0.9381	2.2	0
4003	2007	102	22377.6	7.8	23.8	1.0577	3.6	0
4003	2007	103	20563.2	10.4	25.5	1.1504	3.9	0
4003	2007	104	22982.4	11.2	26.8	1.053	3.8	0
4003	2007	105	23673.6	11	26.2	0.8559	3.8	0
4003	2007	106	23587.2	10.5	25.4	0.9039	3	0
4003	2007	107	22896	7.5	25.5	0.9372	2	0.5
4003	2007	108	15638.4	3.6	13.9	0.6543	2.3	0
4003	2007	109	24019.2	1.4	18.5	0.6481	1.6	0
4003	2007	110	22809.6	3.1	18.2	0.7176	1.9	0
4003	2007	111	24364.8	3	19.6	0.6957	2.9	0
4003	2007	112	24105.6	4.8	23.9	0.784	2.1	0
4003	2007	113	24278.4	6.3	23.9	0.9085	2.2	0
4003	2007	114	17452.8	12.6	24.5	1.1945	1.7	0
4003	2007	115	25142.4	12.7	25.6	1.1293	3.1	0
4003	2007	116	24624	10.8	25.3	0.9509	2.9	0
4003	2007	117	25488	10.6	26.5	1.0025	2	0
4003	2007	118	25488	8.7	26.6	1.0886	1.4	0
4003	2007	119	24710.4	10	24.9	1.055	3	0
4003	2007	120	26006.4	6.8	21	0.698	4	0
4003	2007	121	26265.6	6.2	20.6	0.6143	3.9	0
4003	2007	122	26524.8	6.2	21	0.4823	4.7	0
4003	2007	123	21859.2	5.2	21.1	0.6799	2.2	0
4003	2007	124	19526.4	10.2	22.1	0.8799	3.6	0
4003	2007	125	6307.2	11.7	16.6	1.0802	4.5	0.1
4003	2007	126	24192	7.8	23.5	0.9588	2.1	0
4003	2007	127	7948.8	13	15.9	1.0849	5.5	8.2
4003	2007	128	14860.8	10.7	17	1.265	6.7	16.2
4003	2007	129	6480	10.5	14.3	1.309	5	22.4
4003	2007	130	21513.6	12.7	22.6	1.1289	4.6	0
4003	2007	131	16156.8	10.2	20.3	0.9173	6.3	1
4003	2007	132	19958.4	10	19.4	1.0358	4.5	0
4003	2007	133	24710.4	8.3	27.4	1.1432	2.4	1.3
4003	2007	134	12268.8	9.4	19.4	1.3108	3	13.1
4003	2007	135	10368	6.3	12.5	1.0018	3	0.7
4003	2007	136	11145.6	5.9	16.2	1.0659	2.5	10.4
4003	2007	137	9158.4	5.5	12.1	1.0187	1.8	2.5
4003	2007	138	23155.2	3.6	19	1.0302	1.5	0
4003	2007	139	28512	7.3	24.8	1.2204	1.5	0
4003	2007	140	28598.4	11.4	27.3	1.2331	2.5	0
4003	2007	141	28598.4	12	28.5	1.4223	1.6	0
4003	2007	142	22032	14.6	26.3	1.5359	1.7	0
4003	2007	143	26352	13.5	28.1	1.692	1.8	0
4003	2007	144	28512	15.8	29.6	1.652	2.8	0
4003	2007	145	24105.6	16.4	30	1.7027	1.5	0.1
4003	2007	146	19267.2	15.3	28.9	1.7788	1.9	5.6
4003	2007	147	20131.2	13.9	23.2	1.6211	2.6	7.4
4003	2007	148	6998.4	8.4	13.9	1.2319	4.1	22.4
4003	2007	149	6998.4	8.3	10.3	1.1004	6	41.3
4003	2007	150	26697.6	7.4	18.1	0.8978	1.8	0
4003	2007	151	23760	10	20.8	0.9786	2.1	0
4003	2007	152	6825.6	12.1	14.7	1.3053	2.4	15.4
4003	2007	153	17020.8	12.1	22.3	1.548	2	1.1
4003	2007	154	20131.2	12.7	24.2	1.5474	1.7	0
4003	2007	155	17625.6	13.9	25.2	1.6571	2.6	0
4003	2007	156	22896	15.1	25.8	1.6319	2.9	0
4003	2007	157	25920	14.1	27.2	1.6279	3.3	0
4003	2007	158	28512	16.5	29.6	1.6592	3.2	0
4003	2007	159	29116.8	16.1	29	1.5552	2.2	0
4003	2007	160	20649.6	15.2	26	1.7682	1.6	0
4003	2007	161	27820.8	14.9	29.5	1.6828	1.6	3.7
4003	2007	162	19785.6	16.3	26	1.8289	1.9	1.6
4003	2007	163	16243.2	15.9	24.7	1.7596	2.9	0.2
4003	2007	164	25920	14.6	25.8	1.5597	1.7	0
4003	2007	165	23068.8	15.3	28.7	1.7416	1.7	10.7
4003	2007	166	10540.8	12.8	22	1.647	3.2	3
4003	2007	167	24278.4	11.7	21	1.3182	2.7	5.2
4003	2007	168	27043.2	12.4	26.1	1.4037	1.9	5.1
4003	2007	169	21427.2	16.3	25.2	1.7112	3.2	0
4003	2007	170	29980.8	15.2	29.8	1.6321	1.8	0
4003	2007	171	22377.6	17.4	29	1.8162	2.2	17.7
4003	2007	172	11491.2	14.6	20.8	1.6582	3.4	0.7
4003	2007	173	19094.4	12.3	21.6	1.4273	2.4	0.3
4003	2007	174	12528	12.9	18.9	1.4073	4.1	10
4003	2007	175	28684.8	12.2	26.2	1.2883	1.8	0.5
4003	2007	176	18662.4	11.6	26.6	1.6335	2.9	6.7
4003	2007	177	12700.8	11.9	17.5	1.2529	5.8	2.4
4003	2007	178	13305.6	10.5	16.9	1.1118	4	1.2
4003	2007	179	12528	11.8	16.9	1.1923	4	3.6
4003	2007	180	12268.8	11.5	20.4	1.267	2.4	1
4003	2007	181	16156.8	13.1	20.5	1.4902	2.9	3.3
4003	2007	182	19612.8	12.8	25.3	1.5404	1.9	1.5
4003	2007	183	14515.2	13.7	21.4	1.5826	2.5	3.7
4003	2007	184	13392	13.2	20.2	1.4428	2.5	9.1
4003	2007	185	17366.4	10.5	16.7	1.2913	4.8	12.1
4003	2007	186	9072	11.6	15.7	1.3111	6	3.6
4003	2007	187	16588.8	12.4	21.3	1.3799	5.3	2.3
4003	2007	188	21945.6	11.4	21.5	1.1585	4.2	0
4003	2007	189	18316.8	13.4	23.8	1.4764	1.5	4.5
4003	2007	190	12096	13	19.4	1.3793	4	0
4003	2007	191	16761.6	11.1	17.1	1.2374	3.6	3.7
4003	2007	192	18057.6	9.4	19.6	1.2039	3.1	2.6
4003	2007	193	12009.6	12.6	20.6	1.3582	3.8	0.1
4003	2007	194	19526.4	15.3	26.2	1.7112	2.3	0.2
4003	2007	195	29116.8	15.4	31.7	1.681	1.8	0
4003	2007	196	28252.8	16.8	36.2	1.8998	2	0
4003	2007	197	27734.4	18.1	35.2	1.6727	1.6	0
4003	2007	198	21427.2	18.1	26.4	1.554	2.9	7.7
4003	2007	199	19094.4	17.1	27.1	2.0443	1.2	1.1
4003	2007	200	18921.6	16.3	26.8	1.8742	2.4	0.1
4003	2007	201	20649.6	19	32.2	2.2928	2.6	0
4003	2007	202	7689.6	15	19.8	1.6867	2.1	5.1
4003	2007	203	21772.8	12.7	22.7	1.3751	3.8	0
4003	2007	204	17193.6	12.1	28.6	1.5981	2.7	3.3
4003	2007	205	12096	13.7	19.4	1.3539	4.6	1.4
4003	2007	206	25747.2	12.2	23.4	1.3024	3	0
4003	2007	207	27216	10.7	28.4	1.2939	1.8	0
4003	2007	208	14342.4	15.8	21.7	1.3823	4.6	0
4003	2007	209	13651.2	15.9	23.6	1.7008	3.8	3.7
4003	2007	210	8121.6	12.5	21.1	1.5475	3.9	4.7
4003	2007	211	20736	10.5	18.8	1.0824	3.5	0
4003	2007	212	21686.4	9	19	1.0378	1.8	0
4003	2007	213	27388.8	7.2	24.3	0.9471	2.6	0.1
4003	2007	214	16329.6	13.7	24.7	1.4882	3	1
4003	2007	215	12700.8	14.2	22.5	1.6009	1.9	0
4003	2007	216	26352	11.4	26.5	1.3996	1.3	0
4003	2007	217	26784	13.7	28.5	1.1989	3.1	0
4003	2007	218	26352	13	31	1.2139	1.9	0
4003	2007	219	6048	17.1	20.4	1.8574	2.3	13.4
4003	2007	220	5961.6	13.9	17.3	1.6461	2.2	29.8
4003	2007	221	5961.6	12.9	15.1	1.453	2.7	6.8
4003	2007	222	5961.6	12.8	14.8	1.4658	2.4	9.4
4003	2007	223	11577.6	14.6	21.9	1.7793	2.2	0
4003	2007	224	19267.2	12.3	24.5	1.6693	1.5	11.3
4003	2007	225	20563.2	15.2	24	1.7534	2.4	0
4003	2007	226	22204.8	15	27.5	1.8149	1.4	0
4003	2007	227	20044.8	17.9	31	1.8048	2.6	0
4003	2007	228	12182.4	13	26.3	1.5532	3.9	0.1
4003	2007	229	19699.2	11.5	21.4	1.2519	2.4	0
4003	2007	230	19699.2	9.9	23.3	1.245	1.4	0
4003	2007	231	18921.6	14.2	23.8	1.4259	1.7	0
4003	2007	232	11318.4	13.1	20.4	1.3522	1.8	0.6
4003	2007	233	10368	13.4	20.8	1.4993	1.4	0.9
4003	2007	234	17971.2	13.5	23.8	1.4595	1.9	0.4
4003	2007	235	18057.6	12.5	24.6	1.5357	1.5	0.2
4003	2007	236	23414.4	11.3	26.8	1.5184	1.5	0
4003	2007	237	22809.6	13.1	28.1	1.5744	1.4	0
4003	2007	238	22809.6	14.4	27.3	1.6972	2	0
4003	2007	239	18144	14.2	25.4	1.6138	1.7	0
4003	2007	240	16675.2	12	22.3	1.172	2.3	0
4003	2007	241	7948.8	12.8	20.3	1.1847	3.1	0
4003	2007	242	20649.6	9.9	21.4	1.0476	2.3	0
4003	2007	243	8985.6	10.4	18.9	1.2655	2.5	0.2
4003	2007	244	8640	12.4	19.5	1.3937	2.5	0.5
4003	2007	245	8553.6	11.1	20.9	1.3618	1.9	0.1
4003	2007	246	7171.2	10.2	16.6	1.29	3.1	16.6
4003	2007	247	12960	6.6	15.2	1.0683	2.7	5
4003	2007	248	14515.2	5.7	15.6	0.9867	2.7	0
4003	2007	249	10800	4.4	13.6	1.0096	2.4	0
4003	2007	250	4665.6	10.8	15.9	1.3317	2.5	0.3
4003	2007	251	6912	12.4	18.1	1.3846	2.3	0.5
4003	2007	252	11577.6	7.3	18.5	1.1296	2.9	0
4003	2007	253	5961.6	6.2	14.9	1.0565	3.5	5.5
4003	2007	254	5875.2	9.8	15.5	1.1844	3.5	0.2
4003	2007	255	11404.8	9.1	19.6	1.2576	1.3	0
4003	2007	256	18489.6	6.8	21.1	1.1459	1.9	0
4003	2007	257	17193.6	8.4	22.1	1.2461	2.5	0.9
4003	2007	258	15897.6	9	20.3	1.1323	1.8	0
4003	2007	259	17193.6	7.7	22.6	1.2553	1.8	0
4003	2007	260	12182.4	11.1	24.7	1.5564	1.6	20.9
4003	2007	261	6825.6	6.9	15.3	1.1354	3.6	0.6
4003	2007	262	11491.2	4.4	14.8	0.9317	1.5	0
4003	2007	263	16761.6	3.6	18.2	0.9381	1.4	0
4003	2007	264	15897.6	5.9	22	1.1618	1.2	0
4003	2007	265	16675.2	7.7	23.9	1.3266	1.3	0
4003	2007	266	16416	9.2	24.6	1.4035	1.2	0
4003	2007	267	15552	10.7	24.3	1.4977	1.5	4.2
4003	2007	268	9331.2	7.9	16.5	1.1358	2.5	0.4
4003	2007	269	8553.6	5.3	15.3	0.9889	1.6	1.7
4003	2007	270	4320	8.7	14	1.1947	1.9	11.9
4003	2007	271	3628.8	8.8	11.3	1.0957	2.5	1.7
4003	2007	272	12787.2	8.2	17.5	1.0223	4.6	0
4003	2007	273	15120	5.9	20.4	1.0576	1.4	0
4003	2007	274	13564.8	9.2	23	1.3705	1.5	0
4003	2007	275	4838.4	13.8	19.3	1.5984	1	5.8
4003	2007	276	8726.4	15	22.2	1.8615	1.6	1.6
4003	2007	277	8985.6	14.2	22.3	1.8002	1.3	0.4
4003	2007	278	8208	9.4	19.6	1.3028	2	0
4003	2007	279	12787.2	7	16.6	1.0509	3	0
4003	2007	280	13651.2	6.1	17.6	1.0267	2.3	0
4003	2007	281	13478.4	3.8	17.4	0.9961	1.2	0
4003	2007	282	11836.8	4.4	16.9	1.0123	1.3	0
4003	2007	283	9936	5.7	18.1	1.0579	1.8	0
4003	2007	284	12268.8	3.7	16.1	0.9872	1.7	0
4003	2007	285	2937.6	4.6	11.8	0.9673	1.4	0
4003	2007	286	8812.8	5.8	16.3	1.0001	2.1	0
4003	2007	287	12355.2	4.1	17.1	0.8301	2.6	0
4003	2007	288	12182.4	3.2	19.5	1.0067	1.4	0
4003	2007	289	11923.2	5.8	20.2	1.1819	1.2	0
4003	2007	290	9244.8	8.5	19.2	1.1859	2.6	2.8
4003	2007	291	7603.2	4.8	11.5	0.8665	3.2	0.2
4003	2007	292	4320	0.6	9.9	0.772	2.1	1.9
4003	2007	293	7084.8	-2.3	7.9	0.635	1.2	0.9
4003	2007	294	2592	1.2	5.1	0.6893	1.2	0.9
4003	2007	295	7948.8	1.5	8	0.6256	3.4	0
4003	2007	296	2505.6	2.4	6.7	0.6423	3.2	0
4003	2007	297	2505.6	4.2	8.2	0.7487	4	0
4003	2007	298	2419.2	5.6	9.3	0.8262	3.2	0
4003	2007	299	2419.2	7.4	9.4	0.8483	2.7	0
4003	2007	300	2332.8	6.9	9.2	0.8606	1.2	0
4003	2007	301	4320	4.3	11.6	0.8334	1	0
4003	2007	302	7603.2	2.6	13	0.8461	1.3	0.4
4003	2007	303	2246.4	1.3	9.1	0.8047	1.8	2
4003	2007	304	3542.4	0.7	8.5	0.7972	1.2	0
4003	2007	305	9158.4	-1.3	11.1	0.7621	1.2	0
4003	2007	306	2160	0.1	9.6	0.7508	0.8	0
4003	2007	307	3369.6	7.6	13	1.0766	1.4	0.2
4003	2007	308	3888	6.7	11.3	0.8834	1.5	0
4003	2007	309	8467.2	1.4	11.5	0.6943	1.4	1.4
4003	2007	310	3715.2	3.3	9.5	0.8072	4.2	2.2
4003	2007	311	1987.2	4.1	7.2	0.7847	5.9	2.8
4003	2007	312	1987.2	6.8	9.7	0.9596	4.8	8.5
4003	2007	313	2505.6	2.3	8.9	0.7456	7.1	4.6
4003	2007	314	1900.8	0.3	5.7	0.6744	6.1	16.9
4003	2007	315	1900.8	2.5	9.5	0.8132	7.1	6.8
4003	2007	316	4147.2	2.2	5.9	0.6446	5.5	0
4003	2007	317	1814.4	0.7	4.7	0.6231	4.8	8.9
4003	2007	318	1814.4	-0.6	2.4	0.5869	2.1	1.9
4003	2007	319	3628.8	-1	4.1	0.5808	1.9	0.7
4003	2007	320	5529.6	-1.9	2.9	0.5385	1.2	0
4003	2007	321	1728	-0.8	1.7	0.5492	0.8	0.4
4003	2007	322	4147.2	1	4.8	0.6395	2.7	0
4003	2007	323	1641.6	-0.7	4.4	0.5516	2.1	0
4003	2007	324	2851.2	-0.2	4.2	0.6069	3.2	0
4003	2007	325	1641.6	0.8	6.3	0.6696	2.2	0.5
4003	2007	326	1555.2	4.3	10.4	0.8923	2	0.9
4003	2007	327	1555.2	4.2	5.9	0.8314	1.2	4.2
4003	2007	328	6048	-2	6.6	0.5984	2.2	0
4003	2007	329	1555.2	-2.2	4.3	0.6065	4.6	3.4
4003	2007	330	3456	0.3	4.3	0.6417	4.8	2.4
4003	2007	331	3888	-1.3	5	0.6214	2.5	0
4003	2007	332	6220.8	-2.7	5.7	0.5788	2.2	0
4003	2007	333	5097.6	-3.4	4	0.5495	1.2	4.5
4003	2007	334	1728	2.5	7.2	0.7681	3	0.1
4003	2007	335	1468.8	4.8	8.7	0.8367	2.8	1.1
4003	2007	336	1382.4	4.9	10.8	0.7959	6	11
4003	2007	337	2851.2	3.6	7.9	0.7258	7.6	9.2
4003	2007	338	2332.8	3.8	6.3	0.7439	4.6	0.7
4003	2007	339	1382.4	4.9	11.3	0.8851	2	0.8
4003	2007	340	1382.4	7.5	10.3	0.9344	4.3	15.6
4003	2007	341	1641.6	5.7	12.8	0.9684	5.6	7.1
4003	2007	342	2678.4	3.2	6.3	0.6942	3.6	2.2
4003	2007	343	2419.2	4.2	9.6	0.8354	3.6	3.1
4003	2007	344	1296	4.7	6.7	0.7782	3.9	10.7
4003	2007	345	1296	3.8	5.2	0.7916	2.9	7.6
4003	2007	346	1296	3.4	4.5	0.7293	1.8	0.3
4003	2007	347	1641.6	-0.8	5.7	0.6121	2.8	0
4003	2007	348	1296	-2.2	0.4	0.4349	3	0
4003	2007	349	4579.2	-3.4	0.5	0.4012	4	0
4003	2007	350	3369.6	-3.8	0.2	0.4124	4.4	0
4003	2007	351	3542.4	-3.7	1	0.3986	5.7	0
4003	2007	352	4320	-5.1	1.7	0.4208	3	0
4003	2007	353	5184	-6.1	3.7	0.4422	1.6	0
4003	2007	354	5184	-5.4	3.7	0.4594	2.7	0
4003	2007	355	5184	-6.4	1	0.4159	1.5	0
4003	2007	356	5097.6	-8	1.7	0.407	1.3	0
4003	2007	357	1296	-8.3	-4.7	0.3534	1	0
4003	2007	358	1296	-8.2	-1.3	0.4125	0.9	0
4003	2007	359	4924.8	-9.1	1.5	0.4015	1.7	0
4003	2007	360	1296	-5.1	-0.3	0.4559	1.3	2.4
4003	2007	361	2246.4	-1	1.8	0.5912	1.3	0
4003	2007	362	4665.6	-4.9	2.5	0.487	1.4	0
4003	2007	363	3974.4	-6.8	4.7	0.4754	1.3	0.5
4003	2007	364	1296	1.6	4.7	0.6969	3.1	1.3
4003	2007	365	1296	0.4	2.8	0.6515	1.5	0.4
