*---------------------------------------------------------------------------*
* Station name: OHRINGEN                                
* Year: 2019
* Author: Pedro Alencar                                   -999.000: NIL VALUE
* Source: ECAD 
* Comments: 
* Longitude: 49.2081, latitude: 49.2081, altitude: 276 m.
*
* Column  Daily value
* 1       station number
* 2       year
* 3       day
* 4       irradiation                   (kJ m-2 d-1)
* 5       minimum temperature           (degrees Celsius)
* 6       maximum temperature           (degrees Celsius)
* 7       early morning vapour pressure (kPa)
* 8       mean wind speed (height: 2 m) (m s-1)
* 9       precipitation                 (mm d-1)
*
** WCCDESCRIPTION=GERMANY, OHRINGEN                                
** WCCFORMAT=2
** WCCYEARNR=2019
*---------------------------------------------------------------------------*
   49.2081  9.5183    276.  -0.18 -0.55
4003	2019	1	1382.4	3.4	6.1	0.7884	5.1	2.3
4003	2019	2	2505.6	-1.5	4.3	0.4867	4.6	0.1
4003	2019	3	1814.4	-4.7	0.3	0.4472	2	0.6
4003	2019	4	1382.4	-0.5	1.4	0.5808	3.3	3.7
4003	2019	5	1382.4	0.1	3.9	0.6845	5.6	10.8
4003	2019	6	1382.4	3.6	4.6	0.7861	4.3	2.5
4003	2019	7	1382.4	1.5	3.7	0.685	3.3	3.3
4003	2019	8	2160	1.5	5.9	0.7086	6.9	10.6
4003	2019	9	1468.8	-0.3	3.1	0.5814	4.6	1.1
4003	2019	10	1468.8	-2.3	1.8	0.486	2.1	0
4003	2019	11	1468.8	-2.2	0.2	0.5055	3.2	5.5
4003	2019	12	1468.8	0.2	3.7	0.661	5.1	7.2
4003	2019	13	1468.8	3.6	7.9	0.8544	7	16.9
4003	2019	14	2505.6	1.4	5.8	0.6641	4.8	5.6
4003	2019	15	1555.2	0.5	5	0.603	4.5	0
4003	2019	16	4838.4	2.3	6.1	0.5772	2.7	0
4003	2019	17	1555.2	1.2	7.1	0.641	5.6	4.5
4003	2019	18	3715.2	-2.3	2.6	0.5003	2.7	0.5
4003	2019	19	6480	-5.9	1.7	0.4138	2.4	0
4003	2019	20	4492.8	-7	-1.9	0.3736	2.6	0
4003	2019	21	4492.8	-6.6	-1.9	0.3882	2.3	0
4003	2019	22	4579.2	-7.6	-1.1	0.3631	1.9	0
4003	2019	23	1728	-4.5	-2.1	0.3737	2.8	0.6
4003	2019	24	1728	-5	-2.8	0.3894	1.7	0.3
4003	2019	25	1728	-6.2	0.1	0.4003	2.3	0.7
4003	2019	26	1814.4	-1.2	5	0.6306	3.9	0.9
4003	2019	27	2851.2	1.2	8.7	0.6605	4.4	2.6
4003	2019	28	1814.4	0.4	2.3	0.5928	6	2.4
4003	2019	29	2246.4	-1.6	2.2	0.5308	3	0
4003	2019	30	3283.2	-1.8	4.3	0.4615	4.1	0.4
4003	2019	31	4406.4	-2.8	3.8	0.4688	2.2	0.9
4003	2019	32	1987.2	0.5	4.1	0.6272	2.3	3.1
4003	2019	33	2592	0.7	5.7	0.7147	1.4	0
4003	2019	34	1987.2	1	2.9	0.5625	3.4	0.1
4003	2019	35	8208	-3	5.6	0.49	2	0
4003	2019	36	8380.8	-3.7	6.1	0.5064	1.4	0
4003	2019	37	8208	-4	6.7	0.5187	2.4	0
4003	2019	38	2160	-3.4	3.6	0.5354	1.5	1.3
4003	2019	39	6739.2	3.2	10.4	0.6717	2.8	1.3
4003	2019	40	3369.6	5.2	10.2	0.6723	5.1	0.2
4003	2019	41	2937.6	4.5	13.5	0.7572	6	7.2
4003	2019	42	2764.8	1.8	5.8	0.6494	6.1	0.5
4003	2019	43	3369.6	0.2	5.2	0.5786	3	0
4003	2019	44	8899.2	-2.1	10	0.5996	1.4	0
4003	2019	45	8294.4	-1.8	11.7	0.617	1.8	0
4003	2019	46	10022.4	1	16.4	0.6746	2.9	0
4003	2019	47	10108.8	-0.7	16	0.6805	1.5	0
4003	2019	48	10368	-0.5	17	0.7415	1.7	0
4003	2019	49	10454.4	-0.7	16.4	0.7004	1.4	0
4003	2019	50	4406.4	0.5	9.1	0.6708	1.9	0
4003	2019	51	9849.6	-0.7	11.1	0.7075	1.5	0
4003	2019	52	5356.8	0.6	11.5	0.7504	1.4	0
4003	2019	53	4752	3.5	12.6	0.7961	2.4	0
4003	2019	54	10195.2	0.1	9.8	0.4867	4.2	0
4003	2019	55	11577.6	-1.5	13.9	0.3507	3.7	0
4003	2019	56	11750.4	0.9	17.1	0.5277	3.3	0
4003	2019	57	11923.2	0.9	18.9	0.7435	1.7	0
4003	2019	58	12096	0.4	19.2	0.7022	1.5	0
4003	2019	59	11836.8	1.1	18	0.7143	4.9	1
4003	2019	60	3196.8	6.8	10	0.9254	4.1	1.5
4003	2019	61	3974.4	5.4	10	0.8614	3.1	0.3
4003	2019	62	3283.2	8.4	12	0.8083	4.4	0
4003	2019	63	5529.6	4.4	13.6	0.7113	6	3.6
4003	2019	64	4579.2	4.6	8.1	0.7374	5.1	2.4
4003	2019	65	12355.2	3.3	16.5	0.7557	2.9	0
4003	2019	66	7516.8	7	13.4	0.7337	5.3	1.5
4003	2019	67	7862.4	5.2	9.6	0.6998	5.5	2.8
4003	2019	68	3628.8	4.8	11.3	0.7531	6.9	3.7
4003	2019	69	6307.2	4.4	13.9	0.7997	8.6	8
4003	2019	70	10195.2	1.1	6.7	0.5087	7	0.3
4003	2019	71	13305.6	1.3	10.8	0.4596	4	0
4003	2019	72	7257.6	3.8	10.3	0.6732	7.5	6.1
4003	2019	73	3888	4	6.6	0.7658	5.9	13.3
4003	2019	74	3888	6.2	11.1	0.9972	7.4	13.7
4003	2019	75	6912	5.7	13.1	0.9311	7.2	0
4003	2019	76	11491.2	3.2	15.3	0.8284	4.5	2.6
4003	2019	77	9417.6	1.5	8.3	0.6755	3.6	1
4003	2019	78	14688	-0.1	10.5	0.6279	1.4	0
4003	2019	79	17539.2	-1.8	12.2	0.5571	1.6	0
4003	2019	80	17712	-0.5	16.3	0.5963	2.7	0
4003	2019	81	16934.4	1.4	19.3	0.7034	2.5	0
4003	2019	82	17971.2	1.5	18.4	0.7582	1.7	0
4003	2019	83	14515.2	2.3	15.7	0.8375	2.1	0
4003	2019	84	11577.6	2.4	9.6	0.6637	4.2	0.6
4003	2019	85	9676.8	1.1	9.6	0.6255	2.3	0
4003	2019	86	10972.8	2.2	12	0.615	1.7	0
4003	2019	87	13564.8	1.2	15.1	0.7474	2.4	0
4003	2019	88	18576	5	17.5	0.8534	2.9	0
4003	2019	89	19612.8	2.9	19.7	0.7626	1.8	0
4003	2019	90	19267.2	3.5	20.3	0.7656	2.7	0
4003	2019	91	18748.8	4.4	18	0.8373	4	0
4003	2019	92	17625.6	6.1	21.6	0.8064	2.5	1.9
4003	2019	93	8899.2	4.4	14.5	0.9342	2.8	3.2
4003	2019	94	4924.8	4	5.8	0.7881	3.2	1
4003	2019	95	5011.2	3.1	8.7	0.7891	2	0
4003	2019	96	11145.6	1.9	17.8	0.911	2.1	0
4003	2019	97	14688	6	17.2	0.8461	2.2	0
4003	2019	98	10713.6	8.5	15	1.0475	2.8	0
4003	2019	99	7084.8	8.3	15.8	1.1668	1.7	13.3
4003	2019	100	12528	5.1	13.7	0.7779	3.3	0
4003	2019	101	22118.4	1.4	12.5	0.5489	3.5	0
4003	2019	102	8985.6	1.3	9.6	0.5129	3.3	0
4003	2019	103	6048	0.4	5.7	0.5779	2.6	6.7
4003	2019	104	18230.4	0.1	10.8	0.6569	2.9	0
4003	2019	105	22204.8	0.6	17.5	0.6907	3.5	0
4003	2019	106	19440	4.6	18.9	0.7305	2.8	0.5
4003	2019	107	16329.6	9.4	20.6	1.0559	2.4	0.2
4003	2019	108	23673.6	8.1	21.6	0.7928	4.7	0
4003	2019	109	23932.8	8.2	23.9	0.7833	3.6	0
4003	2019	110	24019.2	9.4	24.4	0.7691	3.3	0
4003	2019	111	24278.4	8.4	24.8	0.698	3.5	0
4003	2019	112	22723.2	9	24.8	0.6729	4.5	0
4003	2019	113	11059.2	10.4	23	0.9302	3.9	0
4003	2019	114	22032	7.2	26.3	1.0855	3.3	0
4003	2019	115	22896	6.8	26.3	0.9402	3.9	0
4003	2019	116	5961.6	7.4	10.2	0.9734	3	6.7
4003	2019	117	14515.2	4.8	14.4	1.0153	3	13.3
4003	2019	118	16416	4.7	12.9	0.8263	2.6	0.5
4003	2019	119	6048	3.1	12.9	0.922	2.5	8.5
4003	2019	120	16329.6	6.6	16.7	1.0269	2.1	0
4003	2019	121	25920	3.5	20.1	0.8988	1.6	0
4003	2019	122	21081.6	5.3	19	1.0188	3	1.7
4003	2019	123	12700.8	7.2	14.6	0.9771	2.9	0.1
4003	2019	124	6307.2	2.8	8.1	0.7738	2.4	5.7
4003	2019	125	17452.8	1	10.7	0.6383	2	0
4003	2019	126	13219.2	1.8	12.9	0.6974	2	0.1
4003	2019	127	21859.2	0.3	15	0.6281	1.7	0
4003	2019	128	7430.4	7.2	13.1	0.9543	2.5	14.3
4003	2019	129	9504	8.6	12.3	1.0495	3.5	9.6
4003	2019	130	20736	9.2	16.2	1.0856	3	2.9
4003	2019	131	14428.8	7.3	18.2	1.1628	4.3	2.5
4003	2019	132	22204.8	5.4	14.8	0.8029	3.2	0
4003	2019	133	27216	3.8	16.3	0.6525	3.3	0
4003	2019	134	26006.4	2.7	15.4	0.5986	3.6	0
4003	2019	135	23846.4	2.3	14.8	0.6344	3.2	0
4003	2019	136	10972.8	4.1	15.3	0.7817	2.1	0
4003	2019	137	22291.2	7.3	21.5	1.1961	3.1	19.3
4003	2019	138	17020.8	9.6	21	1.4585	2	9.2
4003	2019	139	21081.6	9.3	22.8	1.4208	1.6	0
4003	2019	140	6825.6	12.3	15.8	1.4737	3.7	28.3
4003	2019	141	6825.6	11.2	12.4	1.3275	5.7	19.9
4003	2019	142	16588.8	6.9	17	1.1731	3.1	0.3
4003	2019	143	28684.8	5.3	20.8	1.0057	1.7	0
4003	2019	144	22550.4	8.3	22	1.0662	1.6	0
4003	2019	145	18403.2	9.6	23	1.4436	1.7	1.3
4003	2019	146	28425.6	8.3	22.3	1.198	2.3	0
4003	2019	147	21168	10.2	21.5	1.223	2.8	1.8
4003	2019	148	15120	10.2	17.7	1.2732	2.6	3.3
4003	2019	149	14256	7.9	16.9	1.1364	2.1	1.1
4003	2019	150	26611.2	6.1	21.9	1.0059	2.1	0
4003	2019	151	23587.2	13.8	24.6	1.466	1.5	0
4003	2019	152	28771.2	12.2	27.9	1.4048	1.6	0
4003	2019	153	29462.4	14	30.6	1.3975	2.1	0
4003	2019	154	24105.6	15.9	31.4	1.7786	2.1	0.1
4003	2019	155	29030.4	13.7	31.1	1.4871	2.8	0.1
4003	2019	156	29462.4	18.1	31.1	1.5432	2.6	0
4003	2019	157	6825.6	8.7	22.9	1.3804	4.5	0.7
4003	2019	158	25747.2	8.3	28.3	1.4279	3.6	0.9
4003	2019	159	26438.4	10.2	21.4	0.986	3.5	0
4003	2019	160	20822.4	8.8	25	1.192	2.6	0.1
4003	2019	161	10713.6	14.4	21.5	1.7256	1.7	12.7
4003	2019	162	7603.2	13.8	19.2	1.5371	2.3	0
4003	2019	163	15724.8	11.5	19.6	1.4467	2.7	4.1
4003	2019	164	22032	11.4	24	1.4156	1.8	0
4003	2019	165	17625.6	13.4	26.5	1.4893	1.9	0
4003	2019	166	26352	15.5	23.5	1.5841	4	9.2
4003	2019	167	19699.2	13.7	22.5	1.6382	2.5	0.5
4003	2019	168	28771.2	11.9	26.7	1.5198	2.4	0
4003	2019	169	26179.2	15.9	29.6	1.7675	1.9	0
4003	2019	170	27475.2	17.7	31.6	1.8264	1.9	2.3
4003	2019	171	18403.2	16.6	24	1.6645	2.2	0.2
4003	2019	172	27043.2	15.5	25.3	1.5312	2	0
4003	2019	173	15292.8	14.2	25.2	1.8101	2.1	21.8
4003	2019	174	23328	14.2	27.2	1.7791	2	0
4003	2019	175	29808	17	30.2	1.8024	3.8	0
4003	2019	176	28512	18.3	33.4	2.0278	1.9	0
4003	2019	177	29289.6	20.3	34.6	2.3372	1.5	0
4003	2019	178	29721.6	15.9	31.1	1.7049	2.4	0
4003	2019	179	29894.4	13.7	28.5	1.3488	2	0
4003	2019	180	29894.4	14.6	32.6	1.3954	2.8	0
4003	2019	181	29635.2	15.9	35.6	1.7184	2.5	0
4003	2019	182	26179.2	19.2	29	1.7973	2.9	0
4003	2019	183	29030.4	15.2	26.2	1.2429	2.2	0
4003	2019	184	29462.4	12.5	25.7	1.0596	2.5	0
4003	2019	185	29635.2	11.7	26.8	1.0472	1.9	0
4003	2019	186	23414.4	12.1	28.7	1.268	2	0
4003	2019	187	25401.6	15.9	30.3	1.2693	2.5	6
4003	2019	188	11923.2	15.1	21.4	1.4862	2.5	0
4003	2019	189	21945.6	10.2	22.2	1.0299	2.2	0
4003	2019	190	25833.6	9	20.1	1.0092	2.3	0
4003	2019	191	29030.4	7.2	23.8	0.9673	1.6	0
4003	2019	192	6739.2	14.2	19.1	1.4572	1.8	2.4
4003	2019	193	13737.6	12.9	22.3	1.688	2.2	11.8
4003	2019	194	12182.4	14.1	20.7	1.5677	3.7	0
4003	2019	195	17798.4	12.2	22.3	1.4153	2.7	0
4003	2019	196	23846.4	9.6	24.6	1.3046	2	0
4003	2019	197	24710.4	9.6	24.9	1.2384	1.7	0
4003	2019	198	28252.8	10.9	26.6	1.2743	2.1	0
4003	2019	199	21513.6	12.3	27.5	1.3687	2.1	0.1
4003	2019	200	14428.8	17.1	27.3	1.7095	2.4	0
4003	2019	201	23932.8	15.1	32.4	1.584	2.5	0.8
4003	2019	202	21859.2	16.8	27.9	1.7791	2.9	2.6
4003	2019	203	27043.2	14.5	30.4	1.5187	1.9	0
4003	2019	204	28166.4	16	34.3	1.467	2	0
4003	2019	205	27993.6	20	36.3	1.6737	1.9	0
4003	2019	206	27388.8	19	38.5	1.6935	1.9	0
4003	2019	207	25660.8	21.2	37.5	1.7532	2.1	0
4003	2019	208	13737.6	17.8	28.9	2.0332	2.2	14.8
4003	2019	209	6393.6	17.2	22.4	2.0519	2.7	20.2
4003	2019	210	11059.2	17	23.9	1.8479	2.6	0
4003	2019	211	19440	15.7	29.2	1.7628	2.1	2.4
4003	2019	212	19785.6	14.3	25.1	1.4893	2.9	0
4003	2019	213	23760	12.6	26	1.2963	1.7	0
4003	2019	214	18057.6	14.3	27.7	1.4895	1.8	0
4003	2019	215	9331.2	14.3	22.9	1.7759	2.2	5.5
4003	2019	216	25833.6	12.3	27.7	1.4939	1.4	0
4003	2019	217	15811.2	16	28.8	1.7574	2.3	0.8
4003	2019	218	21427.2	17.6	29.1	1.8327	2.4	5.2
4003	2019	219	8640	15.7	21.1	1.944	1.8	20.8
4003	2019	220	20563.2	15.6	26.3	1.8066	1.8	0
4003	2019	221	17539.2	15.4	32	1.9887	2.1	33.5
4003	2019	222	17971.2	16.4	25.8	1.8233	3.1	0.1
4003	2019	223	22118.4	14.5	28.9	1.7878	2.1	4.8
4003	2019	224	14083.2	13.9	21.5	1.4965	1.9	0
4003	2019	225	16848	12.4	20.4	1.2666	2.7	0
4003	2019	226	18576	10	21.6	1.2549	1.9	0.9
4003	2019	227	12614.4	12.8	22.7	1.4403	3.1	2.8
4003	2019	228	23328	12.6	23.3	1.438	2.5	0
4003	2019	229	7948.8	14.9	25.2	1.7092	1.9	1.1
4003	2019	230	21168	16.5	31	1.8773	2.6	0.7
4003	2019	231	18057.6	15.9	24.9	1.6508	2.2	0
4003	2019	232	5529.6	12.2	19.9	1.5301	1.3	4.6
4003	2019	233	20217.6	9.3	23.5	1.3224	2	0
4003	2019	234	23500.8	10.3	25.9	1.265	2.2	0
4003	2019	235	23328	11.6	27.6	1.389	2.4	0
4003	2019	236	14083.2	14.4	28.5	1.7352	1.7	0
4003	2019	237	21081.6	15.4	30.5	2.0126	1.4	0
4003	2019	238	20649.6	17	31.4	2.1095	1.5	0
4003	2019	239	20908.8	17.7	31.1	1.9824	1.4	0
4003	2019	240	15552	17.8	30.6	1.9287	1.6	0
4003	2019	241	18144	17.4	30.7	1.9712	2	0
4003	2019	242	21600	16.5	30.1	1.9414	1.5	0
4003	2019	243	20908.8	17.7	31.7	2.5771	1.5	0
4003	2019	244	16416	15.5	25.5	1.661	1.5	0
4003	2019	245	18057.6	9.6	22.2	0.7036	3	0
4003	2019	246	20822.4	7.6	24.4	0.9805	1.8	0
4003	2019	247	20649.6	9.6	26.5	1.1163	1.9	0
4003	2019	248	11232	12.4	20.1	1.1438	2.8	0
4003	2019	249	15552	9.1	21.3	1.0523	1.5	0
4003	2019	250	10195.2	9.3	15.8	1.0895	1.6	4.2
4003	2019	251	4579.2	10.7	14.6	1.3307	1.2	15.6
4003	2019	252	7862.4	8.5	15.2	1.2625	2.3	1.4
4003	2019	253	17798.4	6.9	19.8	1.1174	1.6	0
4003	2019	254	17625.6	7	22.1	1.0754	2	0
4003	2019	255	14428.8	13.8	23.6	1.378	2.5	0
4003	2019	256	13824	12	23.2	1.5474	1.8	0
4003	2019	257	18144	13.5	24.7	1.5894	1.9	0
4003	2019	258	18230.4	11.6	26.4	1.5356	2.2	0
4003	2019	259	12873.6	10.8	25.1	1.3558	1.7	0.3
4003	2019	260	12873.6	8.9	20.2	1.1581	2.7	0.2
4003	2019	261	17712	5.5	18.5	0.8827	2.1	0
4003	2019	262	17193.6	4.9	17.2	0.7632	2.4	0
4003	2019	263	17020.8	4.5	19.3	0.7656	2.7	0
4003	2019	264	17107.2	6.6	24.6	0.885	3.3	0
4003	2019	265	13824	9	24.5	1.1427	1.7	10
4003	2019	266	5184	10.8	16.7	1.4296	2.7	16.1
4003	2019	267	11750.4	9.4	19.5	1.3151	1.6	0.4
4003	2019	268	6998.4	12.9	17.5	1.4664	3.4	14.8
4003	2019	269	6048	12.4	18.8	1.593	1.7	1.4
4003	2019	270	4924.8	11.6	19.1	1.5154	2.6	11.8
4003	2019	271	7689.6	11.7	17.3	1.3523	3.4	0.3
4003	2019	272	11491.2	11.6	22.1	1.2266	3.4	2.3
4003	2019	273	7257.6	10.3	17.6	1.1936	6.4	1
4003	2019	274	5184	10.3	19.6	1.3751	2.1	7
4003	2019	275	6307.2	6	15.7	1.1167	3.6	4.8
4003	2019	276	8208	4.8	13	0.9344	2.5	0
4003	2019	277	3369.6	6.2	12.6	1.0136	2.8	8.9
4003	2019	278	4665.6	7	12.7	0.9961	3.5	1.7
4003	2019	279	3283.2	6.7	10.5	1.005	2.4	20.1
4003	2019	280	6912	7.9	13.3	1.1239	1.6	0.2
4003	2019	281	3196.8	10.5	14.7	1.2972	2.4	18
4003	2019	282	5788.8	7.9	14.4	1.1392	3.3	9.3
4003	2019	283	5356.8	8	14.3	1.1789	3.6	12.3
4003	2019	284	7948.8	8.2	18.8	1.2829	1.7	0
4003	2019	285	10368	7.6	22.4	1.2433	1.8	0
4003	2019	286	11577.6	14.7	27	1.5988	2	0
4003	2019	287	12355.2	11.4	26	1.4641	1.6	0
4003	2019	288	8726.4	11.2	23.6	1.6272	3.3	6.7
4003	2019	289	8726.4	10.6	17.8	1.1808	3.2	0
4003	2019	290	5616	11.2	19.2	1.2421	1.7	6
4003	2019	291	5529.6	12	19.3	1.5448	2	4.5
4003	2019	292	2678.4	11.8	15.2	1.3293	2.5	9.9
4003	2019	293	9417.6	11	20.6	1.47	2.3	0
4003	2019	294	4924.8	10.1	20	1.5036	1.6	0
4003	2019	295	6480	9.2	16.7	1.3719	1.4	0
4003	2019	296	6393.6	9.6	16	1.2995	3.1	0
4003	2019	297	6307.2	8.7	17.9	1.3273	1.3	0
4003	2019	298	7948.8	9	17.2	1.2198	1.9	0
4003	2019	299	10022.4	6.6	19.8	1.2278	1.3	0
4003	2019	300	7171.2	6.6	18.7	1.1698	2.2	6.3
4003	2019	301	7257.6	6	11.9	0.9376	2.2	0
4003	2019	302	2246.4	4.5	10.1	0.8279	2.6	0
4003	2019	303	6998.4	2	9.5	0.7166	3.2	0
4003	2019	304	9331.2	1.6	10.6	0.6871	3.4	0
4003	2019	305	2160	5.6	12.9	1.0151	2	5.7
4003	2019	306	3628.8	12.1	18.5	1.3543	3.3	7.9
4003	2019	307	2073.6	10.2	13.7	1.2429	2.6	9.3
4003	2019	308	3542.4	9.3	12.8	1.079	3.3	2
4003	2019	309	4838.4	5.9	12.6	0.9217	1.8	0.5
4003	2019	310	1987.2	5.7	10.2	0.9616	1.9	1.4
4003	2019	311	5011.2	5.2	11.6	0.9144	2.2	2.7
4003	2019	312	1987.2	4.2	6.8	0.8578	2	14.3
4003	2019	313	4579.2	0.5	9	0.7627	2.4	0
4003	2019	314	7948.8	-0.7	9.2	0.7117	2.2	0
4003	2019	315	4406.4	0.1	6.1	0.6334	1.9	0.5
4003	2019	316	5184	4	9.2	0.6917	2.9	0
4003	2019	317	4579.2	1.8	7.6	0.7174	1.8	0
4003	2019	318	5961.6	0.1	9	0.6507	3.1	0
4003	2019	319	2764.8	1.5	5.8	0.6664	2.3	4
4003	2019	320	3628.8	1	8.2	0.7802	1.2	0
4003	2019	321	1728	2.3	5.7	0.7562	2	0.5
4003	2019	322	3974.4	3.8	6.7	0.7188	2.6	0
4003	2019	323	1641.6	1	5.9	0.6806	1.6	0
4003	2019	324	1641.6	-0.5	3	0.6286	2.2	0
4003	2019	325	1641.6	1.2	7.2	0.7092	1.2	0
4003	2019	326	3801.6	0.6	6.9	0.7031	3.1	0
4003	2019	327	3542.4	3.2	11.3	0.7946	4.7	0
4003	2019	328	1900.8	0.7	6.9	0.7457	1.4	0
4003	2019	329	1555.2	1.7	7.3	0.7832	1.1	0.4
4003	2019	330	4406.4	5.2	12.6	0.9914	1.3	0
4003	2019	331	2505.6	6.2	13.3	0.9291	3.2	3.2
4003	2019	332	2419.2	8.5	11.7	0.9388	5.4	1.8
4003	2019	333	1468.8	2.5	9.5	0.8132	3.9	4.6
4003	2019	334	4838.4	-0.2	7.4	0.6562	1.9	0
4003	2019	335	1468.8	0.4	2.6	0.5379	3.1	0
4003	2019	336	4665.6	-0.7	4.7	0.5504	1.6	0
4003	2019	337	5097.6	-1.4	5.7	0.6206	1.3	0
4003	2019	338	5616	-2.3	5.1	0.5611	2.8	0
4003	2019	339	5529.6	-4.2	4.2	0.5194	1.3	0
4003	2019	340	5097.6	-4.8	7.3	0.5751	1.3	2.9
4003	2019	341	1382.4	5.5	8.8	0.8802	4.6	4.7
4003	2019	342	1382.4	6.9	11.4	0.8924	4.3	4.8
4003	2019	343	2851.2	4.5	8.4	0.8003	4.6	5
4003	2019	344	5097.6	0.1	5.4	0.6253	2.8	0
4003	2019	345	1296	-0.8	4	0.5418	1.6	8.9
4003	2019	346	1296	0.7	4	0.6512	2.3	1.2
4003	2019	347	1296	0.8	5.7	0.6556	5.6	12.1
4003	2019	348	2419.2	4.3	8.7	0.6966	6.5	4.6
4003	2019	349	1296	6.6	13.3	1.0272	3.7	3.4
4003	2019	350	5011.2	6.1	14.8	0.961	2	0
4003	2019	351	3801.6	3.7	11.6	0.827	1.8	0
4003	2019	352	2592	5.4	12.4	0.9572	1.6	0.7
4003	2019	353	4233.6	3.7	11.2	0.8778	2.1	0
4003	2019	354	1900.8	2.9	9	0.7732	2.6	1
4003	2019	355	3974.4	2.9	9.2	0.7973	1.8	2.5
4003	2019	356	1555.2	4	9.7	0.8028	4.1	1.4
4003	2019	357	1296	6.1	7.5	0.8494	5.9	1.2
4003	2019	358	1296	5.3	9.1	0.8426	4.4	8.6
4003	2019	359	1296	3.1	8.3	0.8057	4.7	5.8
4003	2019	360	3974.4	2.7	6.8	0.7713	1.4	1
4003	2019	361	1296	1.4	6	0.7086	2.2	1
4003	2019	362	5097.6	-1.8	4.2	0.5264	2.5	0
4003	2019	363	5356.8	-4.2	3.4	0.4688	2.2	0
4003	2019	364	5443.2	-3.2	6.1	0.5156	1.5	0
4003	2019	365	3628.8	-3.4	3.9	0.5226	1.5	0
