*---------------------------------------------------------------------------*
* Station name: OHRINGEN                                
* Year: 1985
* Author: Pedro Alencar                                   -999.000: NIL VALUE
* Source: ECAD 
* Comments: 
* Longitude: 49.2081, latitude: 49.2081, altitude: 276 m.
*
* Column  Daily value
* 1       station number
* 2       year
* 3       day
* 4       irradiation                   (kJ m-2 d-1)
* 5       minimum temperature           (degrees Celsius)
* 6       maximum temperature           (degrees Celsius)
* 7       early morning vapour pressure (kPa)
* 8       mean wind speed (height: 2 m) (m s-1)
* 9       precipitation                 (mm d-1)
*
** WCCDESCRIPTION=GERMANY, OHRINGEN                                
** WCCFORMAT=2
** WCCYEARNR=1985
*---------------------------------------------------------------------------*
   49.2081  9.5183    276.  -0.18 -0.55
4003	1985	1	1382.4	-4.4	0.4	0.4961	2.8	9.7
4003	1985	2	1382.4	-5.7	0.4	0.4627	3.1	6.8
4003	1985	3	1382.4	-7.8	-4.4	0.3567	2.6	6.1
4003	1985	4	4406.4	-12.8	-4.5	0.261	1.8	0.3
4003	1985	5	1382.4	-14	-9	0.2209	0.6	1
4003	1985	6	4060.8	-17	-8.6	0.1921	0.3	0.2
4003	1985	7	3542.4	-18.1	-12.3	0.1484	1.9	0
4003	1985	8	4665.6	-22.4	-14.9	0.1166	0.4	0
4003	1985	9	2592	-24.4	-9.5	0.1282	0.3	0
4003	1985	10	3888	-14.3	-6.7	0.2255	0.5	0.2
4003	1985	11	1468.8	-13.8	-7.8	0.2417	0.3	0
4003	1985	12	1468.8	-13.5	-8.5	0.2379	1.5	2.2
4003	1985	13	5443.2	-17	-8.6	0.1921	1.7	0
4003	1985	14	1555.2	-14.6	-10.3	0.1811	3.2	0.1
4003	1985	15	1555.2	-12.3	-7.6	0.2413	1.1	0
4003	1985	16	1555.2	-12.2	-7.3	0.251	0.8	0
4003	1985	17	1555.2	-9.2	-3.9	0.3371	0.5	0
4003	1985	18	3801.6	-14	-4.1	0.2591	0.9	0
4003	1985	19	1641.6	-5.5	-1.4	0.4217	0.9	1.6
4003	1985	20	1641.6	-2.1	1.9	0.5338	0.5	1.3
4003	1985	21	5270.4	-0.1	6	0.6192	1.3	2.6
4003	1985	22	2073.6	5	9.4	0.8426	2.2	4.1
4003	1985	23	1728	0	7.7	0.7563	1.7	7.3
4003	1985	24	5356.8	-0.5	0.7	0.5047	2.9	0.2
4003	1985	25	2937.6	-1.5	4.3	0.4056	2.3	5.1
4003	1985	26	1814.4	1.4	7.4	0.669	2.5	4.2
4003	1985	27	6134.4	-3	4.9	0.5301	2.4	0
4003	1985	28	4492.8	-4.1	1.9	0.4003	1.8	0
4003	1985	29	6134.4	-0.8	8	0.6087	0.6	1.2
4003	1985	30	3715.2	1.5	7.8	0.8085	1.3	3.9
4003	1985	31	2505.6	2.4	7.7	0.7876	3.3	11.5
4003	1985	32	1987.2	4.5	8.5	0.8708	5.6	4.9
4003	1985	33	2419.2	6	9.6	0.8884	6.8	3.6
4003	1985	34	8121.6	-1	7.9	0.5476	2.5	0
4003	1985	35	8467.2	-2.4	6.4	0.374	2.2	0
4003	1985	36	8380.8	-3.4	8	0.5335	0.4	0
4003	1985	37	2160	0.9	7.8	0.75	2.7	0.6
4003	1985	38	2160	-0.4	6.8	0.5457	2.4	0.1
4003	1985	39	2160	-2.8	0.2	0.3834	3.6	5.2
4003	1985	40	2246.4	-5.4	0	0.476	2	12.7
4003	1985	41	6566.4	-10.9	-5.4	0.2482	4.1	0
4003	1985	42	9158.4	-14	-8	0.1877	3.2	0
4003	1985	43	9417.6	-15.6	-6.8	0.1717	3.8	0
4003	1985	44	9763.2	-12.8	-3.5	0.2052	3	0.3
4003	1985	45	2419.2	-8.2	-2.7	0.3748	1.1	1.5
4003	1985	46	9244.8	-13.2	-6.4	0.2035	1.5	0
4003	1985	47	9849.6	-17.1	-1.8	0.2062	2.2	0
4003	1985	48	10281.6	-11.5	1	0.2813	3.4	0
4003	1985	49	10540.8	-13.5	-4.3	0.2278	2.5	0
4003	1985	50	10454.4	-14.5	-3.7	0.1813	1.9	0
4003	1985	51	10195.2	-16	-2.2	0.169	1.3	0
4003	1985	52	3888	-11.1	-1.3	0.2578	0.4	0
4003	1985	53	3542.4	-2.7	2.3	0.4516	0.8	0
4003	1985	54	10800	-9	3.5	0.3744	0.6	0.2
4003	1985	55	9072	-0.4	8.5	0.5467	1.3	0
4003	1985	56	10713.6	-0.5	10.5	0.6105	1.7	0
4003	1985	57	7603.2	0.4	10	0.619	0.5	0
4003	1985	58	10800	-0.2	9.5	0.7064	1.3	0
4003	1985	59	5702.4	-1.2	7.6	0.6456	1	0
4003	1985	60	10108.8	-1.9	10.6	0.7167	0.7	2.5
4003	1985	61	3283.2	3.1	5.4	0.7862	0.6	6
4003	1985	62	12700.8	1.2	11.7	0.7135	1.3	0
4003	1985	63	5875.2	1.8	11.7	0.7481	1.3	0
4003	1985	64	3369.6	2.5	5.5	0.6993	1.6	0
4003	1985	65	3456	2	5.2	0.6562	0.5	0
4003	1985	66	3456	2.6	7.4	0.6977	0.8	0
4003	1985	67	12960	1.7	8.8	0.6389	1.7	0.1
4003	1985	68	6220.8	-0.2	7.2	0.5966	0.7	0
4003	1985	69	8726.4	-2	4.7	0.4917	1.4	0
4003	1985	70	4233.6	0	4	0.4799	1.8	0
4003	1985	71	11664	-1.6	6.8	0.5598	1.9	0
4003	1985	72	13219.2	-3.3	8.2	0.5611	0.7	0
4003	1985	73	5961.6	0	6.4	0.6225	2	3.4
4003	1985	74	9590.4	-0.4	6	0.6275	2.5	1.1
4003	1985	75	6652.8	-0.4	6.5	0.5931	2.1	3.4
4003	1985	76	3974.4	-0.9	0.8	0.5662	2.7	7.5
4003	1985	77	4060.8	-2.4	0	0.5206	2.9	10.7
4003	1985	78	6652.8	-3	2.5	0.486	1.2	0.1
4003	1985	79	12614.4	-0.8	4	0.5555	1.2	0
4003	1985	80	8812.8	-1.8	5.5	0.5236	2.1	0
4003	1985	81	12700.8	-0.3	12	0.6568	1.4	0
4003	1985	82	12787.2	1.7	10.9	0.6871	1.6	0
4003	1985	83	10800	1.4	10.9	0.8123	1.5	6.1
4003	1985	84	15811.2	3.2	14	0.6588	1.7	0.1
4003	1985	85	8726.4	7.5	14	0.8256	3.9	3.9
4003	1985	86	7257.6	2.4	11.1	0.7678	4.2	1.5
4003	1985	87	10713.6	-1.6	5.5	0.5977	3.5	4.3
4003	1985	88	5184	0.2	6.4	0.5418	3.4	0
4003	1985	89	14256	3	15.5	0.4784	2.9	0
4003	1985	90	5702.4	8.8	13.5	0.8478	3	2.1
4003	1985	91	12268.8	7.1	18.5	1.0041	1.6	0.2
4003	1985	92	15379.2	9	14	0.8676	4.8	0
4003	1985	93	12960	5.4	18.5	1.0753	0.8	0
4003	1985	94	18144	6.5	23	0.9385	0.9	0
4003	1985	95	15033.6	9	23.6	1.0735	1.7	0.8
4003	1985	96	12355.2	9	15.3	0.9905	3.1	1.5
4003	1985	97	16416	7.5	18.5	0.7929	3.2	0.3
4003	1985	98	12182.4	9.2	14	0.8461	3.2	1.5
4003	1985	99	5184	4.8	11	0.9264	1.1	0.7
4003	1985	100	14428.8	5.9	13.5	0.8538	2.2	1.4
4003	1985	101	10195.2	5	12	0.9428	2.3	2.3
4003	1985	102	12009.6	4.5	10.1	0.8279	5.1	4
4003	1985	103	9072	4.2	11.5	0.9339	3.3	8.5
4003	1985	104	11404.8	3.5	8.1	0.8113	3.5	7.2
4003	1985	105	13132.8	4	9.6	0.889	3.2	4.6
4003	1985	106	5529.6	3	8.5	0.8636	1.6	4.4
4003	1985	107	23414.4	2.4	13.1	0.7168	2.3	0
4003	1985	108	23760	0.9	15.4	0.639	2.2	0
4003	1985	109	24019.2	3.7	18.1	0.6775	1.8	0
4003	1985	110	23673.6	3	21.2	0.8321	1.3	0
4003	1985	111	23068.8	5.5	23.9	1.0023	1.7	0
4003	1985	112	16156.8	9.9	20.5	1.0178	1.7	0
4003	1985	113	11577.6	7	16.6	0.9403	2.2	0
4003	1985	114	22377.6	-0.4	9	0.4484	2	0
4003	1985	115	20131.2	-1.9	13.6	0.5921	2.3	0.3
4003	1985	116	21168	1.7	10	0.5088	1.5	0
4003	1985	117	8640	-1.5	9.7	0.5732	3.7	12.1
4003	1985	118	14601.6	-0.2	6	0.6094	4.4	3.5
4003	1985	119	14515.2	0.8	6.6	0.629	4.7	0.1
4003	1985	120	6134.4	2.5	8.5	0.7856	3.6	4
4003	1985	121	12182.4	7.5	12.9	0.9451	4.5	14.1
4003	1985	122	14947.2	2.4	9.6	0.8132	4.5	7.7
4003	1985	123	16934.4	2.1	10.1	0.7624	3.3	0.5
4003	1985	124	13651.2	-0.7	12.5	0.6034	0.9	0
4003	1985	125	13910.4	3.5	15.6	0.7619	1.2	0
4003	1985	126	26524.8	7	20.4	0.9239	3.2	0
4003	1985	127	21340.8	12.4	23.1	1.42	3.7	0.6
4003	1985	128	20822.4	11	15.4	1.1065	2.3	0.2
4003	1985	129	15897.6	9.2	16.6	1.1742	2.9	0
4003	1985	130	16588.8	9.1	16.9	1.167	1	0.1
4003	1985	131	18057.6	6.3	21.5	1.1739	1.4	0
4003	1985	132	17539.2	10.7	23.6	1.211	2.5	0
4003	1985	133	20822.4	8.8	24.5	1.1922	1.1	0
4003	1985	134	26611.2	13	20.8	1.2689	2.4	9
4003	1985	135	19958.4	9.8	19.4	1.3777	1.1	1.4
4003	1985	136	21081.6	7	22.1	1.1581	1.7	22.5
4003	1985	137	21081.6	12.2	23	1.3464	1.7	5.6
4003	1985	138	17798.4	11.5	22.9	1.5088	1.6	22
4003	1985	139	12268.8	11.2	17.4	1.5466	0.6	8.3
4003	1985	140	21772.8	11.7	22.7	1.548	0.7	14.1
4003	1985	141	6825.6	12.3	15.2	1.5082	1.7	21.9
4003	1985	142	8899.2	10.9	15	1.193	2.9	0.4
4003	1985	143	17884.8	8.2	16.7	1.0824	1.9	1
4003	1985	144	27129.6	7.4	22	1.1861	0.7	0
4003	1985	145	28684.8	9.1	25.1	1.2072	1.3	0
4003	1985	146	28252.8	13	28.4	1.5841	1.4	0
4003	1985	147	23241.6	15.6	28.4	1.8736	1.3	0.9
4003	1985	148	8035.2	14	19.5	1.695	1.9	26.7
4003	1985	149	6998.4	12	14.8	1.4589	1.5	14.1
4003	1985	150	6998.4	12.1	17.5	1.446	1.5	0
4003	1985	151	28166.4	8.1	22.5	1.2327	1.2	0
4003	1985	152	28425.6	12.6	22.6	1.266	2.3	0
4003	1985	153	17452.8	9.9	20.1	1.107	1.5	0
4003	1985	154	29635.2	8.9	25	1.1765	1.5	0
4003	1985	155	26784	12.9	27.6	1.6356	1.4	0
4003	1985	156	25660.8	15.5	27.1	1.6435	1.3	1.5
4003	1985	157	20649.6	15.4	26	1.7547	1.6	3.3
4003	1985	158	16934.4	13	21	1.6059	1.9	16.8
4003	1985	159	15206.4	7.7	15.5	1.0508	3.2	2.1
4003	1985	160	15724.8	5.2	14.5	0.8867	2.2	6.5
4003	1985	161	11664	8.1	14	1.1975	2.9	20.8
4003	1985	162	15897.6	7.9	16	1.0753	2.8	0.2
4003	1985	163	12528	8.9	18.1	1.1593	2.9	1.1
4003	1985	164	15379.2	9.9	15.5	1.0123	4.2	0
4003	1985	165	28080	6.3	20.8	0.9614	1.2	4.6
4003	1985	166	21772.8	9.1	16	1.0169	2.8	0.1
4003	1985	167	20390.4	4.3	17.2	0.7998	0.9	0
4003	1985	168	20390.4	6.4	17	0.8654	1.7	0
4003	1985	169	21081.6	6.4	18.5	0.8659	0.7	0
4003	1985	170	24192	9.8	22.5	1.1549	1.4	6.4
4003	1985	171	8812.8	11	14.4	1.3057	4.7	3.4
4003	1985	172	20476.8	11	20.5	1.3224	2.2	1.4
4003	1985	173	10281.6	13.1	18.5	1.4163	1.5	0.1
4003	1985	174	20908.8	8.5	18.4	1.2479	1.7	1.4
4003	1985	175	12700.8	11.2	18	1.527	1.2	8.8
4003	1985	176	21513.6	11.7	18.5	1.217	3.2	0
4003	1985	177	10972.8	8.2	18.8	1.2365	1.5	5.4
4003	1985	178	17366.4	9.8	18.1	1.2414	2.7	6.1
4003	1985	179	13478.4	10.4	18	1.294	1.8	0.2
4003	1985	180	19094.4	12	19.8	1.3171	1.4	0
4003	1985	181	26265.6	9.9	24.3	1.4214	0.7	0
4003	1985	182	16934.4	12.6	22.4	1.6574	1.4	13.1
4003	1985	183	24278.4	13.5	21	1.4546	1.1	0
4003	1985	184	29894.4	10.6	24.3	1.2541	2.2	0
4003	1985	185	27734.4	12.1	26.5	1.274	2.6	0
4003	1985	186	27043.2	13.5	26.8	1.6256	1.6	0
4003	1985	187	12787.2	15.4	23.6	1.9236	1.8	0
4003	1985	188	27302.4	14	22.9	1.293	1.1	0
4003	1985	189	23155.2	8.4	22.6	1.108	1.3	0
4003	1985	190	14860.8	8.1	21.3	1.2696	1.1	8.6
4003	1985	191	22636.8	12.4	21	1.4048	1.6	0
4003	1985	192	26352	10	22.6	1.2585	0.7	0
4003	1985	193	23241.6	12.5	24.4	1.4838	0.8	0
4003	1985	194	28598.4	11	26.6	1.4949	0.9	0
4003	1985	195	27561.6	15.4	32	1.6962	0.9	0.8
4003	1985	196	21686.4	18.9	26	1.9797	2.2	0
4003	1985	197	13478.4	14.1	22.5	1.7429	1.2	0.6
4003	1985	198	27648	13.4	25.2	1.5869	0.9	0
4003	1985	199	26784	13.8	28.5	1.7788	1	0.8
4003	1985	200	20995.2	17.1	23.7	1.914	2.4	0.1
4003	1985	201	15811.2	15.2	22	1.7973	1.6	13.1
4003	1985	202	25056	10.8	20.1	1.1921	2.6	0.4
4003	1985	203	19008	8.4	22.1	1.2461	1.3	0.1
4003	1985	204	19612.8	16.2	23.2	1.7413	3.1	0
4003	1985	205	28339.2	12.5	26.3	1.3944	1	0
4003	1985	206	27648	13.1	29.6	1.5217	1.1	0
4003	1985	207	23328	16.5	31.6	2.0906	1.2	6.7
4003	1985	208	22896	17	24.4	1.6572	2.6	0
4003	1985	209	23068.8	15.5	30.3	1.6443	1.2	0.1
4003	1985	210	7430.4	14.5	22.2	1.7484	1.2	5.2
4003	1985	211	24624	13.8	22.8	1.2809	2.5	0
4003	1985	212	13996.8	14.9	19.4	1.5431	3	0.3
4003	1985	213	14860.8	14.3	23.1	1.7225	1.5	2.9
4003	1985	214	24278.4	13.1	21.6	1.4638	2.4	0
4003	1985	215	19526.4	12	24.1	1.385	2.6	0
4003	1985	216	10195.2	12.9	19.7	1.3326	1.8	0
4003	1985	217	22809.6	14.5	27.5	1.266	3.7	0
4003	1985	218	6048	11.4	19.5	1.5427	1.5	9.9
4003	1985	219	17452.8	9.3	17.9	1.2446	2.1	0
4003	1985	220	7776	10	18.2	1.3017	1.6	0
4003	1985	221	24883.2	9.2	26.8	1.4425	0.7	0
4003	1985	222	15638.4	13	24.1	1.941	1.9	10
4003	1985	223	22464	10	26.2	1.4931	0.7	12.3
4003	1985	224	18230.4	14.9	27	2.0541	1	3.7
4003	1985	225	20217.6	15	28	2.0989	1.2	0
4003	1985	226	23673.6	15.6	33.6	1.8827	0.6	0
4003	1985	227	20044.8	17.4	29.6	2.1672	1.1	4.1
4003	1985	228	17971.2	15.4	25.4	2.0097	1	1
4003	1985	229	18835.2	13.2	20.3	1.4283	2.4	0
4003	1985	230	20390.4	11.8	21.1	1.4201	1.5	0
4003	1985	231	13910.4	10.9	24.6	1.5823	1	26.7
4003	1985	232	18748.8	13.4	20.6	1.4898	3	0
4003	1985	233	23932.8	10.4	25.1	1.5215	1.1	0
4003	1985	234	22723.2	13.6	28.1	1.5988	1.6	0
4003	1985	235	19699.2	15.5	23.6	1.7025	0.8	0
4003	1985	236	21427.2	15.3	26.3	1.7655	1.6	12.3
4003	1985	237	6307.2	13.8	18.4	1.5533	1.2	0
4003	1985	238	5270.4	11.4	17.3	1.3719	1.6	2.9
4003	1985	239	15292.8	10	19.3	1.3655	1.2	0
4003	1985	240	21600	7.5	21.2	1.2249	1	0
4003	1985	241	20736	7.5	22.2	1.1639	1.1	0
4003	1985	242	21686.4	8.6	25.7	1.2892	1.1	0
4003	1985	243	19094.4	11.9	26.4	1.5722	0.9	0
4003	1985	244	12960	13.3	23.1	1.6277	2	1.7
4003	1985	245	20217.6	10.3	20.8	1.235	0.6	0
4003	1985	246	10368	13.5	20.4	1.5044	2.6	20.1
4003	1985	247	8640	12.2	17	1.2781	3.5	0.1
4003	1985	248	4752	10.4	15.8	1.3252	1.8	22
4003	1985	249	19526.4	7.6	16.1	1.0128	3.3	0
4003	1985	250	17712	4.4	14.6	0.8068	2	1
4003	1985	251	7344	8.9	14.8	1.2209	1.4	2.1
4003	1985	252	13046.4	8.1	15.6	1.1654	1.9	0.1
4003	1985	253	19440	2.6	18.7	0.961	0.4	0
4003	1985	254	18835.2	6	23	1.1709	0.6	0
4003	1985	255	18230.4	8.4	22.8	1.3275	1.4	0
4003	1985	256	16848	8.9	24.5	1.4238	0.8	0
4003	1985	257	5011.2	12.2	18.1	1.5133	0.6	0
4003	1985	258	7084.8	10.5	17	1.461	1.5	1.7
4003	1985	259	7344	9.6	15	1.1575	1.7	0
4003	1985	260	7257.6	9	18.8	1.1739	3.2	0
4003	1985	261	15292.8	12.4	24.1	1.7374	0.6	0
4003	1985	262	17193.6	12.2	27.5	1.5957	1.2	0
4003	1985	263	15897.6	11.2	24.9	1.5711	0.7	0
4003	1985	264	13305.6	13.2	26	1.7989	0.9	0
4003	1985	265	14342.4	14.5	26.1	1.5931	2	0
4003	1985	266	14083.2	13.2	24.5	1.7821	0.7	0
4003	1985	267	14515.2	12	23.3	1.6329	0.7	0
4003	1985	268	12355.2	10.3	22.1	1.5632	0.6	0
4003	1985	269	15552	9.9	21.5	1.3004	2	0
4003	1985	270	15638.4	9.6	23.4	1.2934	1.3	0
4003	1985	271	15379.2	8	23.7	1.3848	0.7	0
4003	1985	272	15206.4	8.2	21.6	1.2353	1.1	0
4003	1985	273	14860.8	8	24.1	1.2751	0.8	0
4003	1985	274	14601.6	8.6	24.8	1.3289	0.8	0
4003	1985	275	7948.8	13.5	22.6	1.6951	0.5	1.9
4003	1985	276	13737.6	13.1	28.6	1.525	0.7	0
4003	1985	277	13046.4	14	28.3	1.6786	0.7	0
4003	1985	278	6480	12	20.6	1.5917	0.5	4.5
4003	1985	279	6998.4	12.8	18.4	1.5753	0.6	1.2
4003	1985	280	10800	10.2	20.5	1.5328	0.6	0.1
4003	1985	281	10195.2	8.1	15.3	1.0303	2.7	0.7
4003	1985	282	10972.8	6.1	16.2	0.9935	1	0.1
4003	1985	283	3628.8	10.5	13.1	1.1754	2.1	0
4003	1985	284	12268.8	8.3	18.3	1.2206	0.8	0
4003	1985	285	2937.6	7	12.5	1.1221	0.3	0
4003	1985	286	11664	0.6	13	0.7902	0.6	0
4003	1985	287	5961.6	1.6	13.1	0.8308	0.7	0.1
4003	1985	288	2851.2	7.8	13	1.1972	1.3	0.3
4003	1985	289	11145.6	2.4	13.5	0.8869	0.9	0
4003	1985	290	9849.6	1.8	14.2	0.8792	1.5	0
4003	1985	291	10972.8	1.7	14.5	0.8851	0.7	0
4003	1985	292	3456	5.3	11.7	0.976	1	0.3
4003	1985	293	9849.6	2	12.5	0.7334	2.5	0
4003	1985	294	11145.6	1.4	13.7	0.7798	2.2	0
4003	1985	295	9676.8	-1.8	11.1	0.6979	1.1	0
4003	1985	296	10454.4	3.1	13.3	0.6738	3.6	0
4003	1985	297	10713.6	1.8	13.8	0.5817	3.5	0
4003	1985	298	10368	-1.5	12.7	0.6546	1.7	0
4003	1985	299	10022.4	-1.4	12.8	0.7324	0.7	0
4003	1985	300	7257.6	-3.1	7.9	0.6608	0.4	0
4003	1985	301	2332.8	-3.4	1.6	0.5436	0.7	0
4003	1985	302	2246.4	-1.2	2	0.5472	2.1	0
4003	1985	303	2246.4	-1	2.2	0.536	1.1	0
4003	1985	304	7516.8	-2.4	6.7	0.5992	0.4	0.2
4003	1985	305	4147.2	-0.5	10.2	0.7681	1.3	0.9
4003	1985	306	2160	2	7.1	0.7099	3.1	3.8
4003	1985	307	6566.4	-1.9	5.6	0.6074	0.5	0
4003	1985	308	8467.2	-1.4	13.4	0.6543	1.2	1.9
4003	1985	309	2419.2	4.8	16.9	1.0518	3.3	22.5
4003	1985	310	5616	3.6	10.9	0.7131	4.6	0.2
4003	1985	311	3196.8	2.2	9.2	0.6409	3.3	1.2
4003	1985	312	1987.2	6.4	9.6	0.9756	0.7	9.8
4003	1985	313	2332.8	9.5	17.2	1.347	2.5	12.6
4003	1985	314	2678.4	4.9	12.8	0.8177	4.9	5
4003	1985	315	5097.6	-0.6	4.9	0.5421	3.6	0.2
4003	1985	316	5184	-1.8	4	0.5359	1.7	0
4003	1985	317	1814.4	-2	2	0.4705	1	0
4003	1985	318	5356.8	-3.2	3.2	0.4888	0.8	0
4003	1985	319	6048	-5.4	3.2	0.4906	1.2	0
4003	1985	320	2073.6	-4.1	0	0.4206	1.5	0
4003	1985	321	3196.8	-2.6	0.5	0.4075	2.9	0
4003	1985	322	6048	-4.7	-0.1	0.3381	6.3	0
4003	1985	323	1641.6	-4.4	-1.3	0.3667	4.1	0
4003	1985	324	1641.6	-2.1	-1.4	0.43	2	5
4003	1985	325	1641.6	-2.8	-1.6	0.494	1.3	8
4003	1985	326	1555.2	-4.3	-1.5	0.4591	0.4	3.1
4003	1985	327	3888	-6.5	-1.4	0.397	1.1	0.1
4003	1985	328	1555.2	-9.5	-2.8	0.336	0.8	0.9
4003	1985	329	1555.2	-6.3	0.7	0.4376	0.5	0
4003	1985	330	4233.6	-12.6	-4.2	0.2856	0.2	0
4003	1985	331	2937.6	-13.4	-1.2	0.2934	0.5	0
4003	1985	332	2246.4	-4.6	0.9	0.4482	3.6	3.1
4003	1985	333	1900.8	-2.8	0.5	0.4719	0.3	4.2
4003	1985	334	1468.8	-0.2	4.1	0.668	0.8	7.9
4003	1985	335	3110.4	2.6	6.6	0.7887	0.7	0
4003	1985	336	3628.8	-0.2	9.3	0.7352	0.6	0
4003	1985	337	4838.4	1.5	10.5	0.7478	0.5	0
4003	1985	338	2073.6	5.3	13.8	0.7857	0.4	0
4003	1985	339	5616	3.2	15.1	0.7997	0.6	0
4003	1985	340	3196.8	5	12	0.7098	4.6	1.5
4003	1985	341	1382.4	6.6	11	0.9395	2.3	11.8
4003	1985	342	1382.4	6.7	9.3	0.9542	0.4	0.7
4003	1985	343	2246.4	4	9.4	0.824	0.7	11.1
4003	1985	344	2505.6	0.3	6.6	0.704	1.7	0
4003	1985	345	1296	-0.4	2.3	0.5956	0.3	0
4003	1985	346	1728	-0.8	2.3	0.5677	0.3	0
4003	1985	347	3974.4	-3.3	2.1	0.503	0.5	0.9
4003	1985	348	1296	0.2	4.3	0.6394	1.4	1.8
4003	1985	349	1296	3.8	7.7	0.8269	3.4	0.4
4003	1985	350	1296	7	8.1	0.9358	4.9	0.1
4003	1985	351	1296	5	7.6	0.8207	4.8	0
4003	1985	352	1296	3.3	5.6	0.7889	3.9	7.8
4003	1985	353	1987.2	4	6	0.6977	4.6	0.2
4003	1985	354	1296	4.6	6.2	0.7353	4.7	1
4003	1985	355	2678.4	0.2	7	0.6166	1.1	0
4003	1985	356	4665.6	-1.6	6.4	0.5373	1.1	0
4003	1985	357	4060.8	-2.9	8.4	0.6179	0.6	0
4003	1985	358	4752	1.4	8.4	0.6668	1.2	0.2
4003	1985	359	1296	2.9	9.4	0.7745	1.7	2.6
4003	1985	360	1728	6.5	8.8	0.7747	3	0.4
4003	1985	361	1987.2	3.6	8.2	0.6962	3.4	6.2
4003	1985	362	1296	0.2	3.6	0.6797	1.4	20.7
4003	1985	363	1296	-4.4	0.2	0.4924	1.8	1.2
4003	1985	364	4147.2	-8.5	-1	0.3824	0.6	0
4003	1985	365	4838.4	-10.7	-5.6	0.2813	1.4	0
