*---------------------------------------------------------------------------*
* Station name: OHRINGEN                                
* Year: 1990
* Author: Pedro Alencar                                   -999.000: NIL VALUE
* Source: ECAD 
* Comments: 
* Longitude: 49.2081, latitude: 49.2081, altitude: 276 m.
*
* Column  Daily value
* 1       station number
* 2       year
* 3       day
* 4       irradiation                   (kJ m-2 d-1)
* 5       minimum temperature           (degrees Celsius)
* 6       maximum temperature           (degrees Celsius)
* 7       early morning vapour pressure (kPa)
* 8       mean wind speed (height: 2 m) (m s-1)
* 9       precipitation                 (mm d-1)
*
** WCCDESCRIPTION=GERMANY, OHRINGEN                                
** WCCFORMAT=2
** WCCYEARNR=1990
*---------------------------------------------------------------------------*
   49.2081  9.5183    276.  -0.18 -0.55
4003	1990	1	4924.8	-6	0.5	0.4443	0.3	0
4003	1990	2	1382.4	-5.6	-2.3	0.429	0.2	0
4003	1990	3	1382.4	-2.3	0	0.4775	2.1	0
4003	1990	4	1382.4	-3.6	0	0.4552	1.1	0
4003	1990	5	1382.4	-5.8	0	0.4591	0.2	0.3
4003	1990	6	1382.4	-0.5	1.9	0.5656	1.5	0
4003	1990	7	2937.6	-3.7	0.4	0.482	1.3	0
4003	1990	8	5184	-6.4	0.4	0.441	0.4	0
4003	1990	9	1468.8	-1	1.8	0.6101	0.2	0.3
4003	1990	10	1468.8	-0.5	1.4	0.6123	0.7	0.1
4003	1990	11	1468.8	-0.8	1.6	0.5787	0.8	0
4003	1990	12	4924.8	-3.9	1	0.4891	0.5	0
4003	1990	13	4060.8	-5.3	0.7	0.4955	0.2	0
4003	1990	14	5875.2	-3.2	4.5	0.5572	0.5	0
4003	1990	15	4147.2	-0.2	5.9	0.6073	1.6	1.4
4003	1990	16	1555.2	4.3	8.4	0.8427	2.5	0.1
4003	1990	17	1555.2	4.7	8.6	0.8798	3.1	3.5
4003	1990	18	4060.8	0.1	4.7	0.6826	0.9	0
4003	1990	19	5788.8	-1.1	5	0.6118	0.7	0
4003	1990	20	1641.6	-0.9	4	0.5535	2.4	4.8
4003	1990	21	3888	2	7.8	0.7708	1.6	0.1
4003	1990	22	3715.2	-1.1	4.6	0.6516	0.5	0
4003	1990	23	5184	0.5	9.3	0.5629	0.7	4.4
4003	1990	24	3110.4	2.2	10.7	0.7521	4.6	4.1
4003	1990	25	1728	4.1	13.5	0.8715	4.2	4.9
4003	1990	26	5961.6	4	10.5	0.601	5.6	0.1
4003	1990	27	5356.8	3.8	10.5	0.6273	2.6	0
4003	1990	28	3283.2	5	11.5	0.7415	2.5	0.2
4003	1990	29	6739.2	1.7	10	0.6753	2.5	0
4003	1990	30	4233.6	0.7	10.2	0.6389	1.4	0
4003	1990	31	6393.6	5.4	14	0.6975	1.4	0
4003	1990	32	4406.4	3.5	12.6	0.7961	1	0
4003	1990	33	4406.4	2	8.9	0.6569	2.2	3.1
4003	1990	34	6134.4	3.3	13.5	0.5508	3.9	0
4003	1990	35	7948.8	1.8	10.9	0.6799	2.8	0
4003	1990	36	8553.6	-1.6	13.2	0.6085	0.9	0
4003	1990	37	8726.4	-2	10.9	0.6462	0.8	0
4003	1990	38	7603.2	0	15.1	0.5823	1.9	0
4003	1990	39	5529.6	7.4	15.8	0.7369	5.4	0.1
4003	1990	40	5961.6	1.5	7.4	0.6714	2.2	0
4003	1990	41	5702.4	-1.6	9.5	0.5186	1.6	7.6
4003	1990	42	4838.4	2	8	0.6453	3.7	1.2
4003	1990	43	4233.6	0.6	5	0.5827	3.8	10.6
4003	1990	44	5529.6	0.2	4.4	0.5912	2.7	11.4
4003	1990	45	2419.2	1.8	10.8	0.7921	6.2	33.6
4003	1990	46	4838.4	0.8	8.7	0.6085	5.1	13
4003	1990	47	6220.8	0.6	5.6	0.5647	2.2	0
4003	1990	48	8467.2	-2.6	10.1	0.6152	0.6	0.3
4003	1990	49	8985.6	7	14.3	0.961	0.9	0
4003	1990	50	3801.6	4.2	12.5	0.8344	0.5	0
4003	1990	51	11145.6	7	18.3	0.9943	0.8	0
4003	1990	52	9936	3.4	15.7	0.881	1.6	0
4003	1990	53	11145.6	3	15.4	0.8372	1.9	0
4003	1990	54	11059.2	3	15.4	0.9419	1	0
4003	1990	55	11491.2	2.5	20.5	0.9354	0.8	0
4003	1990	56	8467.2	7.6	17.9	0.7948	1.4	0.2
4003	1990	57	2937.6	3.7	14.8	0.8634	6.6	6.8
4003	1990	58	6307.2	1.4	8.6	0.6802	8.1	18
4003	1990	59	4665.6	2.6	10.4	0.745	7.1	14.9
4003	1990	60	7603.2	0	11.5	0.7442	8	4.7
4003	1990	61	8035.2	-0.3	3.8	0.5546	3.6	1.6
4003	1990	62	4492.8	-2	3.3	0.5636	2.4	0
4003	1990	63	6739.2	1.1	5.8	0.5632	2.3	0
4003	1990	64	9849.6	3	8	0.605	2.8	0
4003	1990	65	6912	4.4	10.5	0.5886	4.9	0
4003	1990	66	7776	3.2	10.7	0.7584	3.1	0
4003	1990	67	14342.4	-0.6	15.2	0.736	1.1	0
4003	1990	68	6480	6	11.7	0.7382	4.9	0
4003	1990	69	3628.8	5.5	11.2	0.8564	4.7	3.3
4003	1990	70	12614.4	10	18.2	1.0607	3.3	0
4003	1990	71	13564.8	7	16.4	0.9753	1.6	0
4003	1990	72	13824	0.8	14.7	0.6746	1.5	0.1
4003	1990	73	3888	4.4	11	0.8824	0.7	0.1
4003	1990	74	15811.2	0.8	15.4	0.7448	1.2	0
4003	1990	75	16243.2	2.7	18.3	0.7866	1.6	0
4003	1990	76	16761.6	3.2	18.9	0.7501	1.8	0
4003	1990	77	16675.2	3.6	18.7	0.8478	1.1	0
4003	1990	78	16416	2.8	18.5	0.8201	0.9	0
4003	1990	79	4147.2	6.4	13.5	0.9905	0.9	3.4
4003	1990	80	14256	10.1	20.2	1.0318	2.3	0
4003	1990	81	13132.8	9.2	21	1.1656	2.2	4.5
4003	1990	82	15033.6	5.2	12.9	0.8403	2	0
4003	1990	83	17452.8	1.4	14.1	0.6957	2.5	1.1
4003	1990	84	13824	2.9	8.8	0.6753	4.2	0.1
4003	1990	85	8208	2.3	8	0.6257	1.1	0
4003	1990	86	11750.4	-1.1	10	0.5371	2.4	3.6
4003	1990	87	4579.2	1.8	6.4	0.7779	1.3	6.3
4003	1990	88	4665.6	3.5	7.6	0.8427	0.6	0
4003	1990	89	12873.6	6.3	14	0.9543	1.1	0
4003	1990	90	19094.4	1.9	17.1	0.8662	1.8	0
4003	1990	91	19958.4	5.4	18.2	0.9956	1.8	0
4003	1990	92	17539.2	3.2	18.5	0.87	0.9	0
4003	1990	93	10886.4	5.7	16	0.922	2.5	6.1
4003	1990	94	19267.2	1.9	9.5	0.5768	2.6	0
4003	1990	95	11923.2	1.7	9.6	0.666	1.6	0
4003	1990	96	6048	3.8	8.3	0.7129	3	0
4003	1990	97	5097.6	4	7.5	0.735	2.9	1.7
4003	1990	98	5097.6	3.5	6.6	0.5688	3.7	0
4003	1990	99	8985.6	1	10	0.4244	3.2	0
4003	1990	100	21859.2	-1.8	12.1	0.3877	1.6	5.2
4003	1990	101	11145.6	3.8	11.2	0.7772	3	2.4
4003	1990	102	14688	2.4	11.5	0.6986	1	0
4003	1990	103	11577.6	2.1	14.4	0.7524	0.6	1.7
4003	1990	104	6825.6	4.5	11.5	0.9006	2.1	2.6
4003	1990	105	10972.8	3	8.8	0.7427	2.2	5.1
4003	1990	106	15292.8	4	10.7	0.7898	2.3	2
4003	1990	107	13737.6	4.4	11.4	0.8199	1.5	7
4003	1990	108	10368	3.4	9	0.8625	0.8	2.2
4003	1990	109	16761.6	1.3	11.5	0.6534	0.9	4.9
4003	1990	110	17107.2	5.6	15.2	0.8695	1.7	0
4003	1990	111	19872	6.6	17.6	0.9027	1.9	0.2
4003	1990	112	9072	7.2	14.5	1.0388	0.9	2.7
4003	1990	113	10540.8	7	14.2	1.0728	1.6	0.4
4003	1990	114	12441.6	7.6	13.7	1.0892	2	0.4
4003	1990	115	15465.6	7.3	13.8	1.0565	2.1	2
4003	1990	116	19267.2	5.2	15.5	0.9169	1.3	0.1
4003	1990	117	6048	7	11.4	1.0117	2.6	3.5
4003	1990	118	21340.8	4.1	11.7	0.6815	1.1	0
4003	1990	119	25574.4	3	16.8	0.7313	1.6	0
4003	1990	120	24883.2	4.9	20.4	0.9651	1.2	0
4003	1990	121	26352	8.2	22.8	1.0552	2	0
4003	1990	122	26006.4	11.4	24.1	1.0549	3.3	0
4003	1990	123	26784	10.8	22.7	0.876	3.3	0
4003	1990	124	26956.8	8.4	24.1	0.9409	2.9	0
4003	1990	125	26956.8	12	26	1.1188	2.1	0
4003	1990	126	21859.2	10.4	25.4	1.2082	1.1	0.5
4003	1990	127	22204.8	8.4	23	1.2291	1	0.3
4003	1990	128	19353.6	8.7	22	1.3238	0.8	0.3
4003	1990	129	23414.4	10	23.2	1.3394	1	0
4003	1990	130	21772.8	9.1	24.1	1.3582	0.8	4.3
4003	1990	131	17625.6	11	17.1	1.2014	1.4	0.5
4003	1990	132	26524.8	7	18.5	1.0156	1.2	0
4003	1990	133	24624	6	20.5	0.9428	1.5	0
4003	1990	134	25142.4	6	20	0.9426	1.1	0
4003	1990	135	27043.2	6.6	22.5	1.0092	0.8	0
4003	1990	136	25228.8	12.9	24.8	1.4127	1.5	0
4003	1990	137	27043.2	12	22.8	1.2502	1.8	0
4003	1990	138	27475.2	8.7	20.6	0.9492	1.3	0
4003	1990	139	27734.4	7.4	21.6	0.8411	2.5	0
4003	1990	140	28252.8	10.6	22.6	0.9055	2.5	0
4003	1990	141	16243.2	9	19.6	1.1396	1.3	0.1
4003	1990	142	23068.8	12.5	22.8	1.2902	0.7	0
4003	1990	143	19526.4	9.4	22	1.425	0.4	0.3
4003	1990	144	17280	10.6	22.6	1.3771	1.5	17.5
4003	1990	145	25315.2	9.8	17.1	0.8782	2.2	0
4003	1990	146	29635.2	3.7	17.2	0.6828	1.6	0
4003	1990	147	29030.4	5.5	19.7	0.6704	1.3	0
4003	1990	148	24364.8	4.1	16.1	0.6794	1.7	0
4003	1990	149	28598.4	1	17.5	0.6417	0.7	0
4003	1990	150	29980.8	3.2	20.6	0.6542	1	0
4003	1990	151	29462.4	5.5	22.9	0.7602	0.7	0
4003	1990	152	27907.2	7.5	25.5	0.9372	1	0.5
4003	1990	153	14083.2	11.1	18	1.3567	2.5	13.4
4003	1990	154	13478.4	9.4	17	1.1368	1.9	3.2
4003	1990	155	21340.8	11.7	16.8	0.9899	3.9	0
4003	1990	156	24364.8	6.4	19	0.7922	0.6	0.4
4003	1990	157	9072	10.9	17.4	1.3382	1	1
4003	1990	158	9072	11.4	18	1.42	1	9.3
4003	1990	159	14342.4	9.6	16	1.27	1.8	2.3
4003	1990	160	21254.4	8.7	15.2	1.0614	2.1	1.6
4003	1990	161	8467.2	5.7	12.5	1.0395	2.3	9.1
4003	1990	162	7603.2	11	16.5	1.2411	1.8	0
4003	1990	163	9158.4	9.8	17.9	1.2017	1.6	4
4003	1990	164	6912	11.1	14.2	1.3891	1.4	6.6
4003	1990	165	7689.6	10.7	15.6	1.3144	0.9	0
4003	1990	166	6912	12	16.3	1.4027	1	0
4003	1990	167	14256	12	19.4	1.3538	0.8	0
4003	1990	168	27043.2	7.7	23.2	1.1921	0.5	0
4003	1990	169	16588.8	11.6	21.3	1.5509	1.3	1.8
4003	1990	170	27648	11.6	26.8	1.5548	1	16.8
4003	1990	171	6912	14.4	19.3	1.7441	0.7	6
4003	1990	172	23932.8	13.5	21.3	1.4486	1.2	1.8
4003	1990	173	14947.2	11.8	18	1.3369	2	5
4003	1990	174	18835.2	11.8	19.2	1.1959	2.1	1.6
4003	1990	175	19699.2	11.5	20.2	1.5647	0.8	0.2
4003	1990	176	29808	10.4	25.1	1.3592	0.9	0
4003	1990	177	29894.4	13.9	29	1.5311	1.8	0
4003	1990	178	22464	17.9	27	2.1425	0.9	5.5
4003	1990	179	16502.4	17.4	24.3	1.894	1.4	0
4003	1990	180	25401.6	14	29.6	1.9291	1	12.1
4003	1990	181	24710.4	14.2	28	1.8982	0.6	26.3
4003	1990	182	22636.8	14.6	20	1.3014	3	0.7
4003	1990	183	21427.2	10.8	20.1	1.1745	1.2	0
4003	1990	184	6825.6	11.4	15.5	1.4328	0.8	3.6
4003	1990	185	19958.4	11.6	19.6	1.2567	1.4	4.1
4003	1990	186	6825.6	12.8	19	1.4434	2.7	12.1
4003	1990	187	16416	11.6	16.5	1.1854	4.2	0.1
4003	1990	188	12787.2	8.2	16.5	1.233	1.1	12.5
4003	1990	189	6825.6	12.3	19.1	1.621	2.4	1.5
4003	1990	190	9590.4	16	21.8	1.8749	3	0.2
4003	1990	191	21513.6	12.6	17.5	1.2302	3.1	0.4
4003	1990	192	26870.4	7.8	20.7	1.1359	0.6	0
4003	1990	193	29635.2	9.4	25	1.1953	1.7	0
4003	1990	194	28598.4	12.5	27.5	1.3772	1.3	0
4003	1990	195	29116.8	12.7	22.6	1.1692	2.3	0
4003	1990	196	29376	10.2	25.8	1.1746	1.3	0
4003	1990	197	24364.8	10.2	27.9	1.2103	1.5	0
4003	1990	198	17971.2	16.2	23.2	1.4664	1.7	0
4003	1990	199	10800	10.2	18	1.0928	0.9	0
4003	1990	200	24883.2	13.2	22.7	1.3353	0.9	0
4003	1990	201	27820.8	9.8	26.8	1.3439	0.8	0
4003	1990	202	28080	12.4	28.5	1.4399	1	0
4003	1990	203	27216	14.6	27.3	1.4106	1.5	0
4003	1990	204	28425.6	11.3	24.6	1.0477	1.5	0
4003	1990	205	27820.8	7.8	23	0.9261	1	0
4003	1990	206	27993.6	8.4	24.6	1.031	1.2	0
4003	1990	207	26870.4	11.7	26.5	1.2141	2.3	0
4003	1990	208	25833.6	13.9	29.8	1.229	1.3	0
4003	1990	209	27043.2	16.4	32.5	1.1012	1.2	0
4003	1990	210	18576	18	29.2	1.6861	1.4	0.1
4003	1990	211	19785.6	16.8	27.1	1.6574	1.1	0
4003	1990	212	18489.6	14.2	27.8	1.6632	1	0
4003	1990	213	25747.2	15.9	31.8	1.623	1.3	0
4003	1990	214	26697.6	16.9	31.7	1.2733	2.1	0
4003	1990	215	26870.4	16.9	31.9	1.2199	2	0
4003	1990	216	26697.6	14.6	32.6	1.3372	0.9	0
4003	1990	217	24451.2	15.2	34.1	1.7336	1.8	4.9
4003	1990	218	17020.8	17	23.2	1.5501	1.7	0.3
4003	1990	219	17452.8	10.8	19.6	1.2594	1	0
4003	1990	220	23932.8	6.6	23.4	1.0559	0.7	0
4003	1990	221	25747.2	7.8	25.4	1.0375	0.9	0
4003	1990	222	18748.8	10.3	36.4	1.5463	1.3	0
4003	1990	223	20390.4	12	28.3	1.3429	0.6	0
4003	1990	224	25056	14.4	32.3	1.3745	1.2	0.1
4003	1990	225	15811.2	15.4	32.2	1.883	1.2	1.6
4003	1990	226	9244.8	15.8	23.5	2.0101	0.6	6.5
4003	1990	227	20563.2	16	26	1.7129	1.4	0
4003	1990	228	12096	15	24.2	1.8672	1.5	3.9
4003	1990	229	20563.2	12.2	19.1	1.1542	2.4	0
4003	1990	230	18144	7	21.9	0.8877	2	1.6
4003	1990	231	18057.6	14.2	22.7	1.505	1.2	0
4003	1990	232	16761.6	16	23.2	1.4573	3.6	2.9
4003	1990	233	13651.2	12	18.9	1.157	3.5	2
4003	1990	234	6825.6	11.3	17.5	1.2289	1.2	0
4003	1990	235	20131.2	7	24	1.2135	0.9	0
4003	1990	236	23328	12.2	30.2	1.5581	0.8	0
4003	1990	237	16243.2	14.8	26.6	1.706	1.7	0.7
4003	1990	238	7862.4	15.1	24.6	1.7576	0.6	0.3
4003	1990	239	19612.8	15	28	1.7405	0.7	0
4003	1990	240	19699.2	14.7	29.2	1.8416	0.5	0
4003	1990	241	18144	14.4	31.2	1.8006	0.8	0
4003	1990	242	19353.6	14.6	28	1.6435	1.3	0
4003	1990	243	6307.2	12.5	21	1.6759	2.7	2.4
4003	1990	244	8208	11	16.5	1.2411	2	0
4003	1990	245	9849.6	8.5	19.3	1.2691	0.8	7
4003	1990	246	4838.4	13.1	16.1	1.5934	1	6.6
4003	1990	247	14515.2	12.9	23	1.664	1.2	7.3
4003	1990	248	15033.6	10.2	16.8	1.1593	2.1	0
4003	1990	249	12009.6	6.8	18.6	1.0123	1.4	0.5
4003	1990	250	9417.6	9.6	15.8	1.291	2.8	7.5
4003	1990	251	10108.8	10.3	16.7	1.422	2.2	1.4
4003	1990	252	13996.8	9.3	17.4	1.1939	1	0
4003	1990	253	8380.8	5.7	14	1.0204	1.4	4.8
4003	1990	254	4492.8	9.2	13.9	1.2514	0.6	0.3
4003	1990	255	11404.8	9	17.7	1.3011	0.3	0.1
4003	1990	256	17884.8	7	20.1	1.1785	0.8	0
4003	1990	257	17798.4	7.6	21.5	1.2078	0.8	0
4003	1990	258	15379.2	8.2	18.8	1.0974	1	0
4003	1990	259	17625.6	8.4	16.9	0.9651	1.4	0
4003	1990	260	15811.2	6	19.5	0.9567	2.1	2.1
4003	1990	261	14947.2	9.8	16.1	1.0588	2.4	0
4003	1990	262	14169.6	11.4	22.1	0.9141	2.9	0
4003	1990	263	11404.8	11.1	18.9	0.9878	2.8	0
4003	1990	264	6048	8.4	14.8	0.9826	3.9	9.5
4003	1990	265	3888	8.2	17.5	1.3482	2.1	34.1
4003	1990	266	9158.4	11.7	17.1	1.3272	1.2	4
4003	1990	267	9763.2	7.8	13	0.9452	3.2	0.9
4003	1990	268	10454.4	7.5	15.6	0.9385	3.3	1.6
4003	1990	269	5875.2	8.9	14.5	1.1265	0.5	0
4003	1990	270	8985.6	5.9	14.2	0.9972	0.7	0
4003	1990	271	15120	3.4	16	0.926	0.6	0
4003	1990	272	13478.4	4.5	20.1	1.0718	0.4	0
4003	1990	273	7948.8	11.5	22	1.5045	0.9	2.5
4003	1990	274	3456	12.4	17.9	1.5993	1.2	27
4003	1990	275	10540.8	8.2	18.2	1.3036	0.7	0
4003	1990	276	14515.2	9.4	24.4	1.4804	0.6	0
4003	1990	277	4492.8	8.5	17	1.3247	1.4	4.3
4003	1990	278	11664	3.8	15.2	0.8662	1.1	0
4003	1990	279	10281.6	11.6	20	1.3445	1.8	0.5
4003	1990	280	6307.2	10.8	17	1.2532	1	0.4
4003	1990	281	7603.2	4.3	11.5	0.8306	1.1	0
4003	1990	282	12182.4	0.5	14.3	0.7925	0.6	0
4003	1990	283	12960	1.9	15.2	0.9126	0.7	0
4003	1990	284	12614.4	2.2	18.3	0.9981	0.5	0.2
4003	1990	285	12355.2	6.8	23.6	1.1214	1.7	0
4003	1990	286	9417.6	11	21.3	1.5032	0.7	0.1
4003	1990	287	11491.2	9.8	24	1.4804	0.6	0
4003	1990	288	11318.4	11.8	25.7	1.663	1	0
4003	1990	289	6134.4	10.6	21.4	1.4889	0.3	0
4003	1990	290	3974.4	12.8	17.7	1.5749	0.9	1.4
4003	1990	291	7776	10.3	18.9	1.3777	0.3	0.1
4003	1990	292	10195.2	8.4	18.3	1.3164	1.6	0
4003	1990	293	3801.6	9.5	14.3	1.1832	1.2	0
4003	1990	294	8640	4.6	12.5	0.7345	3.9	0
4003	1990	295	11145.6	1.4	10.8	0.5177	4.6	0
4003	1990	296	10800	0.4	14.2	0.6031	2.1	0
4003	1990	297	10022.4	-1.4	15.4	0.8211	0.5	0
4003	1990	298	8812.8	5.6	15.8	1.0414	1.4	0
4003	1990	299	7862.4	8	15.4	1.1677	0.9	1.2
4003	1990	300	4233.6	6.2	12.7	0.8633	1.4	0.1
4003	1990	301	3024	6.5	12.5	0.9611	1.6	31.1
4003	1990	302	6048	5.8	10.6	0.902	3.1	12.4
4003	1990	303	5702.4	6.4	9.8	0.788	3.7	4
4003	1990	304	2851.2	7.9	11.9	0.9872	2	1.6
4003	1990	305	4752	8	10.4	0.8954	3	3.7
4003	1990	306	4233.6	5.8	10.1	0.9296	2	1.4
4003	1990	307	2073.6	4.4	7.7	0.8067	1.5	3.2
4003	1990	308	2073.6	3.2	5.1	0.7149	3.2	4.7
4003	1990	309	2073.6	2.1	4.7	0.7249	1.4	1
4003	1990	310	4406.4	-1.6	3.3	0.5978	0.1	0.3
4003	1990	311	3542.4	-1.8	5.8	0.6351	0.2	0.1
4003	1990	312	3369.6	-2.2	3.6	0.5271	1.4	0
4003	1990	313	7776	0	8.4	0.6515	1.6	0
4003	1990	314	5875.2	-2	9	0.6437	0.5	1.6
4003	1990	315	1900.8	5.9	9.8	1.0082	0.8	7.8
4003	1990	316	2851.2	4.8	10	0.9468	0.1	0
4003	1990	317	4665.6	4.7	10.5	0.8868	0.4	2.3
4003	1990	318	1814.4	6.6	10.8	1.0231	1	9
4003	1990	319	3369.6	6.9	10.4	1.0308	2.8	3.7
4003	1990	320	5443.2	5.6	11.4	0.8208	1.6	0.1
4003	1990	321	2073.6	10.2	13.4	1.1892	6.2	1.3
4003	1990	322	2764.8	6.5	12	0.9451	6.8	17
4003	1990	323	1641.6	5	7.1	0.8723	4.3	10.1
4003	1990	324	1641.6	5	10.6	0.9201	2.7	20.5
4003	1990	325	1900.8	4	8.9	0.8389	1.8	0.4
4003	1990	326	1555.2	3.9	5.7	0.7396	1.5	10.5
4003	1990	327	1555.2	0.1	4.7	0.6753	1.7	2.1
4003	1990	328	3456	-0.4	4.8	0.6013	1.1	0
4003	1990	329	1555.2	-0.1	5.7	0.6126	2.8	0.5
4003	1990	330	5788.8	2	9.4	0.6867	1	0.1
4003	1990	331	5788.8	-0.9	5.3	0.6299	0.9	0.1
4003	1990	332	1468.8	-0.2	2.8	0.5705	1.6	0.6
4003	1990	333	1468.8	1.4	3.1	0.6609	0.9	4.4
4003	1990	334	4233.6	-2.6	4	0.5014	1.9	0.4
4003	1990	335	4838.4	-7	-0.5	0.3613	0.6	0
4003	1990	336	1382.4	-2.9	-0.2	0.5128	1.2	1
4003	1990	337	2851.2	-0.2	3.5	0.5988	0.1	0.2
4003	1990	338	1382.4	0.6	3.7	0.6562	2.3	2.7
4003	1990	339	4752	-1.2	3.9	0.5052	2.4	0
4003	1990	340	4752	-5.5	1.9	0.4285	0.2	0
4003	1990	341	5011.2	-6.8	0.5	0.3779	0.9	0
4003	1990	342	3628.8	-8.5	1	0.3706	1	0
4003	1990	343	1382.4	-1.9	0.8	0.4285	3.7	0
4003	1990	344	1296	-2.4	0.2	0.5244	1	11.2
4003	1990	345	2419.2	-7	-1.5	0.406	1	1.1
4003	1990	346	1296	-1.5	0.9	0.5619	2.9	11.7
4003	1990	347	1987.2	-2.9	1.2	0.5283	1.6	0.1
4003	1990	348	1296	1.8	1.8	0.6331	0.6	0.2
4003	1990	349	1296	-3	0.6	0.4758	1	0.8
4003	1990	350	2160	-3.2	0	0.4511	1.9	0
4003	1990	351	3628.8	-3.4	-0.1	0.4247	2.1	0
4003	1990	352	1296	-3.4	-0.5	0.4184	1.6	0
4003	1990	353	1296	-2.8	-0.5	0.4874	1.3	2.1
4003	1990	354	1296	-2.6	1.2	0.4935	2.4	5.5
4003	1990	355	1296	0	1.5	0.6129	1.8	1.7
4003	1990	356	1296	1.3	3.4	0.7091	0.4	2
4003	1990	357	1296	2	3.8	0.6997	1	0
4003	1990	358	1296	1.3	2.6	0.6399	0.4	0.3
4003	1990	359	1296	0	1.8	0.613	0.4	3.1
4003	1990	360	2678.4	-0.2	5.9	0.5698	2.4	2.8
4003	1990	361	2505.6	0.4	7.2	0.6334	4.8	3.4
4003	1990	362	3801.6	0.7	6	0.567	2	0.8
4003	1990	363	1296	1.9	13.5	0.8404	3.4	3.9
4003	1990	364	1296	6	13.8	1.0969	2.4	8.7
4003	1990	365	1296	3	6.9	0.8256	0.6	10.8
