*---------------------------------------------------------------------------*
* Station name: REGENSBURG                              
* Year: 2013
* Author: Pedro Alencar                                   -999.000: NIL VALUE
* Source: ECAD 
* Comments: 
* Longitude: 49.0433, latitude: 49.0433, altitude: 365 m.
*
* Column  Daily value
* 1       station number
* 2       year
* 3       day
* 4       irradiation                   (kJ m-2 d-1)
* 5       minimum temperature           (degrees Celsius)
* 6       maximum temperature           (degrees Celsius)
* 7       early morning vapour pressure (kPa)
* 8       mean wind speed (height: 2 m) (m s-1)
* 9       precipitation                 (mm d-1)
*
** WCCDESCRIPTION=GERMANY, REGENSBURG                              
** WCCFORMAT=2
** WCCYEARNR=2013
*---------------------------------------------------------------------------*
   49.0433  12.1031    365.  -0.18 -0.55
4004	2013	1	3110.4	-1.8	2.5	0.5891	2.7	0.9
4004	2013	2	4406.4	-0.7	7.2	0.6633	2.6	0
4004	2013	3	1468.8	-1.7	4.1	0.6197	2.3	2.8
4004	2013	4	1555.2	3.6	7.9	0.882	4.8	8.3
4004	2013	5	1555.2	5.7	7.9	0.9087	5	0.3
4004	2013	6	1555.2	5	6.6	0.8389	4.5	0.5
4004	2013	7	1555.2	4.3	7.4	0.8234	2.9	0.4
4004	2013	8	1555.2	3.1	5.2	0.7724	1.8	7.2
4004	2013	9	1555.2	1.8	4.9	0.7379	1.8	0.9
4004	2013	10	1641.6	0.9	3.7	0.6417	3.1	0.2
4004	2013	11	3542.4	-2.7	1.6	0.452	3.1	0
4004	2013	12	2246.4	-6.2	-0.3	0.3463	1.4	0
4004	2013	13	1641.6	-6.7	-1.1	0.3665	2.3	0
4004	2013	14	1641.6	-3.4	-1.1	0.4144	1.8	0
4004	2013	15	3801.6	-3.8	1	0.4688	1.4	0.3
4004	2013	16	1728	-3.2	-0.3	0.4892	1.6	5.7
4004	2013	17	1728	-4.6	-2.5	0.4467	3.1	7.2
4004	2013	18	1728	-5.5	-1.7	0.417	2.1	0
4004	2013	19	2160	-7.3	-2.7	0.3583	2.3	0
4004	2013	20	2678.4	-7.6	-2.6	0.3598	2.3	0
4004	2013	21	1814.4	-4.2	-1	0.4644	1.2	4.1
4004	2013	22	1900.8	-2.8	0.3	0.5131	1.9	0.1
4004	2013	23	1900.8	-1.4	1.3	0.5723	1.6	0.4
4004	2013	24	1900.8	-4.7	-0.7	0.471	2	0
4004	2013	25	1900.8	-5.6	-2.6	0.379	2.4	0
4004	2013	26	1987.2	-6.5	-4	0.3433	2	0
4004	2013	27	1987.2	-6.7	-1.6	0.3956	3.1	0.8
4004	2013	28	2073.6	-2	4.3	0.6109	2.1	0
4004	2013	29	2073.6	-0.2	5.3	0.6752	4.5	4.2
4004	2013	30	3369.6	5.2	14.3	1.0136	5.7	7.1
4004	2013	31	6480	5	10	0.7046	7.1	0.5
4004	2013	32	2160	4.2	6.8	0.7765	3.7	14.2
4004	2013	33	2160	-1.3	5.1	0.6166	3.6	1.5
4004	2013	34	2678.4	-2.1	2.9	0.5221	4.3	5.8
4004	2013	35	2246.4	-0.2	4.5	0.6776	4.9	6.1
4004	2013	36	5011.2	0.2	8	0.7288	4.1	2
4004	2013	37	5702.4	-0.4	5.6	0.5892	2.5	1.8
4004	2013	38	4838.4	-2	3.6	0.5762	2.4	0.3
4004	2013	39	5011.2	-2.8	2	0.5044	1.5	0
4004	2013	40	2937.6	-4.2	-0.9	0.4357	2.4	1.1
4004	2013	41	7516.8	-8.1	-0.2	0.3866	1.7	0
4004	2013	42	8294.4	-10	0.1	0.3343	3.1	0
4004	2013	43	2592	-3.7	-0.8	0.4455	2.9	4.7
4004	2013	44	3888	-4.4	1.1	0.4765	1.3	0.1
4004	2013	45	3110.4	-6.7	0.3	0.4007	1.1	0
4004	2013	46	2678.4	-6.6	-0.8	0.4231	1.2	1.3
4004	2013	47	2764.8	-1.7	1.3	0.5721	1.2	1.2
4004	2013	48	4147.2	-0.1	3.9	0.6306	1.3	0
4004	2013	49	2851.2	-0.7	1.8	0.5214	1.2	0
4004	2013	50	2851.2	-1.2	1.5	0.5312	2.4	2
4004	2013	51	4924.8	-4.5	2.6	0.4333	2.9	0
4004	2013	52	6307.2	-5.7	0.4	0.3621	2.6	0
4004	2013	53	7862.4	-7.5	-2.4	0.3216	3.8	1.6
4004	2013	54	3024	-5.8	-1	0.4137	1.7	4.2
4004	2013	55	3110.4	-4.4	1	0.4748	1.7	7.3
4004	2013	56	3196.8	-2.6	1.1	0.5149	1.4	0.1
4004	2013	57	3196.8	-2.4	4.7	0.6175	1.9	0.1
4004	2013	58	3283.2	0.5	3.2	0.6004	2.5	0
4004	2013	59	3283.2	0.8	3.4	0.5899	1.6	0
4004	2013	60	3283.2	0	1.8	0.5543	2	0
4004	2013	61	12873.6	-4.4	7.2	0.4394	1.7	0
4004	2013	62	13219.2	-5.8	8	0.5094	1.4	0
4004	2013	63	13478.4	-5.1	8.3	0.5143	2.4	0
4004	2013	64	13737.6	-4.1	12.5	0.569	2.3	0
4004	2013	65	12441.6	-2.8	15.2	0.6445	2.3	0
4004	2013	66	4838.4	2.9	12.9	0.7667	1.8	0
4004	2013	67	14169.6	4	17.8	1.0162	2.2	0.2
4004	2013	68	5356.8	4.7	13.4	1.036	1.7	2.2
4004	2013	69	6912	4.4	11.8	1.0039	2.3	4.1
4004	2013	70	3801.6	1.1	5.6	0.6602	2.3	0
4004	2013	71	3888	-0.4	3.7	0.585	2.7	2.5
4004	2013	72	3888	-4.9	-0.3	0.4492	3	1.1
4004	2013	73	12182.4	-9	1.6	0.3394	3.3	0
4004	2013	74	11664	-6.9	0.8	0.371	2.3	0
4004	2013	75	16416	-8.2	4.9	0.3628	2.6	0
4004	2013	76	13219.2	-2.9	7.1	0.3838	3.4	0
4004	2013	77	4147.2	0	4.5	0.5675	2.6	5
4004	2013	78	9072	0.3	7.1	0.7086	3.5	5.3
4004	2013	79	12268.8	-0.6	11.8	0.791	2.6	2.3
4004	2013	80	7171.2	0.4	5	0.5638	3.6	0
4004	2013	81	13824	-1.7	7.3	0.4931	3	0
4004	2013	82	8121.6	-2.7	2.8	0.3925	4.9	0
4004	2013	83	7862.4	-4.9	2.3	0.3056	5.9	0
4004	2013	84	4579.2	-4.2	-1.1	0.3571	5.7	0.9
4004	2013	85	4579.2	-5	-1.9	0.379	3.8	0.3
4004	2013	86	8121.6	-5.7	1.7	0.3694	2	0
4004	2013	87	13392	-3	6.6	0.48	2.7	2
4004	2013	88	12787.2	-0.8	7.4	0.565	2.6	0
4004	2013	89	4838.4	-2.9	7.6	0.5427	2.1	0.8
4004	2013	90	5788.8	-1.5	4.8	0.5162	3.5	0
4004	2013	91	12528	-2	5.8	0.4274	2.2	0
4004	2013	92	16675.2	-2.7	7.8	0.4917	3.8	0
4004	2013	93	5961.6	-0.7	3.4	0.4378	3.4	0
4004	2013	94	8035.2	-1	5.3	0.5136	2.7	0
4004	2013	95	5097.6	-1.4	4.1	0.5321	2.7	0
4004	2013	96	5184	1.2	5.7	0.571	2.5	0
4004	2013	97	5270.4	-3.2	6.1	0.5021	2.4	0
4004	2013	98	17884.8	-4.3	10.5	0.496	2.4	0
4004	2013	99	9676.8	4.6	11.5	0.8821	2.6	4.5
4004	2013	100	8812.8	5.2	15	0.9635	3.7	0.5
4004	2013	101	6048	4.9	15.3	1.1117	3.7	4.4
4004	2013	102	13046.4	7.3	16.9	0.9873	4.1	0.1
4004	2013	103	14169.6	4	17.3	0.8585	3.8	0
4004	2013	104	16070.4	2.9	18.6	0.89	2	0
4004	2013	105	22550.4	4.9	23.2	0.9611	1.9	0
4004	2013	106	15897.6	9.7	22.9	1.2585	1.9	2
4004	2013	107	16675.2	10.4	23.3	1.3224	1.4	0
4004	2013	108	17971.2	8.8	26.5	1.4111	2.3	3.9
4004	2013	109	5788.8	6.4	13.4	1.0604	2.4	18.4
4004	2013	110	5875.2	5.1	9.4	0.8761	6	1.2
4004	2013	111	22809.6	6.7	20.5	1.089	3.4	0
4004	2013	112	8553.6	7.6	16.6	1.0437	2	0
4004	2013	113	18144	6.1	20.1	1.0391	1.9	0
4004	2013	114	24278.4	4.7	23.9	1.0582	1.5	0
4004	2013	115	24710.4	6.3	24.4	1.0799	1.4	0
4004	2013	116	22464	7.4	27.5	1.2541	2.5	0
4004	2013	117	11145.6	8.3	21.2	1.3072	3	0.5
4004	2013	118	6220.8	6.8	11.8	0.9951	2.2	0.2
4004	2013	119	6220.8	7.9	13.8	1.0388	1.7	0
4004	2013	120	13132.8	7	18.1	1.1331	3.1	0
4004	2013	121	19699.2	7.4	20.9	1.2253	3.2	9.7
4004	2013	122	10454.4	10.6	19.1	1.4675	2.7	0.1
4004	2013	123	10022.4	11.4	17.8	1.3445	2.8	0.2
4004	2013	124	17193.6	10.3	21.2	1.3939	2.3	1
4004	2013	125	20736	9.7	21.5	1.239	1.7	0
4004	2013	126	19785.6	8.9	22.4	1.4027	3	2.1
4004	2013	127	13651.2	13	21.9	1.692	1.8	0
4004	2013	128	19612.8	11.7	22.8	1.5136	1.6	0
4004	2013	129	17107.2	10	24.5	1.4939	1.4	7
4004	2013	130	6652.8	10.3	15.4	1.3334	2.3	6.5
4004	2013	131	8726.4	7.9	15.8	1.1793	1.6	1
4004	2013	132	16329.6	4.3	16.3	1.039	2.8	2.8
4004	2013	133	9158.4	4.8	11.5	0.9531	2.2	1.8
4004	2013	134	21254.4	8.3	20	1.1931	2	0
4004	2013	135	26352	7	25	1.1621	2.4	0
4004	2013	136	18403.2	9.2	23.3	1.1069	3.1	0
4004	2013	137	19267.2	11.1	24.8	1.6023	2.4	19.8
4004	2013	138	23673.6	9.9	20.4	1.2897	2.2	0
4004	2013	139	22032	7.7	25.7	1.4618	3.1	1.4
4004	2013	140	26006.4	6.5	20	1.0493	3	4.8
4004	2013	141	20217.6	8.1	18.1	1.2047	1.9	0.1
4004	2013	142	11836.8	7.2	12.9	1.0464	3.5	2.9
4004	2013	143	14083.2	5.6	13.2	0.8722	2.1	2.6
4004	2013	144	11145.6	4.2	10.2	0.8223	2.3	0.3
4004	2013	145	7084.8	3.3	11.1	0.9238	1.4	8.1
4004	2013	146	7084.8	4.2	7.5	0.8604	4.8	13.3
4004	2013	147	7171.2	6.5	10.2	1.043	3.1	3.4
4004	2013	148	24796.8	7.9	20.9	1.2289	1.4	6.3
4004	2013	149	7171.2	7.1	12.4	1.1342	2	7.5
4004	2013	150	10713.6	5.2	14.3	1.0618	2.7	15
4004	2013	151	7171.2	7.4	14.8	1.2674	3.2	21.2
4004	2013	152	6307.2	6.6	13.5	1.1818	2.5	19.7
4004	2013	153	6307.2	7.7	11.2	1.1353	4.4	23.6
4004	2013	154	6307.2	7.3	9.1	1.0325	2.6	7.4
4004	2013	155	13737.6	7.9	18.7	1.2511	1.4	0
4004	2013	156	28425.6	11.1	23.7	1.3097	2	0
4004	2013	157	25488	8.8	23.8	1.3141	2	0
4004	2013	158	24278.4	9.1	23.7	1.3411	1.4	0
4004	2013	159	28252.8	11.6	26.3	1.5308	1.9	0
4004	2013	160	21945.6	12.6	26.6	1.7306	2.2	23.8
4004	2013	161	6393.6	11.7	17.6	1.5653	2.1	6.4
4004	2013	162	17971.2	11.3	22.1	1.5187	2.3	0
4004	2013	163	25747.2	9.7	25.6	1.4514	1.3	0
4004	2013	164	29721.6	12.7	27	1.4801	2.7	2.1
4004	2013	165	19612.8	11.2	20.6	1.299	2.4	0
4004	2013	166	25920	11.9	26.9	1.5293	2	0.1
4004	2013	167	26006.4	15.1	27.4	1.5881	1.6	0
4004	2013	168	29894.4	13.4	32.2	1.8283	1.9	0
4004	2013	169	29635.2	16.9	34.7	2.055	1.7	0
4004	2013	170	29808	19.8	34.4	2.0394	2.2	0
4004	2013	171	27043.2	18.2	34.8	2.4524	2.4	16.5
4004	2013	172	19353.6	14.3	25.4	1.7576	2.4	1.4
4004	2013	173	17107.2	15.1	23.2	1.7715	1.8	0.8
4004	2013	174	10886.4	13.9	22.4	1.7058	1.9	1.5
4004	2013	175	13478.4	12.6	20.5	1.4479	2.3	2.4
4004	2013	176	7257.6	9.8	15.8	1.329	2.9	10.2
4004	2013	177	8899.2	9.2	14.3	1.075	2.8	0
4004	2013	178	10886.4	8.9	17.2	1.0957	1.8	0
4004	2013	179	14947.2	7.6	19.7	1.2018	1.2	0.4
4004	2013	180	7776	8.7	16.4	1.322	2.3	5.4
4004	2013	181	20217.6	8.5	20.2	1.4863	2	0
4004	2013	182	29203.2	6.4	23.9	1.1693	1.3	0
4004	2013	183	26697.6	10.6	27.8	1.5326	1.3	1.2
4004	2013	184	9504	14.5	22.8	1.8029	2.2	0.8
4004	2013	185	17884.8	13.9	26.5	1.8433	1.3	0
4004	2013	186	25228.8	14.5	27.1	1.7165	2.5	0.1
4004	2013	187	26006.4	14.1	26.2	1.6256	2.5	0
4004	2013	188	23760	14.6	27.4	1.6384	2.3	0
4004	2013	189	28080	13.3	27.6	1.4639	2.7	0
4004	2013	190	27129.6	13.2	27.8	1.4925	2.2	0
4004	2013	191	26265.6	13	29.6	1.6182	2.3	0
4004	2013	192	20476.8	9.6	23	1.203	3.2	0
4004	2013	193	23328	8.3	25	1.2679	1.6	0
4004	2013	194	27475.2	9.1	26.2	1.2498	1.9	0
4004	2013	195	25574.4	10	28.7	1.3452	1.8	0
4004	2013	196	24192	13.5	27.4	1.4639	2.1	0
4004	2013	197	28857.6	10.4	27.4	1.2645	1.5	0
4004	2013	198	28080	10.9	30.3	1.3564	1.8	0
4004	2013	199	26092.8	16	30.1	1.378	2.6	0
4004	2013	200	26697.6	15.9	31.5	1.5208	2.7	0
4004	2013	201	27302.4	15.1	29.7	1.4871	2.3	0
4004	2013	202	28166.4	13.1	30.3	1.3992	1.8	0
4004	2013	203	28252.8	12.8	32	1.433	1.6	0
4004	2013	204	23587.2	14	34.7	1.5812	1.8	0
4004	2013	205	10972.8	17.2	30.6	2.0127	1.7	0.2
4004	2013	206	22032	16.8	30.6	2.1642	1.7	0.6
4004	2013	207	25833.6	15.8	33.4	1.9445	1.3	0
4004	2013	208	27561.6	15.8	35.4	1.8015	2	0
4004	2013	209	25142.4	19	36	1.8679	2.2	1
4004	2013	210	14169.6	16	27.4	2.0728	2.8	9.1
4004	2013	211	17971.2	14.6	25.9	1.7068	2.8	0
4004	2013	212	16502.4	14.4	27.9	1.6535	2.7	0
4004	2013	213	27043.2	12.7	31	1.6212	1.7	0
4004	2013	214	26784	12.8	36.2	1.6874	1.4	0
4004	2013	215	21340.8	15.4	35	1.7913	2	1
4004	2013	216	22377.6	16.9	33.1	2.5603	2	9.2
4004	2013	217	23673.6	15.8	32	2.1311	1.4	0
4004	2013	218	21859.2	17.7	34.1	2.2005	2.3	10.5
4004	2013	219	19353.6	16.6	30	2.1127	1.8	0
4004	2013	220	15120	17.3	28.6	1.9567	2.4	0
4004	2013	221	6825.6	14.7	21	1.8373	2.1	10.2
4004	2013	222	15120	13.9	25.1	1.8104	1.7	0
4004	2013	223	22982.4	12.2	25.4	1.5166	2	0
4004	2013	224	14688	11.2	26.4	1.4733	1.5	0.6
4004	2013	225	18835.2	12.9	23.7	1.4069	2.5	0
4004	2013	226	19526.4	9.2	23.8	1.1997	1.8	0
4004	2013	227	23500.8	6.3	25.5	1.0464	1.8	0
4004	2013	228	24019.2	7.5	27.2	1.1473	1.8	0
4004	2013	229	22550.4	9.4	31.4	1.4116	1.5	0
4004	2013	230	17712	12.7	31.2	1.6048	2	0.3
4004	2013	231	7689.6	13.4	21.1	1.7298	2.3	13.9
4004	2013	232	12182.4	10.4	20.1	1.4711	1.8	0.1
4004	2013	233	17798.4	9.6	22	1.3445	1.6	0
4004	2013	234	22550.4	8.5	24.7	1.2639	2	0
4004	2013	235	10800	10.3	22.4	1.2997	2.1	0
4004	2013	236	19872	12.8	25.5	1.4393	2.1	2
4004	2013	237	4924.8	13.9	17.4	1.6691	1.8	23.4
4004	2013	238	13824	13.5	21.7	1.6478	2.2	0
4004	2013	239	4838.4	12.5	18.2	1.4283	2.3	0
4004	2013	240	6652.8	12.8	20.2	1.5371	2.2	0.3
4004	2013	241	18403.2	10.8	24.6	1.4762	1.3	0
4004	2013	242	21427.2	8.7	25.7	1.3716	1.2	0
4004	2013	243	17366.4	10.9	25.6	1.4862	2.4	0
4004	2013	244	15206.4	10.3	20.8	1.2174	2.6	0
4004	2013	245	4924.8	10.7	17.2	1.0504	3.1	0
4004	2013	246	16588.8	13.6	26.1	1.5495	2.3	0
4004	2013	247	19612.8	11	26.6	1.5816	1.3	0
4004	2013	248	20304	11.2	27.1	1.5279	1.7	0
4004	2013	249	20217.6	10.7	28	1.4797	1.7	0
4004	2013	250	19612.8	11.4	29.4	1.6269	1.6	0
4004	2013	251	5443.2	14.2	22.9	1.6637	1.6	8.3
4004	2013	252	16070.4	9.4	20.3	1.2988	3.4	0.3
4004	2013	253	6912	9	14	1.2066	2.9	5.6
4004	2013	254	9244.8	7.8	14.2	1.1279	3.4	5.6
4004	2013	255	6220.8	9.5	13.6	1.2514	2.5	8.4
4004	2013	256	5529.6	9.7	15.9	1.3586	2	10.5
4004	2013	257	7257.6	10.5	16.4	1.3866	1.8	0.2
4004	2013	258	6307.2	13.4	21	1.8027	1.8	1.5
4004	2013	259	4233.6	8.9	14.9	1.2806	2.7	4.4
4004	2013	260	12441.6	7	14.5	1.0964	3.4	9.8
4004	2013	261	4147.2	8.1	15	1.2786	3.7	4.4
4004	2013	262	8812.8	7.2	15.8	1.1659	2.5	0.1
4004	2013	263	4060.8	9.6	14.7	1.2452	2.8	0.3
4004	2013	264	5875.2	6.3	18.6	1.2123	1.6	0
4004	2013	265	11923.2	5.2	18.5	1.1793	1.5	0
4004	2013	266	7603.2	10.2	18.7	1.348	2	0
4004	2013	267	15811.2	8	21.8	1.3369	1	0
4004	2013	268	9244.8	8.1	20.1	1.4464	1.3	0
4004	2013	269	5616	10.3	19.7	1.4988	1.6	0
4004	2013	270	7084.8	6	16.6	1.0837	1.6	0
4004	2013	271	14860.8	3.3	18.4	0.9739	2.2	0.6
4004	2013	272	11750.4	7.3	16.6	0.9636	3.5	0
4004	2013	273	8899.2	6.1	14.3	0.8704	3.4	0
4004	2013	274	5443.2	4.3	14.5	0.8722	1.9	0
4004	2013	275	13910.4	1.7	14.4	0.7208	2.2	0
4004	2013	276	13651.2	-1.2	16	0.6484	2.3	0
4004	2013	277	7689.6	-0.3	13.5	0.6625	2.3	0
4004	2013	278	7257.6	3.6	11.8	0.8614	1.6	5.9
4004	2013	279	4233.6	8.6	15.1	1.3041	1.3	0
4004	2013	280	8553.6	6.9	17.9	1.2227	2.1	0
4004	2013	281	7516.8	5	13.3	1.0778	1.5	0
4004	2013	282	3110.4	8.3	13.8	1.1975	1.4	0
4004	2013	283	3110.4	5.6	13.8	1.1424	2.7	14.6
4004	2013	284	3024	3.8	7.9	0.8881	1.8	2.3
4004	2013	285	4147.2	1	8.5	0.7884	1.4	0.8
4004	2013	286	7948.8	1.3	12.8	0.9144	1.7	0
4004	2013	287	5961.6	2.4	14.4	0.9584	1.4	0.2
4004	2013	288	5011.2	7.2	13.6	1.1972	2.9	17.4
4004	2013	289	3369.6	4.8	10	0.9777	1.7	1.4
4004	2013	290	6134.4	5.2	15.8	1.1037	3.1	0.2
4004	2013	291	7603.2	3.1	16.3	0.9861	2.3	0
4004	2013	292	10886.4	0.2	14.6	0.8748	2.4	0
4004	2013	293	5097.6	8.5	17.4	1.3272	2.2	5.8
4004	2013	294	8208	10.7	19.2	1.5279	2	0
4004	2013	295	7516.8	11.1	19.2	1.4445	3	0
4004	2013	296	3283.2	10.2	15.4	1.3586	2.3	1.2
4004	2013	297	8812.8	6.8	17.9	1.3191	1.9	0
4004	2013	298	3628.8	5.7	13.5	1.1587	1.9	0
4004	2013	299	7430.4	9.8	17	1.3974	2.6	0
4004	2013	300	4838.4	10.2	17.9	1.3456	3.5	0.4
4004	2013	301	6912	11.2	22.7	1.3694	3.7	1.3
4004	2013	302	5097.6	8.9	14.5	1.1265	2.9	0.9
4004	2013	303	6998.4	1.1	14.8	0.8762	1.9	0
4004	2013	304	7603.2	-0.7	13	0.8217	1.8	0
4004	2013	305	2246.4	4.6	7.2	0.8448	2.3	0
4004	2013	306	2160	6.8	12.4	1.1348	2.5	5.2
4004	2013	307	3974.4	3.9	10.4	0.9105	3.5	4.7
4004	2013	308	5356.8	3.4	10.5	0.8183	3.5	0
4004	2013	309	7344	2.4	10.5	0.7425	3.1	3.7
4004	2013	310	2073.6	5.7	11.8	1.0265	4.3	4.8
4004	2013	311	4579.2	10.3	18.2	1.2657	3.3	0
4004	2013	312	4147.2	8.9	14.5	1.1677	3	5.5
4004	2013	313	5097.6	4.2	12.8	0.9539	3.2	0.7
4004	2013	314	2678.4	3.3	7.1	0.8401	3.2	12.1
4004	2013	315	3542.4	0.1	7.6	0.7	2.1	0.1
4004	2013	316	6566.4	-1	8.7	0.7241	1.5	0
4004	2013	317	1814.4	-0.1	5.2	0.6899	1.2	0
4004	2013	318	1814.4	0.9	3.6	0.6753	1.5	2.5
4004	2013	319	4492.8	0.7	6.5	0.7115	2.6	0
4004	2013	320	1728	3	6.5	0.7713	1.5	0
4004	2013	321	1728	0.9	5.6	0.7173	1.1	0
4004	2013	322	1728	3	5.6	0.7391	2.2	0
4004	2013	323	2419.2	1.9	7.4	0.8	2.2	4.8
4004	2013	324	1641.6	2.1	4.7	0.7171	3	0.8
4004	2013	325	1641.6	2	5.2	0.7115	2.1	0.4
4004	2013	326	1641.6	2.7	7	0.7508	3.3	2.4
4004	2013	327	1641.6	3.5	6.4	0.7735	3.8	0.2
4004	2013	328	1555.2	0.4	6	0.6148	4.2	0
4004	2013	329	4492.8	-3.8	4	0.4431	3.2	0
4004	2013	330	4838.4	-5.7	2.7	0.4599	2.2	0
4004	2013	331	6134.4	-7.9	1.4	0.4088	1.1	0
4004	2013	332	1468.8	-4.4	-0.2	0.4697	1.5	0.8
4004	2013	333	1468.8	-0.4	2.4	0.6174	3	1.9
4004	2013	334	2764.8	0.7	5.5	0.6868	3.1	0.3
4004	2013	335	2332.8	0.7	5.1	0.6621	1	0.2
4004	2013	336	4752	-2.3	7	0.6512	1.8	0
4004	2013	337	5184	-3.5	4.3	0.5535	1.6	0
4004	2013	338	1555.2	-3.6	1.9	0.5226	2.5	0.3
4004	2013	339	1555.2	0.9	5.1	0.6668	3.6	0.8
4004	2013	340	3456	-1.1	4.1	0.5583	8.1	2.8
4004	2013	341	1468.8	-0.5	2.5	0.5715	5.3	2.3
4004	2013	342	2764.8	2.4	5.7	0.7181	3.3	0.1
4004	2013	343	1468.8	3.8	6.1	0.7561	2.8	2.1
4004	2013	344	1468.8	4.1	5.9	0.8285	1.5	0
4004	2013	345	1468.8	2.1	4.6	0.7534	1.8	0
4004	2013	346	1468.8	0.6	2.2	0.6693	1.6	0
4004	2013	347	1468.8	-1.1	1.3	0.597	1.5	0
4004	2013	348	1468.8	-0.8	2	0.6126	2.1	0.6
4004	2013	349	2160	-0.7	5.4	0.6657	2.4	0
4004	2013	350	4233.6	-1.7	4.2	0.6353	2.4	0
4004	2013	351	5097.6	-2.3	2.8	0.5786	2.1	0.1
4004	2013	352	1468.8	-3.2	-1.9	0.5016	2.3	0.4
4004	2013	353	1468.8	-3.4	-1.1	0.5025	2.6	0.1
4004	2013	354	1728	-1.5	1.8	0.5745	1.8	0.2
4004	2013	355	1468.8	-0.4	2.5	0.6328	2.6	0
4004	2013	356	2937.6	-0.6	4.1	0.6655	3.7	1.4
4004	2013	357	4320	1.2	9.6	0.807	3	0
4004	2013	358	4924.8	1.1	4.8	0.6494	3.7	0
4004	2013	359	2592	1.7	10	0.6938	3.3	0
4004	2013	360	2332.8	0.4	5.5	0.6871	2.3	0.6
4004	2013	361	5011.2	0.9	7	0.7293	3	0
4004	2013	362	3456	0.2	5.9	0.6996	2	0
4004	2013	363	3369.6	-0.1	8.1	0.6749	2.7	0
4004	2013	364	1468.8	-2.5	0.6	0.5644	1.6	0
4004	2013	365	1468.8	-3.5	-1.5	0.5034	1.7	0.1
