*---------------------------------------------------------------------------*
* Station name: REGENSBURG                              
* Year: 1991
* Author: Pedro Alencar                                   -999.000: NIL VALUE
* Source: ECAD 
* Comments: 
* Longitude: 49.0433, latitude: 49.0433, altitude: 365 m.
*
* Column  Daily value
* 1       station number
* 2       year
* 3       day
* 4       irradiation                   (kJ m-2 d-1)
* 5       minimum temperature           (degrees Celsius)
* 6       maximum temperature           (degrees Celsius)
* 7       early morning vapour pressure (kPa)
* 8       mean wind speed (height: 2 m) (m s-1)
* 9       precipitation                 (mm d-1)
*
** WCCDESCRIPTION=GERMANY, REGENSBURG                              
** WCCFORMAT=2
** WCCYEARNR=1991
*---------------------------------------------------------------------------*
   49.0433  12.1031    365.  -0.18 -0.55
4004	1991	1	3110.4	0.9	4.7	0.6574	2.5	1.8
4004	1991	2	1468.8	0.3	5.9	0.7021	3.5	4.6
4004	1991	3	2246.4	5.9	11.6	0.9137	3	0
4004	1991	4	3456	2.3	11.4	0.8127	3.2	0.2
4004	1991	5	4752	1.8	7.5	0.6383	3.1	1.5
4004	1991	6	4406.4	1.8	7.3	0.6085	4.2	1.9
4004	1991	7	1555.2	2	7.2	0.7887	2.8	6.3
4004	1991	8	5097.6	1.6	10.3	0.7452	2.5	0
4004	1991	9	2073.6	1.2	8.1	0.7149	3.2	0.2
4004	1991	10	3974.4	3	10.3	0.6843	4.2	1.3
4004	1991	11	1641.6	6.4	11.1	1.0604	1.7	5.1
4004	1991	12	1641.6	3.4	6.6	0.7849	1.4	0.6
4004	1991	13	1641.6	0.8	3.5	0.6134	2.4	0.1
4004	1991	14	5875.2	-1.2	2	0.3648	5.2	0
4004	1991	15	6134.4	-4.4	2.8	0.2248	2.8	0
4004	1991	16	6220.8	-7	3.5	0.2956	2.3	0
4004	1991	17	6134.4	-8.2	1.7	0.3415	1.8	0
4004	1991	18	5616	-10.9	1.4	0.3351	1.2	0
4004	1991	19	5097.6	-11.3	-0.6	0.3333	0.8	0
4004	1991	20	1814.4	-6.9	-0.3	0.4263	0.8	0
4004	1991	21	1814.4	-1.7	1.6	0.5844	1.9	3.4
4004	1991	22	4320	-2.6	2.6	0.5499	1.2	0
4004	1991	23	1900.8	-5.3	1.5	0.4785	1	0
4004	1991	24	3888	-3.1	1.9	0.462	0.7	0
4004	1991	25	1900.8	-6.2	0.6	0.4327	0.8	0
4004	1991	26	1987.2	-3.2	-0.4	0.4713	1.3	0
4004	1991	27	1987.2	-3.7	-2.2	0.4279	0.8	0.1
4004	1991	28	4752	-5.6	1.2	0.4004	0.8	0
4004	1991	29	4147.2	-8.9	-0.6	0.3738	0.9	0
4004	1991	30	4233.6	-4.4	2.3	0.4131	1.6	0
4004	1991	31	7257.6	-9.4	-1	0.2367	2.3	0
4004	1991	32	7603.2	-11.6	-2	0.1911	1.8	0
4004	1991	33	7689.6	-14	-3.1	0.1957	1.7	0
4004	1991	34	4147.2	-13.2	-3	0.2226	1.7	0
4004	1991	35	7171.2	-12.4	-0.9	0.2565	2.2	0
4004	1991	36	4147.2	-8.8	-3.8	0.3131	2.5	0.2
4004	1991	37	7344	-15.9	-8.8	0.1731	3.6	1.8
4004	1991	38	6566.4	-12.1	-5	0.2887	1.6	0.2
4004	1991	39	4320	-12.8	-2.5	0.2856	1.4	1.5
4004	1991	40	5443.2	-9.6	-1.5	0.3477	1.3	0.5
4004	1991	41	3715.2	-2.6	1.6	0.5243	3.2	5
4004	1991	42	7171.2	-6.6	-1.6	0.379	2.1	0
4004	1991	43	7862.4	-9.8	-1.4	0.3343	1.2	0.2
4004	1991	44	3888	-7.3	-1.5	0.3882	2.1	1.2
4004	1991	45	6652.8	-8.3	-2.8	0.3275	3.2	1.4
4004	1991	46	3456	-9.7	-0.4	0.3654	2.3	5.3
4004	1991	47	4579.2	-3.6	2.8	0.5104	4.3	1.8
4004	1991	48	8812.8	-8.6	0.3	0.3372	1.2	0
4004	1991	49	9158.4	-11.2	-1.7	0.3208	1.1	0
4004	1991	50	2851.2	-10.7	0.2	0.3475	1.4	0
4004	1991	51	10281.6	-5.7	5	0.5063	1.3	0
4004	1991	52	2937.6	-6.8	-2.4	0.4259	0.8	0
4004	1991	53	3542.4	-3.8	-0.5	0.5115	1.7	0.7
4004	1991	54	3888	-4.6	1.7	0.5386	2.4	1
4004	1991	55	8208	0	6.8	0.7015	1.3	0
4004	1991	56	7430.4	-1.4	9.3	0.6887	1	0
4004	1991	57	9676.8	-1.6	9.2	0.6976	1.5	0
4004	1991	58	11491.2	-1.5	5	0.5546	2.4	0
4004	1991	59	11145.6	-3.2	4.6	0.4499	1.7	0
4004	1991	60	12182.4	-2.8	6.4	0.5565	1.6	0
4004	1991	61	7516.8	-2.9	5	0.5537	1.3	3.7
4004	1991	62	3369.6	1.4	3.7	0.7119	1.2	2.8
4004	1991	63	3456	1.2	4.2	0.7047	1.1	0.3
4004	1991	64	3456	1.2	3.1	0.6848	1.4	0.1
4004	1991	65	9590.4	-0.3	9.3	0.7243	1.6	0
4004	1991	66	10886.4	2	10.5	0.7894	2.3	0
4004	1991	67	10800	0.7	17.5	0.8432	2	0
4004	1991	68	3715.2	5.9	10	0.951	1.9	0.3
4004	1991	69	3715.2	6.9	10.2	0.9905	1.3	0
4004	1991	70	6652.8	5.2	11.5	0.9881	0.9	0
4004	1991	71	8467.2	3.8	9.1	0.9064	0.9	0
4004	1991	72	12441.6	0.1	11.9	0.7665	1.2	0
4004	1991	73	14342.4	-1	11.3	0.7579	1.6	0
4004	1991	74	10281.6	2.6	12.8	0.9244	1.5	0.1
4004	1991	75	13996.8	1.5	16.6	0.8634	1.3	0
4004	1991	76	16156.8	1.2	16.6	0.8775	1.5	0
4004	1991	77	11318.4	3.4	15.3	0.8692	1.9	0
4004	1991	78	6220.8	4.2	14	0.9125	2.3	6.1
4004	1991	79	12873.6	8.5	16.6	1.0605	4	1.3
4004	1991	80	12787.2	9.5	17.6	1.3026	2.5	0
4004	1991	81	5270.4	6.6	13	1.1017	2.8	6.6
4004	1991	82	6739.2	5.9	10.6	0.9378	1.4	0.3
4004	1991	83	13910.4	5.5	15.5	0.9895	3	0
4004	1991	84	5443.2	6.4	8.8	0.866	6.2	1.6
4004	1991	85	4579.2	2.6	7	0.7482	5.5	0
4004	1991	86	14083.2	1	7.3	0.5588	2.8	0
4004	1991	87	10886.4	-2.7	5.3	0.5772	2.7	0.9
4004	1991	88	15984	-2.6	5	0.4465	2.5	0
4004	1991	89	4838.4	1.8	5.5	0.6506	1.1	0
4004	1991	90	12787.2	1.6	11.3	0.6557	1.3	0
4004	1991	91	16761.6	-1.8	16.2	0.6396	1.1	0
4004	1991	92	8467.2	6.8	17.4	0.9309	1.9	0
4004	1991	93	17193.6	6.2	19.7	1.0439	1.8	0
4004	1991	94	11577.6	8.7	14.4	1.0473	2.3	0
4004	1991	95	7689.6	6.4	12.2	0.9365	1.9	2.8
4004	1991	96	5184	6.7	11.6	0.8576	2.4	0.1
4004	1991	97	9504	6.6	12.9	0.8446	2.7	0.3
4004	1991	98	9936	5.6	10.5	0.979	3.2	2.4
4004	1991	99	12700.8	5.2	13.8	0.9611	2.4	0
4004	1991	100	19872	-0.7	16.5	0.6709	1.3	0
4004	1991	101	21168	0.1	15.7	0.6922	1.6	0
4004	1991	102	21254.4	2.8	18.6	0.7842	2.3	0
4004	1991	103	20736	4.4	18.8	0.8325	1.9	0
4004	1991	104	19267.2	3.6	17.7	0.8841	1.4	0
4004	1991	105	19872	3.7	19.5	0.9007	1.5	0
4004	1991	106	19008	1.9	17.7	0.7264	4.2	0
4004	1991	107	10454.4	-0.8	7.1	0.4748	2.3	0
4004	1991	108	13996.8	0.3	8.3	0.5066	3.2	0
4004	1991	109	11664	-1.3	7.2	0.5361	2	0
4004	1991	110	19612.8	-2.7	7.6	0.481	2.8	0
4004	1991	111	18057.6	-4.1	9.2	0.5137	1.8	0
4004	1991	112	17798.4	-4.4	11.1	0.435	2.1	0.3
4004	1991	113	13392	2.1	9.1	0.6819	1.9	0.5
4004	1991	114	16156.8	-0.2	10.5	0.6081	0.8	0
4004	1991	115	20995.2	-0.8	13	0.5836	1.5	0
4004	1991	116	20649.6	0.2	14.9	0.6655	2.3	0
4004	1991	117	22636.8	1.8	19.1	0.7966	2.2	0
4004	1991	118	18057.6	2.7	19.3	0.8	1.5	0
4004	1991	119	10886.4	3	14.3	0.8403	2.3	3
4004	1991	120	6307.2	6.4	10.1	1.036	2	3
4004	1991	121	14169.6	8.6	15.7	1.2877	2.6	3.1
4004	1991	122	7344	5.8	11.1	0.829	2.4	0.2
4004	1991	123	7948.8	5	10	0.7979	1.6	0
4004	1991	124	11923.2	2	9.2	0.6456	0.7	1
4004	1991	125	14774.4	4	13.2	0.9268	1.6	0
4004	1991	126	19785.6	0	16.4	0.8151	2.2	0
4004	1991	127	14688	4.2	14.4	0.8429	1	0
4004	1991	128	24019.2	1	16.9	0.686	1.7	0
4004	1991	129	23846.4	1.7	17	0.6695	1.7	0
4004	1991	130	21859.2	6.1	20.2	0.9367	2.6	3.1
4004	1991	131	6739.2	9.8	13	1.2929	1.3	26.6
4004	1991	132	6739.2	7.4	11.8	1.1109	3.2	2.3
4004	1991	133	21772.8	7.3	17.9	1.0057	1	0
4004	1991	134	12441.6	3.1	16.4	1.0859	2.1	5.2
4004	1991	135	17798.4	3.8	12	0.7241	2.9	0.8
4004	1991	136	18576	4	11.8	0.7348	2.9	0
4004	1991	137	18316.8	0	13.4	0.6965	2.3	1.6
4004	1991	138	23241.6	4	13	0.6655	4.4	0
4004	1991	139	24192	1.3	16.4	0.5792	2.8	4.1
4004	1991	140	21340.8	5	18.5	0.9097	1.7	0
4004	1991	141	12355.2	10.8	20.3	1.3232	3.1	0
4004	1991	142	24451.2	12.1	22.5	1.2029	4.1	0
4004	1991	143	22032	6.5	16.5	0.9083	4.4	0
4004	1991	144	22204.8	2.2	12.2	0.8325	2.1	1
4004	1991	145	7084.8	2.2	12	0.7864	1.4	2.8
4004	1991	146	14601.6	6.2	11.5	0.9767	2.3	3.1
4004	1991	147	24624	1.6	18.6	0.8029	0.9	0
4004	1991	148	14428.8	3.5	16.5	0.773	1.3	0
4004	1991	149	23414.4	4.5	19	0.951	1.6	0
4004	1991	150	25315.2	5.4	20.8	0.9036	1.3	0
4004	1991	151	28425.6	8.1	25.7	1.019	1.5	0
4004	1991	152	27561.6	8.1	24.6	0.9655	2.6	0
4004	1991	153	27993.6	6.3	22.1	0.8573	1.7	3.3
4004	1991	154	14947.2	10.9	18.5	1.3197	2.9	3.8
4004	1991	155	24192	4.2	16.7	0.7334	2.2	0
4004	1991	156	23760	3.8	17.8	0.7377	1.3	0.2
4004	1991	157	9158.4	4.7	17.4	1.1053	1.4	1.8
4004	1991	158	13996.8	9.4	19.5	1.2	1.7	0.8
4004	1991	159	14342.4	10.8	19.3	1.2985	2.6	0
4004	1991	160	18230.4	10.5	22	1.2176	1.2	1.6
4004	1991	161	25056	12.5	22.3	1.2303	2.7	0
4004	1991	162	23846.4	9.8	21	1.0659	2.7	0
4004	1991	163	23241.6	9	26.1	1.0817	1.2	0.2
4004	1991	164	20995.2	14.2	24.1	1.3286	2.6	1
4004	1991	165	15120	10.2	19	1.3943	1.6	3.9
4004	1991	166	25401.6	12.1	26	1.2983	1.7	3
4004	1991	167	11836.8	12.8	20	1.6763	1.2	33.2
4004	1991	168	6393.6	9.2	12.8	1.246	2.9	38.8
4004	1991	169	6393.6	8.1	16.9	1.1728	1.9	0.4
4004	1991	170	22896	7	19.4	1.061	1.5	0.5
4004	1991	171	16848	8.2	17.4	1.27	1.4	7.6
4004	1991	172	24537.6	10.4	22.4	1.3038	1.9	0
4004	1991	173	26697.6	11.3	26.2	1.4255	2	6
4004	1991	174	24883.2	14.5	27.3	1.8011	1	0
4004	1991	175	21513.6	15.8	24.6	1.6779	2.7	3.7
4004	1991	176	14428.8	15.3	25	1.979	1.2	0.5
4004	1991	177	21254.4	15.4	27.4	2.0861	1.4	2.3
4004	1991	178	10627.2	10.6	19.5	1.4865	1.7	13.8
4004	1991	179	19612.8	9.1	17.4	1.2014	4.8	0.5
4004	1991	180	15811.2	7.5	17.3	1.0357	3	0
4004	1991	181	26006.4	7.3	23.4	1.1148	0.9	0
4004	1991	182	27993.6	9.1	24.4	1.0855	1.2	0
4004	1991	183	28080	10.4	27	1.055	1.5	0
4004	1991	184	21081.6	13.5	25.3	1.4169	2.1	0
4004	1991	185	23760	17	25.9	1.9138	2.3	0
4004	1991	186	22464	17.5	28.5	1.8785	1.6	0.3
4004	1991	187	28080	16	28.4	1.4691	1.4	0
4004	1991	188	28166.4	14.2	30	1.5399	1.9	0
4004	1991	189	27216	14.6	31.9	1.6509	1.5	0
4004	1991	190	12700.8	17.4	25.6	1.9197	1.2	0.6
4004	1991	191	26006.4	15.7	28.6	1.8109	1.1	0
4004	1991	192	27734.4	17	31	1.9653	1.4	0
4004	1991	193	24537.6	17.7	35	2.02	1.5	1.8
4004	1991	194	19094.4	19.5	29.2	2.3718	1.7	3
4004	1991	195	7084.8	15.7	22	1.9777	1.8	4.3
4004	1991	196	23414.4	13.6	25.6	1.6395	1.5	0
4004	1991	197	24451.2	13.6	26.4	1.4005	1.8	0
4004	1991	198	13824	11.4	23.3	1.5232	1.2	10.2
4004	1991	199	15465.6	11.3	23.4	1.444	0.7	1.2
4004	1991	200	17452.8	14.6	24	1.9222	1.9	5.3
4004	1991	201	23587.2	12.2	25.1	1.4166	1.8	0
4004	1991	202	22809.6	9.7	25.1	1.1906	1.1	0
4004	1991	203	25142.4	13.2	25	1.3024	1.1	0
4004	1991	204	26524.8	9.9	26.8	1.1796	1.5	0
4004	1991	205	11404.8	14	26.7	2.1466	1.4	18.2
4004	1991	206	13824	13	21.7	1.8199	1.4	6.9
4004	1991	207	11318.4	11.6	18.9	1.5576	1	2.5
4004	1991	208	17280	11.6	21.1	1.3739	1.9	0
4004	1991	209	20304	10.6	24.4	1.2181	1.7	0
4004	1991	210	24710.4	11.4	26.1	1.2527	1.7	0
4004	1991	211	26006.4	13	26.7	1.3413	2	0
4004	1991	212	13046.4	14.8	24.6	1.7872	2	34.4
4004	1991	213	5788.8	14.8	18	1.7136	4.2	36.9
4004	1991	214	5788.8	15.5	17.7	1.7355	3.2	10.6
4004	1991	215	12355.2	16.2	24.3	1.9912	2.3	2.5
4004	1991	216	21772.8	14.6	25.3	1.7452	1.4	0
4004	1991	217	22377.6	13	26.8	1.6702	0.7	0
4004	1991	218	24451.2	14.2	27.8	1.6632	1.1	0
4004	1991	219	24278.4	13.9	30.8	1.6982	1.7	0
4004	1991	220	22896	16.9	31.9	2.0434	2	1.3
4004	1991	221	14428.8	18.1	25.8	2.1047	2	0
4004	1991	222	21254.4	14.4	27.7	1.6185	1.4	0
4004	1991	223	23068.8	17	31.2	1.9771	1.6	0
4004	1991	224	20390.4	17.5	29.2	1.89	1.8	0
4004	1991	225	21168	16	27.2	1.6224	1.5	0
4004	1991	226	22723.2	11.9	26.4	1.5943	1	9.5
4004	1991	227	20476.8	14.3	25.1	1.7413	0.9	0
4004	1991	228	23068.8	12.3	27.7	1.4472	1.4	0
4004	1991	229	20736	13.8	26.3	1.4985	1.9	0.4
4004	1991	230	21772.8	13.1	22	1.262	2.4	0
4004	1991	231	22723.2	9	21.6	1.0938	1.9	0
4004	1991	232	9072	6.7	21.8	1.1521	1	0
4004	1991	233	21168	11.7	24.2	1.4996	1	0
4004	1991	234	22291.2	10.3	26.3	1.4279	1.6	0
4004	1991	235	12787.2	11.9	27.2	1.7025	1.2	0.9
4004	1991	236	8380.8	13.4	23.4	1.8172	0.8	0.1
4004	1991	237	15724.8	11.9	25.2	1.6211	1	0
4004	1991	238	21859.2	10.2	24.6	1.1708	1.5	0
4004	1991	239	21168	11.8	23.8	1.2007	1.2	0
4004	1991	240	15120	9.9	24.7	1.2226	1.1	0
4004	1991	241	17971.2	11	20.4	1.1578	1.7	0
4004	1991	242	20563.2	6.4	22.1	1.071	1.1	0
4004	1991	243	20736	7.7	23.7	1.0688	1.7	0
4004	1991	244	20217.6	10.2	26.2	1.106	2	0
4004	1991	245	20044.8	10.4	25.5	1.1915	1.4	0
4004	1991	246	19958.4	10.5	26	1.2769	1.5	0
4004	1991	247	19440	10.1	27.6	1.1953	1.5	0
4004	1991	248	18403.2	9.4	28.9	1.1957	1.7	0
4004	1991	249	12182.4	11.6	19.9	1.233	2.1	0.2
4004	1991	250	7948.8	4.9	16.1	0.9388	2	1
4004	1991	251	11491.2	8.9	19.6	1.3306	1	0.4
4004	1991	252	16243.2	5.3	22.1	1.0805	0.9	0
4004	1991	253	17884.8	5.4	27.4	1.1176	1.2	0.9
4004	1991	254	8726.4	13.3	20.6	1.678	1.3	7.9
4004	1991	255	7603.2	13	17.8	1.3106	1.5	0
4004	1991	256	16588.8	9.3	21.1	1.1214	1.4	0
4004	1991	257	10972.8	8.2	19.4	1.2924	1.2	0
4004	1991	258	10800	10	22.3	1.4666	0.7	0
4004	1991	259	15033.6	11.2	25.1	1.477	1.1	3.2
4004	1991	260	12096	14	22.6	1.4489	2.8	0.1
4004	1991	261	16675.2	11.4	20.8	1.2426	2.1	0
4004	1991	262	15292.8	8.7	20.9	1.2442	0.9	0
4004	1991	263	7516.8	7.9	19.6	1.3354	0.6	0
4004	1991	264	12700.8	8.4	20.4	1.3108	1.2	0
4004	1991	265	9590.4	11.7	18.6	1.5477	2.1	24
4004	1991	266	7430.4	11.6	15.3	1.1401	2.4	0.2
4004	1991	267	10886.4	10.6	20.7	1.385	1.5	0
4004	1991	268	15379.2	10	22.8	1.5087	1.3	0
4004	1991	269	8467.2	10	20.6	1.4758	1.8	4.3
4004	1991	270	5702.4	10.4	15	1.2177	1.9	0.8
4004	1991	271	10281.6	6.3	16.3	0.9365	1.8	0
4004	1991	272	9331.2	7.6	21.2	1.147	1.4	0
4004	1991	273	4233.6	9.6	16.8	1.3339	1.4	2.8
4004	1991	274	13564.8	8.4	18.3	1.0868	1.9	0.6
4004	1991	275	9590.4	9.6	14.2	0.8769	5.3	0.1
4004	1991	276	13996.8	5.8	18.1	1.0753	0.8	0
4004	1991	277	13910.4	2.6	17.8	0.9078	1.1	0
4004	1991	278	13392	3.3	18.6	0.9935	1.4	0
4004	1991	279	10454.4	4.9	17.6	1.1468	1	0
4004	1991	280	11923.2	6	18.8	1.1364	1.3	0
4004	1991	281	11577.6	4.5	22.4	1.0939	1.4	0
4004	1991	282	6307.2	5.5	17	1.1334	0.6	0
4004	1991	283	6825.6	7	17	1.191	0.8	0
4004	1991	284	10454.4	5.7	18.3	1.0789	1.6	0
4004	1991	285	5356.8	5.9	16.1	1.1148	0.9	0
4004	1991	286	3542.4	11.4	15.9	1.3267	0.6	0
4004	1991	287	6307.2	9.6	16.4	1.2567	1.1	0
4004	1991	288	7862.4	8.9	18.7	1.2609	1.1	0
4004	1991	289	2851.2	4.3	12.1	1.0107	1.7	0.8
4004	1991	290	3628.8	7.3	14.2	1.1222	2.5	5.1
4004	1991	291	8467.2	5.9	11.4	0.7171	3.5	0.6
4004	1991	292	5011.2	4	8.4	0.7298	2.1	0.1
4004	1991	293	6134.4	2.6	9.5	0.8442	2.1	2.2
4004	1991	294	7171.2	-0.2	7.4	0.6008	1.2	0
4004	1991	295	8294.4	-3.8	8	0.5331	1.1	0
4004	1991	296	2505.6	-0.3	5.5	0.6997	1.8	1.6
4004	1991	297	5702.4	3.6	9.2	0.8552	1.7	0.5
4004	1991	298	3801.6	4.7	8.9	0.7902	1.4	0
4004	1991	299	8294.4	-2.5	7.6	0.5064	1.8	0
4004	1991	300	8467.2	-3.4	8.9	0.4764	2	0
4004	1991	301	8208	-3.7	6.2	0.4748	1.6	0
4004	1991	302	8035.2	-4.4	9	0.5335	1.6	0
4004	1991	303	7344	-4.6	5.7	0.4896	1.4	0
4004	1991	304	7603.2	-5	4.4	0.4603	1.7	0
4004	1991	305	7171.2	-6.5	5.6	0.4376	1.2	0
4004	1991	306	3628.8	-3.6	4	0.5703	2.7	1.6
4004	1991	307	6998.4	3.6	13	0.9082	3.7	4.4
4004	1991	308	2073.6	3.8	8.3	0.8442	2.7	1
4004	1991	309	4665.6	2.4	8.5	0.7558	3.6	0.3
4004	1991	310	6739.2	1.4	8.6	0.6977	4.3	0
4004	1991	311	1987.2	0.5	5.1	0.6724	2	4.2
4004	1991	312	1987.2	5.1	9.2	0.7993	4.1	0.9
4004	1991	313	1987.2	1.3	8.3	0.7396	3.5	0.4
4004	1991	314	2851.2	0.1	5.2	0.6578	2.6	0.2
4004	1991	315	1900.8	-1.8	4.8	0.5311	2.5	5.2
4004	1991	316	1900.8	2.5	6.4	0.7973	2.7	0
4004	1991	317	1814.4	2.5	7.2	0.7336	2.9	1.6
4004	1991	318	1814.4	3	6	0.7664	2.1	0.8
4004	1991	319	6048	2	8	0.7238	2.1	0
4004	1991	320	3196.8	2.1	6.8	0.7217	2.4	9
4004	1991	321	1728	0.6	2.2	0.6355	3.2	1.8
4004	1991	322	2073.6	0.3	3	0.6125	2.3	2.6
4004	1991	323	1728	2.2	5.6	0.759	2.5	0.2
4004	1991	324	1641.6	2	4	0.6668	2.7	2.3
4004	1991	325	1641.6	1.5	3.2	0.6367	2.2	0
4004	1991	326	1641.6	0.6	2.9	0.5754	1.7	0
4004	1991	327	4406.4	-2.2	5.4	0.5623	0.8	0
4004	1991	328	4752	-4	4.4	0.5455	2.2	0
4004	1991	329	1555.2	0.6	3.2	0.6446	1	0.5
4004	1991	330	1555.2	0.9	1.9	0.649	1.4	0
4004	1991	331	1555.2	0.5	1.8	0.6308	1.6	0
4004	1991	332	1468.8	0	2.2	0.6285	1	0
4004	1991	333	1468.8	0	1.5	0.6322	1.1	0.1
4004	1991	334	1468.8	-0.9	1.3	0.6075	0.4	0
4004	1991	335	1555.2	-2	2.3	0.5436	1.2	0
4004	1991	336	4492.8	-3.3	4.5	0.5488	1.3	0
4004	1991	337	1555.2	-4.4	-0.4	0.4713	0.6	0
4004	1991	338	1555.2	-2.8	-0.6	0.491	1.4	0.2
4004	1991	339	1555.2	-2.2	2.4	0.5231	2.1	0.8
4004	1991	340	2419.2	-2.5	0	0.4183	2.9	1
4004	1991	341	1468.8	-2.5	1.5	0.5126	2.6	0
4004	1991	342	1468.8	-0.4	2.6	0.5954	1.9	0
4004	1991	343	3715.2	-9.6	0.3	0.2857	1.8	0
4004	1991	344	3542.4	-13.3	-5	0.1989	2.1	0
4004	1991	345	4406.4	-8.2	1.1	0.3621	1.9	0
4004	1991	346	1468.8	-9.9	-6.6	0.312	0.9	0.5
4004	1991	347	1468.8	-9.8	-7.5	0.3024	0.7	0
4004	1991	348	2073.6	-11.4	-8.5	0.273	1.3	0.1
4004	1991	349	1468.8	-11.2	-8	0.2865	0.5	0
4004	1991	350	1468.8	-10.5	-5.5	0.3181	0.9	0.7
4004	1991	351	1468.8	-8.5	-0.8	0.4199	2.2	11.5
4004	1991	352	1468.8	-0.8	4.4	0.6122	5.5	3.7
4004	1991	353	1468.8	0.8	6	0.7327	3.4	6.6
4004	1991	354	1900.8	0.6	7.6	0.6797	4.9	0.8
4004	1991	355	1468.8	-0.4	2.4	0.6109	3.3	12.1
4004	1991	356	1468.8	2.2	10	0.9036	3.2	8.2
4004	1991	357	1468.8	7.6	10.3	0.8804	4.6	3
4004	1991	358	3542.4	2.2	8.6	0.6905	5.9	0.8
4004	1991	359	1987.2	0	2.7	0.5928	3.2	0.3
4004	1991	360	1468.8	-0.4	1.4	0.5829	3.7	3.4
4004	1991	361	1728	1.2	4.5	0.6223	6.1	1.5
4004	1991	362	4406.4	-3.8	2.4	0.4471	1.6	0
4004	1991	363	2419.2	-6.1	-0.6	0.4392	0.7	0
4004	1991	364	1468.8	-1.1	2.6	0.5677	1	0.2
4004	1991	365	1468.8	-0.8	1.2	0.4712	1.4	0
