*---------------------------------------------------------------------------*
* Station name: REGENSBURG                              
* Year: 2001
* Author: Pedro Alencar                                   -999.000: NIL VALUE
* Source: ECAD 
* Comments: 
* Longitude: 49.0433, latitude: 49.0433, altitude: 365 m.
*
* Column  Daily value
* 1       station number
* 2       year
* 3       day
* 4       irradiation                   (kJ m-2 d-1)
* 5       minimum temperature           (degrees Celsius)
* 6       maximum temperature           (degrees Celsius)
* 7       early morning vapour pressure (kPa)
* 8       mean wind speed (height: 2 m) (m s-1)
* 9       precipitation                 (mm d-1)
*
** WCCDESCRIPTION=GERMANY, REGENSBURG                              
** WCCFORMAT=2
** WCCYEARNR=2001
*---------------------------------------------------------------------------*
   49.0433  12.1031    365.  -0.18 -0.55
4004	2001	1	2678.4	-7.3	-1.2	0.3792	2.4	1.2
4004	2001	2	2073.6	-2.2	0.1	0.5093	3.2	2.7
4004	2001	3	1814.4	-2.3	2.8	0.6035	2.5	0
4004	2001	4	1555.2	-1.4	1.6	0.6031	1.9	0.5
4004	2001	5	1555.2	0.2	2.7	0.6581	3.2	20.5
4004	2001	6	1555.2	1.9	5.5	0.7882	2.8	8.9
4004	2001	7	1555.2	0.7	3.6	0.7062	1	12
4004	2001	8	1555.2	0.7	3	0.6912	1	0.9
4004	2001	9	1555.2	-1.2	2	0.6101	1.3	0
4004	2001	10	1641.6	-1.4	0	0.569	2.4	4.6
4004	2001	11	1641.6	-0.1	1.9	0.6521	2	1.1
4004	2001	12	6220.8	-2.9	2.7	0.4792	2.3	0
4004	2001	13	6393.6	-5.5	-0.7	0.3793	2.5	0
4004	2001	14	6480	-7.6	0.2	0.3441	2.8	0
4004	2001	15	6566.4	-7.1	0.3	0.3329	3.4	0
4004	2001	16	6566.4	-9.7	-0.6	0.3126	1.7	0
4004	2001	17	6048	-6.5	0.8	0.3716	2.4	0
4004	2001	18	1728	-7.7	-2.4	0.357	1.1	0
4004	2001	19	5875.2	-9.8	-0.3	0.3738	1.5	0.5
4004	2001	20	1814.4	-3.5	-0.8	0.4854	1.9	0.1
4004	2001	21	1814.4	-1.9	-0.2	0.515	1.9	0.6
4004	2001	22	1900.8	-2.2	-0.4	0.5279	3.3	4.2
4004	2001	23	3801.6	-3	0.9	0.5207	3	1.2
4004	2001	24	1900.8	-0.1	2.2	0.5933	2.9	6.7
4004	2001	25	2505.6	0.8	4.5	0.7318	2.1	4.8
4004	2001	26	1987.2	1.7	4.2	0.7475	2.5	0
4004	2001	27	3369.6	0	4.9	0.6413	3.2	0.3
4004	2001	28	6825.6	-1.3	5.4	0.5807	1.9	0
4004	2001	29	7344	-3.6	5.4	0.5152	1.9	0
4004	2001	30	4147.2	0.1	4.8	0.5538	1.9	0
4004	2001	31	5788.8	-1	4.4	0.5526	2.2	0.2
4004	2001	32	5702.4	-4.6	0.6	0.4697	2.5	0.9
4004	2001	33	2160	-4.3	-0.2	0.4507	2.2	6
4004	2001	34	2246.4	-2.6	1.9	0.5837	2.7	11.2
4004	2001	35	2246.4	1.5	3.6	0.7192	3	4.4
4004	2001	36	3542.4	0.9	9	0.7387	4.1	1.5
4004	2001	37	6480	4.5	10.5	0.8393	3.3	0.3
4004	2001	38	5356.8	1.8	10.3	0.7223	2.3	0
4004	2001	39	2419.2	1.4	7	0.7174	1.8	0
4004	2001	40	2937.6	0.6	7.1	0.7805	1.8	0.8
4004	2001	41	8035.2	-0.2	7.6	0.6529	1.2	0
4004	2001	42	2505.6	-2.7	2.5	0.6005	1.4	0
4004	2001	43	6825.6	-0.5	7.8	0.6506	2	0
4004	2001	44	4406.4	2.4	6.8	0.7463	2.6	0.6
4004	2001	45	10281.6	-1.5	8.4	0.6102	1.8	0
4004	2001	46	10368	-2.9	10.8	0.5996	1.6	0
4004	2001	47	10281.6	-2.9	9.9	0.6437	1.3	1.6
4004	2001	48	2764.8	1.1	4	0.6752	1.9	2.1
4004	2001	49	9244.8	-1	7.3	0.5591	3.1	0
4004	2001	50	2851.2	1.2	5.3	0.5862	2.6	0.1
4004	2001	51	3456	0.8	4.5	0.6209	4.7	0.7
4004	2001	52	3801.6	1.4	4.4	0.6696	5.7	4.7
4004	2001	53	8121.6	1.3	6.7	0.6586	5.7	2.5
4004	2001	54	6048	-3.3	3.1	0.5399	3.4	4.2
4004	2001	55	11145.6	-6.8	2	0.3996	1.3	0.5
4004	2001	56	11577.6	-6.3	2	0.3653	1.6	0
4004	2001	57	8726.4	-4.7	3.1	0.4611	1.9	0
4004	2001	58	10713.6	-5.1	4	0.4226	2.8	0
4004	2001	59	6912	-2.7	4.1	0.4178	2.4	0
4004	2001	60	10886.4	-4.3	7.6	0.5231	2.2	0
4004	2001	61	9849.6	-0.6	7.9	0.5316	2.3	0
4004	2001	62	3369.6	-0.3	3	0.586	1.8	6.7
4004	2001	63	3456	0.7	6.8	0.759	2.6	6.7
4004	2001	64	3456	1.2	4.7	0.6569	2.4	0
4004	2001	65	14169.6	-2.6	7.5	0.5611	1.9	0
4004	2001	66	5270.4	-3.8	7.8	0.5857	1.6	0.2
4004	2001	67	10972.8	2.4	13.5	0.78	1.6	9.1
4004	2001	68	3715.2	5.7	10.5	1.0147	1.6	1.2
4004	2001	69	7689.6	4.7	11.8	0.9924	2.5	4.6
4004	2001	70	6652.8	7.9	14.7	1.1372	3.5	2.2
4004	2001	71	4665.6	9.1	16.1	1.2972	2.6	5.7
4004	2001	72	8121.6	5.7	10.9	0.8316	3.4	0.5
4004	2001	73	9849.6	3.6	10.2	0.7161	4.3	5.9
4004	2001	74	4060.8	2.1	10	0.9099	2.7	11.8
4004	2001	75	9158.4	6.8	14.9	1.1167	2	0
4004	2001	76	4147.2	5.2	10.3	1.0013	1.5	7
4004	2001	77	9676.8	7.2	15	1.0166	2.9	1.5
4004	2001	78	12096	2.4	9.3	0.6291	6.5	0.1
4004	2001	79	12268.8	-1.6	6.8	0.5229	1.6	5.4
4004	2001	80	4320	0.4	4.3	0.7091	1.7	24.8
4004	2001	81	4924.8	4.3	11.8	1.0005	3.6	4.4
4004	2001	82	4406.4	6.5	9	1.0224	2.4	7.8
4004	2001	83	4492.8	5.4	12.3	1.1016	1.6	6.3
4004	2001	84	5097.6	8	11.4	1.1064	2.5	4.1
4004	2001	85	4579.2	0.9	8	0.7133	3.6	0.1
4004	2001	86	4665.6	-0.7	1.8	0.5341	2.2	0
4004	2001	87	12787.2	-2.4	9.2	0.5846	2.4	0
4004	2001	88	13737.6	1.3	13.5	0.7513	2.6	2.9
4004	2001	89	8208	3.4	10.5	0.8782	1.3	2.4
4004	2001	90	15811.2	0.5	13.3	0.7757	0.8	0
4004	2001	91	20476.8	0	16.1	0.7853	1.3	0
4004	2001	92	20736	1.1	18.8	0.8071	1.7	0
4004	2001	93	15206.4	2.5	19.4	0.9673	2.2	0
4004	2001	94	17712	5.4	21.3	1.148	2.5	2.2
4004	2001	95	15033.6	4.5	13.3	0.7521	3.2	0.3
4004	2001	96	9936	4.5	16.2	0.9294	3.2	3.9
4004	2001	97	5270.4	5.8	11.1	1.0391	2.5	8
4004	2001	98	6307.2	4.6	11.5	0.9144	1.9	0.4
4004	2001	99	16416	4.7	13.9	0.7961	2.4	2.1
4004	2001	100	6998.4	5.5	13.7	1.0512	2.6	2.9
4004	2001	101	8726.4	6.3	12.7	0.9611	1.7	0
4004	2001	102	15724.8	1.7	13.5	0.6886	3.8	0
4004	2001	103	12787.2	-2	5.1	0.492	2.9	0.9
4004	2001	104	14774.4	-3.2	6.2	0.4766	2.6	0
4004	2001	105	5616	0	4.5	0.625	3.3	5.4
4004	2001	106	12009.6	2.6	11.7	0.8094	2.6	0.2
4004	2001	107	7948.8	3.3	9.2	0.7608	2	0.2
4004	2001	108	9417.6	1	10.7	0.6938	3.2	0
4004	2001	109	14774.4	0	10.2	0.6323	1.6	1.8
4004	2001	110	5875.2	2	6.7	0.725	2	6.5
4004	2001	111	5875.2	0	2.9	0.6581	2.5	23.5
4004	2001	112	5961.6	1.5	4.9	0.7147	2.8	0.7
4004	2001	113	18403.2	-0.2	13.7	0.7481	1.3	0
4004	2001	114	23241.6	4.2	18.6	0.8485	2.2	0
4004	2001	115	18144	7.8	24.2	1.1802	3.3	0.4
4004	2001	116	16070.4	5	15.3	0.9419	2.6	0.4
4004	2001	117	15552	2.7	17.8	0.8858	1.5	0.4
4004	2001	118	9590.4	6.6	16.6	1.119	2	1.4
4004	2001	119	19612.8	8.3	21.1	1.1861	1.3	0
4004	2001	120	26006.4	8.4	24.9	1.0787	1.7	0
4004	2001	121	25747.2	7.7	28.5	1.1405	1.5	0
4004	2001	122	23068.8	10.7	26.7	1.421	2.4	0
4004	2001	123	24019.2	12	28.2	1.3387	2.6	0.9
4004	2001	124	20476.8	13.3	22.2	1.4606	2.3	0
4004	2001	125	19353.6	9.1	19.3	1.294	4.1	1.3
4004	2001	126	6566.4	7.9	12.4	1.0658	3.5	1.8
4004	2001	127	8985.6	7.9	14	1.0588	3.1	0
4004	2001	128	15120	7.9	17.9	1.1891	1.9	0
4004	2001	129	22118.4	8.7	21.4	1.196	1.8	0
4004	2001	130	27648	8.1	21.9	0.9878	3.2	0
4004	2001	131	21254.4	7.2	22.1	0.9991	1.6	0
4004	2001	132	28080	7.5	21.9	0.9355	2.1	0
4004	2001	133	28166.4	4.8	21.5	0.8159	1.8	0
4004	2001	134	24796.8	6.3	25.4	1.115	1.3	6.1
4004	2001	135	15379.2	11.4	20.9	1.5766	1.2	2.5
4004	2001	136	23673.6	10	24.3	1.465	2.1	4.4
4004	2001	137	13046.4	12.1	19.9	1.5434	2.1	11.4
4004	2001	138	10713.6	7.8	13	1.172	2.5	11.6
4004	2001	139	10108.8	6.4	16.1	1.0801	1.7	0
4004	2001	140	25660.8	4.3	20.6	1.0391	1.7	0
4004	2001	141	28944	7.5	23.8	1.1186	2.9	0
4004	2001	142	25747.2	9.2	20.6	1.0323	3.2	0
4004	2001	143	29203.2	8	23	0.9673	2.4	0
4004	2001	144	28944	8.3	25.4	1.1308	1.5	0
4004	2001	145	28598.4	11.7	25.7	1.1411	2.4	0
4004	2001	146	29030.4	9.3	26	1.1087	1.3	0
4004	2001	147	23500.8	10.4	26.8	1.2838	1.7	0
4004	2001	148	14601.6	16.8	25.5	1.5283	2.8	0
4004	2001	149	22809.6	15.8	27.9	1.5166	4	0
4004	2001	150	27648	13	26.1	1.0896	1.7	0
4004	2001	151	20908.8	11.2	23.7	1.1546	2.7	0.7
4004	2001	152	15811.2	9.4	16.8	1.0843	2.4	2.3
4004	2001	153	6307.2	9.9	14.2	1.1668	2.6	12.5
4004	2001	154	20131.2	6.8	13.9	1.0174	4	4.8
4004	2001	155	7689.6	5.5	13.5	0.9018	3.8	0
4004	2001	156	18057.6	7.8	19.7	1.0683	1.1	0
4004	2001	157	12182.4	7.3	18.7	1.2268	1.7	0.7
4004	2001	158	13824	10.5	21.3	1.3712	1.8	0.6
4004	2001	159	14688	11.2	19.5	1.4283	1.9	11.9
4004	2001	160	9244.8	10.4	14.5	1.2989	1	3.5
4004	2001	161	6393.6	11.5	15.2	1.4694	1.7	13
4004	2001	162	19008	7.4	15.1	1.1468	2.6	4.6
4004	2001	163	23587.2	6.3	20.6	1.1247	1.9	0
4004	2001	164	26697.6	6.3	23.1	1.1193	1.2	0
4004	2001	165	17884.8	11.1	22.9	1.4511	1.3	0.2
4004	2001	166	26352	9.1	25.5	1.3409	2	1.7
4004	2001	167	9849.6	12.5	20.6	1.73	1.7	6
4004	2001	168	12873.6	11.5	18.7	1.5598	1.8	6
4004	2001	169	8985.6	11.7	17.3	1.4677	3	2.1
4004	2001	170	14947.2	7.9	15.9	1.1692	2.3	0
4004	2001	171	27907.2	5.5	22.7	1.1249	1.3	0
4004	2001	172	24796.8	7.7	24.5	1.2426	2	0
4004	2001	173	23932.8	12.7	19.6	1.1549	3	0
4004	2001	174	23155.2	9.9	22.2	1.1111	2.2	0
4004	2001	175	29894.4	6.8	26.1	1.1398	1.4	0
4004	2001	176	27907.2	9.7	27.4	1.3224	1.5	0
4004	2001	177	29721.6	10.9	28.4	1.3933	1.3	0
4004	2001	178	28857.6	11.8	30.4	1.4487	1.6	0.1
4004	2001	179	11836.8	15.5	26.4	1.9551	1.8	0.6
4004	2001	180	23760	13.7	26.1	1.6934	1.5	0
4004	2001	181	24192	13.1	29.4	1.6889	1.5	6.3
4004	2001	182	15379.2	13.6	23.8	1.6148	1.8	0
4004	2001	183	25401.6	11.2	25.5	1.3692	1.7	0
4004	2001	184	25142.4	9.6	22.3	1.1041	1.4	0
4004	2001	185	28252.8	9.5	25.1	1.262	2	0
4004	2001	186	29203.2	11.9	27.3	1.3207	1.9	0
4004	2001	187	28425.6	12.9	30.6	1.4554	2	0
4004	2001	188	22896	14.4	32.1	2.1063	2.4	16
4004	2001	189	11232	14.3	20.9	1.7885	2.6	2.3
4004	2001	190	18403.2	13.2	23.1	1.581	2.1	0
4004	2001	191	27302.4	11.2	28.1	1.5304	1.4	0
4004	2001	192	9072	13.8	20.3	1.5334	2.2	1.2
4004	2001	193	22118.4	12.8	25.3	1.4304	2.1	0.8
4004	2001	194	11145.6	13.9	21.4	1.7135	2.4	0.7
4004	2001	195	19353.6	14	28.7	1.7754	2.2	0
4004	2001	196	18316.8	14.2	26.3	1.849	2.4	13.6
4004	2001	197	7516.8	12.1	15.4	1.4453	2.3	2.9
4004	2001	198	14169.6	9.9	18.6	1.4118	1.3	0
4004	2001	199	12268.8	9.1	20	1.4725	2.1	1.7
4004	2001	200	12441.6	11.2	20.1	1.4915	1.7	0
4004	2001	201	14428.8	11.5	21.1	1.4251	2.9	1.3
4004	2001	202	15206.4	11.1	21.7	1.4342	2.2	0
4004	2001	203	28252.8	8.6	26.9	1.3795	1	0
4004	2001	204	27216	12	27.5	1.4709	1.5	0
4004	2001	205	22118.4	12.9	28.4	1.8465	1.4	4.4
4004	2001	206	20649.6	13.7	28.6	2.0794	1.6	12.6
4004	2001	207	27043.2	14.3	29.8	1.7469	1.6	0
4004	2001	208	27561.6	13.8	30.8	1.6393	1.3	0
4004	2001	209	26784	13.9	32.2	1.6874	1.1	0
4004	2001	210	20995.2	15.9	32.2	2.001	1.2	0
4004	2001	211	24105.6	14.8	30.4	1.7789	1.1	0
4004	2001	212	26784	13.8	32.9	1.6323	1.3	0
4004	2001	213	23932.8	17	29.2	1.636	1.8	0
4004	2001	214	25920	14.4	30.1	1.5808	1.9	0.8
4004	2001	215	10195.2	18.3	27.6	2.0965	1.7	7.1
4004	2001	216	9417.6	16	24	2.1941	1.6	9.4
4004	2001	217	16761.6	13	22.7	1.6331	2.3	2.1
4004	2001	218	18748.8	11.5	25.2	1.4956	1.8	0
4004	2001	219	9936	15.9	23.2	1.7479	2	0.8
4004	2001	220	12268.8	15.8	24.9	2.0035	2.6	0.4
4004	2001	221	14428.8	15.2	25.3	1.8253	1.8	10.9
4004	2001	222	16502.4	10.6	21.6	1.4436	1.8	1.7
4004	2001	223	20476.8	8.2	20.9	1.1747	1.2	0
4004	2001	224	22291.2	6.6	22.2	1.1306	1.2	0
4004	2001	225	15897.6	11.2	27	1.5231	1.6	0
4004	2001	226	24883.2	13.3	29.3	1.6941	1.5	0
4004	2001	227	24710.4	14.8	31	1.8951	1.6	0
4004	2001	228	22896	16.1	34.1	1.9714	1.4	12.4
4004	2001	229	15552	17.8	27	2.163	1.5	0
4004	2001	230	22636.8	17	27.5	1.9826	1.6	0
4004	2001	231	19008	15.7	28.7	2.0033	1.3	0.7
4004	2001	232	6739.2	14	21.3	1.7538	1.8	5.2
4004	2001	233	9849.6	16.2	23.5	2.0351	1.2	1
4004	2001	234	14947.2	15.7	24.8	1.9201	1.4	0
4004	2001	235	18057.6	14.8	26.5	1.8951	1.4	0
4004	2001	236	22464	14.4	27.9	1.879	1.3	0
4004	2001	237	22291.2	14.7	29.6	1.8641	1.2	0
4004	2001	238	22291.2	13.8	30.3	1.7205	1.3	0
4004	2001	239	19958.4	12.9	32.6	1.878	2.7	0
4004	2001	240	22377.6	9.6	24	1.1081	1.5	0
4004	2001	241	21859.2	7.9	22.9	1.0485	1.5	0
4004	2001	242	18316.8	7.8	22.1	1.1374	1.5	0.3
4004	2001	243	7776	13.8	21.6	1.5369	2	7.9
4004	2001	244	5788.8	12.9	17.3	1.5941	1.9	4.1
4004	2001	245	9849.6	11.6	19.4	1.4069	1.7	0
4004	2001	246	20476.8	10.6	24	1.4198	1.8	2
4004	2001	247	6739.2	11.1	18.3	1.5369	1.9	7.9
4004	2001	248	10368	9.2	16.6	1.3675	2	4.2
4004	2001	249	10454.4	11.3	17	1.3382	1.7	1.6
4004	2001	250	6825.6	10.9	15.6	1.323	2.8	1.6
4004	2001	251	6480	9.1	15.2	1.316	4.2	5.3
4004	2001	252	8035.2	7.4	13	1.0072	5.1	0.7
4004	2001	253	4579.2	7.3	10.4	1.0108	4.7	4.1
4004	2001	254	10627.2	8.4	13.4	1.0293	3.7	0.6
4004	2001	255	9158.4	8.3	14.9	1.2419	3.3	5.8
4004	2001	256	4406.4	10.7	16.5	1.3846	2.3	12.1
4004	2001	257	6134.4	7.6	13.4	1.1925	1.7	0.6
4004	2001	258	5011.2	7.1	14.3	1.1699	1.5	2.1
4004	2001	259	6480	7.8	11.8	1.0896	2.5	2.2
4004	2001	260	10713.6	7.8	13.8	1.126	1.1	0.3
4004	2001	261	9590.4	7.2	14.6	1.0944	1.9	0.1
4004	2001	262	15465.6	4.8	17.2	1.0492	1.9	2.8
4004	2001	263	5702.4	9.4	17.8	1.2913	2.6	5.8
4004	2001	264	7776	9.4	14.9	1.3018	2.1	1.2
4004	2001	265	10800	7.5	15.3	1.1986	1.2	0
4004	2001	266	8294.4	8.3	15.3	1.2307	1.6	1.3
4004	2001	267	5702.4	10.9	15.4	1.4353	1.3	0
4004	2001	268	5443.2	9.8	15.1	1.2845	0.9	5.3
4004	2001	269	9763.2	5.6	15.7	1.1532	1	0
4004	2001	270	7862.4	5.1	15.6	1.1555	1.8	0
4004	2001	271	12960	8	19.3	1.3735	1.4	0
4004	2001	272	10540.8	5.9	18.8	1.2617	1.5	0.1
4004	2001	273	4233.6	12.1	16.1	1.591	1.3	6.1
4004	2001	274	3542.4	9.9	16.7	1.5104	2.1	3.4
4004	2001	275	14169.6	14.3	25.8	1.9668	2.2	0
4004	2001	276	12182.4	12.9	25.2	1.8485	1.6	4
4004	2001	277	7776	8	17.3	1.3307	1.8	0.4
4004	2001	278	8812.8	8.9	15.6	1.3247	1.4	0.1
4004	2001	279	10454.4	8.4	18.5	1.4174	1.8	0.1
4004	2001	280	3283.2	9.3	15.3	1.3862	0.9	0
4004	2001	281	8899.2	10.1	19.6	1.5687	1.4	1.7
4004	2001	282	10454.4	11.1	19.3	1.5009	1.1	0
4004	2001	283	11059.2	8.4	19.9	1.3543	1.3	0
4004	2001	284	11491.2	7.1	18.8	1.3123	1.3	0
4004	2001	285	9331.2	6.3	17.3	1.2998	1.1	0
4004	2001	286	10022.4	5.3	18.3	1.286	1.1	0
4004	2001	287	11577.6	7.1	20.6	1.344	1.5	0
4004	2001	288	8208	6.6	16.6	1.3101	1.3	0
4004	2001	289	2851.2	8	15.8	1.378	1	0
4004	2001	290	5961.6	8.5	14.3	1.3333	1.3	0
4004	2001	291	2764.8	8.7	11.2	1.174	1.1	0
4004	2001	292	6307.2	5.1	12.4	1.0604	1.2	0
4004	2001	293	7171.2	5.1	14.4	1.1342	1.9	0
4004	2001	294	2592	7.3	14.2	1.2899	1.5	4.7
4004	2001	295	3542.4	8.3	14.5	1.3064	2.3	1.5
4004	2001	296	4060.8	7.5	12.1	1.2107	1.1	3
4004	2001	297	3628.8	9.4	13.6	1.3557	1.2	5.2
4004	2001	298	2937.6	9.1	13	1.3159	1.4	8.2
4004	2001	299	5702.4	5.1	13	1.1166	1.4	0
4004	2001	300	2419.2	6	10.2	1.0794	2.2	0.1
4004	2001	301	2332.8	8.3	13.2	1.277	1.8	2.9
4004	2001	302	2332.8	9.1	15	1.3355	1.7	0
4004	2001	303	7516.8	10.1	18.3	1.3749	3	0
4004	2001	304	8467.2	7.4	18.4	1.3229	2.6	2.9
4004	2001	305	5184	4.9	10	0.8365	3.5	0.1
4004	2001	306	4060.8	1.7	10.6	0.8217	0.8	0
4004	2001	307	6739.2	2	11.2	0.9353	1.2	0
4004	2001	308	5356.8	1.3	8	0.8425	1.3	0
4004	2001	309	2073.6	2	9.2	0.8365	1.2	0
4004	2001	310	2678.4	1.7	8.6	0.8284	2.5	1.9
4004	2001	311	2419.2	6	9.2	0.9912	3.9	19.9
4004	2001	312	2419.2	2.7	11.2	0.8782	6.2	4.6
4004	2001	313	2764.8	-1.7	3.6	0.5629	2.8	0.3
4004	2001	314	7689.6	-3.8	4.4	0.5058	1.4	0
4004	2001	315	7776	-5.5	4.3	0.503	1.9	0
4004	2001	316	3715.2	-6.2	0	0.4766	1.6	2.1
4004	2001	317	1814.4	-1.3	2.5	0.6318	2.2	2.5
4004	2001	318	6739.2	-3.1	3.3	0.5662	1.6	0
4004	2001	319	7689.6	-5.1	4.8	0.5318	1.5	0.1
4004	2001	320	4838.4	-5.6	4.2	0.5458	0.6	0
4004	2001	321	4838.4	-1.6	3.7	0.646	1.6	0
4004	2001	322	1728	-1.5	-0.7	0.5526	1	0
4004	2001	323	1728	-1.3	1.1	0.552	0.9	0.1
4004	2001	324	4060.8	1	7	0.7644	1.2	0
4004	2001	325	1641.6	2	4.4	0.6917	1.9	0.1
4004	2001	326	1641.6	-0.2	4.5	0.642	4.4	9.6
4004	2001	327	5356.8	-0.8	4.1	0.585	4.4	0.8
4004	2001	328	1555.2	0.1	2.7	0.6355	3.8	0.4
4004	2001	329	1555.2	1.4	2.5	0.7032	1.3	7.7
4004	2001	330	1555.2	1.7	6.2	0.8103	1.3	11.2
4004	2001	331	1555.2	2.9	6.4	0.851	2	3.8
4004	2001	332	1468.8	0.5	2.9	0.6907	2.1	2.3
4004	2001	333	1468.8	2.3	4.2	0.7713	2.4	5.9
4004	2001	334	1468.8	2.6	4.2	0.7795	2.4	0.1
4004	2001	335	1555.2	0.9	3.5	0.7087	2.5	3.9
4004	2001	336	1555.2	-0.6	2.1	0.6451	2.1	0.7
4004	2001	337	1555.2	-1.7	-0.1	0.5722	2.3	0
4004	2001	338	1555.2	-0.1	3.4	0.6882	3.1	2.5
4004	2001	339	1555.2	3	6.9	0.8517	2.1	6.3
4004	2001	340	1555.2	4.2	7.7	0.9036	4.9	2.3
4004	2001	341	3110.4	0.4	5.9	0.6969	2.9	0
4004	2001	342	3542.4	-3.5	2.3	0.5088	2	0
4004	2001	343	5702.4	-5.3	1	0.4488	1.9	0
4004	2001	344	4752	-6.6	0.6	0.4263	1.1	1
4004	2001	345	1468.8	-1	1.6	0.6182	1	0.7
4004	2001	346	1468.8	0.4	2.4	0.6625	2.3	0.6
4004	2001	347	3888	-13	0.7	0.2897	3.9	0.6
4004	2001	348	5356.8	-13.1	-6.7	0.225	2.5	0
4004	2001	349	4233.6	-12.6	-2.5	0.2913	2.2	0
4004	2001	350	2764.8	-7.2	-0.5	0.4138	1.5	0.1
4004	2001	351	1468.8	-2.5	-1.1	0.4659	1.6	0
4004	2001	352	1987.2	-1.6	1.5	0.5357	1.5	0
4004	2001	353	1468.8	-1.4	0	0.5051	2.9	0.1
4004	2001	354	3456	-9	0.2	0.3794	3	1
4004	2001	355	2678.4	-11.2	-1.1	0.336	4	4
4004	2001	356	1900.8	-2.7	1	0.5398	3.5	1.4
4004	2001	357	4752	-16.6	-2.1	0.2591	2.9	1.9
4004	2001	358	2764.8	-17.6	-4.4	0.2432	2.4	3.5
4004	2001	359	1468.8	-4.5	3.6	0.5204	5.8	4.7
4004	2001	360	2246.4	-2.4	2.3	0.5662	2.9	0.4
4004	2001	361	3456	-3.8	-1.1	0.439	3.8	2.2
4004	2001	362	1468.8	-1.3	4.9	0.6539	5.1	4.4
4004	2001	363	1468.8	0.1	4.2	0.6919	2.5	14.9
4004	2001	364	4752	-2.7	0.3	0.4982	4.1	1.9
4004	2001	365	4320	-8.8	-1.5	0.3668	3	0
