*---------------------------------------------------------------------------*
* Station name: REGENSBURG                              
* Year: 1988
* Author: Pedro Alencar                                   -999.000: NIL VALUE
* Source: ECAD 
* Comments: 
* Longitude: 49.0433, latitude: 49.0433, altitude: 365 m.
*
* Column  Daily value
* 1       station number
* 2       year
* 3       day
* 4       irradiation                   (kJ m-2 d-1)
* 5       minimum temperature           (degrees Celsius)
* 6       maximum temperature           (degrees Celsius)
* 7       early morning vapour pressure (kPa)
* 8       mean wind speed (height: 2 m) (m s-1)
* 9       precipitation                 (mm d-1)
*
** WCCDESCRIPTION=GERMANY, REGENSBURG                              
** WCCFORMAT=2
** WCCYEARNR=1988
*---------------------------------------------------------------------------*
   49.0433  12.1031    365.  -0.18 -0.55
4004	1988	1	1468.8	3.5	6	0.8142	2.5	2.5
4004	1988	2	3196.8	3.9	12	0.8121	3.8	0.3
4004	1988	3	4406.4	5.6	10.7	0.704	4.6	0
4004	1988	4	1555.2	3.6	7.7	0.739	4.2	6.9
4004	1988	5	3024	6.4	12.2	0.96	3.1	0.3
4004	1988	6	4665.6	3.6	8.7	0.7839	3	0
4004	1988	7	2592	1.7	7.8	0.6428	3.6	1.9
4004	1988	8	1555.2	0.6	3.4	0.6492	3.1	0.2
4004	1988	9	1555.2	-1.3	0.7	0.5799	0.9	0
4004	1988	10	1641.6	-4	-1	0.4882	1.7	0.9
4004	1988	11	1641.6	-2.7	-0.8	0.5107	2.8	2.7
4004	1988	12	1641.6	-2.9	-0.7	0.5141	1.4	0.2
4004	1988	13	1641.6	-4.4	-2.9	0.4434	2	0
4004	1988	14	4752	-7	2.1	0.4492	1.5	0
4004	1988	15	1728	-3.4	0.6	0.4854	1.1	0
4004	1988	16	1728	-3.8	-0.8	0.5058	2.2	0
4004	1988	17	1728	-3.2	-0.1	0.5253	1.8	2.2
4004	1988	18	1728	-0.2	1.1	0.6123	0.8	0
4004	1988	19	1814.4	-1.7	-0.2	0.5473	1.8	0
4004	1988	20	1814.4	-1.3	-0.5	0.5607	2.3	0
4004	1988	21	1814.4	-1.1	0.4	0.5718	1.1	2.4
4004	1988	22	1900.8	-0.6	1.8	0.5999	2.8	3.5
4004	1988	23	3628.8	0	2.9	0.5835	5.1	0.3
4004	1988	24	1900.8	-1.3	0.4	0.5677	4	7.4
4004	1988	25	1900.8	0.4	2.4	0.6422	3.6	3
4004	1988	26	4579.2	1.4	7.9	0.7489	3.3	1.4
4004	1988	27	5875.2	-0.2	8.3	0.661	1.5	0
4004	1988	28	2073.6	-1.3	5	0.5655	2.1	0
4004	1988	29	2073.6	0.9	3.3	0.6681	2.2	1.2
4004	1988	30	2678.4	2.6	5.7	0.641	2.6	0.4
4004	1988	31	3542.4	-0.2	4.4	0.6041	3.4	0.3
4004	1988	32	2160	-1.5	2.9	0.5271	3.6	0.5
4004	1988	33	3974.4	1.6	7.9	0.5656	4.5	0.3
4004	1988	34	4665.6	4.1	8.4	0.6562	5.3	1.1
4004	1988	35	7689.6	1.3	9.4	0.6523	2.3	0
4004	1988	36	3974.4	1.2	7.6	0.6607	2.8	1.3
4004	1988	37	2332.8	3.4	6.8	0.764	2.9	3.6
4004	1988	38	2332.8	2.1	4.6	0.7534	1.9	4.5
4004	1988	39	4579.2	0.7	4.6	0.6209	4.8	6.9
4004	1988	40	3369.6	-0.9	5.2	0.5992	3.7	2
4004	1988	41	6652.8	0.9	5.5	0.5918	4.3	2.6
4004	1988	42	6912	0.9	5.3	0.496	5.1	1
4004	1988	43	3456	0.2	5.3	0.6179	3.2	2
4004	1988	44	5529.6	-2	4.7	0.5389	2.7	0
4004	1988	45	8812.8	-5.8	4.9	0.4317	1.9	0
4004	1988	46	9417.6	-3.5	5.7	0.516	1.5	0
4004	1988	47	2764.8	-3.1	0.8	0.5225	1.8	0
4004	1988	48	8726.4	-2.9	4.4	0.4903	4.2	0.7
4004	1988	49	3801.6	1.2	3.6	0.6463	4.6	2.8
4004	1988	50	7776	1.3	5.4	0.6913	6.7	1.8
4004	1988	51	6307.2	-2	4.1	0.4944	4.2	0.6
4004	1988	52	10368	-6.6	2.3	0.3966	1.2	0
4004	1988	53	7171.2	-0.2	5.9	0.5998	2.2	0.2
4004	1988	54	3024	-1.8	2.9	0.5913	2.7	2.4
4004	1988	55	6998.4	-0.8	4.7	0.5977	3.1	1.4
4004	1988	56	3196.8	-1.9	1.2	0.5242	4.6	3.2
4004	1988	57	5356.8	-3.1	1.3	0.515	1.6	1.5
4004	1988	58	3283.2	-2	-0.1	0.5263	4	2.9
4004	1988	59	3283.2	-1	0.3	0.548	5.5	0.9
4004	1988	60	6480	-2.6	2.6	0.4766	5	2.5
4004	1988	61	5702.4	-2	2.1	0.558	5.1	2.7
4004	1988	62	8121.6	-3.5	1.3	0.4624	3.8	0.1
4004	1988	63	9072	-3.8	4	0.4862	2.1	0
4004	1988	64	9331.2	-5.7	1.2	0.4041	3.2	0
4004	1988	65	4752	-1.3	4.8	0.5407	2.6	0.6
4004	1988	66	6480	-5.4	1.4	0.4169	3.1	3.9
4004	1988	67	3628.8	0.4	2.8	0.6241	4.7	2.4
4004	1988	68	10627.2	-3.4	1.6	0.4234	4.7	0.4
4004	1988	69	8726.4	-3.9	2.2	0.3963	2	0.4
4004	1988	70	12009.6	-6.6	5	0.4035	1.7	2.7
4004	1988	71	8121.6	-0.8	3.9	0.6492	3.2	10.3
4004	1988	72	3888	-0.2	2.6	0.6397	3.8	14.5
4004	1988	73	3974.4	-1.5	2.9	0.5849	3.6	13.4
4004	1988	74	4060.8	0.2	2.7	0.6581	2.7	16.9
4004	1988	75	6048	-0.4	6	0.6948	2.8	5.7
4004	1988	76	8899.2	2.9	9.4	0.7745	4.4	8.5
4004	1988	77	6393.6	0.4	7	0.6608	4.2	0
4004	1988	78	12355.2	-2.8	7	0.5686	1.9	0
4004	1988	79	14774.4	-4.2	6.3	0.4219	1.4	0.3
4004	1988	80	7171.2	0.8	9.1	0.7561	3.8	1.8
4004	1988	81	6480	3.8	10	0.9548	1.8	4.1
4004	1988	82	5356.8	5.4	9.8	0.8451	3	0.4
4004	1988	83	4492.8	3	7.8	0.8519	2.8	5.2
4004	1988	84	7603.2	3.4	9.5	0.81	4.2	2.6
4004	1988	85	5788.8	2.6	6.9	0.7799	3.9	20.4
4004	1988	86	12096	1.7	8.5	0.7377	4.5	9.2
4004	1988	87	8380.8	1	7.2	0.7534	4.5	4.6
4004	1988	88	10713.6	1.6	9.1	0.7059	4.1	0.3
4004	1988	89	11577.6	1.3	9.7	0.6953	3	0
4004	1988	90	13824	2.6	13.7	0.6607	2.3	0
4004	1988	91	8208	3.2	11.3	0.8251	2.6	4.9
4004	1988	92	5011.2	1.7	5.2	0.7197	3.9	3
4004	1988	93	14342.4	2.4	9.5	0.7359	1.1	1.2
4004	1988	94	15897.6	-1.6	13	0.6043	1.8	0
4004	1988	95	14428.8	3.3	12.2	0.78	2.6	0
4004	1988	96	10281.6	4.4	12.1	0.8506	2.7	0
4004	1988	97	18403.2	6.4	18.4	0.8631	3	0
4004	1988	98	18748.8	6.8	19.4	0.9638	2.9	0
4004	1988	99	5356.8	8.6	13.2	1.2117	3	9.9
4004	1988	100	6393.6	3.5	9	0.8559	2.6	3.1
4004	1988	101	19699.2	-0.6	10.2	0.559	2.4	0
4004	1988	102	21168	0	15.1	0.7174	1.4	0
4004	1988	103	19958.4	-0.2	17.8	0.781	1.7	0
4004	1988	104	5616	2.2	12	0.8974	3.4	1.6
4004	1988	105	22032	-2.5	10.2	0.4264	1.5	0
4004	1988	106	22464	1.1	14.6	0.4882	2.3	0
4004	1988	107	22204.8	0.4	18.3	0.4464	2.3	0
4004	1988	108	21686.4	1.2	19.6	0.7561	1.3	0.1
4004	1988	109	17971.2	10.3	21.3	1.237	0.9	0.2
4004	1988	110	22550.4	6.5	22.1	1.0256	1.5	0
4004	1988	111	19785.6	5.3	22.1	1.1744	3.4	3.3
4004	1988	112	17625.6	9.5	19	1.1035	1.3	0
4004	1988	113	20563.2	8.9	19	1.0186	2	0
4004	1988	114	23414.4	2.2	9.3	0.4686	4.1	0
4004	1988	115	24537.6	-2.1	10.2	0.3754	1.7	0
4004	1988	116	23673.6	-2.3	14.8	0.466	2.1	0
4004	1988	117	24278.4	1.8	15.4	0.5248	1.9	0
4004	1988	118	18144	2.7	16.5	0.6928	2.2	0
4004	1988	119	12528	8.2	17	1.0785	2.1	0
4004	1988	120	12441.6	7.7	17	1.147	1.7	0
4004	1988	121	23328	5.6	20.4	1.0024	1.6	0
4004	1988	122	24364.8	6.5	22	0.8438	1.6	0
4004	1988	123	20390.4	9.5	22	0.9471	1.4	0
4004	1988	124	15292.8	10.3	17.5	1.158	2.4	2.2
4004	1988	125	10627.2	6.5	16.9	0.9479	1.6	0.8
4004	1988	126	18144	8.4	19.9	0.9835	0.8	0.3
4004	1988	127	25833.6	10.1	23.5	1.089	1.4	0
4004	1988	128	25228.8	8.8	23.5	0.8616	2.1	0
4004	1988	129	6652.8	11.4	17	1.0675	2.2	0
4004	1988	130	22118.4	11	22.7	1.0733	1.4	0
4004	1988	131	24192	8.8	23	0.866	1.7	0
4004	1988	132	26784	5.5	19.4	0.6206	2.4	0
4004	1988	133	26524.8	6.4	23.4	0.7446	2.9	0
4004	1988	134	26438.4	8.2	23.9	0.8561	3	0
4004	1988	135	22032	9.1	24.3	1.0631	2.4	0
4004	1988	136	16070.4	11.6	23.3	0.9356	2.4	0
4004	1988	137	22377.6	11.1	24.7	1.2082	1.8	0
4004	1988	138	13305.6	14	22.2	1.7212	1.4	0.6
4004	1988	139	11491.2	12.9	19.8	1.5411	1	5
4004	1988	140	13132.8	11.2	19.4	1.389	0.8	1.6
4004	1988	141	9072	7.7	14.6	1.0862	2.9	0.3
4004	1988	142	20217.6	5.2	14.3	0.6878	2.1	0
4004	1988	143	22118.4	2	15.2	0.6142	1.6	0
4004	1988	144	27734.4	3.7	18.4	0.7106	1.7	0
4004	1988	145	24969.6	5.3	24.2	0.9385	1.2	0
4004	1988	146	27216	9.4	26.3	1.0207	1.4	0
4004	1988	147	25747.2	10.3	26.9	0.9201	1.9	0
4004	1988	148	27993.6	11.6	25.4	1.0844	2.4	0
4004	1988	149	21600	11.4	22.5	1.4466	1.4	0
4004	1988	150	19872	10.8	21.6	1.4896	1.6	14.8
4004	1988	151	23673.6	10.4	18.5	1.1671	1.9	1.4
4004	1988	152	19267.2	10.6	18.4	1.1049	1.9	1.3
4004	1988	153	17366.4	11	19.8	1.2407	2.7	2.6
4004	1988	154	11232	10.1	16.6	1.2092	2.7	1
4004	1988	155	17712	12.1	22.1	1.4019	1.7	4.4
4004	1988	156	6307.2	13	17.2	1.577	1.7	7.2
4004	1988	157	6393.6	9.9	15.1	1.1439	1.9	23.6
4004	1988	158	6393.6	9.6	12.7	1.2319	3.2	6.2
4004	1988	159	18057.6	9.8	19.6	1.2863	1.1	0
4004	1988	160	22377.6	9.8	22.2	1.3255	1.1	0
4004	1988	161	21859.2	9.8	22.9	1.3925	0.8	0
4004	1988	162	21513.6	10.6	22.5	1.3351	2	0
4004	1988	163	16588.8	12.4	22.5	1.4731	1.3	0
4004	1988	164	6393.6	14	17.8	1.4795	2.3	0
4004	1988	165	26006.4	10.6	22.3	1.1211	1.6	0
4004	1988	166	28339.2	7.5	26.7	1.0709	1.4	0
4004	1988	167	24278.4	10.1	26	1.0543	2.1	0
4004	1988	168	27302.4	13.1	24.9	1.1188	1.8	0
4004	1988	169	24278.4	10.5	21.7	0.9502	2.2	0
4004	1988	170	24364.8	8.2	23.3	1.0007	1.4	0
4004	1988	171	25142.4	9.1	26.2	1.1491	2.3	0
4004	1988	172	12096	9.4	16.4	1.0553	2.2	0
4004	1988	173	12528	7.4	20	1.0022	1.7	0
4004	1988	174	11145.6	11.5	20.3	1.4975	1.8	5.9
4004	1988	175	9244.8	8.4	14.4	1.0774	1.9	2
4004	1988	176	16761.6	10.5	21.3	1.2269	1.1	0
4004	1988	177	11145.6	13.5	19.4	1.4575	1.4	0.8
4004	1988	178	15811.2	13.3	23.4	1.5377	1.4	5.1
4004	1988	179	22464	11.7	24.4	1.447	1.1	0
4004	1988	180	20563.2	12.5	25.9	1.6437	1.3	16.2
4004	1988	181	22377.6	15.6	25.4	1.974	1	0.4
4004	1988	182	19526.4	13.2	26.5	1.642	0.9	0
4004	1988	183	11750.4	15.7	24.5	1.738	2.2	3.4
4004	1988	184	22896	13.6	23.2	1.2467	1.6	0
4004	1988	185	12960	12.7	18	1.4457	2.5	0.4
4004	1988	186	18489.6	10.9	21.2	1.3297	1.4	0.1
4004	1988	187	26352	11.8	31.2	1.5102	2.5	7.5
4004	1988	188	22896	14	23.8	1.6133	1.8	4.4
4004	1988	189	20822.4	13.5	23.7	1.7759	1.2	4.2
4004	1988	190	17884.8	13.2	21.4	1.8141	0.8	10.2
4004	1988	191	22550.4	13	22.8	1.5154	2.2	1.4
4004	1988	192	26784	12	25.1	1.4078	0.7	0
4004	1988	193	26092.8	11.1	28.7	1.2527	1.7	0.7
4004	1988	194	21600	16	24.9	1.4639	1.8	0
4004	1988	195	24883.2	11	25	1.2364	2	2.9
4004	1988	196	17884.8	13.2	21	1.4019	3	2.5
4004	1988	197	6998.4	11.4	15	1.3187	1.7	5.9
4004	1988	198	8899.2	12.1	17.1	1.4607	2.9	4.8
4004	1988	199	16070.4	11.7	21.2	1.4201	2.3	2.5
4004	1988	200	17712	12.6	20.4	1.4808	2.7	0.4
4004	1988	201	12355.2	12.5	19.9	1.3057	2.2	0
4004	1988	202	24710.4	11.2	28	1.2979	1.3	0
4004	1988	203	20649.6	11.8	28.8	1.4267	1.3	0
4004	1988	204	17798.4	18.2	30.2	2.0793	0.9	0
4004	1988	205	26092.8	17.3	32.2	1.8997	1.5	0
4004	1988	206	20476.8	15.8	31.4	1.8896	3	5.7
4004	1988	207	24451.2	12.8	24.1	1.4202	1.1	0
4004	1988	208	26352	11.8	29.3	1.2074	1.5	0
4004	1988	209	7257.6	13.6	22.1	1.8577	1.7	20.2
4004	1988	210	23414.4	11.1	21.6	1.3554	1	0
4004	1988	211	21600	10.2	28.3	1.4928	2.5	1.9
4004	1988	212	24451.2	10.8	23.6	1.2933	1.2	0
4004	1988	213	25142.4	9	26.7	1.2044	1.1	0
4004	1988	214	24796.8	10.7	30.8	1.1734	1.4	1.1
4004	1988	215	22377.6	16.4	28	1.5225	2	5.6
4004	1988	216	6998.4	10.2	19.4	1.4964	2.1	9.6
4004	1988	217	23932.8	8	20.3	1.0641	1.5	0
4004	1988	218	18144	9.5	22.5	1.2347	2.2	0
4004	1988	219	24796.8	9.5	25.3	1.2502	1.1	0
4004	1988	220	24537.6	12	28	1.4705	1	0
4004	1988	221	23760	12.9	28.4	1.4578	1	2.8
4004	1988	222	21513.6	16	26.5	1.8654	1.4	0
4004	1988	223	19958.4	14.6	27.4	1.7129	1	0
4004	1988	224	19958.4	14.3	28.2	1.8401	1.4	0.1
4004	1988	225	17539.2	16.3	29.4	2.4451	1.7	2
4004	1988	226	22550.4	17.4	27.4	1.7574	2	0
4004	1988	227	23155.2	13.9	31.1	1.7409	1.3	0
4004	1988	228	20563.2	18	31.3	1.6407	2	3.6
4004	1988	229	17625.6	16.8	27.8	2.3112	1.3	9
4004	1988	230	21513.6	13.9	25.2	1.5663	1.5	0
4004	1988	231	22723.2	9.2	26	1.2258	1	0
4004	1988	232	19267.2	11.1	30	1.4971	1.5	8.2
4004	1988	233	5097.6	13.7	22.3	1.9165	1.7	25.2
4004	1988	234	18921.6	11.8	21.4	1.3582	1.7	0
4004	1988	235	11923.2	12.1	18.9	1.3366	1.5	0
4004	1988	236	17798.4	11.4	19.4	1.1882	1.9	0
4004	1988	237	17712	8.7	21	1.0458	2.1	3.7
4004	1988	238	8899.2	11.4	16.4	1.3484	3.4	4
4004	1988	239	7516.8	10.3	15.8	1.2308	3.1	0.5
4004	1988	240	4838.4	10.5	17.4	1.4005	1.2	0.9
4004	1988	241	16156.8	14.4	24	1.7325	2	0.8
4004	1988	242	9417.6	15.4	22.5	1.7714	1.9	1.6
4004	1988	243	18748.8	11.6	21.1	1.2625	1.6	0
4004	1988	244	20390.4	7.8	23.7	1.3403	1.2	0
4004	1988	245	18748.8	10.2	25.9	1.3437	2.2	5.2
4004	1988	246	4924.8	11.7	20.3	1.6523	2.2	5.7
4004	1988	247	9676.8	9.3	16.6	1.1632	2.7	6.2
4004	1988	248	4838.4	11.6	16.3	1.4324	1.7	8.7
4004	1988	249	6307.2	13.2	19.7	1.719	1.8	4
4004	1988	250	14256	11.2	19.2	1.3284	2.8	0
4004	1988	251	17712	6.7	18.6	1.0528	1.1	0
4004	1988	252	18316.8	7.2	20.3	1.1468	1.2	0
4004	1988	253	18748.8	7	20.6	1.1033	1.4	0
4004	1988	254	18835.2	5.9	22.1	1.1177	1	0
4004	1988	255	14860.8	8.4	23.3	1.3488	1.5	0
4004	1988	256	10886.4	12.1	19.4	1.376	2.1	0
4004	1988	257	15379.2	11.3	17.5	0.9995	3.5	0
4004	1988	258	10368	6	15.7	0.9999	1	0.3
4004	1988	259	12268.8	6.4	16.3	1.0604	1.9	0
4004	1988	260	10800	8.1	15.7	1.0857	2	0.1
4004	1988	261	7171.2	9.2	15.4	1.2004	1.5	1.3
4004	1988	262	5529.6	7.5	14.5	1.0886	2.2	0
4004	1988	263	9158.4	9.2	16.8	1.1819	1.2	0
4004	1988	264	4060.8	11.2	13.3	1.1395	0.9	0
4004	1988	265	3974.4	10.6	14	1.1004	0.6	0
4004	1988	266	12873.6	8	18.7	1.1939	1.3	1
4004	1988	267	10195.2	10.1	18.8	1.2164	2.4	1.3
4004	1988	268	13564.8	11.7	18.8	1.0903	4.1	0
4004	1988	269	3801.6	11.7	16.6	1.1931	2.6	0
4004	1988	270	12268.8	12.8	21.8	1.5972	1.5	0
4004	1988	271	13910.4	10.5	22.4	1.3827	1.3	0
4004	1988	272	13219.2	8.9	25.7	1.2029	2.3	0
4004	1988	273	4579.2	10.6	19	1.3955	2.5	2.7
4004	1988	274	3542.4	8.6	10.7	0.9828	3.5	1.7
4004	1988	275	3456	9.7	12.8	0.9601	2.7	0
4004	1988	276	9936	8.9	16.7	1.1518	1.6	0
4004	1988	277	9590.4	7.1	16.9	1.191	1.5	0
4004	1988	278	5529.6	3.7	11.2	0.9088	1.6	0
4004	1988	279	5616	7.3	14.8	1.1185	2	5
4004	1988	280	7430.4	8.5	14.8	1.1227	2.4	15.4
4004	1988	281	7862.4	8.3	12.9	0.8812	3.4	0.9
4004	1988	282	11577.6	6	12	0.8834	4.3	0
4004	1988	283	8380.8	7.4	16.5	0.9636	3.6	5.6
4004	1988	284	3024	10	13	1.1659	2.1	2.6
4004	1988	285	6998.4	9	14.7	1.1377	2.3	0.5
4004	1988	286	8380.8	9.4	18.7	1.3616	1.4	3.1
4004	1988	287	8121.6	11.3	17.2	1.3631	0.9	0
4004	1988	288	9763.2	10.6	20.4	1.3893	1.4	0
4004	1988	289	3888	9.7	15.3	1.3176	1.9	0
4004	1988	290	2764.8	10.8	13.3	1.2371	1.1	0.1
4004	1988	291	2764.8	10	13.3	1.2323	1	0.2
4004	1988	292	6393.6	8.3	18.4	1.3317	0.8	0
4004	1988	293	8899.2	9.4	18.8	1.3499	1.5	0
4004	1988	294	2592	7.6	13.4	1.1037	1.4	0.6
4004	1988	295	2592	9.5	11.4	1.1127	0.9	0
4004	1988	296	2505.6	9.5	11.9	1.1185	0.8	0
4004	1988	297	2505.6	7.1	9.5	0.9738	1.2	0.2
4004	1988	298	2505.6	6.6	11.5	1.036	1.3	12.1
4004	1988	299	3888	7.2	12	1.0392	1.3	1
4004	1988	300	8553.6	4.4	9.4	0.7857	2.7	0
4004	1988	301	8812.8	2.1	12	0.7737	2.6	0
4004	1988	302	7084.8	3.4	12	0.8719	2	5.5
4004	1988	303	5529.6	1.8	11	0.7591	1.8	0.6
4004	1988	304	7862.4	-0.2	7	0.6158	1.6	0
4004	1988	305	8035.2	-3.4	8	0.5119	2.2	0
4004	1988	306	4492.8	0.1	9.1	0.7124	1.2	0
4004	1988	307	6739.2	-1.1	9.2	0.661	2.5	1.4
4004	1988	308	5011.2	-2	3.1	0.5023	2.7	0
4004	1988	309	8208	-5	3.4	0.3977	1.8	0
4004	1988	310	7948.8	-7	2.4	0.4077	1.5	0
4004	1988	311	3888	-3.5	4	0.4915	1.8	0
4004	1988	312	6825.6	-3.5	7.4	0.5907	1	0
4004	1988	313	7084.8	-3.4	8.4	0.5924	1.5	0
4004	1988	314	6307.2	-2.7	4.3	0.505	1.9	0
4004	1988	315	4579.2	-3.4	5	0.5244	1.5	0
4004	1988	316	2419.2	0.2	5.4	0.5977	1.8	0
4004	1988	317	1814.4	-1.7	1.7	0.5866	1.5	1.2
4004	1988	318	1814.4	-1	4.8	0.6446	2.9	1.4
4004	1988	319	1814.4	4.2	6.9	0.743	6	2.6
4004	1988	320	2592	5.5	8.1	0.9186	2.8	1.2
4004	1988	321	1728	6.5	8.6	0.9046	0.9	0
4004	1988	322	1728	4.4	6.5	0.8188	1.9	0
4004	1988	323	1728	2.4	5.8	0.7779	3	4.1
4004	1988	324	4492.8	1.6	6.7	0.5752	3.6	0
4004	1988	325	3024	-0.2	3.5	0.5919	2.1	3.6
4004	1988	326	1641.6	-5	1.3	0.4482	4.6	2.2
4004	1988	327	5788.8	-9.6	-2.7	0.3128	2.3	0
4004	1988	328	1555.2	-8.2	-4.2	0.3386	2.3	0.1
4004	1988	329	1555.2	-4.2	-0.7	0.4849	2.6	7
4004	1988	330	1555.2	-0.8	2.4	0.6151	1.5	3.7
4004	1988	331	1555.2	0.8	2	0.6625	0.8	0.3
4004	1988	332	1468.8	1	2.6	0.6679	0.7	0
4004	1988	333	1468.8	-0.6	1.3	0.5828	1.8	0
4004	1988	334	1468.8	0.9	6.6	0.5753	5.3	3.4
4004	1988	335	1468.8	3.3	6.4	0.8199	2	14.3
4004	1988	336	1555.2	0.7	3.9	0.6705	2.8	0
4004	1988	337	1555.2	-1.1	0.7	0.5359	2.3	4.4
4004	1988	338	1555.2	-0.1	1.2	0.6041	1.1	3.3
4004	1988	339	1555.2	0.6	8.3	0.7973	4.4	25.6
4004	1988	340	2764.8	0.5	8.3	0.6272	5.7	9.1
4004	1988	341	2073.6	0.3	3.3	0.6331	5.1	2.4
4004	1988	342	3542.4	0.4	2.6	0.5856	5.1	2.2
4004	1988	343	2678.4	-1.5	1.8	0.5621	2.7	10.6
4004	1988	344	1468.8	0.4	2.1	0.642	2.1	0.4
4004	1988	345	1468.8	0.8	7.5	0.7807	2.9	5.6
4004	1988	346	1468.8	5.5	8.3	0.8255	4.9	2
4004	1988	347	1468.8	2.4	5.5	0.7536	4.2	3.8
4004	1988	348	1468.8	2.5	3.8	0.6816	3.6	0.3
4004	1988	349	1468.8	0.8	4.4	0.6261	5.2	3.7
4004	1988	350	4579.2	-5.6	0.9	0.3908	3	0
4004	1988	351	4752	-8	-1.2	0.3563	1.1	0
4004	1988	352	1468.8	-8.6	-2.6	0.3424	1.4	0.3
4004	1988	353	1468.8	-3.8	1.6	0.5075	2.6	4.9
4004	1988	354	1468.8	0.6	3.9	0.6538	6.8	6.6
4004	1988	355	4233.6	-1	3.7	0.5321	3.7	0.5
4004	1988	356	1468.8	-3.3	2.3	0.4537	1.9	0.3
4004	1988	357	1468.8	1.5	4.4	0.6871	2.2	0
4004	1988	358	1468.8	2	6.1	0.767	2.9	2.2
4004	1988	359	1468.8	5.9	9.1	0.8808	7	2.4
4004	1988	360	1900.8	0.9	7	0.7455	1.8	0.4
4004	1988	361	1468.8	3.7	5.2	0.7889	0.9	0.1
4004	1988	362	1728	3.4	7	0.7605	2	0.8
4004	1988	363	1468.8	5.1	7.2	0.8689	1.3	0
4004	1988	364	1468.8	2.2	5.8	0.7644	0.9	0
4004	1988	365	1468.8	1.7	2.9	0.6561	1.3	0
4004	1988	366	1468.8	0.4	2	0.5931	1.3	0
