*---------------------------------------------------------------------------*
* Station name: BERLIN-DAHLEM                           
* Year: 1987
* Author: Pedro Alencar                                   -999.000: NIL VALUE
* Source: ECAD 
* Comments: 
* Longitude: 52.4639, latitude: 52.4639, altitude: 51 m.
*
* Column  Daily value
* 1       station number
* 2       year
* 3       day
* 4       irradiation                   (kJ m-2 d-1)
* 5       minimum temperature           (degrees Celsius)
* 6       maximum temperature           (degrees Celsius)
* 7       early morning vapour pressure (kPa)
* 8       mean wind speed (height: 2 m) (m s-1)
* 9       precipitation                 (mm d-1)
*
** WCCDESCRIPTION=GERMANY, BERLIN-DAHLEM                           
** WCCFORMAT=2
** WCCYEARNR=1987
*---------------------------------------------------------------------------*
   52.4639  13.3017    51.  -0.18 -0.55
4005	1987	1	1036.8	-0.3	5.9	0.6574	4.6	6.9
4005	1987	2	1036.8	-7	-0.1	0.3668	5.3	3
4005	1987	3	1296	-15.6	-2.7	0.2693	2.7	0.5
4005	1987	4	2332.8	-8.3	-2.6	0.33	3.3	4.4
4005	1987	5	1468.8	-2.6	2.7	0.558	6.9	8.5
4005	1987	6	1296	-2.2	1.5	0.4825	4.7	0.4
4005	1987	7	2505.6	-9.1	-2.2	0.3371	1.9	1.6
4005	1987	8	1123.2	-10.5	-1.3	0.3464	4.3	3.6
4005	1987	9	3628.8	-11.1	1.2	0.3343	3.9	0
4005	1987	10	1123.2	-14.6	-9	0.2157	1.7	0.1
4005	1987	11	4060.8	-21	-13.5	0.1155	2.1	0
4005	1987	12	1123.2	-18.2	-9	0.1778	4.3	4.3
4005	1987	13	1123.2	-18.6	-16.8	0.1264	2	0
4005	1987	14	2851.2	-20.1	-15.7	0.1198	3	0
4005	1987	15	1209.6	-17.5	-11.3	0.1545	5.5	0
4005	1987	16	1209.6	-12.3	-9.7	0.2088	3.7	0
4005	1987	17	4406.4	-15.8	-9.6	0.1844	2.1	0
4005	1987	18	2332.8	-13.5	-8.6	0.2238	2.6	0
4005	1987	19	1555.2	-11	-7.5	0.2459	2.8	0
4005	1987	20	2764.8	-15.1	-10.4	0.1974	1.5	0.4
4005	1987	21	1296	-13.2	-7.3	0.2693	2.5	0.2
4005	1987	22	1296	-7.3	0.8	0.4665	2.3	3.7
4005	1987	23	1382.4	0	2	0.6503	3.3	4.4
4005	1987	24	1814.4	-0.8	1.7	0.5303	3.3	0.4
4005	1987	25	1382.4	-0.3	3.2	0.6242	9	3.4
4005	1987	26	4579.2	-2.5	2	0.396	5.6	0
4005	1987	27	5443.2	-7.7	-0.3	0.3273	5	0.5
4005	1987	28	3628.8	-5.3	0.4	0.4339	3.8	0.7
4005	1987	29	4060.8	-12.3	-5.3	0.2454	3.4	0.4
4005	1987	30	5356.8	-16.5	-7.6	0.1822	3	0
4005	1987	31	5270.4	-12.2	-0.7	0.2038	2.9	0
4005	1987	32	5616	-9.1	-1.8	0.2322	1.6	0
4005	1987	33	5702.4	-10.4	-1.5	0.251	2.2	0
4005	1987	34	6393.6	-7	-1	0.3228	3.3	0
4005	1987	35	1728	-9.7	0.9	0.3882	1.6	0
4005	1987	36	1728	0.7	3.5	0.6113	2.6	0
4005	1987	37	1728	2.7	6.5	0.7293	7.2	2.4
4005	1987	38	2937.6	-1.7	6.2	0.5532	7.2	0.4
4005	1987	39	2160	-3.6	2.4	0.5322	4.8	3.8
4005	1987	40	1814.4	2.4	5.6	0.7644	3.2	0.1
4005	1987	41	1900.8	2.5	6.7	0.7802	3.2	6.4
4005	1987	42	7171.2	0.6	7.6	0.6305	2.7	0
4005	1987	43	3024	1.4	4.9	0.7199	2.3	0
4005	1987	44	1987.2	-0.6	2.7	0.646	2.8	2.8
4005	1987	45	2073.6	-0.1	2.2	0.6328	2.5	1.4
4005	1987	46	2073.6	0.7	1.5	0.6285	3.3	7.8
4005	1987	47	2160	-0.4	1	0.5932	2.3	0.5
4005	1987	48	2160	-1.3	-0.2	0.5149	3	0
4005	1987	49	2160	-1.8	-0.5	0.4888	1.8	8.4
4005	1987	50	2246.4	-0.9	-0.3	0.5439	2.9	0.5
4005	1987	51	2246.4	-2.6	-0.4	0.4654	4.6	0
4005	1987	52	2332.8	-3.1	-1	0.4784	2.9	0.6
4005	1987	53	2332.8	-5.9	2	0.4661	4.6	0
4005	1987	54	9763.2	-8.5	1.5	0.3257	3.3	0
4005	1987	55	9244.8	-10.5	0.5	0.2909	2.3	0
4005	1987	56	9331.2	-11.2	4.6	0.2875	0.8	0
4005	1987	57	7948.8	-2.9	1.3	0.4496	4.6	0
4005	1987	58	2592	-2.7	2.3	0.5239	3.9	4
4005	1987	59	2592	0.3	3.2	0.6377	2.3	1.4
4005	1987	60	7689.6	-4.7	0.3	0.3276	4.8	0
4005	1987	61	2764.8	-8.8	-4.7	0.2139	7	0
4005	1987	62	10368	-10.8	-4.6	0.2399	3.2	0.2
4005	1987	63	9244.8	-8.5	-3.5	0.2852	2.5	0
4005	1987	64	9158.4	-9.8	-1.3	0.2952	0.9	0
4005	1987	65	10368	-7.1	-3.2	0.2959	2.9	0
4005	1987	66	5702.4	-10.5	-3.3	0.288	3	0
4005	1987	67	8985.6	-5.3	0.4	0.3522	3	0
4005	1987	68	13219.2	-6	1.7	0.3236	3.5	0
4005	1987	69	13478.4	-6.8	2.7	0.2944	2.9	0
4005	1987	70	13478.4	-6	1.4	0.3045	3	0
4005	1987	71	13737.6	-7.1	0.3	0.2616	2.7	0
4005	1987	72	13910.4	-7	1.5	0.2546	3.3	0
4005	1987	73	14083.2	-6.4	2.6	0.2977	2.4	0
4005	1987	74	11145.6	-7.5	4.4	0.4037	3.3	1.1
4005	1987	75	4233.6	-2	2.2	0.5662	3.2	1.7
4005	1987	76	7171.2	-2.1	2.6	0.5102	4.2	3.1
4005	1987	77	3542.4	0.4	6.6	0.6751	5.8	4.3
4005	1987	78	13478.4	0.9	7.4	0.5424	5.9	0
4005	1987	79	9244.8	-2	3.9	0.5301	3.5	2.8
4005	1987	80	10800	-1	5.3	0.5492	4.1	0
4005	1987	81	4838.4	0.3	6	0.5591	4.5	0.3
4005	1987	82	7344	-1.6	8.3	0.5903	3.6	0.7
4005	1987	83	3888	3.9	9.1	0.8805	2	0.9
4005	1987	84	4406.4	6.4	12.1	1.0384	2.1	3.5
4005	1987	85	9763.2	4.9	10.1	0.7875	3.8	0.4
4005	1987	86	11664	3.7	13.7	0.7195	6.6	2.4
4005	1987	87	12268.8	7.3	13.3	0.7511	8.2	0.4
4005	1987	88	7171.2	2.7	7.8	0.6478	7	0.1
4005	1987	89	11318.4	0	6.8	0.5456	4.2	0
4005	1987	90	13651.2	-2.1	10.6	0.5627	2.1	0
4005	1987	91	4233.6	-0.1	6.4	0.6816	2.7	0.2
4005	1987	92	4320	3.2	5	0.7042	3.3	0.6
4005	1987	93	15206.4	2.4	11.4	0.736	5.6	0
4005	1987	94	11232	4	11.3	0.7956	6.6	0
4005	1987	95	4492.8	5.8	9.3	0.9358	4.5	13.1
4005	1987	96	5961.6	4.9	10.4	0.8689	3.9	0.1
4005	1987	97	14515.2	0.3	17	0.7731	2	1.3
4005	1987	98	14169.6	9.7	15.3	1.028	3.1	0.9
4005	1987	99	10281.6	9.3	17	1.0878	3.1	2.5
4005	1987	100	4752	7.4	10.4	1.0712	2.5	16.4
4005	1987	101	18403.2	2.8	13.8	0.6456	3.3	2
4005	1987	102	11491.2	5	11.3	0.7474	2.2	0
4005	1987	103	12355.2	0.4	11.5	0.7266	2.2	0
4005	1987	104	13737.6	1.4	12.4	0.6067	2	0
4005	1987	105	8294.4	7.3	12.7	0.9325	2.5	0.5
4005	1987	106	14860.8	7	13.8	0.92	3.5	0
4005	1987	107	18921.6	4.4	14.5	0.6977	4.5	0
4005	1987	108	21772.8	3.2	15	0.5775	3	0
4005	1987	109	18576	5.1	18.4	0.6478	2.6	1.8
4005	1987	110	11750.4	10.4	15.5	1.0886	6.3	3
4005	1987	111	5270.4	6.4	10.4	0.9584	4.7	1.4
4005	1987	112	6307.2	5.2	9.6	0.7513	1.8	0
4005	1987	113	12268.8	7	16.2	0.8461	1.4	0
4005	1987	114	21945.6	5.4	20.2	0.8269	1.2	0
4005	1987	115	21513.6	6.3	20.3	0.8544	2	0
4005	1987	116	21513.6	5.7	14.9	0.7511	3.8	0
4005	1987	117	23414.4	1	13.1	0.5024	2.3	0
4005	1987	118	23241.6	2.3	18.3	0.4507	1.7	0
4005	1987	119	24019.2	8.5	24.3	0.6519	3.6	0
4005	1987	120	22723.2	12.8	27.6	1.1107	3	1
4005	1987	121	17712	13.5	19.9	1.4808	3.8	0.9
4005	1987	122	15379.2	9.9	22.8	1.244	3.2	0.7
4005	1987	123	5788.8	6.2	12	0.797	3.8	13
4005	1987	124	5788.8	5.6	9.4	0.9741	3.4	1.5
4005	1987	125	5875.2	5.9	10.2	0.9037	3.6	0
4005	1987	126	8467.2	3.4	10.2	0.8297	2.8	0.9
4005	1987	127	22896	6.9	16.7	0.7467	3.6	0
4005	1987	128	25142.4	2.5	16.1	0.679	3.7	0
4005	1987	129	21772.8	6.8	20.3	0.9925	4.1	0
4005	1987	130	19699.2	8.4	21.7	1.0935	3.1	1.8
4005	1987	131	17625.6	4	12.3	0.7149	6	0.1
4005	1987	132	8035.2	9.2	13	1.043	6.5	5.6
4005	1987	133	14601.6	6.9	12.5	0.7576	5.6	0
4005	1987	134	21600	3.1	12.2	0.6909	4.3	1.5
4005	1987	135	12787.2	6.6	15.6	0.9638	4.6	5.9
4005	1987	136	14083.2	8	13.4	0.9257	3.6	0
4005	1987	137	22291.2	5	13.7	0.693	4.4	0.1
4005	1987	138	19785.6	4.4	17.2	0.6083	2.4	0
4005	1987	139	17539.2	7.1	18.2	0.8627	2	0.2
4005	1987	140	18748.8	6.6	13.5	0.8864	5.4	2.3
4005	1987	141	9676.8	5.9	11.2	0.7456	3.7	0
4005	1987	142	6393.6	7.2	10.5	0.8745	3.2	1.5
4005	1987	143	26092.8	6.1	19	0.7264	3.4	0
4005	1987	144	26438.4	3.3	21.5	0.6617	2.7	0
4005	1987	145	28512	4.4	18	0.6512	3.3	0
4005	1987	146	28512	4.1	20.2	0.6509	1.5	0
4005	1987	147	22118.4	7.2	24	0.9735	2.2	6
4005	1987	148	9331.2	9.4	13.2	0.8562	4.6	0
4005	1987	149	10800	9.2	14	0.9553	3.1	0
4005	1987	150	15206.4	8.4	14.2	0.9231	1.6	0.1
4005	1987	151	12700.8	7.5	15.7	0.7642	1.9	1.2
4005	1987	152	14083.2	11.6	18	1.3115	3.1	3.1
4005	1987	153	15552	10.3	16	1.0123	4.6	0
4005	1987	154	6739.2	7.7	15.6	1.1227	1.9	1.5
4005	1987	155	12614.4	11.3	16.4	1.3915	1.5	13
4005	1987	156	20131.2	8.1	19.7	1.1898	2.9	0.2
4005	1987	157	17539.2	9.6	21.2	1.1708	4	0
4005	1987	158	24105.6	13	22.5	1.1766	3.9	0
4005	1987	159	11318.4	13.8	19.3	1.2787	6.2	0.7
4005	1987	160	23932.8	9.8	20.2	0.9197	4.1	0
4005	1987	161	18921.6	9.4	20.7	1.0935	2.7	0
4005	1987	162	21168	9.5	23.4	1.2332	3.3	0.2
4005	1987	163	13996.8	12	18.2	1.2684	2.2	4.4
4005	1987	164	17193.6	10.9	19	1.2902	2.9	6.6
4005	1987	165	19526.4	13.9	19.2	1.3163	4	2.3
4005	1987	166	6912	8.2	15.4	1.2722	3.8	11.7
4005	1987	167	8985.6	8.2	13.7	1.1111	6.6	0.9
4005	1987	168	18662.4	8.6	16.8	0.8802	7.3	0.2
4005	1987	169	11232	8	12.5	1.0356	6.6	7.3
4005	1987	170	22291.2	9.5	19	0.9574	4	0
4005	1987	171	19958.4	13.4	23.5	1.3142	2.7	1
4005	1987	172	8380.8	11.9	15.3	1.2913	2.7	0
4005	1987	173	25056	8.4	20.2	0.8466	1.7	0
4005	1987	174	11404.8	13.8	19.2	1.4808	3.5	6.3
4005	1987	175	13996.8	9.7	17.9	1.2136	2.6	0.2
4005	1987	176	15120	11.7	17.3	1.2039	2.9	0
4005	1987	177	12614.4	12	21.4	1.3289	3.6	1
4005	1987	178	20131.2	10.7	21	1.205	2.9	0
4005	1987	179	13305.6	17.8	22.1	1.7918	3	2
4005	1987	180	23500.8	17.8	29.1	1.9014	2.6	0
4005	1987	181	26611.2	20.2	32.8	2.0379	2.5	0
4005	1987	182	18144	20.6	26.9	2.024	2.7	0
4005	1987	183	28080	13.7	22.6	1.0817	2.7	0
4005	1987	184	22723.2	14.2	24	1.0375	2.5	0
4005	1987	185	25488	14	22.6	1.1969	3.1	0
4005	1987	186	27907.2	10	24.7	0.9495	2	0
4005	1987	187	28771.2	13.9	27.6	0.9534	2.8	0
4005	1987	188	27129.6	16.7	30.3	1.2714	3.4	0
4005	1987	189	12960	18.7	26	1.9139	3.4	0
4005	1987	190	22896	12.4	20.9	1.3247	5.1	1.5
4005	1987	191	24019.2	10.5	20.4	1.0168	5.5	0.1
4005	1987	192	12528	13.8	27.3	1.5213	4.9	4.2
4005	1987	193	19612.8	17.2	23.8	1.6129	4.5	1.9
4005	1987	194	20044.8	14.4	21.1	1.2577	4.5	0
4005	1987	195	26697.6	8.4	23.5	0.9593	1.9	0
4005	1987	196	24105.6	15.7	27.8	1.1695	5.2	0
4005	1987	197	19440	17.2	30.1	1.6911	3.8	7
4005	1987	198	16502.4	18.8	28	1.8382	4	0.1
4005	1987	199	6566.4	14.4	23	1.8086	2.8	31.3
4005	1987	200	20908.8	13.9	24	1.509	3	7.8
4005	1987	201	21081.6	16.4	24.5	1.7279	2.3	4.3
4005	1987	202	10454.4	15.4	20.6	1.731	1.8	0.5
4005	1987	203	19008	13.1	23.6	1.6009	1.4	0
4005	1987	204	14169.6	15.3	22.7	1.755	1.3	3.5
4005	1987	205	18921.6	14.1	21.5	1.4652	4.5	1.4
4005	1987	206	17366.4	11.9	19.3	1.2744	5.3	1.3
4005	1987	207	21686.4	9.2	17.9	1.0545	6.1	5.1
4005	1987	208	10368	10.4	17.4	1.2056	5.2	7.3
4005	1987	209	6307.2	11.3	15.2	1.2318	4.7	0.2
4005	1987	210	13564.8	10.5	17.9	1.1969	3.1	1.2
4005	1987	211	14860.8	14.2	23.4	1.7766	2.8	4.2
4005	1987	212	9417.6	12.2	19	1.3806	5.4	2.9
4005	1987	213	15552	13.7	20.3	1.3737	6.1	0.7
4005	1987	214	16416	10.9	18.2	1.3732	5.8	1.9
4005	1987	215	13564.8	10.6	18.2	1.2617	4	5.5
4005	1987	216	17971.2	10.5	17.3	1.2532	4.8	0.8
4005	1987	217	11923.2	10.3	16.5	1.1671	5.3	7.6
4005	1987	218	11664	10	14.8	1.2227	5.3	3
4005	1987	219	22636.8	7	19	0.8827	3.1	0
4005	1987	220	15984	10.2	19.7	1.0186	4.4	0
4005	1987	221	9590.4	13	19.4	1.3793	1.9	2.8
4005	1987	222	12096	13.1	17.8	1.42	3.3	0.9
4005	1987	223	15465.6	12.2	16.9	1.2409	3.9	0.6
4005	1987	224	21254.4	8.7	20.4	1.0754	1.9	3
4005	1987	225	21081.6	9.4	19.7	1.1581	2.1	5.9
4005	1987	226	10540.8	13.9	21.9	1.7407	2.9	3.1
4005	1987	227	14515.2	13.4	18.8	1.3523	5.5	1.4
4005	1987	228	8121.6	13.1	18.6	1.4028	3.1	0
4005	1987	229	6480	13.6	22.2	1.6587	1.8	0.4
4005	1987	230	6393.6	17.2	22.3	2.0225	1.4	7.2
4005	1987	231	5356.8	16.8	19.3	1.9225	2.6	3.3
4005	1987	232	19958.4	15	21.3	1.4354	1.8	0
4005	1987	233	19612.8	11.6	25.7	1.4166	2.4	0
4005	1987	234	20995.2	15.6	27.2	1.501	2.9	0
4005	1987	235	17366.4	16.2	28.5	1.8599	2.7	3.8
4005	1987	236	12614.4	18.4	25.2	2.1116	2.5	0
4005	1987	237	8726.4	18.4	25.1	2.0012	3.8	1.7
4005	1987	238	9676.8	15.1	18.8	1.3308	5.3	0
4005	1987	239	12528	13.3	21	1.3868	2.9	1.6
4005	1987	240	8726.4	13	18.8	1.3712	4.7	0.9
4005	1987	241	10281.6	13.3	18.4	1.5287	3.7	0
4005	1987	242	15206.4	12	18.4	1.1559	4	0
4005	1987	243	10713.6	12.6	18.4	1.3366	3.5	0
4005	1987	244	19180.8	8.5	21.4	1.0356	3.1	0
4005	1987	245	14256	12.8	23.6	1.5651	2.5	0
4005	1987	246	16761.6	12.4	22.4	1.4684	1.3	0
4005	1987	247	17452.8	11.9	25.5	1.3995	1.5	0
4005	1987	248	12182.4	14.8	23.9	1.6591	2.7	8.1
4005	1987	249	11145.6	13.3	20.6	1.5044	3.4	0.1
4005	1987	250	5702.4	12.9	19.6	1.3652	5.6	0.4
4005	1987	251	13564.8	8.6	19.4	1.2294	3.6	3.1
4005	1987	252	11404.8	10.2	18.2	1.294	2.1	0.1
4005	1987	253	11836.8	9.8	21.5	1.2429	3.9	0.7
4005	1987	254	12960	11.7	19.5	1.3452	5.6	1.8
4005	1987	255	9763.2	10.9	22.8	1.5141	5.1	0
4005	1987	256	5616	15.2	20.4	1.6484	4	5.2
4005	1987	257	9331.2	13	18.7	1.5826	3.6	7.2
4005	1987	258	15206.4	12.3	19.2	1.233	6.5	0
4005	1987	259	8380.8	9.6	16.7	1.118	1.5	0
4005	1987	260	5356.8	12.4	17.3	1.2313	3.4	0.1
4005	1987	261	5270.4	13.2	22.4	1.8112	3.7	1.9
4005	1987	262	14601.6	8.6	16.7	1.1406	2.2	13.2
4005	1987	263	4233.6	9.2	12.5	1.1817	2.1	0.8
4005	1987	264	7862.4	9.3	17.9	1.2913	3.6	0
4005	1987	265	9849.6	14.6	26.1	1.9081	3.1	9.3
4005	1987	266	6912	16.6	21.7	1.9486	2.8	8.2
4005	1987	267	6998.4	11.3	16.8	1.3936	3	6.6
4005	1987	268	10195.2	9.4	15.6	1.1149	4.6	1
4005	1987	269	11923.2	6.6	16	0.99	1.8	0
4005	1987	270	11836.8	7	13.2	0.9635	5.8	2.2
4005	1987	271	9590.4	6.2	13.4	0.9443	4.6	0.1
4005	1987	272	8121.6	5.9	13.2	1.0239	2.2	1.9
4005	1987	273	5356.8	2.2	12.9	0.8214	1.5	0
4005	1987	274	9763.2	2.3	13.8	0.8284	2.3	0
4005	1987	275	12614.4	4.8	13.3	0.7482	4.1	0
4005	1987	276	12268.8	4.7	14.7	0.7576	4.5	0
4005	1987	277	11923.2	5.1	15.3	0.7958	5.1	0
4005	1987	278	10022.4	7.4	17.2	0.9575	4.4	0
4005	1987	279	8985.6	9.4	22	1.1757	4.3	0.3
4005	1987	280	10368	10	17.7	1.0436	5.3	0
4005	1987	281	3542.4	9.9	18	1.0822	6.7	0.2
4005	1987	282	10281.6	8	14.3	0.7153	5.7	0
4005	1987	283	11318.4	7.1	18.3	0.9389	5.2	0
4005	1987	284	6480	12.6	19	1.3804	3.2	0
4005	1987	285	4233.6	8.7	20	1.3229	6	0
4005	1987	286	8467.2	6.4	14.1	0.8858	3.5	0
4005	1987	287	5788.8	7.8	14.1	1.1503	3.1	0
4005	1987	288	3888	7.9	17.4	1.009	5.6	1.2
4005	1987	289	4924.8	13.4	20.9	1.3673	3.9	0.7
4005	1987	290	2332.8	11.1	15.8	1.3712	1.2	6.9
4005	1987	291	5788.8	7.7	12.6	1.1774	1.1	0
4005	1987	292	4492.8	6.9	12.4	1.1027	1.8	0
4005	1987	293	2160	6.9	11.9	1.0489	3.4	0
4005	1987	294	5875.2	8.5	12	1.0356	4.4	0
4005	1987	295	5788.8	7.2	11.5	1.0454	1.8	2.2
4005	1987	296	2505.6	8.9	11.6	1.0979	2	1.8
4005	1987	297	1987.2	9	10	1.1391	1.9	0.7
4005	1987	298	1987.2	4	9.1	0.8641	2	0
4005	1987	299	7084.8	0.1	10.3	0.734	3.3	0
4005	1987	300	6912	3.2	10.2	0.7357	6.9	0
4005	1987	301	7084.8	3.8	11.3	0.707	6.5	0
4005	1987	302	6998.4	3.1	10	0.602	5.4	0
4005	1987	303	6652.8	1.5	8.9	0.5306	4.6	0
4005	1987	304	6998.4	-0.6	8.2	0.5051	4	0
4005	1987	305	1728	3.8	10.7	0.8557	1.9	1.7
4005	1987	306	1728	7.3	8.9	0.9823	1.9	0
4005	1987	307	3024	3.5	8.3	0.7891	1.6	0.2
4005	1987	308	2505.6	5	9.8	0.8542	1.3	0
4005	1987	309	1641.6	5.9	9.3	0.8451	3.5	0.1
4005	1987	310	1555.2	7.4	8.9	0.9531	4	0.2
4005	1987	311	1555.2	7	8.2	0.8555	3.8	0
4005	1987	312	1555.2	5.2	7.8	0.8805	3.4	0
4005	1987	313	1468.8	4.3	7.5	0.7798	2.5	0
4005	1987	314	2678.4	3.2	5.9	0.7014	3	0.3
4005	1987	315	1468.8	4.2	7.3	0.8636	3.1	2.9
4005	1987	316	1728	6.5	11.4	0.8232	6.8	3.3
4005	1987	317	2764.8	4.4	9.6	0.8211	4.6	6.3
4005	1987	318	1382.4	4.6	8	0.8589	6.3	0.9
4005	1987	319	2851.2	2.6	8.1	0.6881	4.7	0
4005	1987	320	1296	3.2	10	0.8379	4.7	4.2
4005	1987	321	1296	7.3	10.3	0.9961	6.9	7.9
4005	1987	322	1296	8.4	9.2	1.0526	4.5	8.1
4005	1987	323	1296	8.4	9.4	1.094	5.5	23.6
4005	1987	324	1728	6.2	8.7	0.9088	4.9	1.4
4005	1987	325	1814.4	4.2	6.9	0.8064	2.5	3.5
4005	1987	326	1209.6	3.5	6.4	0.8256	3.1	5.2
4005	1987	327	1209.6	3	6.1	0.7352	4.5	0
4005	1987	328	1123.2	1.8	3	0.6245	5.5	0.1
4005	1987	329	1123.2	1.7	7.4	0.7775	4.2	3.7
4005	1987	330	4492.8	1.9	7.3	0.6954	2.1	0
4005	1987	331	2246.4	0.1	4.1	0.6255	2.7	0
4005	1987	332	1123.2	2.7	4.7	0.7325	3.9	0.1
4005	1987	333	1123.2	3.4	4.9	0.7314	4	0
4005	1987	334	2332.8	-1.7	5.7	0.5857	1.5	0
4005	1987	335	2505.6	-5	4.4	0.538	1.5	0
4005	1987	336	1036.8	1.7	4.4	0.5931	2.1	0
4005	1987	337	1036.8	-0.7	3.9	0.6309	2.5	0
4005	1987	338	1036.8	-1.5	0.4	0.5048	4.7	0
4005	1987	339	2937.6	-2.5	2	0.528	1.8	0
4005	1987	340	1036.8	-2.9	-0.6	0.5322	1.6	0.3
4005	1987	341	2073.6	-5.4	0.8	0.4026	3.6	0
4005	1987	342	3369.6	-8.2	-2.2	0.3529	2.8	0
4005	1987	343	1036.8	-8.3	-5.4	0.3404	3.2	0
4005	1987	344	1036.8	-6.9	3.5	0.4694	6.8	1.3
4005	1987	345	3801.6	-1	4.8	0.6026	4.1	0
4005	1987	346	2419.2	-5.7	1	0.4782	1	0.1
4005	1987	347	950.4	-4.7	-2.8	0.4401	1.8	0
4005	1987	348	950.4	-4.7	-2.6	0.4201	1.4	0
4005	1987	349	950.4	-3.6	-2.3	0.3984	2.4	0
4005	1987	350	950.4	-4.5	1.7	0.5185	2	5
4005	1987	351	950.4	1.6	2.6	0.6965	2.3	3.1
4005	1987	352	950.4	2.6	13.4	0.9649	4.9	5.8
4005	1987	353	950.4	7.7	11	1.0454	5.7	1.9
4005	1987	354	950.4	6.1	9.5	0.9942	5.7	11.1
4005	1987	355	2246.4	7.4	9.9	0.9748	5.5	3.6
4005	1987	356	1728	5.9	8.9	0.8748	4.8	0.7
4005	1987	357	950.4	1.4	6.3	0.7241	3.4	0
4005	1987	358	950.4	1.4	3	0.6299	2.7	0
4005	1987	359	2764.8	-0.6	2.3	0.5523	2.5	0.5
4005	1987	360	1814.4	2	8	0.7413	4.9	1
4005	1987	361	950.4	6.1	8.8	0.9191	6.6	1.3
4005	1987	362	950.4	7.9	11.4	1.0667	7.2	5.6
4005	1987	363	950.4	10.4	12.1	1.0134	6.3	9.4
4005	1987	364	2937.6	7.3	12.5	0.9872	6.7	1.2
4005	1987	365	1728	3.5	7.3	0.7532	2.9	0.2
