*---------------------------------------------------------------------------*
* Station name: BERLIN-DAHLEM                           
* Year: 1983
* Author: Pedro Alencar                                   -999.000: NIL VALUE
* Source: ECAD 
* Comments: 
* Longitude: 52.4639, latitude: 52.4639, altitude: 51 m.
*
* Column  Daily value
* 1       station number
* 2       year
* 3       day
* 4       irradiation                   (kJ m-2 d-1)
* 5       minimum temperature           (degrees Celsius)
* 6       maximum temperature           (degrees Celsius)
* 7       early morning vapour pressure (kPa)
* 8       mean wind speed (height: 2 m) (m s-1)
* 9       precipitation                 (mm d-1)
*
** WCCDESCRIPTION=GERMANY, BERLIN-DAHLEM                           
** WCCFORMAT=2
** WCCYEARNR=1983
*---------------------------------------------------------------------------*
   52.4639  13.3017    51.  -0.18 -0.55
4005	1983	1	1036.8	0.5	3	0.6031	2.9	0.3
4005	1983	2	1036.8	0.8	4.1	0.634	5	0.5
4005	1983	3	1036.8	0.7	5.7	0.6763	5	7.1
4005	1983	4	1036.8	5.7	10.5	0.9499	8.8	7.7
4005	1983	5	2678.4	2.3	7.4	0.7163	5.6	0.7
4005	1983	6	1036.8	6.2	13.5	0.8867	5.8	0.2
4005	1983	7	2419.2	4	9.5	0.7383	6.6	1.2
4005	1983	8	1123.2	2.5	6.4	0.6798	7	0
4005	1983	9	1641.6	2.5	6.2	0.6834	7.5	1.7
4005	1983	10	1123.2	4.8	6.4	0.7183	7.8	0.3
4005	1983	11	1123.2	5.4	9.9	0.827	5.2	0
4005	1983	12	1123.2	3.3	8.4	0.7586	3.9	0
4005	1983	13	3369.6	2.4	6.5	0.5958	7.2	0.1
4005	1983	14	1900.8	0.1	6.7	0.5924	8.8	4.9
4005	1983	15	1209.6	-0.1	4.8	0.6078	8.3	2.4
4005	1983	16	2160	1.8	5.8	0.6575	7.5	12.9
4005	1983	17	1209.6	1.5	7.8	0.7574	9.8	3.7
4005	1983	18	3024	0.4	8.2	0.5896	11.9	2.2
4005	1983	19	3196.8	-0.6	2.7	0.5471	8.5	0
4005	1983	20	4492.8	-1.6	1.9	0.488	6.3	0.5
4005	1983	21	1296	-0.3	6.8	0.671	10.5	0.5
4005	1983	22	2160	6.2	8.2	0.7817	9	0
4005	1983	23	1382.4	3.4	6.3	0.6645	5.5	0
4005	1983	24	4406.4	1.5	4	0.5509	3	0
4005	1983	25	1382.4	0.3	5.5	0.5643	3.1	2.2
4005	1983	26	1900.8	2.8	8.5	0.7482	5.5	0
4005	1983	27	1468.8	5.6	13.8	0.8899	8.1	2.7
4005	1983	28	2937.6	6.7	10.1	0.8813	7.6	12.1
4005	1983	29	2937.6	5.4	9.6	0.7357	9.2	1.5
4005	1983	30	3110.4	3.4	7.6	0.7224	6.3	2.1
4005	1983	31	2937.6	0.4	5.3	0.6148	7.4	7
4005	1983	32	1555.2	0.7	11.8	0.7608	9.6	6.7
4005	1983	33	1987.2	-0.6	6.3	0.6448	10.5	0.7
4005	1983	34	2678.4	-0.9	1.8	0.5681	6.3	1.5
4005	1983	35	6393.6	-2.2	3.1	0.524	5.7	0
4005	1983	36	1728	-3.5	1.9	0.4323	5.8	1.1
4005	1983	37	4665.6	-2.6	2.4	0.5338	3.3	0
4005	1983	38	1814.4	-2.1	0.4	0.5341	3.1	2.2
4005	1983	39	2160	-3.6	-1.4	0.4323	1.4	0
4005	1983	40	4752	-4.3	0.5	0.4359	3.4	0
4005	1983	41	1900.8	-7.6	-1.6	0.3824	3.2	0.9
4005	1983	42	1900.8	-3.2	0.2	0.4983	4.2	0.1
4005	1983	43	1987.2	-1.3	0.2	0.499	5.1	0.4
4005	1983	44	7862.4	-5.2	0.3	0.3624	2.9	0
4005	1983	45	2419.2	-11.1	-0.7	0.3307	1.7	0
4005	1983	46	7862.4	-5.5	-0.7	0.3113	3.2	0
4005	1983	47	2160	-13.8	-2.2	0.2813	2.5	0
4005	1983	48	7171.2	-5.1	1.7	0.4046	3.2	0
4005	1983	49	2160	-4.7	1	0.4856	4.1	0
4005	1983	50	2246.4	-0.2	0.8	0.5558	3.9	0.1
4005	1983	51	2246.4	-1.6	2.9	0.5572	3.8	0.1
4005	1983	52	8208	-4.3	0.5	0.3349	5.3	0
4005	1983	53	8121.6	-10.1	1	0.3184	2.6	0
4005	1983	54	8380.8	-6.1	3.3	0.4137	2	0
4005	1983	55	9244.8	-6.1	5.5	0.3706	2.6	0
4005	1983	56	9590.4	-3.7	6.5	0.4191	2.7	0
4005	1983	57	2505.6	-2.1	5.3	0.5418	3.7	0.5
4005	1983	58	2592	3.8	8.6	0.8719	2.2	2
4005	1983	59	3369.6	3.2	6.9	0.7876	3.4	1
4005	1983	60	6998.4	0.9	6.6	0.6392	1.9	0
4005	1983	61	2764.8	-1.1	2.6	0.6129	2.1	0
4005	1983	62	3456	-0.2	3.9	0.5376	1.3	0
4005	1983	63	8726.4	-4.2	7.9	0.5097	2.7	0
4005	1983	64	9590.4	1.1	9.5	0.659	6.9	1.6
4005	1983	65	2937.6	6.1	8.9	0.8912	9.3	1
4005	1983	66	7171.2	7.1	9.5	0.7331	10.7	0.5
4005	1983	67	3024	7	9.7	0.8564	7.6	0.1
4005	1983	68	3110.4	6.6	9.1	0.8384	7.7	0
4005	1983	69	3110.4	6.5	10.4	0.9064	8.1	1.3
4005	1983	70	5875.2	0.2	8.7	0.663	9.1	0.5
4005	1983	71	12096	-4.7	6.1	0.3921	2.5	0
4005	1983	72	13737.6	-2	7.4	0.3857	4.1	0
4005	1983	73	5875.2	0.4	12	0.6445	3.8	0
4005	1983	74	5788.8	4.4	11.7	0.71	2.7	0
4005	1983	75	3456	4.4	8.1	0.7989	2.7	0
4005	1983	76	7516.8	3	12	0.7461	3.5	0.4
4005	1983	77	3542.4	8.5	11.8	1.1774	4.4	1.7
4005	1983	78	3628.8	9.1	11.6	1.1681	1.8	1.5
4005	1983	79	3628.8	7.8	10.5	1.0894	1.6	1.1
4005	1983	80	6739.2	8	11.2	0.8242	4.8	1.7
4005	1983	81	11059.2	1.4	8.7	0.6651	8.6	3.6
4005	1983	82	5702.4	1.5	7.7	0.653	7.5	4.1
4005	1983	83	8640	5.4	13.4	0.8368	7.4	0.7
4005	1983	84	7344	2.6	7.3	0.6344	5.4	0
4005	1983	85	5270.4	1.6	4.2	0.6546	3	2.3
4005	1983	86	12528	-1.6	7.5	0.5285	3.3	0
4005	1983	87	9244.8	1.7	8.9	0.6233	3.3	1.1
4005	1983	88	11664	0.6	8	0.5398	4.4	0
4005	1983	89	4147.2	0.4	7.6	0.6017	5.8	0.3
4005	1983	90	9504	4.2	12.4	0.6784	4.1	0.1
4005	1983	91	4233.6	7.3	12.2	1.0015	4	5.6
4005	1983	92	4320	4.6	7.5	0.9005	3.6	2.7
4005	1983	93	4406.4	2.1	4.9	0.6594	4.8	0.4
4005	1983	94	15552	0	9.7	0.5955	2.4	0
4005	1983	95	9849.6	3	9.6	0.6776	3	2
4005	1983	96	5443.2	3	9	0.7665	6.9	4.8
4005	1983	97	12614.4	2.3	9.6	0.7639	4.5	1.3
4005	1983	98	4665.6	2.1	9	0.8064	3.4	5
4005	1983	99	8208	3.3	9.3	0.7157	4.4	0.2
4005	1983	100	14515.2	0.2	13.4	0.6815	2.2	2.3
4005	1983	101	11923.2	9.7	16.8	1.2014	3.4	19.6
4005	1983	102	4838.4	3.2	10.5	0.8821	5.4	0.6
4005	1983	103	10195.2	2.3	8.5	0.6994	6	0.1
4005	1983	104	4924.8	2.7	6.4	0.7606	4.8	2.2
4005	1983	105	5616	4.8	9.2	0.9012	4.6	2.2
4005	1983	106	14860.8	6.4	15	0.8485	3.2	0
4005	1983	107	20131.2	6.1	18.6	0.8029	5	0
4005	1983	108	9590.4	10.7	19.1	0.9984	4.5	0
4005	1983	109	14428.8	9.3	17.7	0.9738	2.8	12.8
4005	1983	110	17625.6	3.9	14.5	0.721	4.7	0
4005	1983	111	17366.4	9.4	22.7	0.9836	4.3	0
4005	1983	112	6912	9.3	17.9	1.2913	5.1	0.4
4005	1983	113	20304	5.2	17.6	0.8619	1.7	0
4005	1983	114	13651.2	11.5	20	1.4475	3.5	0
4005	1983	115	20476.8	8.4	18.5	0.986	2.3	0
4005	1983	116	18921.6	10	22	1.0531	3.1	0.2
4005	1983	117	13651.2	10.8	17.6	1.2616	4.4	0.7
4005	1983	118	19872	8.6	18.7	0.8428	3.6	0
4005	1983	119	18403.2	7.8	19.8	1.1506	4.5	0.5
4005	1983	120	20736	5.4	18.3	0.7908	2.1	0
4005	1983	121	12700.8	8.4	18.7	1.101	2.6	26.3
4005	1983	122	13219.2	10.2	15.1	1.0674	4.3	2.8
4005	1983	123	19612.8	6.4	13.9	1.0039	3.8	3.4
4005	1983	124	12700.8	7.3	12.8	1.0218	4.6	5.5
4005	1983	125	10281.6	6.6	11.2	0.9002	3.8	0.3
4005	1983	126	20908.8	2.6	17.5	0.8248	2.8	0
4005	1983	127	24019.2	7.7	18.5	0.8584	5	0
4005	1983	128	8553.6	10.5	15.3	1.2783	2.6	4.8
4005	1983	129	13392	10.6	16.3	1.2942	1.5	0.1
4005	1983	130	17971.2	7.8	18.9	1.1633	2.4	8.1
4005	1983	131	19008	8.4	16.8	1.1077	3.4	6.5
4005	1983	132	21513.6	8.6	19.5	0.849	5.2	0.8
4005	1983	133	19008	11.3	18.4	1.1976	2.9	2.2
4005	1983	134	20736	9.3	19.1	1.0837	2.5	5.2
4005	1983	135	12096	12.3	21.4	1.5907	1.9	1.3
4005	1983	136	19526.4	15.1	26.3	1.8766	2.6	4.1
4005	1983	137	26265.6	12	23.7	1.2248	3.1	0
4005	1983	138	20822.4	13.2	19.8	1.2372	4.7	0
4005	1983	139	15033.6	10	19.1	1.1085	2.7	0
4005	1983	140	24710.4	8.3	20.7	0.8905	2.8	0
4005	1983	141	23328	12.9	27.2	1.358	4.2	0
4005	1983	142	7430.4	12.2	23.5	1.4698	3.1	0.5
4005	1983	143	6393.6	11.7	14	1.1408	4.3	6.3
4005	1983	144	6393.6	10.3	12.9	1.2828	3	25.2
4005	1983	145	6480	11.1	14.3	1.291	2.3	1.4
4005	1983	146	8467.2	11.7	16.6	1.1931	3.5	0
4005	1983	147	14947.2	9.4	16	1.1736	2.6	11.1
4005	1983	148	8121.6	9.9	13.6	1.0888	2.4	0
4005	1983	149	17020.8	7.3	18.3	0.9894	3.1	0.1
4005	1983	150	15552	8.6	16.2	1.0501	4.1	0.4
4005	1983	151	24710.4	7.3	20.4	0.8855	1.4	0
4005	1983	152	24451.2	12.4	28.4	1.2202	2.4	0
4005	1983	153	12960	17.5	22.4	1.6522	2.9	0
4005	1983	154	27993.6	11.6	22.4	1.1222	4.4	0
4005	1983	155	25056	12	26.5	1.0918	2.8	0
4005	1983	156	15292.8	14.4	22.8	1.6689	4.4	2.8
4005	1983	157	23241.6	9.8	15.9	0.8445	4.5	0
4005	1983	158	29116.8	4.9	20.5	0.5281	2.9	0
4005	1983	159	29721.6	11	27.3	0.8636	2.6	0
4005	1983	160	20131.2	14.8	24.3	1.5209	3.7	0.1
4005	1983	161	18921.6	13.8	19.8	1.1463	4.8	0
4005	1983	162	27820.8	11.4	21.5	1.0277	2.1	0
4005	1983	163	23760	11.3	25.7	1.0419	1.6	0
4005	1983	164	11145.6	14.9	24.2	1.4074	2.9	0.1
4005	1983	165	6912	15.2	19.4	1.4	2.8	0.8
4005	1983	166	21686.4	10.4	18.2	1.0745	5.3	0.3
4005	1983	167	8726.4	8.4	15.3	1.096	5.2	0.8
4005	1983	168	15120	6.9	16.1	1.0032	3.6	0
4005	1983	169	12441.6	11.6	21.4	1.1434	3.4	0
4005	1983	170	29548.8	10.6	25.5	0.8889	4.5	0
4005	1983	171	29808	11.2	26.8	0.8775	3.7	0
4005	1983	172	28512	14.5	29	1.2995	3.6	0
4005	1983	173	29721.6	11.7	24.2	0.8833	4.2	0
4005	1983	174	29203.2	13.8	26.5	0.8246	2.5	0
4005	1983	175	28425.6	15.5	30.5	1.0935	1.4	0
4005	1983	176	17625.6	16.8	24.2	1.661	2.7	1
4005	1983	177	22809.6	14	24.6	1.2516	2.1	0
4005	1983	178	16070.4	14.4	22.5	1.7593	3.2	2.6
4005	1983	179	23414.4	11.2	18.3	1.1732	5.9	0.5
4005	1983	180	10540.8	8.7	17.6	1.0576	4.5	1
4005	1983	181	9244.8	14.8	22.8	1.7116	3.6	7.9
4005	1983	182	8640	14.7	19.6	1.4845	3.1	0.1
4005	1983	183	28166.4	10.7	23	1.0158	2.4	0
4005	1983	184	17712	17	24.5	1.5157	2	0
4005	1983	185	28252.8	11.6	22.7	1.2501	2.8	0
4005	1983	186	27907.2	12.4	27.1	1.2181	2	0
4005	1983	187	27043.2	16.3	30.7	1.4159	3.1	0
4005	1983	188	25574.4	19.8	32.2	1.744	3.9	0
4005	1983	189	29203.2	17.9	29.7	1.1769	4	0
4005	1983	190	28857.6	13.9	30.6	1.3128	3	0
4005	1983	191	25056	16.7	31.2	1.5438	3	0
4005	1983	192	25660.8	19.6	31	1.8019	3.6	2.5
4005	1983	193	28425.6	18.2	31.7	1.6703	3.8	0
4005	1983	194	17107.2	16.4	26.5	1.6331	7.3	0
4005	1983	195	21600	14.1	25.2	1.5989	5.2	0
4005	1983	196	25920	13.6	27.7	1.4335	4.3	0.5
4005	1983	197	22118.4	20.2	28.1	1.8027	4.5	8
4005	1983	198	25920	14.4	28.9	1.3691	1.4	0
4005	1983	199	18230.4	22	30.3	1.861	3.1	2.2
4005	1983	200	15033.6	18.8	26.2	1.7409	4.3	0.3
4005	1983	201	15984	11.8	20	1.0284	7	0
4005	1983	202	24969.6	9	20.7	0.9446	6.7	0
4005	1983	203	21168	13.7	27.1	1.4834	5.7	0
4005	1983	204	27561.6	14.3	28.8	1.3351	2.8	0
4005	1983	205	25920	16.3	29.8	1.3499	2.6	0
4005	1983	206	26524.8	16.3	28.1	1.2821	2.2	0
4005	1983	207	26697.6	16.9	31.2	1.1648	2.2	0
4005	1983	208	19440	21.4	32.3	1.7629	3.6	0
4005	1983	209	19008	18.4	25	1.8396	4.2	0
4005	1983	210	12009.6	14.4	19.4	1.5573	6.1	2.1
4005	1983	211	21945.6	17.4	24.1	1.4423	6.1	0
4005	1983	212	25920	12.1	29.5	0.9318	1.9	0
4005	1983	213	19180.8	20.2	36.1	1.4835	4.7	7.5
4005	1983	214	15897.6	17.2	26	1.3906	3.6	0
4005	1983	215	6048	12.3	19.7	1.5252	5.1	11.8
4005	1983	216	6048	11.5	13.5	1.3611	6.8	18.1
4005	1983	217	5961.6	12.5	14.6	1.4577	4.8	20.6
4005	1983	218	14947.2	13.1	21.3	1.3912	2.2	0
4005	1983	219	17020.8	13	23.7	1.306	2.2	0
4005	1983	220	19267.2	14.7	25	1.5957	3.1	0
4005	1983	221	22118.4	14.6	27.4	1.5888	2.3	0
4005	1983	222	22723.2	14.5	28.1	1.5424	1.4	0
4005	1983	223	23587.2	16.1	28	1.4028	2.2	0
4005	1983	224	19699.2	13.7	22	1.5311	4.1	1.8
4005	1983	225	17452.8	13.1	21.5	1.3409	6.7	0.3
4005	1983	226	14169.6	11	19.3	1.135	4.6	0
4005	1983	227	23414.4	10.4	23.4	1.1151	2	0
4005	1983	228	21081.6	15.3	27.8	1.4378	3.7	0
4005	1983	229	18835.2	15.6	25.8	1.6085	2.5	0
4005	1983	230	18316.8	16	25.8	1.653	2.1	0
4005	1983	231	19958.4	17.1	29.1	1.5796	2.4	0
4005	1983	232	21254.4	17.4	28.4	1.4213	2.8	0
4005	1983	233	21254.4	16.8	28.5	1.5098	2.9	0
4005	1983	234	14428.8	17.7	28.9	1.5702	1.6	0
4005	1983	235	9417.6	20.8	27.5	1.8929	1.9	1.5
4005	1983	236	10540.8	18.4	24.3	1.9275	3.2	2.6
4005	1983	237	20304	16.6	25	1.7901	3.6	0
4005	1983	238	21081.6	14.1	26.5	1.4267	1.8	0
4005	1983	239	20304	13	24.7	1.4996	1.9	0
4005	1983	240	13132.8	12.3	22.9	1.4067	3	0
4005	1983	241	20476.8	9.4	23.2	1.203	1.5	0
4005	1983	242	20908.8	11.4	25.6	1.0844	1.2	0
4005	1983	243	20563.2	12.2	28	0.9395	2.1	0
4005	1983	244	17107.2	17.9	29.8	1.8591	3.3	5
4005	1983	245	8726.4	17.1	24.5	1.7165	2.3	0
4005	1983	246	13737.6	16.4	24	1.3234	6.1	0.6
4005	1983	247	14256	13.5	21.1	1.262	5.4	0
4005	1983	248	11404.8	13.9	23	1.1022	7.7	0
4005	1983	249	14688	11.1	20.3	1.0153	7	0.1
4005	1983	250	6480	8.4	14.6	0.9625	8.2	0.2
4005	1983	251	9676.8	10.4	16.8	0.949	4.9	0
4005	1983	252	8035.2	11.7	20.7	1.2689	3.9	1
4005	1983	253	9936	13.2	19.8	1.5933	3.1	6.1
4005	1983	254	12268.8	13.5	20.6	1.3393	4.2	0
4005	1983	255	8467.2	11.4	17	1.0837	4.8	0
4005	1983	256	6825.6	11	16.2	1.2446	4.5	1.6
4005	1983	257	3888	8.4	16.7	1.2784	4.1	3.2
4005	1983	258	13305.6	13.8	23.6	1.7655	4.7	5.4
4005	1983	259	6739.2	15.1	18.5	1.3756	4.9	1.3
4005	1983	260	9158.4	11	16.7	1.3124	3.8	1.4
4005	1983	261	10886.4	10.8	18.7	1.1732	3.2	0
4005	1983	262	6393.6	14.4	20.4	1.4486	3.4	6
4005	1983	263	10281.6	12	18.2	1.337	2.5	1.1
4005	1983	264	10800	8.9	18.6	1.0212	2.6	0
4005	1983	265	8294.4	10.1	17.9	1.1975	6.9	0.2
4005	1983	266	13132.8	6.7	16	1.047	2.3	0
4005	1983	267	12441.6	7	23.4	1.0868	4.9	4
4005	1983	268	13651.2	9.7	21.2	1.0869	6.4	0
4005	1983	269	8208	8.3	16.1	1.1074	4	0
4005	1983	270	13305.6	9	22.6	1.3445	2.2	0
4005	1983	271	8294.4	10.1	18.6	1.3883	2.3	0
4005	1983	272	12268.8	7.6	18	1.0484	2.9	0
4005	1983	273	9417.6	8	14.4	0.8772	5.4	0
4005	1983	274	12960	-0.6	12.9	0.6234	1.7	0
4005	1983	275	4579.2	4.3	13.3	0.9621	3.7	3.1
4005	1983	276	3801.6	12.7	18.5	1.5753	3.6	8.5
4005	1983	277	9158.4	15.3	23.4	1.816	3.5	0
4005	1983	278	10022.4	13.4	21.7	1.3021	5.8	0.3
4005	1983	279	5443.2	10.2	15	1.166	7.1	6.6
4005	1983	280	4752	9.6	15.6	1.064	5.5	0.1
4005	1983	281	7430.4	8.4	14.5	1.0675	6.5	8.1
4005	1983	282	8380.8	7.4	13	0.9575	7.3	2.4
4005	1983	283	2592	5.9	14.7	1.0515	3.8	2.2
4005	1983	284	8035.2	8	15	1.0168	6.3	0.7
4005	1983	285	6220.8	7	13.2	0.9017	6.6	0.2
4005	1983	286	9331.2	9.7	17.6	0.9833	4.5	0
4005	1983	287	5616	10	17.1	1.1785	3.2	0.4
4005	1983	288	4579.2	7.4	15.6	1.0981	3.7	1.5
4005	1983	289	2332.8	10.6	16.6	1.0424	6.4	0
4005	1983	290	6134.4	7.4	12.7	0.8741	7	0
4005	1983	291	7516.8	6.7	13.3	0.9325	6.2	0.4
4005	1983	292	3628.8	9.3	15.9	1.1077	7.2	0.2
4005	1983	293	4838.4	6.3	11.4	0.8972	6.5	0.5
4005	1983	294	8553.6	2.7	10.8	0.8072	5.6	0
4005	1983	295	3542.4	1	8.6	0.6966	3.7	0
4005	1983	296	7516.8	4.1	10.7	0.7307	2.7	0
4005	1983	297	4752	-1.9	6.2	0.642	2	0
4005	1983	298	3110.4	-1.1	7.8	0.536	2.5	0
4005	1983	299	1987.2	6.5	11.8	0.9503	6.8	0
4005	1983	300	7084.8	7	14.3	1.0379	3.5	0
4005	1983	301	3110.4	6	11.8	0.9914	4.1	0.3
4005	1983	302	1814.4	0	6.7	0.7457	1.6	0
4005	1983	303	4752	3.3	6.8	0.6301	3	1.6
4005	1983	304	2937.6	1.2	11.3	0.7799	6.3	2.1
4005	1983	305	2160	7.6	11.5	0.8453	5.7	0
4005	1983	306	2851.2	6.5	14	0.9607	3.6	0
4005	1983	307	5616	6	12.7	0.834	4.1	0
4005	1983	308	3801.6	4	11.6	0.8778	2.1	0
4005	1983	309	4579.2	5.5	14	1.0377	0.4	0
4005	1983	310	1555.2	4.9	9.2	0.9747	0.9	0
4005	1983	311	5097.6	5.6	9.6	0.9286	2.5	0
4005	1983	312	5875.2	4.3	12.3	0.8863	1.9	0
4005	1983	313	5702.4	3.5	15.5	0.9255	0.7	0
4005	1983	314	3456	2	10	0.8693	0.7	0
4005	1983	315	5270.4	2.3	8.4	0.6255	4.1	0
4005	1983	316	5443.2	-4.5	4.2	0.4533	1.1	0
4005	1983	317	5788.8	-2.6	2.6	0.4338	2.5	0
4005	1983	318	1382.4	-8.5	0.6	0.3742	3.1	0.3
4005	1983	319	1382.4	-2.7	1.5	0.5556	6.3	1.3
4005	1983	320	2851.2	0.2	4.2	0.6228	3.4	0
4005	1983	321	4147.2	-2.6	4.4	0.5608	1.5	0
4005	1983	322	4060.8	-5	3	0.4885	2.7	0.3
4005	1983	323	1296	1.9	5.2	0.7405	3.6	0.7
4005	1983	324	1209.6	3.7	6	0.7077	6.6	1.9
4005	1983	325	4320	-0.7	3.9	0.5212	7.2	0.1
4005	1983	326	3369.6	-2.8	3	0.5047	6.4	1.2
4005	1983	327	2592	-0.2	4.8	0.5984	4.6	0
4005	1983	328	3715.2	1.5	5.5	0.6045	2.8	0
4005	1983	329	1123.2	-0.1	6.7	0.6811	4.4	8
4005	1983	330	1900.8	6.6	14	1.1266	7.4	13
4005	1983	331	3110.4	8.3	14.8	1.0881	6.4	20.6
4005	1983	332	1123.2	2.5	8.7	0.7456	7.2	0.1
4005	1983	333	1468.8	1.8	4.4	0.5952	5.4	2.4
4005	1983	334	1900.8	-0.3	3.2	0.5563	6.5	0.4
4005	1983	335	3283.2	-1.2	0.7	0.432	3.8	0
4005	1983	336	3196.8	-4.4	-0.7	0.3699	2.4	0
4005	1983	337	3715.2	-7	-2.1	0.2879	2.4	0
4005	1983	338	3196.8	-5.4	2.7	0.3432	2.1	0
4005	1983	339	3196.8	-2.9	6	0.3827	3.3	0
4005	1983	340	1036.8	0.4	3.1	0.6447	4.4	2.9
4005	1983	341	2505.6	-0.6	2.4	0.5217	5.5	0.2
4005	1983	342	1036.8	-5.7	0.3	0.4259	4.1	6.3
4005	1983	343	1036.8	-0.1	2.3	0.6087	6.2	15.3
4005	1983	344	1036.8	-2.4	4.8	0.5598	6.8	1
4005	1983	345	2937.6	-7.9	-2.1	0.3541	2.7	3.1
4005	1983	346	1814.4	-9	-3.1	0.3113	2.2	0
4005	1983	347	3542.4	-9.2	-4.1	0.2639	2.6	0
4005	1983	348	2246.4	-10.7	-4.2	0.29	2.8	0.2
4005	1983	349	3715.2	-5.7	-1.6	0.3267	4.7	0
4005	1983	350	950.4	-3.6	-1.8	0.3758	3.9	0
4005	1983	351	1987.2	-5.9	0.9	0.4272	2.7	0.5
4005	1983	352	1900.8	-0.6	4.2	0.6052	2.5	0.7
4005	1983	353	1382.4	0.3	3.6	0.6258	3.3	0.9
4005	1983	354	2419.2	2	6.8	0.7192	3.5	0
4005	1983	355	950.4	2	5.4	0.6449	2.7	0
4005	1983	356	950.4	0.8	4.7	0.6551	2.9	3.2
4005	1983	357	1728	2.7	7.4	0.7789	6.5	1.8
4005	1983	358	2073.6	0.9	6.8	0.7402	3.6	6.3
4005	1983	359	950.4	6.8	10.5	1.0308	5.2	12.1
4005	1983	360	950.4	5.8	9	0.9057	5.9	4.9
4005	1983	361	1641.6	-0.4	7.4	0.6045	6.3	0.9
4005	1983	362	950.4	7.4	11.1	1.0617	9.9	0.7
4005	1983	363	3801.6	4.4	10.2	0.8791	4.3	0.2
4005	1983	364	1036.8	4.2	9.8	0.741	6.3	0.1
4005	1983	365	1036.8	2.6	5.4	0.6505	7.6	3.3
