*---------------------------------------------------------------------------*
* Station name: BERLIN-DAHLEM                           
* Year: 2017
* Author: Pedro Alencar                                   -999.000: NIL VALUE
* Source: ECAD 
* Comments: 
* Longitude: 52.4639, latitude: 52.4639, altitude: 51 m.
*
* Column  Daily value
* 1       station number
* 2       year
* 3       day
* 4       irradiation                   (kJ m-2 d-1)
* 5       minimum temperature           (degrees Celsius)
* 6       maximum temperature           (degrees Celsius)
* 7       early morning vapour pressure (kPa)
* 8       mean wind speed (height: 2 m) (m s-1)
* 9       precipitation                 (mm d-1)
*
** WCCDESCRIPTION=GERMANY, BERLIN-DAHLEM                           
** WCCFORMAT=2
** WCCYEARNR=2017
*---------------------------------------------------------------------------*
   52.4639  13.3017    51.  -0.18 -0.55
4005	2017	1	1468.8	0	4.5	0.5891	4.3	0.3
4005	2017	2	1382.4	-2.9	3.3	0.5827	4	0.3
4005	2017	3	1036.8	0	4.4	0.6729	8.2	7.8
4005	2017	4	1036.8	0	4.8	0.6317	7.8	2.5
4005	2017	5	2592	-6.9	0.2	0.3532	4.1	0
4005	2017	6	4060.8	-9.7	-2.7	0.3001	2	0
4005	2017	7	1036.8	-8.6	-2.7	0.333	3.7	2.1
4005	2017	8	1123.2	-2.9	-1.4	0.5062	1.5	0.1
4005	2017	9	1123.2	-3.1	0.1	0.5256	2.2	0
4005	2017	10	3974.4	-5.8	1.1	0.4011	4.8	0
4005	2017	11	1123.2	-6.4	3.5	0.4561	6.4	1.1
4005	2017	12	1382.4	2.1	4.8	0.6336	7.1	1.8
4005	2017	13	1123.2	-1.4	2.8	0.6042	5	4.1
4005	2017	14	2332.8	-1.8	2.4	0.562	3.6	0.1
4005	2017	15	1209.6	-1.2	1	0.558	4.4	0.2
4005	2017	16	2160	-6.8	-0.8	0.4154	2.1	0
4005	2017	17	4752	-8.9	0.7	0.4061	1.2	0
4005	2017	18	1209.6	-7.8	-3.1	0.387	2	0
4005	2017	19	1296	-4.1	-1	0.4357	2.8	0
4005	2017	20	1296	-1.2	1.4	0.5478	2.6	0
4005	2017	21	1296	0.7	2.8	0.6516	2.1	0
4005	2017	22	5097.6	-3.1	3.8	0.5515	3.1	0
4005	2017	23	1382.4	-4.7	-1.6	0.4651	2.3	0
4005	2017	24	1382.4	-1.7	-0.2	0.5644	2.5	0
4005	2017	25	1382.4	-0.6	1.4	0.6038	1.8	0
4005	2017	26	4924.8	-1.9	3.4	0.5419	3.7	0
4005	2017	27	5702.4	-4.2	3.3	0.4139	2.9	0
4005	2017	28	5702.4	-5.5	0.5	0.3814	3.2	0
4005	2017	29	5356.8	-4.1	6.9	0.4732	2.6	0
4005	2017	30	1555.2	-1.2	2.5	0.5572	3.8	6.3
4005	2017	31	1555.2	-0.2	0.3	0.5948	2.9	0
4005	2017	32	1555.2	-3.4	0.7	0.5093	3.1	0
4005	2017	33	4492.8	-4.8	1	0.4785	3.5	0
4005	2017	34	1641.6	-0.8	3.4	0.6443	3.7	0.3
4005	2017	35	3369.6	0.9	5	0.7475	3.1	0
4005	2017	36	1728	0.4	2.7	0.6697	3.2	0
4005	2017	37	1728	-2.6	0.5	0.4924	3.4	0
4005	2017	38	1814.4	-2.3	-0.5	0.4247	3.4	0
4005	2017	39	1814.4	-4.9	-2.3	0.3467	3.8	0
4005	2017	40	3888	-5.1	-2	0.3433	4	0
4005	2017	41	6048	-5.7	0.4	0.3822	5.1	0
4005	2017	42	1900.8	-3.6	-1.3	0.3114	4.7	0
4005	2017	43	1987.2	-4.8	-1	0.3406	4.3	0
4005	2017	44	7862.4	-6.4	2.1	0.4019	3	0
4005	2017	45	8035.2	-7.4	5.6	0.4349	2.1	0
4005	2017	46	8208	-3.7	11.7	0.496	1.7	0
4005	2017	47	7948.8	-4.7	12.5	0.6298	2.3	0.1
4005	2017	48	2160	2.9	6.5	0.8113	3.5	1.7
4005	2017	49	2160	2.7	4.8	0.751	2.8	0
4005	2017	50	4233.6	0.8	8.8	0.7224	4.2	1.7
4005	2017	51	2246.4	4.5	10	0.927	6.9	2.1
4005	2017	52	5616	2.5	9.8	0.7745	6	1.9
4005	2017	53	2332.8	3.3	10.5	0.8652	7.5	4.8
4005	2017	54	2419.2	4.7	9	0.8325	6.9	7.6
4005	2017	55	6048	-0.6	7.5	0.5945	7.4	0.1
4005	2017	56	6652.8	-1.7	7.2	0.5881	4.9	0.9
4005	2017	57	3283.2	5.1	10.6	0.7429	5.7	1.2
4005	2017	58	8640	7.6	14	0.7895	4.5	0
4005	2017	59	5702.4	5	11.5	0.6325	6.6	0.3
4005	2017	60	6998.4	1.6	7.9	0.7113	5.2	0.7
4005	2017	61	2764.8	3.1	7.3	0.7694	6.9	5.3
4005	2017	62	11318.4	1.8	11.7	0.63	4.5	0
4005	2017	63	9676.8	3.8	17.2	0.6851	3.2	0
4005	2017	64	4924.8	6.6	11.8	0.7791	4.5	0
4005	2017	65	3369.6	3.6	9	0.773	2	8.1
4005	2017	66	3024	1	4	0.6216	3	0
4005	2017	67	6912	2.8	10.5	0.743	4.5	4
4005	2017	68	6825.6	5	11	0.9006	3.3	1.9
4005	2017	69	5788.8	3.6	9.2	0.7783	3.9	0.3
4005	2017	70	7430.4	1	9.4	0.734	1.9	0
4005	2017	71	12268.8	-0.7	6.9	0.641	2.9	0
4005	2017	72	9849.6	-0.3	9.7	0.5978	2.3	0
4005	2017	73	4752	-0.4	11.1	0.7238	3	0
4005	2017	74	12441.6	3.2	13.1	0.6607	4.8	0
4005	2017	75	6825.6	1.1	12.7	0.6862	3.2	0
4005	2017	76	4924.8	3.4	11	0.6294	4.6	3.6
4005	2017	77	6998.4	2.8	11.1	0.7485	7.8	3.6
4005	2017	78	3628.8	-2.1	10.2	0.7344	4.2	12.7
4005	2017	79	3628.8	9.4	13.5	1.1485	6.3	0.5
4005	2017	80	5011.2	4.8	11.9	0.8564	4.7	2.6
4005	2017	81	13219.2	0.7	11.5	0.5836	2.3	0
4005	2017	82	3801.6	5.5	7.5	0.7353	3.3	2.2
4005	2017	83	16761.6	-0.8	14	0.5553	2.1	0
4005	2017	84	13219.2	-1.1	12.6	0.5788	2.7	0
4005	2017	85	16502.4	-1.7	14.5	0.6534	0.9	0
4005	2017	86	17539.2	-0.1	17.9	0.6495	1.3	0
4005	2017	87	17712	2.4	21.2	0.6637	2	0
4005	2017	88	5529.6	5.6	14.1	0.9353	5	2.1
4005	2017	89	9849.6	9.7	17.9	1.3082	3	0
4005	2017	90	17452.8	9.8	22.4	1.0781	3.4	0
4005	2017	91	17884.8	8.6	23.4	0.9987	2.1	0
4005	2017	92	12355.2	7	18	1.0425	2.9	0
4005	2017	93	4406.4	4.6	10.8	0.8299	2.3	0
4005	2017	94	6307.2	5.1	13	0.9094	2.1	0
4005	2017	95	8726.4	5.9	14.5	0.8953	4.1	0.3
4005	2017	96	16156.8	4.5	13.9	0.7326	6	0.1
4005	2017	97	4579.2	6.3	11.4	0.9767	5.6	0
4005	2017	98	6998.4	7.8	14.9	0.953	3.4	0
4005	2017	99	18662.4	8.9	18.6	0.9426	1.6	0
4005	2017	100	16416	6.3	21	0.9833	4.9	0
4005	2017	101	11750.4	4.1	11	0.7486	5.9	3.6
4005	2017	102	4838.4	6.8	12.8	1.017	6.8	7
4005	2017	103	14774.4	5.6	12.5	0.8173	6.3	0
4005	2017	104	11232	3	14	0.7431	5.4	0
4005	2017	105	7862.4	5.1	10.9	0.8577	5.5	5.6
4005	2017	106	10886.4	3.3	8.9	0.7718	4.2	1.8
4005	2017	107	14169.6	2.1	9.7	0.7334	2.9	0.2
4005	2017	108	12182.4	2.5	8.7	0.6456	4.1	0.1
4005	2017	109	15984	-1	7.4	0.4919	4	0
4005	2017	110	16243.2	-1.8	9	0.4585	2.3	0
4005	2017	111	5875.2	4.8	15	0.7922	6.8	0.8
4005	2017	112	14083.2	4.1	10.9	0.7564	6.1	1.4
4005	2017	113	12873.6	2.5	9.2	0.7031	5.4	2.3
4005	2017	114	16070.4	0.5	14.6	0.6447	5.2	0
4005	2017	115	12009.6	1.5	11.7	0.6917	4.1	0.7
4005	2017	116	18576	0.2	12.3	0.5801	1.9	0
4005	2017	117	19353.6	-1.6	12.9	0.5657	2.1	0
4005	2017	118	17280	0.4	13.1	0.5709	1.7	1.4
4005	2017	119	13651.2	0.5	11	0.6707	3	0
4005	2017	120	24105.6	-0.9	14.2	0.6061	5.1	0
4005	2017	121	15465.6	4.7	16.9	0.7248	6.3	0
4005	2017	122	7171.2	8.5	11.4	0.856	5.8	1.6
4005	2017	123	12096	8.3	16.5	1.0645	3.7	2.2
4005	2017	124	5788.8	7.2	11.5	1.0572	3.5	4.8
4005	2017	125	6825.6	8.3	13.8	1.1975	1.7	0
4005	2017	126	11577.6	8	16.5	1.1395	2.5	0
4005	2017	127	19267.2	7.6	19.2	0.9982	2.6	0
4005	2017	128	6912	2.5	10.5	0.7547	3.1	0.9
4005	2017	129	14601.6	0.9	9.9	0.6456	3	1.2
4005	2017	130	13737.6	3.5	12.1	0.7192	3.4	0
4005	2017	131	24969.6	2	19.9	0.8105	2.4	0
4005	2017	132	24192	7.9	23.6	1.1794	3.5	0
4005	2017	133	9417.6	11	19.5	1.4192	1.7	0.5
4005	2017	134	18662.4	8.8	22.6	1.4072	2.2	0
4005	2017	135	22464	9.5	21.2	1.1844	2.8	0
4005	2017	136	11059.2	8.4	19.1	1.0683	1.8	0.1
4005	2017	137	26265.6	15	26.2	1.1869	3.3	0
4005	2017	138	27129.6	15.3	28.7	1.1611	3.8	0
4005	2017	139	26697.6	15.5	30.6	1.4061	3.2	0
4005	2017	140	16502.4	9.3	19.4	1.078	5.1	0
4005	2017	141	24710.4	8.8	22.1	0.9642	2.5	0
4005	2017	142	24710.4	7.3	23.2	0.8827	1.7	0
4005	2017	143	24105.6	11.6	25.9	1.2095	3.1	6.5
4005	2017	144	10627.2	10.2	16.3	1.0645	4.6	0
4005	2017	145	21945.6	7.3	19.5	1.0903	3.3	0
4005	2017	146	20649.6	9.1	23.9	1.3309	2.8	0
4005	2017	147	28512	12	27.1	1.1577	2.8	0
4005	2017	148	26438.4	14.6	31.5	1.2655	4	0
4005	2017	149	26956.8	16.7	29.9	1.5131	2.5	0
4005	2017	150	19872	18	30.3	2.1032	3	14.5
4005	2017	151	23068.8	11.5	23.3	1.1906	5.9	0
4005	2017	152	28512	8.7	21.9	0.9723	3.9	0
4005	2017	153	28512	8	25.5	0.8951	2.2	0
4005	2017	154	16761.6	12.9	21.8	1.2067	3.1	1.3
4005	2017	155	13305.6	10.8	18.8	1.4123	3.1	7
4005	2017	156	18316.8	11.7	22.2	1.3115	1.9	4
4005	2017	157	16848	13.1	25.8	1.6694	3.7	6.6
4005	2017	158	19785.6	11.7	19.4	1.1644	7.2	0.6
4005	2017	159	14601.6	11.9	20.6	1.1254	4.7	0
4005	2017	160	25574.4	12.9	29.1	1.3902	4.2	0.8
4005	2017	161	23500.8	13.2	23.4	1.3229	2.7	0
4005	2017	162	24624	14.4	28.7	1.3607	2.7	1.1
4005	2017	163	18835.2	15.9	23.1	1.3804	6.2	0
4005	2017	164	15552	12.9	19.8	1.1883	6.3	0
4005	2017	165	27734.4	10.6	22.6	1.2262	3.2	0
4005	2017	166	26006.4	11.8	27.4	1.1613	2.2	2.3
4005	2017	167	16070.4	13.1	21.3	1.548	5.2	2.1
4005	2017	168	16934.4	11.4	22.6	1.2383	5	0
4005	2017	169	28857.6	10	25.9	1.4175	2.4	0
4005	2017	170	27561.6	15	31	1.6542	1.3	0
4005	2017	171	27475.2	15.4	29.5	1.5458	3.2	0
4005	2017	172	28252.8	11.3	24.1	1.0516	2.7	0
4005	2017	173	18662.4	14.9	27.8	1.6485	3	22.1
4005	2017	174	10972.8	16.2	22.8	1.6746	4.8	0
4005	2017	175	8035.2	16.6	22.2	1.5743	5	0.1
4005	2017	176	11577.6	15	23.7	1.816	5.1	4.1
4005	2017	177	16329.6	11.1	21.1	1.3157	3.5	3.2
4005	2017	178	24883.2	8.7	23.2	1.086	1.9	0
4005	2017	179	20131.2	13.6	26.4	1.6339	3.1	0.1
4005	2017	180	6912	15.7	20.8	1.9886	4.2	196.9
4005	2017	181	6825.6	13.9	19.6	1.6759	6.7	8.2
4005	2017	182	7948.8	13.8	19.1	1.663	4.8	3.3
4005	2017	183	12700.8	12.1	18.9	1.4597	4.7	0.5
4005	2017	184	24969.6	10.2	22.5	1.1511	4.6	0
4005	2017	185	22118.4	14	21.2	1.2459	4.4	0
4005	2017	186	17798.4	13.3	20.8	1.3199	2	0.5
4005	2017	187	23414.4	13.3	26	1.3248	1.6	0
4005	2017	188	15984	17.2	27.8	2.0402	2.3	8.5
4005	2017	189	15206.4	15.3	25.1	1.9142	3.3	0
4005	2017	190	22636.8	14.4	24.3	1.4573	1.9	0
4005	2017	191	13737.6	15.5	21.9	1.744	2.3	11
4005	2017	192	20044.8	13.8	24	1.6351	3.1	0
4005	2017	193	14515.2	13.1	22.2	1.7135	3.9	5.8
4005	2017	194	17798.4	11.4	19.3	1.1496	4.7	0
4005	2017	195	18921.6	10.7	21.8	1.07	1.4	0
4005	2017	196	20995.2	11.5	22.2	1.3991	2.5	3.8
4005	2017	197	14342.4	11.9	22	1.4658	3.1	3.1
4005	2017	198	20995.2	13.1	22.7	1.4335	3	0
4005	2017	199	26265.6	10.6	24.2	1.3097	1.8	0
4005	2017	200	25920	14.1	28.4	1.5377	3	7.1
4005	2017	201	20563.2	19	28.9	2.1969	3.3	0
4005	2017	202	23673.6	17.7	26.5	1.885	3	0
4005	2017	203	17625.6	17.1	27.6	2.1834	3.7	59.2
4005	2017	204	14083.2	15.9	24.2	1.8263	2.7	3.3
4005	2017	205	17020.8	15.3	23.9	1.5484	1.9	28.8
4005	2017	206	6998.4	15	17.8	1.6577	2.9	7
4005	2017	207	6307.2	15.4	16.8	1.7177	3.3	17.5
4005	2017	208	16416	13.7	22.8	1.7165	3.4	0.9
4005	2017	209	22550.4	13.4	23.3	1.5377	4.2	0.7
4005	2017	210	13478.4	15.2	26	1.5986	3.5	0
4005	2017	211	24019.2	17.9	31.9	1.8224	4.5	0
4005	2017	212	21427.2	18.5	28.4	1.6997	2.5	2.3
4005	2017	213	19180.8	18.9	29.4	2.0431	3.2	1.2
4005	2017	214	16243.2	17.9	26.4	1.8641	2.3	0.6
4005	2017	215	12873.6	17.4	27.9	2.0588	2.9	4.1
4005	2017	216	17971.2	16.7	25	1.525	4.6	0
4005	2017	217	14342.4	14.4	22.8	1.7117	3.3	1
4005	2017	218	22809.6	12.1	21.7	1.3074	4	0
4005	2017	219	22291.2	10.5	24	1.1204	2	0
4005	2017	220	22291.2	14.5	26.3	1.3159	4.8	0
4005	2017	221	22377.6	17.9	27	1.5458	3.5	2.1
4005	2017	222	15379.2	16.2	25.7	1.5096	3	9
4005	2017	223	6393.6	14.1	19.8	1.6973	3.4	0.2
4005	2017	224	7084.8	13.2	18.6	1.5516	5.6	1.5
4005	2017	225	16156.8	13.1	21.6	1.4836	3.1	0
4005	2017	226	21081.6	12.7	24.2	1.399	1.8	0
4005	2017	227	21945.6	14.8	28	1.5518	4	0
4005	2017	228	12268.8	15.8	22.8	1.8328	2.1	8.6
4005	2017	229	17366.4	14.1	25.5	1.7983	3.1	2.3
4005	2017	230	9590.4	16.8	25.9	2.0797	2.7	7.1
4005	2017	231	15897.6	13.1	21.4	1.4153	4.6	0
4005	2017	232	17971.2	11	20.8	1.3351	3.8	0.2
4005	2017	233	10540.8	11.7	19.8	1.4832	4.7	0.8
4005	2017	234	11577.6	8.8	17.8	1.19	3	0
4005	2017	235	17884.8	7.9	21.3	1.2283	1.7	0
4005	2017	236	14601.6	9.8	22	1.4073	2.3	0.5
4005	2017	237	15465.6	13.2	22.8	1.6074	2.2	0.2
4005	2017	238	11145.6	11.4	23.7	1.5024	2.1	0
4005	2017	239	16675.2	13.6	23	1.5329	3.7	0
4005	2017	240	19526.4	11.1	23.3	1.3912	1.5	0
4005	2017	241	20908.8	12.8	26.9	1.457	2.5	0
4005	2017	242	18316.8	16	30.3	1.6127	3.5	0
4005	2017	243	12700.8	14.7	27.3	1.8122	4	3.2
4005	2017	244	8812.8	12.3	17.7	1.3625	2.1	0
4005	2017	245	14601.6	9.5	19.6	1.2409	1.9	0
4005	2017	246	13478.4	8	20	1.2933	1.8	0.5
4005	2017	247	18230.4	6.3	21.4	1.1701	3	0
4005	2017	248	18144	7.3	22.8	1.1619	2.3	0
4005	2017	249	6998.4	13.1	22	1.6226	4.2	11.3
4005	2017	250	8467.2	10.8	17.2	1.2933	6.1	0.6
4005	2017	251	4147.2	11.1	17.6	1.2903	4.2	0.2
4005	2017	252	6912	14.4	18.8	1.4337	4.6	1.5
4005	2017	253	13564.8	11.6	20.7	1.3382	2.9	0
4005	2017	254	11404.8	11.8	19.8	1.2728	5.1	0
4005	2017	255	10886.4	10.6	19	1.2274	5.1	0
4005	2017	256	11145.6	9.6	20.3	1.2733	7.2	4.6
4005	2017	257	8812.8	10.2	15.9	1.2008	6.3	2.7
4005	2017	258	10454.4	8.2	18	1.2047	5	0.9
4005	2017	259	13564.8	6.4	17.5	1.0753	1.8	0
4005	2017	260	13651.2	4.8	18.3	1.0473	1.1	0
4005	2017	261	14515.2	7.1	17.2	1.1037	2	0
4005	2017	262	12614.4	5.6	17.6	1.0917	1.9	0
4005	2017	263	11577.6	6.4	17.8	1.1283	2.7	0
4005	2017	264	9417.6	10.5	17.6	1.2975	2.2	0
4005	2017	265	14515.2	7.6	18.2	1.1296	1.2	0
4005	2017	266	8812.8	5.5	15.7	1.1111	1.6	11.8
4005	2017	267	5443.2	12.5	16.9	1.5536	2.1	0.7
4005	2017	268	3283.2	13.1	15.2	1.451	2.7	0.2
4005	2017	269	5356.8	12.2	17.9	1.4523	4	1.1
4005	2017	270	4665.6	12.9	18.7	1.5059	3.8	0
4005	2017	271	11318.4	12.2	19.4	1.3625	4.3	0
4005	2017	272	12787.2	11.1	21.2	1.3199	4.4	0
4005	2017	273	12873.6	9.4	20.5	1.1205	4.6	0.2
4005	2017	274	3024	10.5	14.5	1.2597	2.5	0.8
4005	2017	275	2937.6	9.5	15.4	1.3133	4.7	8.1
4005	2017	276	8121.6	9.6	15.9	1.2658	5.1	0.4
4005	2017	277	3456	9.9	13.9	1.0579	7.5	2.5
4005	2017	278	2851.2	9	15.1	1.1809	8.5	9.1
4005	2017	279	3628.8	6.7	13	1.069	5.6	1.2
4005	2017	280	4060.8	8	13	1.1418	6.7	10.5
4005	2017	281	8553.6	2.9	14.2	0.8903	4.1	0
4005	2017	282	9590.4	3.2	14	0.9603	3.7	5
4005	2017	283	2592	9.1	13.9	1.2608	4	0.1
4005	2017	284	3369.6	13.4	16.3	1.4338	5.7	0.5
4005	2017	285	8294.4	9.5	16.7	1.0541	7.2	0.1
4005	2017	286	6566.4	7.2	15.9	1.0881	3.5	0
4005	2017	287	3974.4	10.9	18.6	1.4413	3.3	0
4005	2017	288	9849.6	9.9	21.6	1.5368	1.9	0
4005	2017	289	9936	9.8	22.4	1.4619	2.5	0
4005	2017	290	9504	10.3	21.9	1.4802	2.1	0
4005	2017	291	7171.2	8.5	18.4	1.3404	1.1	0
4005	2017	292	7948.8	9	16.2	1.3117	2.1	0
4005	2017	293	6048	9.3	16.8	1.2608	2.4	1.2
4005	2017	294	2160	9.2	13.4	1.1372	2.3	3.3
4005	2017	295	5356.8	9.9	15	1.1979	4.4	0
4005	2017	296	2073.6	7.2	11.6	1.0843	2.7	1.8
4005	2017	297	2851.2	5.8	14	1.0969	2.4	13.4
4005	2017	298	3715.2	9	18.5	1.3668	5.3	0.3
4005	2017	299	1987.2	8.1	14.4	1.1601	4.3	0
4005	2017	300	3283.2	7.8	12.1	1.0272	5.3	1.3
4005	2017	301	1900.8	8.5	11.1	1.017	9	6.6
4005	2017	302	3715.2	5.1	11.9	0.9095	8.1	4
4005	2017	303	7516.8	2.4	8.9	0.6569	5.1	0
4005	2017	304	1814.4	4	9	0.8224	4.5	1.7
4005	2017	305	1728	7.6	11.1	1.1042	5.5	13.8
4005	2017	306	2592	8.1	11.2	1.1027	4.3	1.1
4005	2017	307	3369.6	5.8	11.5	0.9748	2.9	0
4005	2017	308	5616	4.1	11.7	0.8945	2.9	0
4005	2017	309	3024	7.2	13.2	1.0943	2.9	9
4005	2017	310	5443.2	2.2	9.8	0.8413	2.6	0
4005	2017	311	5616	1.1	9.3	0.7959	2.6	0
4005	2017	312	4060.8	5.7	9.1	0.8748	3.7	0
4005	2017	313	1468.8	5.5	8	0.8662	3	0.9
4005	2017	314	1468.8	5.2	8.2	0.8829	6.3	2.1
4005	2017	315	1987.2	2.8	6.6	0.7345	6.5	0.7
4005	2017	316	2505.6	1.6	6.2	0.7186	3.2	1.4
4005	2017	317	2764.8	-1.1	7.3	0.6868	2.9	0
4005	2017	318	1900.8	-3.2	7.5	0.6491	3.8	0.1
4005	2017	319	1382.4	6.2	9.1	0.9841	3.3	0.3
4005	2017	320	1296	5.5	9.9	0.9664	2.6	0.6
4005	2017	321	5184	0.2	9.2	0.7345	2.6	0
4005	2017	322	1728	1.1	6.4	0.6552	6.2	2
4005	2017	323	1987.2	2.4	6	0.7092	7.4	2.5
4005	2017	324	3110.4	0.6	6.4	0.6908	4.8	0.2
4005	2017	325	1209.6	3.3	5.7	0.7832	2.3	4.5
4005	2017	326	1209.6	5.3	10.6	0.9403	4.3	0.1
4005	2017	327	1814.4	4.7	13	0.8064	4.7	0
4005	2017	328	1900.8	4.4	14.6	0.9967	3.5	1.5
4005	2017	329	1123.2	1.2	5.7	0.7431	2.8	14
4005	2017	330	2160	1	5.1	0.6616	5.1	0.2
4005	2017	331	2592	2	5.5	0.6711	6.4	5.3
4005	2017	332	2160	4.8	7.5	0.765	5.2	0
4005	2017	333	4147.2	0.3	6	0.628	2.3	0.2
4005	2017	334	2505.6	-0.1	3.4	0.6057	1.7	0
4005	2017	335	1123.2	-0.7	3	0.6042	2.1	0.4
4005	2017	336	1296	-2	3.1	0.585	1.7	0
4005	2017	337	2764.8	-2.8	2.9	0.5642	4.1	0.8
4005	2017	338	2505.6	0.5	5.1	0.6574	4.5	2.5
4005	2017	339	1036.8	1.9	7.7	0.7826	6	0.7
4005	2017	340	1036.8	6.5	7.6	0.7737	7.9	0
4005	2017	341	3542.4	4.4	7.9	0.6706	6.5	4
4005	2017	342	2332.8	0.2	5.9	0.6388	6.4	0.4
4005	2017	343	1036.8	-0.8	2.8	0.5846	5.9	1.4
4005	2017	344	2505.6	-1.8	1.6	0.4913	5.8	3.3
4005	2017	345	950.4	0.5	6.5	0.6908	4.2	3.4
4005	2017	346	950.4	0.7	7.8	0.7034	7.6	1.3
4005	2017	347	3542.4	-0.2	4.2	0.5716	6	6.7
4005	2017	348	1209.6	1.5	5	0.6633	6.4	0.9
4005	2017	349	950.4	0.2	2.8	0.6264	2.3	1.3
4005	2017	350	950.4	0.5	2.6	0.6287	3.2	0.5
4005	2017	351	950.4	0.6	2.6	0.6035	2.8	0.3
4005	2017	352	3369.6	-2.5	3.1	0.4871	2.3	0
4005	2017	353	950.4	-1.3	3.1	0.6195	1.9	0.3
4005	2017	354	950.4	1	4.7	0.7047	1.8	1.2
4005	2017	355	950.4	4.7	7.6	0.8784	3.9	0.5
4005	2017	356	1555.2	4.3	7	0.7938	4.6	0
4005	2017	357	950.4	4	9.4	0.8633	7.9	0
4005	2017	358	950.4	9	10.1	0.9762	9.1	0
4005	2017	359	950.4	3.3	10.1	0.7357	6.7	0
4005	2017	360	2678.4	2.1	10	0.7316	5.3	0
4005	2017	361	2160	0.2	5.8	0.5986	3.7	0
4005	2017	362	950.4	0.1	4.3	0.6013	3.4	0
4005	2017	363	2505.6	-1.3	4.4	0.5057	5.2	0
4005	2017	364	1036.8	-1.6	9.6	0.6668	5.3	2.6
4005	2017	365	1036.8	4.5	12.5	0.9206	5.7	1.8
