*---------------------------------------------------------------------------*
* Station name: BERLIN-DAHLEM                           
* Year: 2012
* Author: Pedro Alencar                                   -999.000: NIL VALUE
* Source: ECAD 
* Comments: 
* Longitude: 52.4639, latitude: 52.4639, altitude: 51 m.
*
* Column  Daily value
* 1       station number
* 2       year
* 3       day
* 4       irradiation                   (kJ m-2 d-1)
* 5       minimum temperature           (degrees Celsius)
* 6       maximum temperature           (degrees Celsius)
* 7       early morning vapour pressure (kPa)
* 8       mean wind speed (height: 2 m) (m s-1)
* 9       precipitation                 (mm d-1)
*
** WCCDESCRIPTION=GERMANY, BERLIN-DAHLEM                           
** WCCFORMAT=2
** WCCYEARNR=2012
*---------------------------------------------------------------------------*
   52.4639  13.3017    51.  -0.18 -0.55
4005	2012	1	1036.8	2.1	11.1	0.906	3.3	1.8
4005	2012	2	1036.8	5	12.7	1.0108	4.6	4.5
4005	2012	3	3024	2.7	10.3	0.7353	7.3	1.2
4005	2012	4	2160	3.8	8	0.6498	8.7	5.3
4005	2012	5	1641.6	3.3	7	0.7491	9.6	3.3
4005	2012	6	1036.8	-1.3	4	0.5254	5.1	0
4005	2012	7	1036.8	2.2	6.6	0.7443	5.7	3.5
4005	2012	8	1123.2	3.7	6	0.7681	4.4	2.1
4005	2012	9	1123.2	2.3	7.4	0.7767	3.3	3
4005	2012	10	2592	4.2	7.3	0.7442	4.9	0
4005	2012	11	1123.2	5.2	8.5	0.8226	5.2	0
4005	2012	12	1123.2	3.8	10	0.7956	8.1	1.2
4005	2012	13	1123.2	2.1	4.1	0.5876	6.8	0
4005	2012	14	3715.2	-0.9	4.4	0.506	4.4	0
4005	2012	15	4406.4	-4.6	1.9	0.4484	2	0
4005	2012	16	1209.6	-1.7	2.7	0.5829	2.6	1.7
4005	2012	17	1209.6	1.1	3.5	0.6561	3.6	0.7
4005	2012	18	4406.4	-3.3	5.5	0.4896	3.7	5
4005	2012	19	1296	2.9	5.3	0.7534	5.7	6.9
4005	2012	20	1296	1.1	2.9	0.6351	5	1.8
4005	2012	21	1296	1.4	4.5	0.672	5.6	3.2
4005	2012	22	1296	1.5	6.3	0.6944	7.7	2.7
4005	2012	23	1814.4	0	3	0.6196	2.2	1.4
4005	2012	24	1641.6	-2.5	2.4	0.554	1.4	0
4005	2012	25	3801.6	-5.2	1.2	0.4538	1.2	0
4005	2012	26	5529.6	-6.4	1.3	0.4053	3.6	0
4005	2012	27	1468.8	-4.2	-1.8	0.3577	4.7	0
4005	2012	28	1468.8	-5.3	-3.3	0.3289	3.1	0.7
4005	2012	29	4924.8	-5.9	-4.1	0.2782	4.3	0
4005	2012	30	6048	-8.9	-2.6	0.223	5.2	0
4005	2012	31	6048	-10.3	-5.6	0.2218	4.9	0
4005	2012	32	6307.2	-11.3	-5.5	0.1753	3.6	0
4005	2012	33	6480	-14.1	-6.5	0.1789	1.9	0.5
4005	2012	34	5097.6	-15	-5.5	0.2301	1.8	0
4005	2012	35	5270.4	-17.2	-6.3	0.2066	1.2	0
4005	2012	36	1728	-18	-9.1	0.1721	1.8	0
4005	2012	37	6998.4	-18.2	-10	0.1378	2	0
4005	2012	38	3628.8	-19.6	-5.7	0.1736	2.4	0
4005	2012	39	7084.8	-9.9	-3.3	0.2686	2.2	0.3
4005	2012	40	3888	-10	-2.4	0.3116	3.6	0.3
4005	2012	41	7430.4	-13	-5.5	0.2277	2	0
4005	2012	42	5097.6	-14.5	-5.5	0.2175	1.5	0
4005	2012	43	5011.2	-15	-4	0.2352	3.1	0.1
4005	2012	44	1987.2	-4	-0.7	0.4319	2.4	0
4005	2012	45	3110.4	-3.8	1.6	0.4624	3.5	4
4005	2012	46	2678.4	0.7	4	0.4992	6.9	0
4005	2012	47	8121.6	-1.7	3.8	0.4615	3.6	7.1
4005	2012	48	2592	1.8	6.2	0.7074	4.9	0
4005	2012	49	2160	1.5	8.7	0.7465	3.6	3
4005	2012	50	2937.6	-0.5	6.1	0.6275	5.8	0.4
4005	2012	51	8294.4	-1.8	5	0.5143	4.5	0
4005	2012	52	2332.8	-0.4	4	0.5983	5.3	3.6
4005	2012	53	5356.8	4	9.5	0.7383	5.3	2.9
4005	2012	54	5529.6	4.6	11.4	0.8899	7.1	0.4
4005	2012	55	2937.6	5.6	12	1.0074	7.2	1.7
4005	2012	56	6393.6	3.7	8.7	0.6919	7.3	0.5
4005	2012	57	9417.6	-3.4	7	0.4035	3.7	0
4005	2012	58	7689.6	-4.9	5.8	0.505	2.4	2.5
4005	2012	59	2592	4.7	10.5	0.9703	5.4	1.6
4005	2012	60	2678.4	8.6	10.9	1.1221	3.1	0.4
4005	2012	61	2764.8	8.2	9.9	1.0245	3.3	0
4005	2012	62	2764.8	0.2	8.2	0.6927	2.8	0
4005	2012	63	12096	-0.6	9.7	0.4986	3	0
4005	2012	64	8985.6	0.3	8.6	0.428	5	0
4005	2012	65	12614.4	-0.7	9	0.378	5.3	0
4005	2012	66	12787.2	-2.3	5.4	0.3485	3.7	0
4005	2012	67	11059.2	-3.5	7.3	0.3644	3.8	0.7
4005	2012	68	6480	0	8.3	0.6656	3.2	1.8
4005	2012	69	11145.6	-2.4	10.2	0.5652	3.6	0
4005	2012	70	3196.8	6.7	11.2	0.8232	5.6	0.5
4005	2012	71	5875.2	6.9	10.3	0.8375	4.8	0
4005	2012	72	3283.2	6.7	10.7	0.9556	4.1	0
4005	2012	73	3369.6	6.6	8.9	0.8432	4	0
4005	2012	74	3369.6	6.4	8.5	0.7435	3.6	0
4005	2012	75	7084.8	1.6	10.2	0.6777	2.2	0
4005	2012	76	15120	-0.2	20.5	0.7684	1.8	0
4005	2012	77	14688	5	19.5	0.9259	2.1	0
4005	2012	78	10627.2	4.3	17.3	0.9577	3.6	0
4005	2012	79	12787.2	3	10.8	0.5868	5.6	0
4005	2012	80	8812.8	0.9	12.8	0.6442	4.9	0.1
4005	2012	81	6307.2	9.3	13.2	1.0001	3	0
4005	2012	82	15292.8	6.3	16.7	0.9083	1.7	0
4005	2012	83	16934.4	2	18.3	0.8428	1.4	0
4005	2012	84	17020.8	1.9	19.2	0.8019	2.1	0
4005	2012	85	14083.2	3.1	14.8	0.869	2.8	0
4005	2012	86	16848	-0.8	15.1	0.5969	1.6	0
4005	2012	87	14342.4	3.9	17.4	0.9226	3.3	0
4005	2012	88	15552	5.1	19.4	0.8689	5.2	0
4005	2012	89	4665.6	6.5	9.6	0.7746	6.5	0.4
4005	2012	90	7344	6.3	10.4	0.7795	5.7	1.6
4005	2012	91	9244.8	2.1	7.6	0.6041	6.8	3.4
4005	2012	92	15033.6	-1.3	9.6	0.5259	6.5	0.8
4005	2012	93	9417.6	3.4	7.7	0.598	5.4	0
4005	2012	94	8294.4	4.2	12.5	0.7576	2.5	1.4
4005	2012	95	4492.8	3.7	6	0.7681	3.1	3.3
4005	2012	96	8640	-0.9	8	0.5672	2.4	0
4005	2012	97	14515.2	-3.2	10.1	0.5397	2.9	2.4
4005	2012	98	8640	-0.4	5.4	0.5997	5	0.6
4005	2012	99	15465.6	-1.2	6.9	0.3749	2.6	0
4005	2012	100	13737.6	0	12.2	0.5083	5	0
4005	2012	101	8208	7.6	18.6	0.9036	4.9	0
4005	2012	102	9331.2	4.2	15.6	0.8288	3	0.5
4005	2012	103	6393.6	5.5	11.1	0.8754	2.1	4.7
4005	2012	104	10972.8	1.6	11.1	0.7852	2.6	0.7
4005	2012	105	20044.8	-0.6	13.5	0.6171	1.9	0
4005	2012	106	10281.6	4.6	13.6	0.6006	3.6	0
4005	2012	107	18057.6	2.4	11.3	0.5253	4.5	0
4005	2012	108	17452.8	-1.3	10.3	0.4632	3.6	0
4005	2012	109	15379.2	3.6	13.3	0.4753	4.6	0
4005	2012	110	16588.8	5.6	17.7	0.6161	2.5	0
4005	2012	111	13392	6	17.4	0.7968	1.9	0
4005	2012	112	17107.2	5.5	16.6	0.7764	3.1	0.3
4005	2012	113	12700.8	5.5	14.2	0.7896	3.9	0
4005	2012	114	16848	4.4	15.3	0.7167	3.5	0
4005	2012	115	14256	7.4	18.1	0.9273	3.3	7.6
4005	2012	116	14083.2	7.8	16.3	0.8856	4.3	0
4005	2012	117	7689.6	11.1	20.1	0.8142	4.4	0
4005	2012	118	17193.6	12.1	23.6	1.0003	2.7	0
4005	2012	119	23760	12.4	30.3	1.1413	2.5	0
4005	2012	120	15206.4	14.8	27.5	1.2777	2.5	0
4005	2012	121	21600	10.4	24	1.1757	3.7	0
4005	2012	122	23760	9.1	28.2	1.3951	2.9	5.4
4005	2012	123	24969.6	14.9	25.9	1.4355	3.4	0.7
4005	2012	124	11059.2	13.1	20.5	1.4711	2.4	2.4
4005	2012	125	18403.2	13.4	19.7	1.1847	3.6	0
4005	2012	126	7344	5.6	14	0.9806	2.6	6.9
4005	2012	127	6912	4.9	10.2	0.7902	1.9	0.1
4005	2012	128	7862.4	7.6	12.9	0.8359	1.6	0
4005	2012	129	16588.8	9.1	19.7	1.0323	3	0
4005	2012	130	15120	12	22.1	1.281	3.8	0.2
4005	2012	131	17884.8	13.6	25.5	1.4074	3.6	1
4005	2012	132	16416	12.6	28.8	1.7303	4.1	11.5
4005	2012	133	19526.4	5.7	13.6	0.7071	5.5	0
4005	2012	134	7689.6	4	11.6	0.7403	2.8	0
4005	2012	135	26870.4	3.4	17	0.6591	3.2	0
4005	2012	136	18230.4	7.6	17.5	0.8426	4.1	0.6
4005	2012	137	14515.2	5.8	13.4	0.8601	4.7	0.7
4005	2012	138	20995.2	3.1	13.3	0.6738	4.3	0
4005	2012	139	22204.8	4.6	17.8	0.6512	4.2	0
4005	2012	140	18748.8	10.4	24.7	0.9215	2.8	0
4005	2012	141	27993.6	12.7	27.3	1.0037	3.3	0
4005	2012	142	20217.6	16.6	28.6	1.3136	4	0
4005	2012	143	26956.8	17.7	30.8	1.4811	3.1	0
4005	2012	144	27475.2	16.8	30.5	1.6328	3.3	0
4005	2012	145	28598.4	12.7	24.5	0.9414	4.4	0
4005	2012	146	28598.4	10	23.3	0.8137	3.3	0
4005	2012	147	26352	10.5	22.7	0.8489	2.8	0
4005	2012	148	26438.4	13.6	24.1	1.0215	2.4	0
4005	2012	149	25833.6	13.6	24.9	1.0695	2.2	0
4005	2012	150	25142.4	11.7	21.5	1.0753	4.4	0
4005	2012	151	13046.4	10.1	16.4	0.9885	3.2	0
4005	2012	152	12268.8	11.4	18.7	1.2473	2.7	13.3
4005	2012	153	12355.2	8	15.1	0.9521	5.6	0
4005	2012	154	22204.8	6.1	15.6	0.7921	5.4	0
4005	2012	155	12268.8	7.5	13.5	0.9642	2.1	5.3
4005	2012	156	12614.4	8.7	15.6	1.0471	2.7	5.7
4005	2012	157	14515.2	6.7	14.9	0.9577	3.5	0
4005	2012	158	14428.8	5.5	16.4	0.9281	2.8	0.6
4005	2012	159	16156.8	11.9	21.1	1.3684	2.8	0.7
4005	2012	160	21772.8	14	25.2	1.4573	4.5	0
4005	2012	161	24451.2	10.9	23	1.0029	4.5	0
4005	2012	162	24710.4	9.5	21.3	0.9436	2.4	0
4005	2012	163	19008	9.3	22.3	0.9143	1.6	0.4
4005	2012	164	18576	14.5	22.1	1.4489	2.1	0.1
4005	2012	165	15292.8	12.7	20.7	1.4238	3.2	0
4005	2012	166	12009.6	10.8	17.6	1.0352	2.3	0
4005	2012	167	20649.6	9.9	22.3	1.133	3.4	1.4
4005	2012	168	8380.8	15.3	21.5	1.7327	2.7	3.6
4005	2012	169	23068.8	13.6	23.8	1.3134	3.8	0
4005	2012	170	27388.8	13.2	32.4	1.6067	4.8	0.3
4005	2012	171	23587.2	11.6	24.1	1.2248	2.2	6.5
4005	2012	172	6912	13.7	17.9	1.6314	3.3	7.1
4005	2012	173	6912	13.2	16.2	1.5369	2.5	0
4005	2012	174	21427.2	13.6	24.5	1.3864	3.8	0
4005	2012	175	21686.4	12.2	24.1	1.2065	3.9	0
4005	2012	176	14688	12.1	24.5	1.4909	4.2	8.2
4005	2012	177	16070.4	11.8	18	1.3369	7.7	3.8
4005	2012	178	9331.2	11.5	16.9	1.1646	6.2	0
4005	2012	179	15897.6	8.7	19	1.3599	2.9	4.1
4005	2012	180	17625.6	14.5	23.9	1.7103	1.9	0
4005	2012	181	21859.2	17.2	31.3	1.9345	3.6	6.1
4005	2012	182	21427.2	18.9	27.9	2.0967	2.1	8.4
4005	2012	183	17020.8	15.8	24.4	1.785	3.3	0.5
4005	2012	184	20908.8	13.4	22.8	1.3894	2.3	1
4005	2012	185	11491.2	15.1	21.6	1.7273	1.7	0
4005	2012	186	23760	14.9	25.3	1.785	2.2	0
4005	2012	187	16156.8	16.3	26.8	2.131	2.8	12
4005	2012	188	18921.6	18.6	28.5	2.2317	2.3	0.3
4005	2012	189	12787.2	16.3	24.2	2.0386	1.8	6.2
4005	2012	190	24278.4	15.5	26.2	1.894	2.7	0.2
4005	2012	191	20304	16.2	24.2	1.5361	5	0.3
4005	2012	192	21513.6	15.1	24.6	1.5263	3.6	0
4005	2012	193	14688	14.8	21.7	1.5909	3.3	2.6
4005	2012	194	18662.4	11.1	19	1.2815	5.1	1
4005	2012	195	9504	10.5	17.3	1.3484	3.2	12.2
4005	2012	196	12873.6	13.2	20	1.6223	4.5	10.8
4005	2012	197	14515.2	12.1	19.5	1.3625	3.4	1.9
4005	2012	198	17366.4	12.2	21.1	1.4572	4.3	5.8
4005	2012	199	17193.6	13.2	21	1.5966	4.1	1.1
4005	2012	200	9417.6	13.8	20.7	1.8084	3.1	12.2
4005	2012	201	14515.2	13.4	19.9	1.5896	4.8	5.7
4005	2012	202	16761.6	11.7	19.8	1.1973	5.6	0
4005	2012	203	17452.8	10.2	19	1.1287	3.2	0
4005	2012	204	21859.2	11.4	20.9	1.2282	2.6	0
4005	2012	205	26352	10.1	24.5	1.1634	1.5	0
4005	2012	206	26870.4	14.6	28	1.3148	3	0
4005	2012	207	26784	17.4	32.4	1.6967	1.7	0
4005	2012	208	24451.2	19.4	30.8	2.0032	2.1	0
4005	2012	209	26265.6	16.7	31.3	1.5484	1.9	1.4
4005	2012	210	16675.2	19.8	29.7	2.2734	3.3	1.4
4005	2012	211	11232	15.2	20.4	1.7908	2.6	26.8
4005	2012	212	20390.4	12.2	21.9	1.281	3.6	0
4005	2012	213	15120	11.1	22	1.1659	2	0
4005	2012	214	25920	14.9	26.1	1.3481	2.1	0
4005	2012	215	20995.2	17.8	29.8	1.9712	3.4	11.7
4005	2012	216	14515.2	17.1	23	1.9199	1.5	2.8
4005	2012	217	22291.2	17	25.7	1.8007	2	0
4005	2012	218	13132.8	16.6	23.5	2.0136	1.6	3
4005	2012	219	13478.4	16.8	23.8	1.8309	4.1	0
4005	2012	220	17539.2	14.8	21.8	1.4279	5.7	0
4005	2012	221	13737.6	13	21.8	1.4883	4.4	0.1
4005	2012	222	13392	11.7	20	1.3668	3	0
4005	2012	223	10368	11.3	18.4	1.3326	2.8	1.4
4005	2012	224	18748.8	12.2	21.1	1.3625	2.1	0
4005	2012	225	21945.6	11.3	21.2	1.1623	2.7	0
4005	2012	226	22723.2	11.6	22	1.1845	2.6	0
4005	2012	227	22723.2	11.6	23.1	1.3056	2.1	0
4005	2012	228	23500.8	10.5	23.5	1.2964	2	0
4005	2012	229	15206.4	14.1	23	1.7917	1.8	1.8
4005	2012	230	20908.8	14.2	24.1	1.7272	1.8	0
4005	2012	231	22291.2	15.6	27.6	1.5452	1.9	0
4005	2012	232	22809.6	16.7	35.4	1.6146	2.1	0
4005	2012	233	17280	20.4	34.1	2.1657	1.9	0.2
4005	2012	234	14428.8	17.9	26.1	1.9263	2.2	39.1
4005	2012	235	17971.2	16.2	24.6	1.7465	3.9	0
4005	2012	236	21772.8	13.5	23.2	1.3481	3	0.1
4005	2012	237	5702.4	13	18	1.53	1.7	1.5
4005	2012	238	13996.8	15.6	24.8	1.8669	2.8	0.7
4005	2012	239	14515.2	15	23.2	1.6556	5.1	0.7
4005	2012	240	19180.8	11.8	20.8	1.24	3.7	0
4005	2012	241	14428.8	11.7	23.9	1.2617	2.3	0.2
4005	2012	242	19785.6	11.7	26.6	1.4614	1.7	0
4005	2012	243	8121.6	17.5	23.4	1.8239	2.4	1.7
4005	2012	244	4752	13.4	19.4	1.6391	2.2	0.1
4005	2012	245	18230.4	10.6	19.7	1.3241	2.4	0
4005	2012	246	14515.2	8.8	20.6	1.2195	0.9	0
4005	2012	247	16243.2	12.1	22.8	1.4532	1.6	0
4005	2012	248	17539.2	10.3	23.5	1.4804	1.5	0
4005	2012	249	9676.8	13.3	20.1	1.4808	2	0.1
4005	2012	250	16502.4	11.3	19.1	1.1041	3.8	0
4005	2012	251	4147.2	12	19	1.3014	4.8	1.7
4005	2012	252	8467.2	13.2	20.4	1.7195	2.6	3.3
4005	2012	253	15811.2	10.5	23.9	1.5676	2.4	0
4005	2012	254	16329.6	15.5	28.6	1.6146	1.9	0
4005	2012	255	14860.8	15.1	28.8	1.6311	3.4	0.3
4005	2012	256	9331.2	10.1	17.2	1.2018	3	0
4005	2012	257	14515.2	6.2	17.9	1.0403	1.9	0
4005	2012	258	12787.2	8.5	20.4	1.1507	4.7	2
4005	2012	259	7516.8	11.5	17.6	1.307	4.7	0
4005	2012	260	14083.2	11.1	21.9	1.2184	2.9	0
4005	2012	261	13737.6	12.2	22.7	1.4134	2.4	0
4005	2012	262	14688	10.7	23.9	1.4592	2.5	4.3
4005	2012	263	13910.4	7.3	16.4	1.0128	3.5	0
4005	2012	264	12614.4	5	16.1	0.891	3	0
4005	2012	265	11232	6.7	17.7	0.866	3.1	0.1
4005	2012	266	10195.2	6	16.3	0.9405	4.9	0
4005	2012	267	12528	4.4	16.3	0.8792	2.4	0.1
4005	2012	268	3283.2	10.2	16.4	1.068	4.1	2.9
4005	2012	269	9849.6	10.5	22.5	1.3121	3.7	4.1
4005	2012	270	8294.4	12.9	23.5	1.5442	2.7	3.4
4005	2012	271	7689.6	12.2	16.8	1.3193	3.9	7.9
4005	2012	272	10454.4	9.9	17.7	1.119	4.8	0
4005	2012	273	6825.6	6.8	18.7	1.1186	3.3	0.1
4005	2012	274	12528	7	16.8	1.0161	3.5	0
4005	2012	275	9676.8	6.5	18.8	1.0674	1.2	0
4005	2012	276	12268.8	6.7	19.7	1.0762	1.7	0
4005	2012	277	9590.4	10.7	21.2	1.2127	3.6	0
4005	2012	278	2851.2	8.1	16.6	1.1614	5.6	6.6
4005	2012	279	4924.8	7.6	17	1.2147	5.6	4.1
4005	2012	280	2764.8	6.3	17.5	1.2667	3.8	7.5
4005	2012	281	6480	5.8	13.2	1.056	3.9	0.8
4005	2012	282	8035.2	5.3	13.2	0.9334	4.4	0
4005	2012	283	9936	2.9	12.8	0.8384	4	0
4005	2012	284	3801.6	3.3	9.6	0.8775	3.3	1.4
4005	2012	285	6825.6	3.4	11.8	0.9599	1.8	0
4005	2012	286	8208	3.2	13	0.9067	3.2	3.4
4005	2012	287	9849.6	7.1	14.2	0.9738	4.1	0.8
4005	2012	288	8121.6	6.9	13.4	0.9295	3.7	1.4
4005	2012	289	2851.2	5.3	13.3	0.9951	4.1	0
4005	2012	290	9676.8	3.8	14.1	0.8804	3.1	0.1
4005	2012	291	8553.6	5.2	14.7	0.9172	3.2	0
4005	2012	292	8380.8	10.1	19.3	1.2028	3	0
4005	2012	293	9504	9.3	22.2	1.3581	2.4	0
4005	2012	294	8899.2	8.7	23.1	1.4614	0.8	0
4005	2012	295	8812.8	8.6	20.9	1.4581	1.6	0
4005	2012	296	2073.6	12.2	14	1.3854	2.6	0
4005	2012	297	1987.2	11.2	13.4	1.2576	1.7	0
4005	2012	298	3369.6	10.3	14.8	1.2348	1.3	0.5
4005	2012	299	2764.8	6	11.8	1.0028	4.2	0.4
4005	2012	300	8035.2	0.6	7	0.4811	2.2	0
4005	2012	301	1900.8	0.7	5.3	0.5153	2.7	0
4005	2012	302	7084.8	-3.5	7.1	0.5496	1.5	0
4005	2012	303	7948.8	-4.5	7.5	0.4902	3.1	1.2
4005	2012	304	1814.4	1.6	5.7	0.7458	3	2.9
4005	2012	305	6393.6	1.8	9.9	0.7956	3.2	0
4005	2012	306	1728	3.4	7.7	0.7883	4.3	3.2
4005	2012	307	5443.2	6	10.7	0.8125	4.8	2.2
4005	2012	308	3110.4	4.8	9.5	0.86	4.2	0.4
4005	2012	309	3715.2	4.5	10.8	0.8689	3.5	5.6
4005	2012	310	2764.8	6.1	10.8	0.9285	4.9	1.2
4005	2012	311	4147.2	4.5	8.1	0.7635	5.8	0.8
4005	2012	312	1555.2	5.7	10.9	0.952	6.7	0.1
4005	2012	313	1468.8	8.3	10.5	0.9075	6.4	0.1
4005	2012	314	1987.2	7.5	11.1	0.9717	3.8	0
4005	2012	315	3024	5.7	11	0.8893	3.9	2.4
4005	2012	316	2419.2	6.2	12.4	0.9717	2.4	0
4005	2012	317	1382.4	2.3	8.3	0.7747	3	0
4005	2012	318	5961.6	1.1	10.1	0.7365	1.8	0
4005	2012	319	5788.8	0.7	8.4	0.6845	1.6	0
4005	2012	320	1296	-2.6	0.9	0.5513	1.4	0
4005	2012	321	1296	-1.1	1.9	0.585	1.8	0
4005	2012	322	1296	-0.1	3	0.6242	2.6	0
4005	2012	323	1296	-0.6	6.3	0.7047	1.8	0.6
4005	2012	324	1209.6	4.1	7.5	0.8758	2.3	0
4005	2012	325	3110.4	4.1	7.5	0.8666	2.3	0
4005	2012	326	1209.6	4.3	6.7	0.8488	3.7	0
4005	2012	327	3369.6	2.2	10.4	0.8016	2.9	0
4005	2012	328	3542.4	0.6	7	0.7296	2.7	3.8
4005	2012	329	1123.2	5.7	7.4	0.9224	1.8	0.5
4005	2012	330	1123.2	6.5	11.8	0.9271	4.4	0
4005	2012	331	4060.8	4.1	9.8	0.7684	3.2	1
4005	2012	332	1123.2	5.2	9.5	0.9539	1.7	1.5
4005	2012	333	1123.2	5.6	6.9	0.894	1.5	3.8
4005	2012	334	1036.8	2.4	5.6	0.7725	4	13.6
4005	2012	335	1728	-2.6	3.4	0.5787	3.2	0.6
4005	2012	336	1036.8	-2.7	1.9	0.5341	2.4	0.4
4005	2012	337	1641.6	-0.5	1.2	0.5515	2.3	0.9
4005	2012	338	3283.2	-1.3	1.1	0.5095	3.2	0.8
4005	2012	339	1036.8	0	4.4	0.6299	5.1	1.2
4005	2012	340	3715.2	-4.8	1.2	0.4445	4.3	0.3
4005	2012	341	1382.4	-7.6	-1	0.3956	3.1	0.7
4005	2012	342	4060.8	-7.8	-0.9	0.3853	2	0
4005	2012	343	2246.4	-9.6	-3.5	0.3371	1.9	0
4005	2012	344	1036.8	-5.8	1.5	0.4906	4.1	6.6
4005	2012	345	950.4	-3.9	1.3	0.5223	3.1	1.6
4005	2012	346	950.4	-3.9	-1	0.4543	3.8	0.4
4005	2012	347	2073.6	-7.6	-2	0.3767	2.2	0
4005	2012	348	950.4	-3.7	-1.3	0.4577	2.9	0
4005	2012	349	1209.6	-4.1	0.3	0.4519	4.4	4.8
4005	2012	350	950.4	0.3	4.5	0.6753	2.9	0.8
4005	2012	351	950.4	2.9	5.2	0.767	1.8	0.9
4005	2012	352	1296	1.8	5.7	0.751	1.5	0.1
4005	2012	353	1468.8	1.9	4.7	0.7353	1.5	2.1
4005	2012	354	950.4	1.6	2.4	0.6845	1.7	0.4
4005	2012	355	950.4	-0.3	2.1	0.613	4	0
4005	2012	356	950.4	-4.1	-0.3	0.442	4.3	0
4005	2012	357	950.4	-3.8	-2.6	0.4248	4.4	1.3
4005	2012	358	950.4	-2.7	3.1	0.5889	4.2	6.6
4005	2012	359	1728	3.2	9.1	0.8973	3	0.3
4005	2012	360	950.4	7	12.6	0.9443	5.5	1.4
4005	2012	361	1641.6	3.9	8.6	0.7513	5.5	1.7
4005	2012	362	1987.2	2.9	9.1	0.7572	5.9	1.2
4005	2012	363	3801.6	-4.9	3.1	0.4406	3.2	0.4
4005	2012	364	1036.8	1.9	8.6	0.7277	4	0
4005	2012	365	2764.8	4.7	10.9	0.7932	5.2	1.9
4005	2012	366	1036.8	5.1	9.5	0.7666	6	0
