*---------------------------------------------------------------------------*
* Station name: STOTTEN                                 
* Year: 2017
* Author: Pedro Alencar                                   -999.000: NIL VALUE
* Source: ECAD 
* Comments: 
* Longitude: 48.6667, latitude: 48.6667, altitude: 734 m.
*
* Column  Daily value
* 1       station number
* 2       year
* 3       day
* 4       irradiation                   (kJ m-2 d-1)
* 5       minimum temperature           (degrees Celsius)
* 6       maximum temperature           (degrees Celsius)
* 7       early morning vapour pressure (kPa)
* 8       mean wind speed (height: 2 m) (m s-1)
* 9       precipitation                 (mm d-1)
*
** WCCDESCRIPTION=GERMANY, STOTTEN                                 
** WCCFORMAT=2
** WCCYEARNR=2017
*---------------------------------------------------------------------------*
   48.6667  9.8656    734.  -0.18 -0.55
4006	2017	1	5788.8	-7.2	5.9	0.3263	2.4	0
4006	2017	2	1468.8	-7.2	-2.7	0.4232	5.4	4.3
4006	2017	3	1987.2	-4.5	-2.6	0.4655	5.3	0
4006	2017	4	1468.8	-3	-1.3	0.5115	10.5	6.5
4006	2017	5	2592	-10.7	-2.2	0.3435	5.8	0.1
4006	2017	6	6048	-13.2	-9.3	0.2176	2.9	0
4006	2017	7	2592	-13.2	-5.9	0.2046	3.6	1.6
4006	2017	8	1555.2	-6.6	-3.1	0.4221	5.8	1
4006	2017	9	1555.2	-5.1	-2.7	0.4489	2.3	0
4006	2017	10	1555.2	-5.9	-3.2	0.4057	3	0.7
4006	2017	11	2419.2	-3.7	1.6	0.549	6.8	5.1
4006	2017	12	1641.6	-0.2	2.5	0.6507	6.9	5.3
4006	2017	13	3110.4	-4.9	3.9	0.4831	12.3	2.3
4006	2017	14	1987.2	-4.4	-1.9	0.4603	8.2	2.8
4006	2017	15	2246.4	-5.5	-3.4	0.4307	6.2	5.9
4006	2017	16	2073.6	-7.6	-5.1	0.3575	3.5	0.1
4006	2017	17	5529.6	-10.6	-6.3	0.2845	5.8	0
4006	2017	18	3542.4	-9	-6	0.2819	8.3	0
4006	2017	19	6912	-10.6	-4.8	0.2776	8.4	0
4006	2017	20	7084.8	-10.2	-4.9	0.2635	6.8	0
4006	2017	21	7171.2	-10.4	-4.7	0.2947	4.9	0
4006	2017	22	7257.6	-9.4	-3.5	0.3246	3.2	0
4006	2017	23	6307.2	-10.7	-7.1	0.2903	3.5	0
4006	2017	24	1900.8	-10.9	-7.9	0.2881	2.1	0
4006	2017	25	1900.8	-12.4	-7	0.2755	6.3	0
4006	2017	26	4752	-7.2	-5.1	0.3669	5.9	0
4006	2017	27	7776	-8.8	1.2	0.3508	5	0
4006	2017	28	7948.8	-7.6	5.9	0.3561	3.4	0
4006	2017	29	7257.6	-0.3	5.9	0.508	3.1	0
4006	2017	30	2073.6	0.5	3.7	0.6397	4.7	10.2
4006	2017	31	2073.6	-0.9	4.1	0.6858	3.6	9.2
4006	2017	32	2160	-1.4	1	0.6022	3.1	0
4006	2017	33	5097.6	-0.7	9.3	0.7806	3.7	0
4006	2017	34	3369.6	1.7	9.1	0.7891	3.5	0.3
4006	2017	35	3110.4	-0.8	5.5	0.6367	5.7	0.1
4006	2017	36	5443.2	0	4.3	0.5421	4.3	0
4006	2017	37	2246.4	-0.8	1.5	0.5954	2.5	0
4006	2017	38	4752	0	3.7	0.6074	2	0
4006	2017	39	2332.8	-3.8	0.9	0.5001	4.7	0
4006	2017	40	2419.2	-5.2	-2.5	0.4	5.3	0
4006	2017	41	3542.4	-4.6	-1	0.4675	2.6	0.5
4006	2017	42	7689.6	-4.8	2.7	0.532	4.4	0
4006	2017	43	2505.6	-3.8	-1.3	0.5066	7.2	0
4006	2017	44	5875.2	-3.3	-0.6	0.5244	8.3	0
4006	2017	45	10281.6	-4.2	5.2	0.5259	5.2	0
4006	2017	46	10540.8	-0.3	9.4	0.5409	2.7	0
4006	2017	47	10627.2	4.7	12.2	0.6632	2.1	7
4006	2017	48	3542.4	1.8	5	0.7561	4.8	9.4
4006	2017	49	3283.2	0.5	4.9	0.7047	2.3	0
4006	2017	50	8985.6	-0.6	5	0.6299	3.7	0.3
4006	2017	51	5097.6	2.5	5.9	0.7257	6.5	3.8
4006	2017	52	2851.2	4.5	7	0.9095	9	24.2
4006	2017	53	2937.6	5.5	7.6	0.8641	10.5	0
4006	2017	54	10454.4	2.9	15.2	0.7598	11.1	2.4
4006	2017	55	6825.6	-1.5	4.4	0.5767	7.5	0.7
4006	2017	56	12009.6	-2	5.9	0.5133	2.1	0
4006	2017	57	7948.8	1.9	9.4	0.5292	3.3	0
4006	2017	58	12182.4	3.3	13.1	0.6086	4.4	6.5
4006	2017	59	4752	-0.8	6	0.6555	7.1	2.1
4006	2017	60	5270.4	-0.1	4.6	0.5963	9	4.9
4006	2017	61	11836.8	1.2	7.3	0.6207	9.2	0
4006	2017	62	7689.6	0.4	9.5	0.5388	3.9	0
4006	2017	63	10195.2	3.8	13.5	0.7059	4.6	0.4
4006	2017	64	9072	1.9	9.1	0.6682	7.5	1.4
4006	2017	65	7862.4	-0.1	7.1	0.6202	6.8	3.7
4006	2017	66	5702.4	-0.8	3.9	0.6765	6	5.1
4006	2017	67	3628.8	0.4	7.2	0.7376	4.7	21.6
4006	2017	68	3715.2	5.8	8.1	0.9979	7.6	20.6
4006	2017	69	12355.2	1.3	6.6	0.6563	5	0
4006	2017	70	13219.2	-0.4	9.3	0.5623	4	0
4006	2017	71	16070.4	0.3	8.9	0.5852	5.4	0
4006	2017	72	14860.8	-2.7	9.6	0.5006	3.7	0
4006	2017	73	15638.4	2.5	11.2	0.6442	3.9	0
4006	2017	74	10108.8	3.6	10.7	0.8094	3	0
4006	2017	75	16761.6	4.2	15.1	0.7791	2.2	0
4006	2017	76	13651.2	4.8	17.1	0.8366	7.1	1.2
4006	2017	77	4147.2	3.9	7	0.8458	11.7	18.6
4006	2017	78	4233.6	6.4	10.5	1.017	9.6	0.4
4006	2017	79	11923.2	5.5	11.4	0.9396	6.4	0
4006	2017	80	7603.2	1.4	10.6	0.8039	5.6	3.5
4006	2017	81	4406.4	0.6	4.5	0.7339	3	0.3
4006	2017	82	11491.2	3.9	11.2	0.9878	4.6	0
4006	2017	83	4492.8	3.7	6.8	0.843	6.3	0
4006	2017	84	17366.4	2.8	12.5	0.7328	8.2	0
4006	2017	85	18489.6	1.5	11.1	0.6012	5	0
4006	2017	86	19699.2	0.6	13.6	0.4739	5.4	0
4006	2017	87	19440	6.8	17.3	0.6888	3.1	0
4006	2017	88	19612.8	6.8	16	0.9023	4.7	0
4006	2017	89	19008	6.9	17	0.9217	2.6	0
4006	2017	90	19699.2	8.3	21.3	0.8911	2.6	0
4006	2017	91	18403.2	7	17.4	0.8376	4.1	0
4006	2017	92	13219.2	5.6	14.5	1.0464	4.4	0
4006	2017	93	13910.4	5.8	15.2	1.0403	2.8	0.4
4006	2017	94	13564.8	4.2	11.9	0.8821	2.6	3
4006	2017	95	14428.8	3.3	11.2	0.7844	3.1	0
4006	2017	96	11232	1.8	6.9	0.6084	3.7	0
4006	2017	97	19008	0.5	11.3	0.7148	4.8	0
4006	2017	98	21945.6	3.6	15.8	0.8538	2.2	0
4006	2017	99	22464	8.7	19.2	0.8276	2.1	0
4006	2017	100	20563.2	6.3	20.7	0.8038	5.4	0
4006	2017	101	17539.2	3.2	10.4	0.6519	3.1	0
4006	2017	102	17280	4.1	15.8	0.697	4	0
4006	2017	103	9331.2	5.6	11	0.7878	6.6	0
4006	2017	104	6998.4	5.5	10.2	0.7323	3.6	0
4006	2017	105	10281.6	5.4	11.5	0.8622	6.1	2.5
4006	2017	106	5702.4	1.9	7	0.7469	5.4	3.4
4006	2017	107	5702.4	-0.1	6.3	0.725	6.4	13.2
4006	2017	108	9676.8	-1.8	2	0.597	5.6	4.2
4006	2017	109	13046.4	-3.8	3.7	0.5175	4.8	0.9
4006	2017	110	19612.8	-5.3	5.4	0.417	2.8	0
4006	2017	111	21168	-0.5	10.7	0.4654	3.5	0
4006	2017	112	6652.8	1.7	8.9	0.7302	5	3.2
4006	2017	113	17280	0.4	7.1	0.6072	3.8	0
4006	2017	114	24624	0.3	14.7	0.5596	2.5	0
4006	2017	115	10800	-0.1	12.2	0.7129	5.1	19.6
4006	2017	116	6134.4	-0.3	3.9	0.6679	2.2	8.2
4006	2017	117	6134.4	-0.4	2.7	0.6573	1.9	5.5
4006	2017	118	11923.2	0.1	6.7	0.7093	3.7	3.5
4006	2017	119	18835.2	0.8	10.7	0.6615	2.8	0
4006	2017	120	26265.6	1.2	13.2	0.67	5.4	0
4006	2017	121	6307.2	3.1	7.3	0.8224	5.9	31.5
4006	2017	122	14947.2	3.2	11.6	0.9057	5.2	5.6
4006	2017	123	15552	4.9	11.5	0.9781	2.4	1.7
4006	2017	124	16502.4	5.2	11	0.9931	2.5	1.2
4006	2017	125	15033.6	5.7	11.7	0.9781	2.8	0
4006	2017	126	24278.4	5.4	18	1.1677	5.9	5.5
4006	2017	127	6566.4	7.8	10.2	1.1473	4.8	23.1
4006	2017	128	6566.4	3.4	8.9	0.9445	5.5	16.8
4006	2017	129	11664	2.2	9	0.7819	2.7	0
4006	2017	130	27388.8	1.9	16	0.7661	2.7	0
4006	2017	131	18835.2	7.7	20.1	1.1263	3.3	1.9
4006	2017	132	17366.4	9.5	17.8	1.3111	3.5	7
4006	2017	133	19699.2	9	18	1.3138	3.3	10.1
4006	2017	134	19785.6	9.6	17.3	1.3096	3.1	0
4006	2017	135	20736	9	17.3	1.1633	3	0
4006	2017	136	28252.8	11.1	20	1.0056	1.9	0
4006	2017	137	28684.8	11.9	22.6	1.1794	4.3	0
4006	2017	138	22982.4	12.9	22	1.4134	4	0
4006	2017	139	10108.8	3.9	16.6	1.1977	5.9	7.3
4006	2017	140	25401.6	3.5	14	0.8799	3.1	0
4006	2017	141	24364.8	6.8	17.1	0.9497	2.9	0
4006	2017	142	24883.2	9.2	19.3	1.1521	3.4	0
4006	2017	143	24537.6	12.9	21.7	1.3014	3.9	0
4006	2017	144	18403.2	9.5	16.5	1.152	4.9	1
4006	2017	145	25056	10.3	18.7	1.2369	2.5	0
4006	2017	146	29721.6	10.1	21.7	1.1547	3.2	0
4006	2017	147	29808	12.6	24.3	1.2294	3.6	0
4006	2017	148	29289.6	16.1	27.7	1.4163	2.6	0
4006	2017	149	24710.4	19.5	28.6	1.4336	2	0
4006	2017	150	22291.2	15.6	25.7	1.6521	4.1	0
4006	2017	151	25488	14	22.1	1.6331	3.7	0
4006	2017	152	26611.2	13.5	23.4	1.3142	2.1	0
4006	2017	153	19440	14.6	24.3	1.4438	2.4	0
4006	2017	154	22291.2	14.3	23.4	1.6517	2.5	19.8
4006	2017	155	17107.2	10.4	16.7	1.4577	4.6	4.3
4006	2017	156	9072	9.6	14.2	1.3363	2.2	2.1
4006	2017	157	15552	6.7	17.2	1.215	5.4	2.2
4006	2017	158	20304	5.7	13	0.9749	6.8	4.7
4006	2017	159	29203.2	6.8	19.7	0.882	2.6	0
4006	2017	160	20736	10.6	22.7	1.3436	4	1.4
4006	2017	161	27475.2	11.1	20.4	1.3045	2.5	0
4006	2017	162	28080	13.7	25.7	1.3518	2.9	0
4006	2017	163	21600	11.4	21.6	1.3121	5.2	0
4006	2017	164	29721.6	10.1	21.4	1.1794	2.9	0
4006	2017	165	27993.6	10.5	23.5	1.2577	2.9	0
4006	2017	166	26092.8	16.1	26.6	1.5978	3.1	0
4006	2017	167	22896	12.9	20.1	1.2934	6.8	0
4006	2017	168	21513.6	10.9	18.8	1.2145	4.4	0
4006	2017	169	28512	12.3	21.5	1.3074	3.2	0
4006	2017	170	30240	13.6	26.4	1.2838	3.5	0
4006	2017	171	28944	19.1	29.3	1.6575	2.9	0
4006	2017	172	28512	20.2	29.3	1.7439	2.5	0
4006	2017	173	24451.2	19.8	30.8	1.7054	3.1	0.1
4006	2017	174	27216	16.8	26.2	1.5358	6.3	0
4006	2017	175	27907.2	14	25.3	1.4619	5	0
4006	2017	176	14774.4	14.2	23.7	1.4215	4.1	0
4006	2017	177	28857.6	14	27.3	1.4335	3.5	3.5
4006	2017	178	17452.8	14.6	24.6	1.9811	3	14.1
4006	2017	179	18748.8	13.3	22.8	1.6951	3.8	31.5
4006	2017	180	17452.8	10.7	19.5	1.457	6.9	2.9
4006	2017	181	21945.6	10.5	20.5	1.2135	4.7	2.3
4006	2017	182	14169.6	11.2	18.2	1.3197	6.5	6.1
4006	2017	183	7516.8	11.1	16	1.5042	5	3.9
4006	2017	184	21081.6	11.6	20.4	1.4526	3.7	0
4006	2017	185	26352	12.7	22.8	1.42	3.2	0
4006	2017	186	29462.4	15.9	26.1	1.5143	3	0
4006	2017	187	27561.6	18.6	28.7	1.5454	2.2	0
4006	2017	188	18144	16.3	27	1.9632	3.4	14.5
4006	2017	189	23414.4	17.9	26.2	1.8528	3.2	1.5
4006	2017	190	16416	15.9	26	2.0046	3	8.6
4006	2017	191	16848	14.4	23.5	1.8807	4.7	5.6
4006	2017	192	19612.8	13.2	20.1	1.5707	4.9	0
4006	2017	193	11577.6	11.5	20.4	1.5566	6.4	4.4
4006	2017	194	29116.8	8.5	19.5	1.1017	2.4	0.1
4006	2017	195	16588.8	11.2	18.8	1.3455	3.3	11.7
4006	2017	196	16070.4	9.6	16.1	1.1704	3.5	0
4006	2017	197	21686.4	11.5	20.8	1.1549	1.9	0
4006	2017	198	28080	14.4	24.8	1.4573	2.1	0
4006	2017	199	26870.4	15.6	26.5	1.494	3.1	0
4006	2017	200	26524.8	15.8	29.3	1.4461	3.2	10.4
4006	2017	201	14947.2	13.6	20.9	1.5922	3.3	8.4
4006	2017	202	25401.6	14.3	25.4	1.642	3.3	10.1
4006	2017	203	18921.6	14	22.8	1.6904	2.9	23
4006	2017	204	13737.6	13	17.8	1.3455	5.1	1.4
4006	2017	205	11836.8	9.5	16.2	1.2148	4.9	7.1
4006	2017	206	6307.2	9.3	11.6	1.2265	7.8	62.4
4006	2017	207	7084.8	10.4	14	1.3771	7.7	28.2
4006	2017	208	9417.6	10.8	18.9	1.4844	4.6	8
4006	2017	209	20822.4	12.2	20.2	1.3793	4.4	0
4006	2017	210	26956.8	12.4	25.3	1.4344	2.7	0
4006	2017	211	23932.8	16.1	26.9	1.8429	3.4	14.2
4006	2017	212	20995.2	15.5	25.3	1.7465	3.3	0
4006	2017	213	22118.4	16.6	29.7	2.0654	3.9	13.5
4006	2017	214	23500.8	16.6	25.9	1.9914	3	0
4006	2017	215	13392	18.4	25.9	2.0239	3.2	0.4
4006	2017	216	15292.8	16.2	24.1	1.602	4.1	0
4006	2017	217	19180.8	13.3	24.9	1.5452	4.2	0
4006	2017	218	18403.2	12.4	19.3	1.2409	2.5	0.1
4006	2017	219	26265.6	11.6	21.3	1.2893	3.8	0
4006	2017	220	13910.4	12.7	21.8	1.6119	3.9	1.8
4006	2017	221	13564.8	12.8	20.1	1.4201	2.7	5.1
4006	2017	222	5875.2	9.1	12.9	1.2853	5.4	11.9
4006	2017	223	5788.8	9	12.8	1.2768	4.8	13.9
4006	2017	224	9676.8	9.7	16.7	1.3339	5.3	2.5
4006	2017	225	18576	11.7	20.5	1.4436	3.7	0
4006	2017	226	24624	13.4	23.9	1.5239	3.6	0
4006	2017	227	20736	15	26.9	1.8066	3	38.7
4006	2017	228	17020.8	14.2	22.5	1.7273	2.9	0
4006	2017	229	20822.4	16	24.8	1.8422	2.6	0
4006	2017	230	19180.8	13	26.9	1.815	3.9	14
4006	2017	231	15724.8	10.3	17.3	1.2609	3.3	0.2
4006	2017	232	19699.2	9	16.6	1.0632	4.2	0
4006	2017	233	21340.8	9.7	17.9	0.9772	2	0
4006	2017	234	22291.2	11.7	20.4	1.0747	2.2	0
4006	2017	235	22032	11.9	24.2	1.2817	2.6	0
4006	2017	236	19094.4	15.3	23.8	1.589	3.4	0
4006	2017	237	19353.6	15.1	26.7	1.6284	2.2	0
4006	2017	238	21859.2	18.8	27.2	1.7103	3.2	0.1
4006	2017	239	14169.6	17.2	23.3	1.849	2	5.5
4006	2017	240	21081.6	15.7	24.4	1.7092	2.5	0
4006	2017	241	22550.4	15.4	25.4	1.5073	2.7	0
4006	2017	242	19612.8	15.3	29	1.7043	3.1	5.8
4006	2017	243	5011.2	11.2	18.6	1.5907	4.8	19.8
4006	2017	244	5097.6	9.4	12.4	1.2507	2.7	11
4006	2017	245	9158.4	7.5	13.3	1.0712	2.2	0
4006	2017	246	14601.6	7.6	14.4	1.1279	2.7	0
4006	2017	247	17712	8.5	17.2	0.9778	1.9	1.4
4006	2017	248	15552	11.2	20.8	1.3981	2.4	1.3
4006	2017	249	8899.2	9.2	17.8	1.3138	6.8	1.6
4006	2017	250	12528	8.3	14.4	1.1007	3.6	0
4006	2017	251	12096	8.4	15.6	1.0509	4.2	0
4006	2017	252	4752	9.2	12.4	1.1648	3.7	13.6
4006	2017	253	12528	8.9	15.4	1.2169	2.9	0.9
4006	2017	254	12182.4	7.9	16.1	1.0929	6.1	0
4006	2017	255	12700.8	7.1	13.2	1.0163	5.8	1.9
4006	2017	256	5270.4	7	17.1	1.0965	9.7	1
4006	2017	257	5961.6	7.2	17.7	1.1546	9.9	6.3
4006	2017	258	15120	5.9	13.8	0.8989	3.4	0
4006	2017	259	6307.2	5.8	12.5	0.9735	1.7	3.1
4006	2017	260	14860.8	5.6	13.2	0.99	2.2	6.4
4006	2017	261	9590.4	5.6	11.5	1.0016	2.8	0.8
4006	2017	262	8899.2	6.3	10.6	1.028	3.3	1.2
4006	2017	263	8553.6	6.8	12.5	1.0667	4	0.1
4006	2017	264	17280	6.7	14.3	0.9768	2.3	0
4006	2017	265	15033.6	7.9	17	1.0391	2.1	0
4006	2017	266	14688	10	16.7	1.1633	2.3	0
4006	2017	267	11059.2	8.7	15.8	1.111	2.3	0
4006	2017	268	14947.2	7.6	16.1	1.0544	2.8	0
4006	2017	269	10627.2	9	16.3	1.2283	2.7	8.5
4006	2017	270	13996.8	9.3	17.7	1.2829	2.1	0
4006	2017	271	11318.4	12.2	19	1.3806	1.9	0.1
4006	2017	272	5270.4	12.4	17.9	1.4445	1.9	0.3
4006	2017	273	10540.8	8.7	19.4	1.3936	3.7	15.8
4006	2017	274	11836.8	7.3	13.4	1.1053	3.1	0
4006	2017	275	7516.8	8.4	14.6	1.2472	3.7	18.2
4006	2017	276	6825.6	6.3	13.6	1.1006	5.4	6.7
4006	2017	277	8553.6	5.3	11.6	0.8954	5.1	0
4006	2017	278	10108.8	6.2	16.5	0.953	8.2	14.2
4006	2017	279	4579.2	4.8	8.8	0.968	6.2	3.9
4006	2017	280	8208	5.1	10.4	0.8854	6.3	6.2
4006	2017	281	3283.2	5.9	9.5	1.0189	5.7	14.4
4006	2017	282	5011.2	6.3	10.2	1.0142	4	0
4006	2017	283	3196.8	6.5	10.7	1.0162	4.7	2.7
4006	2017	284	9504	8.3	15.3	1.1339	3.9	0
4006	2017	285	6652.8	9.6	15	1.1718	5.7	0
4006	2017	286	12960	9.1	15.7	1.1508	2.6	0
4006	2017	287	12787.2	10.7	19.3	1.2944	2	0
4006	2017	288	12528	11	21.5	1.2914	2.5	0
4006	2017	289	12355.2	13.6	23.4	1.1695	2.4	0
4006	2017	290	12096	14.2	21.9	1.137	1.8	0
4006	2017	291	11664	13.1	18.8	0.9593	2.5	0
4006	2017	292	10022.4	10.8	20.2	1.1959	2.6	0
4006	2017	293	6825.6	9.5	18.8	1.1608	4.8	0.1
4006	2017	294	7171.2	7.1	17.8	1.2267	4.3	6.3
4006	2017	295	7516.8	4.1	10.2	0.8701	7.1	7.8
4006	2017	296	3110.4	4	6.7	0.8578	5.8	2.8
4006	2017	297	5011.2	5.9	12.3	1.0395	3	0.3
4006	2017	298	8553.6	8.4	16.5	1.2556	3.8	0
4006	2017	299	9504	8.7	14.8	1.3093	3	0
4006	2017	300	5616	4.5	11.5	0.9864	6.4	9.2
4006	2017	301	2419.2	3.5	6.4	0.7474	8.2	1
4006	2017	302	4924.8	2.5	8	0.7809	10.5	9.9
4006	2017	303	3974.4	1	5.3	0.7046	3.9	0
4006	2017	304	9763.2	0.2	6.1	0.651	1.9	0
4006	2017	305	6307.2	3.5	10.5	0.711	2.7	0
4006	2017	306	5097.6	6.3	11.2	0.9024	5.5	0
4006	2017	307	4233.6	5.2	10.4	0.9625	2.7	0
4006	2017	308	6652.8	5.1	14.1	0.9795	3.1	0
4006	2017	309	2160	2.7	10.7	0.9221	5.3	16
4006	2017	310	2160	1.7	3.5	0.6923	3.9	0
4006	2017	311	2073.6	2.4	5	0.7723	4	2.6
4006	2017	312	2073.6	3.2	4	0.7906	2.7	1.8
4006	2017	313	2073.6	3	4	0.785	2.7	0.2
4006	2017	314	1987.2	2.2	4.4	0.743	6.2	8.7
4006	2017	315	1987.2	1.8	6.9	0.7834	7.8	18.9
4006	2017	316	1900.8	-0.6	7.6	0.7693	5.7	19
4006	2017	317	2246.4	-0.8	1.5	0.6142	4.3	1.8
4006	2017	318	7689.6	-3.7	2.9	0.5341	1.6	0
4006	2017	319	5443.2	-5.3	0.1	0.4846	3.8	0
4006	2017	320	1814.4	-2.9	-1.7	0.511	2.5	0
4006	2017	321	1814.4	-2.4	2	0.6022	1.7	0.1
4006	2017	322	1814.4	0	2.5	0.6086	5.6	3
4006	2017	323	3283.2	-0.8	1.3	0.5786	7.4	3.9
4006	2017	324	1728	-0.8	4	0.5966	6.2	3.7
4006	2017	325	1728	2.9	7.7	0.8192	6.3	3.9
4006	2017	326	7084.8	4.3	12.6	0.7185	4.7	0
4006	2017	327	5184	5.8	11.6	0.6521	5.8	0
4006	2017	328	4492.8	6.2	13.5	0.911	5.6	6.5
4006	2017	329	1641.6	-0.6	7.6	0.7693	6	20
4006	2017	330	2160	-2.2	0.3	0.5359	6.3	1.5
4006	2017	331	2678.4	-1.8	1.9	0.5519	6.2	3.6
4006	2017	332	1555.2	-0.4	1.9	0.6193	5.4	11.4
4006	2017	333	3024	-3.1	1.4	0.5571	2.8	2.2
4006	2017	334	1555.2	-4.7	-1.4	0.4686	5.1	2.6
4006	2017	335	2851.2	-5.4	-2.5	0.4335	2.2	0
4006	2017	336	1555.2	-6.1	-2.9	0.4072	3.6	0
4006	2017	337	1555.2	-4.9	-3.4	0.4001	3.3	4.5
4006	2017	338	1555.2	-3.4	-0.2	0.5302	6.9	3.2
4006	2017	339	1814.4	-0.9	0.3	0.5918	5.4	0
4006	2017	340	1468.8	-2.5	0.7	0.515	4.6	0
4006	2017	341	5875.2	-3.3	5.3	0.5123	4.5	1.5
4006	2017	342	2678.4	-3.4	5.4	0.5912	8.4	6.5
4006	2017	343	2592	-7.2	-3.4	0.342	8.8	0
4006	2017	344	2073.6	-7.2	3.5	0.4589	6.7	8
4006	2017	345	1468.8	1.6	5.1	0.7146	5.3	2.8
4006	2017	346	1468.8	-2.6	3.8	0.5041	8	0
4006	2017	347	4752	-3.8	1.8	0.4544	6.4	9.3
4006	2017	348	5356.8	-0.1	3.6	0.5754	9.4	0.3
4006	2017	349	3196.8	-1.4	2.7	0.5252	6.5	0.3
4006	2017	350	1468.8	-1.7	0.1	0.5591	5	2.7
4006	2017	351	1468.8	-3.2	-1.6	0.4918	6.3	0.4
4006	2017	352	1382.4	-3.9	-1.3	0.4694	2.6	1.1
4006	2017	353	1382.4	-2.1	-1.3	0.5341	2.9	0.8
4006	2017	354	1382.4	-1.4	0.2	0.5849	2.8	0.2
4006	2017	355	1382.4	-0.1	3.2	0.6833	4.9	7.8
4006	2017	356	1382.4	2.8	4.8	0.8018	4.1	11.7
4006	2017	357	1382.4	3	4.6	0.7857	6.5	0
4006	2017	358	1468.8	0.1	3.1	0.6652	6.8	0
4006	2017	359	5356.8	-2.8	5.6	0.5746	3.5	0
4006	2017	360	4838.4	-0.7	7.5	0.5768	6.5	0
4006	2017	361	1468.8	-0.7	3.3	0.5772	4.2	5.5
4006	2017	362	1468.8	-4.9	0	0.4951	7.7	12.7
4006	2017	363	5097.6	-6.2	1.1	0.4307	5.6	5
4006	2017	364	1468.8	-1	10	0.7748	9.6	8.4
4006	2017	365	3024	4.5	10.7	0.7721	9.8	1.4
