*---------------------------------------------------------------------------*
* Station name: STOTTEN                                 
* Year: 1994
* Author: Pedro Alencar                                   -999.000: NIL VALUE
* Source: ECAD 
* Comments: 
* Longitude: 48.6667, latitude: 48.6667, altitude: 734 m.
*
* Column  Daily value
* 1       station number
* 2       year
* 3       day
* 4       irradiation                   (kJ m-2 d-1)
* 5       minimum temperature           (degrees Celsius)
* 6       maximum temperature           (degrees Celsius)
* 7       early morning vapour pressure (kPa)
* 8       mean wind speed (height: 2 m) (m s-1)
* 9       precipitation                 (mm d-1)
*
** WCCDESCRIPTION=GERMANY, STOTTEN                                 
** WCCFORMAT=2
** WCCYEARNR=1994
*---------------------------------------------------------------------------*
   48.6667  9.8656    734.  -0.18 -0.55
4006	1994	1	2073.6	-1.1	5.8	0.6367	6.2	0.2
4006	1994	2	1468.8	-2.6	4.5	0.5759	7.3	8.7
4006	1994	3	3715.2	1	5.7	0.6913	6.1	9.1
4006	1994	4	2160	1.7	5.7	0.6927	5.3	0.2
4006	1994	5	3110.4	1.1	5.2	0.5591	9.5	0
4006	1994	6	1555.2	2.6	6.3	0.5455	3.5	0
4006	1994	7	1555.2	1.6	8.7	0.7138	4.4	2
4006	1994	8	1555.2	0.9	2.2	0.6765	2.6	1.6
4006	1994	9	3715.2	1.5	4	0.7072	2.5	0.1
4006	1994	10	1555.2	-1.4	1.6	0.6155	5.1	0
4006	1994	11	1641.6	-1.5	0.7	0.5816	3.2	0.2
4006	1994	12	4752	0.3	6.2	0.671	4.6	1.4
4006	1994	13	1641.6	4	8.4	0.853	8.7	13.2
4006	1994	14	4320	1.6	5	0.6424	6.8	7.6
4006	1994	15	3715.2	-0.4	2.5	0.6131	3.9	0
4006	1994	16	1728	-2.7	-0.4	0.5401	2.3	0
4006	1994	17	3542.4	-6.5	-2.4	0.4131	2.4	0.3
4006	1994	18	6998.4	-7.1	-1	0.3306	1.7	0
4006	1994	19	6912	-4.6	1	0.2464	1.3	0
4006	1994	20	1814.4	-5.4	-1.8	0.4498	2.4	0.1
4006	1994	21	1814.4	-5.2	-3.1	0.4316	1.4	0
4006	1994	22	2851.2	-7.5	0.4	0.4467	2.2	0.1
4006	1994	23	2419.2	0	5	0.6874	6.9	11.3
4006	1994	24	1900.8	2.5	4.2	0.7301	9.4	18.6
4006	1994	25	1900.8	3.8	8	0.8355	9.6	8.8
4006	1994	26	1900.8	-1	7	0.735	11.8	9.7
4006	1994	27	2332.8	-0.8	4.5	0.5585	12.2	8.7
4006	1994	28	2592	-4	8	0.6492	13.2	1.5
4006	1994	29	3542.4	-4.8	-1.2	0.3871	8.5	0.1
4006	1994	30	7689.6	-1.5	4	0.515	8.2	1.9
4006	1994	31	4320	-1.3	2	0.5578	6.2	0
4006	1994	32	7084.8	-2.4	3.6	0.485	2.8	0
4006	1994	33	2160	0.8	4.1	0.6777	5.1	11.4
4006	1994	34	3628.8	2.3	5.8	0.7018	4.5	0.6
4006	1994	35	5961.6	0.4	6	0.7378	5.6	0
4006	1994	36	4320	-1.5	2.1	0.5745	4.9	0
4006	1994	37	2246.4	0	3.2	0.6721	2.5	0
4006	1994	38	2332.8	0.5	2	0.6487	1.8	6.7
4006	1994	39	2332.8	-1.4	0.5	0.5854	3.4	2
4006	1994	40	7257.6	-0.7	2.3	0.5762	3.4	0.3
4006	1994	41	2419.2	-1.5	0.8	0.5778	6.5	16
4006	1994	42	4492.8	-3.6	-1.3	0.4798	3.6	0.3
4006	1994	43	5788.8	-5.4	-1.8	0.431	5.6	0.3
4006	1994	44	2592	-10.1	-3.7	0.3245	8.1	0.5
4006	1994	45	10022.4	-11.2	-5	0.2658	11.4	0
4006	1994	46	9244.8	-10.5	-3.2	0.2562	8.1	0
4006	1994	47	10627.2	-11.4	-5	0.2374	6	0
4006	1994	48	7430.4	-11	-4.8	0.2632	2.6	0
4006	1994	49	10540.8	-9	-1	0.3668	2.2	0
4006	1994	50	10886.4	-11.3	-1.8	0.2697	3.5	0
4006	1994	51	4579.2	-6.6	-0.1	0.4344	2.5	1.9
4006	1994	52	5875.2	-6.1	1.5	0.5058	4.5	0.5
4006	1994	53	2937.6	-2.5	3.4	0.5681	5.2	3
4006	1994	54	9676.8	2.7	7.9	0.6501	4.8	2.4
4006	1994	55	3888	0.5	4.4	0.685	4.3	3.9
4006	1994	56	3110.4	1.8	4.5	0.7429	3.6	9
4006	1994	57	9331.2	2.7	10	0.6512	4	0
4006	1994	58	11318.4	7	15.9	0.6756	3.6	0
4006	1994	59	8899.2	4.6	11.1	0.8702	4	2.4
4006	1994	60	4752	2.9	8.6	0.8269	3.1	9.5
4006	1994	61	7430.4	1.2	5.3	0.6479	7.1	6.5
4006	1994	62	10627.2	2.7	7.8	0.7365	6	3
4006	1994	63	12009.6	0.8	6.2	0.5652	6.8	0.1
4006	1994	64	13478.4	-0.9	12.5	0.4886	4.6	4
4006	1994	65	6825.6	2.6	10.1	0.814	6.8	2.6
4006	1994	66	5529.6	1.8	7.2	0.6569	7.9	0.1
4006	1994	67	3628.8	5.2	9.2	0.9847	7	1.2
4006	1994	68	12182.4	7	16.4	1.1265	2.4	0
4006	1994	69	8208	6.1	12.8	0.9815	3.8	0.6
4006	1994	70	4924.8	2	6.8	0.7694	5	0
4006	1994	71	6393.6	4	12.2	0.9499	5.8	7.6
4006	1994	72	3888	1.6	7.5	0.7606	12	0.8
4006	1994	73	9072	2.5	8.2	0.6613	11.6	0
4006	1994	74	5443.2	5.9	7.7	0.7507	13.2	3.7
4006	1994	75	9417.6	1.9	6.6	0.6786	11.1	2.8
4006	1994	76	13651.2	-0.7	3.3	0.5437	12.9	0
4006	1994	77	4147.2	-1.6	5.1	0.61	8.3	9.2
4006	1994	78	7084.8	4.3	6.9	0.6546	12.5	7.3
4006	1994	79	9676.8	-1.1	5	0.5625	5.7	5.4
4006	1994	80	5270.4	2.3	8.2	0.8696	3.8	9.4
4006	1994	81	5356.8	4.7	8.3	0.9482	3.5	1.1
4006	1994	82	7776	5.8	12.4	0.8432	7.6	0
4006	1994	83	11491.2	9.4	14.7	1.1387	13.3	6.2
4006	1994	84	11232	8.3	15.2	0.9786	10.4	15.3
4006	1994	85	14428.8	1.3	12.3	0.7803	7.4	0.3
4006	1994	86	17712	-0.9	6.2	0.5174	3.6	0
4006	1994	87	14256	-2.3	11.4	0.6169	4.7	0.7
4006	1994	88	5788.8	6	11.8	0.9572	5.2	0.5
4006	1994	89	18489.6	6.6	16	1.0034	3	0
4006	1994	90	4838.4	7.6	13.4	0.888	7	0.3
4006	1994	91	4924.8	2	13.5	0.8643	9.2	10.6
4006	1994	92	17020.8	-0.5	5.7	0.5892	6.9	2.2
4006	1994	93	15638.4	-1.2	4.3	0.5535	5	0
4006	1994	94	6134.4	-1.5	4.6	0.615	8	7.5
4006	1994	95	16243.2	-1.5	5.6	0.5312	5.9	0.2
4006	1994	96	16070.4	-2.1	5.8	0.5934	3.1	0.1
4006	1994	97	14860.8	-0.5	6.7	0.5571	2.5	5.1
4006	1994	98	15465.6	-0.1	5.6	0.6476	6.2	0.3
4006	1994	99	10195.2	-1.2	5	0.5816	7.1	3.3
4006	1994	100	13132.8	-0.8	4.3	0.5823	2.4	0
4006	1994	101	5443.2	-0.7	1.8	0.6231	3.2	6.3
4006	1994	102	5443.2	-0.6	3.8	0.6789	6.6	57.3
4006	1994	103	5529.6	1.7	3.3	0.7313	12.7	41.1
4006	1994	104	11923.2	-0.1	3.1	0.606	5.1	2.6
4006	1994	105	5616	-1.1	4.4	0.647	1.6	0
4006	1994	106	11059.2	2.7	11.4	0.8943	5.4	0.6
4006	1994	107	5702.4	3	7.5	0.8785	6.2	3.5
4006	1994	108	6912	0.6	3.4	0.5575	4.3	0
4006	1994	109	17280	-0.7	7.5	0.5223	2.6	0
4006	1994	110	20563.2	1.7	13.4	0.6758	1.8	1.4
4006	1994	111	10281.6	6.1	12.8	0.9933	2.1	4.2
4006	1994	112	19267.2	7.3	14.7	0.9705	2.6	0
4006	1994	113	23760	6.8	18.1	0.8804	2.8	0.3
4006	1994	114	15292.8	8.4	16.1	0.8831	2.5	0
4006	1994	115	14947.2	5.7	14.8	1.1354	4.4	82.7
4006	1994	116	20131.2	5.7	13.2	0.8633	4.7	0
4006	1994	117	12355.2	8.2	14.7	0.9729	2.4	0
4006	1994	118	16588.8	9.3	16.1	1.1443	2	0
4006	1994	119	25315.2	10.2	19.4	1.177	2.9	0
4006	1994	120	25401.6	11.4	20.8	0.9137	2.8	3.9
4006	1994	121	22377.6	7.3	16.5	1.0161	4.5	0
4006	1994	122	26524.8	1.7	13	0.6872	4.2	0
4006	1994	123	26611.2	2.2	16.5	0.693	5.9	0
4006	1994	124	9158.4	5.9	14.8	1.0174	5.1	6.7
4006	1994	125	17280	4.4	10	0.7715	6.4	0
4006	1994	126	18144	3.5	12.2	0.7535	2.4	0
4006	1994	127	27388.8	6.5	15.9	0.824	4.7	0
4006	1994	128	24796.8	6.2	18.7	1.0247	5.5	0.6
4006	1994	129	13737.6	9	13.1	1.1843	4	0.4
4006	1994	130	8726.4	7.6	10.4	1.1128	4.2	0.4
4006	1994	131	26179.2	6.6	14.3	0.8598	6.3	0
4006	1994	132	24105.6	7.1	18.1	0.9765	4	0
4006	1994	133	22723.2	7.7	16.8	1.0968	3.9	0
4006	1994	134	17280	8.4	18.7	1.2406	5.8	0.8
4006	1994	135	27216	9.4	19.7	0.9596	3.5	0
4006	1994	136	22291.2	12	22.2	1.324	2.6	11.1
4006	1994	137	17280	10	18.7	1.2086	2.4	10.1
4006	1994	138	9417.6	10	14.5	1.3532	4.6	20.1
4006	1994	139	6912	8	13	1.2686	7	21
4006	1994	140	12614.4	7.2	13.7	1.1759	2.4	3.8
4006	1994	141	17971.2	7.7	15.2	1.108	2.8	2.4
4006	1994	142	26006.4	9	19	1.0857	4.2	2.5
4006	1994	143	21081.6	10.6	16.2	1.29	5.2	0
4006	1994	144	20736	10.3	19.2	1.4246	3.7	23.2
4006	1994	145	25833.6	10.3	16.3	1.3121	6.1	0
4006	1994	146	12528	8.4	14.9	1.1775	4.1	10.3
4006	1994	147	12096	7	11	1.1128	4.9	12.2
4006	1994	148	18230.4	6.6	14	1.0265	2.4	2.3
4006	1994	149	20563.2	8.7	14	1.1275	2	2.4
4006	1994	150	21686.4	5.9	13.9	0.9019	2.1	0
4006	1994	151	30067.2	7	18.6	0.8122	2.3	0
4006	1994	152	27820.8	10.9	23.9	1.012	1.9	0
4006	1994	153	17107.2	11	25.3	1.4146	5.5	17.5
4006	1994	154	26179.2	10.2	18.1	1.2898	6.5	12.5
4006	1994	155	16848	6.8	12.6	0.9741	6.5	8.4
4006	1994	156	11923.2	5	10.2	0.9286	9.7	17.4
4006	1994	157	19526.4	4.2	12.7	0.9285	5	1.7
4006	1994	158	17020.8	8.6	17.1	1.363	3.8	0
4006	1994	159	27561.6	11.3	22.2	1.4664	2.9	14.7
4006	1994	160	17884.8	5.7	12.5	0.9587	5.6	0.6
4006	1994	161	16761.6	5	11	0.9113	3.8	0.5
4006	1994	162	18144	5	11.5	1.0033	4.2	2.3
4006	1994	163	15638.4	7	14.6	1.0224	6.5	0
4006	1994	164	25833.6	8.7	17.3	0.8827	5.4	0
4006	1994	165	13305.6	9.6	14.8	1.2352	2.5	0
4006	1994	166	27043.2	9.8	18.5	1.2898	4.6	0
4006	1994	167	24537.6	9.6	18.8	1.1322	5.8	3.8
4006	1994	168	18576	10	17.3	1.2487	4.4	0
4006	1994	169	26438.4	11.7	24.3	1.1334	3.7	0
4006	1994	170	23932.8	14.1	23.2	1.5668	4	1.2
4006	1994	171	13910.4	13.6	19.8	1.4238	3.8	0
4006	1994	172	26784	12.6	21.4	1.4318	4.2	0
4006	1994	173	22636.8	13.4	22.9	1.5186	6.9	0
4006	1994	174	21600	13.5	20.6	1.4169	3.4	0.5
4006	1994	175	31017.6	11.9	23.6	1.0752	4.4	0
4006	1994	176	27648	15.4	27.7	1.5661	3.1	15.3
4006	1994	177	27648	14.4	27.6	1.6632	2.7	0
4006	1994	178	25488	17.3	27	2.2369	3.3	1.3
4006	1994	179	15292.8	16.6	23	2.098	2.7	0.1
4006	1994	180	19180.8	17.2	25	2.0231	3.2	7.8
4006	1994	181	17884.8	15	23.6	1.9222	2.8	0
4006	1994	182	26870.4	15.4	25.3	1.7412	3.6	0
4006	1994	183	28857.6	16.6	26.7	1.5241	4	0
4006	1994	184	29203.2	19.2	30.3	1.8062	2.3	0
4006	1994	185	26870.4	20.4	30	1.9512	3.3	22.1
4006	1994	186	20908.8	14.9	23	1.8151	4.3	0.2
4006	1994	187	19958.4	14.2	22.4	1.7639	2.5	7.6
4006	1994	188	22636.8	11.3	17.7	1.2204	4.9	0.3
4006	1994	189	18144	9.5	16.9	1.1823	4	0.3
4006	1994	190	20649.6	12.1	19.7	1.4073	3.9	0
4006	1994	191	26524.8	12.3	21.1	1.253	2.6	0
4006	1994	192	29721.6	12.1	23	1.242	6	0
4006	1994	193	29721.6	15.7	24.4	1.4048	6.2	0
4006	1994	194	26956.8	16	25.8	1.653	2	0
4006	1994	195	21772.8	15.8	26	2.1958	2.9	50.6
4006	1994	196	22377.6	13	21.4	1.7243	3.4	0.6
4006	1994	197	25315.2	16.6	25.7	1.7036	0.9	0
4006	1994	198	20390.4	19	26.8	1.5607	1.8	5
4006	1994	199	17539.2	17.1	24.2	1.9437	3.2	0.1
4006	1994	200	12787.2	15.2	21.3	2.0096	3.1	19.6
4006	1994	201	6480	14.9	17.3	1.7725	2	8.2
4006	1994	202	25056	14.3	23.2	1.5551	3.5	0
4006	1994	203	28339.2	16	25.3	1.1176	3.5	0
4006	1994	204	25920	17.5	25.8	1.2141	3.8	0
4006	1994	205	27561.6	17.2	27	1.1416	2.8	0
4006	1994	206	21859.2	19.1	27.8	1.5269	2.1	0
4006	1994	207	24710.4	17.1	26.6	1.6996	1.8	0
4006	1994	208	26265.6	19.6	28.2	1.5983	2.3	0
4006	1994	209	27043.2	16.6	27.7	1.5179	2.8	0
4006	1994	210	24624	16.7	26.2	2.0414	3.5	0
4006	1994	211	10713.6	17.3	25	1.9041	2.1	0.8
4006	1994	212	24537.6	14.5	27	1.7601	3.5	13.3
4006	1994	213	22809.6	15.7	23.6	1.7816	3.6	0.7
4006	1994	214	21254.4	15.1	23.7	1.5518	1.5	0
4006	1994	215	26352	18.4	27.2	1.4959	1.8	0
4006	1994	216	26870.4	18.3	28.6	1.6133	3.1	0
4006	1994	217	24883.2	21	30.3	1.7083	2.3	0
4006	1994	218	20217.6	18	28.4	1.7027	3.2	4.8
4006	1994	219	20563.2	16	26.1	1.8426	3.2	0.4
4006	1994	220	16502.4	15.3	24.5	1.8326	3.8	16.2
4006	1994	221	22550.4	14.9	23.2	1.6504	4	0
4006	1994	222	16156.8	15.8	24.8	1.8547	5.5	15.9
4006	1994	223	23760	14	21.3	1.4514	6	0.5
4006	1994	224	15984	12.7	17.4	1.4865	8.1	1
4006	1994	225	11923.2	10.3	15.2	1.3247	4.6	1.9
4006	1994	226	23328	8.4	15.6	1.0088	3.5	0.1
4006	1994	227	25315.2	8.4	17.3	0.963	2.8	0
4006	1994	228	23932.8	9.7	21.3	0.8266	3.1	0
4006	1994	229	16675.2	11.5	21.1	1.4066	6	12.1
4006	1994	230	18662.4	9	15.5	1.0683	9.2	0.1
4006	1994	231	7603.2	10.2	14.7	1.3133	8.7	14.3
4006	1994	232	20649.6	11.7	18.9	1.4411	4.3	0
4006	1994	233	23500.8	13.5	24.6	1.6284	2.1	0
4006	1994	234	21686.4	15.5	26.6	1.7181	2.3	0
4006	1994	235	22032	16.3	24.2	1.8253	3.2	26.4
4006	1994	236	12960	13.8	19.5	1.6842	3.4	7.9
4006	1994	237	13305.6	10	16.3	1.3446	5.3	6.5
4006	1994	238	17107.2	9.5	19.6	1.3401	3.5	4.3
4006	1994	239	19872	13	20.4	1.4998	3.7	0
4006	1994	240	18921.6	11.1	21.1	1.535	5.5	0
4006	1994	241	22032	8.9	16.8	1.0519	3.1	0
4006	1994	242	20736	10	19.4	1.136	3.3	0
4006	1994	243	13824	11.3	21.1	1.5264	2.6	0.4
4006	1994	244	15984	13.6	19.8	1.4998	3.2	0
4006	1994	245	13824	12.7	18	1.4109	3.9	1.4
4006	1994	246	18921.6	9.2	16.5	1.1408	3.1	0
4006	1994	247	20304	10.5	18.6	1.0423	1.8	0
4006	1994	248	8812.8	12.7	17.6	1.3413	3.8	2.2
4006	1994	249	11923.2	11.2	19.5	1.5502	2.8	13.4
4006	1994	250	7430.4	12.3	17.5	1.5399	3.9	15.6
4006	1994	251	4752	10.6	14.5	1.2784	3.6	9.2
4006	1994	252	18489.6	6.6	15.6	0.9374	7.3	1.5
4006	1994	253	15379.2	8.7	16.3	1.1149	7.3	5.7
4006	1994	254	5788.8	9.5	14.7	1.3258	5.1	8.2
4006	1994	255	12009.6	12.9	18.9	1.4975	5.3	0.6
4006	1994	256	4579.2	10.9	14.5	1.379	2.9	0.9
4006	1994	257	4492.8	9.7	13.3	1.3286	5.2	13.1
4006	1994	258	13737.6	7.1	11.8	0.8987	9.2	0.9
4006	1994	259	17280	6.1	12.6	0.881	7.9	3.2
4006	1994	260	10281.6	4.3	9.2	0.7383	6.4	0.3
4006	1994	261	4320	2.8	6.9	0.8371	4.9	6.7
4006	1994	262	6998.4	5	10.2	0.939	2.5	0
4006	1994	263	14601.6	3.7	12.5	0.9175	4.4	0.4
4006	1994	264	11232	7.4	14.2	1.0871	4.8	0
4006	1994	265	13910.4	6.4	14.8	1.0472	6.2	0
4006	1994	266	14947.2	9	19.2	1.3499	7.7	0
4006	1994	267	13996.8	10.6	21.3	1.6471	5.4	0
4006	1994	268	14774.4	11.7	20.5	1.3705	2.6	0
4006	1994	269	6825.6	13.2	19	1.6812	1.5	10.8
4006	1994	270	8035.2	11.4	16.6	1.5009	3.2	0.8
4006	1994	271	7862.4	9.8	15	1.2515	1.4	0
4006	1994	272	14342.4	9.6	17.2	1.336	1.8	0
4006	1994	273	10281.6	9	15.6	1.3005	3.3	0
4006	1994	274	4838.4	11.5	15.1	1.4189	3.2	4.3
4006	1994	275	8553.6	11.9	16.2	1.5378	2.5	4.8
4006	1994	276	4752	8.8	14.3	1.265	7.3	14.8
4006	1994	277	9763.2	2	9	0.7404	3.8	0
4006	1994	278	10022.4	-0.3	7	0.6369	4.2	1.1
4006	1994	279	12441.6	0.2	6	0.5723	2.9	0
4006	1994	280	11232	-2.1	6.2	0.4816	4.6	0
4006	1994	281	5097.6	-0.1	3.6	0.5476	1.9	0
4006	1994	282	13132.8	0.4	10.9	0.5566	1.8	0
4006	1994	283	13305.6	4.2	12.3	0.6979	3.4	0
4006	1994	284	12873.6	4.4	11.5	0.8227	3.9	0
4006	1994	285	13046.4	5.1	16.9	0.9836	2.6	0
4006	1994	286	12873.6	5	15.5	0.8484	5.2	0
4006	1994	287	12441.6	4.7	15	0.9475	4	0
4006	1994	288	12096	12.4	19.8	1.2243	1.7	0
4006	1994	289	10972.8	10	17	1.3447	1.8	0
4006	1994	290	6739.2	0.4	10	0.7517	4.3	0
4006	1994	291	12009.6	-1.8	6.1	0.5207	8.3	0
4006	1994	292	6912	-1.7	6.1	0.6228	6.3	0
4006	1994	293	10713.6	0.4	11.9	0.6989	7.4	0
4006	1994	294	10972.8	2	13	0.8601	4.4	0
4006	1994	295	7430.4	5.4	13.8	0.9915	3.2	0.5
4006	1994	296	4147.2	7.7	11.8	1.1825	4.7	3.6
4006	1994	297	6998.4	5.7	11.2	0.9396	5	0
4006	1994	298	6220.8	5	10.7	0.8914	4.6	3.5
4006	1994	299	5788.8	4	9	0.8418	6.2	7.6
4006	1994	300	7344	2.8	8.3	0.7249	5.6	0
4006	1994	301	2419.2	4.3	7.5	0.8262	3.5	2.7
4006	1994	302	7516.8	2.7	8	0.7595	4	2.9
4006	1994	303	2332.8	5.2	11.9	0.946	8.9	3.7
4006	1994	304	7689.6	8.3	17.9	0.8885	8.3	1
4006	1994	305	6134.4	5.8	15.4	0.9961	6.6	0
4006	1994	306	6048	3.8	8.2	0.7945	4.4	0
4006	1994	307	7084.8	3.2	8.8	0.8693	7.2	0
4006	1994	308	3628.8	4	8.8	0.9417	6.4	0
4006	1994	309	7948.8	6.4	13.8	1.0252	5.3	0
4006	1994	310	2160	7.4	11.7	1.1786	3.7	0.5
4006	1994	311	2073.6	5.7	8.5	1.0083	2.9	0.2
4006	1994	312	4147.2	5	9.9	0.9914	1.7	0
4006	1994	313	2073.6	3.6	5.7	0.851	3.9	0.7
4006	1994	314	1987.2	4.8	7.2	0.9161	2.2	12.1
4006	1994	315	1987.2	5.3	6.4	0.9251	3.5	8.4
4006	1994	316	5270.4	4.3	7.5	0.9005	3	0
4006	1994	317	2246.4	3	7.8	0.8967	3.9	2.7
4006	1994	318	2419.2	5.3	10.6	0.9189	5.6	0
4006	1994	319	1900.8	7	12.6	1.017	8.6	2.8
4006	1994	320	2851.2	4.4	7	0.8148	8.6	0.9
4006	1994	321	4579.2	3.8	7.6	0.8057	6.4	1.2
4006	1994	322	1814.4	3.1	5.2	0.7724	8.8	12.1
4006	1994	323	1728	3.6	9.2	0.9321	4.1	11.6
4006	1994	324	4924.8	8	12.6	1.0891	5.4	0.3
4006	1994	325	1728	8.5	13.2	1.2466	3.1	1.2
4006	1994	326	3542.4	5.6	9	0.9506	4.4	0
4006	1994	327	1987.2	4.3	7.3	0.9035	2.7	0
4006	1994	328	2419.2	4.3	6	0.8636	3.6	0.8
4006	1994	329	1641.6	2.8	6.1	0.7973	4.7	0
4006	1994	330	1641.6	2.2	3.6	0.7223	3.1	8.1
4006	1994	331	1641.6	3.4	6.1	0.8313	2.5	0.2
4006	1994	332	1555.2	1.6	5.5	0.7799	2.3	0.1
4006	1994	333	1555.2	1.2	2.7	0.7032	3.2	0
4006	1994	334	1555.2	-0.4	1.5	0.6359	3.2	0
4006	1994	335	2246.4	-1.4	1.2	0.5823	5.3	0
4006	1994	336	1555.2	-2.1	4.5	0.5931	4.1	0
4006	1994	337	5961.6	3.2	11.1	0.6374	3.7	0.6
4006	1994	338	1555.2	4.9	8.1	0.8998	4.9	8.8
4006	1994	339	3283.2	4.4	8.6	0.8998	6.2	15.2
4006	1994	340	4320	1.4	6.6	0.6586	6.5	0
4006	1994	341	4320	-0.6	6	0.5563	4	0.5
4006	1994	342	4838.4	1.3	5.9	0.6641	5.1	0.2
4006	1994	343	1468.8	4.8	8	0.884	6	10.1
4006	1994	344	1468.8	4.8	6.5	0.8668	5.2	0.3
4006	1994	345	1728	5.6	9.2	0.916	11.3	0
4006	1994	346	1468.8	6.6	8.6	0.8034	9.8	0
4006	1994	347	1468.8	6.2	8.2	0.7918	8	6.2
4006	1994	348	4233.6	-1.5	7.3	0.6847	5.6	1.2
4006	1994	349	4060.8	-5.1	-1	0.4393	3.9	0
4006	1994	350	2851.2	-5.2	-0.2	0.471	4.7	2.1
4006	1994	351	1468.8	-1.6	-0.1	0.5628	2.3	0
4006	1994	352	3888	-2.6	1.6	0.5656	3.6	0.1
4006	1994	353	1382.4	0.2	3.2	0.6631	2.6	1.4
4006	1994	354	1382.4	-0.2	1.5	0.6341	2.7	1.4
4006	1994	355	1382.4	-3.3	0.1	0.5272	2.6	0.4
4006	1994	356	1382.4	-3.6	-1.7	0.4576	5.7	0.4
4006	1994	357	1900.8	-4.8	-2.2	0.4343	8.3	0.2
4006	1994	358	1468.8	-7.1	-4.3	0.3757	5.5	0.1
4006	1994	359	1468.8	-6	-4.3	0.4001	2.3	0.3
4006	1994	360	1900.8	-6.2	-1.9	0.4167	4.9	0.3
4006	1994	361	1468.8	-2.5	6.5	0.5857	10.1	9.3
4006	1994	362	1468.8	5.4	9.3	0.9128	8.4	9.4
4006	1994	363	3888	5.3	8.9	0.7965	5.9	0.2
4006	1994	364	2332.8	2	8.6	0.7124	11.8	1.2
4006	1994	365	2332.8	0.2	3.9	0.5737	8.3	3.4
