*---------------------------------------------------------------------------*
* Station name: STOTTEN                                 
* Year: 2001
* Author: Pedro Alencar                                   -999.000: NIL VALUE
* Source: ECAD 
* Comments: 
* Longitude: 48.6667, latitude: 48.6667, altitude: 734 m.
*
* Column  Daily value
* 1       station number
* 2       year
* 3       day
* 4       irradiation                   (kJ m-2 d-1)
* 5       minimum temperature           (degrees Celsius)
* 6       maximum temperature           (degrees Celsius)
* 7       early morning vapour pressure (kPa)
* 8       mean wind speed (height: 2 m) (m s-1)
* 9       precipitation                 (mm d-1)
*
** WCCDESCRIPTION=GERMANY, STOTTEN                                 
** WCCFORMAT=2
** WCCYEARNR=2001
*---------------------------------------------------------------------------*
   48.6667  9.8656    734.  -0.18 -0.55
4006	2001	1	2505.6	-7.1	1.5	0.378	5.1	1.2
4006	2001	2	1468.8	0.3	5.7	0.6744	6.7	10.5
4006	2001	3	2678.4	0.5	5.6	0.692	6.1	0.6
4006	2001	4	1468.8	0.2	5.1	0.5987	4.9	0.2
4006	2001	5	1555.2	1.8	8.3	0.7964	6.2	9.9
4006	2001	6	1555.2	1.2	9.9	0.8789	5	13.5
4006	2001	7	1555.2	0.3	2.9	0.6721	2.2	0.4
4006	2001	8	1555.2	0.7	2	0.6601	2.4	0.5
4006	2001	9	3888	-2.1	2.7	0.562	3.3	0.2
4006	2001	10	1555.2	-3	3.5	0.6097	3.6	3.9
4006	2001	11	1641.6	0.9	5.6	0.7636	3.8	1.8
4006	2001	12	2937.6	-3.8	0.9	0.5331	6.9	0
4006	2001	13	6566.4	-6.6	-3.1	0.3326	10	0
4006	2001	14	6652.8	-8	-3.2	0.29	10.6	0
4006	2001	15	6739.2	-8.8	-4	0.2804	7	0
4006	2001	16	3628.8	-11.3	-5.2	0.312	4.2	0
4006	2001	17	6480	-6.7	-0.7	0.4092	3.5	0
4006	2001	18	2678.4	-6.2	-2.9	0.3882	3.6	0
4006	2001	19	4406.4	-6.3	-0.6	0.4454	2.9	0
4006	2001	20	1814.4	-1.8	-0.1	0.5587	2.6	2.5
4006	2001	21	6825.6	-4.3	0.6	0.4909	3.2	5.7
4006	2001	22	4579.2	-3	4.7	0.5978	3.9	0.8
4006	2001	23	4838.4	1	6.8	0.7025	5	1.1
4006	2001	24	1900.8	3.9	8.8	0.7757	5.9	7.2
4006	2001	25	6393.6	0	7.9	0.7455	4.8	3.1
4006	2001	26	5443.2	-0.7	5.5	0.6245	4	0.4
4006	2001	27	4838.4	-1.7	3	0.506	8.9	0.4
4006	2001	28	7603.2	-2	4	0.4992	2.7	0
4006	2001	29	6480	-2.5	1.4	0.5518	2.4	0
4006	2001	30	3024	-2.3	0.4	0.5017	1.9	0
4006	2001	31	5443.2	-3.2	0.2	0.438	2.6	0
4006	2001	32	4752	-6	-2.2	0.4332	3.9	4.4
4006	2001	33	3024	-5.3	-3.4	0.434	4.7	8.6
4006	2001	34	2160	-4.9	2.7	0.5582	8.3	22.8
4006	2001	35	2851.2	1.3	7	0.7971	6.3	5.5
4006	2001	36	3110.4	3.5	7.1	0.7302	10.6	1.7
4006	2001	37	6825.6	5	12.8	0.7749	5.8	0
4006	2001	38	5961.6	7.3	14.9	0.7261	5.2	0
4006	2001	39	4233.6	5.7	11.3	0.7209	4.4	0
4006	2001	40	2419.2	0.7	5.7	0.7224	4.3	1
4006	2001	41	9504	-0.8	5.6	0.5954	2.2	0
4006	2001	42	9158.4	0.9	10.1	0.4424	2.9	0
4006	2001	43	7430.4	6.5	12.7	0.7167	3	0
4006	2001	44	2592	-0.4	9.3	0.7973	4.4	1.2
4006	2001	45	10195.2	-2.7	5.4	0.5591	6.9	0
4006	2001	46	10540.8	-0.4	8.6	0.5486	6.3	0
4006	2001	47	10368	0.5	7.4	0.6482	4.2	1.2
4006	2001	48	2678.4	-0.3	3.3	0.6741	4.4	0.1
4006	2001	49	8726.4	-2.1	3	0.5492	3.7	0
4006	2001	50	5788.8	-2	3.3	0.5828	4	3.2
4006	2001	51	2851.2	-1.9	-0.2	0.549	6.2	1.3
4006	2001	52	4838.4	-1.2	2.5	0.5764	8.9	12.3
4006	2001	53	4752	-0.6	1.4	0.6038	10.3	3.1
4006	2001	54	3024	-3.5	1.1	0.5541	7.5	1.8
4006	2001	55	6048	-5.3	-0.3	0.4675	2.1	5.4
4006	2001	56	10713.6	-8.3	-1.2	0.3609	2	0
4006	2001	57	7516.8	-9	-4.1	0.3221	4.2	0.4
4006	2001	58	12009.6	-9	0.4	0.3289	4.9	0
4006	2001	59	4320	-5.8	1	0.3791	3.4	0
4006	2001	60	7776	-3.3	1.6	0.4881	5.4	0.9
4006	2001	61	10454.4	-4	3.3	0.4527	5.1	4.2
4006	2001	62	3456	-1.6	0.8	0.5816	3.8	8.1
4006	2001	63	4233.6	-0.9	4.4	0.6239	5.6	8
4006	2001	64	3542.4	-0.1	2	0.6348	4.3	0
4006	2001	65	9244.8	-3	2.7	0.5681	5.7	0
4006	2001	66	3628.8	-2	5.2	0.6789	4.1	3.5
4006	2001	67	6825.6	2.8	11.7	0.9168	3.8	12
4006	2001	68	4838.4	5.4	8.5	0.8682	5.3	0.4
4006	2001	69	3801.6	4.3	7.3	0.8758	6	8.1
4006	2001	70	3801.6	6.4	9.5	1.0578	5.5	13.3
4006	2001	71	5875.2	5.6	10.3	1.0578	6.2	22.5
4006	2001	72	8726.4	1.5	8	0.7113	9.1	3.6
4006	2001	73	5616	0.2	4.6	0.6826	7.9	6.5
4006	2001	74	4579.2	1.8	9.4	0.8365	7.9	1.8
4006	2001	75	14256	5.2	14.2	1.0222	3.2	3.7
4006	2001	76	5270.4	6.2	9.3	1.0119	4.9	8
4006	2001	77	10368	4.5	10.2	0.8308	6.3	4.1
4006	2001	78	13737.6	-0.8	6.5	0.5773	10.2	0.3
4006	2001	79	10800	-3.6	2.6	0.5597	3.7	17.1
4006	2001	80	4924.8	-0.9	10.9	0.8372	5.7	8.9
4006	2001	81	6566.4	5.5	10	0.9276	9.8	10
4006	2001	82	6652.8	4.4	11.5	1.0258	5.3	8.6
4006	2001	83	8985.6	7.2	11.7	1.1589	3.7	9.7
4006	2001	84	7171.2	5	11.3	1.0398	7.2	4.5
4006	2001	85	4579.2	-1.9	5	0.6765	5.7	0
4006	2001	86	8640	-1.8	3.8	0.5977	3.4	0
4006	2001	87	8380.8	-1.8	7.9	0.7528	3.8	1.2
4006	2001	88	5788.8	4.1	8.8	0.8678	4.2	1.7
4006	2001	89	8640	2.8	7	0.8054	3.9	0
4006	2001	90	18576	1.4	11.7	0.6602	2.2	0
4006	2001	91	20736	5.8	14.8	0.7511	2.6	0
4006	2001	92	21168	6	17.1	0.7753	3.4	0
4006	2001	93	14515.2	6.8	13.1	0.856	4.9	0
4006	2001	94	12268.8	2.5	16.4	0.9815	6.6	1
4006	2001	95	15033.6	0.4	8.5	0.6378	5.9	0.4
4006	2001	96	7344	2.2	10.1	0.8217	6.5	12.8
4006	2001	97	5184	2.1	7.7	0.8227	5.1	1.2
4006	2001	98	18921.6	1.8	9.7	0.7901	3.6	3.7
4006	2001	99	7776	2.5	7.3	0.7794	4.3	5
4006	2001	100	6825.6	3.4	9.2	0.8971	6.1	4.4
4006	2001	101	7430.4	3	7	0.8546	4.5	0.2
4006	2001	102	14428.8	0.9	7.2	0.6691	5.9	0
4006	2001	103	15292.8	-3.9	2.7	0.4445	5	0.6
4006	2001	104	13824	-4.3	1.7	0.4167	3.3	1.7
4006	2001	105	5616	-2.7	2.5	0.5884	7.4	13
4006	2001	106	10195.2	0.1	4.9	0.7094	5.2	5.4
4006	2001	107	8553.6	0.4	4.5	0.6777	4.2	0.7
4006	2001	108	8640	-0.4	5.7	0.6431	5.8	3.3
4006	2001	109	18576	-1.7	4.3	0.5839	3.2	0.2
4006	2001	110	9417.6	-2.3	3.4	0.5532	2.7	2
4006	2001	111	5875.2	-1.4	0.4	0.5833	5.4	6
4006	2001	112	8380.8	-1.7	3.1	0.6106	3.3	0.6
4006	2001	113	14860.8	-2.7	8.4	0.6148	2.5	0
4006	2001	114	22896	2.6	15.4	0.7801	3.2	1.3
4006	2001	115	8726.4	3.2	14.4	0.9395	5.7	3.3
4006	2001	116	17798.4	2.4	10.8	0.7891	6	1.8
4006	2001	117	12700.8	4.6	13.4	0.8031	3.1	1.2
4006	2001	118	11750.4	6.3	11.8	0.9209	5.8	3.1
4006	2001	119	12700.8	7.1	16.1	1.1327	2.9	0.1
4006	2001	120	21427.2	8.1	21.3	1.1527	3.6	0
4006	2001	121	24105.6	10.8	23.4	1.1488	4.3	0
4006	2001	122	26784	10.3	22.9	1.2262	4.4	0
4006	2001	123	24364.8	10.4	22.3	1.3368	4.9	0
4006	2001	124	16329.6	9	17.5	1.2318	4.1	0
4006	2001	125	6480	5	11.8	1.0576	6.1	4.4
4006	2001	126	6480	4.7	5.9	0.8816	3.7	0.3
4006	2001	127	6566.4	4.8	8.8	0.9779	3	0.4
4006	2001	128	6566.4	5	11.7	1.076	2.6	0
4006	2001	129	19958.4	8.1	18.5	1.2663	5.3	0
4006	2001	130	28166.4	9.2	19.3	0.9899	6	0
4006	2001	131	23932.8	9.2	19.6	0.9831	4.2	0.9
4006	2001	132	28166.4	9	18.9	0.9708	4.4	0
4006	2001	133	28339.2	7.8	20	0.9042	4.9	0
4006	2001	134	22464	10.5	20.7	1.239	3	12.4
4006	2001	135	13046.4	8.8	14.9	1.2486	4.2	0.2
4006	2001	136	20563.2	8.7	19.2	1.3687	4.6	16.3
4006	2001	137	10368	9.6	15.4	1.39	4.6	12.3
4006	2001	138	11232	4.2	9.9	0.9546	5.3	9.3
4006	2001	139	21513.6	6	13.7	1.0204	3.5	0
4006	2001	140	29030.4	5.5	17.1	0.99	4.4	0
4006	2001	141	29289.6	7.9	19.5	1.0492	5.8	0
4006	2001	142	24796.8	7.7	17.8	1.0892	4.8	0
4006	2001	143	29635.2	8.4	19.5	1.0822	4.9	0
4006	2001	144	26611.2	12.1	22	1.1452	2.6	0
4006	2001	145	28944	11.2	21.2	1.1034	3.1	0
4006	2001	146	28857.6	12	22	1.0255	2.5	0
4006	2001	147	24883.2	14	23	1.3821	4.2	0
4006	2001	148	25747.2	13.8	22.8	1.5329	5.4	0
4006	2001	149	26956.8	14.8	23.9	1.6143	6.5	0
4006	2001	150	29203.2	12.5	23.3	1.1058	3	0
4006	2001	151	23068.8	8.4	19.5	1.0504	5.6	7.8
4006	2001	152	16761.6	6.2	13.5	0.9596	4.7	0.2
4006	2001	153	6652.8	6.4	11	1.0118	6.8	12.5
4006	2001	154	14601.6	3.2	9.3	0.9035	7.3	1.7
4006	2001	155	15379.2	3.1	10.4	0.817	5.9	0
4006	2001	156	29116.8	6.1	18.3	0.8944	2.3	0.2
4006	2001	157	11923.2	9.4	14	1.2089	4.3	6.6
4006	2001	158	22118.4	9.4	17.5	1.2325	5.2	0
4006	2001	159	9158.4	8	14.3	1.2054	4.2	9.2
4006	2001	160	6739.2	7.1	10.6	1.1357	3.4	6.9
4006	2001	161	6739.2	7.7	11.3	1.1865	3.7	11.5
4006	2001	162	14601.6	5.5	10.5	1.04	5.6	6.1
4006	2001	163	29203.2	5.3	17.3	0.99	2.7	0
4006	2001	164	25315.2	10.1	20.4	1.1423	2.8	2.8
4006	2001	165	22636.8	10.3	20.7	1.3718	3.1	0
4006	2001	166	21772.8	11.9	22.5	1.4108	3.2	7.1
4006	2001	167	10627.2	10.4	16.6	1.5148	4	12.2
4006	2001	168	16156.8	9.6	15.9	1.3688	5.8	8.5
4006	2001	169	6825.6	9	10.5	1.2066	7.2	7.1
4006	2001	170	12873.6	7.5	13	1.1853	3.6	1.9
4006	2001	171	29289.6	6.6	18.3	1.0391	1.6	0
4006	2001	172	26092.8	11.1	21	1.2022	4.3	0
4006	2001	173	21859.2	8.5	14.9	1.0852	5.6	0
4006	2001	174	29721.6	7.4	18.9	1.0123	3.1	0
4006	2001	175	30758.4	11.1	22.9	1.0835	2.5	0
4006	2001	176	30153.6	15.1	24.1	1.2524	2.2	0
4006	2001	177	30672	15.9	24.2	1.2175	3.4	0
4006	2001	178	25228.8	14.8	27.1	1.6581	3.4	6.1
4006	2001	179	8467.2	13.5	18	1.7513	4	0.8
4006	2001	180	30412.8	12.2	22.9	1.3622	2.3	0
4006	2001	181	23587.2	12.2	24.2	1.5233	3	9.1
4006	2001	182	19872	12.2	19	1.4514	4.1	0
4006	2001	183	26092.8	12.3	20.2	1.3837	2.7	0
4006	2001	184	30499.2	10.6	20.3	1.1219	4.4	0
4006	2001	185	30412.8	9.7	22.2	1.1946	5.8	0
4006	2001	186	28425.6	12.5	24.4	1.2718	4.8	0
4006	2001	187	27993.6	14.4	28	1.4827	5.5	0
4006	2001	188	18748.8	12.4	21.8	1.6356	5.5	11.7
4006	2001	189	11836.8	12.7	18.3	1.5652	5.8	3.1
4006	2001	190	18230.4	11.4	19.2	1.389	3.6	0
4006	2001	191	27820.8	13.8	23.8	1.3216	2.9	0
4006	2001	192	16243.2	12.4	19.2	1.2908	6.5	0
4006	2001	193	21859.2	9.9	21	1.2096	5	6.3
4006	2001	194	14256	11.6	17.1	1.5026	4.1	3.3
4006	2001	195	8899.2	14.5	20.8	1.7135	3.8	3
4006	2001	196	7862.4	8	15.7	1.3874	4.4	40.1
4006	2001	197	7776	8	12.4	1.2186	4.2	0
4006	2001	198	17107.2	8.4	17	1.2617	2	0.1
4006	2001	199	16761.6	10.3	16	1.3144	4	2
4006	2001	200	17884.8	10.6	18.7	1.3655	3.6	8.5
4006	2001	201	9676.8	10.5	14.7	1.3555	6.3	3.7
4006	2001	202	23068.8	9.9	18.4	1.3221	4.4	0
4006	2001	203	27734.4	13	23.6	1.3439	2.6	0
4006	2001	204	26438.4	15.5	24.3	1.3919	3	0
4006	2001	205	24278.4	14.5	23.9	1.7103	2.7	0
4006	2001	206	23673.6	15.5	24.6	1.639	1.8	1.2
4006	2001	207	26611.2	16.5	25.4	1.4849	2.6	0
4006	2001	208	26611.2	18.2	27.3	1.2704	2.1	0
4006	2001	209	24451.2	18.9	27.5	1.3905	2.3	0
4006	2001	210	21600	16.9	25.4	1.879	3.8	0
4006	2001	211	27734.4	15	25.5	1.4697	2.3	0
4006	2001	212	27475.2	18.9	27.9	1.4361	3.1	0
4006	2001	213	26092.8	15.5	25	1.6831	2.6	0
4006	2001	214	25401.6	16.1	29.4	1.7399	3.6	14.2
4006	2001	215	7689.6	14.4	20.7	1.883	3.9	9.1
4006	2001	216	13564.8	13.6	20.4	1.7414	3.2	5.3
4006	2001	217	18316.8	11.7	19.2	1.3674	4.8	0.2
4006	2001	218	13564.8	10.6	19.9	1.4538	4	3
4006	2001	219	12700.8	13.1	19.8	1.663	4.2	0.4
4006	2001	220	16070.4	13.1	20.9	1.5672	5.5	7.1
4006	2001	221	15984	13.1	19.7	1.4342	3.8	1.4
4006	2001	222	18576	8.9	17.5	1.2126	5.2	0
4006	2001	223	21859.2	8.3	16.6	1.0824	3.3	0
4006	2001	224	24969.6	9.7	21	1.0277	2.3	0
4006	2001	225	23414.4	12.7	23.8	1.3188	3.4	0
4006	2001	226	25574.4	16.5	27.4	1.5522	3.7	0
4006	2001	227	25228.8	18.4	30.5	1.5906	2.3	0
4006	2001	228	20563.2	16.4	28.1	1.6343	4.6	1.2
4006	2001	229	12182.4	15.8	21.5	1.9532	3.2	2.2
4006	2001	230	19353.6	15.6	24.4	1.914	2.7	0
4006	2001	231	17712	15	24.8	1.7398	3.1	0
4006	2001	232	10454.4	14	18.3	1.6682	3.1	5.5
4006	2001	233	21340.8	13.1	21.7	1.5677	2.9	0
4006	2001	234	19526.4	14.1	22.2	1.7266	3	0
4006	2001	235	19353.6	14.5	23.8	1.7715	3.3	0
4006	2001	236	22809.6	16.4	25.7	1.7679	2.7	0
4006	2001	237	23328	17.6	27.6	1.7242	2.7	0
4006	2001	238	23155.2	19.5	28.2	1.3279	2.8	0
4006	2001	239	18921.6	13.7	28.6	1.5533	5.5	0
4006	2001	240	21427.2	9.8	20.4	0.9942	3.2	0
4006	2001	241	22464	9.3	21.2	0.9519	3.8	0
4006	2001	242	13651.2	8.7	19.2	1.321	3.9	3.1
4006	2001	243	8121.6	9.7	15.5	1.3555	4.1	0.5
4006	2001	244	5097.6	9.3	12.6	1.268	5.1	1.6
4006	2001	245	17971.2	9.8	16.9	1.1633	4.5	0
4006	2001	246	20390.4	11	20.9	1.267	3	0.3
4006	2001	247	9244.8	8.7	14.8	1.3093	4.9	10.4
4006	2001	248	4924.8	8.2	9.1	1.098	7.4	24.6
4006	2001	249	12700.8	7.5	15.2	1.2483	5.4	4.8
4006	2001	250	4838.4	9.1	12.5	1.2683	6.3	2.6
4006	2001	251	4752	6.1	12	1.1281	6.3	41.8
4006	2001	252	8121.6	4.4	9.8	0.9679	10.4	6.5
4006	2001	253	4665.6	5.1	8	0.9418	10.5	5.9
4006	2001	254	8121.6	5.8	9.8	0.973	7.3	1.8
4006	2001	255	4579.2	6.8	10.6	1.0905	8.4	8.2
4006	2001	256	5616	8.6	14.5	1.265	6.3	10.8
4006	2001	257	11145.6	6.9	11.5	1.1279	4.4	7.3
4006	2001	258	10800	6.2	13.2	1.0943	6	11.6
4006	2001	259	5097.6	4.9	7.8	0.9289	6.5	18
4006	2001	260	6048	4.4	7.7	0.9099	4.4	7.6
4006	2001	261	12960	3.5	10.5	0.8912	2.7	0
4006	2001	262	13392	5.1	14.3	1.0102	4.4	2.8
4006	2001	263	4838.4	8.2	13.5	1.2076	9.3	6.4
4006	2001	264	10368	6.6	12.2	1.1197	4.9	2
4006	2001	265	12096	5.9	12.4	1.0662	2.1	0
4006	2001	266	4060.8	5.4	9.8	1.012	4.5	7.2
4006	2001	267	3974.4	7	10.3	1.0868	2.7	3.3
4006	2001	268	3974.4	6.9	10.3	1.0832	2.3	0
4006	2001	269	9936	7.2	12.4	1.1138	2.7	0
4006	2001	270	9849.6	8.9	16.3	1.3555	3.1	0
4006	2001	271	15724.8	8.4	17.6	1.2567	2.9	0
4006	2001	272	9676.8	8.8	16.9	1.363	3.3	4.9
4006	2001	273	9244.8	11	15.5	1.4599	3.7	4.6
4006	2001	274	3628.8	10.8	16.8	1.4973	5.8	3.7
4006	2001	275	15379.2	14.6	24.1	1.7488	5.5	0
4006	2001	276	10108.8	11.8	19.8	1.3804	4.6	14
4006	2001	277	10540.8	8.2	14.1	1.2187	4.7	0.3
4006	2001	278	11232	6.8	14	1.1972	3.9	0
4006	2001	279	10713.6	11.2	19.7	1.4901	3	0.2
4006	2001	280	4492.8	11.3	15.4	1.4694	3.4	8.6
4006	2001	281	7516.8	9	16.1	1.4091	3.9	3.8
4006	2001	282	8726.4	9.1	15.7	1.2946	2.9	0
4006	2001	283	11750.4	9.2	15.7	1.2556	2.5	0
4006	2001	284	12528	8.7	15.9	1.1718	3	0
4006	2001	285	13132.8	10.6	19.6	1.5084	3	0.1
4006	2001	286	12009.6	13	20.1	1.3915	3.7	0
4006	2001	287	11750.4	9.3	19.7	1.4513	3.2	0
4006	2001	288	11318.4	13.4	20.6	1.7027	2.3	0
4006	2001	289	8985.6	11.3	17.7	1.5337	3.5	0
4006	2001	290	9158.4	8.6	15.3	1.3267	5.6	0
4006	2001	291	8553.6	6.8	15.4	1.2807	3.2	0.1
4006	2001	292	2851.2	6.8	9.6	1.0651	4.5	0.1
4006	2001	293	3283.2	5.7	9.2	1.0224	6.5	14.8
4006	2001	294	2764.8	8.8	12.8	1.2683	5.2	2.2
4006	2001	295	6307.2	8.1	12.5	1.2143	5.3	0.3
4006	2001	296	7603.2	7.5	13.1	1.1892	2.6	14.1
4006	2001	297	6048	8.1	12	1.2065	5.2	6.5
4006	2001	298	3456	7.2	10.4	1.1092	4	6.8
4006	2001	299	7430.4	4.1	11.3	1.0295	2.9	0.1
4006	2001	300	7776	6.3	14.4	1.1932	4.1	0
4006	2001	301	3110.4	9.8	13.3	1.2922	3.8	0
4006	2001	302	6480	9.5	14.4	1.3547	4.7	0
4006	2001	303	8380.8	9.3	17.1	1.2126	4.8	0
4006	2001	304	8294.4	4.9	18.7	0.9818	6.2	10.1
4006	2001	305	5961.6	2.5	7	0.8227	4.3	0
4006	2001	306	8467.2	2.1	8	0.7876	3.1	0
4006	2001	307	9331.2	2	9.5	0.8452	4.7	0
4006	2001	308	9158.4	2.5	8.5	0.8578	3.4	0
4006	2001	309	2592	3	6.6	0.8342	2.8	0
4006	2001	310	4924.8	1.1	6.1	0.751	5.6	6.1
4006	2001	311	2073.6	4.5	8.6	0.9418	9.3	30.6
4006	2001	312	2073.6	-0.8	8.7	0.7536	13.1	10.6
4006	2001	313	4752	-2.9	0.7	0.5357	5.3	0.7
4006	2001	314	8294.4	-4.8	0.5	0.4697	5.3	0
4006	2001	315	8294.4	-5.8	2.5	0.4711	4.9	0
4006	2001	316	5443.2	-4.1	1.2	0.5111	3.1	2.9
4006	2001	317	1900.8	-2.9	2.1	0.5757	3.6	4.7
4006	2001	318	3283.2	-5.4	-1.6	0.4579	2.9	0
4006	2001	319	7776	-5.3	0.1	0.4644	6.5	0
4006	2001	320	3456	-4.5	3	0.538	3.3	0
4006	2001	321	3456	-2.9	-0.1	0.5311	4.3	0
4006	2001	322	1814.4	-3	-0.7	0.5176	2.5	0
4006	2001	323	1728	-4.5	-0.5	0.4933	2.7	0
4006	2001	324	1728	-0.8	2.5	0.6303	1.3	0
4006	2001	325	1728	-2.2	3.2	0.5765	2.2	0
4006	2001	326	2246.4	-2.6	5.1	0.642	9	18.3
4006	2001	327	1641.6	-2.8	-2	0.4969	7	9.8
4006	2001	328	1641.6	-2.3	-0.5	0.535	7.3	5.5
4006	2001	329	1641.6	-0.6	2.9	0.6441	5.4	7
4006	2001	330	1641.6	2.4	4	0.7532	4.3	7.1
4006	2001	331	1641.6	-1	4.6	0.6818	4.8	9.1
4006	2001	332	1555.2	-1.5	1.3	0.5944	6.3	7.7
4006	2001	333	2937.6	-0.1	3.7	0.6748	6	13
4006	2001	334	1555.2	1.8	6.4	0.8025	3.9	9.1
4006	2001	335	1555.2	5.1	8.3	0.9613	2.8	12.5
4006	2001	336	1555.2	2.1	7	0.8282	2.5	0
4006	2001	337	1555.2	0.8	3.1	0.6891	2.9	0
4006	2001	338	1555.2	2.5	6.3	0.8196	5.2	3.2
4006	2001	339	1468.8	3.1	8.3	0.8515	6.3	1.7
4006	2001	340	1468.8	0.7	8.6	0.7659	10.8	4.8
4006	2001	341	1468.8	-1.6	0.9	0.5778	3.2	0
4006	2001	342	3283.2	-4.8	-0.7	0.4542	7.1	0
4006	2001	343	5875.2	-5.7	-1.5	0.3561	8	0
4006	2001	344	5875.2	-7.2	0.3	0.3269	5.3	0
4006	2001	345	1468.8	-3.3	-0.9	0.4138	2	0.1
4006	2001	346	1468.8	-1.7	-0.2	0.5644	2.7	0.1
4006	2001	347	3283.2	-15.9	-0.8	0.2541	7.2	0.1
4006	2001	348	5443.2	-16.3	-10.6	0.1735	8.3	0
4006	2001	349	5616	-13.9	-5.6	0.2364	7.2	0
4006	2001	350	4665.6	-8.4	-4	0.3309	6.5	0
4006	2001	351	1468.8	-6.9	-4.6	0.3743	2.7	0
4006	2001	352	1382.4	-4.6	-3.1	0.4414	1.4	0
4006	2001	353	1382.4	-4.4	-1.9	0.4554	3.2	0
4006	2001	354	3715.2	-7.5	-2.6	0.3822	5.5	0
4006	2001	355	3283.2	-9.7	-1.9	0.3293	8	6.5
4006	2001	356	2160	-4.8	-1.6	0.4538	9.1	3.7
4006	2001	357	4233.6	-12	-4.5	0.2923	5.1	1.3
4006	2001	358	4406.4	-13.6	-2.7	0.235	5.3	2.2
4006	2001	359	1468.8	-2.7	1.3	0.4993	10.9	10.9
4006	2001	360	1468.8	-5.8	-0.7	0.4665	8.9	9.3
4006	2001	361	5011.2	-8.9	-0.4	0.381	8.5	4.5
4006	2001	362	1468.8	-0.5	4	0.6169	13.2	11.3
4006	2001	363	1468.8	-2.6	5.3	0.6534	8.7	29.6
4006	2001	364	4752	-6.7	-2.5	0.4128	8.9	1
4006	2001	365	3196.8	-7.8	-3.8	0.3729	6.4	0.1
