*---------------------------------------------------------------------------*
* Station name: STOTTEN                                 
* Year: 1995
* Author: Pedro Alencar                                   -999.000: NIL VALUE
* Source: ECAD 
* Comments: 
* Longitude: 48.6667, latitude: 48.6667, altitude: 734 m.
*
* Column  Daily value
* 1       station number
* 2       year
* 3       day
* 4       irradiation                   (kJ m-2 d-1)
* 5       minimum temperature           (degrees Celsius)
* 6       maximum temperature           (degrees Celsius)
* 7       early morning vapour pressure (kPa)
* 8       mean wind speed (height: 2 m) (m s-1)
* 9       precipitation                 (mm d-1)
*
** WCCDESCRIPTION=GERMANY, STOTTEN                                 
** WCCFORMAT=2
** WCCYEARNR=1995
*---------------------------------------------------------------------------*
   48.6667  9.8656    734.  -0.18 -0.55
4006	1995	1	2505.6	-4.2	2.1	0.5093	9	3.5
4006	1995	2	2246.4	-5.1	-3.3	0.4255	9.8	7.7
4006	1995	3	1468.8	-6.3	-3.7	0.3921	3.5	0.8
4006	1995	4	4924.8	-12.1	-5.2	0.2864	4.3	0
4006	1995	5	4579.2	-13.5	-10.3	0.2189	4.8	0
4006	1995	6	5875.2	-13.3	-7.8	0.2383	3.3	0
4006	1995	7	1555.2	-12.4	-6.5	0.278	2.6	0
4006	1995	8	2160	-9.1	-6.9	0.308	2	0.3
4006	1995	9	1555.2	-7.8	-1.4	0.4128	5.1	7.6
4006	1995	10	1900.8	-1.5	0.9	0.5799	12.1	16.1
4006	1995	11	2246.4	-3.4	1.5	0.5188	9.7	5.3
4006	1995	12	1641.6	-5.7	-2.5	0.4016	8.3	2.3
4006	1995	13	2764.8	-7.8	-5.6	0.3369	3.4	0.1
4006	1995	14	6652.8	-8.2	-1.7	0.3216	2	0
4006	1995	15	1641.6	-3.5	0.6	0.5221	2.3	0
4006	1995	16	6048	-7.3	-0.1	0.3813	5	0
4006	1995	17	6912	-6.3	4	0.382	4.9	0
4006	1995	18	1728	-6.7	2.8	0.392	4.7	3
4006	1995	19	4492.8	-4.8	3.3	0.5033	4.6	0.2
4006	1995	20	3801.6	-5.2	6.2	0.4942	4.6	0.8
4006	1995	21	5529.6	-1.2	3.4	0.5624	4.8	0.3
4006	1995	22	1814.4	0.7	7.9	0.6561	13.1	0
4006	1995	23	1814.4	1	8.5	0.737	12.8	8.2
4006	1995	24	3283.2	-0.3	1.8	0.529	11.3	6.1
4006	1995	25	1900.8	-1.4	10.2	0.7108	10.7	7.7
4006	1995	26	4924.8	1.8	10.3	0.6378	11.7	2.8
4006	1995	27	6134.4	-3.5	3.6	0.4538	7.1	3.4
4006	1995	28	3715.2	-2.5	7	0.5604	9.9	1
4006	1995	29	1987.2	3.5	6	0.6942	7.8	1.1
4006	1995	30	2073.6	-2.6	6	0.6286	5.9	8.7
4006	1995	31	8121.6	-4.9	1.2	0.4215	2.6	0
4006	1995	32	5184	-0.7	8.4	0.4667	4.4	0
4006	1995	33	2160	1.3	7.4	0.6834	4.3	1.3
4006	1995	34	5875.2	-2.1	3.2	0.5278	3.2	0
4006	1995	35	2678.4	0.2	4.4	0.584	4.8	1.6
4006	1995	36	4665.6	1.7	5.6	0.7616	6.3	0
4006	1995	37	2246.4	1	6.6	0.7296	7.1	0.3
4006	1995	38	8294.4	3	9.8	0.7976	7.7	0.3
4006	1995	39	4406.4	2.6	7.9	0.7365	8.5	14.7
4006	1995	40	2419.2	-2	5.1	0.6765	4.7	6.7
4006	1995	41	5616	-2.5	5.3	0.5881	3.3	0
4006	1995	42	5011.2	3.1	7.3	0.6898	6.8	0.8
4006	1995	43	8035.2	3.6	8.8	0.7298	6.6	0
4006	1995	44	8812.8	2.5	13	0.78	3.9	1.2
4006	1995	45	6220.8	2.5	6.9	0.7088	7.6	0.1
4006	1995	46	3801.6	0.8	8.5	0.7319	7.3	6.7
4006	1995	47	5875.2	2.4	9.8	0.7624	9.2	1.8
4006	1995	48	2678.4	2.3	7.8	0.7176	8.8	5.1
4006	1995	49	4492.8	0.2	4.3	0.6609	6.1	1.1
4006	1995	50	6307.2	-1	4.2	0.5829	6.5	0.4
4006	1995	51	2851.2	2.5	8.1	0.7747	5.8	0.1
4006	1995	52	10540.8	2.7	13.2	0.7693	7.3	4
4006	1995	53	11664	-0.7	4.9	0.5117	3.6	0
4006	1995	54	7257.6	-1.1	2.1	0.4942	6.3	0.1
4006	1995	55	3628.8	-1.8	2.8	0.5955	7	10.8
4006	1995	56	3110.4	-0.3	3.6	0.6607	7.1	8.6
4006	1995	57	4492.8	-1.6	2	0.5827	4.6	2.6
4006	1995	58	6739.2	-2.9	0.2	0.4982	5	1.3
4006	1995	59	3196.8	-3.3	5	0.4483	5.3	0
4006	1995	60	14169.6	1.9	10.4	0.6895	4.9	0
4006	1995	61	11232	0.3	5.9	0.5495	7.7	0.1
4006	1995	62	4233.6	0.4	3.8	0.5899	4.7	3.6
4006	1995	63	5443.2	-3	0.4	0.439	3.7	0
4006	1995	64	12528	-4.1	2.4	0.4594	4.3	3.3
4006	1995	65	7862.4	-0.9	2.6	0.5458	8	1.4
4006	1995	66	9676.8	-3.1	1.3	0.4749	5.1	0.6
4006	1995	67	7344	-4.5	4.9	0.3782	4	0.1
4006	1995	68	10627.2	-2.1	3.7	0.5309	4.2	0.5
4006	1995	69	16070.4	-2.5	5.7	0.4458	7.4	0
4006	1995	70	16156.8	-2	8.7	0.536	5.8	0
4006	1995	71	16070.4	-0.4	9.3	0.5791	5.2	0
4006	1995	72	16156.8	-1.1	7.7	0.5495	7.8	0
4006	1995	73	3974.4	-2.4	1.2	0.5147	2.7	0.1
4006	1995	74	4579.2	-1.9	3.4	0.5096	6.3	3
4006	1995	75	6825.6	-2	2.6	0.4683	7	0.1
4006	1995	76	6566.4	-1.2	6.8	0.5528	9.6	19.8
4006	1995	77	5875.2	2.8	8.5	0.7755	10	6.1
4006	1995	78	4233.6	-1.1	8.2	0.7248	10	30.9
4006	1995	79	7516.8	-2	0	0.5282	8.7	3.8
4006	1995	80	5270.4	-3	-1	0.5119	7.2	2.9
4006	1995	81	17539.2	-3.4	5.3	0.4712	2.6	0
4006	1995	82	18489.6	-1.6	9	0.3742	2.5	0
4006	1995	83	17280	4.4	12.3	0.4611	4.3	0
4006	1995	84	13132.8	3.7	9.7	0.775	10.7	9.1
4006	1995	85	4579.2	2.4	6.9	0.6979	12.1	1.6
4006	1995	86	4665.6	-3.6	5.9	0.6042	11.2	10.7
4006	1995	87	11577.6	-6	-1.7	0.4	8.2	5.7
4006	1995	88	10627.2	-5.3	0.3	0.4628	10.7	0.3
4006	1995	89	16416	-8	0	0.3455	3	0
4006	1995	90	10368	-3.7	1.2	0.435	5.4	6.2
4006	1995	91	4924.8	-1	5.8	0.7189	8.5	12
4006	1995	92	15206.4	5.5	13.8	0.9828	7.5	0
4006	1995	93	20563.2	7.3	18.6	0.7158	5.6	0
4006	1995	94	18576	8	15.7	0.9712	6.4	0
4006	1995	95	17107.2	6.1	16.1	0.8582	3	0
4006	1995	96	10281.6	7	13.5	0.9981	5.5	0.6
4006	1995	97	12700.8	5.9	13.3	0.9437	8.3	0.2
4006	1995	98	16243.2	0	9.9	0.5388	9.4	0
4006	1995	99	13046.4	-2.7	4.6	0.4516	5	0
4006	1995	100	5356.8	-1.4	3	0.6215	4	1.1
4006	1995	101	5443.2	2	5.5	0.759	3.4	0.1
4006	1995	102	11232	2.1	8.4	0.7898	2.9	6.9
4006	1995	103	9936	1.6	7.1	0.6334	4.3	0
4006	1995	104	15033.6	-1.3	5.8	0.5675	4.2	1.3
4006	1995	105	5616	-0.9	6	0.6972	3.3	1.9
4006	1995	106	6739.2	1.1	5.6	0.7146	4.9	4.3
4006	1995	107	5702.4	0	6.3	0.6663	9.8	3.1
4006	1995	108	5788.8	5.3	8.4	0.783	10.9	0.9
4006	1995	109	13046.4	3.8	12.7	0.8615	6.1	3.2
4006	1995	110	6566.4	-0.1	7.7	0.7376	4.3	0.2
4006	1995	111	20563.2	1	13.1	0.8239	6.2	0
4006	1995	112	13046.4	7.5	16.7	1.0719	5.3	0
4006	1995	113	19785.6	6.1	19.4	1.0009	5	0
4006	1995	114	23673.6	9.8	21.5	0.8168	5.5	0
4006	1995	115	12614.4	9.3	15.3	1.1004	5.5	0.6
4006	1995	116	6825.6	6.6	10.3	1.0833	4	8.2
4006	1995	117	8035.2	6	9.1	1.019	3.8	6.8
4006	1995	118	10972.8	6.3	11.3	1.0413	2.7	0
4006	1995	119	18489.6	5.6	16.8	1.0234	2.7	2.7
4006	1995	120	10627.2	8	13.8	1.1074	3.5	0
4006	1995	121	9331.2	8.2	13.5	1.1946	3.5	10.2
4006	1995	122	19958.4	4.3	14.3	0.8546	5	0
4006	1995	123	27302.4	3.9	16.3	0.6176	5.1	0
4006	1995	124	26697.6	8.3	19.1	0.6107	2.7	0
4006	1995	125	25833.6	12.1	21	0.8086	1.8	0
4006	1995	126	27216	14.2	22.4	0.8399	3	0
4006	1995	127	25747.2	11	21.3	0.9899	3.4	1.1
4006	1995	128	19526.4	11.1	18.7	1.2015	6.8	14.8
4006	1995	129	14428.8	6.3	11.7	0.826	5.9	0
4006	1995	130	17625.6	3.6	10.1	0.7334	2.2	0
4006	1995	131	20476.8	4.2	12.8	0.6877	3.4	0.2
4006	1995	132	9158.4	6.2	11.5	1.0221	4.5	26.6
4006	1995	133	6739.2	4.1	7.5	0.9127	6.6	31.5
4006	1995	134	12787.2	0.9	6	0.618	5.3	0
4006	1995	135	26870.4	0	11.5	0.5329	2.2	0
4006	1995	136	10368	5.7	12.5	0.924	2.3	7.2
4006	1995	137	15033.6	8.2	14.3	1.0134	9.2	2.2
4006	1995	138	10713.6	3.7	12.6	0.9965	6.6	6
4006	1995	139	11577.6	3.2	7.7	0.8188	3.5	0.1
4006	1995	140	22723.2	2.2	11.6	0.7459	2.8	0.2
4006	1995	141	20822.4	4	13.1	0.7568	2.4	0
4006	1995	142	24796.8	4.4	14.7	0.8096	3.7	0
4006	1995	143	26784	6.3	19.1	0.9096	2.5	0
4006	1995	144	27388.8	11.4	22.1	0.876	2.2	0
4006	1995	145	25488	13.9	23.4	1.1805	3.5	0.4
4006	1995	146	10022.4	11.8	17.3	1.5221	4.6	29.5
4006	1995	147	8812.8	11	14.2	1.4429	4.3	5.2
4006	1995	148	29462.4	11.3	21.1	1.1954	2.7	0
4006	1995	149	23673.6	13.4	19.3	1.4296	3.7	3.2
4006	1995	150	7171.2	9.6	13.7	1.3555	3.3	4.2
4006	1995	151	7171.2	9.8	12.9	1.3423	3.9	17.9
4006	1995	152	6652.8	7.1	10.7	1.1395	6.1	6.8
4006	1995	153	17884.8	6.9	14.1	1.1037	3.3	1.4
4006	1995	154	23155.2	8.3	16.3	1.1147	2.3	5.3
4006	1995	155	18057.6	9	15.1	1.2371	3	4.3
4006	1995	156	12182.4	8	13.5	1.2254	3.6	23.4
4006	1995	157	6739.2	8.4	12	1.2435	4.5	15.3
4006	1995	158	15379.2	8.7	14.8	1.1853	3	0
4006	1995	159	6739.2	8.1	11.1	1.1826	2.8	4.8
4006	1995	160	13392	7.2	12.2	1.0823	2.5	1.9
4006	1995	161	22118.4	6.4	16.4	0.9966	2.3	6.9
4006	1995	162	6739.2	7.4	10.8	1.0164	2.3	7.5
4006	1995	163	10886.4	7.3	12.5	1.1091	2	2.9
4006	1995	164	11836.8	7.8	11.9	1.1418	3.5	4.7
4006	1995	165	6825.6	7.4	9	1.0868	4.3	31.8
4006	1995	166	17625.6	7.5	13.9	1.1828	3	1.8
4006	1995	167	10627.2	7.1	12.4	1.0256	4.9	1
4006	1995	168	18230.4	8.6	19.3	0.939	5.7	4.5
4006	1995	169	6825.6	10.1	14.9	1.3611	5.6	2.5
4006	1995	170	23932.8	11.8	20.9	1.4111	2.7	0
4006	1995	171	30585.6	13.7	25.1	1.5068	2.6	0
4006	1995	172	17280	15.5	21.6	2.005	3.6	13.5
4006	1995	173	23846.4	9.4	15.8	1.0931	4.4	2.1
4006	1995	174	8899.2	5.1	11.1	0.9715	3.1	1.4
4006	1995	175	7603.2	5.3	12	1.042	2.9	0.3
4006	1995	176	7603.2	9.3	14	1.3144	2.8	0.6
4006	1995	177	24796.8	11.2	21.1	1.4299	3.4	0
4006	1995	178	27129.6	12.5	22.6	1.4624	6.3	0
4006	1995	179	31449.6	14.1	22.8	1.3354	5.3	0
4006	1995	180	30585.6	11.1	23.4	1.0615	3.2	0
4006	1995	181	30326.4	15.9	26.1	1.266	1.8	0
4006	1995	182	28252.8	17.9	27	1.2475	3	0.4
4006	1995	183	15897.6	16.1	24.5	1.8309	3.1	12.7
4006	1995	184	11491.2	12.4	19	1.5854	3.9	2
4006	1995	185	19699.2	11.8	18.3	1.4694	5.5	0
4006	1995	186	20736	10.1	18.4	1.2171	2.7	0
4006	1995	187	24192	12	20.7	1.1697	2	0
4006	1995	188	29289.6	14.1	23.1	1.241	2.9	0
4006	1995	189	29894.4	15.3	26.8	1.2699	3	0
4006	1995	190	28512	19.5	28.8	1.6225	2.6	0
4006	1995	191	27820.8	20.5	29.6	1.6486	2.4	0
4006	1995	192	24105.6	16.4	29.5	1.6492	2.4	0.2
4006	1995	193	22636.8	14.6	24.8	1.8101	2.9	4.3
4006	1995	194	23846.4	16.8	25.7	1.8906	1.7	7.2
4006	1995	195	24624	15.1	24.8	1.8383	4	26.9
4006	1995	196	22291.2	15	21.6	1.6799	2.5	6.3
4006	1995	197	15206.4	13.2	19.3	1.7527	4.1	36.3
4006	1995	198	21427.2	12.8	21.3	1.4363	2.9	0.1
4006	1995	199	12614.4	14.3	20.6	1.5527	4.6	0
4006	1995	200	24451.2	15.1	23.8	1.7146	3.7	0
4006	1995	201	29030.4	16.5	26.8	1.7307	3	0
4006	1995	202	26352	20.2	30.5	1.9364	2.4	0
4006	1995	203	21859.2	16.8	30.3	1.9708	3.8	15.2
4006	1995	204	6393.6	11.7	17.2	1.5945	4.2	0.8
4006	1995	205	17712	11.6	20.7	1.5216	2.9	0
4006	1995	206	27820.8	12.2	23.7	1.3558	3.8	0
4006	1995	207	27129.6	14.5	27.2	1.5004	4.3	2.8
4006	1995	208	14256	17.2	22.4	2.0288	2.9	10.2
4006	1995	209	12787.2	14.3	19.5	1.8073	3.3	0.2
4006	1995	210	18230.4	13.7	22.2	1.6023	2.3	0
4006	1995	211	26697.6	14.1	25.6	1.4801	4.3	0
4006	1995	212	27648	14.9	26	1.2719	5.1	0
4006	1995	213	26265.6	17.1	27.1	1.3275	3.5	0
4006	1995	214	26352	16.7	24.7	1.316	3.4	0
4006	1995	215	27475.2	14	24.5	1.1586	3.3	0
4006	1995	216	25920	16	25.6	1.2261	2.7	0
4006	1995	217	25920	17.1	26.7	1.154	2.5	0
4006	1995	218	22896	17.3	27.6	1.4374	2.5	0
4006	1995	219	8985.6	16	21.4	1.9378	3.1	0.3
4006	1995	220	5875.2	12.5	16.4	1.611	3.3	9.7
4006	1995	221	13996.8	12	18.5	1.4192	4.2	0
4006	1995	222	24710.4	10.9	22.3	1.2639	4.9	0
4006	1995	223	25228.8	13.8	25.8	1.0144	4.9	0
4006	1995	224	23846.4	16.2	26.8	1.2286	3.2	0
4006	1995	225	8208	14.9	23.4	1.8822	3.4	9.1
4006	1995	226	7862.4	13.5	16.6	1.7086	3.4	9.3
4006	1995	227	20736	12.1	20	1.3844	2.7	0
4006	1995	228	10713.6	11.8	18.5	1.3757	2.9	0.1
4006	1995	229	18057.6	10.1	19.2	1.3155	5.7	0
4006	1995	230	23932.8	12.5	23.3	1.3106	5.9	0
4006	1995	231	20649.6	14	24.6	1.4751	3.9	0
4006	1995	232	14688	14.5	22.5	1.7223	2.3	0.8
4006	1995	233	13046.4	14.9	21.4	1.7058	3.3	1.8
4006	1995	234	22032	14.5	24.2	1.5918	4.6	0
4006	1995	235	14256	16.9	22.2	1.7933	2.8	7.9
4006	1995	236	10368	14	19	1.7808	3.7	0.1
4006	1995	237	13305.6	13.1	19.6	1.6896	5.3	2.6
4006	1995	238	9676.8	12.3	16.5	1.4091	6.2	0.8
4006	1995	239	9763.2	11.5	16.6	1.3936	6.1	31
4006	1995	240	9331.2	6.1	11.7	1.094	7.2	5.7
4006	1995	241	5097.6	6.1	8.6	1.0257	8.3	15.6
4006	1995	242	11059.2	6.4	10.8	1.0943	4.1	6.3
4006	1995	243	8726.4	5.2	11.4	1.0395	4	2.8
4006	1995	244	8899.2	6.2	11.3	1.0153	7.9	0.8
4006	1995	245	6307.2	8.1	12.5	1.0891	5.5	0
4006	1995	246	7948.8	7.4	12.9	1.1154	4.3	3.7
4006	1995	247	12268.8	6.6	12.5	1.0239	6	1.8
4006	1995	248	15984	6.5	15.5	0.9181	2.1	0
4006	1995	249	13824	9.2	16.6	1.1445	2.2	0
4006	1995	250	14601.6	9.3	20.7	1.2944	4.6	2.1
4006	1995	251	5529.6	9.4	15.2	1.2004	7.7	3.1
4006	1995	252	10108.8	9.6	14.2	1.2528	6.9	7.6
4006	1995	253	14601.6	9.1	16.6	1.1111	2.6	0
4006	1995	254	10800	11.7	19.1	1.363	3.4	5.6
4006	1995	255	11145.6	11.2	18	1.5602	3	9
4006	1995	256	4579.2	10.2	13.6	1.392	4.4	10.9
4006	1995	257	4492.8	9.4	12	1.2856	3.7	0.8
4006	1995	258	11491.2	8.8	13	1.2638	2.6	0
4006	1995	259	10627.2	8.2	16	1.1988	2.4	19.9
4006	1995	260	16416	8.9	17.3	1.1294	3	0
4006	1995	261	12787.2	9.3	16.8	1.3359	5.4	0
4006	1995	262	5616	10.2	14.8	1.3756	6.1	1.8
4006	1995	263	4233.6	7.2	12.1	1.1985	6.9	30.5
4006	1995	264	4147.2	7.7	9.2	1.1054	4	4.2
4006	1995	265	13046.4	5.2	12.7	1.0862	2.1	0
4006	1995	266	4665.6	8.9	13.2	1.2633	1.8	0
4006	1995	267	9504	9.4	15.1	1.2535	3	4.4
4006	1995	268	5702.4	7.4	11.3	1.0924	3.3	0
4006	1995	269	9849.6	7.1	13.2	1.0287	5.6	0
4006	1995	270	6739.2	6.7	14.3	1.2433	8.6	12.9
4006	1995	271	12441.6	3.9	11.3	0.8242	6.2	0.3
4006	1995	272	10627.2	2.1	9.2	0.7664	4.8	0
4006	1995	273	9244.8	2.8	9.5	0.7462	5.3	0
4006	1995	274	3628.8	4.3	11	0.9945	5.1	5.3
4006	1995	275	9072	9.9	16.2	1.456	3.3	0
4006	1995	276	6393.6	10.4	15.4	1.4269	3	2.1
4006	1995	277	11404.8	13	21.4	1.5872	3	0
4006	1995	278	12700.8	12.8	19.6	1.6919	3.1	0
4006	1995	279	6998.4	11	17.3	1.4833	2.7	0
4006	1995	280	13651.2	11.5	19.3	1.4853	1.9	0
4006	1995	281	13132.8	12.7	20.7	1.5757	3.1	0
4006	1995	282	10454.4	10.1	19.1	1.4938	4.3	0
4006	1995	283	3196.8	10.7	15	1.4815	3.5	0.2
4006	1995	284	8553.6	10.5	17.5	1.5967	1.8	0.2
4006	1995	285	5097.6	8.7	14.5	1.3647	1.5	0.2
4006	1995	286	3110.4	9.3	12.4	1.2985	1.3	0.1
4006	1995	287	3024	10.5	12.1	1.3379	2.3	0
4006	1995	288	9590.4	9	17.3	1.4353	2.2	0.1
4006	1995	289	2937.6	8.8	12.2	1.2686	2.6	0
4006	1995	290	2937.6	7.6	9.9	1.1281	3.1	0.1
4006	1995	291	6220.8	8	15.1	1.3602	3.7	3.2
4006	1995	292	6480	8.6	15	1.369	4.4	0
4006	1995	293	5616	5.7	8.7	0.8629	4.6	0.7
4006	1995	294	3888	1.8	7.5	0.7489	3.9	0.3
4006	1995	295	9936	0.2	7.3	0.7111	4.3	0
4006	1995	296	10713.6	4.5	15.8	0.9295	2.9	0
4006	1995	297	10713.6	2.9	11.3	0.8974	3.8	0
4006	1995	298	5529.6	1.7	15	0.8783	3.2	0
4006	1995	299	10281.6	8	15.9	1.1172	3	0
4006	1995	300	6307.2	11	17.2	1.2374	3.5	2.5
4006	1995	301	6393.6	11	15.1	1.3809	3.5	4.8
4006	1995	302	2851.2	9.7	13.3	1.2472	2.7	5
4006	1995	303	3715.2	9.5	12.9	1.2759	3.2	0.1
4006	1995	304	2332.8	6.7	10.1	1.0356	2.3	0
4006	1995	305	4838.4	3.4	8.2	0.8758	5.9	32.7
4006	1995	306	4579.2	1	4.5	0.67	5.5	4.3
4006	1995	307	2246.4	-1	3.6	0.6443	11.2	17
4006	1995	308	5270.4	-4.1	-0.9	0.4577	7	0.1
4006	1995	309	7171.2	-6.1	-1.9	0.3864	2.4	0
4006	1995	310	3628.8	-5.6	-2.2	0.3481	2	0
4006	1995	311	2073.6	-3.6	-0.1	0.4322	5.8	1.2
4006	1995	312	2073.6	-1.7	2.6	0.5808	3.7	0.1
4006	1995	313	6739.2	2.4	8.7	0.8245	2.8	0
4006	1995	314	3888	0	3.8	0.6867	4	0
4006	1995	315	4060.8	-0.5	3.9	0.6769	5.4	0
4006	1995	316	6134.4	-0.4	3.4	0.6673	6.4	0
4006	1995	317	3110.4	-0.5	5.7	0.7292	4.1	1.3
4006	1995	318	1900.8	2.8	6.4	0.8396	4	0.4
4006	1995	319	3196.8	3.6	7.6	0.8365	3.6	7.7
4006	1995	320	1814.4	6.5	9	0.9908	5.4	11.3
4006	1995	321	1814.4	0.1	8.6	0.7834	7.2	26.4
4006	1995	322	4233.6	-4.2	0.3	0.4714	7.1	0.5
4006	1995	323	2851.2	-4.6	-1	0.4725	10.7	12.4
4006	1995	324	6912	-4.9	-0.4	0.4476	4.3	0
4006	1995	325	6739.2	-7.7	-2.2	0.3597	6.3	0
4006	1995	326	6739.2	-7.3	8.4	0.4387	2.9	0
4006	1995	327	1641.6	1.8	4.1	0.74	2.2	0
4006	1995	328	4060.8	-0.8	4.3	0.6724	2.7	0
4006	1995	329	2851.2	-1.9	1	0.5795	3.8	0
4006	1995	330	2419.2	-3.5	-1.8	0.4878	5.3	0
4006	1995	331	2505.6	-4.2	-1.2	0.481	2.6	0
4006	1995	332	1555.2	-2.4	0.6	0.5607	4.5	0.2
4006	1995	333	1555.2	-0.2	2.4	0.6484	1.8	0.1
4006	1995	334	1555.2	-1.5	0.5	0.5774	5.1	0
4006	1995	335	1555.2	-1.9	-0.3	0.5469	3.2	0
4006	1995	336	1555.2	-1	2.4	0.6299	2.1	4.8
4006	1995	337	2764.8	-3	2.4	0.5679	2.7	0
4006	1995	338	1555.2	-4	-1.6	0.4625	5.7	0
4006	1995	339	1468.8	-6.1	-3.9	0.3752	7.3	0
4006	1995	340	1468.8	-7	-5.3	0.3553	4.2	0.1
4006	1995	341	1468.8	-7.4	-5.1	0.3526	4.5	0
4006	1995	342	1468.8	-6.9	-3.8	0.39	5.1	0
4006	1995	343	5702.4	-5.7	1.3	0.4836	3.5	0
4006	1995	344	5875.2	-5.6	-0.2	0.4393	4.8	0
4006	1995	345	1468.8	-3.6	1.5	0.5093	2.5	0
4006	1995	346	1728	-4.4	-1.8	0.4572	4.1	0.7
4006	1995	347	1468.8	-5.6	-4	0.3767	6.5	0.2
4006	1995	348	1468.8	-7.4	-4.9	0.3476	7.9	0.4
4006	1995	349	1468.8	-5.4	-4.3	0.4008	7.4	0
4006	1995	350	1468.8	-5.3	-3.9	0.4085	9.6	0
4006	1995	351	3801.6	-5.1	1.8	0.5199	4.3	0.4
4006	1995	352	1382.4	0.6	4.3	0.7141	4.7	2.3
4006	1995	353	1382.4	0.1	0.9	0.6209	3.4	0
4006	1995	354	1382.4	-1.2	3.2	0.6109	5.5	16.4
4006	1995	355	1382.4	-2	4	0.6437	4.4	8.6
4006	1995	356	1382.4	3.3	7.9	0.8274	5.9	8.5
4006	1995	357	1382.4	6.5	10.2	0.9113	10.3	2
4006	1995	358	1468.8	3.1	8.2	0.8485	7.8	14.8
4006	1995	359	1468.8	-1.1	4.3	0.6652	4.2	9.3
4006	1995	360	1468.8	-4.7	-1.1	0.469	3.3	0
4006	1995	361	3542.4	-7.8	-3.8	0.3491	2.7	0.1
4006	1995	362	1728	-11.3	-7.3	0.2692	5.1	0
4006	1995	363	4924.8	-11.7	-8.8	0.2385	8.6	0
4006	1995	364	1468.8	-11.8	-6.1	0.2798	6.8	1
4006	1995	365	1468.8	-7.9	-1.9	0.3993	4	0
