*---------------------------------------------------------------------------*
* Station name: STOTTEN                                 
* Year: 1996
* Author: Pedro Alencar                                   -999.000: NIL VALUE
* Source: ECAD 
* Comments: 
* Longitude: 48.6667, latitude: 48.6667, altitude: 734 m.
*
* Column  Daily value
* 1       station number
* 2       year
* 3       day
* 4       irradiation                   (kJ m-2 d-1)
* 5       minimum temperature           (degrees Celsius)
* 6       maximum temperature           (degrees Celsius)
* 7       early morning vapour pressure (kPa)
* 8       mean wind speed (height: 2 m) (m s-1)
* 9       precipitation                 (mm d-1)
*
** WCCDESCRIPTION=GERMANY, STOTTEN                                 
** WCCFORMAT=2
** WCCYEARNR=1996
*---------------------------------------------------------------------------*
   48.6667  9.8656    734.  -0.18 -0.55
4006	1996	1	3628.8	-6.4	-0.6	0.4484	3.8	0
4006	1996	2	1468.8	-6.8	-4.1	0.383	2.6	0
4006	1996	3	1468.8	-4.6	-2	0.4552	2.4	0
4006	1996	4	3628.8	-6.4	-4.1	0.3847	4.4	0
4006	1996	5	1555.2	-9.8	-5.9	0.3083	7.7	0
4006	1996	6	1555.2	-11.3	-5.9	0.294	5.6	1.8
4006	1996	7	1555.2	-7.3	4.1	0.5326	3.6	2.7
4006	1996	8	5356.8	-1.4	5.5	0.6728	3.7	0
4006	1996	9	1555.2	-1.8	-0.1	0.553	5.9	0
4006	1996	10	1555.2	-2.8	-1.7	0.4973	6.4	0
4006	1996	11	5875.2	-2.7	5	0.6042	3.8	0
4006	1996	12	2160	-2.6	8.9	0.628	3.4	0
4006	1996	13	5702.4	0.4	7.7	0.7344	2.9	0
4006	1996	14	1641.6	-3.3	3.2	0.5844	4.9	0.4
4006	1996	15	1641.6	-3.7	-1.8	0.4792	2.9	0
4006	1996	16	1728	-4.3	-2.8	0.4514	2.7	0
4006	1996	17	1728	-6.1	-4	0.3948	3.1	0
4006	1996	18	5875.2	-7.2	-1	0.4242	2.7	0
4006	1996	19	5616	-6.4	0.1	0.4554	3.6	0
4006	1996	20	1814.4	-7.4	-5.9	0.3457	7.7	0
4006	1996	21	1814.4	-7	-5.9	0.351	7.8	0.3
4006	1996	22	1814.4	-7.1	-5.5	0.3513	9.2	0.1
4006	1996	23	1814.4	-6.8	-4.6	0.3717	9.9	1
4006	1996	24	1900.8	-6	-4.9	0.3789	7.7	0
4006	1996	25	1900.8	-8.5	-5.9	0.3278	6.2	0
4006	1996	26	1900.8	-10	-7.4	0.2917	5.8	0
4006	1996	27	2851.2	-7.9	-4.1	0.3672	5.2	0
4006	1996	28	1987.2	-7.9	-4.5	0.3617	6.4	0
4006	1996	29	1987.2	-7.1	-5	0.3619	8.5	0
4006	1996	30	4752	-6.3	-2.6	0.4131	8.8	0
4006	1996	31	8294.4	-9.6	-3.8	0.3369	10.3	0
4006	1996	32	7948.8	-10.3	-1	0.3491	4.8	0
4006	1996	33	5788.8	-6.2	2.5	0.3842	3.7	0.8
4006	1996	34	2160	-2.6	1.8	0.5697	4.2	1.2
4006	1996	35	3888	-8.3	-2.5	0.3681	2.6	0
4006	1996	36	8467.2	-8.7	-4.2	0.2944	2.7	0
4006	1996	37	7171.2	-11.6	-6.6	0.2519	8.1	0
4006	1996	38	3196.8	-12.9	-7.2	0.2594	5.2	0
4006	1996	39	5443.2	-11.1	-6.5	0.2831	5.3	0
4006	1996	40	4579.2	-7.2	-2.9	0.3948	3.4	0.1
4006	1996	41	2419.2	-8.1	1	0.4185	3.6	0.5
4006	1996	42	4147.2	-1.4	2.5	0.5595	4.7	2
4006	1996	43	3024	-1.4	2.6	0.5297	5.1	2.8
4006	1996	44	2592	-2.1	1.4	0.5361	10.5	12.6
4006	1996	45	2592	-4.3	-2	0.4603	5.6	0.9
4006	1996	46	2678.4	-5	-3.4	0.4031	3.1	1
4006	1996	47	2678.4	-5	0.1	0.49	8.3	10.3
4006	1996	48	3196.8	-0.8	1.3	0.5973	12.3	1.5
4006	1996	49	2764.8	-1	2.2	0.5807	8.4	2.3
4006	1996	50	4406.4	-2.3	1.4	0.5085	3.5	4.5
4006	1996	51	2851.2	-4	-1.7	0.4757	4.6	0.3
4006	1996	52	3715.2	-8.4	-2.8	0.3424	4.6	0.1
4006	1996	53	4233.6	-11	-7.9	0.26	5.8	0.1
4006	1996	54	9936	-13.8	-5.6	0.2198	1.9	0
4006	1996	55	8121.6	-10.9	-0.4	0.2889	3	0
4006	1996	56	9504	-2.6	7.4	0.3776	4.1	0
4006	1996	57	12528	1.8	10.1	0.503	3.2	0
4006	1996	58	12700.8	-2.2	6.3	0.4674	5.1	0
4006	1996	59	12441.6	-2.7	4.9	0.483	5.5	0
4006	1996	60	12441.6	-4.9	5.8	0.4482	4	0
4006	1996	61	6220.8	-4.4	2.1	0.5281	7.1	1.9
4006	1996	62	9676.8	-7.4	-2.1	0.3523	3.6	0
4006	1996	63	9417.6	-7.8	-1	0.3485	2.7	0.2
4006	1996	64	13219.2	-9.5	-1.1	0.2885	1.7	0
4006	1996	65	10800	-6.3	-0.2	0.3366	4.2	1.2
4006	1996	66	3628.8	-3.4	-0.4	0.505	3.3	0.6
4006	1996	67	6220.8	-3.8	0.8	0.4435	6	0
4006	1996	68	15206.4	-5	1.6	0.3885	7.3	0
4006	1996	69	15292.8	-6.3	1.2	0.38	6.8	0
4006	1996	70	15811.2	-7	1.6	0.3207	7.4	0
4006	1996	71	5270.4	-8.8	-2.6	0.3118	3	0
4006	1996	72	7084.8	-10.5	-6.3	0.2726	3.2	0
4006	1996	73	9244.8	-11	-4	0.275	3.7	0
4006	1996	74	15897.6	-8.2	2.2	0.3724	7.5	0
4006	1996	75	9763.2	-4.7	2.4	0.5	6	0
4006	1996	76	10713.6	-1.9	5	0.5808	4	0
4006	1996	77	5356.8	1	6.9	0.6482	2.1	0
4006	1996	78	5702.4	-0.2	5.1	0.6413	2.7	0.3
4006	1996	79	11750.4	1	6.3	0.6506	2.7	0
4006	1996	80	17280	-1.4	9.2	0.5571	2.3	0.7
4006	1996	81	11404.8	2.9	9.3	0.7624	2.8	6.4
4006	1996	82	9417.6	2.2	7.9	0.7439	4.1	8.8
4006	1996	83	6220.8	3.1	9.5	0.9257	2.4	2.3
4006	1996	84	10022.4	4	10.9	0.9501	3.4	0
4006	1996	85	15206.4	2.5	9.6	0.7598	5.3	4.8
4006	1996	86	10540.8	2.8	13.2	0.9864	3.9	9.9
4006	1996	87	9504	-2.7	5.1	0.5331	4.8	0.1
4006	1996	88	17798.4	-5.9	3.8	0.3962	3.5	0
4006	1996	89	7344	-3.1	0.4	0.4761	5.8	5.2
4006	1996	90	10627.2	-3.2	-0.2	0.5018	5.6	3.3
4006	1996	91	13824	-4.2	0.4	0.3934	4.9	0.1
4006	1996	92	16156.8	-3.3	2.9	0.4155	3.5	0
4006	1996	93	10454.4	-6	-0.1	0.4198	4	0
4006	1996	94	7689.6	-4.4	-1.3	0.441	5.3	1
4006	1996	95	5097.6	-3.4	-1	0.4888	2.7	3.1
4006	1996	96	5184	-2	1.1	0.5617	4.7	0
4006	1996	97	17884.8	-1	12.3	0.7299	2.7	0
4006	1996	98	21772.8	4	14.9	0.6504	2.2	0
4006	1996	99	16416	6.2	14.4	0.8012	2.9	1.1
4006	1996	100	17539.2	1.3	10.8	0.7785	4.1	0
4006	1996	101	17798.4	2.8	11.9	0.7385	2.3	0
4006	1996	102	5443.2	5.3	8.7	0.8111	2.4	9.5
4006	1996	103	5529.6	-0.8	5.8	0.7021	2.7	1.9
4006	1996	104	18489.6	-2.2	5.8	0.4939	2.7	0
4006	1996	105	12268.8	-2.1	7	0.481	3.2	0
4006	1996	106	23068.8	0.4	9.7	0.3763	2.5	0
4006	1996	107	23760	2.5	12.6	0.3223	2.9	0
4006	1996	108	23760	2.4	15.1	0.4399	4.5	0
4006	1996	109	19526.4	5.9	14.9	0.8695	4.1	0
4006	1996	110	22809.6	7.5	19	0.7299	2.9	0
4006	1996	111	24019.2	12.4	21.4	0.6345	2.5	0
4006	1996	112	24796.8	10.4	22.6	0.5061	2.5	0
4006	1996	113	22204.8	13	22.3	0.5846	3.5	0
4006	1996	114	19008	10.4	22.8	1.0375	5.1	5.4
4006	1996	115	12441.6	6.4	13.2	1.0412	3.8	3.6
4006	1996	116	17539.2	6.1	13	0.7977	1.8	0
4006	1996	117	21686.4	6.7	15.2	0.7712	3.4	0
4006	1996	118	21168	6.9	17.8	0.8746	5.8	0
4006	1996	119	10627.2	9.7	15	1.104	3	0.7
4006	1996	120	6998.4	8.6	13.1	1.0258	3.1	7.4
4006	1996	121	9590.4	6.7	11	1.0789	2.5	6
4006	1996	122	16329.6	6.3	15.5	0.9641	2.6	0
4006	1996	123	21600	7.4	15.2	0.9365	3.7	3.1
4006	1996	124	12268.8	4.4	11.4	0.8945	3.7	1.5
4006	1996	125	12096	4.2	9.7	0.8383	5.9	3.9
4006	1996	126	15724.8	2	12.4	0.7106	1.8	0
4006	1996	127	25574.4	4.9	17.6	0.8401	2.7	0
4006	1996	128	25574.4	8.7	19.1	1.1898	4.1	13.9
4006	1996	129	7689.6	7.3	12.1	1.1545	3.3	0.2
4006	1996	130	6652.8	1.5	7.4	0.8308	4.6	1.1
4006	1996	131	6652.8	0.9	5.8	0.7612	2.5	0
4006	1996	132	6739.2	4.6	8.8	0.9221	3.1	0
4006	1996	133	6739.2	7	9.7	0.9991	4	9.1
4006	1996	134	6739.2	6.7	7.5	0.9982	5.1	19.6
4006	1996	135	6825.6	6.6	9.8	1.0868	3.5	2.3
4006	1996	136	6825.6	9.2	11.1	1.2393	2.7	1.5
4006	1996	137	19008	6.1	15.9	1.1804	3.2	5.4
4006	1996	138	18662.4	10.7	19.1	1.4215	3.4	6.4
4006	1996	139	21081.6	10.1	18.1	1.3821	3.3	2.6
4006	1996	140	18489.6	7.6	17.5	1.3655	4.4	5.7
4006	1996	141	10540.8	6.5	11.8	1.0083	4.1	0
4006	1996	142	22636.8	6.1	14	0.9479	3	11.8
4006	1996	143	21945.6	4.7	13	0.8177	4.8	0.8
4006	1996	144	10627.2	7	13.2	1.0499	5.8	0.8
4006	1996	145	26438.4	8.9	21.7	1.0938	3	6.6
4006	1996	146	12528	8.5	17.5	1.3764	6.6	11.3
4006	1996	147	12787.2	7	13.4	1.0818	5	9.1
4006	1996	148	10713.6	8.7	12.9	1.2036	8.8	21.3
4006	1996	149	18748.8	3	8.9	0.7452	6	0
4006	1996	150	28771.2	3.9	17.5	0.7328	2.1	0
4006	1996	151	29980.8	9.3	20.7	0.8005	4.1	0
4006	1996	152	30153.6	14.9	26.5	1.2917	2.7	0
4006	1996	153	19785.6	13.4	20.7	1.514	4.5	6.6
4006	1996	154	6652.8	9	13.9	1.3242	4.2	1
4006	1996	155	7948.8	9.7	12.4	1.2633	3.1	0
4006	1996	156	27129.6	9.6	19	1.107	3	0
4006	1996	157	27993.6	10.2	21.1	1.1542	5.3	0
4006	1996	158	30067.2	13	27.5	1.3986	2.8	0
4006	1996	159	28684.8	19.9	28.2	1.4336	2.3	0
4006	1996	160	23587.2	18.4	25.5	1.5785	3.4	9.4
4006	1996	161	27043.2	14	24.4	1.6881	2.7	0
4006	1996	162	20995.2	17.3	25.7	1.7405	2.3	2.3
4006	1996	163	29808	15.6	26.6	1.3737	1.8	0
4006	1996	164	24796.8	18.1	25.2	1.9632	3.6	0.7
4006	1996	165	26092.8	10.4	18.6	1.1214	3.9	0
4006	1996	166	30499.2	7.1	17.7	0.8487	3.3	0
4006	1996	167	30672	7.2	19.9	0.8684	3.2	0
4006	1996	168	29808	9.4	20.3	0.9783	2.7	0
4006	1996	169	30758.4	11.6	23.2	0.9525	2.1	0
4006	1996	170	25488	14.8	23.7	1.1141	5.1	0
4006	1996	171	22809.6	10.9	18.8	1.2145	4.8	0
4006	1996	172	14947.2	6.8	15.5	1.1392	4.4	7.5
4006	1996	173	9244.8	10.1	14.5	1.2719	3.3	21.4
4006	1996	174	9504	6.2	10.6	1.0245	4.6	6.6
4006	1996	175	11145.6	6.2	11.1	1.0532	3.6	8.2
4006	1996	176	8121.6	6.6	11.3	0.9948	2.8	0.2
4006	1996	177	20649.6	6.1	13.9	0.8589	2.5	0
4006	1996	178	17452.8	7.4	16.5	0.9776	2.1	0
4006	1996	179	23414.4	9.4	19.3	1.1433	3.9	0
4006	1996	180	20736	11.1	20.6	1.2949	3.4	0
4006	1996	181	19785.6	10	19.8	1.2184	7.7	7.4
4006	1996	182	11059.2	7.4	13.7	1.0565	6.6	5.2
4006	1996	183	12182.4	9.4	14.4	1.2667	6.5	7.8
4006	1996	184	17193.6	8.9	14.7	1.0786	5.3	0
4006	1996	185	28252.8	7.9	19	0.9552	3.3	0.2
4006	1996	186	13392	13.2	22	1.5875	5.3	0.4
4006	1996	187	16329.6	13.4	22.8	1.6175	4.7	7.7
4006	1996	188	13478.4	9.7	14.8	1.225	5	2.9
4006	1996	189	9331.2	8.9	15.2	1.1387	4	36.7
4006	1996	190	6652.8	6.7	10.9	1.1319	7.2	48.5
4006	1996	191	11145.6	5.5	13.4	1.0288	6.7	9.6
4006	1996	192	6652.8	9.1	13.2	1.3246	6.1	13.9
4006	1996	193	19180.8	10.2	17.7	1.305	2.9	0
4006	1996	194	13910.4	12.4	20.4	1.4715	2.4	3.9
4006	1996	195	27302.4	13.4	23.4	1.4791	2.4	0
4006	1996	196	28684.8	13.9	24	1.5527	2.8	0
4006	1996	197	26870.4	16.7	23.7	1.7251	2.6	0
4006	1996	198	24796.8	10.7	18.1	1.2289	3.4	0
4006	1996	199	27734.4	6.7	19	0.9926	3.3	0
4006	1996	200	29203.2	8.9	18.4	1.0926	2.9	0
4006	1996	201	24537.6	7.1	18	0.9733	4.1	0
4006	1996	202	24796.8	7.6	17.4	0.8253	3.7	0
4006	1996	203	25660.8	8.9	18.8	0.9013	2.9	0
4006	1996	204	29116.8	10.8	20.6	0.9085	3.9	0
4006	1996	205	24192	12.2	27.2	1.3977	3.8	10.6
4006	1996	206	17798.4	11.8	20.2	1.5434	5.6	3.7
4006	1996	207	14515.2	10.5	14.9	1.3644	6.1	0.7
4006	1996	208	24883.2	11.4	20.3	1.3668	2.7	0
4006	1996	209	25920	11.6	24	1.3228	3.3	0.9
4006	1996	210	15465.6	16.8	22.4	1.7534	2.2	0.2
4006	1996	211	24624	14.8	24	1.5968	1.9	3.1
4006	1996	212	24105.6	12	21.2	1.4148	3.6	0.5
4006	1996	213	24624	12.1	23.4	1.3592	3.2	0
4006	1996	214	27388.8	16.8	26.4	1.5194	2.3	0
4006	1996	215	19872	14.5	22.6	1.6211	2.8	0.7
4006	1996	216	10972.8	12.4	18.9	1.6691	2.4	6.2
4006	1996	217	14947.2	11.1	17	1.3616	3.9	0
4006	1996	218	26006.4	8.2	19.5	1.0911	5.6	0
4006	1996	219	16502.4	8.9	20.3	1.3279	3.5	2.9
4006	1996	220	9158.4	14.5	19.7	1.8303	2.5	0.1
4006	1996	221	17712	13.4	21.8	1.5273	1.8	0
4006	1996	222	24364.8	14.7	24	1.4349	2.9	0
4006	1996	223	19612.8	14.4	25.4	1.6007	2.7	15.2
4006	1996	224	12182.4	13	18.8	1.732	3.4	20.5
4006	1996	225	11923.2	10.9	14.7	1.3586	3.6	14.9
4006	1996	226	12873.6	10.3	16.9	1.338	4.5	15.6
4006	1996	227	7171.2	11.3	17.1	1.5043	5.5	0
4006	1996	228	12614.4	11.6	19.1	1.4631	3.2	0.9
4006	1996	229	12355.2	11.7	18.2	1.5279	3	0
4006	1996	230	21254.4	13.6	21	1.4789	2.4	0
4006	1996	231	23673.6	12.2	20.8	1.3496	4.9	0
4006	1996	232	24624	13	23.6	1.2179	6.7	0
4006	1996	233	22809.6	12.5	24.6	1.3011	2.9	2.5
4006	1996	234	10281.6	14.2	21.5	1.5719	2.1	1.1
4006	1996	235	12268.8	13.9	21.6	1.7649	3.1	0
4006	1996	236	18057.6	13.2	22.5	1.5719	2.2	0
4006	1996	237	6307.2	12.6	17.9	1.6096	3.4	1.2
4006	1996	238	13737.6	11.8	17.2	1.4018	2.7	6.6
4006	1996	239	16070.4	12.6	19.8	1.3977	1.9	5.9
4006	1996	240	10713.6	12.1	18.8	1.5777	2.2	11
4006	1996	241	12355.2	9.3	14.9	1.2553	5.8	1.5
4006	1996	242	20390.4	7.4	17.3	1.1327	5.5	0.1
4006	1996	243	13392	7.6	16	1.1062	4.7	2.2
4006	1996	244	9936	9.7	14.2	1.3128	3.6	1.3
4006	1996	245	7516.8	8	12.3	1.0658	3.2	0
4006	1996	246	12096	6.7	15.2	1.0196	4.7	0
4006	1996	247	13478.4	8.9	18	1.2633	6.6	0
4006	1996	248	16070.4	10.3	20	1.3413	5.4	0
4006	1996	249	15811.2	10.1	17.3	1.0805	3.2	0
4006	1996	250	15638.4	5.9	13.3	0.8123	4	2.6
4006	1996	251	11577.6	2.7	11.2	0.8183	2.8	0
4006	1996	252	6825.6	5.3	10.8	0.8284	2.2	0
4006	1996	253	10195.2	5.3	11.4	0.7795	2.6	0
4006	1996	254	14169.6	5	14.3	0.863	3.2	0
4006	1996	255	5356.8	7.9	12.1	1.1043	3.1	0
4006	1996	256	9158.4	6.6	12.7	1.0667	6	12.2
4006	1996	257	5961.6	2.1	7.3	0.8455	8.3	18.2
4006	1996	258	5875.2	6.1	10.3	1.0868	5.4	12.2
4006	1996	259	5097.6	7	10.1	1.1129	3.4	0.6
4006	1996	260	16675.2	5.3	12.1	0.9106	3.4	0
4006	1996	261	13392	3.8	10.7	0.8455	4.3	0
4006	1996	262	9158.4	1.9	8.8	0.7864	7.1	0
4006	1996	263	15552	4.3	14.8	0.9762	7	0
4006	1996	264	5529.6	4.8	10.4	0.9599	3.2	1.7
4006	1996	265	6739.2	5.6	11	1.0614	2.9	0.3
4006	1996	266	4060.8	7.8	11.1	1.1826	3.1	0.7
4006	1996	267	3974.4	8.1	9.3	1.1243	3.9	20.8
4006	1996	268	6134.4	6	10.6	1.0395	5	0.3
4006	1996	269	11836.8	4.1	11.8	0.8975	1.8	0
4006	1996	270	14342.4	6.7	14.4	0.9547	2.4	0
4006	1996	271	8121.6	7.5	14.8	1.1789	4.6	4.1
4006	1996	272	7862.4	6.8	12.5	1.0547	5.4	1.6
4006	1996	273	4320	7.3	13.5	0.8569	3.3	0
4006	1996	274	15206.4	10	22.3	0.9349	3.4	0
4006	1996	275	10281.6	10	18.8	1.0323	5.4	2.3
4006	1996	276	6825.6	5.6	10.7	0.9423	3.8	0.1
4006	1996	277	14342.4	3	13	0.7612	2.2	0
4006	1996	278	10800	5.3	13.1	0.8838	2.7	2.5
4006	1996	279	3369.6	5.5	9.2	1.0154	2.5	4.1
4006	1996	280	3888	4.9	7.7	0.9543	3.7	0
4006	1996	281	3283.2	6.7	9.3	1.0721	4.5	0
4006	1996	282	3283.2	8.8	11	1.2188	2.4	0.1
4006	1996	283	3801.6	8.9	11.8	1.2058	2.7	0
4006	1996	284	6220.8	7.8	12.5	1.1774	2.5	0
4006	1996	285	3628.8	7.8	10.9	1.1511	3.4	0
4006	1996	286	11404.8	6.6	15.6	1.1486	2.3	0
4006	1996	287	12528	8.1	15.2	1.0543	4	0
4006	1996	288	11145.6	5.3	16.1	0.9257	3.5	0
4006	1996	289	5443.2	7.8	15.1	1.108	3.1	9.5
4006	1996	290	2937.6	5.9	9.9	1.0649	5.9	23.2
4006	1996	291	2851.2	3.2	6	0.8481	4.1	5
4006	1996	292	7689.6	3.4	8.4	0.8819	2.8	4.9
4006	1996	293	2764.8	4.7	9.1	0.9945	6.3	10.5
4006	1996	294	2764.8	4.9	9.1	1.0014	7.6	13.1
4006	1996	295	2678.4	7.6	11.4	1.1865	8.1	15.5
4006	1996	296	7516.8	3.8	8.9	0.8906	3	0
4006	1996	297	10627.2	1.2	9.3	0.7454	5.6	0
4006	1996	298	8640	0.7	8.2	0.7721	7.4	0
4006	1996	299	6912	-0.7	4.9	0.6823	4.4	0.6
4006	1996	300	5961.6	4.9	11.8	0.9113	3.2	0
4006	1996	301	6912	6.5	12.9	0.938	4.3	0.8
4006	1996	302	6307.2	8.7	14.9	0.8297	8	0.8
4006	1996	303	5443.2	3.9	13.2	0.9126	11.2	6.3
4006	1996	304	4838.4	2.4	5.5	0.6482	8	0
4006	1996	305	8812.8	1.5	8.3	0.6062	3.8	10.2
4006	1996	306	2246.4	5.4	9	0.9746	8.7	15.1
4006	1996	307	2246.4	6.9	10.4	0.9412	7.2	0
4006	1996	308	8812.8	4.9	17.5	1.143	3.5	0
4006	1996	309	8208	4.9	15.6	0.7611	3.8	0
4006	1996	310	2160	5.3	11.8	0.8792	8.1	1
4006	1996	311	6307.2	2.3	11.1	0.7553	8.2	1.3
4006	1996	312	2073.6	6.3	10.3	0.9848	9.2	33.1
4006	1996	313	3888	3.2	6.9	0.7876	7.1	7.5
4006	1996	314	5356.8	1.7	7.7	0.6747	4.7	0
4006	1996	315	3888	1.5	6.4	0.6563	2.8	0.8
4006	1996	316	5270.4	2.6	10.4	0.716	4.6	0
4006	1996	317	2937.6	6.2	13.9	1.0095	4.1	0
4006	1996	318	1900.8	4	8.1	0.9099	4.7	17.1
4006	1996	319	1900.8	0	4.2	0.6752	4.7	0.1
4006	1996	320	1814.4	-0.4	1.3	0.6186	4.3	0.1
4006	1996	321	1814.4	0	1.2	0.6254	1.9	0
4006	1996	322	1814.4	-0.8	1	0.6155	1.9	0
4006	1996	323	1728	-1.2	0.1	0.5811	5.1	4.5
4006	1996	324	4924.8	-0.9	2.1	0.5743	6.3	0.7
4006	1996	325	4233.6	0.9	5.2	0.5855	8.4	2.5
4006	1996	326	3110.4	-2.9	2.9	0.5988	8.2	7.6
4006	1996	327	6566.4	-4.5	-1.2	0.4459	1.9	0
4006	1996	328	2592	-6	-2.5	0.4194	4	0.7
4006	1996	329	2678.4	-4.1	-2.1	0.4426	5.6	1.6
4006	1996	330	1900.8	-4.5	1.5	0.5202	4.4	6.4
4006	1996	331	1641.6	0.2	1.7	0.6479	5.7	8.7
4006	1996	332	2592	-3.8	0.4	0.5179	4.9	0.2
4006	1996	333	1555.2	-3.8	-2.7	0.4617	4.6	1.5
4006	1996	334	3801.6	-4.9	-0.4	0.4677	7.8	14.4
4006	1996	335	1555.2	-1.2	0.3	0.5854	6.2	8.6
4006	1996	336	1900.8	-3.3	-0.3	0.5034	5.9	3.3
4006	1996	337	2332.8	-3.3	3	0.5621	9.2	4.5
4006	1996	338	3283.2	-1.2	2.2	0.5195	4.3	0
4006	1996	339	5875.2	1	10.2	0.6274	4.2	0
4006	1996	340	5875.2	-0.5	7.3	0.5612	3.1	0
4006	1996	341	2592	-5.3	1.3	0.5066	4.4	0
4006	1996	342	1468.8	-4.1	-2.7	0.4565	3.4	0
4006	1996	343	1468.8	-4.9	-3.8	0.4207	5.5	0
4006	1996	344	1468.8	-5.4	-4.1	0.4082	7.4	0
4006	1996	345	1468.8	-5.6	-2.2	0.4352	5.2	0
4006	1996	346	1468.8	-4.4	-2.2	0.46	2.4	0
4006	1996	347	5702.4	-5.8	5.5	0.5439	3	1.5
4006	1996	348	1900.8	-1.8	4.3	0.6153	3.9	1.3
4006	1996	349	1468.8	-3.7	3.5	0.5884	3.5	0
4006	1996	350	4060.8	-4.8	-0.4	0.4694	5.5	0.2
4006	1996	351	4406.4	-1.4	2.1	0.5891	3.2	0
4006	1996	352	3974.4	-2.7	2.8	0.5458	3.4	7.9
4006	1996	353	2332.8	1.3	6.6	0.7779	3.4	0.3
4006	1996	354	1382.4	5	7.8	0.836	3	4.1
4006	1996	355	1382.4	0.6	6.4	0.7772	2.4	5.3
4006	1996	356	1382.4	-2.8	0.8	0.5623	6.1	0.2
4006	1996	357	2160	-5.9	-2.6	0.4239	7.9	3.4
4006	1996	358	1468.8	-7.2	-2.8	0.4005	6.1	6.7
4006	1996	359	1728	-9.5	-7.2	0.2998	7.2	0
4006	1996	360	5529.6	-14.4	-8.9	0.2258	6.3	0
4006	1996	361	5616	-13.8	-9.4	0.2217	6.7	0
4006	1996	362	2332.8	-16	-13.1	0.1684	7.4	0
4006	1996	363	3974.4	-18.4	-14.4	0.141	6.3	0
4006	1996	364	5702.4	-16.7	-10	0.1705	3.4	0.1
4006	1996	365	2160	-13.6	-9.6	0.2242	3.3	0.3
4006	1996	366	4752	-16.1	-12.2	0.1761	6	0
