*---------------------------------------------------------------------------*
* Station name: STOTTEN                                 
* Year: 2016
* Author: Pedro Alencar                                   -999.000: NIL VALUE
* Source: ECAD 
* Comments: 
* Longitude: 48.6667, latitude: 48.6667, altitude: 734 m.
*
* Column  Daily value
* 1       station number
* 2       year
* 3       day
* 4       irradiation                   (kJ m-2 d-1)
* 5       minimum temperature           (degrees Celsius)
* 6       maximum temperature           (degrees Celsius)
* 7       early morning vapour pressure (kPa)
* 8       mean wind speed (height: 2 m) (m s-1)
* 9       precipitation                 (mm d-1)
*
** WCCDESCRIPTION=GERMANY, STOTTEN                                 
** WCCFORMAT=2
** WCCYEARNR=2016
*---------------------------------------------------------------------------*
   48.6667  9.8656    734.  -0.18 -0.55
4006	2016	1	3196.8	0.1	4.2	0.699	2.9	0
4006	2016	2	1468.8	-1.1	2.6	0.6451	4	13.6
4006	2016	3	2332.8	-2	4.4	0.6597	3.1	6.5
4006	2016	4	2160	-2.8	3.6	0.6101	5.1	8.2
4006	2016	5	3456	-0.4	3.6	0.6515	4.2	1.4
4006	2016	6	1555.2	0.1	2.1	0.6417	3.4	1.5
4006	2016	7	3369.6	-0.1	4.2	0.6728	4.6	4.9
4006	2016	8	4665.6	0.8	4.4	0.6408	5.2	0.2
4006	2016	9	1555.2	1.4	5.9	0.7775	2.2	0
4006	2016	10	1555.2	1.3	5	0.7352	4.9	5.2
4006	2016	11	2505.6	-0.2	4.5	0.642	6.6	7.2
4006	2016	12	2246.4	0.6	3.3	0.6047	10	0.7
4006	2016	13	1641.6	-1.1	1.5	0.5455	11.1	1.4
4006	2016	14	5788.8	-3	1.5	0.4686	4.1	2
4006	2016	15	1641.6	-3.3	-0.1	0.5018	10.2	10.7
4006	2016	16	1728	-4.1	-2.4	0.4761	6.3	4.9
4006	2016	17	1728	-7.6	-4	0.3888	5.3	3.5
4006	2016	18	3888	-10.1	-7.1	0.3035	4	0
4006	2016	19	1728	-10	-3.4	0.3517	2.3	0
4006	2016	20	6307.2	-9	-4.6	0.327	3.2	0.1
4006	2016	21	3974.4	-6.4	-1.4	0.4077	2.9	0
4006	2016	22	2246.4	-8.5	-0.4	0.4263	3.8	2.7
4006	2016	23	1814.4	-0.3	2	0.6303	5.4	0.5
4006	2016	24	2592	0.1	5.4	0.5658	3.5	0.1
4006	2016	25	7084.8	3.8	10.6	0.8122	3.2	0
4006	2016	26	7171.2	4.3	11.7	0.7183	4.6	0
4006	2016	27	1987.2	7.5	10.8	0.846	7.9	0
4006	2016	28	1987.2	3	10.3	0.8114	5.9	5.7
4006	2016	29	7776	1.1	6.6	0.7402	5.6	0
4006	2016	30	5529.6	-0.2	7.1	0.618	8.3	5.7
4006	2016	31	2073.6	-0.1	8.9	0.8112	7.6	23.1
4006	2016	32	2505.6	6	9.7	0.9445	11.8	1.3
4006	2016	33	2764.8	4	8.6	0.7635	10	3.1
4006	2016	34	2160	-2.2	3.9	0.6303	6.5	8.8
4006	2016	35	2851.2	-1.7	1.4	0.5742	9.3	8.3
4006	2016	36	5270.4	0.4	6.3	0.7457	4.3	0.3
4006	2016	37	7430.4	1.4	11.3	0.6895	4.3	0
4006	2016	38	3024	1.1	8.3	0.6661	4.4	0
4006	2016	39	5184	0.2	10.2	0.7075	11.2	5.9
4006	2016	40	2419.2	-0.1	8.2	0.6936	10.4	6.9
4006	2016	41	4924.8	-1.8	1	0.5104	9.6	2
4006	2016	42	2505.6	-1	1.7	0.4951	5.5	0
4006	2016	43	6912	-1.7	2	0.5003	3.3	0.2
4006	2016	44	3283.2	-0.4	4.3	0.6751	3.8	2.4
4006	2016	45	5356.8	1.1	5.5	0.7121	5.5	7.9
4006	2016	46	2678.4	-0.8	1.4	0.6244	3.5	0.4
4006	2016	47	2678.4	-1.8	-0.4	0.5244	4.8	0
4006	2016	48	2678.4	-2.4	-1	0.5233	4.2	0
4006	2016	49	7689.6	-1.2	5.5	0.5849	2.4	0
4006	2016	50	2764.8	-3.6	1.4	0.5357	4.9	3.4
4006	2016	51	2851.2	-4.1	7.7	0.6331	8.3	15.4
4006	2016	52	2851.2	5.6	9.9	0.8959	11	0
4006	2016	53	9936	5.8	11.7	0.8686	9.1	0.2
4006	2016	54	3024	-1.7	7	0.6948	6.7	9.6
4006	2016	55	7257.6	-1.9	2.6	0.5515	3	3.1
4006	2016	56	3628.8	-3	-0.3	0.4928	2.3	1.5
4006	2016	57	11491.2	-4.3	1.4	0.3792	3.4	0
4006	2016	58	11750.4	-4.8	4.2	0.4424	5.9	0
4006	2016	59	4147.2	-1.2	2.7	0.5096	6.5	0
4006	2016	60	3283.2	-3.5	0.3	0.5218	5.9	3.8
4006	2016	61	4752	-3.7	0.2	0.4892	6	2.2
4006	2016	62	3888	-2.1	5	0.631	6.1	10.9
4006	2016	63	6480	-3	2.6	0.5359	4.9	6.1
4006	2016	64	7344	-2.9	3.2	0.5312	3.8	1
4006	2016	65	4060.8	-0.3	3.7	0.6216	2.5	4.7
4006	2016	66	6307.2	-2.4	1.7	0.5122	5.7	0.7
4006	2016	67	11059.2	-3.9	3.3	0.4723	2.7	0.1
4006	2016	68	9676.8	-6.1	-0.3	0.4296	2.6	0
4006	2016	69	3801.6	-4.6	0.2	0.4836	3.6	0
4006	2016	70	13564.8	-1.6	6.3	0.5716	2.1	0
4006	2016	71	6048	-2.3	4.1	0.5413	3.9	0
4006	2016	72	6652.8	-0.2	5.8	0.5827	4.5	0
4006	2016	73	6393.6	-0.6	5.6	0.607	6.9	0
4006	2016	74	14169.6	-2	6.1	0.517	7.2	0
4006	2016	75	4060.8	-2.1	0.7	0.4993	3.6	3.6
4006	2016	76	12528	-2.2	4.4	0.516	9.6	0
4006	2016	77	17539.2	-2.9	9.6	0.5515	4.6	0
4006	2016	78	17884.8	2.7	10.7	0.569	2.8	0
4006	2016	79	13046.4	-0.7	4.8	0.5807	3.3	0
4006	2016	80	13651.2	-0.4	7	0.6115	2.7	0
4006	2016	81	7344	-0.5	7.2	0.6059	2.4	0
4006	2016	82	7257.6	0.1	6.9	0.5888	3.2	0
4006	2016	83	6048	0.8	5.9	0.6602	3.2	0
4006	2016	84	5788.8	0.8	5.3	0.6159	3.3	0
4006	2016	85	4579.2	2.1	4	0.6616	5.5	14.7
4006	2016	86	18057.6	1.8	11.5	0.7723	3.8	0
4006	2016	87	8812.8	0.7	10	0.7059	4.9	0
4006	2016	88	13478.4	1.4	12.1	0.7481	5.9	7.5
4006	2016	89	15379.2	2.6	10.8	0.6376	7.7	1
4006	2016	90	8035.2	5.7	10.4	0.9467	4.5	2.3
4006	2016	91	14428.8	5.4	17.7	1.1017	3.2	0.7
4006	2016	92	5011.2	3.1	10.6	0.9614	3.9	0.3
4006	2016	93	10281.6	2.9	11.5	0.8934	5.2	0
4006	2016	94	12268.8	6.6	18.6	1.0348	3.1	0
4006	2016	95	14515.2	8.1	15.6	1.0544	3.9	0
4006	2016	96	13132.8	5.4	14.9	1.0534	5.3	9.1
4006	2016	97	14860.8	5.9	12.9	0.9075	4.9	0.1
4006	2016	98	6307.2	3.7	7.5	0.7183	4.6	0.3
4006	2016	99	6393.6	2.2	7.8	0.593	1.9	0
4006	2016	100	5356.8	3.9	7.2	0.6614	2.3	0.3
4006	2016	101	12960	3.8	11.1	0.7848	3.2	0
4006	2016	102	22377.6	2.2	14.4	0.7659	4.1	0.2
4006	2016	103	14515.2	6.3	14.3	0.9514	3.7	7
4006	2016	104	10368	5.9	12.3	1.0164	3.5	2.3
4006	2016	105	14688	4.5	11.8	0.8665	3.5	0.3
4006	2016	106	9936	5.8	11.9	0.9313	4.7	6.3
4006	2016	107	9417.6	6.5	12.5	1.0679	4.6	22.8
4006	2016	108	5788.8	2.8	8.1	0.8548	4.2	3.5
4006	2016	109	6480	2.5	7.6	0.7876	2.4	0
4006	2016	110	22291.2	1.9	10.6	0.6943	4.2	0
4006	2016	111	24796.8	2.3	13.5	0.6389	3.2	0
4006	2016	112	24364.8	3.4	17.4	0.5419	4.1	0
4006	2016	113	19958.4	9.4	16.6	0.8229	2.6	0.5
4006	2016	114	7171.2	0	10	0.7587	3.6	3.5
4006	2016	115	13824	-1.1	4.8	0.5934	4.8	3.1
4006	2016	116	11232	-2.3	3.4	0.5659	6.3	1.1
4006	2016	117	6912	-1.3	2.8	0.5741	6.8	8.9
4006	2016	118	15465.6	-1.8	4.8	0.5243	7.9	0.3
4006	2016	119	18835.2	-1.2	5.9	0.5861	3.1	0.4
4006	2016	120	22204.8	1.8	12.8	0.5724	2.2	0
4006	2016	121	19008	4.5	15.1	0.7385	2.9	0.6
4006	2016	122	13132.8	4.2	14.4	0.9717	4.7	1.1
4006	2016	123	24883.2	4.6	15.2	0.7313	3.1	0
4006	2016	124	17884.8	4.7	13.4	0.8864	5.4	0.9
4006	2016	125	23068.8	2.7	12.1	0.6587	3.2	0
4006	2016	126	27388.8	1.8	14.3	0.7531	6.2	0
4006	2016	127	27561.6	5.9	19.4	0.9212	4.3	0
4006	2016	128	27561.6	9.2	20.5	0.8603	4.5	0
4006	2016	129	27907.2	8.6	20.5	0.8603	6.5	0
4006	2016	130	26956.8	8.5	21	0.9218	5.2	0
4006	2016	131	8294.4	10.8	16.1	1.1247	3.9	0.1
4006	2016	132	19008	9.7	19.5	1.2615	5.3	0.2
4006	2016	133	6739.2	9.2	13.2	1.2094	3.4	9.2
4006	2016	134	9936	9.5	14.2	1.2903	3.5	1.8
4006	2016	135	11145.6	3.6	11.8	0.9139	4.8	0
4006	2016	136	12441.6	2.3	7.7	0.6192	5	2
4006	2016	137	7948.8	1.8	6.9	0.7667	5.1	7.8
4006	2016	138	17107.2	2.7	10.5	0.7209	2.8	0.4
4006	2016	139	19440	6.7	16.6	0.8215	2.2	5.2
4006	2016	140	10800	7.1	11.5	1.0185	3.6	0.9
4006	2016	141	23932.8	5.5	17	0.9334	2.9	0
4006	2016	142	27648	9.4	21	1.0178	2.3	0
4006	2016	143	25574.4	10.2	25	1.1856	4.1	0.5
4006	2016	144	6998.4	7	10.6	1.064	5.8	21.1
4006	2016	145	7084.8	6.8	7.8	1.0222	6.4	11.3
4006	2016	146	15724.8	6.5	15.5	1.1541	1.9	0
4006	2016	147	27734.4	8.6	20.9	1.2234	2.6	0.2
4006	2016	148	20131.2	13.5	21.3	1.4684	2.5	0.7
4006	2016	149	20822.4	13.6	20.3	1.6009	2.6	7.8
4006	2016	150	12614.4	11.7	19.9	1.5776	4.8	47.8
4006	2016	151	10454.4	10.3	16.8	1.3646	5.9	3
4006	2016	152	18662.4	9.5	18.5	1.2773	3.3	10.5
4006	2016	153	12528	10.1	15	1.2929	3.7	1.6
4006	2016	154	8726.4	10.7	16.1	1.3667	2.5	0.1
4006	2016	155	12960	11.3	17.3	1.4489	1.8	5.9
4006	2016	156	12960	12.1	17.6	1.5181	1.7	4.7
4006	2016	157	14860.8	12.5	18.2	1.6373	2.7	3.5
4006	2016	158	29635.2	12.6	22.6	1.3464	2.9	0
4006	2016	159	26438.4	13.8	22.6	1.3773	2.7	2.7
4006	2016	160	10022.4	12.1	17.5	1.53	2.5	23.6
4006	2016	161	17280	10.9	16.6	1.3196	3.3	0.2
4006	2016	162	29289.6	9.8	19.7	1.0559	2	1.7
4006	2016	163	9504	11.6	17.2	1.3928	2.6	1.3
4006	2016	164	11577.6	11.4	15.8	1.4469	4.8	6.7
4006	2016	165	12009.6	10.1	16.6	1.3623	4.5	6.5
4006	2016	166	12873.6	8.8	15.8	1.3005	3.9	4.4
4006	2016	167	19008	8.8	17.1	1.2079	4	6.3
4006	2016	168	6825.6	9.9	13.7	1.286	2.7	16.5
4006	2016	169	17452.8	8.8	16.3	1.2203	5.6	0.4
4006	2016	170	16502.4	9.8	17	1.2285	3.8	0.1
4006	2016	171	14083.2	8.9	15.8	1.2044	3.7	0
4006	2016	172	23587.2	8.1	19.3	1.1588	2.6	1.9
4006	2016	173	11577.6	10.4	20.4	1.5028	3	0.5
4006	2016	174	26438.4	14.5	25	1.6778	2.2	0
4006	2016	175	30412.8	16.6	28.4	1.7681	4	0
4006	2016	176	29980.8	15.5	29.9	1.652	3.3	12.2
4006	2016	177	19353.6	12.7	23.8	1.8002	4.4	12.6
4006	2016	178	18316.8	10.7	18.1	1.3108	2.5	13.7
4006	2016	179	25228.8	9.7	18.5	1.2374	3.6	0
4006	2016	180	19612.8	13.1	21.8	1.5129	2.1	0
4006	2016	181	24364.8	14.5	22	1.549	4.3	1.1
4006	2016	182	15897.6	14.3	21.8	1.6538	3	0
4006	2016	183	25574.4	14.4	23.4	1.5261	3	1.7
4006	2016	184	7516.8	8.9	18.9	1.3484	4.4	0.9
4006	2016	185	16070.4	9.1	16.5	1.078	2.8	0
4006	2016	186	18489.6	11.5	21.5	1.2559	1.8	0
4006	2016	187	24796.8	13	21.7	1.4242	4.4	0
4006	2016	188	25142.4	11.5	17.9	1.1026	4.2	0
4006	2016	189	29635.2	12	21.8	1.0575	2	0
4006	2016	190	26524.8	14	25.2	1.2979	3.5	0
4006	2016	191	26179.2	15.9	23.8	1.4801	4.3	0
4006	2016	192	29116.8	16.3	28.7	1.5505	2.6	0
4006	2016	193	21772.8	15.6	27.6	1.8027	4.2	7.6
4006	2016	194	6566.4	12.6	16.3	1.5123	2.5	1.7
4006	2016	195	17625.6	9.2	16.2	1.335	3.9	15.3
4006	2016	196	16243.2	8.4	15.9	1.1886	5.6	2.9
4006	2016	197	16243.2	7.8	15.2	1.0303	4.3	0
4006	2016	198	20995.2	9.1	19.2	1.0641	2.7	0
4006	2016	199	22723.2	13.5	23.2	1.4956	3.2	0
4006	2016	200	24105.6	15.2	24.6	1.5775	2.5	0
4006	2016	201	28944	16.4	26.7	1.3094	2.7	0
4006	2016	202	28771.2	18.3	29.5	1.5095	2.5	4.5
4006	2016	203	15638.4	15	22.3	1.8029	3.4	0.5
4006	2016	204	21945.6	15.1	24.4	1.8617	2.9	0.1
4006	2016	205	11664	14.7	21	1.8169	2.6	0.5
4006	2016	206	20217.6	15.3	24.6	1.9314	2.8	0.1
4006	2016	207	23328	16.2	24.7	1.9679	3.3	0
4006	2016	208	19440	13.9	25.4	1.7588	2.8	48.8
4006	2016	209	19094.4	14.7	22.2	1.7593	3.4	0
4006	2016	210	16848	14.1	21.6	1.6127	2.2	4.7
4006	2016	211	21168	14	23.2	1.6475	4.2	0
4006	2016	212	25660.8	15.5	25.2	1.6696	3.1	2.4
4006	2016	213	7776	13	19.8	1.6391	4	10.1
4006	2016	214	23500.8	9.4	19.5	1.1178	2	0
4006	2016	215	6825.6	13.7	18.5	1.4071	4.4	0.2
4006	2016	216	18489.6	12.7	23.5	1.5138	3.7	0
4006	2016	217	21254.4	12.9	25.2	1.4744	3.9	19.9
4006	2016	218	7862.4	10.6	16.3	1.4328	4.3	0.5
4006	2016	219	18316.8	10.7	19.1	1.3707	3.5	0
4006	2016	220	25920	12.4	23.1	1.278	1.7	0
4006	2016	221	23587.2	14.2	24	1.4348	4.2	0.2
4006	2016	222	9072	10.5	15.3	1.2634	3	0.9
4006	2016	223	16934.4	8.2	15.4	1.0924	4.4	0
4006	2016	224	20044.8	6.9	16.2	1.0201	3.4	2.8
4006	2016	225	8208	8.9	16.2	1.3655	4.1	1.2
4006	2016	226	25660.8	13.7	23.8	1.4903	2.8	0
4006	2016	227	24451.2	15.6	25.2	1.5551	2.9	0
4006	2016	228	23932.8	14.8	24.8	1.4525	3.2	0
4006	2016	229	24624	14.4	25	1.3977	3.2	0
4006	2016	230	17193.6	12.5	22.2	1.1869	2.8	0
4006	2016	231	15552	13.2	22	1.4871	2.9	0.1
4006	2016	232	13564.8	13	22	1.5576	2	0.7
4006	2016	233	13478.4	11.8	22.2	1.5479	3	5
4006	2016	234	16329.6	10	18.5	1.2495	5	0
4006	2016	235	17884.8	9.3	19.2	1.2171	3.3	0
4006	2016	236	23760	12.8	24.1	1.4838	2.3	0
4006	2016	237	23500.8	14.6	26	1.5456	5.2	0
4006	2016	238	23414.4	15.2	26.8	1.4646	5.3	0
4006	2016	239	23155.2	15.6	30.1	1.556	2.8	0
4006	2016	240	21859.2	19.8	29.7	1.7128	2.3	0
4006	2016	241	17625.6	18.8	29.6	1.6273	3.7	0.1
4006	2016	242	12268.8	13.8	22.2	1.3601	4.3	0.4
4006	2016	243	20304	12.1	23.3	1.3549	3.6	0
4006	2016	244	21254.4	12.3	24.3	1.4699	3.6	0
4006	2016	245	19872	15.9	23.4	1.439	3.5	0
4006	2016	246	19180.8	15.3	24.5	1.3919	2.4	0
4006	2016	247	15379.2	15.1	23.7	1.3044	2.9	0
4006	2016	248	9158.4	12.7	22	1.3847	4.9	11.5
4006	2016	249	6739.2	11.2	16	1.3691	4.9	0
4006	2016	250	16588.8	10.8	21.3	1.3662	3.1	0
4006	2016	251	15292.8	10.5	20.9	1.3894	5	0
4006	2016	252	20044.8	14	26.6	1.4505	2.9	0
4006	2016	253	19872	15	25	1.4705	3	0
4006	2016	254	16243.2	17.3	25.4	1.4203	2.1	0
4006	2016	255	15638.4	15.4	26.2	1.5694	2.5	0
4006	2016	256	19008	16.2	27.1	1.6274	2.6	0
4006	2016	257	19008	17	27.4	1.5225	2.9	0
4006	2016	258	18835.2	15	26.2	1.5017	4.6	0
4006	2016	259	15465.6	13.8	24.9	1.6591	5.2	0
4006	2016	260	12355.2	11.3	19.8	1.4114	3.8	2.7
4006	2016	261	5356.8	10.5	15.4	1.3869	4.8	24.5
4006	2016	262	4233.6	10.8	13.2	1.4012	4.6	3.7
4006	2016	263	4233.6	9.6	11.6	1.2643	5	1.9
4006	2016	264	7171.2	8.6	13.5	1.158	1.8	0
4006	2016	265	15379.2	7.2	14.5	0.9349	2.5	0
4006	2016	266	16675.2	7.1	16.2	0.9311	2.7	0
4006	2016	267	14860.8	10.1	16.4	1.1101	2.5	0
4006	2016	268	16243.2	9.6	17.9	1.1311	2.7	0
4006	2016	269	16416	9.2	20.4	1.1433	2.4	0
4006	2016	270	8035.2	11	17.3	1.5155	3.2	0.3
4006	2016	271	11059.2	10.7	17.3	1.437	2.1	2.2
4006	2016	272	14688	11.6	19.5	1.4291	3.7	0
4006	2016	273	15638.4	12.2	21.8	1.1803	5.1	0
4006	2016	274	12182.4	13	21	1.2577	4.2	0
4006	2016	275	8640	11.2	18.6	1.2353	4.4	0
4006	2016	276	7430.4	7.9	13.2	1.0056	5.3	3.6
4006	2016	277	5356.8	6	11.8	1.0712	5.5	2.4
4006	2016	278	3456	4.3	9.2	0.9351	3	0
4006	2016	279	12182.4	1.9	9.2	0.7249	5	0.1
4006	2016	280	3369.6	2.2	6.2	0.7999	2.7	0.3
4006	2016	281	3888	5.2	9.3	0.9372	2.4	0
4006	2016	282	3801.6	3.8	7.8	0.8389	1.7	0.1
4006	2016	283	6998.4	3.2	8.9	0.8067	2.1	1.8
4006	2016	284	4233.6	2.3	8.5	0.7532	2.2	0
4006	2016	285	4406.4	1.9	7.1	0.7243	2.5	0.3
4006	2016	286	9763.2	1.8	9.3	0.7883	3.2	0
4006	2016	287	6912	1.6	7.8	0.7772	7.8	0
4006	2016	288	4060.8	3.4	9.6	0.9192	6.2	0
4006	2016	289	8812.8	8.2	14.3	1.1068	3.2	0.3
4006	2016	290	12096	7.5	15.5	1.1252	2.6	0
4006	2016	291	8208	7.1	15.4	1.2001	2.5	9.8
4006	2016	292	3283.2	7.9	10.6	1.1434	3.4	7.1
4006	2016	293	3283.2	4.6	8.2	0.836	6.7	4.3
4006	2016	294	3456	4.1	7.4	0.8085	6.7	8.3
4006	2016	295	4147.2	2	5.9	0.7779	3.9	3.5
4006	2016	296	4406.4	2.2	7.6	0.7794	3.2	0
4006	2016	297	5011.2	1.4	9.3	0.84	3.3	3.1
4006	2016	298	4579.2	9.1	16.3	1.2177	3.2	9.1
4006	2016	299	2505.6	7.1	12.5	1.1743	4.2	1.8
4006	2016	300	2505.6	5.9	9.9	0.969	1.3	0
4006	2016	301	8208	5.1	10.6	0.9551	1.8	0
4006	2016	302	9244.8	5.3	10.2	0.9276	2.8	0
4006	2016	303	2764.8	5.5	8.2	0.9911	3.3	0.2
4006	2016	304	9158.4	3.4	11.6	0.8912	2.9	0
4006	2016	305	8380.8	3.7	9.7	0.8338	4.1	0
4006	2016	306	9244.8	3.9	12.1	0.8577	2.5	0.2
4006	2016	307	2678.4	1.7	6.8	0.8193	5.4	5.8
4006	2016	308	4924.8	1.1	5.4	0.6787	2.4	0.1
4006	2016	309	6912	-0.1	7.5	0.6847	2.6	0
4006	2016	310	2160	3.3	10.8	0.8943	5.3	5.4
4006	2016	311	2505.6	-0.4	3.5	0.6765	4.3	1.4
4006	2016	312	4406.4	-2.2	2.5	0.5868	2.9	0.3
4006	2016	313	5097.6	-4.3	1	0.509	3	1.6
4006	2016	314	1987.2	-2.5	3.3	0.5724	3.7	6
4006	2016	315	2332.8	0.9	3.8	0.6801	7.9	17.3
4006	2016	316	1900.8	-1.3	2.3	0.6336	6.3	16.6
4006	2016	317	3715.2	-3.5	-0.4	0.5191	2.2	0
4006	2016	318	1900.8	-4.1	-1.7	0.4887	4.5	0
4006	2016	319	3715.2	-6.3	-3.6	0.3978	4.3	0
4006	2016	320	2160	-4.5	5.4	0.5934	3.5	7.6
4006	2016	321	1814.4	5	8.3	0.9776	5.5	8.8
4006	2016	322	4320	5.7	10.3	0.9649	6.2	0
4006	2016	323	1728	4.1	10.7	0.9263	7.8	11.6
4006	2016	324	1728	0.1	4.4	0.6969	4.2	9.3
4006	2016	325	6480	0.1	12.4	0.7323	4.4	0
4006	2016	326	2073.6	2.9	14.3	0.7705	3.9	0
4006	2016	327	1641.6	6.1	14.5	1.0265	3.9	0
4006	2016	328	1641.6	5.2	10	0.9077	4.6	0
4006	2016	329	1641.6	2.8	5.3	0.816	7.4	0
4006	2016	330	1641.6	2.7	5	0.7966	8.1	0
4006	2016	331	1641.6	3.3	4.6	0.8103	2.7	0.8
4006	2016	332	2073.6	-1.2	3.7	0.6487	3.6	0.1
4006	2016	333	6220.8	-5.7	-0.8	0.3992	5.8	0
4006	2016	334	6480	-6.7	-1.5	0.3474	6	0
4006	2016	335	6393.6	-5.3	0.5	0.3689	4.3	0
4006	2016	336	4838.4	-2.6	3.2	0.4933	7	0.3
4006	2016	337	1555.2	-1.5	1.5	0.611	4.4	1.5
4006	2016	338	6048	-4.1	1.2	0.4561	6.2	0
4006	2016	339	1468.8	-5.7	-3.9	0.4195	4.8	0
4006	2016	340	3888	-4.9	2.2	0.5425	3.5	0
4006	2016	341	5875.2	0.3	7	0.6268	1.8	0
4006	2016	342	5788.8	-1.2	6.9	0.4948	3.4	0
4006	2016	343	5788.8	1.4	9.6	0.3431	3.1	0
4006	2016	344	3801.6	2.8	8.9	0.5458	3.9	0
4006	2016	345	5702.4	1.8	8	0.4763	3.1	0
4006	2016	346	1468.8	-0.8	5.8	0.6728	6.6	3.7
4006	2016	347	1468.8	0.6	2.8	0.6907	3.6	0.9
4006	2016	348	5011.2	-0.1	4.9	0.5954	2.4	0.1
4006	2016	349	3542.4	3.1	7.8	0.7738	2	0
4006	2016	350	1468.8	-0.3	3.5	0.6858	4.6	0
4006	2016	351	1468.8	-2.1	-0.3	0.5597	3.6	0
4006	2016	352	4060.8	-3.1	5.2	0.5867	1.8	0.1
4006	2016	353	1382.4	-1.1	4.7	0.6748	2.7	0.1
4006	2016	354	1382.4	-2.6	-0.5	0.5455	6	0
4006	2016	355	1382.4	-4.1	-2.3	0.4827	5.6	0
4006	2016	356	5184	-4.9	-0.1	0.5085	2.1	0
4006	2016	357	5616	-4.9	4.3	0.5679	3.2	0.4
4006	2016	358	2332.8	1.2	4.7	0.74	2.9	0.1
4006	2016	359	1468.8	1.1	5.4	0.725	7.4	3.4
4006	2016	360	1468.8	3.3	7.2	0.7454	9	0
4006	2016	361	2678.4	0	6.1	0.73	6.7	1.4
4006	2016	362	2160	-2.1	0.5	0.5533	6	0
4006	2016	363	2073.6	-1.5	1.5	0.5377	2.9	0
4006	2016	364	3628.8	-2.6	-0.4	0.5366	5	0
4006	2016	365	5529.6	-6.8	0.3	0.4232	3.5	0
4006	2016	366	5788.8	-6.7	5.5	0.2632	2.3	0
