*---------------------------------------------------------------------------*
* Station name: STOTTEN                                 
* Year: 2018
* Author: Pedro Alencar                                   -999.000: NIL VALUE
* Source: ECAD 
* Comments: 
* Longitude: 48.6667, latitude: 48.6667, altitude: 734 m.
*
* Column  Daily value
* 1       station number
* 2       year
* 3       day
* 4       irradiation                   (kJ m-2 d-1)
* 5       minimum temperature           (degrees Celsius)
* 6       maximum temperature           (degrees Celsius)
* 7       early morning vapour pressure (kPa)
* 8       mean wind speed (height: 2 m) (m s-1)
* 9       precipitation                 (mm d-1)
*
** WCCDESCRIPTION=GERMANY, STOTTEN                                 
** WCCFORMAT=2
** WCCYEARNR=2018
*---------------------------------------------------------------------------*
   48.6667  9.8656    734.  -0.18 -0.55
4006	2018	1	4147.2	2.6	5.6	0.6142	8.8	0.7
4006	2018	2	2592	0	2.9	0.6038	9.5	5.3
4006	2018	3	1814.4	1.1	9.4	0.7632	12.9	14.5
4006	2018	4	1468.8	2.2	10.2	0.8625	10.1	32.9
4006	2018	5	2160	4.1	8.6	0.814	6.6	11.9
4006	2018	6	2592	4.3	6.7	0.8759	2.8	0.2
4006	2018	7	1555.2	2.2	5.6	0.8074	7	0
4006	2018	8	1555.2	2	3.4	0.7418	9.4	0
4006	2018	9	4752	1.4	10	0.824	4.6	0
4006	2018	10	5097.6	2.3	8.1	0.7517	2.2	1
4006	2018	11	5011.2	-0.8	5.1	0.642	2	0
4006	2018	12	1641.6	-1.3	-0.1	0.5806	2.8	0
4006	2018	13	1641.6	-2.1	0.7	0.5632	4.9	0
4006	2018	14	2332.8	-3.1	-1.2	0.4958	3.1	0
4006	2018	15	3715.2	-4	2.4	0.513	4.3	1.4
4006	2018	16	2246.4	-1.1	5	0.6399	10.8	11
4006	2018	17	1728	-2.6	1.2	0.54	10.8	7
4006	2018	18	2073.6	-1.4	6	0.6417	11.8	11.3
4006	2018	19	3974.4	-1.3	3.2	0.5956	7.8	4.8
4006	2018	20	1814.4	-1.7	0.3	0.5458	5	17
4006	2018	21	1814.4	-3.6	-0.9	0.5077	5.1	9.3
4006	2018	22	1814.4	-2.7	5	0.664	4.9	21.2
4006	2018	23	3283.2	0.3	3.8	0.6374	5.2	0.4
4006	2018	24	6998.4	1.9	9	0.7019	4.6	0
4006	2018	25	2505.6	4.7	8.5	0.7015	4.1	0
4006	2018	26	2851.2	3.3	7.9	0.8092	2.7	0
4006	2018	27	3024	2.2	4.7	0.7353	2.2	0
4006	2018	28	1987.2	1.9	6.2	0.6854	6.5	0
4006	2018	29	4233.6	3.7	6.9	0.8192	8.2	0.5
4006	2018	30	2678.4	2.6	5.2	0.7751	4.2	6.1
4006	2018	31	3283.2	1.6	6.5	0.6691	6.2	9.6
4006	2018	32	2160	-1.5	3.8	0.6109	6	5.1
4006	2018	33	5356.8	-4.9	0.8	0.4364	5.1	1.2
4006	2018	34	3715.2	-3.1	0	0.491	3.3	2.6
4006	2018	35	4924.8	-4.3	0.4	0.4714	2.4	0
4006	2018	36	7689.6	-4.3	-1	0.4375	7.5	0
4006	2018	37	6480	-5.2	-2.3	0.4169	5.7	0
4006	2018	38	2332.8	-5.8	-1.7	0.4216	2.8	0
4006	2018	39	4320	-4.9	-2	0.4406	2	0
4006	2018	40	2419.2	-3.9	-1.3	0.4492	1.5	0
4006	2018	41	2419.2	-2.5	-1	0.4945	2.8	0
4006	2018	42	2505.6	-3.1	0.8	0.5056	5.7	4.8
4006	2018	43	4233.6	-5.7	-0.1	0.4443	5.3	1.7
4006	2018	44	10108.8	-6	-1.3	0.3547	2.9	0
4006	2018	45	10281.6	-8.5	-1.1	0.3381	4	0
4006	2018	46	2678.4	-6.2	3.8	0.5038	4	10.7
4006	2018	47	4147.2	-1.9	5.9	0.6845	3.4	0.9
4006	2018	48	2678.4	-3	-0.6	0.5302	5.2	6.5
4006	2018	49	2764.8	-4.4	-2.6	0.4437	3.3	0
4006	2018	50	2764.8	-5.2	-2.8	0.4228	1.9	0
4006	2018	51	2851.2	-5.2	-3	0.3971	2.1	0.6
4006	2018	52	9590.4	-6	-1	0.3965	4.1	0
4006	2018	53	9504	-8.1	-3.4	0.2987	7.5	0
4006	2018	54	3024	-7.4	-3.3	0.3161	6.8	0
4006	2018	55	12009.6	-9.6	-1.9	0.2708	9.4	0
4006	2018	56	12268.8	-12.6	-6.4	0.1816	7.5	0
4006	2018	57	9244.8	-14.8	-9.3	0.1628	5.4	0
4006	2018	58	9590.4	-15.8	-9.9	0.164	3.4	0
4006	2018	59	12355.2	-16.3	-10.1	0.1594	7.5	0
4006	2018	60	5529.6	-13.6	-7	0.204	9.9	0
4006	2018	61	5961.6	-11.3	-3.6	0.283	6.1	0.1
4006	2018	62	8553.6	-6.8	2.2	0.48	3.4	0.6
4006	2018	63	7776	-1.4	3.9	0.6286	3.8	0
4006	2018	64	11923.2	-0.6	6.5	0.6343	4.3	0
4006	2018	65	4838.4	-2.3	4.1	0.5543	3.5	0
4006	2018	66	7171.2	0.6	5.4	0.6138	5.7	0.3
4006	2018	67	11750.4	0.3	8.5	0.6021	6.1	0
4006	2018	68	4579.2	1	9.6	0.6412	3.4	0.3
4006	2018	69	3801.6	6.5	9.3	0.8306	3.9	4.2
4006	2018	70	8985.6	4.2	13.9	0.8864	3.2	2.9
4006	2018	71	6393.6	4.5	9.4	0.8582	6.1	1.5
4006	2018	72	4752	1.1	6.6	0.6759	7.5	9.5
4006	2018	73	11491.2	0.4	7	0.6847	4.8	0.1
4006	2018	74	7689.6	-0.9	6.7	0.6772	6.5	0
4006	2018	75	9676.8	2.2	8.1	0.7314	4.1	0.7
4006	2018	76	4147.2	-5.3	3.8	0.5611	4.5	5.1
4006	2018	77	4147.2	-6.6	-4.6	0.3665	6.3	0
4006	2018	78	4233.6	-6.8	-3.3	0.3654	3.1	0
4006	2018	79	13737.6	-7.4	-0.9	0.3641	3.3	0.6
4006	2018	80	18144	-7.9	0.9	0.3115	3.3	0
4006	2018	81	8467.2	-4.4	0.8	0.4017	4.2	1.7
4006	2018	82	4406.4	-1.4	3.5	0.6328	3.1	0
4006	2018	83	16416	-1.4	6.6	0.5819	4.5	0
4006	2018	84	17712	-1.4	10.4	0.539	2.5	0
4006	2018	85	7084.8	1.1	5.9	0.628	3.9	0.5
4006	2018	86	12096	0.8	7.2	0.6343	3.7	1.8
4006	2018	87	7171.2	2.8	9.5	0.85	7.2	8.3
4006	2018	88	13996.8	0.6	8.2	0.6272	4.9	0
4006	2018	89	16070.4	-1.4	11.2	0.7015	4.8	9
4006	2018	90	13132.8	2.6	8.6	0.7456	4.4	0.4
4006	2018	91	6825.6	0	4.5	0.6322	8.3	1.7
4006	2018	92	19267.2	0.1	13	0.5534	3.2	0
4006	2018	93	16502.4	8.1	19.2	0.7336	4.5	0
4006	2018	94	14774.4	4.9	20.1	0.8688	5	0.3
4006	2018	95	10368	1.6	10.7	0.7367	6.9	0.3
4006	2018	96	21513.6	-0.4	10.8	0.619	5.4	0
4006	2018	97	21945.6	2.7	18.7	0.7328	4.7	0
4006	2018	98	21772.8	5.4	19	0.8234	4.2	0
4006	2018	99	14860.8	8.5	19.2	0.8539	2.8	0
4006	2018	100	14860.8	4.4	16.6	1.0276	4.2	0
4006	2018	101	21081.6	3.9	15.2	0.8215	3.7	0
4006	2018	102	15465.6	8.5	17.7	0.7981	3.9	0
4006	2018	103	7516.8	5.7	11.4	0.8013	3.9	0.4
4006	2018	104	20390.4	5.9	16.8	0.792	2.5	0
4006	2018	105	12614.4	8	16.8	0.935	2.6	0.4
4006	2018	106	9331.2	9.1	14.6	1.1377	3.9	0.1
4006	2018	107	20995.2	8.7	19.1	0.936	2.2	0
4006	2018	108	24105.6	11.5	20.5	0.9624	4.5	0
4006	2018	109	24278.4	11	21.8	0.9499	5.6	0
4006	2018	110	24192	11.2	23.8	0.9785	3.3	0
4006	2018	111	24364.8	14.3	23.4	1.0867	2.9	0
4006	2018	112	23068.8	15.3	23.9	1.1613	3.2	0.1
4006	2018	113	15206.4	10.7	18.2	1.1507	5.2	0.3
4006	2018	114	22464	9.5	17.6	1.1475	4	0
4006	2018	115	19008	7.6	19	1.0375	7	1
4006	2018	116	13478.4	5.4	11.8	0.8152	5.5	0
4006	2018	117	24883.2	4.2	18.6	0.7138	3.5	0
4006	2018	118	19526.4	8.9	19.1	0.9899	2.2	0
4006	2018	119	21686.4	8.7	22.9	1.0398	4.9	1.2
4006	2018	120	16329.6	6.4	17.6	0.8687	6.9	0.1
4006	2018	121	13392	3.9	11.6	0.7905	3.6	0
4006	2018	122	12873.6	4.4	14.9	0.803	3.1	0
4006	2018	123	8812.8	7	14.7	0.9349	4.3	0
4006	2018	124	17625.6	9.4	19.7	1.1251	4.6	0
4006	2018	125	25401.6	8.4	22.1	1.1076	5.9	0
4006	2018	126	27216	9.8	21.8	0.9681	5.5	0
4006	2018	127	27388.8	8.9	21.4	0.8426	5.5	0
4006	2018	128	27561.6	11.4	21.8	0.8678	5.5	0
4006	2018	129	25574.4	9.6	21.1	0.9406	3.4	0
4006	2018	130	18230.4	6.9	16.6	1.1164	5	4.9
4006	2018	131	19958.4	6.6	16.8	1.1127	2.8	0
4006	2018	132	27216	11.2	22.7	1.2151	3.5	0
4006	2018	133	15206.4	9.7	17.1	1.3514	4.7	14.5
4006	2018	134	6739.2	9.7	12.3	1.3115	3.5	3.8
4006	2018	135	17798.4	8.8	17	1.204	3.1	5.4
4006	2018	136	8899.2	8.1	11.6	1.1904	3.5	13.4
4006	2018	137	6825.6	8.7	10.7	1.2026	3.9	0.2
4006	2018	138	27561.6	7.5	17.2	1.147	2.8	0
4006	2018	139	22118.4	7.1	17.2	1.1603	2.8	8.8
4006	2018	140	6912	9.2	15.8	1.2452	4.3	0.2
4006	2018	141	26092.8	9.9	21.2	1.1644	4.4	0
4006	2018	142	23760	12	21.9	1.3501	3	3.8
4006	2018	143	19872	11.8	19.4	1.5045	2.8	1
4006	2018	144	15724.8	11.4	19.7	1.5173	2.2	2.9
4006	2018	145	25833.6	11.2	22.5	1.3991	2.4	0
4006	2018	146	26092.8	12.6	23.7	1.477	3.1	0
4006	2018	147	24537.6	15.7	25.2	1.5599	2.3	0
4006	2018	148	29116.8	15.7	25.5	1.5017	3.3	0
4006	2018	149	21600	14.4	21	1.638	3	0.3
4006	2018	150	26697.6	13.9	24.4	1.55	2.6	3.6
4006	2018	151	24710.4	13.5	25.1	1.6987	2.8	0.5
4006	2018	152	24019.2	12.2	21.8	1.5672	4.4	8.2
4006	2018	153	23068.8	12.5	21.3	1.5381	2.7	0
4006	2018	154	25228.8	14.4	23.6	1.4479	2.1	0
4006	2018	155	27907.2	15.1	25.4	1.4223	3.4	0
4006	2018	156	23846.4	15.3	25.8	1.4247	3.2	0
4006	2018	157	27820.8	14.8	26	1.5073	3.8	0.3
4006	2018	158	16761.6	13.2	23.2	1.7111	2.6	15.7
4006	2018	159	16588.8	12.5	23.8	1.8098	2.5	0.3
4006	2018	160	19180.8	14.2	24	1.9646	3.3	0
4006	2018	161	20649.6	14.9	24.5	1.9017	2.3	0.2
4006	2018	162	17712	13.9	24.5	1.777	2.9	24.9
4006	2018	163	9504	12.3	19.7	1.7068	2.8	9.7
4006	2018	164	6825.6	9.5	12.4	1.1634	4.6	0
4006	2018	165	16156.8	9.3	17.4	1.1021	1.4	0
4006	2018	166	24883.2	10.4	19.6	1.1241	1.8	0
4006	2018	167	26438.4	11.9	22.5	1.1757	1.9	0
4006	2018	168	19008	13.3	20.3	1.4329	4.2	0
4006	2018	169	22809.6	12.1	20.5	1.3511	3.4	0
4006	2018	170	25056	12.1	22.5	1.4789	2.9	0
4006	2018	171	29030.4	14.9	26.5	1.5841	2.2	0
4006	2018	172	23587.2	8.4	23.8	1.1695	5.5	0
4006	2018	173	23155.2	4.9	13.8	0.7987	5.3	0
4006	2018	174	23068.8	5.5	16.3	0.925	3.6	0
4006	2018	175	16675.2	8.2	16.4	1.0289	2.2	0
4006	2018	176	19267.2	9.9	18.7	1.1722	3	0
4006	2018	177	10368	10.9	17.7	1.2536	2.2	0
4006	2018	178	24019.2	11.3	22.3	1.2036	4.1	0
4006	2018	179	13046.4	11	17	1.3252	3.6	7.1
4006	2018	180	19785.6	13.1	23.5	1.6379	2.5	0
4006	2018	181	26092.8	14	26.4	1.2998	2.8	0
4006	2018	182	29894.4	10.8	22.2	0.9372	5.5	0
4006	2018	183	29808	9.4	24.2	0.917	4.1	0
4006	2018	184	28166.4	13.8	25.2	1.1089	3	0
4006	2018	185	23846.4	16.8	26.2	1.5613	2.8	0
4006	2018	186	12182.4	14	19.8	1.6535	3.5	18.4
4006	2018	187	15379.2	14	21.1	1.7829	4.2	2.3
4006	2018	188	24796.8	12.6	22.9	1.3997	2.8	0
4006	2018	189	27388.8	14.2	23.4	1.2783	3.1	0
4006	2018	190	28339.2	14.1	24.5	1.1175	2.8	0
4006	2018	191	17452.8	10.8	18.5	1.1989	3.8	6
4006	2018	192	16243.2	9.7	16.6	1.1633	4	0.3
4006	2018	193	21254.4	11.6	20.7	1.2832	3.1	0
4006	2018	194	27907.2	13.5	24.8	1.2622	1.9	0
4006	2018	195	22550.4	15.9	25.5	1.3648	2.4	0
4006	2018	196	21081.6	13.1	24.4	1.4471	2.3	18.6
4006	2018	197	18144	13.2	20.9	1.4557	1.7	0.9
4006	2018	198	26265.6	14.1	25.4	1.448	3.5	10.7
4006	2018	199	28512	14.2	24.9	1.3847	3.5	0
4006	2018	200	27993.6	15.6	25.3	1.176	2.7	0
4006	2018	201	22032	15.8	26.7	1.3612	2.9	6.9
4006	2018	202	6480	14.6	16.9	1.6977	3.4	19
4006	2018	203	10368	14.7	20.2	1.8911	3.7	0.4
4006	2018	204	18576	14.4	24.1	1.7825	2	0
4006	2018	205	27561.6	17	26.6	1.4859	2.6	0
4006	2018	206	24796.8	20	28.4	1.5369	2.5	0
4006	2018	207	27216	18.8	27.3	1.4061	3.2	0
4006	2018	208	24969.6	18.6	27.6	1.4668	2.7	0
4006	2018	209	17884.8	17.3	27.9	1.6968	4.3	0.9
4006	2018	210	24278.4	16.9	27.9	1.6223	2	0
4006	2018	211	24883.2	19.1	30.3	1.4904	2.2	0
4006	2018	212	26697.6	22.6	32.7	1.4779	2.8	0
4006	2018	213	22809.6	16	30.7	1.6609	4.6	2.3
4006	2018	214	22723.2	15.4	27.8	2.0345	3.9	1.5
4006	2018	215	25142.4	19.4	30.3	1.8483	2.8	0
4006	2018	216	25401.6	22.8	32.4	1.7683	2.9	0
4006	2018	217	22896	18.5	29	1.6133	3.2	0
4006	2018	218	26006.4	16.9	29.8	1.4891	3.4	2.1
4006	2018	219	11577.6	18.7	24.3	1.6125	3.1	0
4006	2018	220	14601.6	17.9	27.6	1.9056	2.8	3.3
4006	2018	221	22723.2	16.8	31.5	1.9229	5.1	0.5
4006	2018	222	17366.4	12.2	21.5	1.2649	3.7	0
4006	2018	223	20908.8	12.6	22.2	1.1112	4	0
4006	2018	224	25920	12.5	27.4	0.9773	2.7	0
4006	2018	225	14515.2	14.7	25.1	1.5543	4	10.2
4006	2018	226	15552	12.7	21.6	1.5236	4.4	0
4006	2018	227	22204.8	12.7	23.4	1.4264	3	0
4006	2018	228	24624	15.4	27	1.357	2.6	0
4006	2018	229	21945.6	15.9	28.5	1.4424	3.5	0
4006	2018	230	17625.6	14.5	24.3	1.7317	4.1	0.4
4006	2018	231	23760	16	27.3	1.4724	2.9	0
4006	2018	232	24019.2	15.8	26.4	1.4736	4.1	0
4006	2018	233	21945.6	16.8	28	1.5411	2.7	0
4006	2018	234	18230.4	17.7	29.5	1.5116	2.6	1.1
4006	2018	235	12873.6	16.7	26.2	1.6842	2.8	3.6
4006	2018	236	11059.2	10.2	21.2	1.621	5	11.1
4006	2018	237	6652.8	7.5	13	1.073	4.9	0.2
4006	2018	238	20304	6	16.9	0.9188	2.6	0
4006	2018	239	13132.8	10.5	21.6	1.0565	3.7	0
4006	2018	240	21945.6	12.6	22.9	1.42	2.5	0
4006	2018	241	18057.6	15.5	27.4	1.6587	3.6	2.7
4006	2018	242	12441.6	12.4	19	1.4607	5	0
4006	2018	243	5011.2	10.6	14.2	1.2946	2.3	3.4
4006	2018	244	5097.6	10.3	15.9	1.2047	2.8	4.3
4006	2018	245	5097.6	9.9	12.8	1.3289	2.4	1.5
4006	2018	246	8726.4	12	16.6	1.5791	2.3	0.3
4006	2018	247	9936	12	19.6	1.6493	2.6	0
4006	2018	248	17366.4	14.1	22.3	1.6277	2.2	0
4006	2018	249	15638.4	13.6	22.5	1.6951	2.8	2.9
4006	2018	250	11404.8	10.3	17.4	1.4389	4.9	7.2
4006	2018	251	18921.6	9.5	19.2	1.2413	2.6	0
4006	2018	252	19526.4	11.3	21.8	1.1471	2.1	0
4006	2018	253	19180.8	15.7	24	1.1101	2.5	0
4006	2018	254	19612.8	13.8	24.5	1.24	3.5	0
4006	2018	255	19267.2	16.6	26.4	1.2542	3	1
4006	2018	256	10713.6	12.5	21.1	1.5284	3.1	3.4
4006	2018	257	9763.2	12.2	19.2	1.5854	1.8	0
4006	2018	258	17193.6	10.6	18.2	1.2125	3.4	0
4006	2018	259	17193.6	9.3	22	1.1186	3.2	0
4006	2018	260	18403.2	14.3	24	1.1736	2.4	0
4006	2018	261	17107.2	16.4	26.5	1.4035	2.8	0.2
4006	2018	262	17020.8	14.9	25.5	1.3234	2.2	0
4006	2018	263	16243.2	18.1	26	1.5087	2.2	0
4006	2018	264	12182.4	9.2	25.8	1.3579	7	3.3
4006	2018	265	13305.6	7.2	15.3	0.9201	4.5	6.1
4006	2018	266	6480	6.1	21.5	1.4185	9.2	29.7
4006	2018	267	13046.4	4.3	10.8	0.8214	5.1	0
4006	2018	268	16675.2	2.1	11.7	0.6962	3.8	0
4006	2018	269	15724.8	3	17.3	0.7188	3.2	0
4006	2018	270	16416	10.8	21.5	0.9533	1.9	0
4006	2018	271	15638.4	7.5	18.1	0.9598	4.1	0.4
4006	2018	272	15811.2	4	13.6	0.7244	6.2	0
4006	2018	273	15552	2.8	16.9	0.8017	3.3	0.2
4006	2018	274	6912	4.1	10.8	0.8778	4.7	2.1
4006	2018	275	5443.2	2.6	8.4	0.7404	5.9	0.7
4006	2018	276	5788.8	6.4	11.1	1.0378	4.9	0.6
4006	2018	277	14860.8	6.2	15.6	0.8859	2.7	0
4006	2018	278	14688	5.8	19	1.0645	3	0
4006	2018	279	9244.8	13.3	19.9	1.3016	2.1	0
4006	2018	280	12528	10.8	18.9	1.2651	3	0
4006	2018	281	10108.8	9.7	15.1	1.3666	3.7	0
4006	2018	282	10108.8	9.5	18	1.4453	3.5	0
4006	2018	283	8553.6	9.4	14.3	1.318	5.1	0
4006	2018	284	11923.2	8.7	21.1	1.2353	2.9	0
4006	2018	285	13219.2	13.3	22	1.2297	3.1	0
4006	2018	286	13046.4	12.7	20.7	1.253	4	0
4006	2018	287	12873.6	10.9	21	1.0498	3	0
4006	2018	288	12614.4	13.2	21.7	0.856	2.9	0
4006	2018	289	12441.6	13.2	21	0.9152	2.1	0
4006	2018	290	12009.6	11.7	19.4	1.0056	2.1	0
4006	2018	291	11404.8	9	18.9	1.1141	3.2	0
4006	2018	292	9763.2	7	15.7	1.1544	3.3	0
4006	2018	293	8294.4	6.7	14.7	1.0285	2	0
4006	2018	294	10108.8	3.6	12.2	0.7348	3.6	0
4006	2018	295	10540.8	2.6	13.1	0.7535	3.7	0.1
4006	2018	296	3801.6	4.8	9.9	0.8103	6.6	0
4006	2018	297	2592	7.4	9.9	0.9972	8.3	8.5
4006	2018	298	3024	7.1	9.5	1.0504	5.6	0.3
4006	2018	299	9158.4	4.2	11.7	0.9189	3.8	7.3
4006	2018	300	2505.6	0	5.4	0.727	3.9	16.1
4006	2018	301	2419.2	-0.5	0.3	0.6066	5.3	7.4
4006	2018	302	2419.2	-0.1	8.4	0.8218	5.3	0.8
4006	2018	303	2332.8	1	8.6	0.7568	6.6	1.2
4006	2018	304	6307.2	-0.6	7.9	0.6268	5.4	0
4006	2018	305	7344	4.7	11.6	0.834	4	0
4006	2018	306	5184	5	10.9	0.8441	2.4	0
4006	2018	307	2246.4	5.1	8.9	0.8912	3.4	0
4006	2018	308	2160	6.4	7.3	0.9812	4.3	0
4006	2018	309	5702.4	6.6	13.2	1.0969	4.2	0
4006	2018	310	5875.2	6.5	12.9	0.95	4.8	0
4006	2018	311	8208	7.3	13.3	0.9889	2.5	0.3
4006	2018	312	2073.6	6.1	9.6	0.9339	2.5	0.5
4006	2018	313	5961.6	4.9	9.8	0.9846	3	0
4006	2018	314	5616	4.6	9.9	0.9983	3.3	0.3
4006	2018	315	1987.2	5.1	12.1	1.0162	3.2	1.5
4006	2018	316	6134.4	6.8	17.1	0.8938	3.4	0
4006	2018	317	1900.8	5	14.1	1.0239	4.6	0.5
4006	2018	318	6998.4	2	7.1	0.8029	3.5	0
4006	2018	319	1900.8	1.1	2.9	0.7057	3.8	0
4006	2018	320	5961.6	-0.6	2.4	0.6065	6.8	0
4006	2018	321	7603.2	-1.2	5.6	0.5297	8.8	0
4006	2018	322	7430.4	-2.6	3.4	0.4592	6.6	0
4006	2018	323	4492.8	-2.8	-0.4	0.3913	7.5	0
4006	2018	324	2246.4	-2.6	1.2	0.5051	6.7	0
4006	2018	325	1728	-3.3	-1.8	0.4965	4.4	0
4006	2018	326	4147.2	-2.2	0	0.5526	2.5	0
4006	2018	327	3024	-3.4	1.3	0.5546	5	0.5
4006	2018	328	3542.4	-0.2	5	0.6898	3.2	0
4006	2018	329	4060.8	0.7	4.1	0.6898	4.1	0.9
4006	2018	330	1641.6	-0.6	1.6	0.6209	3.1	6.3
4006	2018	331	1641.6	-0.9	0	0.5736	1.5	0.3
4006	2018	332	3801.6	-2.2	0.6	0.5591	3.5	0
4006	2018	333	3196.8	-2.3	-0.2	0.5465	4.7	0
4006	2018	334	2332.8	-0.7	5.8	0.6605	3	5.5
4006	2018	335	4665.6	3	7.2	0.7991	3.7	1.2
4006	2018	336	1555.2	3.3	8.9	0.8659	6.1	13.8
4006	2018	337	1555.2	7.4	11.4	1.0725	7.8	8.5
4006	2018	338	1987.2	1.5	8	0.7884	6.4	2.6
4006	2018	339	1468.8	1.4	3.3	0.7163	3.5	2.1
4006	2018	340	1468.8	2.8	8.5	0.8576	4.2	1.4
4006	2018	341	1814.4	3.4	9.5	0.8292	6.7	2.1
4006	2018	342	1987.2	1.9	5.7	0.6174	11.3	5.1
4006	2018	343	1468.8	2.3	6.7	0.7748	12.9	14
4006	2018	344	1900.8	-1.2	2.5	0.602	7.8	3.6
4006	2018	345	1468.8	-1.8	-0.8	0.5445	5.7	4.6
4006	2018	346	1468.8	-3.5	-0.8	0.501	2.8	0
4006	2018	347	1468.8	-3.8	-2.5	0.4264	6	0.3
4006	2018	348	1468.8	-5.3	-3.7	0.3678	4.2	0
4006	2018	349	1468.8	-6.4	-4.2	0.3462	3	0.3
4006	2018	350	1468.8	-6.6	1.9	0.4834	4.2	1.1
4006	2018	351	2678.4	-0.7	3.7	0.6264	3.4	2
4006	2018	352	5443.2	-2.2	2.1	0.5723	3.5	0
4006	2018	353	1382.4	-2.6	4.2	0.6021	3.4	6.8
4006	2018	354	2419.2	0.4	3.8	0.6397	4.9	0.1
4006	2018	355	1382.4	1.5	9.6	0.7611	9.9	8.4
4006	2018	356	1382.4	4.6	9.1	0.892	11.1	15.8
4006	2018	357	1382.4	4.4	9.6	0.9313	8.6	36.3
4006	2018	358	1468.8	-0.7	9.5	0.8028	7.5	0.8
4006	2018	359	3542.4	-2.7	-0.2	0.5056	2.3	0
4006	2018	360	5616	-7	2.6	0.3848	2.2	0
4006	2018	361	2592	-1.9	3.9	0.4007	2.7	0
4006	2018	362	5529.6	-3.9	2.6	0.4487	3.5	0
4006	2018	363	1468.8	-3.9	-0.1	0.5172	4.3	2.3
4006	2018	364	1468.8	-0.2	1.7	0.6387	7.2	4.4
4006	2018	365	1468.8	1	3.5	0.7184	4.4	3.8
