*---------------------------------------------------------------------------*
* Station name: STOTTEN                                 
* Year: 2011
* Author: Pedro Alencar                                   -999.000: NIL VALUE
* Source: ECAD 
* Comments: 
* Longitude: 48.6667, latitude: 48.6667, altitude: 734 m.
*
* Column  Daily value
* 1       station number
* 2       year
* 3       day
* 4       irradiation                   (kJ m-2 d-1)
* 5       minimum temperature           (degrees Celsius)
* 6       maximum temperature           (degrees Celsius)
* 7       early morning vapour pressure (kPa)
* 8       mean wind speed (height: 2 m) (m s-1)
* 9       precipitation                 (mm d-1)
*
** WCCDESCRIPTION=GERMANY, STOTTEN                                 
** WCCFORMAT=2
** WCCYEARNR=2011
*---------------------------------------------------------------------------*
   48.6667  9.8656    734.  -0.18 -0.55
4006	2011	1	1468.8	-6.1	-2.7	0.4367	3	1.4
4006	2011	2	1468.8	-3.9	-2.5	0.4827	3.5	0.7
4006	2011	3	1468.8	-7.3	-3.6	0.3993	3.1	0
4006	2011	4	1468.8	-12.4	-6.6	0.2769	2.8	0
4006	2011	5	5270.4	-12.3	-2.6	0.332	3.3	1
4006	2011	6	1555.2	-3	5.4	0.5931	8.4	0.9
4006	2011	7	1555.2	3.9	9.7	0.8791	6.3	4.3
4006	2011	8	3715.2	5.5	8.9	0.8122	7.4	1.1
4006	2011	9	2764.8	-0.1	9.7	0.6622	6.6	9.4
4006	2011	10	1900.8	-1.4	0.7	0.5897	2.3	0
4006	2011	11	3715.2	-1.8	3.4	0.641	4.7	2.9
4006	2011	12	1641.6	1.1	5.3	0.7455	7.3	20.5
4006	2011	13	1641.6	5	8.9	0.968	9.8	26.8
4006	2011	14	1641.6	5.1	8.2	0.8896	7.2	3.4
4006	2011	15	3888	3.7	6.9	0.7747	7.1	0
4006	2011	16	6652.8	1.8	9.7	0.6707	2.4	0
4006	2011	17	6739.2	3.7	10.9	0.5929	3.4	0
4006	2011	18	2246.4	2.5	7.1	0.7224	4.1	4.7
4006	2011	19	1728	-2.2	3.1	0.6186	5.2	2.4
4006	2011	20	1814.4	-3.8	-2	0.4936	4.9	1.4
4006	2011	21	3456	-6.5	-3.7	0.3682	4.6	0
4006	2011	22	2592	-10	-5.2	0.2798	4.3	0
4006	2011	23	2764.8	-9.8	-3.9	0.3184	2	0
4006	2011	24	1900.8	-5.2	-1.4	0.4695	5.8	0.8
4006	2011	25	2505.6	-1.9	-1.4	0.5415	9.1	6.5
4006	2011	26	1900.8	-1.8	-0.3	0.5659	4	2.8
4006	2011	27	1987.2	-3.9	-1.2	0.5066	4.7	0.9
4006	2011	28	1987.2	-7.1	-3.9	0.3978	8.1	0
4006	2011	29	1987.2	-9.8	-6.6	0.3099	5	0
4006	2011	30	7084.8	-10.6	-6.6	0.3003	6.4	0
4006	2011	31	2073.6	-9.6	-7.3	0.3039	3.5	0
4006	2011	32	2505.6	-8.8	-7.2	0.3147	2.5	0
4006	2011	33	2160	-7.8	-3	0.3967	3.1	0
4006	2011	34	4579.2	-6.7	-0.1	0.4708	3.8	1.6
4006	2011	35	4838.4	-1.8	3.8	0.578	8.9	0.1
4006	2011	36	8380.8	2.9	7	0.6865	11.3	0.1
4006	2011	37	8985.6	1.5	10.5	0.7385	6.1	0
4006	2011	38	9244.8	2.2	13.4	0.4125	4	0
4006	2011	39	5011.2	1.7	6.9	0.6394	4.7	0.4
4006	2011	40	2851.2	-1.5	2.3	0.629	3.8	0
4006	2011	41	7603.2	-2.6	9.1	0.6864	3.8	1.6
4006	2011	42	3542.4	5.8	10	0.8412	7.3	2
4006	2011	43	4060.8	1.1	9.5	0.7925	4.3	0
4006	2011	44	5875.2	1.2	6.1	0.7616	3.2	0.2
4006	2011	45	6393.6	-0.9	3.9	0.6809	4.5	0
4006	2011	46	2678.4	-1.7	-0.4	0.5659	4.5	0
4006	2011	47	3456	-2	1.2	0.5935	5	0
4006	2011	48	2678.4	-2.5	-1.2	0.5336	2.3	0
4006	2011	49	2764.8	-1.8	-0.3	0.5659	2.3	0.3
4006	2011	50	2764.8	-1.8	0.1	0.5628	2.4	0
4006	2011	51	2851.2	-4.8	-1.7	0.4809	5.7	1.7
4006	2011	52	2851.2	-5.8	-4.1	0.419	4.9	0.2
4006	2011	53	8812.8	-8.9	-2.8	0.3399	3.6	0
4006	2011	54	11232	-10.4	-1	0.2918	2.6	0
4006	2011	55	8899.2	-6.8	4.1	0.4097	3	0.4
4006	2011	56	4406.4	-1.8	4.5	0.5658	1.8	0
4006	2011	57	10627.2	-4.9	4.2	0.4527	3.7	6
4006	2011	58	3196.8	0.6	3.3	0.7032	5.4	1.9
4006	2011	59	4579.2	0	4.3	0.6634	4.2	0
4006	2011	60	12787.2	-2.3	6.3	0.5646	7.4	0
4006	2011	61	14083.2	-2.6	4.4	0.3848	11.2	0
4006	2011	62	13392	-4.4	2.6	0.4234	6.6	0
4006	2011	63	13478.4	-4	5.5	0.5419	6.1	0
4006	2011	64	14601.6	-0.7	7.6	0.5632	3.3	0
4006	2011	65	6220.8	-4	1.2	0.4413	3.6	0
4006	2011	66	15206.4	-4.7	3	0.2757	10.5	0
4006	2011	67	15033.6	-6	10.1	0.3824	4.4	0
4006	2011	68	13996.8	2.7	12.2	0.599	5.5	1.3
4006	2011	69	8812.8	3.5	9.1	0.7348	7.6	0
4006	2011	70	10368	3.1	8.8	0.5776	6.7	0
4006	2011	71	13910.4	1.4	14.5	0.6518	3.9	0
4006	2011	72	4752	5.4	10.5	0.6518	3.4	0.1
4006	2011	73	7603.2	5.8	12.6	0.8024	3.2	0
4006	2011	74	16848	4.5	15.3	0.7922	7.3	0
4006	2011	75	6652.8	5.1	11.3	0.9129	6.2	2.7
4006	2011	76	4147.2	3	6.3	0.851	6	14.8
4006	2011	77	4147.2	1.4	3.6	0.7313	7.1	2.8
4006	2011	78	5961.6	-1.4	4.7	0.6057	4.6	0.6
4006	2011	79	17971.2	-2.9	7.9	0.468	3.8	0
4006	2011	80	18144	-2.2	7.5	0.4583	4.8	0
4006	2011	81	18403.2	-0.1	12.1	0.4861	5.2	0
4006	2011	82	18403.2	4.1	13.7	0.6268	4	0
4006	2011	83	18230.4	4.1	16.1	0.6176	3.6	0
4006	2011	84	18576	7.3	16.4	0.6659	5.1	0
4006	2011	85	11318.4	3.9	11.4	0.7538	4.3	2.5
4006	2011	86	8294.4	3.1	7.3	0.8313	3.1	2.3
4006	2011	87	16070.4	3.7	11.8	0.78	2.7	0
4006	2011	88	17107.2	5.5	13.9	0.6494	2.2	0
4006	2011	89	12787.2	6.8	12.7	0.8084	3.7	1.2
4006	2011	90	7862.4	6.1	11.7	0.9686	5.3	7.6
4006	2011	91	15033.6	8.9	15.6	1.1822	5.4	0
4006	2011	92	20822.4	8.7	20	1.0453	4.1	0
4006	2011	93	19180.8	11.5	21.7	1.0564	3.5	11.1
4006	2011	94	8899.2	4.3	11.6	0.9723	5.6	2.7
4006	2011	95	20131.2	3.7	12.8	0.807	4.4	0.5
4006	2011	96	17366.4	7	17	1.0228	3.6	0
4006	2011	97	21168	11.1	21	1.1111	5.1	0
4006	2011	98	19785.6	7.9	15.3	0.8188	5.7	0
4006	2011	99	21859.2	6.6	16.7	0.8078	4.6	0
4006	2011	100	22377.6	6.6	17.9	0.6552	3.4	0
4006	2011	101	21427.2	6.7	18.6	0.6434	3.8	0
4006	2011	102	9676.8	1	12.7	0.8722	7.9	9.1
4006	2011	103	10454.4	-0.6	6.9	0.5974	6.1	0
4006	2011	104	15033.6	1.8	9.4	0.5546	3	0
4006	2011	105	12614.4	0.6	8.8	0.5807	4.4	0
4006	2011	106	14947.2	0.2	10.4	0.5877	4.4	0
4006	2011	107	23155.2	3.1	13.2	0.5741	4.2	0
4006	2011	108	24105.6	3.3	15.5	0.6129	3.8	0
4006	2011	109	24278.4	5.5	17.3	0.6195	3.3	0
4006	2011	110	24364.8	7.3	20	0.7024	3.5	0
4006	2011	111	23155.2	12.1	21.2	0.738	3.8	0
4006	2011	112	24883.2	11.2	21.4	0.8699	4.1	0
4006	2011	113	20736	11.4	22.1	0.857	2.8	0
4006	2011	114	19699.2	10.9	19.3	0.9942	3.8	0
4006	2011	115	25228.8	6.9	18.2	0.6973	5.1	0
4006	2011	116	16502.4	4.9	14.7	0.8717	3	4.1
4006	2011	117	9849.6	5.7	10.8	1.0251	1.7	11.3
4006	2011	118	21686.4	4.5	15.4	0.9905	3.9	0
4006	2011	119	20649.6	7.4	17.6	0.9846	6.7	0.6
4006	2011	120	23414.4	6.9	17.3	1.0296	5.8	9.7
4006	2011	121	14947.2	6.1	14.4	1.048	3.4	2.5
4006	2011	122	19094.4	5	16.3	0.9867	3.8	6.7
4006	2011	123	16675.2	0.3	8.6	0.7049	4.6	0
4006	2011	124	25056	-1	10.7	0.5264	2.8	0
4006	2011	125	26697.6	4.5	13.8	0.5331	3.2	0
4006	2011	126	25574.4	4.4	19.4	0.6681	3.5	0
4006	2011	127	27302.4	10.7	20.9	0.6992	4.2	0
4006	2011	128	27648	9.6	20.9	0.7269	5.9	0
4006	2011	129	27648	6.8	20	0.691	6.6	0
4006	2011	130	23500.8	9.6	21.9	0.822	2.9	0
4006	2011	131	20995.2	11	21.1	1.1476	3.2	0.4
4006	2011	132	13478.4	8.4	16.3	1.147	4.2	5.1
4006	2011	133	27302.4	6.3	17	0.8078	2.8	0
4006	2011	134	18835.2	6.7	18.6	1.0236	5.1	9.9
4006	2011	135	20995.2	4.5	11.6	0.8929	5.1	1.7
4006	2011	136	11664	4.7	12	0.8674	5.4	0
4006	2011	137	13132.8	8	16.2	1.0296	3.5	0
4006	2011	138	28857.6	10.7	21.1	0.9562	2.4	0
4006	2011	139	20476.8	11.7	21.7	1.177	3.1	2.2
4006	2011	140	22204.8	11.6	20.2	1.2269	2.9	4.7
4006	2011	141	22809.6	12.4	18.9	1.2429	2.6	5
4006	2011	142	24019.2	12.2	20.7	1.3453	3.3	2.5
4006	2011	143	29289.6	9.1	20.1	1.0955	2.5	0
4006	2011	144	27734.4	9.3	22	1.0476	4.9	0
4006	2011	145	29721.6	7	19.7	0.7347	3.6	0
4006	2011	146	24278.4	11.2	26.4	1.2783	5.4	0
4006	2011	147	12096	6.9	13.5	0.9078	4.6	3.8
4006	2011	148	18403.2	6.2	15.1	0.961	2.4	0
4006	2011	149	29462.4	9.4	21.3	0.9232	2.9	0
4006	2011	150	30067.2	13.8	26.1	1.0937	3	0
4006	2011	151	20736	7.9	21.9	1.1169	7.2	29.8
4006	2011	152	6652.8	6.8	8.5	1.0469	5.5	1.2
4006	2011	153	19008	7.4	17.5	1.1401	5.7	0
4006	2011	154	25833.6	10.7	21.6	1.2466	7.8	0
4006	2011	155	23328	14	24	1.5575	5.2	0
4006	2011	156	25056	14.1	22.7	1.5848	3.1	8.7
4006	2011	157	11491.2	13.3	18.7	1.5616	3.4	1.3
4006	2011	158	22377.6	13.5	22.5	1.3807	2.7	3.2
4006	2011	159	7516.8	9	15.4	1.4055	5.3	3.6
4006	2011	160	6739.2	9.1	13.2	1.2054	3.1	0.1
4006	2011	161	10800	9.9	15.7	1.1075	1.7	1.9
4006	2011	162	9158.4	9.1	13.5	1.1506	2.8	0.7
4006	2011	163	23673.6	9.5	18.6	1.0092	1.7	2.3
4006	2011	164	10368	10.5	16.2	1.2705	2.7	1.7
4006	2011	165	18403.2	11.7	19.9	1.3983	2.3	0.1
4006	2011	166	24451.2	13.8	22.5	1.5186	2	0
4006	2011	167	21859.2	11	24.1	1.4624	3.4	11.3
4006	2011	168	23414.4	10.5	21.2	1.4208	3.1	15.3
4006	2011	169	9849.6	8.1	14	1.1317	5.7	2.9
4006	2011	170	14947.2	7.5	14.1	0.9707	8.7	1
4006	2011	171	9504	9	16.1	1.1912	5.6	1
4006	2011	172	22636.8	13.9	23	1.5262	4.7	0
4006	2011	173	17020.8	10.9	24.6	1.5823	4.9	26.5
4006	2011	174	18403.2	9.4	18.1	1.2725	4.3	3.1
4006	2011	175	23587.2	8.1	15.3	1.044	4.9	0.4
4006	2011	176	10108.8	8.5	15.8	1.0471	4	0
4006	2011	177	24969.6	13.9	23	1.5686	3.9	0
4006	2011	178	30412.8	14.9	26.4	1.6764	4	0
4006	2011	179	29808	16.9	27.9	1.46	3.8	0
4006	2011	180	23500.8	13.7	24.8	1.582	5.2	13.9
4006	2011	181	15465.6	9.8	16.2	1.2119	5.5	0.4
4006	2011	182	15897.6	6.9	13.2	1.0095	3.4	6.6
4006	2011	183	20131.2	5.6	14.9	0.9732	4.3	0
4006	2011	184	8467.2	7.8	15.2	1.0168	4.7	0
4006	2011	185	30240	9.2	22.7	1.2851	2.4	0
4006	2011	186	26438.4	14.3	24.2	1.5151	2.3	0
4006	2011	187	24192	14.9	24.6	1.4939	3.8	2
4006	2011	188	21772.8	11.9	24.6	1.6746	3.6	31.9
4006	2011	189	22982.4	11	22.1	1.4479	3.3	0
4006	2011	190	15465.6	14.5	24.5	1.7199	3.6	0.8
4006	2011	191	16588.8	14.2	24	1.9867	2.9	7
4006	2011	192	21513.6	13	22.1	1.5625	3.2	0
4006	2011	193	26784	13.4	25.6	1.6294	5.2	18.1
4006	2011	194	10368	10.7	20	1.6199	4.8	14.5
4006	2011	195	20736	9.1	15.7	1.1508	6.7	0
4006	2011	196	22032	7.9	17	0.9814	4.1	0
4006	2011	197	28339.2	11	22.6	0.9935	3.1	0
4006	2011	198	8899.2	8.9	17.9	1.29	5.3	7.9
4006	2011	199	16934.4	8.8	17.2	1.152	4.5	2.3
4006	2011	200	16070.4	9.5	19.4	1.2658	4.4	32.6
4006	2011	201	6480	8.9	11.8	1.256	7.8	25.5
4006	2011	202	17712	9.7	16.6	1.3446	3.6	7.6
4006	2011	203	13046.4	10.4	15.3	1.4074	4.4	7.4
4006	2011	204	15465.6	8.6	14.9	1.144	3.4	1.8
4006	2011	205	9244.8	7.9	11.9	1.0604	5.5	2.1
4006	2011	206	17452.8	8.4	17.1	1.1628	2.8	0
4006	2011	207	19785.6	10	20	1.1752	2.4	0
4006	2011	208	12268.8	12.2	21.6	1.5573	2.3	15.4
4006	2011	209	15638.4	11.5	19.2	1.5677	3.3	4.5
4006	2011	210	13305.6	11.8	19.6	1.621	3.4	20.7
4006	2011	211	16329.6	10.1	16.1	1.2951	5.2	0
4006	2011	212	10454.4	9.5	14.4	1.2709	3.2	0
4006	2011	213	20304	8.7	20	1.3229	2.3	0
4006	2011	214	27216	12	24	1.4631	4	0
4006	2011	215	13046.4	14.4	22.1	1.6746	3.3	4.5
4006	2011	216	21340.8	15.1	22.8	1.7277	3.9	0
4006	2011	217	9072	15.6	21.4	1.7861	2.5	1.5
4006	2011	218	21600	14.2	23.9	1.8045	3.4	19
4006	2011	219	8467.2	12.4	17.6	1.6009	3.5	0.6
4006	2011	220	19353.6	10.7	18.4	1.2574	7.8	1.6
4006	2011	221	15292.8	8.5	16.1	1.229	6.6	8.2
4006	2011	222	20736	7.6	15.2	1.0505	4.1	0
4006	2011	223	22636.8	9.2	22.2	1.0866	3.2	0
4006	2011	224	18144	13.1	21.4	1.3563	4.6	0.5
4006	2011	225	17193.6	13.3	21.5	1.5875	3.3	0.1
4006	2011	226	18921.6	15.8	25.7	1.9312	4.2	18.3
4006	2011	227	11664	14.1	19.5	1.7195	3.4	7.6
4006	2011	228	16243.2	13.3	20.8	1.5528	2.3	0
4006	2011	229	22464	13.9	24.2	1.4524	2.7	0
4006	2011	230	22204.8	17.9	27.9	1.7	2.8	1.3
4006	2011	231	18316.8	15.5	24.7	1.8554	5.1	6.5
4006	2011	232	20390.4	14	26	1.844	2.4	0
4006	2011	233	20476.8	19.3	28.7	2.0248	3	0
4006	2011	234	22636.8	20.6	30	2.1237	3.3	0
4006	2011	235	23328	18.4	30.6	1.6874	3.7	0.7
4006	2011	236	21513.6	16.6	28.9	1.7123	3.2	1.6
4006	2011	237	21686.4	15.3	27.1	1.9602	3.5	0
4006	2011	238	22809.6	12.1	30.9	1.6893	5.1	4.7
4006	2011	239	8812.8	8	12.8	1.1342	4.9	11
4006	2011	240	19267.2	8.5	18.5	1.1129	2.1	0
4006	2011	241	19094.4	9.7	17	1.1786	4.1	0
4006	2011	242	19353.6	9.3	16.7	1.0473	2.9	0
4006	2011	243	19699.2	8.9	19.8	1.1106	3.3	0
4006	2011	244	15984	11.2	21.2	1.3609	2	0.3
4006	2011	245	12441.6	14.9	23	1.6183	2.4	0
4006	2011	246	20908.8	16.1	25.8	1.7076	2.9	1.2
4006	2011	247	11318.4	15.4	23.9	2.0101	3.5	14.4
4006	2011	248	10454.4	10.2	16.9	1.3646	5.9	4.7
4006	2011	249	19785.6	9.5	19	1.1197	4.5	0.1
4006	2011	250	4838.4	10.1	15.4	1.2511	7.5	8.2
4006	2011	251	4752	10.2	14.5	1.2187	7.8	3.2
4006	2011	252	8640	11.5	18.8	1.6336	3.4	1.7
4006	2011	253	19785.6	15.4	25	1.8433	3.2	0
4006	2011	254	17798.4	14.2	26.5	1.6458	3.9	1.2
4006	2011	255	17107.2	12.5	20.5	1.3684	5.1	0
4006	2011	256	7776	13.2	21.1	1.5822	5.5	3.4
4006	2011	257	17107.2	8.5	16.1	1.1575	4.8	0
4006	2011	258	16934.4	8	16.4	0.9938	2.6	0
4006	2011	259	17366.4	8.8	20.9	1.2313	3.3	0.7
4006	2011	260	9244.8	14.3	21	1.7135	3.7	2.9
4006	2011	261	4320	6.9	14.5	1.2342	4.2	10.8
4006	2011	262	5616	6.2	11.3	1.0265	2.6	0
4006	2011	263	15984	7.1	15.3	1.0632	2.6	0
4006	2011	264	17280	8	17.9	1.1333	2.5	0
4006	2011	265	12960	8.9	16.1	1.1728	3	0
4006	2011	266	12355.2	10.3	17.3	1.2294	2.3	0
4006	2011	267	16848	8.9	19.3	1.2053	3.8	0
4006	2011	268	16675.2	13.1	20.3	1.3289	2.7	0
4006	2011	269	16416	14.1	22	1.447	2.1	0
4006	2011	270	15206.4	14.9	22.3	1.348	2	0
4006	2011	271	16070.4	13	21.1	1.3587	4.8	0
4006	2011	272	13305.6	10.9	18.6	1.3072	5.7	0
4006	2011	273	15638.4	10.6	19.6	1.1827	5.2	0
4006	2011	274	15379.2	11.5	22	1.3331	2.6	0
4006	2011	275	15206.4	13.9	21.9	1.413	2.5	0
4006	2011	276	15033.6	14	20.9	1.4731	2.9	0
4006	2011	277	14774.4	12.5	20.6	1.2411	3.8	0
4006	2011	278	6566.4	11.2	16.7	1.305	4.1	0
4006	2011	279	10800	6	18.8	1.0789	6.1	14.8
4006	2011	280	5097.6	2.2	6.5	0.7834	8.4	15.2
4006	2011	281	7084.8	2	7.8	0.84	8	11.1
4006	2011	282	10800	2.7	9.1	0.7984	4	11.9
4006	2011	283	5702.4	6	15.3	1.2173	8.1	4.1
4006	2011	284	12096	10.4	16.4	1.3207	9.2	0
4006	2011	285	3110.4	9	11.4	1.0943	8.5	5.6
4006	2011	286	5529.6	4.1	9.6	0.9019	4.5	0.4
4006	2011	287	12700.8	1.4	9.7	0.7067	6	0
4006	2011	288	12614.4	-0.8	8.7	0.5753	7.8	0
4006	2011	289	12441.6	0.4	9.8	0.7201	4.9	0
4006	2011	290	9158.4	1.3	10.9	0.8283	2.9	0
4006	2011	291	10972.8	5.2	17.8	0.9761	5.4	4
4006	2011	292	2851.2	-0.2	7	0.7717	3.6	18.2
4006	2011	293	5961.6	1	6.1	0.7405	2.9	0.4
4006	2011	294	10886.4	-0.8	5	0.6397	3.9	0
4006	2011	295	9676.8	-1.5	5.4	0.6329	5.5	0
4006	2011	296	7084.8	-2.9	2.9	0.5988	4.9	0
4006	2011	297	8812.8	-0.2	8.1	0.7212	6.5	0
4006	2011	298	2592	2.7	7.6	0.7491	6.7	0
4006	2011	299	6739.2	5.9	11.7	0.9734	3.5	0
4006	2011	300	2505.6	4.6	7.5	0.938	4.1	0
4006	2011	301	9504	4.8	15.8	0.9764	2	0
4006	2011	302	9849.6	6.1	13.1	1.0273	3.8	0
4006	2011	303	7430.4	6.6	13.1	1.0082	2.1	0
4006	2011	304	6393.6	2.6	8.9	0.9187	4.1	0
4006	2011	305	8553.6	2.9	11.1	0.9914	3.6	0
4006	2011	306	2246.4	3.8	7.4	0.9092	4.3	0
4006	2011	307	6566.4	3.1	9.7	0.9513	5.4	0
4006	2011	308	6825.6	2.9	12	1.0224	5.4	0
4006	2011	309	5097.6	5.2	16.1	1.1404	4.5	0
4006	2011	310	7171.2	4.8	13.8	1.0887	5.2	0
4006	2011	311	2073.6	3	7.3	0.8724	2.1	0
4006	2011	312	4060.8	4.3	8.3	0.9352	3.7	0
4006	2011	313	8467.2	1.2	13.2	0.9137	2.6	0
4006	2011	314	1987.2	-0.8	6.7	0.7475	4.7	0
4006	2011	315	1987.2	0	3.8	0.7007	5.9	0
4006	2011	316	3110.4	0.3	4.9	0.7365	3.9	0
4006	2011	317	1900.8	-1.3	2.2	0.6313	4.8	0
4006	2011	318	1900.8	-2.3	0.6	0.5743	4.5	0
4006	2011	319	1900.8	-2.3	-0.5	0.5516	5	0
4006	2011	320	1814.4	-2.2	-0.7	0.5496	3.9	0
4006	2011	321	6912	-2.9	7.6	0.6222	3	0
4006	2011	322	3542.4	2.9	10.2	0.767	2.5	0
4006	2011	323	3888	-2.2	3	0.6227	4.1	0
4006	2011	324	5356.8	-2.3	9.2	0.704	3.7	0
4006	2011	325	6825.6	2.1	10.9	0.7353	3.6	0
4006	2011	326	6825.6	0.5	6.2	0.6835	4.7	0
4006	2011	327	1641.6	-3.7	1	0.5481	5	0
4006	2011	328	2419.2	-3.7	-1	0.5142	5	0
4006	2011	329	5702.4	-3.9	4.6	0.5452	4.1	0.3
4006	2011	330	4838.4	0.3	5.6	0.7098	4.2	0
4006	2011	331	6566.4	0.2	9.8	0.6105	5.4	0.1
4006	2011	332	5529.6	0.9	5.5	0.7378	4.2	0
4006	2011	333	5443.2	0.3	9.3	0.7482	3.4	0
4006	2011	334	1555.2	2.9	7.5	0.8224	3.7	0.7
4006	2011	335	3369.6	2.5	9.9	0.8435	4.2	0
4006	2011	336	2505.6	3.4	11.3	0.8	6	6.7
4006	2011	337	3110.4	1.8	5.5	0.6982	7.7	1
4006	2011	338	1555.2	4.4	9.1	0.8662	9.5	7
4006	2011	339	3283.2	0.4	9.2	0.7396	10.9	1.8
4006	2011	340	1468.8	-1.2	2.5	0.602	8.5	8.5
4006	2011	341	1468.8	-0.2	5.7	0.6774	10.7	4.6
4006	2011	342	4492.8	0.1	3.9	0.5575	8.2	0
4006	2011	343	1468.8	-0.5	8.2	0.7081	8.4	17.7
4006	2011	344	1468.8	-0.7	1.3	0.6244	4.4	2.8
4006	2011	345	1468.8	-2.1	2	0.5966	2.7	0
4006	2011	346	1468.8	-0.2	5.2	0.7021	6.2	1.5
4006	2011	347	2160	-0.7	6.6	0.6418	7.4	0.7
4006	2011	348	2678.4	1.5	7.1	0.681	9.1	2.6
4006	2011	349	1468.8	-0.1	3.7	0.5774	6	1
4006	2011	350	1468.8	-1.1	6.7	0.6798	14.4	10.7
4006	2011	351	2332.8	-2.1	-0.6	0.5315	8.8	2.2
4006	2011	352	2419.2	-3.5	-0.5	0.4961	6.2	2.5
4006	2011	353	3369.6	-6.5	-2.5	0.4116	4.3	0
4006	2011	354	1382.4	-5.6	-0.3	0.477	6	12.8
4006	2011	355	1382.4	-1.2	-0.2	0.5806	6.9	5.8
4006	2011	356	1382.4	-0.5	4.1	0.6957	4.9	21.9
4006	2011	357	1382.4	2.2	4.7	0.7822	5.7	1.1
4006	2011	358	1468.8	-0.7	4.7	0.6916	9.5	2.2
4006	2011	359	3024	-1.8	1.7	0.5662	4.4	0.3
4006	2011	360	1728	1.4	4.9	0.7429	2.7	0
4006	2011	361	4838.4	1.5	6.4	0.7941	1.3	0
4006	2011	362	4838.4	-1.3	5.3	0.6422	4	0.2
4006	2011	363	1728	0.2	2.9	0.574	8.8	1
4006	2011	364	1814.4	-1.7	1.6	0.5905	10.3	2
4006	2011	365	1468.8	-2.4	6.9	0.704	5.2	22.6
