*---------------------------------------------------------------------------*
* Station name: WEIDEN                                  
* Year: 1991
* Author: Pedro Alencar                                   -999.000: NIL VALUE
* Source: ECAD 
* Comments: 
* Longitude: 49.6669, latitude: 49.6669, altitude: 440 m.
*
* Column  Daily value
* 1       station number
* 2       year
* 3       day
* 4       irradiation                   (kJ m-2 d-1)
* 5       minimum temperature           (degrees Celsius)
* 6       maximum temperature           (degrees Celsius)
* 7       early morning vapour pressure (kPa)
* 8       mean wind speed (height: 2 m) (m s-1)
* 9       precipitation                 (mm d-1)
*
** WCCDESCRIPTION=GERMANY, WEIDEN                                  
** WCCFORMAT=2
** WCCYEARNR=1991
*---------------------------------------------------------------------------*
   49.6669  12.1856    440.  -0.18 -0.55
4008	1991	1	1382.4	0.9	4.5	0.675	2.4	0.2
4008	1991	2	1382.4	0.3	5.4	0.7047	3.4	3.9
4008	1991	3	1468.8	5.4	9.5	0.9088	3.3	0.3
4008	1991	4	1468.8	3.9	9	0.7907	3.1	0.2
4008	1991	5	3974.4	1.8	5.2	0.526	3.1	4.9
4008	1991	6	3283.2	0.7	5.2	0.5361	4.1	0.1
4008	1991	7	1468.8	0.8	6.6	0.7484	2.7	5.6
4008	1991	8	4406.4	1.6	7.5	0.6423	2.9	0.2
4008	1991	9	1468.8	2.8	6.5	0.6893	3.3	1.5
4008	1991	10	4233.6	4.8	13.6	0.7326	4.3	1.7
4008	1991	11	1555.2	5.4	9.2	0.9506	2.1	4
4008	1991	12	1555.2	2.6	6.5	0.7352	1.4	0
4008	1991	13	1555.2	0	3.2	0.5829	1.8	0.6
4008	1991	14	5529.6	-1.9	1	0.3134	8.8	0
4008	1991	15	5961.6	-5	0.7	0.2244	3.9	0
4008	1991	16	6134.4	-5.5	1	0.259	4.4	0
4008	1991	17	6220.8	-6.2	2.9	0.2545	1.3	0
4008	1991	18	6307.2	-9.7	5.1	0.2426	0.3	0
4008	1991	19	6220.8	-10.5	2.4	0.308	0.5	0
4008	1991	20	1728	-8.5	-1.1	0.4109	0.4	0
4008	1991	21	1728	-1.4	-0.1	0.5496	1.3	1.5
4008	1991	22	2332.8	-0.9	1.7	0.5346	1.5	0
4008	1991	23	1814.4	-1.1	1.7	0.5058	0.6	0
4008	1991	24	5443.2	-2.8	3.3	0.4604	1	0
4008	1991	25	1814.4	-3.8	0.5	0.4332	1.1	0
4008	1991	26	1900.8	-4	-1.8	0.4344	0.8	0
4008	1991	27	1900.8	-2.6	-0.7	0.4116	1.5	0
4008	1991	28	3196.8	-4.8	0.6	0.4033	1.2	0
4008	1991	29	1987.2	-9.3	-2.6	0.3608	0.2	0
4008	1991	30	5184	-4	0.8	0.3587	1.7	0
4008	1991	31	7776	-9.5	-1.2	0.156	2.2	0
4008	1991	32	7862.4	-10.9	-2.8	0.1318	1.9	0
4008	1991	33	7862.4	-12.6	-2.9	0.1468	1	0
4008	1991	34	5443.2	-13.4	-3.3	0.1987	0.8	0
4008	1991	35	7689.6	-13.5	-1.9	0.257	1.4	0
4008	1991	36	2851.2	-11	-5	0.2578	2.8	0
4008	1991	37	7516.8	-16.6	-10.9	0.1439	3.5	1.4
4008	1991	38	4492.8	-13	-4.3	0.2546	4	0.3
4008	1991	39	3888	-8.8	-4	0.3145	1.9	2.6
4008	1991	40	3715.2	-9.4	-1.8	0.3424	0.8	1.2
4008	1991	41	5184	-2.9	5.7	0.5746	2.1	4.1
4008	1991	42	7084.8	-7.2	-0.6	0.371	2.2	0
4008	1991	43	6825.6	-6.9	-1.7	0.3689	1.2	0
4008	1991	44	3196.8	-7	-4.3	0.3491	1.5	0.9
4008	1991	45	4924.8	-7.5	-4.8	0.3244	2.6	1.2
4008	1991	46	2592	-7.9	-2.3	0.3682	2.8	6.2
4008	1991	47	2678.4	-4.4	0.2	0.4453	2.7	1.7
4008	1991	48	7516.8	-8.1	0.4	0.377	0.6	0
4008	1991	49	10022.4	-13	2.6	0.3529	0.4	0
4008	1991	50	5702.4	-12.9	0.4	0.3104	0.5	0
4008	1991	51	10713.6	-2.7	8.2	0.6104	0.9	0
4008	1991	52	8553.6	-5.9	6.1	0.5416	0.4	0
4008	1991	53	3974.4	-7.1	2	0.4914	0.9	0.2
4008	1991	54	2937.6	-7.2	3.3	0.4767	2.2	0.1
4008	1991	55	10627.2	1.6	11.4	0.7741	1.4	0
4008	1991	56	8812.8	-2.2	11.3	0.6761	0.4	0
4008	1991	57	10022.4	0.3	9.2	0.7027	0.5	0
4008	1991	58	9417.6	-2.5	2	0.462	1.8	0
4008	1991	59	10627.2	-2.3	3.2	0.3914	3.5	0
4008	1991	60	12614.4	-1.8	1.8	0.4888	2.2	0
4008	1991	61	10886.4	-2	5.9	0.5485	1.2	0.3
4008	1991	62	3283.2	0.5	4.2	0.6946	0.4	1.9
4008	1991	63	6220.8	0.1	6	0.6844	0.9	0
4008	1991	64	3456	0	5.3	0.6652	1	0
4008	1991	65	7430.4	1	7.5	0.7117	1.2	0
4008	1991	66	10454.4	1.4	7	0.7092	1.6	0
4008	1991	67	12009.6	2	10.6	0.7635	1.4	0
4008	1991	68	3628.8	4.4	8.8	0.8476	0.8	0.5
4008	1991	69	3715.2	5.2	7.5	0.9193	0.7	2.1
4008	1991	70	9158.4	4.3	13.1	0.9219	0.5	0
4008	1991	71	9936	-0.2	14	0.8454	0.6	0
4008	1991	72	14083.2	2	13	0.7564	1.1	0
4008	1991	73	15465.6	-0.2	15.2	0.7461	1	0
4008	1991	74	9590.4	2	12	0.8412	1.1	0
4008	1991	75	13392	0.5	17.6	0.7482	1.1	0
4008	1991	76	15552	4.6	15.8	0.8829	1.8	0
4008	1991	77	6048	1.9	13.2	0.8734	1.2	0
4008	1991	78	5011.2	3	12	0.8393	2.2	10.8
4008	1991	79	10195.2	7.6	14.6	0.977	2.8	0.7
4008	1991	80	9244.8	9.8	17.2	1.2056	2.1	0.6
4008	1991	81	4320	5.3	13	1.101	1.7	4.9
4008	1991	82	4924.8	5.2	9.5	0.8821	1.3	0.2
4008	1991	83	10368	5.9	13	0.9224	3	0
4008	1991	84	4492.8	5	7.4	0.7961	7.4	0
4008	1991	85	4492.8	1.9	5.7	0.6414	4.6	0.8
4008	1991	86	13824	0	6.5	0.5399	2.7	0
4008	1991	87	10540.8	-2.6	3.3	0.4826	2.4	0
4008	1991	88	9072	-3.6	3.6	0.4155	1.8	0
4008	1991	89	4752	1	5.4	0.6302	1.1	0
4008	1991	90	8812.8	0	6.7	0.6292	1.4	0
4008	1991	91	11577.6	-2.7	12.5	0.5976	1.1	0.2
4008	1991	92	6393.6	7.4	15.7	0.8025	2.2	0
4008	1991	93	16070.4	5	18	0.7863	1.3	0
4008	1991	94	5011.2	6.5	12.1	0.9717	1.1	0.3
4008	1991	95	5011.2	5.4	10.4	0.8306	1.2	0.1
4008	1991	96	9331.2	5.7	13.5	0.7884	1.1	0
4008	1991	97	10022.4	6.8	12.1	0.8278	2.4	0.9
4008	1991	98	9158.4	4.2	9.5	0.7731	2.2	1.1
4008	1991	99	13824	5.4	12.1	0.7896	2.1	0.1
4008	1991	100	20736	-1	15.8	0.5558	1.7	0
4008	1991	101	21513.6	1.7	14.5	0.6477	2	0
4008	1991	102	21254.4	5.1	16.4	0.8127	3	0
4008	1991	103	21081.6	6.9	16.7	0.802	4.8	0
4008	1991	104	16675.2	4.2	16.7	0.8598	2	0.2
4008	1991	105	20390.4	3.3	17.5	0.7687	1.3	0
4008	1991	106	20476.8	1	15.3	0.6715	3.3	0
4008	1991	107	14774.4	-0.6	6	0.5489	1.9	0
4008	1991	108	13392	-0.6	6.4	0.4063	2.3	0
4008	1991	109	7948.8	-2.6	3.3	0.4387	0.9	0
4008	1991	110	18921.6	-4.4	5.1	0.4011	2.1	0
4008	1991	111	20217.6	-5.7	5.7	0.4399	1.1	0
4008	1991	112	17280	-2.5	9.3	0.4053	1.9	1.9
4008	1991	113	14342.4	1.3	7.5	0.6523	1.6	0
4008	1991	114	17971.2	-2	10.5	0.5048	0.9	0
4008	1991	115	19353.6	1	10.5	0.5512	2.6	0
4008	1991	116	20476.8	0.1	12.3	0.635	1.9	0
4008	1991	117	18403.2	0.3	15.6	0.6732	1	0
4008	1991	118	19440	2.4	17.7	0.7633	1.3	0.4
4008	1991	119	13046.4	2.4	12.2	0.736	1	3.9
4008	1991	120	6220.8	3.2	8.2	0.8423	1.2	4.3
4008	1991	121	8208	5.4	12.3	1.0335	2.7	2.1
4008	1991	122	8294.4	5	10.6	0.7403	1.1	0
4008	1991	123	10454.4	2.8	8.8	0.6361	1.4	0
4008	1991	124	11232	2.2	9.7	0.5776	1	0
4008	1991	125	9763.2	2.2	10.2	0.7866	0.7	0.1
4008	1991	126	18662.4	-1.6	14.4	0.663	1.2	0
4008	1991	127	16070.4	2.6	12.3	0.6919	1.8	0
4008	1991	128	21859.2	0.3	14.4	0.6154	1.2	0
4008	1991	129	22809.6	1.5	15.3	0.7161	1.5	0
4008	1991	130	20649.6	7.3	17.7	0.9556	6.3	1.3
4008	1991	131	8208	9.1	14.8	1.2848	1.8	31.9
4008	1991	132	6652.8	6.2	11.7	1.0405	2.1	15.2
4008	1991	133	23932.8	5.9	16.3	0.8582	1.2	0
4008	1991	134	6739.2	3.8	13.4	0.9827	1.3	4.7
4008	1991	135	18144	1.9	10.2	0.5347	2.5	2.3
4008	1991	136	18748.8	3	9.5	0.6087	1.9	0.1
4008	1991	137	18403.2	-0.5	12.2	0.7123	2.3	0.5
4008	1991	138	23328	3	11.7	0.6564	2.6	0
4008	1991	139	23932.8	0.2	14.2	0.5177	1.6	1.5
4008	1991	140	19785.6	4	16.2	0.7905	1.5	0
4008	1991	141	12009.6	11.4	18.5	1.3412	2.5	0
4008	1991	142	16243.2	11.1	19.6	1.1496	3.3	0
4008	1991	143	20304	3.4	13.9	0.7843	3.4	0.7
4008	1991	144	17884.8	2.4	10.6	0.8708	1.5	2.9
4008	1991	145	8121.6	2	10.5	0.7703	1.5	2.6
4008	1991	146	15897.6	5.8	10.8	0.9301	1.5	3.9
4008	1991	147	22464	0.2	16.8	0.6655	0.9	0
4008	1991	148	9244.8	4	14.9	0.8633	1.2	0
4008	1991	149	18403.2	3.7	16.1	0.9872	0.7	5.7
4008	1991	150	16934.4	4.8	19.8	0.9432	0.7	0
4008	1991	151	27907.2	6.5	23.6	0.9056	0.8	0
4008	1991	152	27561.6	7.9	22	0.8658	2.4	0
4008	1991	153	28080	4.1	19.5	0.5946	1.6	0.1
4008	1991	154	19094.4	9.9	19.4	0.9658	3.4	0
4008	1991	155	22032	4.6	13.5	0.7828	2.6	0.1
4008	1991	156	22809.6	1.1	14.8	0.609	1.4	0
4008	1991	157	9763.2	4.5	15.7	0.9511	2.4	2.9
4008	1991	158	18921.6	7.8	18.1	1.1333	1.6	11.2
4008	1991	159	13305.6	10.4	16.8	1.3068	1	1.5
4008	1991	160	11491.2	11	19	1.2944	1.3	3.3
4008	1991	161	25920	12.6	18.5	1.0586	3.1	0.4
4008	1991	162	15638.4	10.1	16	1.0507	2.3	3.9
4008	1991	163	22723.2	8.8	23.7	1.0147	1.8	0.2
4008	1991	164	19526.4	14.2	19.9	1.1064	3.1	0.3
4008	1991	165	16502.4	9.6	15.4	1.2308	2.2	2.1
4008	1991	166	25488	10.6	23.5	1.184	2.3	0
4008	1991	167	16502.4	12.9	18.9	1.5336	2.1	11.9
4008	1991	168	6566.4	9.4	12.9	1.2717	1.8	38.5
4008	1991	169	11491.2	7.4	13.4	1.1468	2.3	4.3
4008	1991	170	22291.2	6.1	16.5	0.99	1.6	2.3
4008	1991	171	14860.8	8.2	15.3	1.2542	1.2	13.7
4008	1991	172	23155.2	9.1	19.5	1.0745	1.5	0
4008	1991	173	26438.4	9	25.5	1.1991	1.7	10.5
4008	1991	174	25401.6	14.3	24.2	1.5597	1.5	28.5
4008	1991	175	19008	14.2	21.2	1.5369	2.7	3.1
4008	1991	176	13910.4	14.6	21.8	1.7529	1.5	0.2
4008	1991	177	22464	16.3	25.3	1.8391	2.1	1.8
4008	1991	178	11059.2	10.5	18.6	1.4229	1.7	14.1
4008	1991	179	15292.8	9.2	14	1.2009	4.1	4.6
4008	1991	180	10022.4	8.5	13.6	0.9211	2.8	0
4008	1991	181	25401.6	4.3	20.3	0.9861	1.1	0
4008	1991	182	27388.8	9.6	24.6	1.0125	1.1	0
4008	1991	183	28166.4	11	25.4	1.0642	1.1	0
4008	1991	184	18144	13.2	23.5	1.3903	1.1	0
4008	1991	185	16070.4	14.1	23.3	1.6579	1.1	0
4008	1991	186	22636.8	15.6	27.1	1.8007	3.2	0
4008	1991	187	28166.4	13.4	26.7	1.1707	2.2	0
4008	1991	188	28080	14.1	28.4	1.3864	3	0
4008	1991	189	26092.8	14.2	29.2	1.6583	1.1	0
4008	1991	190	12787.2	15.6	25.1	1.6458	1.4	0.4
4008	1991	191	24451.2	14.8	28.4	1.7254	2.1	0
4008	1991	192	26784	16.2	30.8	1.676	1.3	0
4008	1991	193	23760	15.9	32.3	1.7075	1.3	0.3
4008	1991	194	18316.8	18.6	27.1	1.7504	1.6	3.8
4008	1991	195	7171.2	15.8	21.1	1.9289	1.8	3.6
4008	1991	196	21168	11.5	22.8	1.4259	1.9	0
4008	1991	197	21859.2	13.5	22.4	1.3353	2.4	0
4008	1991	198	15465.6	8.3	22.2	1.2288	1.2	0
4008	1991	199	17712	10.2	21.2	1.3182	1.4	0.5
4008	1991	200	23068.8	14.1	24.3	1.4216	3.2	0
4008	1991	201	16761.6	12.7	20.6	1.2301	2.2	0
4008	1991	202	16588.8	8.7	20.6	1.1656	1.2	0
4008	1991	203	25833.6	11.2	24	1.1655	1.1	0
4008	1991	204	26697.6	9.8	26.8	1.0709	1.1	0
4008	1991	205	15638.4	13.1	25.2	1.9043	1.1	13.8
4008	1991	206	19440	11.4	20.3	1.5826	1.1	21.8
4008	1991	207	14947.2	11.8	19.4	1.5045	1.1	5.1
4008	1991	208	18403.2	11.2	21.6	1.3038	1.1	0
4008	1991	209	24278.4	9.5	24	1.2569	1.1	0
4008	1991	210	26265.6	10.5	25.3	1.1468	1.1	0
4008	1991	211	26179.2	13.1	25.9	1.222	1.1	0
4008	1991	212	17539.2	14	24.5	1.6711	1.1	2.3
4008	1991	213	5875.2	16	18.5	1.8674	1.1	6.3
4008	1991	214	5875.2	15.2	17.1	1.7599	3.2	11.4
4008	1991	215	16156.8	15.9	22.9	1.9341	2	0
4008	1991	216	19699.2	13.4	24.7	1.6724	1.4	0
4008	1991	217	21600	11.4	26.9	1.4836	0.6	0
4008	1991	218	25315.2	12.2	28.3	1.3986	1.2	0
4008	1991	219	25315.2	12.6	31.6	1.5399	1.5	0
4008	1991	220	23500.8	15.5	32.2	1.9181	1.8	1.4
4008	1991	221	12873.6	15.3	24.3	1.7291	2.4	0
4008	1991	222	16070.4	12.2	24.8	1.5522	1.2	0.2
4008	1991	223	19958.4	16.3	29.2	1.6018	2.1	0
4008	1991	224	13824	14.4	23.2	1.6682	2.1	0
4008	1991	225	19612.8	10.9	24.4	1.3103	1.7	0
4008	1991	226	16761.6	9.3	24.8	1.3005	0.9	8.1
4008	1991	227	17280	12.6	24.3	1.5474	1.1	0
4008	1991	228	21340.8	9.8	27.4	1.2196	1.4	0.1
4008	1991	229	13305.6	13.3	24.8	1.3864	2.2	3.3
4008	1991	230	17539.2	12.4	20.1	1.1807	2.9	0
4008	1991	231	13651.2	7.5	18.8	1.0123	1.9	0
4008	1991	232	6998.4	6.2	18	1.1706	1.1	0.7
4008	1991	233	18662.4	9.8	23.5	1.4761	0.8	0
4008	1991	234	23500.8	9.1	25.3	1.1757	2.5	0
4008	1991	235	18144	10.2	26	1.6175	1.5	1
4008	1991	236	6480	11.9	21.9	1.7496	1.1	0
4008	1991	237	19958.4	8.9	23.4	1.2466	1.5	0
4008	1991	238	21513.6	8.5	23.1	1.1473	1.2	0
4008	1991	239	20736	8.8	22.2	1.0376	1.5	0
4008	1991	240	11232	8.9	21.9	1.1708	1.3	0
4008	1991	241	19526.4	9.6	20.4	1.1411	2.4	0
4008	1991	242	19699.2	4.5	21.3	0.9513	1.4	0
4008	1991	243	21686.4	7.5	22.9	1.0351	2.3	0
4008	1991	244	21168	8.9	24.3	1.0375	3.6	0
4008	1991	245	20908.8	13.4	25.2	1.0058	3.1	0
4008	1991	246	20649.6	11.1	25.7	1.0143	2.9	0
4008	1991	247	19526.4	10.2	27.7	1.2028	1	0
4008	1991	248	18835.2	9.2	27.1	1.2897	1.7	0.7
4008	1991	249	14774.4	10.2	19.2	1.1026	2.1	0.7
4008	1991	250	5356.8	4.9	13.6	0.8751	2.5	2.3
4008	1991	251	10368	9.3	17.4	1.2551	1.8	0
4008	1991	252	14688	4.5	20.5	1.0136	0.7	0
4008	1991	253	18057.6	5.2	25	1.0628	1.3	0.9
4008	1991	254	8294.4	12	17.8	1.5738	1.7	13.3
4008	1991	255	12528	9.8	17.6	1.2371	2.1	0
4008	1991	256	18662.4	4.7	20.1	0.8775	1.7	0
4008	1991	257	15206.4	5.3	19.7	1.1149	1.6	0
4008	1991	258	11318.4	7.5	21.9	1.3197	1	0
4008	1991	259	10281.6	9.1	23.4	1.4206	1.1	7.6
4008	1991	260	11923.2	13.5	21.9	1.5369	3	0.8
4008	1991	261	12614.4	8.1	18.5	1.129	1.5	0
4008	1991	262	15724.8	6.4	22.2	1.2047	0.7	0
4008	1991	263	8035.2	7.5	18.8	1.2691	1.1	0
4008	1991	264	15292.8	6.5	21	1.2254	1	0
4008	1991	265	9504	7.4	17.9	1.3599	1.6	17.1
4008	1991	266	5875.2	10.2	14.7	1.1113	2.7	0
4008	1991	267	6393.6	11.3	17.6	1.3644	2.2	0
4008	1991	268	15811.2	6.8	24.5	1.2962	1.3	0
4008	1991	269	10972.8	10.3	18.4	1.4209	1.5	2.7
4008	1991	270	5356.8	9	14.7	1.1515	2.7	0
4008	1991	271	9590.4	6.2	14.4	0.8888	2.4	0
4008	1991	272	6220.8	9.5	19	1.2657	1.2	0
4008	1991	273	3456	9.7	13.6	1.287	1.8	3.8
4008	1991	274	11750.4	7.3	15.8	1.0201	2.7	0.1
4008	1991	275	5443.2	8.8	13.2	0.9968	4.7	0
4008	1991	276	10713.6	6.1	15.3	0.9771	1.2	0
4008	1991	277	14256	1.9	19.2	0.9801	0.8	0
4008	1991	278	13910.4	4.4	20.1	0.9828	1	0
4008	1991	279	12441.6	4.7	18.3	1.0574	0.7	0
4008	1991	280	11750.4	4.1	17.9	1.023	1.2	0
4008	1991	281	12873.6	7.7	20.8	1.1197	3.3	0
4008	1991	282	10886.4	9.3	19.2	1.3144	1.7	0
4008	1991	283	11577.6	5.2	18.5	1.1238	0.9	0
4008	1991	284	11923.2	5.6	14.5	0.9356	4.8	0
4008	1991	285	6825.6	11.8	16.4	1.2856	4.2	0
4008	1991	286	2851.2	11.2	13.8	1.3032	1.5	0
4008	1991	287	10368	7.9	17	1.2123	1	0
4008	1991	288	9158.4	6.6	18.6	1.1514	0.6	0
4008	1991	289	9158.4	2.3	16.2	1.0267	1.6	1.9
4008	1991	290	2678.4	7.7	11.5	1.0751	4	4.1
4008	1991	291	5961.6	4.4	9	0.7357	4.2	0.1
4008	1991	292	4838.4	2.9	7.1	0.7238	3	2
4008	1991	293	5702.4	1.2	7.2	0.6515	2.1	0.7
4008	1991	294	7344	-1.1	4.8	0.5376	1.3	0
4008	1991	295	9676.8	-3.1	7.3	0.5189	1.4	0
4008	1991	296	2419.2	1.8	5.5	0.7537	2.2	0.6
4008	1991	297	2419.2	0.9	6.7	0.7457	2	0
4008	1991	298	2332.8	2.1	8.2	0.7402	2.4	0.1
4008	1991	299	9936	-3.1	5.6	0.3879	3.1	0
4008	1991	300	9849.6	-1.5	6.8	0.4213	3.1	0
4008	1991	301	9504	-3	6.5	0.4159	2.8	0
4008	1991	302	9331.2	-2.6	6	0.4352	2.8	0
4008	1991	303	8985.6	-2.7	5.4	0.4648	2.9	0
4008	1991	304	8812.8	-3.1	2.2	0.4139	2.8	0
4008	1991	305	8640	-4	4.7	0.4387	2	0
4008	1991	306	2505.6	-3.5	6	0.5885	2.3	1.4
4008	1991	307	4579.2	5.9	13.9	0.975	4.1	7.8
4008	1991	308	1987.2	5.5	12.3	1.0142	3.8	2.2
4008	1991	309	1987.2	2.6	6.1	0.7	3.7	0.2
4008	1991	310	4406.4	-0.3	5.6	0.6283	2.6	0.3
4008	1991	311	1900.8	0	5.5	0.6998	4.1	15.2
4008	1991	312	1900.8	4.8	8.7	0.8268	4.4	2.2
4008	1991	313	2419.2	1.7	7.9	0.7654	3	1.6
4008	1991	314	2851.2	-0.4	4.1	0.6214	2.6	1.3
4008	1991	315	2160	-1.7	4.1	0.5264	3.4	2.6
4008	1991	316	1728	2.7	5.5	0.7616	2.7	0
4008	1991	317	1728	3.5	7.8	0.7573	2.4	4.6
4008	1991	318	1728	2.4	5.8	0.7452	2.4	1.4
4008	1991	319	2764.8	1.5	6.8	0.7067	2.4	0.3
4008	1991	320	4320	-1.8	6.8	0.607	2.4	2.7
4008	1991	321	1641.6	0	2.6	0.651	2.4	2.8
4008	1991	322	1641.6	-0.6	2	0.5914	2.4	2.1
4008	1991	323	1555.2	1.8	5.5	0.7616	2.4	0
4008	1991	324	1555.2	2.3	4.5	0.7015	2.4	1.5
4008	1991	325	1555.2	1.3	2.6	0.6188	2.9	0
4008	1991	326	1555.2	-2.8	2.5	0.5318	1.3	0
4008	1991	327	2592	-3.7	2.4	0.5303	0.5	0
4008	1991	328	2246.4	-5.3	3.1	0.4962	3.5	0
4008	1991	329	1468.8	2	5	0.7222	1.6	0
4008	1991	330	1468.8	0.7	2.2	0.6174	1.3	0
4008	1991	331	1468.8	-0.4	1.1	0.6079	1.6	0
4008	1991	332	1382.4	0.5	3.2	0.6702	1	1.1
4008	1991	333	1382.4	-1	2.8	0.6521	0.6	0
4008	1991	334	2332.8	-2	7.2	0.6481	0.9	0
4008	1991	335	3283.2	-2.2	2.3	0.5458	2.3	0
4008	1991	336	4924.8	-1.9	2.5	0.5495	1.6	0
4008	1991	337	1468.8	-2.8	-0.9	0.5069	1.2	0
4008	1991	338	1468.8	-3.8	-0.5	0.4697	1.5	0.3
4008	1991	339	2851.2	-2.4	2.3	0.5236	2.1	0.5
4008	1991	340	3369.6	-3.5	-0.9	0.4264	2.2	1.7
4008	1991	341	1468.8	-2.5	1	0.5322	2.6	0
4008	1991	342	1382.4	-0.8	1.1	0.593	1	0.4
4008	1991	343	4838.4	-11.7	0.4	0.2688	2	0
4008	1991	344	4320	-13	-5	0.1703	3	0
4008	1991	345	4752	-7	-1.1	0.3714	3.2	0
4008	1991	346	1382.4	-10.6	-5.9	0.3021	0.6	0
4008	1991	347	1382.4	-11.6	-7.8	0.2696	1.2	0
4008	1991	348	4406.4	-12.5	-5.9	0.2774	1.2	0
4008	1991	349	4838.4	-14.8	-3.5	0.2601	0.3	0
4008	1991	350	4752	-13.4	-2.1	0.3004	0.4	0
4008	1991	351	1382.4	-9	-0.1	0.4187	1.4	6.9
4008	1991	352	1814.4	-0.1	4.5	0.6657	4.4	5.3
4008	1991	353	1382.4	0.2	5.7	0.7475	3.5	18
4008	1991	354	1900.8	-0.8	6.1	0.6357	4.3	6
4008	1991	355	1382.4	-1.2	1.3	0.601	2.7	12.7
4008	1991	356	1382.4	0	7.7	0.7966	2.6	7
4008	1991	357	1382.4	6.7	9.8	0.9051	4.7	0.3
4008	1991	358	1382.4	0.2	8.2	0.7009	4.6	1
4008	1991	359	2678.4	-0.2	1.8	0.5309	2.7	0.7
4008	1991	360	1382.4	-1.6	1	0.556	3.6	6.8
4008	1991	361	1382.4	0.5	3.2	0.6353	4.2	0.4
4008	1991	362	4838.4	-4.3	1.8	0.4127	1.4	0
4008	1991	363	4233.6	-7.1	1	0.4198	1.2	0
4008	1991	364	1382.4	-0.8	1.4	0.5995	1.6	0
4008	1991	365	1382.4	-1.4	0.9	0.486	1.3	0
