*---------------------------------------------------------------------------*
* Station name: WEIDEN                                  
* Year: 2011
* Author: Pedro Alencar                                   -999.000: NIL VALUE
* Source: ECAD 
* Comments: 
* Longitude: 49.6669, latitude: 49.6669, altitude: 440 m.
*
* Column  Daily value
* 1       station number
* 2       year
* 3       day
* 4       irradiation                   (kJ m-2 d-1)
* 5       minimum temperature           (degrees Celsius)
* 6       maximum temperature           (degrees Celsius)
* 7       early morning vapour pressure (kPa)
* 8       mean wind speed (height: 2 m) (m s-1)
* 9       precipitation                 (mm d-1)
*
** WCCDESCRIPTION=GERMANY, WEIDEN                                  
** WCCFORMAT=2
** WCCYEARNR=2011
*---------------------------------------------------------------------------*
   49.6669  12.1856    440.  -0.18 -0.55
4008	2011	1	1382.4	-3.8	-0.3	0.4995	2.4	0
4008	2011	2	1900.8	-2.9	-0.5	0.4964	2.5	0.1
4008	2011	3	1900.8	-5.6	-0.8	0.4489	1.6	1.1
4008	2011	4	1728	-6.8	-3.5	0.3793	1.2	0
4008	2011	5	1468.8	-11.5	-5.1	0.2911	2	0
4008	2011	6	1468.8	-11.8	2.9	0.4087	3	9.2
4008	2011	7	1468.8	1.2	5.9	0.7484	2.7	12.6
4008	2011	8	2419.2	2.4	6.2	0.8055	3.1	5.8
4008	2011	9	1814.4	2.5	6	0.7365	2	4
4008	2011	10	1814.4	-0.8	2.5	0.6173	1.6	0
4008	2011	11	1555.2	0.4	1.8	0.6285	1.9	0.9
4008	2011	12	1555.2	1.3	3.5	0.6898	3.3	13.8
4008	2011	13	1555.2	3.2	9.4	0.9352	2.8	13.5
4008	2011	14	2073.6	6.8	9.3	0.979	3.3	1
4008	2011	15	1987.2	5.6	8	0.8297	3.6	0.1
4008	2011	16	5529.6	-2.1	9.1	0.6908	2	0
4008	2011	17	1641.6	-3.3	1.2	0.5659	1	0
4008	2011	18	1987.2	-0.5	4.6	0.7011	1.8	3
4008	2011	19	2332.8	-0.5	3.8	0.6607	2.1	1.1
4008	2011	20	2678.4	-2.5	1.4	0.5401	1.8	0.5
4008	2011	21	3283.2	-3.6	-1.8	0.4108	2.7	0.1
4008	2011	22	5184	-7.8	-1.3	0.3577	1.4	0
4008	2011	23	1814.4	-8	-1.6	0.3852	1.6	1
4008	2011	24	1814.4	-2.1	1	0.5694	1.4	1.7
4008	2011	25	1814.4	-0.7	0.7	0.5866	3.1	6.7
4008	2011	26	1900.8	-2.3	1.2	0.5577	1.6	0.1
4008	2011	27	1900.8	-4.1	-1.4	0.4443	3.1	0
4008	2011	28	6566.4	-6.5	-1.7	0.361	6.7	0
4008	2011	29	7257.6	-8	-2	0.3331	2.2	0
4008	2011	30	5011.2	-8.8	-5.4	0.3088	3	0
4008	2011	31	5184	-10.6	-4.3	0.311	1.2	0
4008	2011	32	2073.6	-8.6	-6.3	0.318	1.8	0
4008	2011	33	2073.6	-7.5	-2.9	0.3779	2.4	0.2
4008	2011	34	2160	-4.2	-0.9	0.4813	2.9	0.4
4008	2011	35	2160	-1.1	5.8	0.6367	4.1	0
4008	2011	36	2592	5.2	7.7	0.7232	5.8	0
4008	2011	37	5961.6	2.4	9.1	0.7074	4.3	0
4008	2011	38	6912	0.8	7.9	0.6584	3	0
4008	2011	39	5011.2	-2.6	7.5	0.5611	1.9	0.5
4008	2011	40	2332.8	-6	-0.2	0.4815	0.8	0
4008	2011	41	5097.6	-6	0.9	0.4965	1.5	2
4008	2011	42	2419.2	0.5	8.1	0.7972	3.7	5.8
4008	2011	43	2505.6	-1.2	7.2	0.682	2.9	3.5
4008	2011	44	2505.6	-0.8	1.4	0.587	1.1	5.3
4008	2011	45	2592	-0.4	1.6	0.5935	1.7	0
4008	2011	46	2592	-1.9	-0.3	0.5075	2.4	0
4008	2011	47	8121.6	-2.5	0.3	0.4849	3.1	0
4008	2011	48	2678.4	-1.2	1.4	0.5539	2.4	0.1
4008	2011	49	2764.8	-1.2	1.4	0.5662	2.1	1.4
4008	2011	50	2764.8	-2.2	-0.2	0.515	1.9	0
4008	2011	51	2851.2	-6.6	-2.1	0.3587	3.8	0
4008	2011	52	10800	-10.3	-4.6	0.2621	2.6	0
4008	2011	53	10972.8	-12.1	-3.9	0.2545	2.4	0
4008	2011	54	11318.4	-13.8	0.1	0.2489	1.1	0
4008	2011	55	11318.4	-12.3	3.5	0.2823	1.2	0
4008	2011	56	11577.6	-7.8	3.6	0.2933	1.4	0
4008	2011	57	11923.2	-9.2	5.3	0.3337	1.6	0.3
4008	2011	58	3196.8	-4.7	2.5	0.5131	1.2	1
4008	2011	59	10368	-0.3	7.1	0.6626	2.4	0
4008	2011	60	12268.8	-2	3.8	0.4891	3.6	0
4008	2011	61	13392	-1.7	5.9	0.2772	8.1	0
4008	2011	62	4060.8	-1.9	1.2	0.4229	4.7	0
4008	2011	63	11491.2	-2.9	5.1	0.5293	2.4	0
4008	2011	64	12614.4	-4.5	10.7	0.5495	1.8	0
4008	2011	65	10713.6	-4.3	4.4	0.3679	3.4	0
4008	2011	66	14688	-6.5	3.3	0.2555	3.3	0
4008	2011	67	14774.4	-5.5	8.7	0.24	2.1	0
4008	2011	68	12355.2	-3.1	13.7	0.4809	2.8	0.3
4008	2011	69	6566.4	4.7	9.2	0.7185	3.4	0.3
4008	2011	70	3715.2	1.9	9.1	0.5869	4.1	0
4008	2011	71	14774.4	-1.7	14.7	0.6676	1.3	0
4008	2011	72	5097.6	0.5	12	0.6847	0.8	0
4008	2011	73	6134.4	4.4	14.4	0.8722	1.2	0
4008	2011	74	15984	2.5	15.6	0.8173	4.3	0
4008	2011	75	3974.4	6.8	12.3	0.9524	5.7	1
4008	2011	76	4060.8	3.8	11	0.8851	2.9	4.4
4008	2011	77	4060.8	2.5	5.2	0.7483	3.7	0.8
4008	2011	78	12182.4	-2.6	6.9	0.535	2.6	0
4008	2011	79	14256	-5	8.1	0.4852	1.4	0
4008	2011	80	17539.2	-3.7	10.5	0.5145	1.2	0
4008	2011	81	17798.4	-2.8	15	0.5553	1.1	0
4008	2011	82	17193.6	-1.5	14.5	0.6579	1.9	0
4008	2011	83	17366.4	-1	16.9	0.6518	1.3	0
4008	2011	84	17280	-0.2	17.2	0.7098	1.8	0
4008	2011	85	7776	1.6	9.7	0.666	2.5	0
4008	2011	86	9072	1.1	11.1	0.6871	1.4	0
4008	2011	87	8380.8	0.7	11	0.7401	1.5	0
4008	2011	88	19094.4	-1.8	15.3	0.6398	1.5	0
4008	2011	89	15811.2	-0.3	17.8	0.722	1.6	0.3
4008	2011	90	6566.4	7.6	14.7	1.0597	3	3.3
4008	2011	91	7430.4	8.6	15.7	1.1603	3.3	0.1
4008	2011	92	19440	4.7	20.9	1.1075	1.5	0
4008	2011	93	19440	5	22.9	1.0822	1.5	0.1
4008	2011	94	9590.4	4.4	13.8	0.9702	2.8	3.6
4008	2011	95	16329.6	3.2	14.2	0.787	2.4	0.3
4008	2011	96	8208	8	17.5	1.1333	2.4	0
4008	2011	97	19872	7.6	22.6	1.1142	4.1	0
4008	2011	98	21340.8	6.1	16.7	0.7677	3.8	0
4008	2011	99	21772.8	5	16.3	0.6791	3.9	0
4008	2011	100	20908.8	0.9	18.1	0.6882	1.6	0
4008	2011	101	19785.6	2.6	19.3	0.7843	1.5	0.8
4008	2011	102	10627.2	0.8	12.2	0.7063	3.5	2.8
4008	2011	103	5443.2	0.3	8.3	0.5813	4.6	0.7
4008	2011	104	17539.2	-0.1	10	0.5736	2.5	0
4008	2011	105	6220.8	1.1	9.2	0.6433	1.8	0
4008	2011	106	8467.2	2.9	12.4	0.7014	1.5	0
4008	2011	107	19872	3.7	15.2	0.6622	2.6	0
4008	2011	108	23500.8	3.3	16.7	0.6012	2.5	0
4008	2011	109	23673.6	3.4	18.5	0.6536	2.6	0
4008	2011	110	23760	4.9	21.1	0.8079	1.8	0
4008	2011	111	21945.6	5.4	22.3	0.8539	2.1	0
4008	2011	112	24105.6	8.7	23.3	0.7808	3.4	0
4008	2011	113	23846.4	8.5	23.4	0.7964	3.2	0
4008	2011	114	22896	9	22.6	0.8247	3.2	0
4008	2011	115	20822.4	5	17.4	0.7576	3.1	0
4008	2011	116	11836.8	3.7	14.5	0.9933	1.6	2
4008	2011	117	14256	4.7	15.9	1.0265	2.6	2.5
4008	2011	118	17193.6	6.7	18.9	1.078	2.9	0
4008	2011	119	21081.6	9	20.3	0.9492	5.3	0
4008	2011	120	21081.6	9.4	19.8	1.0291	6.2	0.1
4008	2011	121	21340.8	5.6	17.1	0.7114	3.8	0
4008	2011	122	16243.2	3	14.7	0.8291	3.2	4.2
4008	2011	123	9936	-2.3	5.9	0.5705	3.6	0
4008	2011	124	20390.4	-3.3	11.5	0.5405	1.9	0
4008	2011	125	26438.4	-0.1	15.6	0.5797	1.6	0
4008	2011	126	26006.4	1.4	20.4	0.6254	2	0
4008	2011	127	26956.8	4.6	22.2	0.645	3.1	0
4008	2011	128	26265.6	6.3	23.1	0.7852	3.2	0
4008	2011	129	27216	6.1	21.6	0.6957	3.4	0
4008	2011	130	25920	7	25.1	0.7286	1.7	0
4008	2011	131	24710.4	8	25	0.9747	1.6	0
4008	2011	132	13478.4	9.2	19.2	1.3749	1.5	5
4008	2011	133	25833.6	6.6	19.5	0.9156	1.7	0
4008	2011	134	17107.2	6.4	20.1	1.1405	1.9	9.7
4008	2011	135	14428.8	6.3	14.2	0.8858	2.4	0
4008	2011	136	9590.4	4.7	12.8	0.8235	2.5	0
4008	2011	137	10281.6	9.7	18.4	1.0732	2.4	0
4008	2011	138	28166.4	6.7	24.2	1.0343	1.6	0
4008	2011	139	23068.8	8.8	25.6	1.1953	1.4	0
4008	2011	140	18835.2	10	24	1.3931	1.8	0.1
4008	2011	141	20908.8	8.1	24.7	1.5087	1.6	3.1
4008	2011	142	23155.2	10.3	25.6	1.5407	1.6	0.4
4008	2011	143	28598.4	10	22.3	0.9716	1.9	0
4008	2011	144	27648	7	25.9	1.009	3.4	0
4008	2011	145	29116.8	6.1	22	0.6247	2.1	0
4008	2011	146	26092.8	9.3	28.9	1.1258	3	0.5
4008	2011	147	16502.4	9.4	18.6	0.974	3	0.1
4008	2011	148	17280	8.5	17.9	1.0004	1.9	0
4008	2011	149	28598.4	8.9	23.6	0.9963	2.9	0
4008	2011	150	29462.4	9	29.2	1.1037	2.2	0
4008	2011	151	21168	13.2	25.6	1.4169	2.4	34.1
4008	2011	152	6393.6	9.4	14.4	1.2667	4.3	10.1
4008	2011	153	17971.2	10.1	20.2	0.9974	3.3	0
4008	2011	154	22550.4	11.4	25.2	1.2179	4.4	0
4008	2011	155	24969.6	15.6	27.1	1.471	5.7	0
4008	2011	156	24537.6	13.8	28	1.7271	2.1	0.2
4008	2011	157	16156.8	12.6	25.6	1.8984	1.6	16.7
4008	2011	158	18057.6	14.7	24.9	1.7291	2.5	0.2
4008	2011	159	10540.8	11.3	20.9	1.4984	2.9	1.1
4008	2011	160	14256	8.9	17.3	1.1144	1.9	0
4008	2011	161	10281.6	9.6	19	1.1559	1.1	0
4008	2011	162	18144	7.8	20	1.1898	2	0
4008	2011	163	24019.2	10.3	22.6	1.1211	1.8	0
4008	2011	164	12787.2	9.9	20.1	1.3966	1.2	2.4
4008	2011	165	12787.2	11.6	20.7	1.5949	1.4	1.4
4008	2011	166	15638.4	10.7	24.3	1.6375	1.4	0
4008	2011	167	21945.6	12.9	26.6	1.7008	2	11
4008	2011	168	24105.6	13.2	22.3	1.3795	2.1	6.8
4008	2011	169	8640	9.5	17.2	1.3623	3.2	0.8
4008	2011	170	16934.4	8.9	15.8	1.1327	4.4	3.7
4008	2011	171	14860.8	8.4	18	1.2126	2.9	6
4008	2011	172	13392	13.8	23.7	1.7062	3	0.7
4008	2011	173	18748.8	14.7	27	1.894	2.5	3.8
4008	2011	174	20390.4	11.9	21.4	1.3247	2.5	0
4008	2011	175	21340.8	10.6	18.7	1.0824	3.5	0
4008	2011	176	11318.4	9.5	16.6	1.0957	2.5	0.4
4008	2011	177	15120	11.6	22.2	1.6727	1.7	0.6
4008	2011	178	29030.4	11	28.4	1.5351	1.4	0
4008	2011	179	29548.8	13.6	28.9	1.4116	1.9	0
4008	2011	180	26697.6	13.1	30.3	1.5028	2.2	21.5
4008	2011	181	12355.2	8.6	17.4	1.3315	2.5	18.2
4008	2011	182	14428.8	5.6	16.2	1.0553	2.3	0.6
4008	2011	183	16416	6.8	16.3	0.9793	3.3	4.3
4008	2011	184	6480	9.2	11.6	1.172	3.2	3.8
4008	2011	185	15033.6	11.2	21.1	1.5949	2.4	0
4008	2011	186	16156.8	13.7	21.9	1.628	2	0
4008	2011	187	24796.8	11.3	27.4	1.5022	1.9	0
4008	2011	188	21859.2	14.3	27.7	1.7873	1.8	22.2
4008	2011	189	19353.6	14.3	24	1.6829	2.3	0.4
4008	2011	190	22032	13.1	27.6	1.6219	1.7	0
4008	2011	191	23587.2	15.1	27.3	1.7591	1.8	19.1
4008	2011	192	21340.8	13.6	23.8	1.5502	2	0
4008	2011	193	27475.2	11.7	25.4	1.3864	3	3.1
4008	2011	194	9590.4	16	24.4	2.0323	2.2	9.4
4008	2011	195	9504	10.8	16.9	1.2808	3.1	0
4008	2011	196	17366.4	9.6	18.8	1.0514	3	0
4008	2011	197	27907.2	7.8	23.9	1.0611	1.8	0
4008	2011	198	9936	11.1	23.6	1.4242	2.8	10.1
4008	2011	199	16243.2	10.3	19.3	1.4123	2.6	4.2
4008	2011	200	23155.2	8.2	23	1.239	3.2	20.3
4008	2011	201	6220.8	13.4	17.1	1.6269	3.2	10.4
4008	2011	202	13478.4	13	20.6	1.643	2.5	2.9
4008	2011	203	14515.2	10.2	18.7	1.2658	3.4	0
4008	2011	204	20390.4	7.8	17.7	1.0009	2.7	0
4008	2011	205	13046.4	6.8	17.2	1.0509	2.5	0
4008	2011	206	12787.2	7.6	17.1	1.147	1.8	0
4008	2011	207	22723.2	8.8	23.1	1.1946	1.2	0
4008	2011	208	23241.6	10.1	24.7	1.3295	1.4	0
4008	2011	209	21945.6	10.4	24.4	1.3494	1.7	0
4008	2011	210	6739.2	11.5	19.5	1.53	1.4	2.3
4008	2011	211	8467.2	10.7	14.9	1.3143	3	5.6
4008	2011	212	5961.6	11.3	13.6	1.3278	2.8	0.7
4008	2011	213	11404.8	11.9	21.7	1.5857	1.2	0
4008	2011	214	24624	10.7	24.8	1.4606	1.9	0
4008	2011	215	20995.2	13.3	26.3	1.6138	1.7	0.4
4008	2011	216	15033.6	16.6	23	2.0749	1.8	15.8
4008	2011	217	13910.4	16.2	24.5	2.0751	1.7	6.7
4008	2011	218	20131.2	15.8	26.4	1.9482	1.8	3.1
4008	2011	219	7603.2	14.8	19.8	1.7747	2.2	6.1
4008	2011	220	19267.2	11.6	21	1.3881	3.8	0.7
4008	2011	221	14601.6	9.9	17.7	1.2609	3.8	3
4008	2011	222	12009.6	9.6	15.7	1.1113	3	0
4008	2011	223	14601.6	8.7	21.8	1.125	2.4	0
4008	2011	224	12700.8	13.2	21.2	1.4304	2.5	1
4008	2011	225	8640	15.1	21.3	1.7737	1.9	0.5
4008	2011	226	19699.2	16.4	27.5	2.1573	2.4	12
4008	2011	227	11664	13.2	19.8	1.7433	1.1	8
4008	2011	228	11059.2	12.7	22.7	1.7189	1.4	0.1
4008	2011	229	24019.2	11	26.3	1.5239	1.1	0
4008	2011	230	21513.6	13.8	29.3	1.7715	1.5	0
4008	2011	231	14774.4	13.7	25.1	1.8667	2.8	18.3
4008	2011	232	22982.4	10.6	25.7	1.4978	1.2	0
4008	2011	233	18835.2	12.7	28	1.8843	1.3	0.1
4008	2011	234	21513.6	16.1	30.8	2.1031	1.3	0
4008	2011	235	22809.6	18.7	32.4	2.286	1.4	0.4
4008	2011	236	21859.2	17.3	32	2.1051	1.9	4.5
4008	2011	237	21600	17.3	28.2	2.0989	1.9	0
4008	2011	238	22550.4	19.1	32	1.9268	2.2	0.1
4008	2011	239	4924.8	10.1	19.1	1.4607	3.1	2.7
4008	2011	240	18748.8	8.3	19.8	1.2174	2.3	0
4008	2011	241	15292.8	8.2	19.8	1.1496	2.2	0
4008	2011	242	16675.2	7.1	18	1.0169	1.8	0
4008	2011	243	12787.2	5.7	20.8	1.1405	1.1	0
4008	2011	244	17452.8	8.5	22.8	1.314	1.5	0
4008	2011	245	11059.2	13.8	24.3	1.8925	1.5	4
4008	2011	246	19353.6	11.9	27.2	1.7706	1.3	0
4008	2011	247	17798.4	13.7	27.7	1.8522	1.4	5.5
4008	2011	248	7084.8	10.5	19.2	1.5181	2.7	1.4
4008	2011	249	18230.4	9.4	20.5	1.1884	2.7	0.2
4008	2011	250	9417.6	12.1	16.5	1.2698	3.8	2.7
4008	2011	251	4492.8	11	14.9	1.2526	3.7	2.1
4008	2011	252	5961.6	11.9	20.1	1.6705	2	0
4008	2011	253	13564.8	16.3	26	2.1296	1.4	0
4008	2011	254	18403.2	13.4	28.1	1.9801	1.8	5.1
4008	2011	255	15984	13.1	20.8	1.4658	2.8	0
4008	2011	256	7171.2	14	21.7	1.5515	3.3	0.1
4008	2011	257	17625.6	6.9	18.8	0.9778	2.7	0
4008	2011	258	17280	4.9	17.9	1.0101	1.3	0
4008	2011	259	17539.2	4.9	21.7	1.0832	1.2	0.6
4008	2011	260	12182.4	10.7	23.9	1.5578	2.1	13.4
4008	2011	261	4060.8	8.9	16.5	1.4084	2	14.3
4008	2011	262	7430.4	7.9	13	1.1633	1.5	0.5
4008	2011	263	9763.2	8.8	17.5	1.2691	1.2	0
4008	2011	264	6220.8	7.3	16.9	1.213	1	0
4008	2011	265	7689.6	7	17.4	1.2493	1.6	0
4008	2011	266	10281.6	6.9	17.9	1.1508	1.1	0
4008	2011	267	15379.2	5.1	19.6	1.1327	1.5	0
4008	2011	268	15984	6.3	22.6	1.3315	1	0
4008	2011	269	14774.4	7.6	24.8	1.4345	0.9	0
4008	2011	270	15379.2	8.4	25.2	1.4902	1.1	0
4008	2011	271	14428.8	10.6	20.1	1.4806	1.7	0
4008	2011	272	12700.8	8.7	21.4	1.3156	1.6	0
4008	2011	273	15033.6	8.4	23.6	1.2347	1.6	0
4008	2011	274	14860.8	9.6	23.7	1.2868	1.4	0
4008	2011	275	14688	8.4	24.5	1.308	0.8	0
4008	2011	276	14428.8	6.8	23.8	1.3543	1.1	0
4008	2011	277	14083.2	8.3	22.3	1.3369	1.9	0
4008	2011	278	4147.2	12.9	18.3	1.3983	2.3	0
4008	2011	279	7862.4	9.5	20.3	1.2353	3.2	5.1
4008	2011	280	5702.4	6.1	10.8	0.9727	3.2	6.6
4008	2011	281	6307.2	2.4	8.2	0.8192	3.3	2.6
4008	2011	282	8294.4	3.2	8.8	0.7945	2.3	3.2
4008	2011	283	3024	5.1	14.9	1.1534	3	4
4008	2011	284	2937.6	11.9	14.2	1.3059	4.4	0.1
4008	2011	285	2851.2	6.6	12.5	1.131	2.7	26.8
4008	2011	286	7171.2	2.1	10.4	0.8274	1.4	0
4008	2011	287	9763.2	-0.2	9.4	0.7124	1.8	0
4008	2011	288	11836.8	-1.7	10.8	0.5916	2.4	0
4008	2011	289	11750.4	1.3	12.5	0.6763	2	0
4008	2011	290	11318.4	-1	12.2	0.7547	1.5	0
4008	2011	291	6480	5.6	14.8	1.0321	2.7	3.7
4008	2011	292	2592	4.4	7.7	0.863	1.9	1.8
4008	2011	293	5788.8	-1.8	8.5	0.6835	2	0.1
4008	2011	294	7516.8	-1.6	7.7	0.7224	0.9	0
4008	2011	295	10540.8	-2.5	7.4	0.6048	1.8	0
4008	2011	296	8640	-2.6	6.3	0.6214	2.6	0
4008	2011	297	10108.8	5.4	12.3	0.8631	5.7	0
4008	2011	298	7948.8	5.9	10.9	0.8483	4.4	0
4008	2011	299	2332.8	6.8	10.4	1.0385	0.9	0.8
4008	2011	300	2246.4	7	9.4	0.9999	1.9	0
4008	2011	301	6652.8	4.3	13.5	1.0028	1.1	0
4008	2011	302	6998.4	2.4	13.6	0.9971	1.1	0
4008	2011	303	2160	5.5	9	0.9575	1.3	0
4008	2011	304	7257.6	2.9	14.7	1.03	1	0
4008	2011	305	2073.6	4.8	7.7	0.8845	1.4	0
4008	2011	306	2073.6	3.5	6.8	0.8548	1.8	0
4008	2011	307	6998.4	3.3	8.1	0.8332	2.1	0
4008	2011	308	6393.6	3.2	10.3	0.8761	1.9	0
4008	2011	309	6825.6	2.9	11.4	0.9105	1.4	0
4008	2011	310	4406.4	7.6	10.8	1.0233	2.2	0
4008	2011	311	7603.2	5.1	12.2	0.8852	2.5	0
4008	2011	312	7689.6	3.9	9.8	0.8722	2.2	0
4008	2011	313	1814.4	5.5	9.3	0.9365	1.8	0
4008	2011	314	1814.4	4.2	7.3	0.836	2.5	0
4008	2011	315	5702.4	0.2	4.2	0.587	4.2	0
4008	2011	316	7257.6	-2.2	4.5	0.5644	2.3	0
4008	2011	317	7084.8	-2.9	10.8	0.632	1	0
4008	2011	318	6307.2	-3.6	7.8	0.5899	0.8	0
4008	2011	319	6912	-2.9	10.8	0.6482	1	0
4008	2011	320	6739.2	-3.3	3	0.5318	1.7	0
4008	2011	321	1641.6	-1.7	2.2	0.5849	2.4	0
4008	2011	322	1641.6	1.3	6.1	0.7165	0.9	0
4008	2011	323	1555.2	1.6	3.9	0.7221	1.3	0
4008	2011	324	1555.2	0.4	4	0.6729	1.3	0.2
4008	2011	325	4147.2	-0.7	8.5	0.7429	0.7	0
4008	2011	326	5961.6	-2.3	7.9	0.7097	0.9	0
4008	2011	327	1468.8	-0.7	2.5	0.6326	1.3	0
4008	2011	328	1468.8	-1.7	0.1	0.5764	1.2	0
4008	2011	329	1468.8	-2.4	-0.8	0.5435	2.1	0.3
4008	2011	330	1468.8	-0.9	3.4	0.642	2.6	0
4008	2011	331	5356.8	1.8	8.2	0.75	3.5	0
4008	2011	332	5616	-2.3	8	0.6448	1.3	0
4008	2011	333	3024	-4.4	1.4	0.5311	1.3	0
4008	2011	334	1382.4	-0.8	2.5	0.6433	1.4	0.4
4008	2011	335	1468.8	-0.6	5.2	0.7066	2.5	0
4008	2011	336	3542.4	1.2	8.1	0.7659	2.3	1.8
4008	2011	337	3110.4	3.3	6.9	0.7991	3.7	2.7
4008	2011	338	1468.8	5.3	9.1	0.9644	4.3	25
4008	2011	339	2592	0.2	9	0.7548	4.6	3.9
4008	2011	340	1728	0	2.1	0.6263	3.3	5
4008	2011	341	1468.8	0.5	4.9	0.6824	4.5	7.5
4008	2011	342	2332.8	2.2	4.2	0.5841	5.2	0
4008	2011	343	1382.4	1	7	0.6993	4.4	2.7
4008	2011	344	1814.4	-2.7	3.3	0.5682	2.4	0.4
4008	2011	345	2678.4	-5.6	2.6	0.5256	1.4	0
4008	2011	346	1382.4	0.9	4.7	0.7172	3.1	1
4008	2011	347	1641.6	0.2	6.6	0.686	4.1	2.5
4008	2011	348	1641.6	1.8	8.4	0.7465	4.3	3.1
4008	2011	349	2246.4	0.8	4.4	0.6481	3.7	6.8
4008	2011	350	1382.4	0.5	7.6	0.7507	6.1	28.2
4008	2011	351	2419.2	0	2.3	0.6109	4.7	1.6
4008	2011	352	1382.4	-0.5	1.9	0.5656	3.4	0.3
4008	2011	353	2246.4	-1.4	0.3	0.4931	2.4	0
4008	2011	354	2851.2	-2.3	-0.3	0.4667	2.8	3.1
4008	2011	355	1382.4	-0.3	1.4	0.6168	2.7	1.7
4008	2011	356	1382.4	0.2	2.1	0.6507	1.9	2.6
4008	2011	357	1382.4	2	6.3	0.8135	2.3	1.4
4008	2011	358	1382.4	1.6	4.9	0.7096	4.3	1.4
4008	2011	359	1382.4	0.7	3.2	0.6399	2.9	0.6
4008	2011	360	1382.4	3	5.5	0.8027	2.5	0.5
4008	2011	361	1382.4	3.8	5.4	0.8311	1.5	0.3
4008	2011	362	1382.4	0.6	3.9	0.6969	2.7	0.9
4008	2011	363	1382.4	0.9	3.3	0.6326	3.5	3.5
4008	2011	364	1382.4	0.1	2.1	0.6219	4	2.3
4008	2011	365	1382.4	-0.4	1.2	0.6038	2.4	4.6
