*---------------------------------------------------------------------------*
* Station name: MANNHEIM                                
* Year: 2013
* Author: Pedro Alencar                                   -999.000: NIL VALUE
* Source: ECAD 
* Comments: 
* Longitude: 49.51, latitude: 49.51, altitude: 96 m.
*
* Column  Daily value
* 1       station number
* 2       year
* 3       day
* 4       irradiation                   (kJ m-2 d-1)
* 5       minimum temperature           (degrees Celsius)
* 6       maximum temperature           (degrees Celsius)
* 7       early morning vapour pressure (kPa)
* 8       mean wind speed (height: 2 m) (m s-1)
* 9       precipitation                 (mm d-1)
*
** WCCDESCRIPTION=GERMANY, MANNHEIM                                
** WCCFORMAT=2
** WCCYEARNR=2013
*---------------------------------------------------------------------------*
   49.51  8.555    96.  -0.18 -0.55
4012	2013	1	1296	1.8	7.9	0.699	4.7	0.6
4012	2013	2	2160	-0.5	6.4	0.6871	2.7	0
4012	2013	3	1296	1.1	6.7	0.7429	4.9	1.8
4012	2013	4	1296	5.5	10	1.0013	2.8	0.3
4012	2013	5	1296	7.9	9.8	0.9313	3.3	0
4012	2013	6	1641.6	6.5	9.7	0.9283	2.2	0.1
4012	2013	7	2937.6	4.5	9.3	0.905	2.1	0
4012	2013	8	1382.4	4	6.4	0.8047	2.9	0
4012	2013	9	1382.4	2.5	4.7	0.7115	2.9	0.7
4012	2013	10	1382.4	-0.2	5.2	0.6728	3.1	0
4012	2013	11	5702.4	-0.8	3	0.5028	1.9	0.5
4012	2013	12	1382.4	-3.4	0.9	0.4796	1.2	0.1
4012	2013	13	3974.4	-2.4	1.9	0.426	2.1	0
4012	2013	14	1900.8	-5.8	-0.1	0.4082	1.9	0
4012	2013	15	2160	-6.8	1.8	0.4526	2.5	0.3
4012	2013	16	1468.8	-2.5	-0.1	0.5001	2.1	2.4
4012	2013	17	1814.4	-3.5	-0.9	0.4732	3.3	0.8
4012	2013	18	1814.4	-2.5	0.1	0.4478	2.8	0
4012	2013	19	1555.2	-2.6	-0.5	0.4146	3.4	0.4
4012	2013	20	2073.6	-2.9	0.6	0.4775	2.2	13.2
4012	2013	21	1555.2	-1.1	0.7	0.5721	1.1	1.8
4012	2013	22	1555.2	-0.2	0.7	0.6035	0.7	0.5
4012	2013	23	1641.6	-1.4	0.6	0.5697	1.6	0
4012	2013	24	2937.6	-5.2	-1.2	0.4344	2.6	0
4012	2013	25	1641.6	-2.9	-0.9	0.4625	2.1	0
4012	2013	26	2764.8	-4.2	-0.2	0.4108	3.1	0
4012	2013	27	1728	-0.3	3.2	0.6106	4.2	1.3
4012	2013	28	5097.6	-0.6	8.1	0.7191	3.8	0
4012	2013	29	1728	4.8	9.3	0.8842	6.9	2.9
4012	2013	30	1814.4	8.2	14.9	1.1017	6.3	2.3
4012	2013	31	2678.4	6.5	11.2	0.7836	5.8	1.2
4012	2013	32	1814.4	6	9.2	0.9181	4.1	10.4
4012	2013	33	2592	-0.1	6.2	0.6236	3.6	1.1
4012	2013	34	2332.8	0.5	5.9	0.5764	4	0.5
4012	2013	35	1987.2	2	8.1	0.7701	5.3	0.9
4012	2013	36	2592	0.4	7.8	0.6551	4.9	6.2
4012	2013	37	1987.2	0	1.8	0.6195	3.7	4
4012	2013	38	3283.2	-1.5	4.5	0.606	2.2	1.8
4012	2013	39	2073.6	-1.1	3.6	0.5952	2	1
4012	2013	40	4665.6	-5.2	0.8	0.468	1.3	0.1
4012	2013	41	8640	-7.6	0.9	0.3771	3.3	0
4012	2013	42	3024	-3.7	1.5	0.3552	3.5	0
4012	2013	43	2246.4	-2.8	0.5	0.3595	3	0
4012	2013	44	2678.4	-4.1	1.5	0.3778	1.5	0
4012	2013	45	7689.6	-7.4	1.8	0.373	3.2	2
4012	2013	46	2332.8	-1.1	2	0.5934	1.7	2.4
4012	2013	47	2332.8	0.9	5.4	0.7275	2.2	0
4012	2013	48	2419.2	0.9	5.5	0.6763	2	0
4012	2013	49	5961.6	-2.9	6.2	0.5368	2	0
4012	2013	50	2505.6	-4.1	0.9	0.5163	1.3	6
4012	2013	51	5270.4	-0.6	2.5	0.517	2.9	0
4012	2013	52	7862.4	-3.7	1.9	0.3891	4.1	0
4012	2013	53	4665.6	-5.4	-0.6	0.3283	4.4	0
4012	2013	54	3369.6	-4.1	-0.6	0.4268	3.6	0.6
4012	2013	55	2678.4	-3.6	0.9	0.4872	1.4	2.6
4012	2013	56	2764.8	-1.2	0.7	0.57	1.5	1.9
4012	2013	57	2764.8	-4.8	6	0.5552	3	0
4012	2013	58	2851.2	1.7	4.7	0.6225	3.2	0
4012	2013	59	2851.2	1.4	5	0.5995	2.5	0
4012	2013	60	3024	2.1	3.7	0.5793	2.5	0
4012	2013	61	10886.4	-2.7	6.6	0.4641	2.1	0
4012	2013	62	11664	-5.5	7.4	0.5236	1.8	0
4012	2013	63	13910.4	-3.7	11.4	0.5391	1.9	0
4012	2013	64	13651.2	-5	12.3	0.5712	1.4	0
4012	2013	65	12960	-2.9	17.3	0.67	2	0
4012	2013	66	8553.6	4.4	17.2	0.9189	2	0.1
4012	2013	67	7257.6	6.7	17.2	1.0893	2	2.6
4012	2013	68	8985.6	5	15.6	1.039	3.5	0
4012	2013	69	6739.2	2.6	12.7	0.8794	3.4	0
4012	2013	70	3542.4	0.3	3.2	0.5754	3.6	0.6
4012	2013	71	3542.4	-3.3	0.6	0.4927	3.9	5.8
4012	2013	72	7516.8	-6.7	0.6	0.3856	2.6	0
4012	2013	73	11145.6	-7.6	3.3	0.4227	1.8	0
4012	2013	74	15724.8	-6	3.6	0.347	2.6	0
4012	2013	75	13996.8	-3.2	9.1	0.3851	5	0
4012	2013	76	3801.6	3.4	8.3	0.6753	5.4	4.8
4012	2013	77	3888	0.2	8.2	0.7504	2.2	4.6
4012	2013	78	7344	-0.3	9.1	0.7359	3.3	2.8
4012	2013	79	6048	1.2	9.5	0.8042	3	4.3
4012	2013	80	5184	1.8	6.7	0.6455	2	0.1
4012	2013	81	14169.6	-1.3	9.6	0.5341	4	0
4012	2013	82	4147.2	0.7	4.8	0.4318	4.5	0
4012	2013	83	10281.6	0.2	5.7	0.3398	5.2	0
4012	2013	84	5184	-1.3	3.4	0.3494	4.6	0
4012	2013	85	4320	-2.8	3.1	0.3583	3.5	0
4012	2013	86	14515.2	-3.1	5.2	0.3889	3.3	0
4012	2013	87	10368	0.5	8.9	0.4783	2.1	0
4012	2013	88	8640	0.1	6.3	0.5149	2.5	0
4012	2013	89	5097.6	-1.5	8.3	0.5067	3.8	0
4012	2013	90	8294.4	-1.6	6.4	0.4502	3.1	0
4012	2013	91	19612.8	-3.1	7.3	0.398	3.7	0
4012	2013	92	16675.2	-2.6	9.7	0.3939	4.2	0
4012	2013	93	4665.6	2.7	6.5	0.4664	4	0
4012	2013	94	15638.4	1.6	12	0.5334	3.8	0
4012	2013	95	4752	0	5.2	0.4935	3.3	0
4012	2013	96	4838.4	2.6	6.8	0.5893	2.9	0.5
4012	2013	97	20217.6	-1.3	10.9	0.5418	2.8	0
4012	2013	98	9936	-1.1	11.2	0.5863	3	2.3
4012	2013	99	10800	4.2	11.7	0.9403	3.6	5.4
4012	2013	100	8467.2	7.4	13.9	0.9995	4.8	0.2
4012	2013	101	6393.6	9	15.8	1.2803	4.7	15.3
4012	2013	102	15724.8	8.5	15.9	1.1074	5.2	4.2
4012	2013	103	12873.6	7.3	17	1.0188	3.5	0.7
4012	2013	104	19008	9.5	23.2	1.114	3.3	0
4012	2013	105	20822.4	8.1	26.4	1.1204	2.7	0
4012	2013	106	17193.6	12.5	23.6	1.2403	2.5	0
4012	2013	107	15897.6	13.4	24.2	1.2349	2.6	0
4012	2013	108	13046.4	13	23.7	1.0743	4.7	0
4012	2013	109	9072	8	15	0.705	2.6	0
4012	2013	110	5443.2	8.7	12.8	0.7224	4.5	0
4012	2013	111	5529.6	9.1	14.4	0.827	2.3	0
4012	2013	112	12182.4	9.5	17.8	1.0145	2	0
4012	2013	113	16416	6.8	19.9	0.9031	2.4	0
4012	2013	114	24451.2	5.4	23.5	1.0685	1.5	0
4012	2013	115	24883.2	6.8	25.8	1.1475	1.7	0
4012	2013	116	11923.2	9.1	19.7	1.3764	2.6	12
4012	2013	117	5788.8	5.9	9.2	0.967	4.5	7.3
4012	2013	118	5788.8	5.3	10.2	0.8854	1.8	0
4012	2013	119	14515.2	4.7	15.4	0.9849	2.4	2.7
4012	2013	120	5875.2	8.6	11.3	1.1373	2.6	4.9
4012	2013	121	6825.6	8.3	16.9	1.1514	2.8	0.2
4012	2013	122	18489.6	9.7	20.1	1.2353	2.6	0
4012	2013	123	12614.4	10.9	19.2	1.3498	2.5	13
4012	2013	124	14428.8	10.5	17.3	1.4595	3	1.9
4012	2013	125	24278.4	6.9	22.1	1.1709	2	0
4012	2013	126	22291.2	8.9	23.7	1.166	2.3	0
4012	2013	127	13392	10.3	20.1	1.4836	2	9.8
4012	2013	128	23673.6	7.9	22.8	1.2367	2.5	1.8
4012	2013	129	12787.2	14.2	21.2	1.5571	3.3	1
4012	2013	130	16329.6	11.5	19.7	1.1505	3.1	0.1
4012	2013	131	10540.8	10.3	17.7	1.1656	2.7	0.3
4012	2013	132	15638.4	7.6	15.8	1.0166	3.8	4.1
4012	2013	133	6307.2	8.5	14.6	1.1834	4	3.2
4012	2013	134	15811.2	7.4	18.3	1.1556	3.2	0
4012	2013	135	13824	7.6	21.8	1.2696	2.3	0.4
4012	2013	136	10540.8	8.1	18.3	1.2733	1.9	0.6
4012	2013	137	6480	11.3	13.4	1.2474	1.9	0.8
4012	2013	138	23673.6	9.6	21.5	1.1291	2.2	0
4012	2013	139	16934.4	10	19.2	1.3611	3.1	21.5
4012	2013	140	10886.4	9.4	14.4	1.1971	4.9	4.5
4012	2013	141	11923.2	9.3	17.1	1.2581	3.9	6.4
4012	2013	142	8121.6	8	12.4	1.0197	3.3	0.6
4012	2013	143	7603.2	4.7	10.9	0.9413	2.6	8.7
4012	2013	144	15897.6	2.2	13.4	0.8038	1.6	0
4012	2013	145	20044.8	0.8	15.5	0.7257	2.8	1.8
4012	2013	146	6652.8	7.6	9.6	1.0385	3.1	30.3
4012	2013	147	14515.2	6.3	18	1.1462	2.2	0.4
4012	2013	148	27475.2	4.2	23.2	1.0805	2	8.3
4012	2013	149	8294.4	7.6	12.1	1.1175	2.6	8
4012	2013	150	21168	6.4	18.3	1.0467	2.5	19.7
4012	2013	151	6739.2	10.2	15.4	1.3586	3.4	21.2
4012	2013	152	8640	12.1	15.7	1.3643	4.3	7.9
4012	2013	153	25228.8	9.6	19.2	0.9012	4.9	0
4012	2013	154	11923.2	10	17.6	0.8984	3.2	0
4012	2013	155	27648	11.1	21.7	1.0431	3.2	0
4012	2013	156	25315.2	8.3	24.8	1.2035	1.7	0
4012	2013	157	27993.6	11.2	26.2	1.1842	2	0
4012	2013	158	27302.4	11.2	26.4	1.3216	2	0
4012	2013	159	25574.4	12.6	27	1.5677	2.1	0
4012	2013	160	15638.4	13.7	21.4	1.6426	2.3	12.2
4012	2013	161	8035.2	11	17.7	1.5026	2.2	3.4
4012	2013	162	19699.2	11	22.9	1.4466	1.5	0
4012	2013	163	14860.8	12	24	1.5868	2.7	0
4012	2013	164	25920	13.2	27.7	1.7519	3.8	15.8
4012	2013	165	22636.8	10.1	20.1	1.2513	2.1	0
4012	2013	166	14515.2	9.9	23.7	1.3374	3.1	0
4012	2013	167	27216	11.1	25.7	1.2678	2.1	0
4012	2013	168	29030.4	15	34	1.9329	1.6	0
4012	2013	169	28425.6	19.5	35.2	2.1421	2.4	0
4012	2013	170	27648	21.2	35.3	2.2191	2.2	0
4012	2013	171	16502.4	16.2	27.6	1.9409	2.9	19.5
4012	2013	172	20131.2	14	24.8	1.5743	4.2	0
4012	2013	173	21340.8	12.5	23.3	1.4335	3.4	0.2
4012	2013	174	19440	14.8	21.3	1.2817	4.8	2.9
4012	2013	175	9417.6	12.1	17.8	1.3751	2.4	9.9
4012	2013	176	11664	10.5	19.5	1.3455	2.6	7.1
4012	2013	177	18489.6	7.4	17.4	0.9782	2.3	0
4012	2013	178	10972.8	9.7	16.5	1.3101	2.4	4.5
4012	2013	179	16156.8	9.9	19.3	1.1951	2.1	4.4
4012	2013	180	17366.4	10	21.5	1.4117	3.8	5.4
4012	2013	181	20217.6	7.5	21.7	1.1785	1.5	0
4012	2013	182	27648	9.5	25.2	1.3649	2.4	0
4012	2013	183	26352	11.8	26.4	1.5452	1.9	0
4012	2013	184	6825.6	16.5	20.1	1.8269	3.1	8.2
4012	2013	185	11750.4	14.1	22.9	1.7223	1.4	0.3
4012	2013	186	24624	12.9	25.3	1.5894	1.9	0
4012	2013	187	27129.6	15.9	27.9	1.6524	2.7	0
4012	2013	188	29030.4	17.1	28.8	1.4815	3.4	0
4012	2013	189	28771.2	15.6	28.4	1.3458	3.5	0
4012	2013	190	26611.2	17.1	28.7	1.5049	2.9	0
4012	2013	191	26697.6	17	28.6	1.6067	3.4	0
4012	2013	192	26179.2	12.9	23.5	1.1895	3.3	0
4012	2013	193	26179.2	11.5	25.4	1.2294	2.4	0
4012	2013	194	26784	12.8	26.5	1.3248	2.5	0
4012	2013	195	27129.6	13.6	27.5	1.3764	2.7	0
4012	2013	196	26265.6	14	27	1.4685	2.3	0
4012	2013	197	28512	12.2	29.4	1.3487	1.8	0
4012	2013	198	23155.2	16.2	28.8	1.4417	2.7	0
4012	2013	199	22723.2	19.7	30.6	1.4351	3.6	0
4012	2013	200	28425.6	17.9	30.5	1.4465	3.7	0
4012	2013	201	28080	16.7	30	1.5177	3.1	0
4012	2013	202	28339.2	18.4	32	1.3754	2.2	0
4012	2013	203	27907.2	17.5	33.8	1.6426	1.7	0
4012	2013	204	20304	16.7	31.9	1.8796	2	2.8
4012	2013	205	18144	18.7	27.2	2.0406	2.6	0.1
4012	2013	206	24537.6	17.2	30.1	2.0702	2	0
4012	2013	207	20563.2	17.5	33.5	2.0514	2.1	0
4012	2013	208	27043.2	18.6	36.8	2.038	2.3	1.1
4012	2013	209	13305.6	19	29.2	2.2766	2.8	2.7
4012	2013	210	8121.6	18	23.9	1.9551	2.9	0.1
4012	2013	211	19699.2	17.1	27.5	1.6393	4.2	0
4012	2013	212	17193.6	15.3	27.6	1.5311	3.5	0
4012	2013	213	27129.6	13.8	33.6	1.6962	1.9	0
4012	2013	214	26006.4	17.3	36.3	1.8281	3	0
4012	2013	215	16848	19.8	31	1.6832	2.8	0
4012	2013	216	20908.8	16.9	30.1	1.4737	1.8	0
4012	2013	217	26006.4	15.2	33.4	1.6674	2	0
4012	2013	218	21686.4	17.8	32.2	2.2126	2.2	16.7
4012	2013	219	13046.4	16.8	27.8	2.2037	2.9	2.1
4012	2013	220	8294.4	17.6	22.3	1.8383	2.6	0
4012	2013	221	12441.6	14.7	23.7	1.5548	1.7	0
4012	2013	222	19008	14.2	26.6	1.5073	2.9	0
4012	2013	223	18316.8	14.1	23.9	1.1846	2.1	0
4012	2013	224	20736	11.8	27.1	1.489	3	3.1
4012	2013	225	16588.8	12	22.7	1.3056	2.3	0
4012	2013	226	21427.2	9.8	23.1	1.0837	1.9	0
4012	2013	227	24537.6	7.7	25.5	1.0564	1.7	0
4012	2013	228	24537.6	10.1	29.6	1.2257	2.1	0
4012	2013	229	22809.6	12.6	30.8	1.4769	2.3	0
4012	2013	230	8035.2	15.8	25	1.7465	3.1	7.1
4012	2013	231	14169.6	12.3	24.2	1.57	2.5	12.5
4012	2013	232	16588.8	9.8	23	1.3224	1.8	0
4012	2013	233	21945.6	9.9	25.7	1.3431	1.6	0
4012	2013	234	21513.6	12.4	26.9	1.3248	1.9	0
4012	2013	235	15465.6	15.5	26.2	1.4512	2.3	0
4012	2013	236	13737.6	12.9	25.1	1.6892	1.8	7.5
4012	2013	237	5270.4	14.7	18.6	1.741	1.9	8.3
4012	2013	238	7171.2	14.9	20.2	1.7027	2.9	0.5
4012	2013	239	7084.8	14.7	21.8	1.549	2.2	0
4012	2013	240	19440	12.9	24	1.4202	2.1	0
4012	2013	241	19267.2	10.1	25.7	1.454	1.4	0
4012	2013	242	20563.2	10.7	26.5	1.4336	1.5	0
4012	2013	243	9417.6	11.9	23.5	1.5571	2	0.5
4012	2013	244	15206.4	12.2	19.7	1.2127	2.6	0
4012	2013	245	16848	11.9	24.4	1.2065	3	0
4012	2013	246	20044.8	12.4	25.6	1.4698	1.9	0
4012	2013	247	20217.6	13.1	29.1	1.6485	1.7	0
4012	2013	248	20044.8	13.2	31	1.5664	2.3	0
4012	2013	249	18576	14.6	31.3	1.7052	2.4	1.7
4012	2013	250	11318.4	16.9	24.6	1.9557	1.8	10.8
4012	2013	251	7776	14.3	22.6	1.8441	3	3.6
4012	2013	252	14515.2	13.1	20.9	1.3544	3.2	3
4012	2013	253	11750.4	10.3	17.3	1.1348	4	0.6
4012	2013	254	5788.8	9.2	17.2	1.2884	3.9	8.8
4012	2013	255	8208	12.2	17.8	1.4136	3	1
4012	2013	256	7430.4	12.2	18.9	1.4291	1.7	0.6
4012	2013	257	4233.6	13.7	18.3	1.6887	3.3	12.9
4012	2013	258	5529.6	13.2	17.3	1.4884	2.2	1.4
4012	2013	259	4147.2	7.4	15.6	1.193	4.2	8.9
4012	2013	260	10886.4	6.8	15.6	1.0898	4.2	5.4
4012	2013	261	4060.8	10.1	16.2	1.39	3.5	15.9
4012	2013	262	8208	7.4	17.1	1.1253	3	2.7
4012	2013	263	5443.2	11.2	17.1	1.4027	2.8	0
4012	2013	264	13564.8	7.6	19.4	1.2675	1.2	0
4012	2013	265	13737.6	7.1	20.9	1.2773	1.3	0
4012	2013	266	11923.2	9.3	21.6	1.3674	1.9	0
4012	2013	267	15379.2	7.9	21.8	1.3494	1.3	0
4012	2013	268	8899.2	9.3	20.9	1.5427	1.7	0
4012	2013	269	4579.2	13.3	20.3	1.5093	2.2	0
4012	2013	270	14688	10.1	19.9	1.2263	2.2	0
4012	2013	271	11923.2	7.8	21	1.147	2.7	0
4012	2013	272	7430.4	12	18.5	0.9519	3.3	0
4012	2013	273	9590.4	9.2	15.5	0.9463	2.6	0
4012	2013	274	9763.2	7.2	18.6	0.9959	2.5	0
4012	2013	275	14601.6	6	16.9	0.7972	4	0
4012	2013	276	12960	4.1	17.7	0.7426	2.3	1.2
4012	2013	277	5961.6	9.5	16.5	1.2119	1.4	18.8
4012	2013	278	3196.8	10.8	12.5	1.3144	1.6	24
4012	2013	279	3196.8	10.9	14.4	1.3891	1.9	2.6
4012	2013	280	7084.8	10.2	18.8	1.4183	1.6	0
4012	2013	281	7430.4	7.5	17.6	1.2057	1.5	0
4012	2013	282	4492.8	12.3	17.5	1.4553	2.9	18.2
4012	2013	283	7689.6	7	12.7	1.0204	3.2	1
4012	2013	284	3456	2.8	9.8	0.8493	1.5	1.2
4012	2013	285	3715.2	1.3	7.3	0.7474	2.4	0
4012	2013	286	8899.2	3.9	12.2	0.9144	3	1.2
4012	2013	287	5356.8	5.7	14	1.1175	2.8	12.4
4012	2013	288	2764.8	9.6	13.1	1.2215	3.2	0.7
4012	2013	289	5788.8	8.5	14.7	1.119	2.4	0
4012	2013	290	5529.6	9.3	16.6	1.193	3.9	0
4012	2013	291	8640	8.7	17.8	1.2622	2.1	0
4012	2013	292	10454.4	6	19.2	1.1514	3.2	0.4
4012	2013	293	2592	12.5	16.4	1.5452	3.7	7
4012	2013	294	6739.2	11.7	18.3	1.4988	3	0
4012	2013	295	7862.4	12.9	22.9	1.6383	3.1	0.1
4012	2013	296	2419.2	11.8	16.5	1.4349	3.5	2.6
4012	2013	297	5788.8	8.1	18.5	1.3426	2.3	0
4012	2013	298	2332.8	7.6	16.7	1.2735	2.2	0
4012	2013	299	7430.4	13.4	22.1	1.6026	3.8	7.5
4012	2013	300	4838.4	12.5	18.9	1.4607	6	1
4012	2013	301	4665.6	13	19.6	1.277	6.1	0.5
4012	2013	302	6480	5.5	15.5	0.9515	3.6	0
4012	2013	303	8726.4	2	13.2	0.8764	1.9	0
4012	2013	304	9244.8	0.2	13	0.8379	1.7	0
4012	2013	305	3196.8	5.1	11.1	0.9391	3.3	4.9
4012	2013	306	2851.2	8.2	15.8	1.2751	4.6	1.6
4012	2013	307	3628.8	7	13.3	0.9791	4.8	3.4
4012	2013	308	1987.2	5.9	13.3	0.9676	6	1.8
4012	2013	309	6220.8	1.9	10.8	0.7852	4.2	2.2
4012	2013	310	1900.8	8.2	14.5	1.1275	4.2	3.1
4012	2013	311	3628.8	12.7	15.6	1.3866	4.8	1.3
4012	2013	312	1900.8	10.7	14.9	1.329	3.6	4.8
4012	2013	313	4233.6	4.9	13	0.8232	4.2	0
4012	2013	314	1814.4	1.2	8.8	0.7674	3.4	7.3
4012	2013	315	6566.4	-0.1	9.4	0.7574	1.2	0
4012	2013	316	6998.4	-2.2	8.9	0.6758	1.5	0.5
4012	2013	317	1728	0.3	9.2	0.7799	1.7	0
4012	2013	318	1728	-0.6	6.3	0.6897	1.7	0
4012	2013	319	4924.8	3.4	7.6	0.6862	3.1	0
4012	2013	320	1641.6	5.1	6.9	0.7291	2.8	0
4012	2013	321	1641.6	5.1	6.7	0.7705	2.5	0
4012	2013	322	1641.6	0.9	8.5	0.7345	2	0
4012	2013	323	1555.2	1.9	6	0.7617	2	14
4012	2013	324	1555.2	2.9	6.5	0.7772	2.9	1.4
4012	2013	325	1555.2	2.6	6	0.7225	2.6	0.1
4012	2013	326	1555.2	3.3	5.6	0.7133	4.1	2.2
4012	2013	327	3283.2	4.5	8.7	0.7891	4.1	0
4012	2013	328	4147.2	0	8.5	0.6207	4.3	0.6
4012	2013	329	5184	-4	5	0.5132	2	1.1
4012	2013	330	6134.4	-4.6	3.6	0.5185	2	0
4012	2013	331	4406.4	-6	1	0.4729	1.4	0
4012	2013	332	1382.4	-1.9	1.6	0.5621	2.4	0.2
4012	2013	333	1382.4	1.2	5.5	0.7146	3.7	3.7
4012	2013	334	2073.6	-0.2	5.3	0.6899	2.1	0.1
4012	2013	335	2678.4	0.5	6.6	0.7326	1.1	0
4012	2013	336	4406.4	-0.7	9.3	0.6394	2.7	0
4012	2013	337	5097.6	-3.8	4.6	0.5661	2.3	0
4012	2013	338	1296	0.3	4.2	0.6394	2.9	0.9
4012	2013	339	1296	2.4	7.2	0.731	4.5	0.9
4012	2013	340	3542.4	3.3	5.7	0.4969	5.8	0.1
4012	2013	341	1296	2.4	4.7	0.646	3.6	0.6
4012	2013	342	1296	3.8	8.1	0.7639	3	0
4012	2013	343	4406.4	0	9.5	0.7027	3	0
4012	2013	344	5097.6	-1.5	8.3	0.6392	2	0
4012	2013	345	1209.6	-0.2	5.5	0.68	1	0
4012	2013	346	1209.6	1.9	4.4	0.6893	2.1	0
4012	2013	347	1209.6	-0.2	1.9	0.6238	2.2	0
4012	2013	348	1209.6	-0.6	4.7	0.687	3.5	5.7
4012	2013	349	2419.2	-0.8	6.5	0.6598	4.4	0
4012	2013	350	4752	-1.5	8.4	0.6023	3.1	0
4012	2013	351	5011.2	-2.8	9.7	0.6571	1.7	0
4012	2013	352	1987.2	-2.4	8.3	0.5889	3.4	0
4012	2013	353	1209.6	3.1	9	0.8254	4.4	4.6
4012	2013	354	2419.2	-0.5	7.7	0.7431	2.2	0
4012	2013	355	1209.6	-1.3	5.4	0.6657	4.3	0
4012	2013	356	1468.8	4.8	11.2	0.847	5.5	3.5
4012	2013	357	3542.4	7	11.7	0.9514	4.7	0.1
4012	2013	358	1209.6	7.2	13.8	0.7485	5.3	5.6
4012	2013	359	1209.6	5.2	12.8	1.0096	3.2	11.6
4012	2013	360	1209.6	4.9	7.3	0.8754	2.1	5.6
4012	2013	361	4233.6	2.1	8	0.6914	5	0
4012	2013	362	1209.6	6.6	9	0.8884	5.2	5.3
4012	2013	363	2332.8	0.4	7.8	0.6879	3.6	0.9
4012	2013	364	5011.2	-1.7	6.8	0.6458	3	0
4012	2013	365	4838.4	-0.9	6.5	0.6201	2	0.1
