*---------------------------------------------------------------------------*
* Station name: MANNHEIM                                
* Year: 1990
* Author: Pedro Alencar                                   -999.000: NIL VALUE
* Source: ECAD 
* Comments: 
* Longitude: 49.51, latitude: 49.51, altitude: 96 m.
*
* Column  Daily value
* 1       station number
* 2       year
* 3       day
* 4       irradiation                   (kJ m-2 d-1)
* 5       minimum temperature           (degrees Celsius)
* 6       maximum temperature           (degrees Celsius)
* 7       early morning vapour pressure (kPa)
* 8       mean wind speed (height: 2 m) (m s-1)
* 9       precipitation                 (mm d-1)
*
** WCCDESCRIPTION=GERMANY, MANNHEIM                                
** WCCFORMAT=2
** WCCYEARNR=1990
*---------------------------------------------------------------------------*
   49.51  8.555    96.  -0.18 -0.55
4012	1990	1	950.4	-2.3	-1.3	0.5034	2.2	0
4012	1990	2	950.4	-2.8	-0.5	0.5253	1.9	0
4012	1990	3	1123.2	-0.9	0.4	0.51	1.8	0
4012	1990	4	1468.8	-0.2	1.4	0.5233	3.3	0
4012	1990	5	604.8	-0.5	2.1	0.5827	2.4	0
4012	1990	6	1728	-0.4	3.6	0.5898	1.3	0
4012	1990	7	950.4	-0.2	1.9	0.5653	1.9	0
4012	1990	8	1296	-1.4	0.9	0.558	2.5	0.1
4012	1990	9	1209.6	0.6	4.5	0.6972	2.4	0
4012	1990	10	691.2	1.9	3.4	0.6874	3.1	0
4012	1990	11	1468.8	-0.3	2.1	0.5934	3.9	0
4012	1990	12	1123.2	-1.6	0.2	0.5516	2.5	0
4012	1990	13	4147.2	-2.1	4	0.5825	3.2	0
4012	1990	14	3110.4	-1.1	4.3	0.6309	2.5	0.5
4012	1990	15	3542.4	0.9	6.1	0.7065	4.4	2
4012	1990	16	518.4	5	8.2	0.8963	4.9	0
4012	1990	17	604.8	5.6	9.6	0.9703	4	2.9
4012	1990	18	4838.4	-0.9	6.9	0.6517	1.6	0
4012	1990	19	4752	-1.5	6.2	0.6367	3.8	0.4
4012	1990	20	518.4	0.9	4.6	0.6625	4.5	2.5
4012	1990	21	4406.4	3	11.3	0.8802	3.5	0
4012	1990	22	4752	-0.3	7.2	0.7118	3.5	0
4012	1990	23	4060.8	3	7.8	0.6098	5.7	4.3
4012	1990	24	2592	3	9.7	0.7182	6.6	1.6
4012	1990	25	950.4	2.7	13.6	0.9098	8.4	11.9
4012	1990	26	6048	3.9	10.9	0.7307	7.9	0
4012	1990	27	4492.8	3.8	11.1	0.7539	6	0.1
4012	1990	28	1296	5.3	9	0.7588	5.9	0.3
4012	1990	29	5529.6	2	10.4	0.7487	4.1	0
4012	1990	30	2419.2	1.5	9	0.7809	5	0.3
4012	1990	31	5702.4	4.5	13.8	0.8692	4.2	0
4012	1990	32	2678.4	5.8	11.1	0.9175	3.7	0.3
4012	1990	33	5443.2	3.9	12.3	0.8096	4.9	1.6
4012	1990	34	6220.8	2.2	14.3	0.7088	7.4	0
4012	1990	35	7948.8	2.3	12.7	0.7357	4	0
4012	1990	36	8640	-2.2	13.4	0.6819	2.3	0
4012	1990	37	8208	-3.7	11.3	0.6094	1.8	0
4012	1990	38	6134.4	2.2	14.1	0.7257	6.1	0
4012	1990	39	4406.4	7.2	16.5	0.7076	7.5	0.1
4012	1990	40	7257.6	1.2	10.3	0.735	3.5	0
4012	1990	41	4924.8	-4.1	8.8	0.5933	4.4	8.3
4012	1990	42	3801.6	3.1	8	0.6886	6	3.2
4012	1990	43	2851.2	1.6	7	0.6976	6.4	2.5
4012	1990	44	5097.6	1	7.2	0.6633	4.9	4.1
4012	1990	45	3110.4	3.7	13.3	0.7653	5.8	25.8
4012	1990	46	6048	2.5	8.5	0.605	4.9	6.5
4012	1990	47	5184	-0.1	8.5	0.6597	2.5	0.2
4012	1990	48	5616	-3.8	7.5	0.6144	2.1	2.9
4012	1990	49	7430.4	5.4	15.9	1.102	3	0
4012	1990	50	3715.2	5.7	13.7	1.0462	2.9	0
4012	1990	51	10627.2	6.3	19.5	1.1742	3.5	0
4012	1990	52	8121.6	3.1	16.9	0.9448	3.1	0
4012	1990	53	10972.8	2.2	16.4	0.7961	2.4	0
4012	1990	54	9936	1.8	17.9	0.9475	1.7	0
4012	1990	55	10540.8	2.9	20.2	0.9793	4	0
4012	1990	56	7948.8	7.3	18.1	1.1003	4.4	1.2
4012	1990	57	1814.4	6.8	14	0.8821	9.7	9.7
4012	1990	58	6307.2	4.1	9.3	0.6671	8.3	12
4012	1990	59	2246.4	4.1	11.6	0.8384	7.9	4.8
4012	1990	60	7084.8	1	11.8	0.7015	7.9	3.3
4012	1990	61	6912	0.7	6.3	0.6202	4.4	2.7
4012	1990	62	4924.8	-1.8	7.5	0.6448	3.2	1.1
4012	1990	63	5184	1.6	7.9	0.5999	3.6	0
4012	1990	64	9590.4	3.8	12	0.7774	3.4	0
4012	1990	65	7257.6	3.4	12.1	0.7378	4.6	0
4012	1990	66	3196.8	5.1	11.7	0.8703	3.5	0
4012	1990	67	12873.6	-1	18.1	0.7679	3.1	0
4012	1990	68	5961.6	6.4	13.9	0.6816	5.5	0.5
4012	1990	69	1900.8	6	12.6	1.0185	4.6	2.6
4012	1990	70	14256	8.5	21.2	1.2145	3.3	0
4012	1990	71	12787.2	6.5	17.9	1.0222	2.2	0
4012	1990	72	13996.8	1.7	15.6	0.7731	1.2	0.1
4012	1990	73	6998.4	5	14.4	0.9741	1.6	0
4012	1990	74	14428.8	0.4	17.6	0.8719	1.1	0
4012	1990	75	15206.4	0.3	19.7	0.8834	1	0
4012	1990	76	15724.8	0.1	21.5	0.8542	1.3	0
4012	1990	77	14774.4	0	20.7	0.8918	1.4	0
4012	1990	78	14947.2	2	20.9	0.8783	2.7	0
4012	1990	79	2505.6	7	13.5	0.9732	4.8	2.4
4012	1990	80	13478.4	9	21.1	1.1277	3.7	0
4012	1990	81	10195.2	9.3	22.3	1.2011	3.9	2.9
4012	1990	82	14169.6	5.2	15.5	0.829	2.1	0
4012	1990	83	15033.6	1.4	16.2	0.747	3.2	1.1
4012	1990	84	10627.2	4.3	11	0.7014	4	0.8
4012	1990	85	9244.8	0.7	9.9	0.7658	2.1	1.4
4012	1990	86	11404.8	3	10.9	0.6087	3.3	0
4012	1990	87	1728	5.2	6.9	0.8067	3.6	0.8
4012	1990	88	3196.8	5.4	9.9	0.9003	1.5	0.1
4012	1990	89	14256	5.8	16	0.8729	2.7	0
4012	1990	90	18403.2	3.6	19.9	0.8545	2.6	0
4012	1990	91	19008	4	20.3	0.9481	1.8	0
4012	1990	92	15984	3.8	20.6	0.9086	2.3	0
4012	1990	93	4924.8	7	15.9	1.0269	4.6	8.7
4012	1990	94	15292.8	1.8	11.9	0.6938	3.6	0
4012	1990	95	15206.4	0.3	11.9	0.6495	2.7	0
4012	1990	96	12355.2	2.8	11.4	0.6856	3.8	0
4012	1990	97	4147.2	7.2	10	0.7035	3.3	0
4012	1990	98	4492.8	5.1	8.9	0.4606	5	0
4012	1990	99	9590.4	3.8	10.5	0.344	4.5	0
4012	1990	100	21859.2	0.4	15	0.3887	2.9	6.5
4012	1990	101	15033.6	4.8	14	0.8132	4.7	0
4012	1990	102	13219.2	-0.3	14.6	0.7082	2.4	1.3
4012	1990	103	10108.8	6.7	16	1.0738	3.7	0.6
4012	1990	104	5702.4	5	11.6	0.9082	4.4	1.3
4012	1990	105	8726.4	2.2	12.2	0.7715	5.2	1.8
4012	1990	106	11836.8	2.7	12.4	0.7694	3.7	2.6
4012	1990	107	11750.4	5.5	13.2	0.8927	3.5	2.3
4012	1990	108	18748.8	2.5	13.4	0.6945	1.6	0
4012	1990	109	20476.8	0.1	14	0.6632	2.5	2.5
4012	1990	110	11750.4	6.3	15.4	0.9479	3.1	0
4012	1990	111	13478.4	7.6	19	0.9764	3.4	0
4012	1990	112	10108.8	6.1	15	1.0819	1.3	1.7
4012	1990	113	8812.8	9.3	15	1.1462	2.8	0.7
4012	1990	114	10886.4	8	16	1.1209	1.7	0
4012	1990	115	10108.8	5.3	15	0.9543	1.9	0
4012	1990	116	19958.4	3.6	19.1	0.9799	1.9	0.3
4012	1990	117	4752	7.1	15.5	1.1907	3.2	0.9
4012	1990	118	23846.4	2.7	13.8	0.6325	2.7	0
4012	1990	119	25747.2	3.7	19.7	0.7143	2.2	0
4012	1990	120	23500.8	5.7	22.3	1.0378	2.6	0
4012	1990	121	25920	11.5	25.4	1.1022	2.9	0
4012	1990	122	24624	12	25.9	1.006	5.2	0
4012	1990	123	26784	14.1	24.2	1.0186	4	0
4012	1990	124	26784	11.4	25.9	0.9873	4.1	0
4012	1990	125	25747.2	12	27.8	1.1831	2.7	0
4012	1990	126	17971.2	10.9	27.4	1.5943	2.2	0
4012	1990	127	22982.4	8.6	26.3	1.274	2.5	0
4012	1990	128	19353.6	12.8	23.9	1.5377	2.2	3.7
4012	1990	129	20217.6	8.8	25	1.4612	1.6	1.8
4012	1990	130	19872	9.8	25	1.4287	3.1	1.3
4012	1990	131	15552	12.2	18.9	1.2526	3	0.8
4012	1990	132	18921.6	9.1	20.5	1.1265	3	0
4012	1990	133	21513.6	6	22.4	1.0028	2	0
4012	1990	134	24105.6	4.7	22.2	0.8782	1.8	0
4012	1990	135	23760	7.8	24.5	1.0999	1.5	0
4012	1990	136	17798.4	11.7	25.6	1.4595	2.5	0
4012	1990	137	23068.8	12.2	25	1.1126	2.4	0
4012	1990	138	26870.4	11.2	20.7	0.9955	3.6	0
4012	1990	139	27907.2	7.8	23	0.7514	3.1	0
4012	1990	140	26438.4	11.9	25	0.9115	3	0
4012	1990	141	11491.2	13.6	20.5	1.3199	1.6	2.8
4012	1990	142	20217.6	13.6	23.3	1.6746	1.9	0.6
4012	1990	143	13132.8	10.6	23.5	1.611	1.6	3.5
4012	1990	144	14169.6	12.7	21.7	1.1365	3.6	0
4012	1990	145	24796.8	10.5	17.7	0.7875	4.3	0
4012	1990	146	28857.6	5	19	0.6025	3	0
4012	1990	147	29980.8	6.5	21	0.6127	2.8	0
4012	1990	148	26265.6	5.8	18.6	0.6815	3.4	0
4012	1990	149	26611.2	3.4	20.4	0.696	1.6	0
4012	1990	150	29116.8	3.2	22.6	0.654	1.6	0
4012	1990	151	27734.4	4.8	25.3	0.7518	1.7	0
4012	1990	152	26870.4	6.5	27.9	0.8818	2.4	7
4012	1990	153	14169.6	12.4	21	1.253	4.9	5.2
4012	1990	154	11404.8	12.1	19.2	1.4027	3.8	3.4
4012	1990	155	18576	12.7	18.6	1.0654	4.9	0.2
4012	1990	156	25228.8	5.4	21	0.773	1.6	0.5
4012	1990	157	8380.8	12.6	18.5	1.3056	2.3	1.1
4012	1990	158	4492.8	12.8	17.7	1.6096	3.7	7.9
4012	1990	159	12182.4	10.8	18.4	1.2117	2.5	1.2
4012	1990	160	14256	10.1	16.6	1.2858	2.5	3.3
4012	1990	161	8467.2	6.7	15.2	1.1111	2.4	4.3
4012	1990	162	10454.4	11.6	17.4	1.1709	2.3	0
4012	1990	163	8467.2	12	17.2	1.2283	2.6	0.9
4012	1990	164	2419.2	11.5	14.2	1.4223	2.2	8.7
4012	1990	165	5529.6	11.9	15.2	1.3956	1.7	0.3
4012	1990	166	5097.6	12.3	15.2	1.4296	2	0
4012	1990	167	20908.8	6.8	21.4	1.1892	1.2	0
4012	1990	168	27561.6	7.5	25.6	1.1283	1.3	0
4012	1990	169	17020.8	10.2	23.6	1.3651	2.5	1.3
4012	1990	170	28166.4	11.8	28	1.647	3.1	6.8
4012	1990	171	8467.2	16.3	20.6	1.8653	3	3
4012	1990	172	21513.6	14	21.9	1.3764	3.8	4.9
4012	1990	173	13996.8	14.2	20	1.4603	5	0.7
4012	1990	174	17020.8	11.7	21.4	1.2411	3.9	4.8
4012	1990	175	18576	12.8	22.1	1.5726	1.8	0.1
4012	1990	176	28080	11.9	27	1.4438	1.4	0
4012	1990	177	29548.8	12.9	31.1	1.5305	1.9	0
4012	1990	178	18489.6	17.2	29.2	2.0716	2.7	0.2
4012	1990	179	18489.6	17.3	27.3	1.7468	2.3	0
4012	1990	180	21427.2	16.5	30.3	1.9531	2.3	15.3
4012	1990	181	25574.4	17	29.4	2.0432	2.8	4.3
4012	1990	182	22550.4	15.9	21.7	1.2999	5.1	4.2
4012	1990	183	16329.6	12.7	21.1	1.0767	2.1	0.1
4012	1990	184	12009.6	10.4	17.9	1.3059	2.6	1.9
4012	1990	185	22118.4	11.3	22.3	1.2227	2.7	1.5
4012	1990	186	6480	13.7	20.7	1.4696	5.7	7.2
4012	1990	187	13651.2	13.6	19.7	1.1354	5.2	0.1
4012	1990	188	9763.2	10.7	18.3	1.3688	3.7	12.6
4012	1990	189	6048	13.2	21.7	1.692	3.6	0.2
4012	1990	190	10540.8	17.5	22.7	1.691	4.3	1.4
4012	1990	191	13651.2	12.3	20	1.3016	3.3	0.6
4012	1990	192	27907.2	8.7	21.8	1.073	2.1	0
4012	1990	193	29203.2	10.6	27.1	1.2388	2.3	0
4012	1990	194	27907.2	14.1	29.3	1.3732	2.9	0
4012	1990	195	29289.6	13.7	24.6	1.1957	3.3	0
4012	1990	196	29376	11	28.6	1.0836	1.7	0
4012	1990	197	24019.2	10.5	31.8	1.2276	2.2	0
4012	1990	198	23760	17.4	23.8	1.4291	3.9	0
4012	1990	199	10281.6	12.5	18.8	1.2074	2.7	0
4012	1990	200	26352	13	23.9	1.3566	2	0
4012	1990	201	27907.2	10.3	28.6	1.2859	1.5	0
4012	1990	202	26956.8	12.2	31	1.1846	1.8	0
4012	1990	203	25747.2	17.1	28	1.3097	3.2	0
4012	1990	204	28684.8	12.6	25.5	1.0343	3.7	0
4012	1990	205	28080	9.8	23.8	0.917	2.9	0
4012	1990	206	27561.6	9.9	25.7	1.1193	2.7	0
4012	1990	207	25660.8	13.2	28.5	1.2298	2.8	0
4012	1990	208	25228.8	15.5	31.8	1.3996	2.2	0
4012	1990	209	25228.8	17.4	34.6	1.3415	2.1	4.9
4012	1990	210	22550.4	20.9	31	2.1067	3.5	0
4012	1990	211	22636.8	17	30	1.6471	2.4	0
4012	1990	212	24278.4	15.6	31	1.5702	2.2	0
4012	1990	213	23932.8	17.7	33.1	1.5213	2.7	0
4012	1990	214	24796.8	18.8	33.5	1.455	2.9	0
4012	1990	215	25833.6	17.4	34.2	1.1601	2.2	0
4012	1990	216	25833.6	14.5	34.6	1.4155	1.4	0
4012	1990	217	20822.4	16	36.7	1.6434	3.7	0
4012	1990	218	18057.6	17.5	26	1.4034	4	0
4012	1990	219	22377.6	12.1	23.3	1.0516	2.8	0
4012	1990	220	20476.8	8.5	25	0.9522	1.6	0
4012	1990	221	24278.4	11.6	27.7	1.302	1.6	0
4012	1990	222	16848	11.9	29	1.224	2.5	0
4012	1990	223	17884.8	12.4	29.5	1.4106	1	0
4012	1990	224	23068.8	13.4	34.5	1.3359	2.4	0
4012	1990	225	12700.8	17.7	32.4	1.9973	3.9	0
4012	1990	226	11145.6	18.3	25.5	2.1769	3.5	3.6
4012	1990	227	15292.8	16.1	26.2	1.7287	3.8	0
4012	1990	228	7603.2	16.8	23.2	1.9607	4.4	4.6
4012	1990	229	17452.8	13	22.7	1.1432	3.7	0
4012	1990	230	13305.6	9.5	23.1	1.092	4.5	0.5
4012	1990	231	20044.8	12	24.9	1.399	1.9	0
4012	1990	232	13046.4	17.5	24.8	1.5283	4.7	2.4
4012	1990	233	9676.8	13.3	20.5	1.1344	4.5	0.9
4012	1990	234	11404.8	12.4	21.5	1.3694	2.2	0
4012	1990	235	15292.8	9.4	25.4	1.3494	1.6	0
4012	1990	236	21945.6	10.8	31.6	1.4576	1.9	0
4012	1990	237	9590.4	13.4	28.2	1.8391	1.7	0.5
4012	1990	238	10022.4	15.6	25.7	2.1138	1.5	1.5
4012	1990	239	17107.2	16.7	29.5	1.8335	2	0
4012	1990	240	17971.2	15.9	31	1.9302	1.5	0
4012	1990	241	18835.2	15.1	31.4	2.0209	2.2	0
4012	1990	242	17798.4	15.6	29.4	1.7681	2.6	0.1
4012	1990	243	2246.4	13.3	21.2	1.7298	3.5	8.5
4012	1990	244	5356.8	12.3	18.4	1.376	1.9	1.9
4012	1990	245	10972.8	9.7	21.8	1.3581	1.8	2.8
4012	1990	246	2160	15.1	17.2	1.7232	1.7	9.7
4012	1990	247	6825.6	13.5	22.1	1.9129	2.1	1.9
4012	1990	248	11923.2	9.8	18.6	1.3102	2	1.8
4012	1990	249	10368	10.1	19.9	1.2603	3.6	0.4
4012	1990	250	7776	10.2	15.7	1.2974	3.5	6.9
4012	1990	251	10195.2	10.2	19.8	1.2263	2.4	2.6
4012	1990	252	16761.6	7.5	20.3	1.1422	1.9	0
4012	1990	253	7603.2	6.9	17.1	1.177	2.1	3.6
4012	1990	254	6307.2	8.6	15.6	1.3399	1.3	0.9
4012	1990	255	10886.4	6.4	18.2	1.229	1.1	0
4012	1990	256	14947.2	8.6	22	1.2501	1.7	0
4012	1990	257	17539.2	8.8	23.8	1.2215	1.9	0
4012	1990	258	15206.4	9.8	20.1	1.1884	3	0
4012	1990	259	18489.6	7.5	18.8	0.8763	2.2	0
4012	1990	260	14169.6	5.5	20.6	0.9757	2.3	1.9
4012	1990	261	12873.6	11	18.2	1.0457	2.7	0
4012	1990	262	12096	12.7	23.1	1.1058	5	0
4012	1990	263	7344	7.1	19.1	0.9337	3.2	0.2
4012	1990	264	7689.6	9.9	16.6	0.8516	5.9	2.9
4012	1990	265	2592	7.8	17.2	1.3611	3.4	28.3
4012	1990	266	7862.4	11.7	17.7	1.3699	3.3	2.8
4012	1990	267	8208	10.4	15.4	1.0553	4.7	3.4
4012	1990	268	6652.8	9.7	16.1	1.0702	4.8	0
4012	1990	269	7516.8	9.4	16.4	1.1891	1.4	0
4012	1990	270	11577.6	6.3	16.9	0.9962	1.5	0
4012	1990	271	15120	4.6	18.2	1.0101	2	0
4012	1990	272	12873.6	4.1	20.2	1.132	2.2	0.3
4012	1990	273	6652.8	12.5	22.7	1.6679	4.3	0.7
4012	1990	274	1987.2	13.5	18.8	1.6865	3	12.4
4012	1990	275	10713.6	8.4	19.9	1.3221	1.4	0
4012	1990	276	13910.4	8.2	23.2	1.4963	2.2	1.1
4012	1990	277	5097.6	7.4	16.4	1.1414	2.8	1.3
4012	1990	278	12441.6	5.4	17.9	0.9858	4	0.1
4012	1990	279	9244.8	12.1	20.5	1.4066	4.5	0
4012	1990	280	7603.2	12.3	18.2	1.2115	2.9	0
4012	1990	281	7689.6	5.2	13.4	0.8897	2.3	0
4012	1990	282	11750.4	0.8	15.2	0.8255	1.3	0
4012	1990	283	12268.8	2.3	17	0.9229	1.5	0
4012	1990	284	12268.8	1.9	18.7	1.0265	1.6	0
4012	1990	285	11404.8	3.9	22	1.1781	1.6	0
4012	1990	286	8035.2	8.7	20.4	1.4229	1	0
4012	1990	287	10454.4	8.3	24.8	1.4855	1.7	0
4012	1990	288	10281.6	8.8	23.9	1.4296	1.3	0
4012	1990	289	3801.6	13	20.5	1.6188	1.7	0.1
4012	1990	290	3628.8	10.8	18.6	1.5202	1	0
4012	1990	291	6825.6	9.1	20.3	1.3365	2.5	0
4012	1990	292	7430.4	6.8	19	1.2337	1.4	0
4012	1990	293	8812.8	9.2	18.5	1.2017	1.8	0
4012	1990	294	8899.2	7	13.9	0.746	5.1	0
4012	1990	295	11232	4	12.6	0.4924	4.7	0
4012	1990	296	10627.2	0.6	14.5	0.6862	1.6	0
4012	1990	297	8985.6	-2.1	15.4	0.8114	1	0
4012	1990	298	7516.8	2	15.6	0.9281	1.5	0.8
4012	1990	299	7862.4	7.2	15.8	1.1523	3.2	1.3
4012	1990	300	3888	5	12.1	0.9571	4.6	0.2
4012	1990	301	3024	8.6	13.5	1.0527	6.2	13.6
4012	1990	302	4492.8	7.2	12	0.9437	5	8.1
4012	1990	303	3542.4	6.6	12.2	0.9193	4.2	2.1
4012	1990	304	3542.4	6.6	14	0.9639	5.3	1.3
4012	1990	305	4579.2	7.8	13.6	0.9257	4.9	2.4
4012	1990	306	2851.2	6.8	9.5	0.9315	4.5	3.6
4012	1990	307	4752	5.5	10.6	0.9037	3.2	0.3
4012	1990	308	3110.4	5.2	8.4	0.8001	3.4	3
4012	1990	309	4320	2	7.6	0.731	1.8	1.7
4012	1990	310	4492.8	-0.3	6.8	0.7019	1	0
4012	1990	311	2851.2	-1	5	0.6563	0.6	0
4012	1990	312	5616	1.9	7.6	0.6856	1.8	0
4012	1990	313	7257.6	-2.6	10.2	0.6334	1.8	0.1
4012	1990	314	2419.2	-2.2	7.3	0.6312	1.3	0.3
4012	1990	315	777.6	6.8	10	1.0576	3.3	10.2
4012	1990	316	2332.8	6	10.4	1.0216	1.1	0
4012	1990	317	2332.8	6.5	8.9	0.9769	3.1	3.1
4012	1990	318	950.4	7.6	11.1	1.1159	3.9	4.1
4012	1990	319	1641.6	7.9	10.4	1.0199	2.9	5.7
4012	1990	320	2764.8	4.1	10.5	0.8688	4.6	0
4012	1990	321	1036.8	10.1	14	1.1668	7	0.4
4012	1990	322	1382.4	8.1	13	0.8528	6.1	3.8
4012	1990	323	1900.8	5.8	10	0.8519	4.2	0.2
4012	1990	324	777.6	6.5	10.3	1.0135	4.3	16.6
4012	1990	325	2332.8	3.9	8	0.8198	2.6	0
4012	1990	326	1555.2	3.8	6.3	0.8139	1.7	6
4012	1990	327	864	0.7	4.6	0.717	3	7.9
4012	1990	328	2332.8	-0.5	6	0.6104	4.7	0
4012	1990	329	1728	0.1	6.8	0.6493	2.7	0.1
4012	1990	330	4060.8	2.7	9.5	0.7624	3.8	0
4012	1990	331	5529.6	-1.4	9.7	0.6656	2.2	0
4012	1990	332	1814.4	0.5	5.4	0.5663	2.7	0
4012	1990	333	1814.4	2.9	5.7	0.7308	1.4	3.6
4012	1990	334	3974.4	-0.4	6.6	0.5189	3	0.1
4012	1990	335	5184	-6.1	2.1	0.3694	1.4	0.9
4012	1990	336	604.8	-0.4	0.8	0.5951	2.6	1.1
4012	1990	337	950.4	0.7	3.8	0.6681	1	0.4
4012	1990	338	2419.2	2.2	7	0.7209	2.9	0.4
4012	1990	339	5097.6	-2.6	6.1	0.4783	3.3	0
4012	1990	340	5011.2	-4.8	3.5	0.4662	1.2	0
4012	1990	341	4924.8	-7.3	3	0.4071	0.9	0
4012	1990	342	2851.2	-6.8	0.9	0.3689	2.3	0
4012	1990	343	1468.8	-3.1	2.2	0.3725	3.1	0
4012	1990	344	345.6	-0.5	2	0.5677	2.5	14.8
4012	1990	345	2246.4	-6.2	0	0.4669	1.9	1.6
4012	1990	346	1123.2	0	2.9	0.6242	4.3	16.3
4012	1990	347	2851.2	0	3.5	0.6239	3.1	0
4012	1990	348	3024	1.1	4.2	0.6135	2.6	0
4012	1990	349	1468.8	-1.7	1.4	0.4714	1.9	0.4
4012	1990	350	2073.6	-1.7	1.2	0.456	3.1	0
4012	1990	351	2332.8	-0.6	2	0.4564	3.4	0
4012	1990	352	1468.8	-2.2	1	0.4387	1.9	0.1
4012	1990	353	1123.2	-1.1	1	0.4749	2.1	1.5
4012	1990	354	1900.8	-1.1	2	0.5492	5.4	0.5
4012	1990	355	518.4	0.7	1.7	0.6197	5.7	3.4
4012	1990	356	864	1.5	3	0.6825	4	5.3
4012	1990	357	1036.8	2.2	5.4	0.7617	1.6	0
4012	1990	358	777.6	2.7	4.4	0.7326	1.5	0.2
4012	1990	359	691.2	0.8	3.6	0.6514	3.9	1.2
4012	1990	360	2332.8	1.2	6.5	0.692	6.6	1.3
4012	1990	361	2851.2	2.7	8.7	0.6684	6.2	2.6
4012	1990	362	2851.2	0.5	6.7	0.6404	4.6	0.1
4012	1990	363	518.4	1.9	14.3	0.9391	8.1	2.9
4012	1990	364	691.2	6.8	14.5	1.1532	4.7	0.9
4012	1990	365	1382.4	3.2	7.3	0.8519	1.9	7.4
