*---------------------------------------------------------------------------*
* Station name: MANNHEIM                                
* Year: 1996
* Author: Pedro Alencar                                   -999.000: NIL VALUE
* Source: ECAD 
* Comments: 
* Longitude: 49.51, latitude: 49.51, altitude: 96 m.
*
* Column  Daily value
* 1       station number
* 2       year
* 3       day
* 4       irradiation                   (kJ m-2 d-1)
* 5       minimum temperature           (degrees Celsius)
* 6       maximum temperature           (degrees Celsius)
* 7       early morning vapour pressure (kPa)
* 8       mean wind speed (height: 2 m) (m s-1)
* 9       precipitation                 (mm d-1)
*
** WCCDESCRIPTION=GERMANY, MANNHEIM                                
** WCCFORMAT=2
** WCCYEARNR=1996
*---------------------------------------------------------------------------*
   49.51  8.555    96.  -0.18 -0.55
4012	1996	1	2332.8	-2.4	2.7	0.5621	1.2	0
4012	1996	2	4320	-4.5	2	0.4629	1.4	0
4012	1996	3	604.8	0	1.1	0.5786	1.3	0.4
4012	1996	4	5443.2	-4.2	3.1	0.452	1.6	0
4012	1996	5	5270.4	-7.1	0	0.3574	1.7	0
4012	1996	6	1728	-7.3	-1.9	0.3216	1.5	0.9
4012	1996	7	1036.8	-4.3	3.4	0.5558	1.4	0.4
4012	1996	8	2937.6	-0.3	7	0.7068	1.1	0
4012	1996	9	3196.8	-1.3	3.8	0.6286	1.3	0
4012	1996	10	3196.8	0.5	5	0.6625	1.7	0
4012	1996	11	4752	-1.8	5.7	0.6329	1.2	0
4012	1996	12	4147.2	0.7	7.7	0.7339	1	0
4012	1996	13	4492.8	-1	7	0.682	1.1	0
4012	1996	14	1036.8	-1	2.3	0.5892	1.1	0
4012	1996	15	1036.8	1	2.1	0.5945	1.2	0
4012	1996	16	864	0.2	1.4	0.5568	1.3	0
4012	1996	17	864	-1.4	0.4	0.5067	1.3	0
4012	1996	18	864	-1.7	0.2	0.5091	1.5	0
4012	1996	19	950.4	-2.4	-0.1	0.4685	1.7	0
4012	1996	20	950.4	-2.4	-0.1	0.4294	4	0
4012	1996	21	1555.2	-2.2	0.4	0.4234	3.3	0
4012	1996	22	5788.8	-3.7	1.8	0.4105	2.8	0
4012	1996	23	3628.8	-4.3	0.9	0.3885	2.9	0.3
4012	1996	24	1468.8	-1.7	0.8	0.4317	4	0
4012	1996	25	1987.2	-3.8	-0.7	0.3419	4.7	0
4012	1996	26	3024	-5.1	-2.3	0.3394	3.1	0.6
4012	1996	27	3628.8	-3.1	2.2	0.4257	2.1	0
4012	1996	28	1468.8	-2.7	0.4	0.4213	3.4	0
4012	1996	29	2764.8	-3.5	1.5	0.4146	3.3	0
4012	1996	30	5443.2	-0.8	3.3	0.4213	3.9	0
4012	1996	31	8812.8	-4.6	5.5	0.3346	3.2	0
4012	1996	32	7862.4	-7.1	3.6	0.344	1.2	0
4012	1996	33	3283.2	-6.7	1.5	0.3786	1.4	2.7
4012	1996	34	1296	-2.7	1.6	0.5283	1.5	0.4
4012	1996	35	5270.4	-6.4	0.6	0.3949	1.6	0
4012	1996	36	6220.8	-5.2	1.6	0.4177	1.6	0
4012	1996	37	9331.2	-7.2	0.9	0.3295	3.7	0
4012	1996	38	4406.4	-8.1	-1.9	0.2825	2.1	0
4012	1996	39	2332.8	-5.7	-2.5	0.3339	1.9	0.4
4012	1996	40	7084.8	-5.3	3.2	0.4641	3.7	0
4012	1996	41	1900.8	-2.1	3.6	0.5096	4	0
4012	1996	42	3369.6	1.5	6.3	0.7106	4	0.4
4012	1996	43	2073.6	0.9	6	0.6806	6	11.8
4012	1996	44	691.2	1.3	3.9	0.6555	4.7	9
4012	1996	45	2246.4	0.3	2.2	0.5484	4.2	0.3
4012	1996	46	3542.4	-0.5	2.4	0.4974	1.8	3.4
4012	1996	47	1382.4	-0.5	3.4	0.631	4.5	6.4
4012	1996	48	6220.8	2.5	8.5	0.614	5.2	0.7
4012	1996	49	1382.4	2.6	5.5	0.7344	6.8	4.2
4012	1996	50	6220.8	2.3	8.3	0.7569	4.2	10.1
4012	1996	51	3196.8	-0.1	2.6	0.6086	2	1.7
4012	1996	52	7257.6	-3.7	0.7	0.4052	3.8	0.1
4012	1996	53	8812.8	-4.5	-0.3	0.3689	3.2	0.3
4012	1996	54	11923.2	-7.8	0.9	0.3743	2.5	0.1
4012	1996	55	5961.6	-11	2	0.3284	3.5	0
4012	1996	56	10108.8	0.9	11.3	0.6118	4.9	0
4012	1996	57	11318.4	-1.1	15	0.6686	2.4	0
4012	1996	58	12096	-2.3	14.1	0.5848	1.5	0
4012	1996	59	10022.4	1.1	14.7	0.6709	1.7	0
4012	1996	60	12009.6	-0.7	12.4	0.6198	2.2	0
4012	1996	61	4924.8	0.8	6.5	0.595	3.8	0
4012	1996	62	13305.6	-4.2	6.9	0.4176	2.4	0
4012	1996	63	11923.2	-7.4	5.7	0.4135	1.7	0
4012	1996	64	11577.6	-6.7	5.3	0.3948	1.4	0
4012	1996	65	3110.4	-1.9	5.6	0.5166	3.3	0
4012	1996	66	3196.8	1.6	4.2	0.5793	1.9	5
4012	1996	67	8294.4	0.2	7.1	0.6109	3.3	0.2
4012	1996	68	14428.8	0.1	10	0.4901	3	0
4012	1996	69	14947.2	-1.8	10.1	0.4602	2.9	0
4012	1996	70	15897.6	-2.4	9.2	0.3819	4	0
4012	1996	71	9244.8	-4	2.6	0.3832	3	0
4012	1996	72	11404.8	-6.9	1.6	0.3219	2.9	0
4012	1996	73	11577.6	-6.1	3.3	0.342	3	0
4012	1996	74	14774.4	-2.8	9.3	0.3933	3.5	0
4012	1996	75	15033.6	0.2	11.6	0.5291	3.5	0
4012	1996	76	10368	0.4	11.7	0.6566	2	0
4012	1996	77	8899.2	-2	12.2	0.6147	1.2	0
4012	1996	78	5356.8	4.5	10.8	0.7433	1	0
4012	1996	79	11664	4.4	15.9	0.818	1.9	0
4012	1996	80	15552	-0.5	15.6	0.6447	1.5	0.1
4012	1996	81	8467.2	4.9	14.9	0.9263	3	9.3
4012	1996	82	5702.4	5.1	12.5	0.9508	2.2	5
4012	1996	83	4838.4	7.4	12.6	1.1166	2.1	0.4
4012	1996	84	8553.6	5	15.6	0.9764	1.9	0
4012	1996	85	14601.6	7	16.3	0.8352	2.7	4.1
4012	1996	86	4320	7.5	10.9	1.0233	2.4	1.7
4012	1996	87	15379.2	-0.4	7.8	0.4379	4.3	0
4012	1996	88	17366.4	-4	9.1	0.3963	1.7	1
4012	1996	89	11750.4	0.1	10	0.6563	2.5	4
4012	1996	90	12528	0.9	8.2	0.6	3.1	0.4
4012	1996	91	13824	-0.9	8.1	0.506	1.7	0
4012	1996	92	20217.6	0.7	8.6	0.4851	3.4	0
4012	1996	93	18403.2	-2.5	8.7	0.435	3.7	0
4012	1996	94	15379.2	-0.7	7.8	0.5121	4.6	0.1
4012	1996	95	2678.4	1.4	4.5	0.6569	3.1	3
4012	1996	96	3456	2	6.8	0.669	3.3	0
4012	1996	97	18921.6	-0.7	16.7	0.7612	1	0
4012	1996	98	17884.8	1.9	20.8	0.9128	1.3	0
4012	1996	99	15292.8	6.5	17.2	0.9157	2.7	0
4012	1996	100	14428.8	1.7	14.5	0.7448	1.6	0
4012	1996	101	19267.2	1.8	17.4	0.6928	1.7	1.2
4012	1996	102	6048	8.6	14	1.0569	1.4	0.9
4012	1996	103	8121.6	3.4	10.1	0.7383	3	0
4012	1996	104	21772.8	0.3	11.9	0.48	2.6	0
4012	1996	105	18576	-0.9	13.6	0.498	1.9	0
4012	1996	106	23414.4	0.2	16.4	0.5033	1.6	0
4012	1996	107	23673.6	-1.2	19.4	0.4736	2.1	0
4012	1996	108	19699.2	0.7	21.3	0.4722	2.6	0
4012	1996	109	18662.4	7.8	20.8	0.9605	1.7	0
4012	1996	110	19526.4	4.6	24.6	0.8797	1.4	0
4012	1996	111	22982.4	5.1	26.7	0.9382	1.5	0
4012	1996	112	23241.6	6.8	27.5	0.8594	1.4	0
4012	1996	113	19440	8.3	27.6	0.945	2.4	0
4012	1996	114	10108.8	11.3	21.8	1.2787	3	4.6
4012	1996	115	14601.6	10.6	18.4	1.2204	2.5	3.8
4012	1996	116	23587.2	4.6	19.1	0.9434	1.4	0
4012	1996	117	25401.6	4.6	21.2	0.6986	1.9	0
4012	1996	118	23414.4	8.2	22.8	0.8266	3.4	0.1
4012	1996	119	8812.8	12.1	18.6	1.4283	2.3	0.1
4012	1996	120	18403.2	9.6	19.1	0.98	2	0
4012	1996	121	13478.4	9.1	17	1.0807	2.4	0
4012	1996	122	21254.4	5.1	21.9	1.0047	1.9	8.4
4012	1996	123	15897.6	9.9	19.7	1.261	2.7	3.8
4012	1996	124	13737.6	7.8	15.9	1.1238	2.7	1
4012	1996	125	4233.6	5.6	11.1	0.8564	3	3.2
4012	1996	126	26265.6	1.3	15.4	0.6697	1.9	0
4012	1996	127	25228.8	3.9	20.4	0.75	2.5	0
4012	1996	128	22896	9.2	20.7	1.0695	4	2.1
4012	1996	129	3888	8.2	11.7	1.0272	3.2	0.1
4012	1996	130	3888	7	10.3	0.8403	4.5	0
4012	1996	131	8726.4	5.8	10.1	0.7693	2.2	0
4012	1996	132	7862.4	7.7	14.1	0.9511	2.6	0
4012	1996	133	10281.6	9.7	16.7	1.0459	3.7	0.9
4012	1996	134	2937.6	9.6	12.8	1.143	3.2	1.3
4012	1996	135	9849.6	9.8	17.4	1.3068	3.1	1.4
4012	1996	136	4665.6	7.8	13.8	1.1777	3.6	2.7
4012	1996	137	8553.6	7.6	14.8	1.0898	2.3	6.3
4012	1996	138	20131.2	10.9	23.8	1.5429	2.9	7.5
4012	1996	139	7603.2	10.2	19.3	1.5586	2.3	12.6
4012	1996	140	11404.8	11	19.8	1.5203	2.7	10.4
4012	1996	141	19353.6	10.1	19.3	1.1527	2.3	0
4012	1996	142	17712	7.3	18	1.0967	3.4	4.1
4012	1996	143	19785.6	8	17.1	1.0459	3.6	0.2
4012	1996	144	10540.8	10.9	18.7	1.3115	4.2	0
4012	1996	145	19353.6	11.8	23.8	1.5059	4.1	5
4012	1996	146	4838.4	12.2	17.2	1.4701	4.2	2.4
4012	1996	147	19785.6	6.8	19.8	1.1138	3.4	3.7
4012	1996	148	8208	13.1	17.4	1.4192	4.9	5.1
4012	1996	149	17884.8	7.1	15.8	0.8783	3.4	0
4012	1996	150	28944	4.6	21.6	0.9337	1.8	0
4012	1996	151	28339.2	7.7	27.4	1.0817	1.6	0
4012	1996	152	28512	12.1	31.2	1.4207	2.8	0
4012	1996	153	14083.2	15.2	23.9	1.7252	2.5	12.1
4012	1996	154	10195.2	11.7	16.7	1.3587	3.4	7.2
4012	1996	155	15379.2	12.8	19.9	1.3925	1.9	0
4012	1996	156	28684.8	8.1	24.2	1.2466	1.3	0
4012	1996	157	30153.6	11.8	27.4	1.2296	2.3	0
4012	1996	158	29116.8	12.6	30.5	1.5661	1.5	0
4012	1996	159	28944	15.3	33.1	1.8081	1.6	0
4012	1996	160	25056	17.4	31	2.0492	2.6	23.4
4012	1996	161	23587.2	17.4	27.3	2.1295	1.2	0
4012	1996	162	25747.2	15.9	29.1	1.9858	0.7	0
4012	1996	163	24537.6	15.8	30.7	1.964	0.8	0
4012	1996	164	21340.8	18.6	30.5	1.9387	2.9	0
4012	1996	165	28512	11.6	21.8	0.9872	3.4	0
4012	1996	166	30499.2	8.8	21.2	0.8686	2.9	0
4012	1996	167	31190.4	9	23.6	0.8514	2.8	0
4012	1996	168	29116.8	10.7	23.3	1.0448	2.9	0
4012	1996	169	29203.2	10.7	27.7	1.2439	1.5	0
4012	1996	170	25228.8	11.9	29.1	1.2518	3.6	0
4012	1996	171	20995.2	11.7	20.3	0.9987	3	0
4012	1996	172	5529.6	8.6	16.7	1.2575	2.9	10.6
4012	1996	173	10454.4	11.1	15.8	1.2017	1.9	1.1
4012	1996	174	16329.6	10.1	17.9	1.2454	2.5	3.3
4012	1996	175	14515.2	10.8	17.7	1.1197	2.7	0
4012	1996	176	15724.8	11.1	16.9	1.1336	2.3	0
4012	1996	177	16156.8	10.5	19	1.1061	2.1	0
4012	1996	178	19008	9.4	21.3	1.167	1.5	0
4012	1996	179	15292.8	9.1	24.1	1.3205	2.1	0
4012	1996	180	19872	14.2	25.9	1.6624	2.5	0.8
4012	1996	181	12268.8	13.3	22.6	1.438	4.3	5.7
4012	1996	182	6825.6	12.2	18.3	1.298	3.7	0.4
4012	1996	183	14601.6	13.3	21.2	1.3367	4	1.2
4012	1996	184	18144	12.6	20.3	1.1024	3.8	0.2
4012	1996	185	26956.8	9.5	24.2	1.1308	4.1	0.7
4012	1996	186	11923.2	15.5	23.1	1.8775	4.9	3
4012	1996	187	17452.8	16.3	26.4	1.9022	3.7	8.8
4012	1996	188	12182.4	12.8	19	1.3171	3.1	4.2
4012	1996	189	11923.2	9.8	19.3	1.274	2.5	10.2
4012	1996	190	6912	11.5	17.4	1.2329	3.9	5.5
4012	1996	191	12355.2	9.8	20.4	1.3199	3.2	8.8
4012	1996	192	9676.8	12.9	20.2	1.5984	2.8	0.1
4012	1996	193	20304	8.6	23.8	1.3425	1.2	0
4012	1996	194	16675.2	15.1	26.1	1.8408	2	2.9
4012	1996	195	24019.2	12.3	28.4	1.5742	2	0
4012	1996	196	28166.4	13.2	28.7	1.6829	1.6	0
4012	1996	197	23328	17	28	1.7409	3.5	0
4012	1996	198	29462.4	11.8	21	1.0431	3.8	0
4012	1996	199	29548.8	8.5	24.2	0.984	2.6	0
4012	1996	200	29635.2	10.4	24.1	1.0615	2.9	0
4012	1996	201	26611.2	9.7	23.4	1.053	2.3	0
4012	1996	202	29289.6	10.5	23.6	0.9705	2.7	0
4012	1996	203	28771.2	9.1	25.2	1.0157	1.7	0
4012	1996	204	28512	10	27.1	0.9385	2.6	0
4012	1996	205	16070.4	13.1	29.5	1.7699	2.6	18.9
4012	1996	206	13651.2	14.8	24.4	1.7078	3.6	1.7
4012	1996	207	3542.4	13.4	20	1.5377	3.1	0.5
4012	1996	208	24105.6	11.2	24.6	1.454	1.9	0
4012	1996	209	26092.8	12.7	28.7	1.6085	1.4	0
4012	1996	210	15638.4	13.9	27.9	1.8258	0.9	0
4012	1996	211	18835.2	15.9	28.9	2.2982	2.3	28.2
4012	1996	212	16675.2	14.1	25.7	1.7166	1.5	0.1
4012	1996	213	22464	14.2	28.5	1.7754	2.4	0
4012	1996	214	26092.8	14.1	30.5	1.5318	2.6	0
4012	1996	215	18835.2	17.2	26.3	1.5074	2.1	0
4012	1996	216	19612.8	15.1	24.4	1.356	3.2	0
4012	1996	217	23241.6	11.7	23.7	1.0516	3.3	0
4012	1996	218	26697.6	12.7	24.8	1.1231	3.9	0
4012	1996	219	11145.6	15.7	23.7	1.6497	2	4.6
4012	1996	220	11750.4	16.3	24.2	1.849	1.9	4.9
4012	1996	221	25315.2	10.9	26.7	1.3433	1.3	0
4012	1996	222	22118.4	13.4	28.4	1.5297	1.7	0
4012	1996	223	20649.6	14.9	30.7	1.8837	2.1	16.1
4012	1996	224	16243.2	17	24.1	1.9076	3.6	4
4012	1996	225	9158.4	15.5	20.3	1.7816	2.3	3.5
4012	1996	226	7862.4	14.6	20.1	1.6418	4.8	2.3
4012	1996	227	4060.8	14.2	19.9	1.8245	2	29.4
4012	1996	228	16675.2	13.5	24.6	1.7605	1.6	0.4
4012	1996	229	17452.8	14.5	25.1	1.683	1.3	0
4012	1996	230	20736	13.4	26.4	1.7166	1.8	0
4012	1996	231	22464	13.3	26.3	1.4986	2.6	0
4012	1996	232	23587.2	15.8	29.4	1.3684	3.7	0
4012	1996	233	22809.6	16.2	29.8	1.5982	1.6	0
4012	1996	234	12009.6	17.3	25.6	1.9138	2.3	0.5
4012	1996	235	14169.6	16.2	25.7	1.9551	1.5	0
4012	1996	236	14342.4	16.4	26.4	2.0098	2.2	0.6
4012	1996	237	17280	15.6	24.4	1.6339	3.2	0.5
4012	1996	238	18921.6	12.6	24.2	1.3946	2.5	0.8
4012	1996	239	17107.2	12.4	24.6	1.531	1.4	0
4012	1996	240	13910.4	13.3	24.3	1.5816	1.5	4.8
4012	1996	241	9072	11.9	20.4	1.4482	2.9	10.7
4012	1996	242	15984	11.3	21.2	1.1992	6	3.7
4012	1996	243	4752	11.9	17.4	1.3488	4.5	0.7
4012	1996	244	9331.2	13.3	19.2	1.3099	2	0
4012	1996	245	14688	10.3	18.7	1.1379	2.4	0
4012	1996	246	18921.6	10.2	21	1.0974	3.1	0
4012	1996	247	17539.2	11.6	23.8	1.2133	4	0
4012	1996	248	19440	11.8	25.1	1.3778	3.3	0
4012	1996	249	17280	13.8	22.9	1.306	3	0
4012	1996	250	16243.2	6.3	20.6	0.986	2.8	0.2
4012	1996	251	21427.2	4.3	19.4	0.8324	2.4	0
4012	1996	252	11404.8	7.4	18.6	1.0024	2	0
4012	1996	253	16502.4	6.6	19.1	0.963	2	0
4012	1996	254	8640	4.5	18.1	0.9633	1.6	0
4012	1996	255	9331.2	11.8	18	1.2353	1.4	0.7
4012	1996	256	2160	8.7	12.9	1.113	2.9	5.2
4012	1996	257	5011.2	8.2	13.9	1.0132	4.2	8.6
4012	1996	258	8035.2	10.4	18.3	1.3229	2.1	1.2
4012	1996	259	7344	9.5	16.5	1.2119	1.4	0
4012	1996	260	16761.6	6.4	17.9	1.0047	2.4	0
4012	1996	261	16934.4	4.9	15.4	0.8552	3.6	0
4012	1996	262	6048	6.8	13.6	0.8331	4.4	0
4012	1996	263	16848	10.5	19.6	1.0593	3.8	0
4012	1996	264	6134.4	10	15.2	1.1223	1.8	1.9
4012	1996	265	9331.2	9	16.2	1.2243	2.2	0
4012	1996	266	4579.2	8.3	14.9	1.2146	2.7	1.5
4012	1996	267	2937.6	10.5	13.2	1.2625	2.1	2.8
4012	1996	268	8899.2	9.3	16.6	1.193	2	0
4012	1996	269	11836.8	7.9	18.3	1.1445	2	0
4012	1996	270	15120	6.7	19.9	1.1595	2.7	0
4012	1996	271	3715.2	8.2	15.8	1.205	3.9	0.9
4012	1996	272	7344	9.1	17.6	1.2398	2.6	0
4012	1996	273	5788.8	7.7	17.2	1.0535	4.1	0
4012	1996	274	9936	11.4	24.2	1.4245	4.2	0
4012	1996	275	3283.2	10.6	17.8	1.3263	4.3	2.2
4012	1996	276	10195.2	6.4	15.8	1.0298	1.6	0
4012	1996	277	13996.8	1.5	18.1	0.908	1.9	0
4012	1996	278	5184	6.1	15.2	1.0123	3.4	0.5
4012	1996	279	7862.4	5.7	14.4	1.0587	2.1	0.1
4012	1996	280	10627.2	2.9	15.8	0.9632	2.4	0
4012	1996	281	3456	4.7	13.1	0.98	2.7	0
4012	1996	282	3024	11.5	15.2	1.2705	2.2	0
4012	1996	283	4147.2	10.5	15.5	1.2717	1.2	0
4012	1996	284	7603.2	10.8	18	1.2781	1.6	0
4012	1996	285	5788.8	6.8	15.5	1.0995	1.6	0
4012	1996	286	6825.6	7.3	16.9	1.1988	1.7	0
4012	1996	287	11404.8	3	19.5	1.0801	1.3	0
4012	1996	288	10972.8	4.7	21	1.2	1.4	0
4012	1996	289	5961.6	4	17.1	1.0819	1.3	13.5
4012	1996	290	2160	9.3	13.3	1.2442	3.4	12.2
4012	1996	291	3369.6	8.2	10.9	1.0358	1.7	1.2
4012	1996	292	9072	4.5	14	1.0034	2.1	3.3
4012	1996	293	3801.6	4.5	14.9	1.0943	2.9	8.3
4012	1996	294	1123.2	4.3	11.8	1.022	3.1	31
4012	1996	295	2937.6	10.6	17.1	1.3915	3.4	2.3
4012	1996	296	9849.6	3.9	15.1	0.9492	1.2	0
4012	1996	297	10800	2.7	15.4	0.8634	2.3	0
4012	1996	298	9676.8	1.1	15.8	0.8511	1.6	0
4012	1996	299	8208	0.6	12.9	0.7875	1.3	0
4012	1996	300	7257.6	7	17.5	1.1538	2.3	2.5
4012	1996	301	5443.2	9.7	14.8	1.2107	3.3	3.5
4012	1996	302	4492.8	11.7	16.4	1.2174	4.7	0
4012	1996	303	1555.2	9.4	16.7	1.0057	6.6	0.7
4012	1996	304	5356.8	7.8	13.1	0.8219	3.9	0
4012	1996	305	5616	6.1	12.1	0.797	4	1.9
4012	1996	306	1900.8	8.9	15.2	1.1527	4.5	0
4012	1996	307	2764.8	9	15.2	1.1565	3.8	0
4012	1996	308	3801.6	7.2	14.2	1.0542	4	0
4012	1996	309	7171.2	8.2	15.6	1.0996	4.4	0.3
4012	1996	310	3024	5.6	13.9	0.9412	4.9	0
4012	1996	311	2073.6	3.3	12.1	0.8614	7	1.7
4012	1996	312	1036.8	8.9	12.1	1.053	4.4	9.6
4012	1996	313	5875.2	4.8	12.1	0.8954	3.6	0.3
4012	1996	314	5097.6	5.6	12.1	0.9086	3.5	0
4012	1996	315	2419.2	3.4	9.2	0.8207	2.8	2
4012	1996	316	2160	7.9	12.7	1.1266	2	2.5
4012	1996	317	1123.2	8.1	11.7	1.1579	1.9	32.2
4012	1996	318	1209.6	6.4	10.4	1.0135	2.6	8
4012	1996	319	5011.2	0.5	7.2	0.6678	2.9	0
4012	1996	320	2073.6	2.8	6.1	0.6462	2.7	0
4012	1996	321	1036.8	4.2	6	0.7289	1.3	0
4012	1996	322	691.2	3.8	5.4	0.7209	1.4	0
4012	1996	323	518.4	0.3	3.9	0.6468	2.5	22.2
4012	1996	324	3196.8	0.5	7.1	0.7216	4.3	5.3
4012	1996	325	1900.8	4.4	8.8	0.7891	6.7	2.4
4012	1996	326	3715.2	1.8	7.7	0.6342	3.9	0
4012	1996	327	6134.4	-2.8	6.8	0.5857	2.3	0
4012	1996	328	1900.8	-3.4	0.7	0.5149	1.9	1.3
4012	1996	329	3628.8	-2	5.1	0.5877	3.1	0.1
4012	1996	330	1296	0.2	4.2	0.6156	4.3	1.2
4012	1996	331	2332.8	4.1	8.1	0.8001	2.3	1.7
4012	1996	332	1296	1.5	4.8	0.605	2	0.1
4012	1996	333	1728	0.8	2.9	0.6004	2.5	0.9
4012	1996	334	1555.2	0.5	3.9	0.6443	5.3	5.7
4012	1996	335	3801.6	1.7	7.6	0.7149	3	0.6
4012	1996	336	3196.8	2	6.4	0.6185	3.9	1.3
4012	1996	337	3110.4	4	8.2	0.7342	4.4	1
4012	1996	338	1641.6	1.5	6.6	0.7018	4.7	0.8
4012	1996	339	3456	4.5	10.7	0.7303	3.5	0
4012	1996	340	4147.2	1.5	10	0.7809	0.9	0
4012	1996	341	2246.4	-1.7	3.2	0.5935	1.2	0
4012	1996	342	950.4	0.1	1.7	0.5413	1.3	0
4012	1996	343	691.2	0.2	0.9	0.5214	2.3	0
4012	1996	344	950.4	-0.5	1.2	0.5139	2	0
4012	1996	345	1987.2	-0.8	2.1	0.538	1.8	0
4012	1996	346	604.8	-3.7	0.7	0.4983	1.3	0
4012	1996	347	2419.2	-0.9	1.5	0.5558	2.5	1.6
4012	1996	348	432	0.2	3.7	0.661	1.4	6.5
4012	1996	349	1987.2	-2.9	2.6	0.5016	2.7	0
4012	1996	350	777.6	-5	1.9	0.4637	3.5	0
4012	1996	351	2851.2	0.1	6.4	0.6479	1.6	0
4012	1996	352	1123.2	0	4.9	0.6631	2.7	7.4
4012	1996	353	777.6	4.5	9.2	0.9317	1.8	0
4012	1996	354	604.8	2.2	7.8	0.8198	2.2	3.6
4012	1996	355	518.4	2.3	7.6	0.7561	2.6	0.2
4012	1996	356	1296	0.8	2.7	0.5407	3.4	0
4012	1996	357	3283.2	-2.2	2.6	0.3844	2.8	7.1
4012	1996	358	1036.8	-2.7	0.8	0.4846	3.2	3.8
4012	1996	359	4060.8	-7.1	-2.6	0.3241	3	0
4012	1996	360	5097.6	-11.3	-2.5	0.2552	2.9	0
4012	1996	361	5184	-12.2	-2.7	0.2726	2.7	0
4012	1996	362	2505.6	-13.1	-6.6	0.194	1.9	0
4012	1996	363	5011.2	-11.4	-6.3	0.1817	3.3	0
4012	1996	364	4838.4	-15.3	-7.6	0.1887	2.3	6
4012	1996	365	2937.6	-9.3	-5.6	0.2935	2.6	3
4012	1996	366	3369.6	-13.8	-7.3	0.2164	2.6	0
