*---------------------------------------------------------------------------*
* Station name: CUXHAVEN                                
* Year: 1993
* Author: Pedro Alencar                                   -999.000: NIL VALUE
* Source: ECAD 
* Comments: 
* Longitude: 53.8731, latitude: 53.8731, altitude: 5 m.
*
* Column  Daily value
* 1       station number
* 2       year
* 3       day
* 4       irradiation                   (kJ m-2 d-1)
* 5       minimum temperature           (degrees Celsius)
* 6       maximum temperature           (degrees Celsius)
* 7       early morning vapour pressure (kPa)
* 8       mean wind speed (height: 2 m) (m s-1)
* 9       precipitation                 (mm d-1)
*
** WCCDESCRIPTION=GERMANY, CUXHAVEN                                
** WCCFORMAT=2
** WCCYEARNR=1993
*---------------------------------------------------------------------------*
   53.8731  8.7067    5.  -0.18 -0.55
4015	1993	1	1555.2	-4.2	-0.3	0.4766	5.2	0
4015	1993	2	3456	-7.8	-4.2	0.2813	6.4	0
4015	1993	3	3283.2	-10.1	-4.5	0.2616	8.6	0
4015	1993	4	1296	-10.8	-4.9	0.2168	6.9	0
4015	1993	5	864	-9.3	2.2	0.3903	7	11
4015	1993	6	864	1.6	5.5	0.7642	4.8	9.5
4015	1993	7	3110.4	1	5.5	0.6941	4.5	1.8
4015	1993	8	3110.4	1	7.9	0.6882	7.9	0
4015	1993	9	864	1.1	8.7	0.7361	8.4	4.2
4015	1993	10	950.4	5.8	10.5	0.9531	8.7	10.7
4015	1993	11	950.4	4.6	10.1	0.8205	9	4.4
4015	1993	12	3024	2.8	6.1	0.5623	9.6	0
4015	1993	13	950.4	2.8	11.4	0.7764	9.8	3.8
4015	1993	14	3024	4	12.9	0.8069	10.9	0
4015	1993	15	950.4	2.2	10.7	0.7617	9.1	0.7
4015	1993	16	1209.6	7.9	11.7	0.9322	10.6	0
4015	1993	17	3283.2	7	11.2	0.8316	9.3	0
4015	1993	18	3369.6	3.7	7	0.7417	7.8	0
4015	1993	19	1036.8	3.2	6	0.7124	8.4	7.2
4015	1993	20	1036.8	4.5	9.6	0.8943	8.8	3.2
4015	1993	21	3110.4	6.5	9.7	0.8528	10	2.2
4015	1993	22	1123.2	5.6	11.5	0.7679	13.7	3.3
4015	1993	23	1987.2	4.1	6.2	0.7402	9.9	6.1
4015	1993	24	1123.2	3.5	10.8	0.7284	14.5	2.7
4015	1993	25	2764.8	1.1	6.1	0.5376	13.7	1
4015	1993	26	1209.6	1.5	5.4	0.6414	12	9
4015	1993	27	3542.4	-0.1	5.2	0.6018	6.5	2.9
4015	1993	28	1296	-0.2	2.4	0.5888	5.6	4
4015	1993	29	4838.4	-2	1.2	0.4866	10.7	0
4015	1993	30	5184	-5.1	-0.7	0.39	6.8	0
4015	1993	31	5356.8	-6.7	2.6	0.4048	3.5	0
4015	1993	32	4752	-1.7	2.1	0.5765	4.1	0
4015	1993	33	1382.4	-5.4	3	0.5206	5.3	0.1
4015	1993	34	1382.4	1.7	3.6	0.7318	6	0.1
4015	1993	35	1468.8	2.7	4.1	0.7483	6.2	0.2
4015	1993	36	1468.8	3.3	4.9	0.7697	8.3	3
4015	1993	37	1468.8	3.5	6.2	0.8371	7.8	1.3
4015	1993	38	1555.2	2	4.4	0.6917	3.5	0
4015	1993	39	1555.2	3.6	6	0.8256	4.4	0.4
4015	1993	40	1900.8	2	4.7	0.7379	2.7	0.3
4015	1993	41	1641.6	0.9	2.6	0.6863	4.7	0
4015	1993	42	1641.6	0.3	2.6	0.6174	5.6	0
4015	1993	43	1728	0.2	2.1	0.6042	2.3	0
4015	1993	44	1728	-0.3	2.1	0.6391	2.9	0
4015	1993	45	1728	-1.4	-0.1	0.5727	5.3	0
4015	1993	46	1814.4	-1.5	0.3	0.5556	4.3	0.4
4015	1993	47	1814.4	-0.2	6	0.7072	5.6	5
4015	1993	48	3456	3.4	6.4	0.7794	9.8	0.1
4015	1993	49	2246.4	2.9	6.1	0.7832	6	3.7
4015	1993	50	5356.8	3.2	5.9	0.5747	12.9	1.9
4015	1993	51	5443.2	2.4	5.6	0.6505	10.3	4.4
4015	1993	52	7257.6	-0.4	5.1	0.4703	14.7	0.1
4015	1993	53	8812.8	-2	2.4	0.3224	5.7	0
4015	1993	54	8121.6	-2	1.1	0.3903	5.8	0
4015	1993	55	8121.6	-3	-0.4	0.3615	3.1	0
4015	1993	56	8899.2	-4	3.3	0.3991	3.2	0
4015	1993	57	2246.4	-0.2	2.1	0.5759	4.7	0.8
4015	1993	58	6566.4	-0.4	3.3	0.4885	7	2.9
4015	1993	59	2332.8	-1	1.3	0.5559	6.4	3.7
4015	1993	60	9763.2	-1.6	3.7	0.5274	12.4	0
4015	1993	61	10713.6	-1	2.4	0.4757	14.7	0
4015	1993	62	9936	-3.2	2.4	0.4392	9.5	0
4015	1993	63	3888	-0.6	2.6	0.5386	6.1	0
4015	1993	64	2851.2	-0.3	4.6	0.6634	6	1.5
4015	1993	65	2937.6	3.9	5.2	0.8029	9.7	0.2
4015	1993	66	7689.6	1.5	5.2	0.7068	4.3	0
4015	1993	67	12268.8	-0.8	5.7	0.5174	6.4	0
4015	1993	68	12614.4	-1.2	7.4	0.4502	5.1	0
4015	1993	69	7344	-0.6	6.5	0.5965	5.1	0
4015	1993	70	3196.8	-1.6	2.5	0.5681	3.2	0
4015	1993	71	3283.2	-0.2	10.2	0.7238	2.2	0
4015	1993	72	7257.6	1.6	14.8	0.8151	2.5	0
4015	1993	73	12182.4	3.3	14	0.8515	2.7	0
4015	1993	74	12787.2	6.6	15.1	1.0778	3.6	0
4015	1993	75	3456	6.3	11.6	0.9605	7.9	0.6
4015	1993	76	4924.8	6.2	9.3	0.8959	9.9	1.3
4015	1993	77	3628.8	5.4	9.4	0.8954	9.3	0.6
4015	1993	78	13996.8	4.5	7.2	0.7401	9.7	0
4015	1993	79	10022.4	4.5	8.9	0.7553	6.8	0
4015	1993	80	8294.4	2.5	13.5	0.7505	5.3	1
4015	1993	81	3801.6	6.3	12.4	1.0219	5	5.5
4015	1993	82	15033.6	2.9	9.6	0.6847	8.7	1.1
4015	1993	83	14169.6	1.9	7	0.6798	7.3	1.2
4015	1993	84	14774.4	1.9	6.5	0.635	12.1	0
4015	1993	85	16329.6	2.5	6.9	0.5039	6.3	0
4015	1993	86	14342.4	1.8	5.3	0.5278	5.2	0
4015	1993	87	15984	0.6	5.4	0.5153	6	0
4015	1993	88	14774.4	-0.8	5	0.462	4.3	0
4015	1993	89	17020.8	0.5	4.6	0.4624	3.4	0
4015	1993	90	6307.2	2.3	10.6	0.5978	5.5	0.2
4015	1993	91	12873.6	5.6	14.6	0.7782	7.2	0
4015	1993	92	5875.2	5.2	11.5	0.8015	4.7	0
4015	1993	93	11836.8	3.2	8.4	0.7836	6.3	0
4015	1993	94	8812.8	5.8	10.6	0.902	4.7	0.6
4015	1993	95	15033.6	1.8	12.7	0.7233	6.8	2.7
4015	1993	96	6134.4	6.5	8.4	0.9294	5.3	6.5
4015	1993	97	9676.8	5.7	7.2	0.8003	7.7	0
4015	1993	98	6048	5.1	7	0.7129	5.2	0
4015	1993	99	13219.2	3.6	8.4	0.6824	8.6	0
4015	1993	100	5702.4	-0.3	8.2	0.5348	11.1	0
4015	1993	101	19440	0.2	8.5	0.5667	12.2	0
4015	1993	102	17884.8	2.1	8.4	0.6123	10.3	0
4015	1993	103	17452.8	2.6	10.5	0.6796	8.9	0
4015	1993	104	5097.6	3.6	9.7	0.743	7.1	0.4
4015	1993	105	18576	4.2	12.5	0.8234	4.9	0
4015	1993	106	17625.6	3.7	13.1	0.8152	2.7	0
4015	1993	107	6393.6	6.3	11.7	0.9752	5.7	3.8
4015	1993	108	5270.4	5.8	9.5	0.9213	6.1	7.3
4015	1993	109	19958.4	5.2	8.6	0.726	7.1	0
4015	1993	110	12355.2	5.6	15.4	1.0022	5.1	0
4015	1993	111	18662.4	8.4	20.4	1.1798	5.6	0
4015	1993	112	18403.2	6.9	19.6	1.1558	4.1	4.4
4015	1993	113	20390.4	9.1	18.6	1.1385	4.8	0
4015	1993	114	18576	10.4	20.1	1.298	5.8	0
4015	1993	115	19267.2	11.3	21.5	1.3224	5.6	0
4015	1993	116	19180.8	11.7	23.4	1.4223	5	0
4015	1993	117	23328	10.1	14.8	1.2267	4.9	0
4015	1993	118	23241.6	12.2	22.1	1.2306	6	0
4015	1993	119	23068.8	12.6	20.1	1.3182	6.6	0
4015	1993	120	23241.6	11	21.2	1.3157	7.3	0
4015	1993	121	23673.6	12.2	24.5	1.3692	5.9	0
4015	1993	122	18835.2	9.2	18.6	1.2691	4.4	0
4015	1993	123	17712	7.6	10.6	0.797	9.2	0
4015	1993	124	25228.8	6.6	10.5	0.7123	5.6	0
4015	1993	125	22896	5.8	10.5	0.7149	4	0.4
4015	1993	126	24537.6	6.1	14.5	0.7386	5.3	0
4015	1993	127	13046.4	9.6	15.5	1.1186	7.1	0
4015	1993	128	20217.6	8.3	16.1	1.0506	8	0.1
4015	1993	129	20649.6	10.2	20.7	1.2972	6.8	3.8
4015	1993	130	24537.6	12.3	21.2	1.3331	7.8	0
4015	1993	131	24796.8	10.1	20.8	1.3323	7.2	0
4015	1993	132	24019.2	10.8	22.7	1.3141	5.4	0
4015	1993	133	24278.4	12.3	20.6	1.5696	5.5	0.4
4015	1993	134	11318.4	10.4	14.1	1.2107	3.5	0
4015	1993	135	18057.6	9.8	18.2	1.1975	4.6	0.8
4015	1993	136	25574.4	7.1	17	0.8013	4.4	0
4015	1993	137	27302.4	9.3	22.4	0.8812	7	0
4015	1993	138	26438.4	13.7	23.8	1.2311	8.1	0
4015	1993	139	20822.4	13	24.2	1.455	5.3	0.3
4015	1993	140	24105.6	14.3	24.1	1.6881	5	2.2
4015	1993	141	13132.8	13	18.5	1.5011	5.7	2.8
4015	1993	142	6652.8	10.7	13	1.2348	6.1	1.2
4015	1993	143	10800	11.4	14.3	1.2297	4.7	0
4015	1993	144	14256	12.9	17.3	1.5427	3.8	0
4015	1993	145	23155.2	12.7	15.8	1.3306	5	0
4015	1993	146	17625.6	12.5	18.7	1.239	7.3	0
4015	1993	147	6825.6	10.3	12.7	1.1795	9.5	11.3
4015	1993	148	6825.6	9.5	13.6	1.265	7.6	1.6
4015	1993	149	19094.4	9.1	14.4	1.1991	5.4	0.1
4015	1993	150	14342.4	7.8	22	1.2861	4.4	4.2
4015	1993	151	20995.2	11.6	16.4	1.0698	7.3	1.2
4015	1993	152	18403.2	12.2	16.7	1.2822	6.4	0
4015	1993	153	21513.6	10.5	20.7	1.3275	4.4	1
4015	1993	154	16243.2	12.8	17.7	1.3499	6	0
4015	1993	155	28598.4	12.2	20	1.2061	4	0
4015	1993	156	17193.6	12.7	20.8	1.1808	3.7	0
4015	1993	157	23846.4	12.6	17.8	1.2939	3.5	0
4015	1993	158	19612.8	12.5	19.1	1.3625	3.5	0
4015	1993	159	18748.8	13.4	16.6	1.3455	3.5	0
4015	1993	160	28166.4	12.8	24.4	1.4764	5.4	0
4015	1993	161	27043.2	15.5	24.6	1.639	6.4	0
4015	1993	162	18921.6	17.2	25.3	2.0418	3.5	3.5
4015	1993	163	6652.8	12.9	17.4	1.4617	3.4	12.1
4015	1993	164	18403.2	12.9	16.1	1.3028	6.3	0
4015	1993	165	18403.2	12.2	15.5	0.9804	6.1	0
4015	1993	166	20995.2	11.4	14.8	0.9337	8.5	0
4015	1993	167	6739.2	11.1	16.4	1.3196	5.5	7.7
4015	1993	168	20390.4	11.9	16.6	1.2171	7.2	3.4
4015	1993	169	7430.4	12.8	16.3	1.4559	4.5	5
4015	1993	170	9936	14.1	18.2	1.4299	6	0.4
4015	1993	171	26265.6	12.5	16.3	1.2125	7.4	0.2
4015	1993	172	18057.6	12	16.3	1.1447	5.3	0.8
4015	1993	173	19353.6	12.7	15.2	1.0822	4.4	0
4015	1993	174	12268.8	10.7	15.9	1.2206	4.9	2.8
4015	1993	175	15724.8	10.2	14.7	1.0535	10	1.7
4015	1993	176	19526.4	10	13.8	0.9465	9.8	1.7
4015	1993	177	10108.8	10.9	15.2	1.1558	5.8	3.1
4015	1993	178	14515.2	11.5	15.5	1.1438	9.1	1.4
4015	1993	179	27129.6	11.5	17.2	1.3719	9.1	0
4015	1993	180	22982.4	11.4	15.3	1.3164	4.6	0
4015	1993	181	24624	12	17	1.3358	5	0
4015	1993	182	29030.4	13	20.7	1.3608	4.4	0
4015	1993	183	28512	13	17.8	1.3455	5.8	0
4015	1993	184	11923.2	13.8	20	1.5766	6.4	0
4015	1993	185	15465.6	16.4	20.3	1.6641	5.5	0
4015	1993	186	8467.2	12.9	16.6	1.1396	8	0.5
4015	1993	187	13824	11.5	16.1	1.1033	9.5	1
4015	1993	188	13478.4	12.3	15.7	1.0857	12.2	0
4015	1993	189	14428.8	12.3	18.6	1.42	6	0
4015	1993	190	19180.8	14.6	21.6	1.3686	6.1	8.6
4015	1993	191	17452.8	11.5	19.4	1.3148	4	1.5
4015	1993	192	23068.8	8.4	17.8	1.0843	4.4	1.1
4015	1993	193	22723.2	12.4	16.2	1.107	7.2	2.8
4015	1993	194	25401.6	10.8	17.1	1.0504	7.2	0
4015	1993	195	10281.6	10.8	16.6	1.2214	4.5	5.5
4015	1993	196	17625.6	12.8	18.5	1.3672	4.2	0.1
4015	1993	197	10627.2	13.5	18.8	1.5766	3.5	3.3
4015	1993	198	19180.8	15.8	21.2	1.7861	5.7	0
4015	1993	199	20822.4	14.7	18.2	1.4014	4.9	1
4015	1993	200	6307.2	11.4	19	1.4319	3.4	7.3
4015	1993	201	10713.6	14.1	17.2	1.456	2.9	27.2
4015	1993	202	15033.6	12.5	16.3	1.2781	8.6	0.9
4015	1993	203	18316.8	13.3	17.8	1.3056	6.6	0
4015	1993	204	9331.2	13.6	17.5	1.5702	5.7	13.5
4015	1993	205	20044.8	16.2	20.1	1.7474	6	26.3
4015	1993	206	18230.4	12.9	17.5	1.3111	5.3	17.3
4015	1993	207	16934.4	12	16.7	1.2576	7.5	44.1
4015	1993	208	14083.2	11.4	17.4	1.4747	5.4	5.3
4015	1993	209	14774.4	13.8	18.6	1.5448	7	1
4015	1993	210	14428.8	13.6	20.6	1.7524	3.9	4.8
4015	1993	211	5961.6	16.2	19.8	1.8959	4.1	9
4015	1993	212	8467.2	13.8	18.4	1.4071	5.3	1.1
4015	1993	213	23587.2	12.7	18.4	1.2879	4.6	0
4015	1993	214	23155.2	13	24	1.5522	4.2	2.5
4015	1993	215	10108.8	14.7	19.1	1.615	3.7	6.2
4015	1993	216	9849.6	12.4	20.1	1.3468	3.4	0.1
4015	1993	217	11750.4	13.2	21.4	1.5184	4.5	8.4
4015	1993	218	12787.2	13	17.4	1.4146	9.8	4
4015	1993	219	13392	14.3	18.6	1.4201	5	0
4015	1993	220	17280	13.2	21.1	1.6212	2.6	27
4015	1993	221	15033.6	13.4	17.9	1.5093	5.7	8.7
4015	1993	222	16934.4	12.4	16.4	1.3272	7.1	11
4015	1993	223	15984	11.5	17.9	1.2863	7.1	5.9
4015	1993	224	7689.6	14.6	17.9	1.4944	7.2	5.6
4015	1993	225	21600	12.6	17.4	1.2433	5.5	0
4015	1993	226	21859.2	11	22.5	1.3141	6	0.1
4015	1993	227	12528	15.9	20.8	1.8116	2.6	1.5
4015	1993	228	6307.2	15.4	20.3	1.5923	5.4	0.9
4015	1993	229	22809.6	13.8	17.1	1.2096	7.2	0
4015	1993	230	20131.2	13	16.9	1.2223	4.2	0
4015	1993	231	22032	12.7	18.4	1.3056	3.1	0
4015	1993	232	5097.6	13.6	18.3	1.4842	4.5	1.3
4015	1993	233	14774.4	14	18	1.3255	5.2	0.1
4015	1993	234	5011.2	10.6	14.4	1.1584	4.3	16.6
4015	1993	235	17539.2	11.4	16.2	1.1348	5.2	2.1
4015	1993	236	18748.8	12.7	16.8	1.1732	7.1	5.8
4015	1993	237	12441.6	11.2	15.9	1.2406	4.8	0.4
4015	1993	238	18662.4	7.7	16.6	1.0754	3.6	2.6
4015	1993	239	15724.8	11.6	16.2	1.1898	3.3	0.3
4015	1993	240	20908.8	10.7	16.9	1.1506	5.6	0
4015	1993	241	8208	11.5	16.8	1.2414	4.7	2.1
4015	1993	242	11404.8	12.4	15.7	1.2655	10.2	1.4
4015	1993	243	10195.2	13.2	15.3	1.3306	8.6	0
4015	1993	244	18921.6	12.6	16.2	1.2289	3.3	0.7
4015	1993	245	4320	13.4	16	1.4868	6.6	8.9
4015	1993	246	10972.8	13	15.5	1.2333	7.8	1.2
4015	1993	247	11836.8	11.6	14.8	1.1065	7.7	2.9
4015	1993	248	18403.2	10.6	15.4	1.0323	6.8	0
4015	1993	249	7430.4	12.1	14.7	1.1057	5.7	0
4015	1993	250	12614.4	10.6	15.6	1.2198	3.8	0
4015	1993	251	8726.4	11.2	17.1	1.3543	7.6	21.7
4015	1993	252	8035.2	13.2	16.7	1.5109	2.6	0.7
4015	1993	253	6652.8	12.4	18.3	1.5677	3.2	9.8
4015	1993	254	11059.2	12.3	17.3	1.3955	4	0.1
4015	1993	255	13824	10.4	17	1.3623	4.9	0
4015	1993	256	6048	10.3	14.4	1.104	14.1	12
4015	1993	257	7689.6	10.2	15.7	1.3123	7.1	9.8
4015	1993	258	3715.2	11.9	14.5	1.3945	4.1	2.7
4015	1993	259	5097.6	9.7	12	1.0388	7.7	0
4015	1993	260	13219.2	8.2	12.2	0.9202	6.4	0
4015	1993	261	14169.6	7.8	12.7	0.9233	2.5	0
4015	1993	262	14688	7	15.3	0.9537	5.4	0
4015	1993	263	13219.2	7.8	19.9	1.2017	6.1	0
4015	1993	264	5961.6	12.6	19.6	1.535	5.2	0
4015	1993	265	4492.8	12	15.6	1.4185	6.4	33.4
4015	1993	266	5702.4	12.2	14.4	1.3121	6.6	0.2
4015	1993	267	3283.2	10.3	12.9	1.16	6.2	9.4
4015	1993	268	3196.8	11.5	12.8	1.3443	8	24.9
4015	1993	269	3110.4	11.1	13	1.2511	4.7	1
4015	1993	270	3110.4	10.2	12.4	1.2175	2.9	0
4015	1993	271	12096	9.9	16.5	1.1217	4.1	0
4015	1993	272	7430.4	8.5	14.8	1.1638	6.5	0
4015	1993	273	8726.4	7.2	11.9	0.8691	10.7	0
4015	1993	274	8467.2	6.5	12.7	0.8959	11.3	0
4015	1993	275	5097.6	8.8	12.9	1.1037	7.1	0
4015	1993	276	2764.8	11.2	12.9	1.3074	5	18.1
4015	1993	277	5702.4	11.3	14.6	1.3123	6.6	0
4015	1993	278	7257.6	10.3	18	1.4349	4.1	3.6
4015	1993	279	2678.4	11.4	15.3	1.4235	3.8	1.6
4015	1993	280	8467.2	9.7	15.8	1.1922	4.2	0
4015	1993	281	2592	9.4	14	1.2089	6.2	13.5
4015	1993	282	5356.8	9.6	15	1.2433	4.9	0
4015	1993	283	9158.4	8.5	15.2	1.1377	5.1	0
4015	1993	284	2851.2	8.4	13.7	1.2238	3.5	11.3
4015	1993	285	4060.8	10.2	18.1	1.3059	7.9	10.6
4015	1993	286	4320	9.6	16	1.2256	4.7	3
4015	1993	287	2332.8	6.6	14.5	1.1074	10.7	20.5
4015	1993	288	7862.4	5.5	9.3	0.8028	4.3	10
4015	1993	289	6825.6	4.6	8.8	0.8142	5	7.3
4015	1993	290	9158.4	4.8	9.7	0.6621	5.4	0.1
4015	1993	291	9504	1.6	8.7	0.6345	3.8	0
4015	1993	292	9331.2	1.2	8.4	0.5934	5.1	0
4015	1993	293	6307.2	-0.6	6.9	0.6356	3.4	2
4015	1993	294	5270.4	4.3	9.4	0.9217	4.8	0.5
4015	1993	295	3456	5.9	7.9	0.7757	9.7	0
4015	1993	296	6393.6	5	7.8	0.7976	11	0
4015	1993	297	5702.4	3.4	8.6	0.7759	7.2	0
4015	1993	298	6739.2	6.1	9.7	0.9477	5.8	0
4015	1993	299	3715.2	7	11.2	0.9587	5.5	0
4015	1993	300	2332.8	6.1	10.1	0.9175	3	0
4015	1993	301	1728	7.4	8.9	0.8557	3.2	0
4015	1993	302	1728	5	7.8	0.8744	8.2	0
4015	1993	303	4579.2	2.8	7.3	0.7439	4.6	0
4015	1993	304	6912	3.1	8.2	0.8029	4.5	0
4015	1993	305	1641.6	1.1	5.4	0.7481	5.1	0
4015	1993	306	3628.8	1.8	6.7	0.72	7.1	0
4015	1993	307	1555.2	3	4.9	0.7293	6.8	0
4015	1993	308	1555.2	2.8	5.5	0.756	6.5	0
4015	1993	309	1468.8	2.4	4.9	0.7775	7.8	0
4015	1993	310	2160	4.1	8.6	0.8331	9.7	0
4015	1993	311	1468.8	4.7	8.2	0.8485	9	0
4015	1993	312	1382.4	5.4	6.4	0.8541	7.7	0.1
4015	1993	313	1382.4	5.4	7.3	0.8906	3.2	0.2
4015	1993	314	1900.8	5.7	8.7	0.8731	6.1	5.1
4015	1993	315	1555.2	5.6	9.5	0.8838	7.2	0.5
4015	1993	316	4838.4	4.6	8.5	0.8156	4.9	0
4015	1993	317	1296	4.5	8.5	0.8611	6.1	2.4
4015	1993	318	1209.6	4.4	8	0.8814	7.8	13.4
4015	1993	319	2764.8	3.8	6.4	0.6674	11.1	0
4015	1993	320	2937.6	1.8	4	0.5116	3	0
4015	1993	321	4492.8	-1	4.3	0.5437	2.9	0
4015	1993	322	4924.8	-0.9	2.9	0.5583	5.5	0
4015	1993	323	4147.2	-3.9	2.2	0.4709	4.3	0.7
4015	1993	324	2073.6	-1.8	3	0.4722	11.4	0.1
4015	1993	325	1123.2	-5.4	-0.1	0.3993	11.6	0.5
4015	1993	326	1900.8	-5.4	-2.1	0.403	5.6	0.7
4015	1993	327	3024	-4.9	-1.7	0.3785	5.4	0
4015	1993	328	4233.6	-5	0	0.4221	5.3	0
4015	1993	329	2419.2	-6	-0.4	0.42	4.8	0
4015	1993	330	1036.8	-5.1	-1.2	0.4651	4.3	0
4015	1993	331	950.4	-4.4	0.2	0.4819	6.5	0
4015	1993	332	2073.6	-0.3	1.7	0.5656	4.7	0
4015	1993	333	1382.4	-0.8	1.1	0.5127	6.6	0
4015	1993	334	2764.8	-5.3	-0.8	0.4052	7.5	0
4015	1993	335	864	-5.8	-3.6	0.3838	5.6	1.2
4015	1993	336	864	-3.6	8	0.6872	7.6	2.4
4015	1993	337	864	6.1	8.2	0.9409	8.4	1.2
4015	1993	338	864	5.4	9	0.9137	9.1	1.9
4015	1993	339	1209.6	3.7	6.7	0.8047	8.2	0
4015	1993	340	864	5.9	7.5	0.8731	6.5	0
4015	1993	341	864	4.2	6.8	0.7675	8.4	3.4
4015	1993	342	1382.4	2.3	4.3	0.7043	7.5	19.7
4015	1993	343	864	2.8	9	0.8169	12	7.6
4015	1993	344	950.4	4.2	7	0.8001	7.1	8.3
4015	1993	345	1555.2	2.9	5.8	0.7334	9.2	4.4
4015	1993	346	2419.2	2.7	5.8	0.7117	5.3	4.2
4015	1993	347	777.6	0.4	2.8	0.6584	9.9	26.1
4015	1993	348	3283.2	-2.6	1.3	0.4487	6.8	0
4015	1993	349	777.6	-2.6	1.7	0.5322	7.1	4.6
4015	1993	350	777.6	0.6	5.6	0.6487	8.5	12.4
4015	1993	351	1900.8	2.8	5.8	0.6976	8.9	1.1
4015	1993	352	777.6	2.3	9.9	0.8565	6.8	2.6
4015	1993	353	777.6	7.2	11.6	1.0372	12.1	6.1
4015	1993	354	777.6	2.6	7.3	0.7126	6.1	0.6
4015	1993	355	777.6	1.2	3.1	0.6491	3	3.5
4015	1993	356	950.4	0.8	3.5	0.6634	6.7	6.8
4015	1993	357	1555.2	2.2	4.2	0.6379	6.8	1.1
4015	1993	358	777.6	0.8	3.2	0.6492	7.5	0
4015	1993	359	777.6	0.3	2.7	0.6196	10.6	3.6
4015	1993	360	777.6	0.8	2.4	0.6378	10.9	1.1
4015	1993	361	777.6	1.4	2	0.6424	7.2	0.3
4015	1993	362	950.4	0.4	1.5	0.6087	3.8	0
4015	1993	363	777.6	-0.2	4.9	0.6729	6.4	7.1
4015	1993	364	777.6	4.6	6.3	0.8188	5.9	5.9
4015	1993	365	777.6	3.1	5.1	0.7697	5.6	4
