*---------------------------------------------------------------------------*
* Station name: CUXHAVEN                                
* Year: 2003
* Author: Pedro Alencar                                   -999.000: NIL VALUE
* Source: ECAD 
* Comments: 
* Longitude: 53.8731, latitude: 53.8731, altitude: 5 m.
*
* Column  Daily value
* 1       station number
* 2       year
* 3       day
* 4       irradiation                   (kJ m-2 d-1)
* 5       minimum temperature           (degrees Celsius)
* 6       maximum temperature           (degrees Celsius)
* 7       early morning vapour pressure (kPa)
* 8       mean wind speed (height: 2 m) (m s-1)
* 9       precipitation                 (mm d-1)
*
** WCCDESCRIPTION=GERMANY, CUXHAVEN                                
** WCCFORMAT=2
** WCCYEARNR=2003
*---------------------------------------------------------------------------*
   53.8731  8.7067    5.  -0.18 -0.55
4015	2003	1	864	-8	0.7	0.4247	5.2	9.8
4015	2003	2	864	-0.2	1.1	0.625	5.1	4.6
4015	2003	3	864	-2.4	0.8	0.5476	4.8	0.6
4015	2003	4	2419.2	-7.6	-2	0.3724	7	0.2
4015	2003	5	864	-8.5	0.5	0.4137	5.7	3.8
4015	2003	6	1382.4	-4.8	-1.9	0.4248	8.2	0
4015	2003	7	864	-6.7	-3.3	0.3794	3.3	0
4015	2003	8	864	-6.2	-3.7	0.3766	2.6	0
4015	2003	9	4060.8	-12.3	-4	0.2846	2.3	0
4015	2003	10	3974.4	-11.8	-2.5	0.2897	2.4	0
4015	2003	11	2592	-4	0.1	0.482	3.7	0.5
4015	2003	12	3196.8	-0.5	3	0.6153	6.3	5.1
4015	2003	13	950.4	1.7	5.7	0.7882	7.3	8.7
4015	2003	14	950.4	5.6	7.4	0.8902	9.3	0.2
4015	2003	15	950.4	4.5	6.9	0.7874	8.3	0.7
4015	2003	16	3542.4	4.1	6	0.7701	7.9	0
4015	2003	17	2592	1.9	5.3	0.6641	6.1	0
4015	2003	18	1036.8	1.9	5.5	0.7006	5.7	0
4015	2003	19	1036.8	0.7	6.7	0.6767	6	2.1
4015	2003	20	1296	5.7	8.1	0.8553	6.1	5
4015	2003	21	1123.2	5.1	8.2	0.9092	4.8	0.6
4015	2003	22	2332.8	2.8	8.5	0.812	4.5	0.1
4015	2003	23	1123.2	2.3	6.7	0.7748	5.5	0
4015	2003	24	2678.4	1.9	4.8	0.7068	4.2	0.1
4015	2003	25	1209.6	2.9	5.7	0.7474	6.5	5.7
4015	2003	26	1209.6	3.8	6.6	0.8313	6.1	1.8
4015	2003	27	1209.6	5.7	8	0.9713	8	3.7
4015	2003	28	1987.2	3.4	7.2	0.7569	8.5	0.9
4015	2003	29	1900.8	0.5	4.3	0.6463	6.3	1.2
4015	2003	30	1555.2	-4.5	2.1	0.487	7.6	3.1
4015	2003	31	5097.6	-7.4	-2.5	0.3259	6	0
4015	2003	32	3628.8	-8	-1.9	0.3555	5.2	0.9
4015	2003	33	1382.4	-2.5	2.6	0.5764	6.7	6.9
4015	2003	34	1382.4	0.3	2.7	0.6537	5.5	7.9
4015	2003	35	2592	-1.3	2.8	0.6129	4.2	3.2
4015	2003	36	3283.2	-1.5	0.8	0.5778	3	0.7
4015	2003	37	6566.4	-3.6	0.6	0.4161	3.5	0.2
4015	2003	38	1555.2	-2.8	3.3	0.5849	4.5	0.5
4015	2003	39	1555.2	2.6	4.6	0.7827	3.2	0.1
4015	2003	40	4838.4	-1.6	4	0.6064	5.2	0
4015	2003	41	6912	-3.5	2.1	0.5051	4.3	0
4015	2003	42	1641.6	-3	-0.9	0.4767	4.1	0
4015	2003	43	6998.4	-3.7	0.8	0.4451	5.2	0
4015	2003	44	6739.2	-4.8	0.9	0.3708	6.2	0
4015	2003	45	7689.6	-3.1	1.7	0.4122	4.4	0
4015	2003	46	1814.4	-1.3	0.4	0.5085	5.2	0
4015	2003	47	7603.2	-3.1	1.2	0.439	5.6	0
4015	2003	48	8208	-6.5	-1	0.3845	2.7	0
4015	2003	49	1900.8	-2.2	0.1	0.4867	5.1	0
4015	2003	50	1987.2	-2.6	-0.7	0.509	6.4	0
4015	2003	51	6825.6	-3.3	2.5	0.5282	6.1	0
4015	2003	52	2073.6	-2.2	-0.1	0.5112	5.7	0
4015	2003	53	6912	-2.3	3.1	0.5598	6	0
4015	2003	54	9244.8	-3	7.4	0.5297	3.8	0
4015	2003	55	9158.4	-1.7	6.8	0.5945	2.9	0
4015	2003	56	9763.2	-0.7	7.3	0.6192	5	0
4015	2003	57	9849.6	-0.7	5.4	0.5354	6.2	0
4015	2003	58	5011.2	-3.3	2.6	0.548	4.3	0
4015	2003	59	3283.2	-0.6	3.6	0.5992	5.9	0
4015	2003	60	5702.4	1.1	10.5	0.8666	3.9	0.7
4015	2003	61	2764.8	0.4	3.1	0.6793	7.4	2.7
4015	2003	62	2764.8	0.6	2.1	0.6601	4.4	0
4015	2003	63	2851.2	1.5	5.8	0.7458	3.3	0
4015	2003	64	2851.2	1.9	6.7	0.7723	4.8	0.1
4015	2003	65	2937.6	2.3	5.2	0.6951	5.7	4.3
4015	2003	66	8985.6	2.1	10	0.8254	4.3	1.9
4015	2003	67	4665.6	4.2	7.5	0.8141	6.7	16.2
4015	2003	68	3110.4	6.6	8.9	0.9803	6.3	1.1
4015	2003	69	8553.6	6.4	11.6	0.9063	6.6	0
4015	2003	70	3196.8	7.2	11.1	0.9851	6.5	1.8
4015	2003	71	4924.8	2.4	7.5	0.8169	5.9	0
4015	2003	72	14428.8	2	6.4	0.6845	4	0
4015	2003	73	14601.6	1.7	9.1	0.6725	4.2	0
4015	2003	74	13392	0.6	5.9	0.6633	3.3	0
4015	2003	75	14601.6	0	8.9	0.7133	2.5	0
4015	2003	76	9936	2.4	7.7	0.7526	5.2	0
4015	2003	77	15379.2	2.3	9.1	0.7874	3.7	0
4015	2003	78	3628.8	3.4	5.4	0.7025	6.9	0
4015	2003	79	3715.2	3.1	5.6	0.7334	8.2	0
4015	2003	80	16070.4	-1.1	6.5	0.4451	7.1	0
4015	2003	81	16416	-1.8	10.7	0.3776	3.8	0
4015	2003	82	16675.2	0.3	10.3	0.4363	2.7	0
4015	2003	83	15033.6	3.3	18.3	0.6471	4	0
4015	2003	84	11059.2	1.5	11.8	0.9189	3.1	0
4015	2003	85	16070.4	1.1	13.3	0.8122	3.4	0
4015	2003	86	14774.4	4.8	12	0.9805	3.3	0
4015	2003	87	15379.2	3.7	13.9	0.9621	2.6	0
4015	2003	88	12787.2	4.7	16.9	0.9577	3.4	0.2
4015	2003	89	4233.6	4.2	6.6	0.8339	6.1	0
4015	2003	90	10022.4	2.4	8.7	0.7158	5.9	0
4015	2003	91	9331.2	1.3	12.2	0.7579	5.9	7
4015	2003	92	9331.2	4	7.9	0.7825	9	0.3
4015	2003	93	17280	4.2	8.2	0.7108	10.1	0
4015	2003	94	9072	2.3	7.4	0.7336	6.5	0.1
4015	2003	95	16502.4	4.5	7.3	0.6684	11.6	0
4015	2003	96	17452.8	1.8	5.5	0.3729	7.9	0
4015	2003	97	19267.2	-0.2	5.1	0.3279	7.2	0
4015	2003	98	17712	-1.7	4.9	0.3635	3.3	0
4015	2003	99	15120	0.8	6	0.5223	6.5	0.1
4015	2003	100	8640	1.8	5	0.6392	4.8	0.8
4015	2003	101	9763.2	2.3	8.8	0.752	3.6	0
4015	2003	102	19094.4	1.5	12.6	0.6833	3.4	0
4015	2003	103	20649.6	4.1	14	0.7022	7.4	0
4015	2003	104	21168	5.1	16.2	0.7816	8	0
4015	2003	105	21513.6	5.8	18.6	0.8944	7.2	0
4015	2003	106	21859.2	7	16.7	0.9157	6	0
4015	2003	107	21081.6	7.7	17.6	0.9212	3.9	0
4015	2003	108	21600	5.1	11.8	0.7296	7.3	0
4015	2003	109	9763.2	4.4	12	0.7825	10.1	2.3
4015	2003	110	14774.4	6	16.4	0.9436	6.4	1.9
4015	2003	111	22118.4	8.7	17.3	0.9575	6.5	0
4015	2003	112	22377.6	8.4	19.8	0.9642	5	0
4015	2003	113	23414.4	7.3	15.4	0.8859	3.8	0
4015	2003	114	23068.8	8	18.6	0.9917	4.2	0
4015	2003	115	12614.4	8.8	18.6	1.0648	5.8	1
4015	2003	116	6220.8	8.8	15.9	1.19	5	28.3
4015	2003	117	11318.4	8.8	13.4	1.1354	6.1	4.6
4015	2003	118	8812.8	9.5	15.7	1.2097	5.3	3.4
4015	2003	119	17107.2	9.4	16	1.1296	5.3	0
4015	2003	120	7603.2	9	16.3	1.1991	3.8	14.2
4015	2003	121	15033.6	9.9	13.6	1.1302	6.3	8
4015	2003	122	19180.8	8.4	19.2	1.1348	4.6	7.3
4015	2003	123	10281.6	7.9	12	1.0272	8.2	2.8
4015	2003	124	24451.2	7.8	21	0.934	4.9	0
4015	2003	125	20044.8	11.9	21.3	1.3016	4.5	0.5
4015	2003	126	11923.2	8.2	14	1.1222	4.1	1.6
4015	2003	127	24883.2	7.9	16.2	1.0122	3.2	0
4015	2003	128	24019.2	8.9	18.5	1.0961	4.7	0
4015	2003	129	9244.8	9	13.5	0.9734	2.4	0
4015	2003	130	19094.4	7.6	15.6	1.0508	3.1	4.4
4015	2003	131	22204.8	6.8	19.9	1.0102	3	4.1
4015	2003	132	16243.2	10	15.5	1.1628	3.6	5.3
4015	2003	133	17366.4	6.5	13	0.9653	4.7	3.9
4015	2003	134	19094.4	5.3	11.5	0.8923	5.8	7.4
4015	2003	135	22204.8	7.1	11.5	0.8078	5.8	0
4015	2003	136	22291.2	6.2	11.8	0.7572	3.1	0
4015	2003	137	14083.2	9.8	18.6	1.019	4	1.5
4015	2003	138	15552	10.6	16.7	1.2643	4.1	15
4015	2003	139	11059.2	10.6	15.5	1.3209	3.3	12.9
4015	2003	140	17884.8	9.5	15.6	1.1622	5.9	5.5
4015	2003	141	17625.6	10.2	15.8	1.1969	4.6	0
4015	2003	142	10540.8	10.7	14.9	1.2847	3.8	16.6
4015	2003	143	8726.4	12.1	14.3	1.3945	5.2	13.5
4015	2003	144	7516.8	11.7	17	1.5353	2.4	6.6
4015	2003	145	14774.4	10.6	20	1.4932	3.8	1.4
4015	2003	146	26092.8	9.5	17.3	1.2439	3	0
4015	2003	147	25660.8	10.6	16.9	1.2725	2.9	0
4015	2003	148	26352	11.7	20.9	1.3326	3.2	0
4015	2003	149	28857.6	12.9	23	1.3764	4.2	0
4015	2003	150	25401.6	14.5	20.5	1.5776	3.8	0
4015	2003	151	28166.4	14.9	19.2	1.5916	5.1	0
4015	2003	152	28684.8	12.9	23.2	1.447	3.9	0
4015	2003	153	26524.8	14.9	26.1	1.6851	6	1.8
4015	2003	154	15984	16.4	19.4	1.884	2.7	0.1
4015	2003	155	19958.4	18.1	29.2	2.216	3.9	3.3
4015	2003	156	20476.8	13	21.2	1.5772	4.7	0.1
4015	2003	157	27129.6	12.2	20.3	1.273	3.4	0
4015	2003	158	19785.6	15.5	24.7	1.738	3.4	0
4015	2003	159	20131.2	15.1	29.6	2.1834	4.7	10.1
4015	2003	160	24710.4	12.5	18	1.2115	8.2	0
4015	2003	161	18921.6	11.3	23.5	1.4089	3.7	2
4015	2003	162	23155.2	14.1	19.4	1.4664	6	0
4015	2003	163	23846.4	12.4	22.7	1.4223	3.5	0
4015	2003	164	28771.2	12.8	19.2	1.2529	4.5	0
4015	2003	165	18835.2	12.9	17.8	1.2715	4.1	0
4015	2003	166	20995.2	14	17.8	1.281	4.2	0
4015	2003	167	22464	14.6	17.9	1.3283	4.9	0
4015	2003	168	23587.2	13.1	23.9	1.531	3.4	0.6
4015	2003	169	20995.2	15	21.6	1.4909	3.4	3.7
4015	2003	170	17539.2	14.2	19.5	1.5907	6.7	24.3
4015	2003	171	17798.4	13.4	17	1.2249	10	1
4015	2003	172	17107.2	13.6	18.4	1.2529	7.9	0
4015	2003	173	15292.8	12.8	18	1.2232	3.9	0.3
4015	2003	174	16329.6	15.3	27.5	1.8826	6.3	0.3
4015	2003	175	24019.2	14.4	18.7	1.3163	8.2	0
4015	2003	176	7430.4	14	15.7	1.2313	7.4	0
4015	2003	177	27820.8	14.3	22.9	1.6261	3.5	0
4015	2003	178	29376	15.3	25.2	1.4934	4.3	0
4015	2003	179	24969.6	15.3	24.7	1.5639	4.4	0
4015	2003	180	20217.6	14.9	19.9	1.4883	3.5	0
4015	2003	181	19267.2	13	21.6	1.4592	4.7	6.5
4015	2003	182	15206.4	13.9	20.9	1.6073	5.5	2.9
4015	2003	183	13910.4	12.7	19	1.5647	3.9	43.8
4015	2003	184	15811.2	13.8	18.9	1.5782	5.9	4.2
4015	2003	185	6652.8	14.8	16.2	1.5828	7.9	7.4
4015	2003	186	6652.8	14.8	17.3	1.5848	7.2	0
4015	2003	187	9504	14.3	17.2	1.3403	7	0.2
4015	2003	188	19526.4	13.5	18.8	1.4299	3.4	0.2
4015	2003	189	21081.6	13.4	21.6	1.4977	3.8	0.9
4015	2003	190	19180.8	15.1	18.7	1.442	6.2	0
4015	2003	191	26006.4	15.2	20.1	1.3506	4.6	0
4015	2003	192	15120	14.5	24.9	1.581	5.7	0.2
4015	2003	193	20304	15.5	19.3	1.4684	6.9	0
4015	2003	194	25228.8	15.3	19	1.4454	5.2	0
4015	2003	195	28598.4	15.7	24.6	1.7434	4.1	0
4015	2003	196	28598.4	18.2	26.7	1.9255	5.8	0
4015	2003	197	21772.8	18.4	26.5	2.1696	7.9	0
4015	2003	198	16502.4	17.1	25.8	1.8628	4.4	0.2
4015	2003	199	16848	15.7	24.5	1.8085	4.1	0
4015	2003	200	26265.6	15.6	26.6	1.7983	3.6	0
4015	2003	201	24710.4	19.3	33	1.9287	4.8	3.6
4015	2003	202	24364.8	18.3	23.4	1.8202	3.6	0
4015	2003	203	22204.8	16.3	24.1	1.6542	4.4	0
4015	2003	204	23241.6	14.9	24.5	1.6268	2.9	2.8
4015	2003	205	9936	17	23.3	1.9083	2.7	2
4015	2003	206	21686.4	15.6	24.2	1.6239	2.9	2.4
4015	2003	207	17107.2	17.1	22.4	1.7008	4	3.5
4015	2003	208	17366.4	16.5	24.6	1.9076	6.6	0.1
4015	2003	209	21945.6	16.9	21.5	1.5771	3.6	0
4015	2003	210	24451.2	16.5	25	1.5157	2.7	0
4015	2003	211	13478.4	16.9	25.9	1.5773	3.8	0.1
4015	2003	212	24710.4	18	25.5	1.8972	3.4	0
4015	2003	213	19958.4	19.2	27.4	1.9128	3.3	0
4015	2003	214	16243.2	19.5	23.5	1.8173	3.6	0
4015	2003	215	24192	18.2	23.3	1.7601	4.5	0
4015	2003	216	25747.2	17	24.3	1.7007	4.9	0
4015	2003	217	24796.8	17.2	25.2	1.734	5.3	0
4015	2003	218	24624	16.6	23.8	1.5833	3.8	0
4015	2003	219	20304	16.9	29.6	1.7648	4.1	0
4015	2003	220	24624	19.4	30.5	2.08	4.1	0
4015	2003	221	24451.2	20.5	31.8	2.1317	4.7	0
4015	2003	222	24969.6	19	29.3	1.8328	7.1	0
4015	2003	223	23846.4	19	31.3	1.6584	3.7	0
4015	2003	224	21600	21.3	27	2.2234	2.9	0
4015	2003	225	19785.6	18.6	24.1	1.8514	6	1
4015	2003	226	19440	15.5	20.8	1.3938	7.4	2
4015	2003	227	17539.2	15.8	20.8	1.2809	8.8	0.4
4015	2003	228	17712	16.5	20.7	1.2838	6.7	0
4015	2003	229	21945.6	14	21.1	1.3021	3.5	0.1
4015	2003	230	11750.4	18.6	26.4	1.7137	4.4	0
4015	2003	231	8553.6	17.1	22.1	1.7306	4.9	0
4015	2003	232	16761.6	15.7	21	1.4324	4.8	0
4015	2003	233	7171.2	15	21.2	1.4516	4.1	0
4015	2003	234	12873.6	15.2	21.8	1.6373	6.3	0.4
4015	2003	235	18748.8	15.8	21	1.4369	6.7	0
4015	2003	236	8726.4	17.3	20.5	1.5043	6.8	0
4015	2003	237	20995.2	15.8	22.4	1.8101	3.9	0
4015	2003	238	12441.6	16.5	20.3	1.4369	7	0.2
4015	2003	239	8899.2	13.7	18.3	1.1439	8.8	0.5
4015	2003	240	4752	13.2	16.6	1.3538	2.3	1.8
4015	2003	241	4665.6	13.6	15.1	1.4046	5.4	14.6
4015	2003	242	17798.4	12.4	18	1.2594	5	4.3
4015	2003	243	14947.2	11.8	17.8	1.261	5.3	2.8
4015	2003	244	15811.2	12.4	17.7	1.0593	6.6	0.1
4015	2003	245	19440	12.4	17.1	1.0559	3.9	0.6
4015	2003	246	9244.8	13.5	18.7	1.3888	4.8	0.6
4015	2003	247	14428.8	12.9	19.1	1.38	3.1	0
4015	2003	248	16934.4	10	21.8	1.3892	3.8	0
4015	2003	249	12441.6	13.4	21.5	1.4333	3.8	3.7
4015	2003	250	13737.6	14.5	20.2	1.721	3.4	3.9
4015	2003	251	4060.8	14	17.9	1.6833	3.6	6.3
4015	2003	252	11750.4	13.8	18.5	1.4849	5.3	0.2
4015	2003	253	14860.8	11.3	18.4	1.282	3	31.1
4015	2003	254	10540.8	13	17.4	1.3629	4.6	0.4
4015	2003	255	8035.2	12.3	18.6	1.4024	4.3	0
4015	2003	256	16416	13.8	17.8	1.237	5.5	0
4015	2003	257	16588.8	10.8	18	1.3108	1.9	0
4015	2003	258	12355.2	10.8	21.3	1.3297	2.9	0
4015	2003	259	14601.6	13.8	20.8	1.6564	3.8	0
4015	2003	260	14515.2	14.8	22.2	1.5735	2.6	0
4015	2003	261	15206.4	12.1	25.2	1.2878	4.3	0
4015	2003	262	8467.2	15.1	20.3	1.5571	3.9	0
4015	2003	263	14256	14.3	26.2	1.8727	2.8	0
4015	2003	264	13564.8	14	19	1.3496	5.2	0
4015	2003	265	13219.2	13.2	27.4	1.4505	6.2	6.8
4015	2003	266	8294.4	10.2	14.8	0.9556	6.9	3.9
4015	2003	267	11836.8	9.5	15.3	0.935	4.5	1.3
4015	2003	268	13910.4	9.2	17.8	0.9583	3.7	0
4015	2003	269	11923.2	8.4	18.8	1.0268	4.7	2.1
4015	2003	270	10454.4	10.2	15.4	0.9746	5.5	0
4015	2003	271	9331.2	8.2	15.9	0.9981	3.8	11.5
4015	2003	272	7344	8.3	12.1	1.0197	6.7	2.1
4015	2003	273	12268.8	7.6	16.7	0.9905	3.3	0
4015	2003	274	11923.2	8.2	16.5	1.104	4.6	0
4015	2003	275	9504	9.8	16.3	1.3059	2.9	0
4015	2003	276	7344	7.5	16.4	1.2709	2.6	8.5
4015	2003	277	6652.8	9.2	13.7	1.0675	4.1	5.8
4015	2003	278	9676.8	7.6	12.8	0.9575	3.5	2.5
4015	2003	279	4838.4	6.5	10.4	0.9727	6.5	19.8
4015	2003	280	2592	6.9	11.9	0.9782	7.6	14.4
4015	2003	281	2592	7.9	13.1	1.0657	6.6	8.7
4015	2003	282	6393.6	9.1	13.4	1.0268	9.6	1.5
4015	2003	283	6739.2	12.2	15	1.3068	7.6	2.5
4015	2003	284	8294.4	10.3	14.6	1.0102	8	0.6
4015	2003	285	7257.6	9.2	13.3	0.9601	5.3	0
4015	2003	286	7948.8	6.9	11.8	1.0102	2.9	0
4015	2003	287	10368	6.3	12	0.8344	5	0
4015	2003	288	10108.8	4.9	12	0.8622	3.1	0
4015	2003	289	9763.2	6.3	11.3	0.8829	3.4	0
4015	2003	290	8812.8	3.2	10.2	0.7455	3.7	0
4015	2003	291	9504	3.8	9.1	0.7232	3	0
4015	2003	292	2505.6	5	9.7	0.8103	3	1.2
4015	2003	293	2073.6	5.3	8.5	0.8454	8.1	0.1
4015	2003	294	6739.2	4.3	6.9	0.7456	5.4	1.1
4015	2003	295	8035.2	3.9	8.4	0.7462	7.4	0
4015	2003	296	8812.8	0.5	4.4	0.5028	5.2	0.1
4015	2003	297	2246.4	-1.2	1.3	0.5396	3.9	0.8
4015	2003	298	3110.4	0.3	7.6	0.7617	5.5	18.4
4015	2003	299	6220.8	3.1	6.4	0.5999	5	1
4015	2003	300	7171.2	-0.3	6.3	0.485	3.5	0
4015	2003	301	7776	1.9	7.5	0.6405	4.8	0
4015	2003	302	5875.2	-0.2	7.3	0.6617	3.8	0
4015	2003	303	1641.6	0.9	7.6	0.7613	3.2	0
4015	2003	304	2332.8	3.8	7.6	0.824	5.4	5
4015	2003	305	1641.6	6.2	10.5	1.0211	4.9	0.5
4015	2003	306	5356.8	7.9	11.4	1.0068	6.2	0.9
4015	2003	307	3456	9.7	12.5	1.1354	7.1	9.9
4015	2003	308	4320	6.1	12	0.99	6	0.7
4015	2003	309	4665.6	5.9	11.8	1.0335	3.3	0
4015	2003	310	6480	3.8	11.5	0.848	6.2	0
4015	2003	311	5961.6	3.3	8.9	0.8189	8.6	0
4015	2003	312	1814.4	4.9	7.2	0.7879	11.6	0
4015	2003	313	1814.4	4.6	6.7	0.812	8	0
4015	2003	314	1382.4	1.9	5.1	0.7458	8.5	0
4015	2003	315	3369.6	2	5.8	0.6702	6.9	0
4015	2003	316	5702.4	0.3	6.1	0.6148	5.9	0
4015	2003	317	1296	-1	5.4	0.6729	3.4	0.2
4015	2003	318	2160	4.4	8.3	0.8906	4.7	0.5
4015	2003	319	1209.6	6.1	9.3	0.9349	6	0.8
4015	2003	320	1209.6	5.5	7.6	0.9418	3.7	2.3
4015	2003	321	2332.8	6.3	9.6	0.951	5.4	2.3
4015	2003	322	1123.2	8.3	12.5	1.1972	7.3	1.4
4015	2003	323	1123.2	9.6	12	1.1648	8	0
4015	2003	324	1123.2	8.2	11.9	1.1449	3.8	1
4015	2003	325	1123.2	8.5	10.3	1.0489	4.6	1.9
4015	2003	326	1036.8	8.7	13.5	1.2146	3.7	1.4
4015	2003	327	1036.8	7.3	13.1	1.1191	4	16.6
4015	2003	328	1036.8	5.2	7.4	0.9162	7.3	10.5
4015	2003	329	1728	3.3	8.2	0.8728	3.5	0
4015	2003	330	3024	3.4	11.1	0.927	4.3	0.2
4015	2003	331	950.4	6.7	8.8	0.9697	2.3	0
4015	2003	332	3456	4.2	9.4	0.8692	2.6	0
4015	2003	333	3801.6	-0.9	5.2	0.6848	3.6	0
4015	2003	334	950.4	4.2	7	0.8547	4.3	1
4015	2003	335	1382.4	5.5	7.5	0.8708	7.8	0
4015	2003	336	864	3.9	7.6	0.8544	8.6	0
4015	2003	337	864	5.9	7.1	0.8902	5.6	0
4015	2003	338	864	4.8	6.4	0.8456	4	0
4015	2003	339	864	4.6	9.9	0.9677	5.6	0.5
4015	2003	340	3628.8	1.8	9.7	0.6339	11	0
4015	2003	341	3715.2	-1	2.9	0.4712	3.9	0
4015	2003	342	1382.4	-0.2	3.5	0.4611	4.4	0
4015	2003	343	3715.2	-3.7	3.2	0.45	3.2	0
4015	2003	344	3542.4	-1.8	2.6	0.5095	4.1	0
4015	2003	345	777.6	-1.2	3.2	0.5977	6.4	7.6
4015	2003	346	2505.6	1.9	5.9	0.7025	4.9	7.5
4015	2003	347	777.6	2.5	10.4	0.945	7.4	25
4015	2003	348	1900.8	1.2	8.4	0.7138	10.4	6.5
4015	2003	349	1468.8	1	5.5	0.5939	13.4	1.3
4015	2003	350	777.6	4.1	6.6	0.7238	5.9	3.6
4015	2003	351	777.6	3.4	6.5	0.7735	6.1	0
4015	2003	352	3542.4	1.6	6	0.6414	4.5	0
4015	2003	353	1382.4	1.2	4.8	0.6895	4.7	1.1
4015	2003	354	777.6	4.7	9.3	0.9613	5.4	5.1
4015	2003	355	777.6	3.1	8.6	0.7586	11.7	4.1
4015	2003	356	3110.4	-2	4.2	0.4631	9	0.1
4015	2003	357	777.6	-1.6	1.8	0.5662	4.8	0
4015	2003	358	777.6	1.5	5.4	0.751	7	1.6
4015	2003	359	777.6	5.3	8.4	0.9217	6.6	0
4015	2003	360	777.6	5.1	8.5	0.8692	6.3	0
4015	2003	361	2332.8	4.8	8.9	0.783	8.1	2.3
4015	2003	362	777.6	3.9	8.2	0.8442	5.7	12
4015	2003	363	2246.4	1.7	5.8	0.7111	6	1.5
4015	2003	364	777.6	0.3	2.6	0.6649	2.5	0
4015	2003	365	2851.2	-1.9	2.8	0.5745	3.5	0
