*---------------------------------------------------------------------------*
* Station name: CUXHAVEN                                
* Year: 1996
* Author: Pedro Alencar                                   -999.000: NIL VALUE
* Source: ECAD 
* Comments: 
* Longitude: 53.8731, latitude: 53.8731, altitude: 5 m.
*
* Column  Daily value
* 1       station number
* 2       year
* 3       day
* 4       irradiation                   (kJ m-2 d-1)
* 5       minimum temperature           (degrees Celsius)
* 6       maximum temperature           (degrees Celsius)
* 7       early morning vapour pressure (kPa)
* 8       mean wind speed (height: 2 m) (m s-1)
* 9       precipitation                 (mm d-1)
*
** WCCDESCRIPTION=GERMANY, CUXHAVEN                                
** WCCFORMAT=2
** WCCYEARNR=1996
*---------------------------------------------------------------------------*
   53.8731  8.7067    5.  -0.18 -0.55
4015	1996	1	864	-9.4	-6.6	0.2946	12	0
4015	1996	2	864	-6.7	-2.4	0.3708	7.1	0
4015	1996	3	2505.6	-4	-1.4	0.461	2.7	0
4015	1996	4	864	-5.4	-3.4	0.4235	5.1	0
4015	1996	5	2592	-8.4	-4	0.3347	8.7	0
4015	1996	6	1296	-4.3	-2.9	0.3842	12.1	0
4015	1996	7	864	-3.6	2.2	0.4935	7.7	0.6
4015	1996	8	3196.8	2	5.8	0.759	4.8	0
4015	1996	9	864	0.6	3.7	0.642	6.3	0.1
4015	1996	10	950.4	0.5	3	0.6793	4.9	0.3
4015	1996	11	1209.6	-0.1	3.5	0.6631	4.7	0
4015	1996	12	2592	0.9	7.2	0.7262	3.9	0
4015	1996	13	3888	2.3	9.7	0.8132	3.9	0
4015	1996	14	3974.4	-0.2	4.8	0.6921	6.1	0
4015	1996	15	950.4	-0.1	0.7	0.587	6.5	0
4015	1996	16	1036.8	-0.9	0.3	0.5978	3.3	0
4015	1996	17	1036.8	-0.3	0.7	0.6199	2.7	0.3
4015	1996	18	1036.8	-2.1	0.4	0.5685	5.2	0
4015	1996	19	1036.8	-2.6	0.9	0.5169	8	0
4015	1996	20	1036.8	-3.9	1	0.4396	12.8	0
4015	1996	21	4060.8	-5.5	-1.7	0.3514	13.5	0
4015	1996	22	1123.2	-7.2	-3.5	0.3531	12.8	0
4015	1996	23	4320	-6.1	-3.2	0.342	14.6	0
4015	1996	24	4838.4	-6.7	-3.7	0.2948	16.6	0
4015	1996	25	5097.6	-8.5	-4.7	0.2612	15.4	0
4015	1996	26	1987.2	-8.5	-4.5	0.2858	16	0.6
4015	1996	27	3456	-6	-3	0.2977	13.3	0
4015	1996	28	3283.2	-5.4	-1.3	0.3914	7.3	0
4015	1996	29	5702.4	-4.9	-1.3	0.3891	9.7	0
4015	1996	30	5270.4	-4.5	-1.2	0.4162	10.4	0
4015	1996	31	5529.6	-3.9	-0.5	0.4212	8.1	0
4015	1996	32	5702.4	-6.2	-1.6	0.3848	7.2	0
4015	1996	33	2851.2	-7.2	-2.2	0.3709	3	1.6
4015	1996	34	1382.4	-3.2	-1.1	0.4906	4.4	0.4
4015	1996	35	1728	-5.7	0.5	0.4795	4.1	0
4015	1996	36	3024	-6.5	-0.6	0.395	4.8	0
4015	1996	37	6480	-8.6	-3.8	0.3039	9.9	0
4015	1996	38	6220.8	-8.7	-4.8	0.2471	12.8	0
4015	1996	39	1555.2	-10	-7.3	0.2451	9.9	0
4015	1996	40	5788.8	-10.9	-7	0.2363	8.6	0
4015	1996	41	1641.6	-8.8	-4.6	0.2925	9.2	1.4
4015	1996	42	1641.6	-4.6	2.6	0.5339	5.2	3.7
4015	1996	43	1728	1	4	0.6801	7.4	8.8
4015	1996	44	1728	-1	1.3	0.5806	9.9	3.2
4015	1996	45	1728	-3.5	0.6	0.5111	5.4	0
4015	1996	46	1814.4	-4.4	1.1	0.5036	6.3	4
4015	1996	47	1814.4	0	3.6	0.6539	9.2	4.5
4015	1996	48	4147.2	0.6	3.3	0.6047	9.8	3.5
4015	1996	49	1900.8	0.3	3.1	0.6493	5	9.2
4015	1996	50	1987.2	-3.1	2.3	0.5519	8.5	0.2
4015	1996	51	4320	-4.5	-2.7	0.3654	14.1	0
4015	1996	52	2073.6	-5.5	-3.2	0.3144	8.6	0
4015	1996	53	4147.2	-5.1	-1.9	0.3682	5.6	0
4015	1996	54	7430.4	-3.4	2.1	0.4604	3.6	0
4015	1996	55	8553.6	-6.1	2.3	0.4094	6.3	0.6
4015	1996	56	2160	0.8	6.5	0.6823	6.4	0.5
4015	1996	57	2246.4	3.6	8.7	0.7934	4.4	1.8
4015	1996	58	3801.6	-0.4	4	0.6331	1.7	0
4015	1996	59	2332.8	-2.2	0	0.5639	3.1	0
4015	1996	60	2332.8	-4	2.1	0.5245	5.9	0.4
4015	1996	61	11318.4	-0.4	1.9	0.5548	8.9	0
4015	1996	62	10195.2	-1.2	3.4	0.5624	4.1	0
4015	1996	63	4579.2	-3.8	-0.2	0.5013	1.8	0
4015	1996	64	2851.2	-4.8	1.9	0.4451	4.1	0
4015	1996	65	6825.6	-0.5	1.6	0.5977	3.9	0
4015	1996	66	3024	0.4	3.3	0.6772	6	0.2
4015	1996	67	9158.4	0	3.7	0.5655	10.2	0
4015	1996	68	12873.6	-1.1	2.7	0.4921	11.4	0
4015	1996	69	12960	-2.2	3.1	0.4482	11	0
4015	1996	70	12873.6	-2.4	3	0.4309	10.3	0
4015	1996	71	12182.4	-2.1	0.9	0.4211	10.1	0
4015	1996	72	12614.4	-4	0.2	0.3668	9.5	0
4015	1996	73	6307.2	-3.8	0	0.4094	9	0
4015	1996	74	3456	-1.6	1.1	0.474	9	0
4015	1996	75	11404.8	-0.6	3.7	0.5398	11.5	0
4015	1996	76	3542.4	0.1	2.3	0.5864	12.7	0
4015	1996	77	3628.8	0.4	2.2	0.5839	10	0
4015	1996	78	3628.8	-0.2	1	0.5535	8	0
4015	1996	79	3715.2	0.1	3.2	0.5781	4.3	0
4015	1996	80	11404.8	0.4	6.1	0.6479	4.4	0
4015	1996	81	14601.6	-2	5	0.5515	8.4	0
4015	1996	82	3888	-0.6	4.2	0.64	6.9	0.1
4015	1996	83	3888	1.6	5.7	0.722	5.2	3.9
4015	1996	84	3974.4	1.6	4.1	0.7047	3.9	0
4015	1996	85	11577.6	0.7	6.2	0.6649	5.8	0
4015	1996	86	9763.2	0.7	2.9	0.5774	8.3	0
4015	1996	87	16502.4	0	4.3	0.5421	7.2	0
4015	1996	88	6220.8	0.3	5.7	0.5759	6.9	2.5
4015	1996	89	10281.6	0.9	4.3	0.6261	8.1	0.5
4015	1996	90	11145.6	0.5	3.3	0.6026	8.5	0
4015	1996	91	18057.6	-0.9	3.3	0.5064	5.1	0
4015	1996	92	15552	-0.9	2.6	0.5068	3.2	0
4015	1996	93	15984	-1.2	3.8	0.4967	2.8	0
4015	1996	94	18662.4	-0.4	6.8	0.5918	5.8	0
4015	1996	95	18921.6	0.4	8	0.6102	6.8	0
4015	1996	96	17539.2	-0.2	8.8	0.6394	7.5	0
4015	1996	97	4665.6	3.8	9.8	0.8593	5.4	0
4015	1996	98	13651.2	2	11.7	0.8127	2.4	0
4015	1996	99	13651.2	2.6	10.3	0.8967	4	0
4015	1996	100	15465.6	3.5	11.3	0.8028	2.6	0
4015	1996	101	4924.8	7.2	11	0.9818	2.8	6.2
4015	1996	102	11232	2.2	7.6	0.6842	9.2	0.5
4015	1996	103	13996.8	0.1	3.1	0.4801	6.2	0
4015	1996	104	16848	1.7	6.7	0.6762	5.2	0
4015	1996	105	21254.4	1.1	8.2	0.6298	3.4	0
4015	1996	106	19526.4	2.1	9.4	0.6247	2.6	0
4015	1996	107	16156.8	3.1	16.9	0.638	4.1	0
4015	1996	108	22032	5.9	19.7	0.5464	5.1	0
4015	1996	109	19526.4	7.9	17.8	1.0963	3.9	0
4015	1996	110	16416	7.4	18.7	1.0357	4.3	0
4015	1996	111	16243.2	8.5	16.7	1.0202	3	0
4015	1996	112	22204.8	12.5	25.5	0.7897	4.1	0
4015	1996	113	20563.2	14.2	21.7	1.1504	3.8	0
4015	1996	114	16675.2	12.2	23	1.2861	4.1	1
4015	1996	115	18576	9.8	14.5	1.2028	3.3	1.7
4015	1996	116	22982.4	7.6	13.2	1.0334	5.3	0.5
4015	1996	117	5702.4	7.2	9.3	1.0142	4.3	2.5
4015	1996	118	12009.6	7.8	13.2	1.1671	1.9	0
4015	1996	119	22377.6	5.6	11.5	0.9348	5.6	0
4015	1996	120	21945.6	4.8	7.8	0.6776	4.1	0
4015	1996	121	19353.6	4.9	12.2	0.7568	3.5	0
4015	1996	122	22464	5.5	15.4	0.8724	6.9	0
4015	1996	123	5961.6	7.4	11.4	1.0607	6.6	0.7
4015	1996	124	6048	6.8	10.9	1.0108	4	0
4015	1996	125	21427.2	5.6	8.4	0.741	8	0
4015	1996	126	25315.2	5.2	8.5	0.7037	7.9	0
4015	1996	127	24278.4	5.4	11.6	0.8319	4.6	0
4015	1996	128	25488	4.6	10.7	0.7538	7.8	0
4015	1996	129	24537.6	5.7	12.9	0.6907	6.4	0
4015	1996	130	20044.8	6.9	12.8	0.8139	8.1	4.2
4015	1996	131	6307.2	5.7	7.1	0.8744	8	0.3
4015	1996	132	6307.2	5.3	9.4	0.8923	3.9	0
4015	1996	133	6393.6	8.1	10.5	1.1004	4.4	0
4015	1996	134	17452.8	7.2	10.8	1.0555	6.3	0
4015	1996	135	8985.6	7	10.5	1.0153	6.8	0
4015	1996	136	12182.4	6.7	9.1	0.7774	8.4	0
4015	1996	137	18921.6	6.1	9.2	0.7224	5.4	1.6
4015	1996	138	14774.4	6.6	15.7	1.1259	5.7	0.1
4015	1996	139	6566.4	6.5	13.6	1.0957	4.1	3.8
4015	1996	140	6566.4	10.6	17	1.4343	4.7	19.6
4015	1996	141	22896	8.4	12.5	1.0115	5.3	0
4015	1996	142	27648	6.3	14.8	0.9419	3.6	0
4015	1996	143	17971.2	7.3	15.8	0.9793	3	2.1
4015	1996	144	10368	9.3	14	1.2323	4.6	5.6
4015	1996	145	10454.4	10.4	18.1	1.3306	4.8	10
4015	1996	146	13305.6	8.9	14.1	1.2337	4	0.2
4015	1996	147	25488	9.5	15.5	1.1149	5.5	10
4015	1996	148	10022.4	8.4	13.5	1.1634	7.9	3.3
4015	1996	149	16502.4	7.6	9.5	0.779	9.2	0
4015	1996	150	10368	7.6	15.3	1.135	5.8	2.2
4015	1996	151	17798.4	12.6	22.4	1.7573	2.3	0.6
4015	1996	152	28339.2	12	23.5	1.5012	5.5	0.3
4015	1996	153	13132.8	10.7	16.9	1.1821	4.1	0
4015	1996	154	15379.2	8.7	15.7	1.0222	2.5	1.8
4015	1996	155	16848	11.6	16.2	1.2056	2.3	0.3
4015	1996	156	16329.6	11.2	17.7	1.3151	3.8	0
4015	1996	157	27993.6	11.1	24	1.5225	3.2	0
4015	1996	158	28080	14.8	27.1	1.6334	3.5	0
4015	1996	159	27648	16.9	28.8	1.9172	3.3	0
4015	1996	160	21513.6	16.6	31.2	2.3087	4.5	4.1
4015	1996	161	7344	14.9	18.2	1.6548	3	0
4015	1996	162	24796.8	14.1	23.8	1.5964	3.3	0.7
4015	1996	163	24105.6	16.5	24.4	2.0879	4.2	0
4015	1996	164	21600	12	18.4	1.3111	7.5	0
4015	1996	165	27648	9.5	15.3	1.0213	9	0
4015	1996	166	21772.8	10.8	13.6	1.0222	8.7	0
4015	1996	167	29289.6	11.2	15.4	1.129	7.4	0
4015	1996	168	6739.2	11.1	13	1.2371	5	0
4015	1996	169	19785.6	10.7	20.8	1.376	3.7	0
4015	1996	170	19353.6	11.6	15.7	1.1082	7.7	0.2
4015	1996	171	9676.8	10.4	13.1	1.0475	8.7	0.1
4015	1996	172	20908.8	9.9	13.3	0.928	6.9	2.8
4015	1996	173	17625.6	8.5	13.4	1.098	7.1	0.3
4015	1996	174	6739.2	9.4	13.8	1.0099	5	0
4015	1996	175	6739.2	10.1	12.4	1.0934	6.1	0
4015	1996	176	13478.4	10.1	14.6	1.1183	5.4	0
4015	1996	177	6739.2	10.8	13.1	1.1731	3.3	0
4015	1996	178	16329.6	11.5	16.3	1.2056	2.7	0
4015	1996	179	17020.8	11.6	14.3	1.1632	5.6	0
4015	1996	180	11836.8	10.9	18.3	1.2781	3.2	2.9
4015	1996	181	12787.2	12.5	14.8	1.3735	5.6	3.8
4015	1996	182	7776	11.8	14.7	1.2926	6.1	0
4015	1996	183	18835.2	11.4	16	1.2997	5	3.2
4015	1996	184	23846.4	10.9	14.8	1.2148	5.1	1.5
4015	1996	185	17625.6	10.9	19.9	1.2407	4.8	1.5
4015	1996	186	14947.2	13.2	18.3	1.5011	5.5	5
4015	1996	187	18748.8	12.7	19	1.3668	5	0
4015	1996	188	17280	12.4	16.2	1.2698	4	15.2
4015	1996	189	23068.8	11	17.3	1.1608	3.2	0
4015	1996	190	25315.2	12.3	16.5	1.2453	6.8	1
4015	1996	191	16502.4	11.5	14.5	1.2119	10.1	0.2
4015	1996	192	16848	12.1	15.2	1.2018	7.7	0
4015	1996	193	12700.8	13.6	20.7	1.6603	5.2	0.1
4015	1996	194	14169.6	13.7	17.3	1.4245	4	0
4015	1996	195	7603.2	14.2	21.2	1.7593	3.9	0
4015	1996	196	17539.2	15	18.9	1.6587	5.9	0
4015	1996	197	26179.2	13.4	17.4	1.1184	8.1	0
4015	1996	198	24278.4	12.9	16.2	1.2243	9.1	0
4015	1996	199	6393.6	13	14.9	1.1777	8.7	0
4015	1996	200	12096	12.5	15.4	1.3528	7	0
4015	1996	201	27907.2	12.6	18.3	1.2096	4.2	0
4015	1996	202	26438.4	12	22.2	1.1683	3.4	0
4015	1996	203	24105.6	15.1	24.3	1.3747	3.1	0
4015	1996	204	24624	13.9	27.1	1.2518	3.1	0
4015	1996	205	21254.4	15.4	27.8	1.2104	5.2	8.5
4015	1996	206	6134.4	15.9	22.7	2.0116	3.2	6.4
4015	1996	207	17971.2	14.2	20	1.7524	6.8	0
4015	1996	208	16070.4	13.5	20.3	1.4228	4.5	0
4015	1996	209	8121.6	15	19.8	1.7264	3.9	0.9
4015	1996	210	24364.8	14.2	18	1.2609	3.4	0
4015	1996	211	10281.6	13.7	23.4	1.5144	3.4	0.4
4015	1996	212	21945.6	15.1	18.5	1.6048	4.4	0
4015	1996	213	8208	14.5	19.2	1.6866	3.2	16.3
4015	1996	214	16675.2	14.5	21.3	1.6792	3.5	0.1
4015	1996	215	20649.6	14.2	19.2	1.5567	4.8	0
4015	1996	216	25315.2	14.1	18.4	1.3652	5.1	0
4015	1996	217	25747.2	12.6	18.8	1.3894	3.4	0
4015	1996	218	25488	14.6	23.3	1.4652	6.5	0
4015	1996	219	22896	15.3	23.6	1.489	8.8	0.2
4015	1996	220	13996.8	14.4	20.7	1.4423	4.5	5.9
4015	1996	221	20217.6	13.4	21	1.6068	2.4	0
4015	1996	222	19958.4	16.2	25.9	1.7928	5.1	0
4015	1996	223	13219.2	17.7	25.1	1.8317	7	0
4015	1996	224	7430.4	17.7	20.5	1.9205	4.8	1.8
4015	1996	225	15638.4	17.6	22.7	2.0261	6.2	0
4015	1996	226	13132.8	17.4	22.7	1.9434	6.4	0
4015	1996	227	17020.8	14.7	20.3	1.6974	5.1	0
4015	1996	228	18403.2	15.7	20.2	1.8283	6.2	0
4015	1996	229	17280	16.1	20.3	1.7737	6.7	0
4015	1996	230	17193.6	15.8	19.5	1.6732	3.7	0
4015	1996	231	21859.2	16.5	25.4	1.8809	3.9	0
4015	1996	232	22291.2	17.2	28.9	1.9686	4.3	0
4015	1996	233	22204.8	18.1	30.7	2.0434	5.5	0
4015	1996	234	20044.8	18.8	29.3	1.8218	4.7	0
4015	1996	235	18057.6	18.7	23.1	2.0725	3.7	0
4015	1996	236	16070.4	18.6	27.6	2.0874	3.4	3.2
4015	1996	237	17884.8	16.8	24.8	1.6184	3.4	0
4015	1996	238	20563.2	11.9	22.5	1.4304	4.9	0
4015	1996	239	18489.6	13	24.2	1.7545	2.7	1.5
4015	1996	240	14860.8	13.9	22	1.5407	4	1.4
4015	1996	241	4665.6	15.2	19.5	1.8199	6	17.3
4015	1996	242	12787.2	12.2	18.2	1.3284	8.1	2.8
4015	1996	243	10540.8	12.9	16.7	1.4964	5.8	8.9
4015	1996	244	16243.2	13.8	17.4	1.2567	7.3	0
4015	1996	245	16675.2	13.4	17.6	1.1431	4.7	0.5
4015	1996	246	13737.6	11.9	17.3	1.2781	2.6	0
4015	1996	247	18230.4	12.6	18.2	1.3805	3.1	0.2
4015	1996	248	13219.2	15.2	18.6	1.2882	4.4	0
4015	1996	249	18403.2	13.8	18.6	1.1586	7	0
4015	1996	250	14774.4	12.9	16.7	1.0424	7.2	0
4015	1996	251	18316.8	11.3	16.9	1.0607	7.5	0
4015	1996	252	16588.8	12.3	17.1	1.1694	4.3	0
4015	1996	253	16070.4	13.6	17.8	1.2825	4.8	0
4015	1996	254	10800	12.6	17.2	1.1507	8.9	1.6
4015	1996	255	4752	10.7	14.8	1.1775	4.8	9.3
4015	1996	256	11923.2	9.5	15.8	1.0821	9.3	10.8
4015	1996	257	8553.6	10.2	16.2	1.2581	7.6	0.7
4015	1996	258	6566.4	12.3	14.6	1.2942	4.5	1.2
4015	1996	259	15984	10.7	14.7	1.115	5.1	0
4015	1996	260	15897.6	11.8	15.9	1.1859	4.6	0
4015	1996	261	14342.4	10.2	16.1	1.1331	7.1	0
4015	1996	262	14256	10.6	16.6	1.1202	8.6	0
4015	1996	263	14860.8	8.7	15.3	1.0509	11	0
4015	1996	264	14601.6	7.4	15.2	0.99	12	0
4015	1996	265	9763.2	10.4	15.2	1.078	9.7	0
4015	1996	266	10972.8	9.7	14.7	0.9654	9.5	0
4015	1996	267	10713.6	8.3	16.2	0.9971	7.6	0
4015	1996	268	3196.8	10	15.2	1.166	3.2	0
4015	1996	269	10713.6	8.5	13.8	1.0862	3.3	0
4015	1996	270	9331.2	7.7	16.9	1.1718	4	0.2
4015	1996	271	5011.2	11.3	15.5	1.3667	5.4	6.3
4015	1996	272	8294.4	11.5	16.1	1.3555	5.1	0.8
4015	1996	273	2937.6	11.9	15.8	1.4389	8.6	10.6
4015	1996	274	9504	12.1	16.2	1.3382	6.1	6.3
4015	1996	275	2851.2	9.9	13.1	1.1523	2.8	1.3
4015	1996	276	10713.6	10.8	14.3	1.0459	4	0
4015	1996	277	6220.8	8.9	15.8	1.1614	5.7	0.9
4015	1996	278	10886.4	8.4	14.4	1.0909	6.1	0
4015	1996	279	8467.2	6	13	1.0204	4.1	3.1
4015	1996	280	11145.6	7.8	15	1.1043	3.4	0
4015	1996	281	10627.2	5.8	15.7	0.9803	3.8	0
4015	1996	282	3196.8	7.9	14.2	1.1317	2	0
4015	1996	283	2505.6	10.8	13.2	1.163	3.2	0.8
4015	1996	284	4924.8	9.6	13.3	1.0404	2.2	0.1
4015	1996	285	3283.2	6.6	13.3	1.0394	3.8	0
4015	1996	286	4233.6	7.6	13.3	1.1	3.8	0
4015	1996	287	7689.6	5.4	14.8	1.1611	4.1	0
4015	1996	288	9763.2	8.8	18.1	1.3096	4.5	0
4015	1996	289	5702.4	8.4	14.7	1.2106	4.1	0.2
4015	1996	290	2160	11.3	13.6	1.3422	3.6	7.5
4015	1996	291	5702.4	11	13.6	1.1147	3.7	0
4015	1996	292	8380.8	7.9	14.8	1.0873	3.8	0
4015	1996	293	6048	8.6	14.6	1.16	5	1.4
4015	1996	294	5270.4	8.6	13.5	1.1975	4.1	5.6
4015	1996	295	1987.2	10.6	13.8	1.2493	7.3	5
4015	1996	296	7948.8	9.8	13.4	1.0508	5.4	0
4015	1996	297	7862.4	6.1	13.3	1.0102	3.9	0
4015	1996	298	7430.4	5.2	12.4	0.9281	8.1	0
4015	1996	299	7084.8	5.4	11.8	0.7928	7.1	0
4015	1996	300	4665.6	8.6	14	1.2041	4.3	0.1
4015	1996	301	1728	6	12.5	1.0734	6.8	13.3
4015	1996	302	1728	11.2	14.2	1.2763	7.6	3.6
4015	1996	303	3888	10	13	0.9761	12.3	6.7
4015	1996	304	4147.2	8.1	10.7	0.9311	10.1	4.6
4015	1996	305	1641.6	7.5	10.3	1.037	7.3	1
4015	1996	306	4320	7.5	12.9	1.0694	6.8	0.3
4015	1996	307	1555.2	9.6	14.5	1.2933	8.4	8.3
4015	1996	308	1555.2	13.4	14.3	1.4547	7.8	2.5
4015	1996	309	1468.8	12.6	14.3	1.325	7.9	2.1
4015	1996	310	2246.4	8.9	12.8	1.0518	9.5	5.9
4015	1996	311	2851.2	7.8	12.9	0.9546	11.4	7.9
4015	1996	312	3369.6	7.6	10.7	0.8228	8.1	0.4
4015	1996	313	4233.6	4.6	8.6	0.7599	5	3.7
4015	1996	314	4492.8	2.9	10	0.7907	7.6	4.2
4015	1996	315	2332.8	2.9	7.9	0.825	5.7	2.8
4015	1996	316	1296	6.1	8.6	0.9744	6.9	5.2
4015	1996	317	2073.6	7.2	9.9	1.0239	5	0.4
4015	1996	318	3369.6	4.2	8.6	0.7783	7.1	1.5
4015	1996	319	5443.2	3.9	6.2	0.6476	3.8	0
4015	1996	320	5356.8	0.4	5.9	0.605	2.6	0
4015	1996	321	3196.8	0.4	5.3	0.5923	2.2	0
4015	1996	322	1123.2	1.1	4.9	0.7047	3.5	0
4015	1996	323	1123.2	2.1	4.5	0.6966	4	4.5
4015	1996	324	3283.2	2	7.8	0.7534	4.7	1.5
4015	1996	325	1123.2	1.9	7.2	0.7352	4.6	4.7
4015	1996	326	1641.6	3.1	7.2	0.6433	8.3	5.5
4015	1996	327	3715.2	2.3	6.7	0.6906	7.6	12.5
4015	1996	328	1036.8	1.5	4.5	0.7274	5.4	4.2
4015	1996	329	3196.8	0.6	4.5	0.6825	5.3	3.6
4015	1996	330	1036.8	0.6	1.9	0.622	6.7	4.3
4015	1996	331	950.4	0.4	3	0.6424	9.5	0.2
4015	1996	332	1468.8	2.1	3.4	0.7072	7.1	0
4015	1996	333	1814.4	-0.1	3.1	0.5379	8.3	0
4015	1996	334	950.4	-1.8	2.5	0.5954	5.4	7.4
4015	1996	335	950.4	2.1	4.8	0.6806	10.2	0
4015	1996	336	864	1.1	4.2	0.6652	6.3	9
4015	1996	337	2246.4	3.6	6.7	0.7931	6.6	10.1
4015	1996	338	1296	3.7	5.8	0.797	7.2	10.3
4015	1996	339	2419.2	4.2	8.4	0.8112	6.6	0
4015	1996	340	864	2.7	7.2	0.7561	2.7	2
4015	1996	341	864	3.4	6	0.8113	1.6	0.1
4015	1996	342	864	2	4.8	0.7249	4.7	0
4015	1996	343	864	-1.2	2	0.6164	3.9	0
4015	1996	344	777.6	-1	1.1	0.5826	5.8	0
4015	1996	345	777.6	-0.3	1	0.5891	5.7	0
4015	1996	346	777.6	-1	0.6	0.566	3.1	0
4015	1996	347	777.6	-1.8	-0.6	0.515	4.1	1
4015	1996	348	1900.8	-1.2	5	0.6096	5.3	0
4015	1996	349	1728	-1.8	2.4	0.562	5.9	1.3
4015	1996	350	2246.4	1.1	8	0.7352	7.9	0.5
4015	1996	351	777.6	-0.2	5	0.6898	3.4	0.1
4015	1996	352	777.6	1.4	5	0.7378	2.2	0
4015	1996	353	777.6	2	3	0.6874	1.8	4.1
4015	1996	354	1036.8	0.6	3.3	0.5696	11.3	0
4015	1996	355	3024	-1.8	1	0.3917	13.1	0
4015	1996	356	3542.4	-2.8	-0.6	0.3345	5.9	0
4015	1996	357	1555.2	-4.8	0.6	0.3719	3.3	0
4015	1996	358	2246.4	-3	0.3	0.454	9.5	0
4015	1996	359	1555.2	-3.6	-1	0.4232	4.1	0
4015	1996	360	3283.2	-3.4	-0.8	0.4348	6.4	0
4015	1996	361	3456	-6.3	-2.1	0.3359	3.7	0
4015	1996	362	1641.6	-6.9	-3.7	0.3379	4.7	0
4015	1996	363	3456	-7.6	-5.4	0.3046	4.1	0.1
4015	1996	364	777.6	-7.6	0.1	0.4355	5.6	0.3
4015	1996	365	1900.8	-5	-0.4	0.4259	11	0.1
4015	1996	366	3369.6	-7.7	-4	0.2371	10.1	0
