*---------------------------------------------------------------------------*
* Station name: GARMISCH-PARTENKIRCHEN                  
* Year: 2013
* Author: Pedro Alencar                                   -999.000: NIL VALUE
* Source: ECAD 
* Comments: 
* Longitude: 47.4839, latitude: 47.4839, altitude: 719 m.
*
* Column  Daily value
* 1       station number
* 2       year
* 3       day
* 4       irradiation                   (kJ m-2 d-1)
* 5       minimum temperature           (degrees Celsius)
* 6       maximum temperature           (degrees Celsius)
* 7       early morning vapour pressure (kPa)
* 8       mean wind speed (height: 2 m) (m s-1)
* 9       precipitation                 (mm d-1)
*
** WCCDESCRIPTION=GERMANY, GARMISCH-PARTENKIRCHEN                  
** WCCFORMAT=2
** WCCYEARNR=2013
*---------------------------------------------------------------------------*
   47.4839  11.0633    719.  -0.18 -0.55
4131	2013	1	3628.8	-4.9	6.9	0.5517	1.1	3.1
4131	2013	2	3369.6	-5.2	3.9	0.5536	0.8	1.4
4131	2013	3	1987.2	-6.9	2.6	0.4958	0.9	5.9
4131	2013	4	1987.2	2	5.5	0.799	1.1	9
4131	2013	5	1987.2	1	6.7	0.7885	1.4	28.2
4131	2013	6	3715.2	1.5	5.9	0.7723	1	0.1
4131	2013	7	1987.2	-0.1	5.3	0.6997	1	0
4131	2013	8	4665.6	-0.7	10.3	0.7396	1.1	0
4131	2013	9	4492.8	-1.9	6.3	0.6443	0.9	0
4131	2013	10	2764.8	-2.4	3.6	0.5871	1	6.5
4131	2013	11	2332.8	-1.4	1.5	0.5764	1.2	3.9
4131	2013	12	2073.6	-2.1	1.6	0.576	0.7	0.6
4131	2013	13	5184	-5.5	0.6	0.4696	1.3	0
4131	2013	14	2764.8	-2.8	0	0.513	1.4	2.1
4131	2013	15	5961.6	-7.1	0.9	0.4474	1.1	2.5
4131	2013	16	2160	-6	-2.7	0.4162	1.1	6.4
4131	2013	17	2246.4	-7.2	-4	0.3706	1.4	2.1
4131	2013	18	5616	-13.8	-3.2	0.2898	1	0
4131	2013	19	4233.6	-13.6	-1.8	0.305	1.2	0
4131	2013	20	5184	-4.8	7.2	0.6131	1.5	0.9
4131	2013	21	2332.8	-4	-0.2	0.4924	1.1	1.5
4131	2013	22	3024	-4.1	3.5	0.556	1.1	0
4131	2013	23	7344	-10	3.4	0.4312	1.1	0
4131	2013	24	2419.2	-10.6	-2.1	0.3461	1.5	0.6
4131	2013	25	2419.2	-6.6	-3.3	0.3893	1.8	0.8
4131	2013	26	7862.4	-14.2	-0.6	0.3052	1.3	0
4131	2013	27	5961.6	-12.1	5.8	0.4022	1.3	1.4
4131	2013	28	2592	-4.6	4	0.5679	0.7	1.8
4131	2013	29	2937.6	-3.2	4.2	0.5955	1.1	6.9
4131	2013	30	6998.4	-0.3	15.3	0.8808	1.5	9.2
4131	2013	31	6998.4	-1.3	10.9	0.4902	2.6	2.1
4131	2013	32	2678.4	1.7	7.2	0.7973	1.3	10.7
4131	2013	33	2764.8	-1.9	4.3	0.6464	1.5	9.1
4131	2013	34	3196.8	-3.4	0.6	0.4744	1.5	2.7
4131	2013	35	2851.2	-0.8	4.1	0.647	1.8	4.9
4131	2013	36	3801.6	-0.5	6.2	0.7047	1.5	4.8
4131	2013	37	7603.2	-4.6	4.6	0.5071	1.3	1.3
4131	2013	38	3369.6	-4.1	-0.6	0.4679	1.3	4.7
4131	2013	39	3369.6	-5.8	-0.9	0.4439	0.8	8.3
4131	2013	40	5875.2	-9.8	-1.9	0.3517	1.7	2.5
4131	2013	41	9158.4	-15.3	-1.2	0.266	1.3	0
4131	2013	42	3801.6	-14.1	4.2	0.3216	1.5	0
4131	2013	43	3196.8	-8.2	-3.7	0.3569	1.3	5.9
4131	2013	44	5702.4	-6.6	-1.2	0.3939	1.4	0.2
4131	2013	45	10800	-12.5	0.6	0.3255	1.3	0.6
4131	2013	46	3283.2	-7.8	1.7	0.4589	0.9	4.7
4131	2013	47	6566.4	-1.8	5.6	0.6446	1.1	0.9
4131	2013	48	6220.8	-2.4	1.8	0.5261	1.8	0
4131	2013	49	11577.6	-6.6	2	0.4077	1.6	0
4131	2013	50	7776	-9.7	5.6	0.3891	1.7	4.5
4131	2013	51	4320	-5.1	-0.7	0.4393	2.6	0.9
4131	2013	52	3628.8	-6.7	-3.4	0.378	2.6	1.5
4131	2013	53	3715.2	-8.8	-5.4	0.3159	2.7	0.1
4131	2013	54	7171.2	-10.5	-2.4	0.3057	1.8	1.7
4131	2013	55	6220.8	-9.1	-2.7	0.3267	1.3	0.2
4131	2013	56	13132.8	-13.7	1	0.3081	1.6	0
4131	2013	57	6998.4	-10.9	3.2	0.4046	1.3	0
4131	2013	58	10454.4	-3.2	4	0.5472	1.8	0
4131	2013	59	13305.6	-5.3	5.1	0.5277	1.6	0
4131	2013	60	10972.8	-3.6	4.2	0.5433	1.8	0
4131	2013	61	12009.6	-1.5	3.8	0.5445	2	0
4131	2013	62	15292.8	-5.3	5.2	0.4809	1.8	0
4131	2013	63	15552	-7.3	8.1	0.4843	1.6	0
4131	2013	64	12873.6	-2.5	15.2	0.565	1.4	0
4131	2013	65	9417.6	0.7	15.1	0.6602	1.6	0
4131	2013	66	13046.4	2.2	16	0.7508	1.8	0
4131	2013	67	14688	-0.4	18.6	0.7854	1.5	0.6
4131	2013	68	4924.8	2.7	11.3	0.8512	1.1	0.2
4131	2013	69	9590.4	1.1	12.7	0.7658	1.5	1.6
4131	2013	70	7430.4	1.6	9.4	0.7946	1.4	0.6
4131	2013	71	13651.2	-1	12.5	0.7442	2	5.4
4131	2013	72	4752	-3.8	2	0.5436	2.7	2.9
4131	2013	73	8294.4	-6.2	-2	0.3745	2.7	2
4131	2013	74	7603.2	-11.4	-2.2	0.3197	1.3	1.5
4131	2013	75	17280	-13.8	6.6	0.3233	1.3	0
4131	2013	76	12268.8	-4.2	10.7	0.4088	2	0
4131	2013	77	5011.2	0.3	6.9	0.6166	1.8	6.3
4131	2013	78	14601.6	-2.9	8.7	0.5869	1.8	0.7
4131	2013	79	9590.4	-3.8	12.6	0.6105	1.3	0.5
4131	2013	80	10886.4	0	7.2	0.6404	1.7	0
4131	2013	81	18576	-2.7	9.5	0.5612	2.1	0
4131	2013	82	12009.6	-1.8	5.9	0.5241	2.6	0
4131	2013	83	9504	-3	2.9	0.4444	2.6	0
4131	2013	84	5443.2	-4.4	-0.8	0.4442	2.5	7.7
4131	2013	85	5529.6	-6.4	-3.6	0.3879	2.4	7.9
4131	2013	86	15120	-6.8	1.3	0.4093	1.7	0
4131	2013	87	14083.2	-7.4	10.2	0.5476	1.1	4.5
4131	2013	88	8985.6	0.4	6.3	0.6913	1.6	2.4
4131	2013	89	11232	-0.6	7.2	0.7276	1.4	12.1
4131	2013	90	5788.8	-2.2	0.4	0.5493	2.2	3.5
4131	2013	91	15897.6	-5.3	3.5	0.4749	2.1	0
4131	2013	92	5961.6	-3.2	1.7	0.5206	2	0
4131	2013	93	6912	-0.5	4.2	0.5725	2.1	0
4131	2013	94	18316.8	-2.9	7.7	0.5809	2.1	0
4131	2013	95	6134.4	0.4	2.3	0.6197	2	0
4131	2013	96	6134.4	0.1	2.8	0.6174	2.4	0.1
4131	2013	97	6220.8	-2.5	2.5	0.5499	2.1	0.2
4131	2013	98	13132.8	-4	10	0.5683	1.8	2.6
4131	2013	99	16761.6	-0.7	12.9	0.7153	1.5	0
4131	2013	100	15033.6	0.7	13.2	0.5988	2.1	0.1
4131	2013	101	9158.4	3.3	16.4	0.8989	1.3	2.5
4131	2013	102	10972.8	4.1	11.7	0.9051	1.4	8.2
4131	2013	103	20995.2	1.5	16.1	0.7584	1.7	0
4131	2013	104	19872	0.9	20.8	0.8051	1.7	0
4131	2013	105	23241.6	2.9	24.3	0.9179	1.7	0
4131	2013	106	11836.8	7.5	20.4	1.0822	1	0.5
4131	2013	107	20995.2	7.1	22.2	1.1323	1.8	0
4131	2013	108	17625.6	5.1	25.3	1.0523	1.3	0.8
4131	2013	109	6912	1.9	14.5	0.989	3.1	11.2
4131	2013	110	6912	1.2	7.5	0.7667	1.3	0
4131	2013	111	18403.2	2.4	12	0.8731	2.4	1.1
4131	2013	112	6998.4	6.4	10.1	0.9487	1.6	0
4131	2013	113	15120	6.4	16	1.0101	1.9	0
4131	2013	114	25056	3.1	21.8	0.967	1.8	0
4131	2013	115	26006.4	4.6	23.2	0.9518	1.8	0
4131	2013	116	16416	4.8	24.6	0.9355	1.6	0
4131	2013	117	18144	7.3	22	1.2156	2.6	0.2
4131	2013	118	14428.8	5.5	11.7	0.9157	2.7	0
4131	2013	119	7344	6.2	12.4	0.9717	1.3	0
4131	2013	120	11232	6.1	15.1	1.0855	1.9	0
4131	2013	121	22204.8	6.2	23	1.1785	1.9	0
4131	2013	122	10454.4	10.3	17.9	1.4303	1.7	4.3
4131	2013	123	18057.6	8.4	18.3	1.347	2	10.3
4131	2013	124	13910.4	6.2	16.7	1.1891	1.5	4.8
4131	2013	125	21772.8	6.7	18.8	1.0745	2.2	0
4131	2013	126	20390.4	4.3	17.2	1.1222	1.8	3.7
4131	2013	127	8553.6	8.8	14.9	1.2903	0.9	4.4
4131	2013	128	23414.4	6.6	21.8	1.1484	1.7	0
4131	2013	129	20563.2	8.8	22.3	1.2879	2.2	9.7
4131	2013	130	7862.4	7.6	14	1.2036	1.1	30.2
4131	2013	131	7862.4	7.1	10.7	1.0712	0.8	8
4131	2013	132	13996.8	4.4	13.5	1.0062	1.5	3.8
4131	2013	133	12096	3.5	12.3	0.8412	1.3	0
4131	2013	134	27820.8	4	19.1	1.0065	2.4	0
4131	2013	135	22291.2	5	22.9	0.8753	2	0
4131	2013	136	20822.4	6.2	23.8	0.9538	2	0
4131	2013	137	16329.6	7.2	18.7	1.1781	1.9	1.1
4131	2013	138	27648	8.4	21.9	1.049	2.3	0
4131	2013	139	12614.4	6.2	17.4	1.1201	2.2	8.9
4131	2013	140	12096	5.6	13.9	1.0859	1.4	6.8
4131	2013	141	17020.8	4.2	15.8	1.0429	1.7	12.8
4131	2013	142	11059.2	5.1	12.2	0.9524	1.5	2.3
4131	2013	143	13219.2	3.8	11.3	0.811	1.9	0.7
4131	2013	144	8294.4	2.4	5.3	0.7241	1.4	3.6
4131	2013	145	8294.4	2.3	7.6	0.73	1.3	2
4131	2013	146	13046.4	3.3	10.9	0.7663	2.2	0.5
4131	2013	147	19180.8	3.3	17.6	0.7713	2.6	0
4131	2013	148	25056	3.1	19.7	0.9562	1.8	6.8
4131	2013	149	8380.8	5	9.4	0.9238	1.4	10.1
4131	2013	150	8380.8	5	8.7	0.9118	1.1	10.2
4131	2013	151	8467.2	4.9	9.9	0.8954	2.7	35.2
4131	2013	152	10886.4	6.3	14.8	1.1838	1.4	56.3
4131	2013	153	7257.6	5.8	9.4	1.0016	1.4	41.1
4131	2013	154	7344	4	9.2	0.906	1.8	2.5
4131	2013	155	12528	4.1	15.5	1.0048	1.5	0
4131	2013	156	26438.4	4	20.9	1.0391	2.4	0
4131	2013	157	22982.4	5.5	22	1.1625	1.9	0
4131	2013	158	24105.6	6.2	22.8	1.1874	2	0
4131	2013	159	26697.6	7	25.2	1.2426	2	0.6
4131	2013	160	17280	10.5	21.8	1.5399	1.8	17.1
4131	2013	161	7430.4	9.8	13.2	1.2337	1.4	10.5
4131	2013	162	13305.6	9.5	19.1	1.4001	1	7.8
4131	2013	163	20822.4	8.4	21.7	1.196	1.3	0
4131	2013	164	29894.4	6.4	27.2	1.2036	1.7	1.1
4131	2013	165	11059.2	9.6	18.7	1.3866	2.4	1.5
4131	2013	166	20995.2	10.7	25.4	1.6331	1.9	9.3
4131	2013	167	27993.6	12.8	25.9	1.7264	1.8	0
4131	2013	168	28425.6	12.7	33.6	1.7542	1.4	0
4131	2013	169	25488	13.7	33.8	1.7893	1.8	0
4131	2013	170	28425.6	14.2	35.1	1.7026	1.6	0
4131	2013	171	26956.8	14.8	32.2	1.7049	2	1.2
4131	2013	172	16502.4	13.6	22.5	1.4677	2.4	0.3
4131	2013	173	8121.6	11.5	17.8	1.4654	1.5	0.1
4131	2013	174	16848	9.1	19.9	1.4513	1.8	29.4
4131	2013	175	7430.4	8.3	12.4	1.1681	0.9	12.4
4131	2013	176	8985.6	8.4	14.8	1.2146	1.1	7
4131	2013	177	10540.8	7	13.3	1.0782	1.2	0.1
4131	2013	178	10195.2	6.6	15.2	1.1074	1.3	3.7
4131	2013	179	14342.4	6.1	15.6	1.1037	1.5	2.3
4131	2013	180	10195.2	5.8	13	1.0961	1.2	9.6
4131	2013	181	18489.6	8.5	18.4	1.2479	1.4	0
4131	2013	182	29721.6	6.2	23.2	1.2028	2.1	2.7
4131	2013	183	24710.4	9.4	24.6	1.4511	2	3.8
4131	2013	184	10713.6	11.6	20.6	1.6264	1.7	14
4131	2013	185	14256	12.5	21.6	1.6692	1.4	4.5
4131	2013	186	13996.8	14.1	21.6	1.776	1.8	1.7
4131	2013	187	23587.2	12.2	24.1	1.6226	2.1	0
4131	2013	188	22723.2	10.4	24.5	1.6721	2.3	2.9
4131	2013	189	24019.2	11.5	23.7	1.5474	2.3	0
4131	2013	190	21513.6	11.9	23.9	1.6792	1.8	0
4131	2013	191	17971.2	13.6	25.1	1.7039	1.7	0
4131	2013	192	17884.8	10.5	19.9	1.3456	2.5	0
4131	2013	193	28080	7.7	22.2	1.2053	2.4	0
4131	2013	194	26524.8	7.9	23.9	1.2088	2.3	0
4131	2013	195	28684.8	8.4	24.7	1.2035	2.1	0
4131	2013	196	23155.2	10.2	24.4	1.2817	1.9	0
4131	2013	197	28944	8.8	26.2	1.2581	2.3	0
4131	2013	198	28857.6	9.7	27.1	1.2256	2.4	0
4131	2013	199	19353.6	13.3	26.5	1.6007	2.1	0.1
4131	2013	200	22118.4	11.8	26.5	1.705	1.7	0.6
4131	2013	201	26784	11.4	27.8	1.5712	2.1	0
4131	2013	202	28166.4	12.1	27.9	1.5639	2.3	0
4131	2013	203	26179.2	12	28.7	1.5504	2.2	0
4131	2013	204	25920	12.1	30.1	1.3488	2	0
4131	2013	205	18576	15.6	28.9	1.9559	1.7	19.4
4131	2013	206	25142.4	12.7	28.7	1.7791	1.5	2.7
4131	2013	207	25920	13.7	30.7	1.8698	1.9	0
4131	2013	208	23155.2	14.3	34.3	2.0615	1.6	1.1
4131	2013	209	25574.4	15.3	36.3	1.8561	2	0
4131	2013	210	9504	12.2	22.4	1.6367	1.5	14.9
4131	2013	211	15292.8	10.6	23.2	1.442	1	0
4131	2013	212	24796.8	10	26.3	1.477	1.8	0
4131	2013	213	27475.2	10.7	31	1.5004	1.8	0
4131	2013	214	27216	12.8	32.8	1.579	1.9	0
4131	2013	215	25920	13.8	31.3	1.6917	2.5	13.9
4131	2013	216	23414.4	13	27.6	1.926	1.4	0.8
4131	2013	217	24883.2	13.7	28.9	1.8458	2	1.7
4131	2013	218	24451.2	15.5	31.1	1.9414	2.5	13.8
4131	2013	219	15811.2	13.3	28.2	2.0046	1.8	0.2
4131	2013	220	14601.6	17	22.9	1.8616	2.3	0.3
4131	2013	221	6480	12.3	19	1.6336	1.6	24.3
4131	2013	222	18921.6	10.9	22.2	1.4479	1.2	0
4131	2013	223	20304	10.3	21.8	1.4026	1.7	0
4131	2013	224	22809.6	12.1	24.5	1.5329	2	0
4131	2013	225	11923.2	12.7	20	1.4854	1.4	5.8
4131	2013	226	12182.4	12.5	19	1.2866	1.7	0
4131	2013	227	23155.2	8.1	22	1.2644	1.9	0
4131	2013	228	23328	8.2	25.6	1.4228	1.9	0
4131	2013	229	22032	10.1	26.7	1.458	1.7	0
4131	2013	230	20131.2	11.6	27	1.7434	1.9	8.8
4131	2013	231	6048	11.4	18.7	1.6574	1.1	21.9
4131	2013	232	14515.2	8.7	18.5	1.2757	1.5	0
4131	2013	233	24364.8	7.7	20.9	1.2373	2	0
4131	2013	234	24278.4	7.4	22.4	1.3369	2	0
4131	2013	235	16934.4	9.4	22.4	1.4795	1.8	0
4131	2013	236	18230.4	10.1	24.1	1.6356	1.6	21.9
4131	2013	237	7430.4	10.3	17	1.4204	1.1	7
4131	2013	238	10800	10.4	18.2	1.3838	1.7	0
4131	2013	239	5702.4	11.2	15.6	1.4282	1	11.8
4131	2013	240	7776	7.8	17.5	1.3014	0.8	0.4
4131	2013	241	21600	6.2	20.8	1.2365	1.8	0
4131	2013	242	21600	6.4	22.1	1.2333	1.8	0
4131	2013	243	13824	8.7	21.7	1.3284	1.5	5.7
4131	2013	244	8640	10.8	18.2	1.5667	1	17.1
4131	2013	245	7257.6	9.8	17.6	1.3154	0.9	0
4131	2013	246	21081.6	10.6	24.3	1.3735	1.6	0
4131	2013	247	22118.4	8.7	24.7	1.4998	1.8	0
4131	2013	248	21945.6	9.8	25.5	1.5522	1.7	0
4131	2013	249	17712	11.2	26.5	1.7387	1.4	0.1
4131	2013	250	19267.2	11.3	24.9	1.6382	1.8	0
4131	2013	251	9936	13.7	21.8	1.6837	1.4	17.8
4131	2013	252	13737.6	6.3	16.6	1.1215	1.3	1.1
4131	2013	253	7516.8	5.6	17.1	1.2081	1.1	12.9
4131	2013	254	15379.2	6.6	17.3	1.1033	1.5	1.4
4131	2013	255	7430.4	6.2	13.2	1.1184	1.5	29
4131	2013	256	6825.6	6.2	13.4	1.1138	1.1	2.7
4131	2013	257	5875.2	5	17.5	1.2134	0.8	0.4
4131	2013	258	5270.4	10.5	18	1.4605	0.9	0.2
4131	2013	259	6134.4	7.3	13.7	1.2179	1.3	19.5
4131	2013	260	11232	5.4	12.2	0.9055	1.7	20.3
4131	2013	261	9504	6.3	19.7	1.3166	1.3	28.5
4131	2013	262	8035.2	7.3	12.9	1.087	1.2	1.9
4131	2013	263	10800	5.8	17.3	1.1289	1.4	0.1
4131	2013	264	15120	5.9	17.8	1.1515	1.7	0
4131	2013	265	16675.2	3.9	18.3	1.109	1.1	0
4131	2013	266	18230.4	4	18.8	1.1447	1.3	0
4131	2013	267	17971.2	3.9	20.6	1.168	1.4	0
4131	2013	268	17625.6	4.6	22.9	1.2411	1.4	0.6
4131	2013	269	5961.6	7.7	16.5	1.3258	1.2	7.6
4131	2013	270	4579.2	10.7	15.9	1.4952	0.8	9
4131	2013	271	11750.4	12.5	19.6	1.6576	1.2	0
4131	2013	272	4492.8	8.5	12.9	1.2471	1.8	11.3
4131	2013	273	4406.4	8	9	1.087	1.4	0
4131	2013	274	4320	7.2	10.6	1.1054	0.9	1.5
4131	2013	275	11145.6	4.9	12.7	1.0187	1.4	0
4131	2013	276	15811.2	2.8	15.2	1.0211	1.4	0
4131	2013	277	5443.2	9.3	19	1.5155	0.7	1.6
4131	2013	278	4147.2	8.7	15.2	1.3686	0.8	12.1
4131	2013	279	7344	9.2	17.5	1.4082	1.3	0.9
4131	2013	280	4060.8	11.1	13.1	1.354	1.9	0.2
4131	2013	281	3974.4	9.9	12.6	1.2801	1.6	0.7
4131	2013	282	3888	9.8	12.6	1.2626	0.6	0.4
4131	2013	283	3888	0.2	11.7	0.9036	1.3	52.9
4131	2013	284	9331.2	-1.4	7	0.7022	1	0
4131	2013	285	10368	-1.3	8.5	0.7194	1.7	0.1
4131	2013	286	13651.2	1.2	13.1	0.8701	1.4	0
4131	2013	287	10886.4	1	17	0.9522	1.1	0
4131	2013	288	10627.2	1.7	17.1	0.99	1.3	19.1
4131	2013	289	7603.2	2.6	13.4	0.9542	1.2	2.5
4131	2013	290	12787.2	1.3	17.4	0.9397	1.4	0
4131	2013	291	12614.4	-0.3	15.6	0.8689	1.5	0
4131	2013	292	12355.2	0.7	20.9	0.9966	1.3	0
4131	2013	293	10022.4	5	22.1	1.1785	1.5	0
4131	2013	294	10972.8	6.1	20.5	1.2206	1.3	0
4131	2013	295	9331.2	5.5	24.2	1.1976	1.4	0
4131	2013	296	3628.8	10	20.1	1.4011	1.7	19.2
4131	2013	297	10540.8	5.6	18.4	1.219	1.4	0
4131	2013	298	10368	4.3	21.7	1.1819	1.2	0
4131	2013	299	10627.2	4.9	23.2	1.2975	1.2	0
4131	2013	300	7689.6	5.4	19.5	1.2267	1.2	0.5
4131	2013	301	9849.6	6	24	1.3625	1.5	1.6
4131	2013	302	3283.2	5.2	11.1	1.0181	1.4	9.5
4131	2013	303	3456	6.2	10.3	1.0033	0.8	1.3
4131	2013	304	8553.6	4.5	11.6	0.9682	1.3	0
4131	2013	305	6652.8	2.6	14.4	0.9871	1	0
4131	2013	306	6998.4	5.2	18.9	1.209	1.3	5.5
4131	2013	307	4320	0	10.8	0.8339	1.7	3.9
4131	2013	308	6220.8	-0.6	15.4	0.8336	1.2	1.8
4131	2013	309	5097.6	1.3	8.1	0.7515	1.5	5.7
4131	2013	310	2592	4.4	8.3	0.9385	0.9	16.5
4131	2013	311	8553.6	1.4	16.3	1.0221	1.1	0
4131	2013	312	8380.8	1.3	17.2	0.9917	1.1	8.8
4131	2013	313	2505.6	0.9	8.4	0.817	1.2	2.1
4131	2013	314	3542.4	0.2	9.4	0.7912	1.4	13.2
4131	2013	315	4579.2	-0.9	4.9	0.6563	1.2	0
4131	2013	316	7689.6	-2.9	5.2	0.6042	1.2	0
4131	2013	317	2332.8	0.9	3.4	0.642	1.1	0
4131	2013	318	2332.8	-0.9	3.2	0.6241	0.8	10.7
4131	2013	319	3456	0.2	3	0.6584	1.2	0
4131	2013	320	2246.4	-0.8	2.6	0.6195	0.9	0
4131	2013	321	2246.4	0.9	3.5	0.6586	1.1	0
4131	2013	322	7257.6	-1.8	9.8	0.7644	1.4	0
4131	2013	323	2160	0.6	9.2	0.8227	1.6	3.4
4131	2013	324	2160	0.5	3	0.6585	1	0.5
4131	2013	325	4924.8	-0.3	4.7	0.6371	1.7	0
4131	2013	326	3369.6	1.4	5.6	0.6673	1.4	0.8
4131	2013	327	2073.6	0.2	2.4	0.6443	0.8	16.3
4131	2013	328	2073.6	0.2	1.3	0.6322	0.7	11.9
4131	2013	329	5184	-8	0.4	0.4061	2.1	1.4
4131	2013	330	1987.2	-7.6	-2.3	0.3893	1	3.3
4131	2013	331	5270.4	-12.1	-1.3	0.3332	1	0
4131	2013	332	3196.8	-13.1	-0.7	0.3245	0.9	0
4131	2013	333	4406.4	-2.6	3.2	0.562	1.1	3.6
4131	2013	334	2332.8	-5.5	2.8	0.5204	1.1	0.6
4131	2013	335	5616	-10.3	0.3	0.3921	1.2	0
4131	2013	336	5529.6	-11.1	1.1	0.3879	1.3	0
4131	2013	337	5443.2	-8.3	4.2	0.4942	1.3	0
4131	2013	338	5443.2	-7.8	4.9	0.5111	1.2	0
4131	2013	339	5097.6	-5.5	9.4	0.6329	1.3	2.6
4131	2013	340	1987.2	-0.8	7.4	0.5573	3.2	1.3
4131	2013	341	1900.8	-3.8	4.7	0.4229	1.6	0
4131	2013	342	4924.8	-6.5	5.5	0.5243	1	0
4131	2013	343	4752	-6.7	4.2	0.4796	1.4	0
4131	2013	344	5184	-4	7.5	0.61	1.2	0
4131	2013	345	5011.2	-5.1	6.8	0.6043	1.3	0
4131	2013	346	5097.6	-6	4.6	0.5342	1.2	0
4131	2013	347	5097.6	-7.2	3	0.4819	1.2	0
4131	2013	348	4924.8	-7.8	3.7	0.4732	1.3	2.4
4131	2013	349	2764.8	-5	4	0.5656	1	0
4131	2013	350	4924.8	-5.7	5.4	0.556	1.2	0
4131	2013	351	4838.4	-5.1	6.5	0.5656	1.3	0
4131	2013	352	1900.8	-6	3.6	0.4982	1.2	0
4131	2013	353	1900.8	-6.1	4.3	0.4864	1.2	0
4131	2013	354	2678.4	-2.3	6.9	0.6489	1	1.3
4131	2013	355	4924.8	-3.5	3.6	0.5948	1.3	0
4131	2013	356	3974.4	-3.1	9.6	0.725	1.2	0
4131	2013	357	4924.8	-1.8	6.9	0.6679	1.4	0
4131	2013	358	4579.2	-0.2	12.6	0.5497	2.2	0
4131	2013	359	3369.6	2.4	11.5	0.7085	1.6	0
4131	2013	360	1900.8	0.5	3.7	0.6752	1.2	6.3
4131	2013	361	4924.8	-2.8	5.1	0.6374	1.1	0.3
4131	2013	362	4924.8	-3.1	7.7	0.6633	1.5	2.7
4131	2013	363	1900.8	-0.8	4	0.6652	0.8	0.2
4131	2013	364	5011.2	-6.1	3.3	0.524	1	0
4131	2013	365	5097.6	-6.6	3.7	0.4726	1	0
