*---------------------------------------------------------------------------*
* Station name: GARMISCH-PARTENKIRCHEN                  
* Year: 1982
* Author: Pedro Alencar                                   -999.000: NIL VALUE
* Source: ECAD 
* Comments: 
* Longitude: 47.4839, latitude: 47.4839, altitude: 719 m.
*
* Column  Daily value
* 1       station number
* 2       year
* 3       day
* 4       irradiation                   (kJ m-2 d-1)
* 5       minimum temperature           (degrees Celsius)
* 6       maximum temperature           (degrees Celsius)
* 7       early morning vapour pressure (kPa)
* 8       mean wind speed (height: 2 m) (m s-1)
* 9       precipitation                 (mm d-1)
*
** WCCDESCRIPTION=GERMANY, GARMISCH-PARTENKIRCHEN                  
** WCCFORMAT=2
** WCCYEARNR=1982
*---------------------------------------------------------------------------*
   47.4839  11.0633    719.  -0.18 -0.55
4131	1982	1	1900.8	0.1	2.4	0.6487	0.2	11.2
4131	1982	2	5270.4	-2.7	2.4	0.5681	0.2	2.3
4131	1982	3	4752	-2.2	5.2	0.64	0.2	0
4131	1982	4	2419.2	-0.9	6.3	0.6602	0.2	0.5
4131	1982	5	3801.6	2	7.6	0.7654	0.4	6.7
4131	1982	6	1987.2	-4.2	8.4	0.6894	1.3	12.9
4131	1982	7	4838.4	-11	-4.2	0.2936	1.2	0.5
4131	1982	8	1987.2	-15	-9.2	0.2226	0.1	29
4131	1982	9	2073.6	-9.8	2.4	0.4464	0.3	33.5
4131	1982	10	2073.6	-8.6	2.2	0.4393	0.6	22
4131	1982	11	2332.8	-7.4	1.7	0.4707	0	3.2
4131	1982	12	2073.6	-4.3	0.4	0.5032	0.8	3.2
4131	1982	13	3628.8	-6.3	-3.7	0.4005	0.5	0
4131	1982	14	5961.6	-11.7	0.9	0.3722	0.5	0
4131	1982	15	6048	-5.4	3.8	0.5245	0.3	0
4131	1982	16	6048	-5.5	4.5	0.5361	0.1	0
4131	1982	17	5616	-8.1	3.1	0.4373	0.1	0
4131	1982	18	6393.6	-9.2	3.6	0.4376	0.2	0
4131	1982	19	6048	-10.5	3.4	0.395	0.1	0
4131	1982	20	6739.2	-11.2	3.6	0.3831	0.1	0
4131	1982	21	6825.6	-10.6	3.9	0.3962	0.2	0
4131	1982	22	5788.8	-9.2	3.7	0.4343	0.4	0
4131	1982	23	3024	-5.6	3.3	0.5225	0.5	3
4131	1982	24	3283.2	-3.1	1.8	0.5594	0.3	0.2
4131	1982	25	5270.4	-8.7	0.3	0.4075	0.4	0.2
4131	1982	26	2505.6	-12.7	1.8	0.3382	0.2	0.2
4131	1982	27	2505.6	-1.7	3.1	0.5978	0.2	2.6
4131	1982	28	2592	-1	0.8	0.5702	0.5	3.3
4131	1982	29	2592	-2.5	1.4	0.5635	0.6	40.5
4131	1982	30	2592	0.2	7.5	0.6437	2.2	4.4
4131	1982	31	2678.4	0.2	7.1	0.7537	2.4	15.2
4131	1982	32	6393.6	-1.9	4	0.5867	0.3	0
4131	1982	33	9158.4	-10.7	1.6	0.3838	0.3	0
4131	1982	34	9244.8	-13.6	-0.7	0.3076	0.3	0
4131	1982	35	9331.2	-11.4	8.1	0.444	0.1	0
4131	1982	36	9417.6	-9.7	8.9	0.457	0.2	0
4131	1982	37	5097.6	-9.2	6.9	0.4494	0.2	0.5
4131	1982	38	8640	0.2	10.4	0.7213	0.2	0.1
4131	1982	39	4752	-2.6	9.8	0.6483	0.4	0.5
4131	1982	40	3024	-2	5.3	0.6057	0.4	0
4131	1982	41	10108.8	-4.3	11.6	0.6347	0.2	0
4131	1982	42	10281.6	-4	13.8	0.6668	0.2	0
4131	1982	43	10281.6	-4.2	11.3	0.6224	0.4	0
4131	1982	44	10540.8	-4.5	9.8	0.5987	0.4	0
4131	1982	45	9676.8	-5	9.2	0.5757	0.7	0.5
4131	1982	46	3283.2	-1.6	2.3	0.5954	0.7	0
4131	1982	47	8812.8	-3.4	2	0.5342	0.5	0
4131	1982	48	8640	-4	2.6	0.54	0.5	0
4131	1982	49	7776	-6	1.4	0.4903	0.7	4.2
4131	1982	50	3542.4	-1.9	1.1	0.546	1	0.2
4131	1982	51	3542.4	-3.9	-1.9	0.4739	1.2	0
4131	1982	52	11318.4	-11.8	-1.2	0.3309	0.6	0
4131	1982	53	10540.8	-13.5	-4	0.2589	1.1	0.1
4131	1982	54	5097.6	-9.8	-2.5	0.3321	0.9	0.5
4131	1982	55	7603.2	-10.4	-0.4	0.3763	1	2.1
4131	1982	56	10195.2	-9.3	0.4	0.378	0.6	0.1
4131	1982	57	9504	-9.6	0.2	0.3493	0.7	0.1
4131	1982	58	13305.6	-13	4.3	0.3454	0.4	0
4131	1982	59	9763.2	-9.6	9.5	0.4505	0.2	0
4131	1982	60	13305.6	-3.8	13.4	0.7052	0.6	0.1
4131	1982	61	4060.8	-1.1	8	0.7353	0.7	2.9
4131	1982	62	5616	-5	9.6	0.5768	0.2	0
4131	1982	63	9417.6	-2.9	9	0.7224	0.8	5
4131	1982	64	5616	-1.9	2.4	0.5973	0.6	5.8
4131	1982	65	10195.2	-2.5	3.1	0.5308	1.6	0.1
4131	1982	66	15379.2	-8.5	5.5	0.449	0.5	0
4131	1982	67	14947.2	-6.8	8	0.5233	0.7	0
4131	1982	68	14947.2	-5.4	8	0.5369	0.9	0
4131	1982	69	13651.2	-4.6	13	0.5278	0.7	2.3
4131	1982	70	6393.6	-1.4	4.4	0.5719	1.8	12.8
4131	1982	71	10627.2	-4.2	6.6	0.5598	0.3	4.7
4131	1982	72	9504	-1	5.4	0.6514	0.6	11.7
4131	1982	73	13564.8	-3.8	5.4	0.5374	0.5	0.4
4131	1982	74	17280	-9.2	12.8	0.5218	0.4	0
4131	1982	75	15724.8	-4.1	13.7	0.5676	0.6	0
4131	1982	76	11923.2	-1.9	12.5	0.7213	1.1	15.2
4131	1982	77	5011.2	0	1.5	0.6322	0.3	12.4
4131	1982	78	11404.8	-3.3	5.6	0.5976	0.2	2
4131	1982	79	9849.6	-6.2	8	0.5152	0.4	0
4131	1982	80	8726.4	-0.8	8.6	0.6783	0.6	0.7
4131	1982	81	5270.4	0.3	3.3	0.6818	0.4	6.6
4131	1982	82	9849.6	0	2.5	0.6487	1.2	1.4
4131	1982	83	18835.2	-1.7	8.3	0.6656	1.2	0
4131	1982	84	17366.4	-5	10.2	0.5745	1	0
4131	1982	85	20131.2	-4.3	13.6	0.6383	0.9	0
4131	1982	86	20131.2	-2.3	16.9	0.736	0.9	0
4131	1982	87	16329.6	0.1	15.7	0.7774	0.9	0.1
4131	1982	88	13737.6	-0.7	13.7	0.7353	0.6	6
4131	1982	89	15984	1.1	13.4	0.7742	1.1	0
4131	1982	90	14774.4	3	13	0.9006	1.7	0
4131	1982	91	21686.4	-2.1	17.7	0.7721	1.2	0
4131	1982	92	20563.2	-0.8	17.5	0.7795	0.7	2.8
4131	1982	93	5961.6	4.1	7.7	0.8169	0.5	0.7
4131	1982	94	21686.4	0	16.6	0.8425	1	0
4131	1982	95	22118.4	-0.6	20.9	0.8675	1.1	0
4131	1982	96	18921.6	2.9	21.6	0.8974	0.5	1.6
4131	1982	97	12182.4	4.5	12.2	1.0101	0.2	2.7
4131	1982	98	15465.6	1.1	20.3	0.9257	1.5	15.7
4131	1982	99	11059.2	-1.4	6.1	0.6512	1.3	0.5
4131	1982	100	12614.4	0	7.7	0.5632	1.2	0.1
4131	1982	101	15897.6	2.4	7.9	0.5816	1.8	6.3
4131	1982	102	8553.6	-1.3	5	0.6423	1.4	1.4
4131	1982	103	7171.2	-0.9	2.3	0.5528	1.2	0.4
4131	1982	104	12787.2	-0.8	4.8	0.501	1.7	0
4131	1982	105	21427.2	-3.6	9.7	0.5019	1.5	0
4131	1982	106	24364.8	-2.8	12.9	0.6651	1.5	0
4131	1982	107	18748.8	-0.4	13.2	0.6726	1.4	0
4131	1982	108	19267.2	-1.2	11.3	0.5776	1.6	0
4131	1982	109	23587.2	-2.4	10	0.4811	1.8	0
4131	1982	110	16848	-1.8	11	0.5767	0.9	0
4131	1982	111	16156.8	0.2	9.3	0.677	0.7	0.6
4131	1982	112	11145.6	-0.7	7.5	0.7171	0.5	5.8
4131	1982	113	25142.4	-2.6	11.3	0.5834	1.1	2.1
4131	1982	114	7171.2	0.6	5.3	0.6494	1	0.7
4131	1982	115	16588.8	-1.1	9	0.6077	0.8	0
4131	1982	116	20217.6	-2.3	12.6	0.6521	0.9	2.5
4131	1982	117	11059.2	3.5	8.2	0.7863	0.5	4.1
4131	1982	118	10454.4	-0.7	9	0.7067	0.7	2
4131	1982	119	14342.4	2.4	10.7	0.767	0.9	7.5
4131	1982	120	14428.8	-0.8	5.9	0.6312	1.1	1.8
4131	1982	121	11491.2	-1.6	8.6	0.683	0.3	3.3
4131	1982	122	20822.4	0.4	10.4	0.7622	1.1	0.3
4131	1982	123	27043.2	-1	18.5	0.8348	1.2	0
4131	1982	124	18403.2	3.1	21.2	0.9198	1	0
4131	1982	125	21081.6	4.1	20.4	1.111	1.2	5
4131	1982	126	16675.2	4.6	13.9	0.9684	1.5	2.5
4131	1982	127	22204.8	2	12.2	0.6554	1.2	0
4131	1982	128	8640	-0.5	10.9	0.6986	0.8	0.5
4131	1982	129	10800	4.5	11.7	0.9175	0.7	1.2
4131	1982	130	20131.2	5.5	14.9	1.0072	1.4	0.4
4131	1982	131	27820.8	0.8	16.4	0.7593	1.5	0
4131	1982	132	26784	0.4	17.9	0.8112	1.7	0
4131	1982	133	28080	1.2	18.8	0.8221	1.6	0
4131	1982	134	28771.2	1.5	20.9	0.7576	1.2	0
4131	1982	135	27302.4	3.3	23.1	0.8185	1	0
4131	1982	136	27129.6	4.4	24.4	0.8684	0.8	0
4131	1982	137	20304	5.6	21.3	1.0631	1.1	0.4
4131	1982	138	22550.4	7.7	23	1.2367	0.8	0.2
4131	1982	139	20563.2	10	20.4	1.3284	1.5	6.2
4131	1982	140	16416	6.4	20.6	1.3447	0.7	11
4131	1982	141	14428.8	10.3	18.4	1.3556	0.6	0.3
4131	1982	142	24364.8	4.9	21.2	1.1258	1.2	11.2
4131	1982	143	20908.8	9.6	22.3	1.3756	0.7	19.7
4131	1982	144	16761.6	7.4	13.3	1.055	0.9	2.5
4131	1982	145	28080	6.7	18.8	1.0597	1.1	0
4131	1982	146	30240	2.8	23	0.9661	1.7	0
4131	1982	147	29462.4	6	24.9	1.0343	1.5	0
4131	1982	148	12096	12.4	18.8	1.5222	1.2	15.6
4131	1982	149	17280	10.3	16.8	1.3026	1.6	0
4131	1982	150	29548.8	5.5	20.3	1.0999	1.7	0
4131	1982	151	29635.2	6.4	24.5	1.2622	1.3	0
4131	1982	152	29894.4	8.3	26.7	1.2381	1.4	0
4131	1982	153	29203.2	9.7	27.5	1.3266	1.2	0
4131	1982	154	24105.6	9.9	26.4	1.4146	1.4	17.6
4131	1982	155	27820.8	8.9	27.4	1.3521	1.3	0
4131	1982	156	26956.8	9.3	27.1	1.4399	1.4	2.8
4131	1982	157	25228.8	11.4	26.5	1.3778	1.4	5.3
4131	1982	158	15552	12.4	19.9	1.5399	0.4	3.3
4131	1982	159	24624	8.9	24.2	1.4103	1.1	0
4131	1982	160	17193.6	10	24.8	1.5478	0.7	2.6
4131	1982	161	25401.6	11.4	24.1	1.5417	1.1	0.2
4131	1982	162	19267.2	11.9	23.2	1.4624	1.4	20.7
4131	1982	163	7430.4	8.4	14.4	1.2255	0.3	14
4131	1982	164	11318.4	6.2	14	1.1364	0.5	10.2
4131	1982	165	8553.6	6.5	10.3	1.0466	0.6	6.6
4131	1982	166	21081.6	6.4	15.2	1.1519	1	1.3
4131	1982	167	7430.4	5.4	15.8	1.1622	0.4	26.4
4131	1982	168	27820.8	9.5	19.2	1.3556	1.5	0
4131	1982	169	14515.2	6.6	16.3	1.2566	0.3	9.4
4131	1982	170	16848	9.1	18.3	1.1901	0.7	0
4131	1982	171	27216	10.4	20.5	1.2096	1.4	0
4131	1982	172	9936	6.7	20	1.1939	0.2	1.6
4131	1982	173	20044.8	11.1	24	1.6226	1	32.8
4131	1982	174	7430.4	11.6	17.3	1.5945	0.3	13.7
4131	1982	175	27907.2	8.4	21.8	1.2684	1.3	0
4131	1982	176	20649.6	8.6	25.8	1.5088	0.8	6.6
4131	1982	177	13737.6	14.1	22	1.8398	0.9	33.6
4131	1982	178	13910.4	11.1	17.6	1.2903	0.5	2.8
4131	1982	179	19872	10.5	21.4	1.267	1	20.8
4131	1982	180	18921.6	10.9	19.9	1.4154	0.6	0.7
4131	1982	181	21600	10	20.1	1.2131	0.7	0
4131	1982	182	28857.6	9.1	20.8	1.2223	1.4	0
4131	1982	183	27907.2	9.1	26.6	1.3065	1.4	0.4
4131	1982	184	18748.8	14	30.4	2.0033	0.9	7.7
4131	1982	185	24019.2	12	21.8	1.3843	1.3	5.1
4131	1982	186	26438.4	8.2	23.1	1.2607	1.3	0
4131	1982	187	25660.8	7.4	25.7	1.0342	1.3	0
4131	1982	188	18835.2	12.7	22	1.266	1.3	0
4131	1982	189	29030.4	9.5	24.5	1.277	1.4	0
4131	1982	190	29721.6	9.4	27.1	1.3188	1.5	0
4131	1982	191	19958.4	10.6	27.3	1.837	0.6	9.6
4131	1982	192	28080	13.1	25.7	1.6643	1.6	0
4131	1982	193	28252.8	9.8	26.5	1.4146	1.5	0
4131	1982	194	27388.8	12	26.1	1.4744	1.7	0
4131	1982	195	23932.8	11.7	26.5	1.3907	1.6	0
4131	1982	196	25315.2	12.6	29.4	1.6632	1.5	26.6
4131	1982	197	26611.2	12.1	30	1.5189	1.1	0.6
4131	1982	198	16070.4	15.3	23	1.9929	0.6	5
4131	1982	199	11577.6	15	21	1.9165	0.7	5.2
4131	1982	200	11577.6	14.1	21.5	1.7908	1.5	1.1
4131	1982	201	23500.8	11.4	27	1.6881	1.2	3.6
4131	1982	202	22982.4	11.4	27.2	1.6092	1	0
4131	1982	203	18835.2	10.8	24.2	1.7174	0.9	3.6
4131	1982	204	10022.4	14	21	1.7373	0.7	0.4
4131	1982	205	9417.6	12.6	18.5	1.5879	0.7	3.5
4131	1982	206	6912	12.8	18.6	1.6566	0.3	6.1
4131	1982	207	6912	12.9	14.7	1.5131	0.3	20.4
4131	1982	208	6912	11.1	13.5	1.3719	1	9.6
4131	1982	209	7516.8	10.5	16.7	1.4002	0.4	0.7
4131	1982	210	27820.8	6.5	23.2	1.4169	1.2	0
4131	1982	211	21340.8	10.3	27	1.6527	0.7	0
4131	1982	212	9936	13.4	20.7	1.7469	0.7	9
4131	1982	213	23155.2	12.7	22.6	1.6732	1.3	0
4131	1982	214	17366.4	10.4	24.2	1.755	1	0.2
4131	1982	215	13392	13.4	21.7	1.7228	1.2	14.3
4131	1982	216	15206.4	12	22.3	1.758	0.6	7.3
4131	1982	217	14947.2	13.5	22	1.7446	0.6	10.6
4131	1982	218	13219.2	12.7	19.7	1.6735	1	23.4
4131	1982	219	13305.6	12	19.8	1.6599	0.6	1.8
4131	1982	220	6480	12	18.8	1.5203	0.3	0.3
4131	1982	221	10886.4	13.2	21.3	1.6512	0.3	0.5
4131	1982	222	12614.4	11.1	21.8	1.6069	0.5	0.1
4131	1982	223	25574.4	10.6	24.6	1.6679	1.1	0
4131	1982	224	25228.8	11.2	28.4	1.7522	0.9	0
4131	1982	225	17712	11.4	25.9	1.6742	0.7	1.8
4131	1982	226	13737.6	11.5	21.4	1.6256	0.6	0
4131	1982	227	23673.6	10.2	27.5	1.7387	1.2	17.1
4131	1982	228	18835.2	13.9	23.7	1.9282	0.7	7.3
4131	1982	229	9158.4	13.3	19.9	1.66	0.4	0.3
4131	1982	230	23673.6	8.3	24.3	1.4991	0.9	0
4131	1982	231	17971.2	10.7	23.8	1.5332	0.9	0
4131	1982	232	6652.8	10.2	18	1.5428	0.7	19.7
4131	1982	233	15811.2	7.9	16.4	1.1462	0.7	0
4131	1982	234	21254.4	5.5	18.8	1.1037	0.9	0
4131	1982	235	24192	5.1	21.7	1.2132	1	1.8
4131	1982	236	14774.4	10	20.4	1.6044	0.6	4.4
4131	1982	237	18748.8	7	20	1.2675	0.7	0.1
4131	1982	238	22118.4	7.6	26	1.5284	0.9	1.8
4131	1982	239	5702.4	12.4	17.6	1.5839	0.9	11.8
4131	1982	240	5616	10.1	13.6	1.3319	0.8	21.2
4131	1982	241	5616	10.7	16.9	1.4027	0.8	0
4131	1982	242	21600	6	21.5	1.2725	1.2	0
4131	1982	243	6134.4	8.5	16.6	1.3801	0.7	33.3
4131	1982	244	14947.2	8	17.5	1.2658	1	0
4131	1982	245	18921.6	9.1	20.4	1.3072	1.2	0
4131	1982	246	21254.4	12.2	21	1.5846	1.4	0
4131	1982	247	21686.4	8.2	26.7	1.6124	0.6	0
4131	1982	248	20649.6	11.3	27.4	1.7712	1.1	0
4131	1982	249	12268.8	14.2	25.8	2.0307	1.5	2.8
4131	1982	250	5702.4	11.4	15.5	1.3866	0.5	6.5
4131	1982	251	6652.8	11.7	16	1.4705	0.5	0.7
4131	1982	252	15811.2	12.5	20.4	1.6256	0.9	0
4131	1982	253	20044.8	8.6	21.3	1.477	1	0
4131	1982	254	18316.8	9.4	25.1	1.5332	0.9	0
4131	1982	255	18835.2	8.2	23.9	1.439	1.2	0
4131	1982	256	19267.2	10.2	23.1	1.4572	1.3	0
4131	1982	257	19008	7.2	23	1.4227	1.1	0
4131	1982	258	18921.6	8.2	24.5	1.5225	0.9	0
4131	1982	259	18403.2	9.9	23.8	1.6291	0.9	0
4131	1982	260	18316.8	8.6	23.7	1.5582	1	0
4131	1982	261	15724.8	9.6	23.8	1.5377	1	1.7
4131	1982	262	17280	8.4	24.7	1.4667	1	0
4131	1982	263	16761.6	8.6	26.7	1.5321	0.6	7.8
4131	1982	264	5788.8	11.1	18.3	1.6037	0.3	3.8
4131	1982	265	6652.8	10.7	19	1.5181	0.6	8.1
4131	1982	266	4838.4	9	14	1.2879	0.7	4.8
4131	1982	267	13564.8	3	17.2	1.0499	0.6	0
4131	1982	268	13132.8	7	25.3	1.3749	0.7	0
4131	1982	269	14342.4	10.3	26.4	1.3903	1.6	13.7
4131	1982	270	14428.8	9.5	19.3	1.3764	0.8	0.1
4131	1982	271	13046.4	7.1	17.8	1.2412	0.9	0
4131	1982	272	16416	4.8	18.4	1.1873	0.8	0
4131	1982	273	8294.4	6.2	20.2	1.2733	0.8	34.9
4131	1982	274	4320	9.4	11.8	1.2133	0.1	6.1
4131	1982	275	11664	8.5	17.3	1.3229	0.3	0.1
4131	1982	276	12528	5	17.7	1.1678	0.7	0
4131	1982	277	5616	8.6	13.6	1.2278	0.6	0.1
4131	1982	278	4147.2	6.6	11.7	1.0083	1.1	0
4131	1982	279	5529.6	4.6	11.7	1.0073	1.3	11.7
4131	1982	280	14601.6	3.5	16.4	0.856	1.6	0.1
4131	1982	281	8726.4	0.3	14.6	0.8365	0.8	3.7
4131	1982	282	6307.2	3.7	12.2	0.9296	0.2	1.1
4131	1982	283	6998.4	1	13.2	0.8469	0.5	2
4131	1982	284	11664	3.9	15.8	0.9961	0.8	6.1
4131	1982	285	6739.2	3.5	12.3	0.9903	0.4	1.3
4131	1982	286	7257.6	5.3	20.7	1.1371	0.9	13.5
4131	1982	287	12096	6.3	17.5	1.1275	1	5.3
4131	1982	288	5702.4	4.6	9.7	0.8296	0.8	0.6
4131	1982	289	11145.6	0.2	12.2	0.7582	0.5	0
4131	1982	290	5097.6	-0.2	10.5	0.8107	0.4	0.8
4131	1982	291	11318.4	2.2	20.5	1.0336	0.2	0
4131	1982	292	4924.8	6	14.6	1.1141	0.4	0.1
4131	1982	293	11750.4	6.1	18.3	1.1926	0.4	0
4131	1982	294	11836.8	2.4	21.3	1.0822	0.4	0
4131	1982	295	10368	2.8	21.3	0.8575	0.8	0
4131	1982	296	7776	7.2	17.4	1.2004	0.8	0.2
4131	1982	297	3196.8	6.6	10.8	1.0006	0.5	1.2
4131	1982	298	4406.4	6.1	10.5	0.9848	0.7	1.6
4131	1982	299	10627.2	1.1	15.3	0.9347	0.6	0
4131	1982	300	9849.6	-0.6	13.3	0.7852	0.7	0
4131	1982	301	10454.4	-1.2	12.2	0.7675	0.6	0
4131	1982	302	10454.4	-1.6	9.2	0.7136	0.7	0
4131	1982	303	10281.6	-1.1	13.4	0.7839	0.7	0
4131	1982	304	10195.2	-0.2	18.6	0.8721	0.6	0
4131	1982	305	8121.6	-0.2	17.6	0.8769	0.2	0
4131	1982	306	8812.8	2.5	17.7	1.0005	0.4	0
4131	1982	307	9590.4	-0.5	18.1	0.8829	0.3	0
4131	1982	308	9417.6	-1.5	16.2	0.7898	0.5	0
4131	1982	309	8467.2	-1.7	10.3	0.7142	0.7	0
4131	1982	310	8553.6	-2.3	6.3	0.6422	0.8	0
4131	1982	311	8553.6	-2.3	17.2	0.4647	1.2	0
4131	1982	312	2505.6	6.4	17	0.6594	1.6	0
4131	1982	313	3196.8	5.7	13	0.9984	0.4	15.4
4131	1982	314	4320	4.7	14.4	1.0477	0.3	0
4131	1982	315	8380.8	2	14.4	0.8803	0.5	0
4131	1982	316	8380.8	-0.6	16.5	0.8227	0.4	0.1
4131	1982	317	2332.8	3	6.5	0.8056	0.6	15
4131	1982	318	4320	-1.4	5.8	0.6443	0.2	0
4131	1982	319	2937.6	-3	4.3	0.5508	0.6	0.8
4131	1982	320	2246.4	-0.3	3.4	0.6082	0.5	4.5
4131	1982	321	2246.4	-0.8	1.5	0.5891	0.4	11.8
4131	1982	322	2246.4	-0.8	3.1	0.6441	0.1	11.6
4131	1982	323	6134.4	-0.3	12.1	0.8169	0.3	0
4131	1982	324	6652.8	-1.4	10.3	0.6882	0.6	0
4131	1982	325	6825.6	-4.6	8.4	0.5675	0.4	0
4131	1982	326	6393.6	-4.4	10.2	0.5643	0.4	0
4131	1982	327	6307.2	-3.2	12.5	0.6383	0.3	0
4131	1982	328	3283.2	0	14	0.8311	0.4	0
4131	1982	329	6048	-1	12	0.7856	0.5	0
4131	1982	330	5443.2	-1.3	12	0.7059	0.8	0
4131	1982	331	2246.4	-0.4	9.4	0.7074	0.7	0
4131	1982	332	1987.2	0.8	4.1	0.6777	0.9	1.2
4131	1982	333	1987.2	1	2.4	0.6562	1	0.6
4131	1982	334	1900.8	2.4	5	0.7245	0.8	0
4131	1982	335	5529.6	-1.2	4.6	0.6493	0.4	0
4131	1982	336	4233.6	-1.8	8.1	0.6969	0.4	0
4131	1982	337	2246.4	-2.1	0.9	0.5732	0.4	0
4131	1982	338	3369.6	-3.4	0.8	0.5223	0.3	0
4131	1982	339	5184	-4.1	4.7	0.5682	0.2	0
4131	1982	340	2678.4	-4.4	5.5	0.5341	0.2	3.5
4131	1982	341	4320	2	8.5	0.8253	0.3	2.2
4131	1982	342	2764.8	1.5	11.6	0.835	0.3	1
4131	1982	343	3369.6	2.4	7.5	0.8169	0.6	3.4
4131	1982	344	4752	0.2	14	0.7259	1.5	6.8
4131	1982	345	1900.8	-0.6	4	0.6078	1	0.4
4131	1982	346	1900.8	-5.7	2.7	0.4654	0.6	1.4
4131	1982	347	3456	-0.7	3.6	0.6377	0.2	0.9
4131	1982	348	1900.8	-0.6	3.1	0.6153	0.3	0
4131	1982	349	1900.8	-4.3	6.3	0.5123	0.4	2.6
4131	1982	350	2160	3	16.4	0.7215	1.8	1.8
4131	1982	351	2764.8	0.8	10	0.8339	0.8	21
4131	1982	352	1900.8	-2.2	3	0.5912	0.5	8.1
4131	1982	353	4060.8	-9.9	-0.9	0.364	0.4	0.4
4131	1982	354	1900.8	-10.4	2.6	0.4397	0.4	14.1
4131	1982	355	2851.2	-3	2.4	0.5679	0.2	0
4131	1982	356	3628.8	-7	-1.4	0.4165	0.2	0
4131	1982	357	1900.8	-6	-1.6	0.4292	0.3	2.3
4131	1982	358	1900.8	-5.4	-1.9	0.4201	0.6	0.3
4131	1982	359	1900.8	-8.8	-0.7	0.391	0.2	1.8
4131	1982	360	4924.8	-8	-0.8	0.4059	0.3	0
4131	1982	361	4924.8	-8.8	0.5	0.4181	0.3	1.9
4131	1982	362	1900.8	-0.3	2.7	0.6397	0.8	11.5
4131	1982	363	4838.4	-6.1	1	0.4307	0.8	0
4131	1982	364	5011.2	-13.4	-4.7	0.2683	0.4	0
4131	1982	365	5011.2	-12.4	-0.8	0.3358	0.3	0
