*---------------------------------------------------------------------------*
* Station name: GARMISCH-PARTENKIRCHEN                  
* Year: 1992
* Author: Pedro Alencar                                   -999.000: NIL VALUE
* Source: ECAD 
* Comments: 
* Longitude: 47.4839, latitude: 47.4839, altitude: 719 m.
*
* Column  Daily value
* 1       station number
* 2       year
* 3       day
* 4       irradiation                   (kJ m-2 d-1)
* 5       minimum temperature           (degrees Celsius)
* 6       maximum temperature           (degrees Celsius)
* 7       early morning vapour pressure (kPa)
* 8       mean wind speed (height: 2 m) (m s-1)
* 9       precipitation                 (mm d-1)
*
** WCCDESCRIPTION=GERMANY, GARMISCH-PARTENKIRCHEN                  
** WCCFORMAT=2
** WCCYEARNR=1992
*---------------------------------------------------------------------------*
   47.4839  11.0633    719.  -0.18 -0.55
4131	1992	1	4924.8	-9.7	-0.2	0.3724	0.8	0
4131	1992	2	5011.2	-7.2	2.1	0.4459	0.9	0
4131	1992	3	4924.8	-9	0.1	0.3648	1	0
4131	1992	4	5097.6	-9.4	1.7	0.3908	0.9	0.1
4131	1992	5	1987.2	-3.8	6.3	0.5952	0.3	0
4131	1992	6	2851.2	-0.8	8.2	0.5812	0.8	0
4131	1992	7	5356.8	-4.7	5	0.4942	0.8	0
4131	1992	8	5097.6	-4	8.4	0.5226	0.7	0
4131	1992	9	2073.6	2.4	11.5	0.7285	0.6	0
4131	1992	10	2505.6	-1.6	4.2	0.6175	0.6	0.5
4131	1992	11	4665.6	-2.4	2.1	0.5621	0.7	0
4131	1992	12	5702.4	-6	1.9	0.4469	0.6	0
4131	1992	13	4320	-5.8	0.3	0.4243	0.8	0
4131	1992	14	4752	-5.2	1.4	0.4147	0.8	0
4131	1992	15	7084.8	-1.5	3.6	0.5406	0.6	0
4131	1992	16	2160	-2.5	0.1	0.4982	0.8	0
4131	1992	17	2246.4	-1.9	1.8	0.4688	0.9	0
4131	1992	18	6134.4	-6.5	1.1	0.4008	0.9	0
4131	1992	19	3801.6	-6.5	1.7	0.4047	0.6	3.4
4131	1992	20	2332.8	-3.8	0.7	0.5019	1.4	1.2
4131	1992	21	3801.6	-13.3	-3.8	0.2598	2	0
4131	1992	22	6825.6	-15.7	-5.2	0.2264	0.8	0
4131	1992	23	6307.2	-11.8	4	0.3939	0.7	0
4131	1992	24	6912	-7.3	4.5	0.4413	0.6	0
4131	1992	25	7171.2	-8.7	-1.3	0.371	0.7	0
4131	1992	26	5097.6	-10	-2.3	0.336	0.8	0
4131	1992	27	3196.8	-9	-1.7	0.3325	0.6	0
4131	1992	28	5097.6	-11.1	-2.7	0.2953	0.7	0
4131	1992	29	8035.2	-9.9	3.2	0.3723	0.7	0
4131	1992	30	8035.2	-7	6.8	0.4853	0.9	0
4131	1992	31	8553.6	-4.5	4.8	0.525	0.7	0
4131	1992	32	8640	-6.8	7.2	0.4835	0.8	0
4131	1992	33	8553.6	-7	7.3	0.4447	0.7	0
4131	1992	34	4838.4	-6.6	10.4	0.4835	1.7	5.7
4131	1992	35	2851.2	-0.9	2.3	0.6106	0.7	21.3
4131	1992	36	2851.2	0.6	4.2	0.7043	0.6	13.6
4131	1992	37	2937.6	0.8	4	0.6971	0.5	0.2
4131	1992	38	8726.4	-3.4	7.5	0.5949	0.7	0
4131	1992	39	9763.2	-3.8	11.7	0.6563	0.7	0
4131	1992	40	10022.4	-4	13	0.6148	0.8	0
4131	1992	41	4924.8	-3.6	6.4	0.4665	1	0
4131	1992	42	3110.4	-4	5.1	0.515	0.4	24.2
4131	1992	43	4233.6	0.9	8.1	0.8001	0.4	1.4
4131	1992	44	7171.2	0	11	0.7946	0.8	9.6
4131	1992	45	4147.2	-0.3	4.6	0.6634	0.4	0.1
4131	1992	46	3283.2	-3.9	5.7	0.5543	0.4	5.7
4131	1992	47	5616	-1.2	5.7	0.6466	0.7	4.8
4131	1992	48	3456	-3.6	-0.4	0.4749	0.9	10.6
4131	1992	49	8380.8	-6.9	-2.3	0.3563	1.6	0
4131	1992	50	11577.6	-14.9	-1.7	0.2453	1.1	0
4131	1992	51	11404.8	-12.6	-1.9	0.2591	1	0
4131	1992	52	6998.4	-12.9	0.5	0.3155	0.6	0
4131	1992	53	10886.4	-3.1	6.5	0.5319	0.7	0
4131	1992	54	4492.8	-3.4	6.6	0.5898	0.4	0
4131	1992	55	12614.4	-3.6	11.5	0.6158	0.9	0
4131	1992	56	5011.2	-3.2	10	0.5534	0.8	0
4131	1992	57	3888	-1	7.3	0.6203	0.6	0
4131	1992	58	13219.2	-3.3	11.3	0.6261	1	0
4131	1992	59	13219.2	-2.8	12.2	0.6405	1.1	0
4131	1992	60	13737.6	-3.2	12.8	0.6192	1	0
4131	1992	61	14256	-3.2	16.6	0.6376	0.8	0
4131	1992	62	11404.8	-2.8	11	0.5896	0.8	4.1
4131	1992	63	7344	-3.9	11.7	0.6056	0.4	0
4131	1992	64	14947.2	-0.9	15	0.7034	1	0
4131	1992	65	12268.8	-1.5	15	0.7383	0.9	0
4131	1992	66	4838.4	2.1	9.8	0.8011	0.6	0.8
4131	1992	67	15033.6	0	12.3	0.7084	1	0
4131	1992	68	13564.8	-3.4	12.2	0.6188	1.1	0
4131	1992	69	12355.2	0.7	12.8	0.7383	1.2	0
4131	1992	70	15724.8	-2.5	13.7	0.6274	1	0.4
4131	1992	71	9072	-1.6	8	0.5149	0.6	2.1
4131	1992	72	11577.6	-3.9	11.2	0.4998	0.7	0
4131	1992	73	6998.4	3.4	12.6	0.461	3.7	8.3
4131	1992	74	4838.4	0.4	12.3	0.881	1.3	30.9
4131	1992	75	4924.8	0.3	4	0.6919	0.5	43.1
4131	1992	76	10368	-0.7	4.8	0.6303	1	1
4131	1992	77	5011.2	-1.1	6.1	0.6289	0.6	0
4131	1992	78	14342.4	-2.1	12.3	0.7113	0.7	0
4131	1992	79	12960	-2	12.7	0.6881	0.8	6.7
4131	1992	80	5184	2.6	6.5	0.8198	0.4	8.3
4131	1992	81	11491.2	2.2	15.5	0.7609	1.2	3.4
4131	1992	82	5356.8	0.6	6.6	0.585	1	26.1
4131	1992	83	7603.2	0.5	6.7	0.7194	0.7	31.2
4131	1992	84	7257.6	0.4	3	0.6631	0.6	4
4131	1992	85	16329.6	-2.1	7.6	0.603	0.8	0
4131	1992	86	5616	-3.4	3.6	0.4924	0.9	0
4131	1992	87	12441.6	-2	6.4	0.5226	1.1	0
4131	1992	88	7344	-1.5	2.3	0.5535	0.8	4
4131	1992	89	6307.2	-1.5	1.8	0.5621	1	2.6
4131	1992	90	16070.4	-3	12	0.6485	0.9	0
4131	1992	91	14947.2	-0.6	16.3	0.4776	1.7	3.5
4131	1992	92	9676.8	0.7	12.7	0.8534	1.5	7.1
4131	1992	93	19785.6	-0.3	11.8	0.6615	0.8	0
4131	1992	94	11318.4	-1	12.4	0.6684	1.9	0
4131	1992	95	6134.4	3.2	7.6	0.807	0.9	1.2
4131	1992	96	6134.4	0.5	5.5	0.7274	1.2	8.3
4131	1992	97	6739.2	-0.1	4.1	0.621	1.2	0
4131	1992	98	6307.2	1.5	7.6	0.6761	0.8	0
4131	1992	99	12182.4	-1.6	10.2	0.573	2	0
4131	1992	100	14083.2	-0.8	11	0.6411	1.6	0
4131	1992	101	22204.8	-2.7	12.4	0.5868	1.9	0
4131	1992	102	23155.2	-2	13	0.5869	1.7	0
4131	1992	103	23414.4	-2.4	16.5	0.6029	1.1	2
4131	1992	104	9417.6	3.5	10.7	0.8369	1	0.2
4131	1992	105	22636.8	1.7	15.4	0.5676	1.1	0
4131	1992	106	9331.2	-0.3	15	0.841	1	6.7
4131	1992	107	9590.4	0.7	6.3	0.5809	0.8	1.1
4131	1992	108	10108.8	-0.7	4.1	0.5319	1.4	0.9
4131	1992	109	6912	0.2	7.6	0.6621	0.5	3.7
4131	1992	110	6912	4.5	10.5	0.9844	0.5	12.9
4131	1992	111	13564.8	3.3	11	0.7993	1	0.7
4131	1992	112	25142.4	-2.3	16.9	0.6848	1.2	0
4131	1992	113	11059.2	1.7	14	0.9339	1	19.2
4131	1992	114	7171.2	5.8	9.4	0.9807	0.7	8.6
4131	1992	115	25488	4.9	21.4	0.982	0.7	0
4131	1992	116	24710.4	3.6	25.4	0.8741	0.8	0
4131	1992	117	21513.6	7.1	23.8	0.9291	0.9	0
4131	1992	118	11577.6	5.6	20.2	1.0553	0.5	2.2
4131	1992	119	17971.2	7.3	19.6	1.2479	1.3	28.7
4131	1992	120	9331.2	3.7	9.3	0.8031	0.9	7.1
4131	1992	121	7430.4	3.4	9	0.8151	0.6	0.7
4131	1992	122	22464	3.7	21.3	0.7964	1.5	0
4131	1992	123	17625.6	5.5	16.5	0.9574	2.3	0.1
4131	1992	124	7603.2	6.3	10.4	1.032	1.9	0.2
4131	1992	125	7603.2	6.8	9.6	1.0433	1.5	0.4
4131	1992	126	7689.6	7.3	10.8	1.0706	1.1	0.2
4131	1992	127	16243.2	7.4	17.5	1.0391	0.6	0
4131	1992	128	26524.8	2.1	19.1	0.8301	1.2	0
4131	1992	129	19267.2	5	20.6	0.8565	0.7	1.4
4131	1992	130	17712	7.8	17.6	1.1296	1.2	1.1
4131	1992	131	24796.8	7.7	19	1.1021	1.9	0
4131	1992	132	18144	6.5	18	1.111	1.1	7.6
4131	1992	133	25574.4	3	18.1	0.8401	1.3	0
4131	1992	134	28684.8	3.5	24.2	0.9329	1.5	0
4131	1992	135	28684.8	5.9	26.1	1.0531	1.6	0
4131	1992	136	27475.2	7.3	25.7	1.0872	1.6	0
4131	1992	137	28252.8	6.3	24.8	1.0586	1.4	1
4131	1992	138	17366.4	7.4	20.1	0.974	1.3	0.1
4131	1992	139	28252.8	4.3	19.3	0.7882	2	0
4131	1992	140	26265.6	2.7	18.7	0.7328	2	0
4131	1992	141	26438.4	2.6	19.7	0.6093	1.7	0
4131	1992	142	22982.4	3.1	19.6	0.7651	1.1	0.6
4131	1992	143	26784	2.9	22	0.7938	1.4	0
4131	1992	144	18921.6	5.7	23.1	0.934	1.1	0
4131	1992	145	17193.6	6.8	21.6	1.0514	0.9	0.5
4131	1992	146	22291.2	5.3	22.4	0.9804	1	0.1
4131	1992	147	25228.8	5.9	24.2	1.1106	1.3	9.6
4131	1992	148	12614.4	9.7	19.2	1.3315	0.8	0.5
4131	1992	149	26265.6	6.6	22.4	1.006	1.7	0
4131	1992	150	19267.2	6	20.3	1.0274	1.2	0
4131	1992	151	18662.4	9.1	22.1	1.0089	1.2	0
4131	1992	152	20995.2	7	21.7	1.1433	1.4	2.2
4131	1992	153	18748.8	9.6	23.6	1.3959	1.2	0
4131	1992	154	18489.6	11.9	27.7	1.4294	1	1.4
4131	1992	155	9504	12.3	19.1	1.5497	1.2	11.1
4131	1992	156	17539.2	10.3	19.7	1.3625	1.3	0.3
4131	1992	157	20649.6	11.4	22.7	1.3199	1.7	0
4131	1992	158	17798.4	6.4	17.4	1.0857	1.4	3.2
4131	1992	159	26438.4	5.9	20.2	1.0207	1.5	0.5
4131	1992	160	12441.6	8.2	17	1.2826	1	12.8
4131	1992	161	12614.4	9	17.1	1.3209	0.5	7.9
4131	1992	162	21081.6	5.1	20.6	1.1704	0.5	11
4131	1992	163	7430.4	7.6	14	1.1777	0.5	2.8
4131	1992	164	7430.4	9.5	13.1	1.2844	0.5	10.2
4131	1992	165	8553.6	10	15.6	1.4324	0.5	6.3
4131	1992	166	20563.2	10.6	21.2	1.4614	0.5	0
4131	1992	167	26956.8	6.5	24.3	1.1882	0.5	0
4131	1992	168	24451.2	7.9	23.5	1.2469	0.5	1.8
4131	1992	169	7430.4	11.5	17	1.5416	0.5	10.1
4131	1992	170	19958.4	12.4	20.3	1.3182	1.7	2.2
4131	1992	171	7430.4	9.5	13.7	1.3237	1.1	17.4
4131	1992	172	21427.2	9.4	22.2	1.488	1	0
4131	1992	173	10540.8	12.9	18.2	1.3761	1.6	0
4131	1992	174	19440	9.6	23.2	1.4528	1.2	0.4
4131	1992	175	13305.6	13.3	24.8	1.6504	1	4.6
4131	1992	176	18230.4	11	21.5	1.4206	1.5	31
4131	1992	177	7430.4	11.5	17.3	1.4419	0.5	1.3
4131	1992	178	16329.6	12.5	20.3	1.6205	0.9	0.9
4131	1992	179	24537.6	6.4	21.5	0.9867	1.5	0
4131	1992	180	29548.8	6.2	22.4	0.9768	2	0
4131	1992	181	27820.8	6.3	24.7	1.108	1.5	0
4131	1992	182	27388.8	9.7	26.6	1.2273	1.4	0
4131	1992	183	17971.2	11.5	21.2	1.4482	1.5	5.8
4131	1992	184	17971.2	13.8	21.8	1.6484	1.3	0.7
4131	1992	185	23328	11.7	24.3	1.5868	1.2	6.9
4131	1992	186	13046.4	10.3	21.2	1.6977	0.5	28.7
4131	1992	187	9849.6	9.9	17.1	1.2829	0.7	1.9
4131	1992	188	11145.6	10.3	18.2	1.4929	0.6	5.3
4131	1992	189	11404.8	8.8	18.2	1.4684	0.7	8.3
4131	1992	190	16329.6	12.3	20.4	1.5968	1.4	34.1
4131	1992	191	20822.4	9.5	22.5	1.6523	0.9	2.3
4131	1992	192	13910.4	12.7	21.7	1.5872	0.8	15.8
4131	1992	193	7257.6	11	13.6	1.3862	0.6	12.7
4131	1992	194	18662.4	9.5	20.5	1.3455	0.9	1.5
4131	1992	195	19353.6	10.6	20.5	1.3761	1	0
4131	1992	196	26956.8	7.8	22.7	1.3153	1.2	6.2
4131	1992	197	10454.4	14.1	20.5	1.7747	1.2	1.8
4131	1992	198	18662.4	14.1	23.3	1.7655	1.2	0.4
4131	1992	199	27129.6	9.7	26.8	1.4234	1.2	0
4131	1992	200	16675.2	14.3	23.8	1.6284	1.2	0
4131	1992	201	27734.4	14.8	26.4	1.7197	1.2	0
4131	1992	202	27907.2	12.3	29.2	1.7357	1.2	0
4131	1992	203	25574.4	14.2	30.4	1.6931	1.2	15.5
4131	1992	204	17452.8	13.1	22.1	1.8488	1.2	24.7
4131	1992	205	20476.8	14.1	23.1	1.7759	1.2	0
4131	1992	206	25142.4	11.5	26.2	1.7169	1.2	3
4131	1992	207	20217.6	15.4	24	1.9017	1.2	0
4131	1992	208	24537.6	14.6	25.6	1.8554	1.2	0
4131	1992	209	27734.4	12.9	28.2	1.7386	1.2	0
4131	1992	210	22377.6	14.5	21.4	1.3969	1.2	0
4131	1992	211	26179.2	9	26.2	1.5674	1.2	1.4
4131	1992	212	27216	13.2	30.8	1.8472	1	0
4131	1992	213	25315.2	12.3	29.1	1.7791	1.3	3.4
4131	1992	214	22723.2	13.4	28.3	1.7464	1.3	22
4131	1992	215	21600	13.3	27.9	1.962	1.3	0
4131	1992	216	18835.2	13.4	30	1.8915	1.3	12.6
4131	1992	217	8985.6	15	20	1.8571	1.3	11.9
4131	1992	218	26524.8	10.2	26	1.7419	1.3	0
4131	1992	219	22636.8	13.8	28.4	1.9732	1.3	0
4131	1992	220	22896	17.1	29.4	2.2771	1.3	5.2
4131	1992	221	25574.4	14.6	30	1.9887	1.3	0
4131	1992	222	26092.8	13.2	30.8	1.5833	1.3	0
4131	1992	223	15724.8	12.3	23.2	1.6837	1.3	17.3
4131	1992	224	21600	9.2	22.1	1.4027	1.3	24.1
4131	1992	225	16156.8	12.6	21.6	1.5577	1.3	0
4131	1992	226	19872	11.3	21.8	1.3727	1.6	0
4131	1992	227	8467.2	10.5	18.7	1.3611	0.8	0.8
4131	1992	228	20736	11.8	19.7	1.4296	1.4	0
4131	1992	229	24105.6	8.3	23	1.4383	1.4	0
4131	1992	230	24796.8	9.9	26.9	1.5214	1.1	0
4131	1992	231	24969.6	10.3	28.5	1.5068	1.3	0
4131	1992	232	24192	12.3	29.7	1.6136	1.1	0
4131	1992	233	23068.8	13.5	30.1	1.6945	1.4	1.6
4131	1992	234	19785.6	15.6	26	1.8881	1.5	5.8
4131	1992	235	18835.2	14.8	25	1.879	1.1	5
4131	1992	236	12355.2	14.1	21.5	1.6484	0.7	3.1
4131	1992	237	15552	13.6	24.3	1.7495	1	0
4131	1992	238	23846.4	11	28.6	1.683	1.2	0
4131	1992	239	20217.6	10.1	31.7	1.6777	0.7	3.4
4131	1992	240	22636.8	12.4	27	1.7872	1.2	0
4131	1992	241	19180.8	14	32.1	1.828	1	0
4131	1992	242	17107.2	13.3	30.7	1.7416	1.1	7.6
4131	1992	243	12528	14.3	21.3	1.7501	0.9	0
4131	1992	244	17452.8	11.4	27.3	1.6367	1.2	36.2
4131	1992	245	13737.6	6.3	13.9	0.9388	1.3	0.8
4131	1992	246	22204.8	4.7	20.2	1.068	1.3	0
4131	1992	247	12441.6	8.2	21.6	1.3369	1.3	8.3
4131	1992	248	8294.4	5.3	14.2	1.0377	1.3	13.2
4131	1992	249	10108.8	4.6	11.3	0.8121	1.3	0.2
4131	1992	250	20217.6	2.9	15.4	0.8924	1.3	0
4131	1992	251	13219.2	0.8	19	0.9019	1.3	0.1
4131	1992	252	8985.6	9.4	16.9	1.3749	1.3	9.1
4131	1992	253	7516.8	10.9	16.2	1.3491	1.3	0.1
4131	1992	254	11232	10.9	17.2	1.4257	0.8	3
4131	1992	255	16502.4	11.9	23.3	1.5674	0.9	0
4131	1992	256	16588.8	9.2	19.4	1.3187	1.5	0
4131	1992	257	13824	10.5	22.3	1.4901	0.8	0
4131	1992	258	6480	9.2	16	1.2826	0.3	11.7
4131	1992	259	15552	11	19.1	1.3156	1	0
4131	1992	260	19180.8	6.6	22.6	1.3445	0.9	0
4131	1992	261	19008	6.9	22.7	1.261	1	0
4131	1992	262	18748.8	6	23.1	1.307	1.1	0
4131	1992	263	13737.6	7.8	21	1.4419	0.9	0.3
4131	1992	264	14342.4	10.5	18.7	1.3611	1.1	0
4131	1992	265	16675.2	7.2	21.9	1.2905	1	0
4131	1992	266	17539.2	7.8	26.8	1.262	0.8	0
4131	1992	267	5270.4	8.3	15.6	1.229	0.8	3.2
4131	1992	268	6048	10.6	16.3	1.3558	1.1	0.2
4131	1992	269	17107.2	5.7	17.8	1.1715	1	0
4131	1992	270	16934.4	6.4	24.7	1.3409	1	0
4131	1992	271	16675.2	6	27	1.3121	0.8	0
4131	1992	272	5270.4	10.7	19.1	1.523	0.7	2.9
4131	1992	273	4406.4	8.9	13.4	1.2187	0.9	10
4131	1992	274	4320	8.9	13.1	1.1673	0.3	0
4131	1992	275	5961.6	6.4	14.6	1.091	0.7	0
4131	1992	276	9331.2	6.5	16.5	1.0981	0.9	0.4
4131	1992	277	6134.4	10.2	14.8	1.2308	0.9	0
4131	1992	278	4924.8	8.2	12.8	1.1037	0.9	0.6
4131	1992	279	7516.8	4.8	14.6	1.1064	0.8	3.9
4131	1992	280	6825.6	6.3	16	1.0995	1	25.9
4131	1992	281	3974.4	8.9	12.3	1.1366	1	1.9
4131	1992	282	12009.6	9.3	16.5	1.2486	0.9	0
4131	1992	283	11491.2	3.7	17.4	1.031	0.8	0.4
4131	1992	284	3801.6	7.7	11.5	1.1229	1.6	0.6
4131	1992	285	3801.6	6.5	8.5	0.9533	1.3	0.3
4131	1992	286	3715.2	6.5	9.2	0.9021	1.6	0.1
4131	1992	287	6652.8	1.1	7	0.7181	1	0
4131	1992	288	8985.6	0.2	13.6	0.8354	0.6	0
4131	1992	289	8121.6	0.3	12.1	0.8151	1.2	4.5
4131	1992	290	3542.4	1	6.5	0.7351	0.7	6
4131	1992	291	3456	0.6	4.1	0.6874	0.9	13.1
4131	1992	292	3801.6	-0.8	2.9	0.5999	0.6	3.2
4131	1992	293	9504	-4.9	6.8	0.5629	0.6	0
4131	1992	294	6134.4	-0.8	9.3	0.7696	0.7	4.8
4131	1992	295	3283.2	2	6.3	0.7807	0.5	16.4
4131	1992	296	9158.4	-1.6	8.4	0.6158	0.6	2
4131	1992	297	5616	-2	9.4	0.629	0.6	8.9
4131	1992	298	5443.2	0.9	6.4	0.722	0.8	2.7
4131	1992	299	4924.8	1.2	8.6	0.8054	0.6	9.2
4131	1992	300	3024	2.5	7.4	0.6692	1.2	1.4
4131	1992	301	4060.8	-1.2	8.4	0.7115	0.5	2.7
4131	1992	302	4147.2	2.4	12.1	0.8659	0.9	13.4
4131	1992	303	7948.8	-0.4	11.2	0.6994	0.8	0.5
4131	1992	304	7257.6	-0.5	9.3	0.6858	0.9	0.2
4131	1992	305	2851.2	3.6	4.8	0.7752	1.2	0.2
4131	1992	306	8380.8	-0.3	9.3	0.7664	1	0
4131	1992	307	7344	1.8	8.5	0.8372	0.8	0
4131	1992	308	2678.4	1.1	8.1	0.8226	0.5	11.3
4131	1992	309	2678.4	3.7	9.3	0.9192	0.5	2.1
4131	1992	310	2937.6	5.2	11.8	1.0204	0.3	0
4131	1992	311	9158.4	0.6	14.7	0.8899	0.7	0
4131	1992	312	8985.6	-1.6	16.8	0.7929	0.9	0
4131	1992	313	3369.6	-1.1	6.7	0.6798	0.7	0
4131	1992	314	8640	-1.1	10.3	0.7548	1	0
4131	1992	315	4147.2	-0.3	11.1	0.7801	0.8	5.9
4131	1992	316	3024	1.5	13.3	0.8233	0.7	4.8
4131	1992	317	4492.8	0.5	7.9	0.7422	1.1	8.8
4131	1992	318	2332.8	-0.2	1.3	0.6231	0.3	16.7
4131	1992	319	6998.4	-4.2	2.1	0.5376	0.4	3.2
4131	1992	320	3196.8	-3.3	5.2	0.6414	0.5	7.2
4131	1992	321	2246.4	0.7	3.5	0.7037	0.3	17.7
4131	1992	322	2246.4	-1	2.5	0.6322	0.4	1.5
4131	1992	323	5356.8	-3.7	3.4	0.4835	0.8	5.3
4131	1992	324	2419.2	-3.6	5.1	0.6322	0.4	8
4131	1992	325	2160	0.5	5.6	0.6464	0.9	0.6
4131	1992	326	2073.6	-1.4	3.7	0.6507	0.3	44.1
4131	1992	327	2073.6	3.7	10.7	0.9644	1.4	27.3
4131	1992	328	6220.8	1.6	11.4	0.9192	0.5	0
4131	1992	329	6134.4	-0.6	10.6	0.7849	0.8	0
4131	1992	330	2592	-0.7	11	0.7314	0.7	0
4131	1992	331	1987.2	2	13.1	0.9462	0.7	4.9
4131	1992	332	5788.8	-1.3	9	0.6678	0.8	0
4131	1992	333	1987.2	-1.4	12.7	0.7025	1	15.7
4131	1992	334	1900.8	5.3	7.1	0.9478	0.3	22
4131	1992	335	5529.6	0.9	8.6	0.7627	0.7	0
4131	1992	336	5443.2	-0.8	10.6	0.7534	0.5	0
4131	1992	337	5097.6	0.9	13	0.6187	0.7	0
4131	1992	338	1987.2	2.1	13.1	0.9599	0.6	14.8
4131	1992	339	2419.2	-0.8	10.2	0.6064	0.7	7.4
4131	1992	340	1987.2	-0.7	7.7	0.785	1.2	25.6
4131	1992	341	1900.8	-3.1	1.1	0.5453	0.5	0.3
4131	1992	342	1900.8	-6.6	1.3	0.4928	0.4	0
4131	1992	343	1900.8	-0.2	2	0.6521	1	4.4
4131	1992	344	1900.8	-0.2	0.8	0.6182	1.3	1.1
4131	1992	345	1900.8	-0.6	0.5	0.5905	1.3	0
4131	1992	346	1900.8	-5	0.5	0.4714	0.7	0.3
4131	1992	347	1900.8	-5.7	4.1	0.5649	0.5	17.4
4131	1992	348	1900.8	-0.6	3.1	0.5751	0.5	0
4131	1992	349	5011.2	-3.2	2.4	0.5579	0.6	0
4131	1992	350	4924.8	-4.8	4.5	0.5621	0.7	0
4131	1992	351	4752	-3.9	4.5	0.5682	0.7	0
4131	1992	352	4406.4	-5.3	2.6	0.5149	0.9	0
4131	1992	353	4579.2	-6.7	2.5	0.4819	0.9	0
4131	1992	354	3369.6	-5.6	3.2	0.5094	0.7	0
4131	1992	355	3801.6	-3.8	5.6	0.5869	0.7	0
4131	1992	356	1900.8	-2.5	4.3	0.613	0.5	0
4131	1992	357	4492.8	-3.4	4.1	0.5954	0.6	0
4131	1992	358	3542.4	-5.6	0.8	0.4918	0.7	0
4131	1992	359	4320	-5.5	0.2	0.4878	0.5	0
4131	1992	360	1900.8	-8.1	-2.1	0.4058	0.6	0
4131	1992	361	4060.8	-7.5	-2.6	0.3906	0.7	0
4131	1992	362	4060.8	-8.6	-3.1	0.3636	1.1	0
4131	1992	363	4665.6	-11.1	-3.5	0.3111	0.9	0
4131	1992	364	4924.8	-12.9	-5.5	0.2743	0.9	0
4131	1992	365	4924.8	-11.4	-4.5	0.3059	0.9	0
4131	1992	366	4924.8	-10.2	-2.5	0.3423	0.9	0
