*---------------------------------------------------------------------------*
* Station name: GARMISCH-PARTENKIRCHEN                  
* Year: 1996
* Author: Pedro Alencar                                   -999.000: NIL VALUE
* Source: ECAD 
* Comments: 
* Longitude: 47.4839, latitude: 47.4839, altitude: 719 m.
*
* Column  Daily value
* 1       station number
* 2       year
* 3       day
* 4       irradiation                   (kJ m-2 d-1)
* 5       minimum temperature           (degrees Celsius)
* 6       maximum temperature           (degrees Celsius)
* 7       early morning vapour pressure (kPa)
* 8       mean wind speed (height: 2 m) (m s-1)
* 9       precipitation                 (mm d-1)
*
** WCCDESCRIPTION=GERMANY, GARMISCH-PARTENKIRCHEN                  
** WCCFORMAT=2
** WCCYEARNR=1996
*---------------------------------------------------------------------------*
   47.4839  11.0633    719.  -0.18 -0.55
4131	1996	1	1900.8	-3.2	2.3	0.5558	0.3	0.1
4131	1996	2	4579.2	-4.4	0.3	0.4995	0.6	0
4131	1996	3	1987.2	-2.2	-0.4	0.5112	1	0
4131	1996	4	5097.6	-9.9	-1.7	0.3531	0.5	0
4131	1996	5	4924.8	-12.4	-2.8	0.3039	0.6	0
4131	1996	6	2937.6	-10.3	2.7	0.3969	0.6	0
4131	1996	7	4147.2	-2.1	6.7	0.6128	0.7	5.3
4131	1996	8	3024	-1	4.5	0.6516	0.4	1
4131	1996	9	4060.8	-4.1	10	0.6569	0.6	0
4131	1996	10	5097.6	-2.4	12.5	0.7001	0.7	0
4131	1996	11	4579.2	0	11.6	0.756	1	0
4131	1996	12	2073.6	0.2	7.6	0.654	0.9	0
4131	1996	13	5011.2	-2.2	7.9	0.6373	0.3	0
4131	1996	14	4924.8	-4.6	0	0.4852	0.6	0
4131	1996	15	5961.6	-5.5	1.2	0.4645	0.5	0
4131	1996	16	6048	-7.4	-1.3	0.403	0.6	0
4131	1996	17	6134.4	-10	-1	0.3531	0.6	0
4131	1996	18	5788.8	-9.2	3.5	0.3865	0.6	0
4131	1996	19	6393.6	-8.1	2.9	0.3988	0.5	0
4131	1996	20	6480	-5.3	-2	0.3874	0.9	0
4131	1996	21	6825.6	-10.4	0.4	0.3541	0.6	0
4131	1996	22	6652.8	-10.7	-1.8	0.3258	0.7	0
4131	1996	23	6393.6	-9.6	2	0.3738	0.7	0
4131	1996	24	4060.8	-3.8	-1	0.4355	1.4	0
4131	1996	25	2419.2	-5.7	-3.7	0.3752	0.9	0
4131	1996	26	5097.6	-7.8	-1.9	0.3624	0.8	0.1
4131	1996	27	2505.6	-3.4	-0.6	0.4855	0.6	8.9
4131	1996	28	2592	-3.8	-0.8	0.4748	0.7	0
4131	1996	29	4838.4	-7.1	-2.4	0.3953	0.8	0
4131	1996	30	2592	-6.3	-4	0.3668	0.8	0
4131	1996	31	4924.8	-14.2	-5.3	0.254	0.7	0
4131	1996	32	8726.4	-12.3	3.2	0.3533	0.8	0
4131	1996	33	5356.8	-5.9	8.9	0.5379	0.8	0
4131	1996	34	2764.8	-1.8	1.3	0.552	0.7	2
4131	1996	35	2851.2	-4.7	0.2	0.4611	2	1
4131	1996	36	5011.2	-10.4	-4.6	0.2924	1.5	0.2
4131	1996	37	9417.6	-16.1	-6.2	0.2115	0.9	0
4131	1996	38	8294.4	-16.4	1	0.2639	0.7	0
4131	1996	39	3369.6	-12.3	-5.2	0.2811	0.5	2.4
4131	1996	40	7171.2	-12.1	0.8	0.321	0.4	0.2
4131	1996	41	3110.4	-12.3	2.9	0.3493	0.4	0
4131	1996	42	5011.2	-6.8	4.9	0.4675	0.7	1
4131	1996	43	7603.2	-5.7	6	0.4015	0.5	0.7
4131	1996	44	5011.2	-2.8	5.1	0.5179	0.6	4.2
4131	1996	45	3283.2	-2.7	0.3	0.5038	1.1	2.8
4131	1996	46	4665.6	-5.3	0.6	0.4319	0.8	0
4131	1996	47	3369.6	-9.1	2.7	0.4103	0.2	4.2
4131	1996	48	3888	-0.3	4.5	0.6041	1.4	7.8
4131	1996	49	6480	-3.6	6.3	0.5523	0.3	4.6
4131	1996	50	4665.6	-1.7	2.5	0.5661	0.5	2.4
4131	1996	51	3542.4	-7	-0.4	0.3766	1.1	0
4131	1996	52	3628.8	-5.6	-1.6	0.3888	2.6	0.2
4131	1996	53	5184	-7.4	-4.2	0.3213	1.4	0.3
4131	1996	54	9504	-11.3	-4.3	0.2721	0.8	0
4131	1996	55	12873.6	-16.9	3.7	0.2649	0.6	0
4131	1996	56	13046.4	-10.9	10.3	0.4304	0.7	0
4131	1996	57	13132.8	-6.9	12.1	0.464	0.7	0
4131	1996	58	13478.4	-5.7	12.5	0.5378	0.7	0
4131	1996	59	13478.4	-6.2	7.3	0.4832	1.1	0
4131	1996	60	12700.8	-6.3	3.2	0.4419	0.7	0
4131	1996	61	4060.8	-3.5	2	0.4802	1	4.7
4131	1996	62	9158.4	-12.1	-2	0.3027	0.7	0.3
4131	1996	63	8294.4	-8.4	-0.1	0.3614	0.6	3.4
4131	1996	64	9417.6	-9.1	-0.9	0.3331	0.7	0.2
4131	1996	65	15552	-16.6	3.8	0.2463	0.6	0
4131	1996	66	15206.4	-11.3	5.2	0.3563	1.3	0
4131	1996	67	13564.8	-3.1	4.3	0.5233	1.2	0
4131	1996	68	15811.2	-8.4	4.3	0.4048	1	0
4131	1996	69	15897.6	-8.7	5.2	0.4085	1	0
4131	1996	70	10627.2	-8.3	1.5	0.3804	0.9	0
4131	1996	71	11059.2	-10	0.4	0.3381	1.6	3
4131	1996	72	10627.2	-8.5	-4.5	0.3008	2	0
4131	1996	73	13651.2	-14.6	-2.3	0.2457	1	0
4131	1996	74	16848	-11.2	11.9	0.4763	0.9	0
4131	1996	75	11577.6	-5.9	2.2	0.4482	0.7	0
4131	1996	76	14256	-4.5	6.7	0.5359	1	0
4131	1996	77	9763.2	-0.1	8.6	0.6124	0.9	0
4131	1996	78	5097.6	-1.3	5.8	0.6035	0.9	0
4131	1996	79	6220.8	1.3	5.5	0.6392	0.8	0
4131	1996	80	17280	-3.3	11	0.6115	1.2	0
4131	1996	81	14860.8	-0.6	11.7	0.6705	1.2	10.4
4131	1996	82	10022.4	1.6	10.2	0.6962	0.6	24.6
4131	1996	83	5356.8	0.3	7	0.7458	0.2	9.8
4131	1996	84	15897.6	-0.5	17.5	0.8651	0.7	0
4131	1996	85	17625.6	2.8	13	0.8945	1.2	1.7
4131	1996	86	13478.4	4.8	17.4	1.0166	0.8	8.6
4131	1996	87	5616	-1.2	7.2	0.682	2.6	1.3
4131	1996	88	12787.2	-2.2	4.5	0.5179	1.4	0.9
4131	1996	89	11664	-0.9	5.8	0.5538	0.9	2
4131	1996	90	12355.2	-2.4	3.9	0.5806	0.9	5.7
4131	1996	91	12009.6	-4.6	2.3	0.4607	0.9	1.3
4131	1996	92	17625.6	-6.4	5.9	0.474	1.5	2.3
4131	1996	93	5961.6	-1	0.3	0.5539	2	3.9
4131	1996	94	6048	-2.4	0.4	0.5055	2.2	0.2
4131	1996	95	8294.4	-2.3	0.8	0.4917	1.5	1.1
4131	1996	96	20995.2	-2.9	4.6	0.5198	1.1	0
4131	1996	97	21513.6	-2.3	13	0.6881	1.2	0
4131	1996	98	14688	-0.8	15.4	0.7155	1.1	0
4131	1996	99	13996.8	2.8	16.3	0.8215	0.9	2.4
4131	1996	100	14083.2	4.6	13.1	0.9199	0.5	0
4131	1996	101	12700.8	-0.2	11.8	0.7099	0.7	0.4
4131	1996	102	9244.8	4.9	11.3	0.9931	0.6	8
4131	1996	103	9504	2.3	9.6	0.8384	0.8	8.3
4131	1996	104	7171.2	-0.3	2.6	0.6175	0.9	5.8
4131	1996	105	11059.2	-0.8	6.3	0.6104	1.1	0
4131	1996	106	15897.6	-2.5	9.7	0.5297	0.6	0
4131	1996	107	24451.2	-3.7	14.4	0.5183	1	0
4131	1996	108	22809.6	-3.6	17.5	0.5988	1.2	0
4131	1996	109	21686.4	-0.4	17.4	0.6988	1	0
4131	1996	110	24969.6	-0.2	21	0.7813	1.1	0
4131	1996	111	25228.8	1.3	24.5	0.7878	0.5	0
4131	1996	112	25747.2	1.9	24.6	0.6691	0.6	0
4131	1996	113	23587.2	2.5	25.8	0.6288	0.6	0
4131	1996	114	22032	9.3	25.9	0.7636	1.3	1.1
4131	1996	115	7171.2	7.6	15.9	1.1853	0.4	4.1
4131	1996	116	7257.6	6.5	12.4	0.9697	0.8	2.1
4131	1996	117	16502.4	6.8	15	0.9902	1	0
4131	1996	118	17020.8	4.8	17.9	1.0067	1.2	1.1
4131	1996	119	16070.4	8.2	18.5	1.2398	1	8.5
4131	1996	120	8035.2	6.8	13.3	1.108	0.9	11.9
4131	1996	121	11923.2	7.7	13.4	1.1965	0.9	18.4
4131	1996	122	16848	7.5	15.6	1.1698	1.3	0.4
4131	1996	123	18316.8	5.6	16.4	1.0361	1.7	0
4131	1996	124	9676.8	3.1	8.2	0.7755	0.8	6.3
4131	1996	125	17193.6	1.1	14.1	0.8347	1	2.7
4131	1996	126	19872	4.2	14.6	0.9193	1.6	0
4131	1996	127	24019.2	2	20	0.8787	1.4	0
4131	1996	128	26352	3.5	23.5	0.8965	1.4	0
4131	1996	129	20995.2	5.9	18.6	1.0968	1.2	24.5
4131	1996	130	7862.4	5.8	11.2	1.0315	1.9	9.3
4131	1996	131	7862.4	4	7.5	0.836	1.9	0.8
4131	1996	132	15811.2	6	13.5	0.9894	1.6	0.1
4131	1996	133	7948.8	8.7	10.1	1.1197	1.3	19.8
4131	1996	134	7948.8	7.7	10.7	1.0582	0.6	8.1
4131	1996	135	8035.2	7.7	12	1.0932	0.7	2.1
4131	1996	136	18662.4	9.1	17	1.2909	1.5	1.9
4131	1996	137	26870.4	8.9	21.2	1.2644	1.9	0
4131	1996	138	18144	8	22.7	1.289	0.9	0
4131	1996	139	24969.6	6.4	27.5	1.1187	1.2	0
4131	1996	140	17280	8.7	20.1	1.2617	1.6	18.7
4131	1996	141	10368	5.3	10.4	0.9763	1	15.5
4131	1996	142	23414.4	1.4	17.5	0.8987	1	10
4131	1996	143	22291.2	5.7	15.3	0.8627	1.2	0
4131	1996	144	10108.8	3.2	13.3	0.9487	0.4	7.1
4131	1996	145	29289.6	5.2	24.3	1.1564	1.2	0
4131	1996	146	16156.8	9	23.5	1.5682	0.8	17.1
4131	1996	147	15033.6	9.4	18.1	1.1783	1.2	8.3
4131	1996	148	9244.8	8.1	14	1.1975	0.6	32.1
4131	1996	149	17971.2	4.8	13.1	0.8919	1.1	2
4131	1996	150	29808	0.5	18.2	0.7518	1.6	0
4131	1996	151	29980.8	3.2	24.1	0.9365	1.6	0
4131	1996	152	30240	7.6	28	1.2007	1.4	0
4131	1996	153	22723.2	10.1	24.8	1.4333	1.8	0.3
4131	1996	154	24192	14.2	21.8	1.5043	2.6	0
4131	1996	155	7344	13	17.2	1.5256	1.5	0.5
4131	1996	156	7344	11.3	14.8	1.3359	1.2	0
4131	1996	157	28339.2	9.1	23.7	1.4156	1.7	0
4131	1996	158	29721.6	10	28.6	1.3187	1.5	0
4131	1996	159	27043.2	13	29.9	1.5311	1.6	0.3
4131	1996	160	24364.8	10.7	29	1.3876	1.4	0
4131	1996	161	21600	12.9	25.4	1.705	1.5	3.3
4131	1996	162	24537.6	13.1	27.4	1.7779	1.5	38.6
4131	1996	163	25228.8	10.3	28.2	1.6711	1	4.6
4131	1996	164	21427.2	10.7	26.8	1.7494	0.6	22.4
4131	1996	165	13132.8	13.4	19.6	1.4059	1.4	0
4131	1996	166	27388.8	6.1	19.6	0.9482	1.7	0
4131	1996	167	29980.8	5.1	21.4	0.9581	1.7	0
4131	1996	168	28857.6	6.4	21.7	0.9131	1.7	0
4131	1996	169	29116.8	6.3	24.1	0.9833	1.4	0
4131	1996	170	26784	7.2	26.5	0.8816	1.1	0.2
4131	1996	171	19353.6	12.3	23.4	1.429	0.9	3.7
4131	1996	172	18835.2	9.1	19.5	1.3024	0.8	7.2
4131	1996	173	9936	10.9	16.2	1.3646	0.2	23.2
4131	1996	174	7430.4	6.1	13.6	1.1175	0.8	26.5
4131	1996	175	8121.6	5.2	9.9	0.9358	0.4	4.1
4131	1996	176	18316.8	7	16.5	1.0061	0.9	2.8
4131	1996	177	16502.4	6.6	13.5	1.0834	0.8	5.2
4131	1996	178	7430.4	8.6	12.8	1.1314	0.4	0.3
4131	1996	179	14688	7.8	18.2	1.167	0.4	3.1
4131	1996	180	17971.2	10.1	22	1.3115	0.9	0
4131	1996	181	22464	8.2	23.4	1.2908	1.3	19.8
4131	1996	182	16934.4	9.3	17.7	1.1902	1.1	7.4
4131	1996	183	9244.8	10.4	16.7	1.3491	0.5	1.7
4131	1996	184	8553.6	9.4	16.1	1.2805	0.6	14.2
4131	1996	185	29635.2	8	21	1.1544	1.2	0
4131	1996	186	19008	8.5	26	1.376	1.1	1.1
4131	1996	187	16675.2	13.9	25.3	1.7306	1.4	3.5
4131	1996	188	11145.6	9.5	16.7	1.28	0.6	11.2
4131	1996	189	13737.6	10.1	18	1.2815	1.2	5.7
4131	1996	190	7257.6	5.6	14.4	1.1166	1.1	29.2
4131	1996	191	19353.6	5.6	14.5	0.8125	1.4	3.3
4131	1996	192	7257.6	7.6	11.9	1.1101	0.3	26.7
4131	1996	193	17539.2	9.5	18.8	1.2737	0.8	0.4
4131	1996	194	14774.4	11.1	22.2	1.5139	1	0
4131	1996	195	26265.6	10.7	24.5	1.4469	1.3	0
4131	1996	196	25920	10.6	26.6	1.4764	1.2	0
4131	1996	197	23846.4	12.7	25.6	1.5279	1.6	0
4131	1996	198	7171.2	14.2	19.7	1.6009	1.4	0
4131	1996	199	27302.4	7.3	21.1	1.0837	1.9	0
4131	1996	200	26956.8	6.5	21.9	1.0352	1.5	0
4131	1996	201	23932.8	5.7	19.6	0.9797	1.9	0
4131	1996	202	23328	7.6	19.8	0.9709	2	0
4131	1996	203	26438.4	4.4	20.7	0.9007	1.7	0
4131	1996	204	28512	5.1	22.8	1.0186	1.6	0
4131	1996	205	24796.8	7.3	29.7	1.212	0.9	8.7
4131	1996	206	17366.4	14.3	25	1.9187	0.6	10.1
4131	1996	207	18921.6	12.1	22.5	1.3606	1.1	0.1
4131	1996	208	26352	10.1	21.7	1.3532	1.7	0
4131	1996	209	23155.2	9.6	27.4	1.5947	1.1	0.3
4131	1996	210	15724.8	15.3	26.3	1.9862	0.7	13.8
4131	1996	211	26352	14.4	25.1	1.7238	1.3	1.6
4131	1996	212	14774.4	13.2	22.5	1.4698	1	0.8
4131	1996	213	22032	13	23.8	1.4369	1.3	0
4131	1996	214	26006.4	10	27.9	1.4215	1.2	0.3
4131	1996	215	16848	14.9	27.5	1.734	1	34.9
4131	1996	216	6652.8	12.5	15.4	1.4801	0.7	10.2
4131	1996	217	10454.4	11.6	18.5	1.384	1.4	0
4131	1996	218	24537.6	7.5	20.3	1.285	1.5	0.4
4131	1996	219	14515.2	11.5	22.3	1.5766	0.6	0.4
4131	1996	220	8553.6	11.6	19.6	1.6461	0.7	17.3
4131	1996	221	20563.2	13.9	22.2	1.6951	1.2	0
4131	1996	222	25574.4	9.8	24.8	1.5184	1.4	0
4131	1996	223	20563.2	12.9	26.1	1.5841	1.2	0.7
4131	1996	224	11923.2	12.7	20.9	1.5857	0.6	54.9
4131	1996	225	6307.2	9.9	14.1	1.3031	0.4	13.2
4131	1996	226	14083.2	6	18.6	1.2719	0.5	6.3
4131	1996	227	11750.4	11.1	19.9	1.4949	0.5	7.4
4131	1996	228	10972.8	12.1	19.2	1.6513	0.4	5.6
4131	1996	229	8640	10.9	17.9	1.4747	0.5	0.9
4131	1996	230	23846.4	9.1	21.7	1.363	1.3	0
4131	1996	231	22377.6	8.4	21.4	1.3538	1.7	0
4131	1996	232	24192	8.3	24.8	1.3915	1.4	0
4131	1996	233	16761.6	9.9	24.1	1.7027	0.6	9.2
4131	1996	234	12009.6	9	23.3	1.4666	0.7	4.1
4131	1996	235	18230.4	9.8	22.2	1.5797	0.8	12.1
4131	1996	236	23241.6	11.9	23.5	1.6785	1.2	0
4131	1996	237	12096	10.1	19.6	1.5687	1	29.3
4131	1996	238	17798.4	10	20	1.3795	1.2	0.8
4131	1996	239	12096	9.2	18.1	1.3579	0.8	1
4131	1996	240	10540.8	11.3	20	1.456	0.7	34.8
4131	1996	241	5616	10	15.3	1.2575	0.6	6.2
4131	1996	242	18748.8	6.1	18.7	1.1796	1.2	8.9
4131	1996	243	8121.6	9.4	14.6	1.219	0.4	0.1
4131	1996	244	7084.8	9.3	15.1	1.2068	0.8	9.3
4131	1996	245	5961.6	9	11	1.1411	0.6	21.2
4131	1996	246	5961.6	8.6	12.2	1.1216	1.4	0.8
4131	1996	247	8985.6	8.7	15.8	1.1965	1.2	0
4131	1996	248	12441.6	9.7	17.9	1.3082	1	0.8
4131	1996	249	8294.4	7.5	14.9	1.1828	0.5	9.4
4131	1996	250	15292.8	5.9	15	0.9989	1.1	6.6
4131	1996	251	5702.4	5.1	9.5	0.9302	0.6	2.5
4131	1996	252	6220.8	3.2	9.8	0.8321	0.6	0
4131	1996	253	16416	0.1	13.5	0.7704	1.3	0
4131	1996	254	16329.6	2.3	15.6	0.9033	1.1	0
4131	1996	255	17798.4	2.2	16.4	0.9483	1.3	0
4131	1996	256	9849.6	7.6	16.2	1.1414	0.7	16.9
4131	1996	257	11404.8	4.1	10.5	0.8586	1.3	29.9
4131	1996	258	5270.4	3.6	8.9	0.875	0.4	10.5
4131	1996	259	8294.4	6.3	13.4	1.0932	0.3	2.4
4131	1996	260	14860.8	5.9	13.3	0.9437	1.1	0
4131	1996	261	14428.8	3.3	13	0.8232	1.3	0
4131	1996	262	7689.6	3.2	8.4	0.8113	1.1	0.1
4131	1996	263	17625.6	3	17	1.0307	1.1	0
4131	1996	264	7689.6	3.5	14.4	0.9948	0.7	7.4
4131	1996	265	10972.8	6.7	13.3	1.1043	1	0.2
4131	1996	266	13219.2	7.1	14.4	1.1093	1.4	1.6
4131	1996	267	4752	8.9	10.7	1.138	0.7	18.2
4131	1996	268	4665.6	7.3	10.7	0.9981	0.5	0.3
4131	1996	269	13305.6	5.6	14.1	0.9475	0.9	0
4131	1996	270	6480	4.1	15.5	0.9927	0.4	0
4131	1996	271	10886.4	0.7	16.8	0.8912	0.5	7.4
4131	1996	272	5961.6	8.2	13.8	1.1279	0.7	1.6
4131	1996	273	7862.4	3.8	16.8	0.9764	0.5	0
4131	1996	274	15897.6	3.4	23.8	1.1202	0.9	0
4131	1996	275	14169.6	7.8	24.7	0.9225	0.8	12
4131	1996	276	4233.6	4.4	13.5	1.0519	0.8	20.3
4131	1996	277	11318.4	2.5	13.9	0.8586	0.5	0.3
4131	1996	278	12528	-0.5	16	0.8222	0.7	0
4131	1996	279	7603.2	3.6	11.9	0.9276	0.8	3.1
4131	1996	280	6739.2	3.8	9.3	0.8447	0.7	0
4131	1996	281	12960	5.1	13	0.9554	1	0
4131	1996	282	3888	8.3	11.8	1.0834	0.7	0.2
4131	1996	283	3888	8.7	12	1.1304	0.6	2.8
4131	1996	284	4233.6	8.7	11.9	1.1141	1	0.1
4131	1996	285	11318.4	8.3	13.6	1.098	1	0
4131	1996	286	13392	2.7	18.3	0.9895	0.8	0
4131	1996	287	13305.6	2	20.8	0.9697	0.7	0
4131	1996	288	13132.8	2.2	22	0.9732	0.8	0
4131	1996	289	8208	6.5	18	1.054	0.9	1.9
4131	1996	290	3542.4	8.4	11.7	1.1449	0.3	17.4
4131	1996	291	3456	4.7	8.5	0.906	0.9	7.3
4131	1996	292	8380.8	3	12.3	0.8689	0.6	2.2
4131	1996	293	3369.6	0.8	8.7	0.7799	0.6	12.7
4131	1996	294	4492.8	1.2	8.6	0.7794	0.4	13.7
4131	1996	295	3283.2	5.5	11.3	1.0356	0.6	23.6
4131	1996	296	9417.6	7.9	12.4	1.0534	1	0
4131	1996	297	11404.8	0.3	12.6	0.7907	0.8	0
4131	1996	298	11232	-1.7	11.3	0.6966	1	0
4131	1996	299	11059.2	-1.4	15.3	0.7385	0.8	0
4131	1996	300	3024	2.4	9.5	0.8756	0.3	13.2
4131	1996	301	9849.6	0.5	14.8	0.8689	0.5	0
4131	1996	302	7430.4	6.2	19.3	1.0892	0.4	0
4131	1996	303	5443.2	4.1	16.1	0.8646	1.4	5.1
4131	1996	304	8380.8	-0.4	7.7	0.6426	1.1	0
4131	1996	305	9417.6	-2.5	11.5	0.6569	0.7	1.5
4131	1996	306	2764.8	-0.8	8.8	0.7725	0.5	12.5
4131	1996	307	9763.2	1.2	14.4	0.8778	0.7	0
4131	1996	308	9590.4	1	20.2	0.9834	0.6	0
4131	1996	309	9417.6	1.1	19.6	0.9546	0.7	0
4131	1996	310	5529.6	0.3	13.6	0.9181	0.7	3.4
4131	1996	311	8553.6	-1	12.1	0.7158	0.6	0
4131	1996	312	6566.4	2.4	18.5	0.923	0.7	6.8
4131	1996	313	3888	2.8	7.8	0.748	0.5	0.2
4131	1996	314	8640	-1.7	10.3	0.6477	0.7	0
4131	1996	315	3715.2	-2.8	8.7	0.6192	0.5	0
4131	1996	316	5443.2	1.3	16.7	0.7572	0.7	0
4131	1996	317	5184	7	19.4	0.6821	0.5	0
4131	1996	318	3715.2	3.8	14.9	1.0219	0.8	42.3
4131	1996	319	2332.8	0.1	4.9	0.6947	0.9	18.4
4131	1996	320	2592	-0.6	1.9	0.5956	0.4	0
4131	1996	321	2246.4	-0.7	1.7	0.6019	0.2	0
4131	1996	322	5961.6	-0.6	3.7	0.6492	0.4	0
4131	1996	323	2160	-0.8	0.9	0.5764	0.4	2.7
4131	1996	324	6739.2	-1.8	3.4	0.5956	0.5	0
4131	1996	325	3628.8	0.2	5.5	0.6972	0.6	5.8
4131	1996	326	4060.8	-1.8	4.1	0.5777	0.5	0.1
4131	1996	327	3542.4	-3.5	1.4	0.481	0.4	0
4131	1996	328	5443.2	-7.9	1.1	0.4042	0.4	5.9
4131	1996	329	2505.6	-9.6	-0.2	0.3483	0.6	0.1
4131	1996	330	4060.8	-10.5	4.3	0.3891	0.3	2.5
4131	1996	331	1987.2	-0.1	2.5	0.6197	0.2	9.2
4131	1996	332	4147.2	-1.2	1.3	0.5703	0.4	5.1
4131	1996	333	1987.2	-2.8	-0.7	0.4892	0.8	3.8
4131	1996	334	5270.4	-6.6	-0.3	0.4311	0.3	25.3
4131	1996	335	2505.6	-1	1.6	0.5807	0.4	8.5
4131	1996	336	1987.2	-6.2	-0.1	0.4361	0.3	2.4
4131	1996	337	1987.2	-8.2	1.1	0.4373	0.5	9.9
4131	1996	338	5097.6	-2.7	0.4	0.5225	0.4	0.1
4131	1996	339	5270.4	-5.8	1.6	0.4819	0.5	0
4131	1996	340	4320	-6.3	2.2	0.4837	0.4	0
4131	1996	341	3715.2	-5.9	-1	0.4359	0.3	0
4131	1996	342	4838.4	-7.5	0.7	0.4375	0.4	0
4131	1996	343	2851.2	-9.6	-3.2	0.3486	0.2	0
4131	1996	344	3196.8	-11.4	-1.6	0.3459	0.3	0
4131	1996	345	4147.2	-5	1.5	0.473	0.4	0
4131	1996	346	1900.8	-5.9	-0.2	0.4491	0.3	0
4131	1996	347	5011.2	-5.4	3	0.5094	0.6	0
4131	1996	348	4579.2	-5.7	2.4	0.5036	0.4	1.1
4131	1996	349	1900.8	-0.5	2.6	0.6197	0.8	2.9
4131	1996	350	3456	-2.1	1.5	0.55	0.2	0
4131	1996	351	4665.6	-5.4	0.6	0.4611	0.3	0
4131	1996	352	4492.8	-6.1	1.9	0.4872	0.6	7.7
4131	1996	353	3801.6	-1.2	4.8	0.6609	0.4	0.3
4131	1996	354	2246.4	-3.6	3.5	0.5844	0.4	0
4131	1996	355	1900.8	-0.3	3.3	0.6468	0.2	6
4131	1996	356	1900.8	0.5	3.1	0.6679	0.4	0
4131	1996	357	3628.8	-0.7	2.5	0.626	0.6	1.6
4131	1996	358	1900.8	-1.5	0.6	0.5558	0.8	6.8
4131	1996	359	2419.2	-5.9	-0.6	0.4376	1.4	0
4131	1996	360	1900.8	-8.6	-5.2	0.3172	2	0.3
4131	1996	361	4147.2	-16.5	-8.5	0.1921	1.6	0
4131	1996	362	2937.6	-19.9	-10.8	0.1576	0.5	0
4131	1996	363	4752	-19	-11.6	0.1583	0.4	0
4131	1996	364	4752	-18.5	-12.4	0.1545	0.3	0
4131	1996	365	1900.8	-19	-6	0.2015	0.5	0
4131	1996	366	3456	-11.9	-7.7	0.2559	0.4	0
