*---------------------------------------------------------------------------*
* Station name: GOTTINGEN                               
* Year: 1981
* Author: Pedro Alencar                                   -999.000: NIL VALUE
* Source: ECAD 
* Comments: 
* Longitude: 51.5017, latitude: 51.5017, altitude: 167 m.
*
* Column  Daily value
* 1       station number
* 2       year
* 3       day
* 4       irradiation                   (kJ m-2 d-1)
* 5       minimum temperature           (degrees Celsius)
* 6       maximum temperature           (degrees Celsius)
* 7       early morning vapour pressure (kPa)
* 8       mean wind speed (height: 2 m) (m s-1)
* 9       precipitation                 (mm d-1)
*
** WCCDESCRIPTION=GERMANY, GOTTINGEN                               
** WCCFORMAT=2
** WCCYEARNR=1981
*---------------------------------------------------------------------------*
   51.5017  9.9528    167.  -0.18 -0.55
4151	1981	1	1641.6	-0.2	5.8	0.5379	5.9	3.1
4151	1981	2	1036.8	0.9	3.6	0.6681	3.8	9.7
4151	1981	3	1036.8	3.6	9.2	0.7976	5.9	14.5
4151	1981	4	2332.8	-0.1	5.7	0.6126	3.6	5.5
4151	1981	5	2678.4	-1.1	1.8	0.4763	3.9	0.8
4151	1981	6	1123.2	-4.2	0.2	0.4644	1.7	1
4151	1981	7	3283.2	-8.6	-1.1	0.3454	1.2	1.2
4151	1981	8	2332.8	-11.6	-3.4	0.2785	1.4	0.6
4151	1981	9	1123.2	-3.5	0	0.4784	3.3	3.7
4151	1981	10	1123.2	-0.5	1.1	0.5745	2.1	3.4
4151	1981	11	4060.8	-5	0.9	0.4784	1.6	0
4151	1981	12	1123.2	-9.4	-1.2	0.3585	2.9	1.2
4151	1981	13	3283.2	-1.6	1.2	0.4998	1.9	0
4151	1981	14	1209.6	-3.6	-0.2	0.4731	4.8	6.9
4151	1981	15	2937.6	-0.6	2	0.5335	3.6	5.8
4151	1981	16	2851.2	-2	1	0.4419	3.6	5.9
4151	1981	17	1900.8	-2.1	4.2	0.5867	2.6	7
4151	1981	18	1296	-1.6	2.5	0.5934	1.1	4.6
4151	1981	19	2246.4	-1.6	3.8	0.5888	2.7	13.5
4151	1981	20	1296	-2.2	1.9	0.556	3.8	0.7
4151	1981	21	2073.6	-3.7	-1.4	0.4155	1.4	0
4151	1981	22	4924.8	-9	0.6	0.3672	0.7	0
4151	1981	23	1382.4	-8.3	0.4	0.3468	0.6	0
4151	1981	24	2419.2	-0.7	3.3	0.4228	1.7	0
4151	1981	25	1382.4	-0.3	3.2	0.5835	2.6	0.8
4151	1981	26	5443.2	-5.8	2.5	0.417	1.5	0.3
4151	1981	27	4060.8	-8.2	1.5	0.3962	0.3	0
4151	1981	28	1468.8	-0.2	1.6	0.5978	0.8	0.1
4151	1981	29	5356.8	-3.8	1.2	0.4723	1.3	0
4151	1981	30	6739.2	-7.1	3.8	0.3791	0.6	0
4151	1981	31	6307.2	-5.3	5.4	0.4231	1.3	0
4151	1981	32	6912	-3.7	6	0.4449	1.5	0
4151	1981	33	6998.4	-3	7.3	0.4422	2.4	0
4151	1981	34	1641.6	2.1	4.9	0.6123	4.3	7.1
4151	1981	35	1641.6	0.9	3.4	0.6348	2.1	2.9
4151	1981	36	2592	0.2	2.7	0.5902	2.8	2
4151	1981	37	1728	0	4.9	0.6486	2.5	1
4151	1981	38	1728	4.2	7.4	0.8297	2.4	0.3
4151	1981	39	1814.4	6.2	8.1	0.8903	3.1	1.7
4151	1981	40	1814.4	5.9	8.1	0.8111	1.3	0.1
4151	1981	41	3369.6	0.6	6	0.6037	5.1	2.3
4151	1981	42	4752	-3.8	2.6	0.503	3.1	2.6
4151	1981	43	3801.6	-4.3	0.8	0.473	0.8	0.1
4151	1981	44	5616	-8.7	0	0.3808	0.7	0
4151	1981	45	5443.2	-4.7	1.7	0.4216	0.4	0
4151	1981	46	5443.2	-8	0.5	0.3567	0.4	0
4151	1981	47	3456	-3.5	2.3	0.503	0.7	0
4151	1981	48	2160	-0.8	3	0.569	0.7	0
4151	1981	49	3542.4	-2.7	1.1	0.4842	1.1	0.5
4151	1981	50	2160	-3.4	-0.6	0.4274	1.3	0.9
4151	1981	51	3369.6	-3.6	-0.4	0.4222	0.7	0.3
4151	1981	52	6307.2	-6.1	-0.9	0.3587	0.9	0
4151	1981	53	2332.8	-8.8	-0.7	0.3738	0.6	0.1
4151	1981	54	4752	-7	0.2	0.3662	0.9	0.8
4151	1981	55	2419.2	-3.4	-0.6	0.4961	0.9	0.8
4151	1981	56	2419.2	-0.9	2.6	0.5783	0.8	0
4151	1981	57	7689.6	-3.4	3.5	0.4844	1.1	0
4151	1981	58	9676.8	-7.9	4.1	0.3562	1.6	0
4151	1981	59	8208	-5.8	3.8	0.3465	2.6	1.9
4151	1981	60	3801.6	-0.7	5.6	0.6558	2	3.9
4151	1981	61	4320	1.6	7.2	0.761	1.8	3.3
4151	1981	62	2764.8	0.7	4.6	0.7244	1.6	2.2
4151	1981	63	3542.4	-2.1	1	0.4813	2.9	0.3
4151	1981	64	4233.6	-3	1.9	0.4813	1.6	0
4151	1981	65	3888	-2	5.8	0.6026	2	0.9
4151	1981	66	5702.4	4.2	12.6	0.8923	4.4	1.6
4151	1981	67	3456	10	12.5	1.1601	3.9	4.1
4151	1981	68	3024	10	13.5	1.2818	2.7	30.3
4151	1981	69	3110.4	6.2	10.2	1.0325	1.6	12.8
4151	1981	70	5270.4	9.3	17.6	1.2017	4.7	10.8
4151	1981	71	3196.8	9	13.9	1.2566	2.9	9.3
4151	1981	72	8985.6	7	13.2	0.9141	2.4	0.8
4151	1981	73	3283.2	5.2	9.2	0.8426	3.5	4.1
4151	1981	74	12528	3.2	11.2	0.7614	2.6	0.1
4151	1981	75	7257.6	0.3	9.6	0.7387	0.9	4.3
4151	1981	76	3974.4	1.5	4.6	0.6844	1.1	5.9
4151	1981	77	7257.6	1	5.8	0.569	2.6	0
4151	1981	78	5529.6	2.8	8.6	0.6409	4.3	0
4151	1981	79	14688	4.9	12.4	0.6835	3.6	0
4151	1981	80	13996.8	5.5	16.5	0.7476	3.4	0
4151	1981	81	14083.2	9.3	19.1	0.8896	4.7	0.1
4151	1981	82	7084.8	2.6	11.4	0.7811	3	8.1
4151	1981	83	6048	9.7	14	0.874	4	3.1
4151	1981	84	6307.2	10	17.7	1.2334	2.4	4.1
4151	1981	85	6912	7.1	14.2	1.1276	3	15.9
4151	1981	86	16588.8	4.5	15.2	0.7531	2	0
4151	1981	87	13392	4.6	16.4	0.85	3	0
4151	1981	88	10886.4	4.2	14.8	0.878	1.1	0
4151	1981	89	8467.2	4.5	17.3	1.0032	0.6	0
4151	1981	90	4147.2	8.8	17.9	1.1633	1	0
4151	1981	91	4147.2	10	18.5	1.282	1	0
4151	1981	92	9158.4	8.9	13.8	1.1947	1.1	0
4151	1981	93	12528	5.6	17.3	1.0134	1	0
4151	1981	94	4320	5.4	11.6	0.9428	2.3	1.4
4151	1981	95	4320	4	6.7	0.7774	1.3	1
4151	1981	96	10886.4	2.6	10.9	0.8072	1.3	0
4151	1981	97	17712	1.8	20.8	0.9633	0.8	0
4151	1981	98	7257.6	8.2	14	1.1882	0.5	2.9
4151	1981	99	19699.2	2	18	0.7975	0.7	0
4151	1981	100	19958.4	2.6	19.9	0.7601	0.8	0
4151	1981	101	20304	5.2	22.5	0.8381	1.6	0
4151	1981	102	13478.4	8.4	21.5	1.1544	0.8	0
4151	1981	103	4752	10.3	15.9	1.1897	1.7	0
4151	1981	104	21513.6	1.5	18.5	0.6135	1.2	0
4151	1981	105	21686.4	1.2	19.2	0.6466	1.4	0
4151	1981	106	20649.6	3.6	12.1	0.6261	2.5	0
4151	1981	107	16761.6	-1.4	7.9	0.4628	2.2	0
4151	1981	108	20563.2	-2.9	8.8	0.4606	1.5	1.3
4151	1981	109	7689.6	2.2	7.7	0.7821	2.6	3
4151	1981	110	18489.6	-0.5	10.6	0.5776	1.6	0
4151	1981	111	8294.4	-2	7.8	0.5191	3.3	0
4151	1981	112	13910.4	1.5	7.5	0.64	3.4	0.3
4151	1981	113	15206.4	-0.2	5.2	0.6143	1.2	2.3
4151	1981	114	21340.8	-3.9	10	0.4106	1.7	0
4151	1981	115	13910.4	1.5	14.8	0.5091	2.7	0.1
4151	1981	116	14515.2	6.8	17.8	0.8003	2.6	0
4151	1981	117	5356.8	6.9	11.9	0.8132	3	7.1
4151	1981	118	15465.6	1.9	9.4	0.7117	3.1	0.9
4151	1981	119	5443.2	3.9	7.9	0.8169	2.5	2.2
4151	1981	120	5443.2	7.4	11.3	1.0572	3.1	8.2
4151	1981	121	17280	2.8	9.8	0.6967	3	0.6
4151	1981	122	18057.6	1.8	10	0.6405	3.1	0.3
4151	1981	123	16329.6	-0.2	9.1	0.5539	1.4	0.2
4151	1981	124	10368	2.6	9.2	0.6405	2.8	0
4151	1981	125	13219.2	4.2	12.5	0.8564	2.2	0.8
4151	1981	126	14688	2	11	0.8224	2.2	0.7
4151	1981	127	21513.6	5	20.8	1.0702	2.3	0
4151	1981	128	9331.2	8.6	19.6	0.9803	2.2	0
4151	1981	129	21945.6	7	25.1	1.0929	1.6	0
4151	1981	130	25920	10.6	26.7	1.1376	2.7	0
4151	1981	131	25920	14.2	25.4	1.2219	4.3	0
4151	1981	132	22896	12.9	26	1.3987	1.7	0
4151	1981	133	22032	10.7	26.7	1.5717	1.4	3.9
4151	1981	134	15638.4	10.3	22	1.5399	1.2	5.1
4151	1981	135	9590.4	12.2	18.6	1.5028	0.6	0.6
4151	1981	136	18835.2	9.9	22.1	1.5797	1.2	10.6
4151	1981	137	14688	9.9	15.7	1.2995	0.8	17.3
4151	1981	138	24883.2	6.2	21	1.0424	1.6	0
4151	1981	139	24883.2	6.9	25.6	1.273	1.3	1.7
4151	1981	140	25574.4	10.4	27.4	1.3517	1.5	0
4151	1981	141	21772.8	13	27.8	1.4594	1.9	0
4151	1981	142	8640	13.7	20.7	1.5676	1.2	1.4
4151	1981	143	24537.6	8.7	21.4	1.1789	1.4	0.3
4151	1981	144	16588.8	11.4	16.6	1.2454	1.7	12.9
4151	1981	145	8726.4	6.9	16.6	1.0061	1.8	0
4151	1981	146	15292.8	9.6	17.8	1.1118	1.5	6.7
4151	1981	147	6220.8	10.2	13.3	1.268	1.9	25.2
4151	1981	148	22636.8	8.7	17.8	1.1558	2.7	0.9
4151	1981	149	12009.6	9.6	18.4	1.2773	0.9	0.1
4151	1981	150	17971.2	12.1	21.9	1.4124	1.1	0
4151	1981	151	22204.8	13.3	27	1.6491	0.9	12.2
4151	1981	152	23587.2	15	26.2	1.9135	0.9	0.5
4151	1981	153	25315.2	13.5	31	1.9559	1	25.7
4151	1981	154	6393.6	14.3	22	1.9554	2.3	70.2
4151	1981	155	6480	12.5	15.2	1.4864	1.8	3.8
4151	1981	156	16588.8	10.8	19.8	1.3022	3	1.2
4151	1981	157	11404.8	13.2	21.3	1.6708	1.5	9.9
4151	1981	158	22032	12	23.3	1.4111	1.7	0
4151	1981	159	21427.2	14.5	26	1.7068	2.4	0.2
4151	1981	160	9849.6	17.1	22.5	1.6369	3	0.1
4151	1981	161	23760	12.8	21.3	1.087	3	0
4151	1981	162	20304	9.5	23.7	1.0375	1.9	1
4151	1981	163	14860.8	11.2	19.6	1.363	2.6	0.3
4151	1981	164	27648	4.6	19.3	0.7821	1.2	0
4151	1981	165	19008	11.5	24.4	1.438	2.7	0
4151	1981	166	14601.6	17.4	27	1.7629	2.5	1.1
4151	1981	167	15379.2	11.8	20	1.1186	3.9	0
4151	1981	168	11318.4	9.9	14.3	1.0014	2.4	6.1
4151	1981	169	6566.4	9.1	11.2	1.0782	2.2	5.2
4151	1981	170	6566.4	7.8	12.2	0.8466	2	0
4151	1981	171	11664	6.2	14.3	0.9607	1.2	2.1
4151	1981	172	13564.8	8.7	13.7	1.1164	1.8	8.9
4151	1981	173	16070.4	8.6	17	1.1961	1.8	0
4151	1981	174	22636.8	7.4	21.3	1.3556	1.7	2.2
4151	1981	175	15120	8.6	18.3	1.2325	0.8	0
4151	1981	176	15206.4	11.5	21	1.3468	0.8	0.6
4151	1981	177	13392	9.5	21.6	1.5173	0.9	0.6
4151	1981	178	21081.6	12.2	23.8	1.6074	1.4	0.1
4151	1981	179	11491.2	14.6	25	1.8674	1.6	8.7
4151	1981	180	6566.4	10.1	20.4	1.523	4.4	14.4
4151	1981	181	9072	9.5	16.1	1.1666	3.4	2.4
4151	1981	182	11836.8	11.8	20.1	1.3756	2.5	0
4151	1981	183	12787.2	13.3	21.7	1.4578	1.7	0
4151	1981	184	10022.4	13.1	20.2	1.5707	1.9	0.8
4151	1981	185	16156.8	11	18.6	1.2274	2.1	0
4151	1981	186	11750.4	10.2	23.1	1.4004	1.1	0
4151	1981	187	13564.8	13.9	24.7	1.5422	0.7	0
4151	1981	188	26265.6	14.2	25.7	1.5125	1	0
4151	1981	189	24364.8	13.2	28	1.5986	1	0
4151	1981	190	24883.2	15.3	29.6	1.7628	1.2	0
4151	1981	191	18403.2	15.3	29.8	1.7735	0.8	0
4151	1981	192	9417.6	16.4	23.8	1.9494	1.4	0
4151	1981	193	14774.4	17.3	22.2	1.4939	2	0
4151	1981	194	12355.2	14.6	21	1.5873	0.7	2.6
4151	1981	195	13046.4	15	20.8	1.454	1.9	0.1
4151	1981	196	8812.8	13.3	18.4	1.3309	2.4	6.5
4151	1981	197	9331.2	12.2	20.6	1.4342	1.5	6.9
4151	1981	198	20476.8	13	21.2	1.3435	2.6	0.4
4151	1981	199	9763.2	10.3	15	1.3014	0.8	12.7
4151	1981	200	8380.8	8	14.2	1.175	1.8	0.6
4151	1981	201	10108.8	6.3	17.2	1.2267	1.2	0.3
4151	1981	202	8294.4	12.7	18	1.6373	1.8	9
4151	1981	203	16675.2	14.5	22.7	1.9043	2.4	3.3
4151	1981	204	13737.6	12.5	18.4	1.5953	2.1	2.9
4151	1981	205	19699.2	12.5	19.9	1.3057	2.5	0.2
4151	1981	206	9504	12	16.1	1.3456	2	11.8
4151	1981	207	6048	12	15.6	1.3712	1.8	4.3
4151	1981	208	10281.6	12.9	17.3	1.2684	3	0
4151	1981	209	10454.4	12.2	17.9	1.4865	1.8	0.7
4151	1981	210	18748.8	12.1	23.6	1.6331	1.4	0
4151	1981	211	20649.6	12.2	19.4	1.2549	2.2	0
4151	1981	212	20736	7.1	24	1.2174	0.8	0.3
4151	1981	213	15206.4	14.9	24.1	2.0141	1.4	4.2
4151	1981	214	6912	13.7	19.6	1.6275	1.3	0
4151	1981	215	13910.4	13.6	26	1.8213	0.5	0
4151	1981	216	21945.6	14.3	29.4	1.8042	0.8	0
4151	1981	217	21513.6	14.7	30.2	1.8713	0.5	0
4151	1981	218	24192	14.6	30.6	1.7789	0.8	0
4151	1981	219	18403.2	15.2	31.3	2.1063	0.7	15.6
4151	1981	220	5616	16.5	21	1.879	0.9	0
4151	1981	221	5529.6	16.2	23.3	1.8617	1.1	3.2
4151	1981	222	5529.6	15.3	19.1	1.9007	1.7	43
4151	1981	223	5529.6	14.4	16.1	1.6442	1.5	0
4151	1981	224	19958.4	11.4	23.3	1.5034	0.7	0
4151	1981	225	18316.8	11.3	25.7	1.6373	0.4	0
4151	1981	226	18057.6	12.7	26.7	1.7413	0.7	0
4151	1981	227	20476.8	13.8	27.3	1.7627	0.5	0
4151	1981	228	13392	13.2	21.5	1.3847	1.9	0.6
4151	1981	229	9417.6	9.4	16.7	1.1408	2.1	0
4151	1981	230	18144	8.8	22	1.2232	1.3	0
4151	1981	231	5788.8	12.8	17.5	1.4273	1.8	8.8
4151	1981	232	7603.2	12	15.6	1.45	2.8	6.4
4151	1981	233	11318.4	11.9	17.1	1.3358	2.6	0.8
4151	1981	234	6393.6	10	14.8	1.2371	2.3	5.1
4151	1981	235	12009.6	10.5	17	1.3511	1.7	2.6
4151	1981	236	15724.8	12.7	19.8	1.4021	1.8	0
4151	1981	237	8899.2	9.2	17.9	1.2716	1.3	5
4151	1981	238	8640	13.8	19.2	1.612	1.5	5.2
4151	1981	239	4838.4	12.4	15.2	1.4185	2.6	0.6
4151	1981	240	18403.2	10.1	19.6	1.3157	1.2	0
4151	1981	241	9417.6	9.2	17.5	1.2245	0.6	0
4151	1981	242	16416	9.1	19.9	1.3193	0.4	0
4151	1981	243	15811.2	6.3	20.5	1.2285	0.6	0
4151	1981	244	8812.8	9.6	18.2	1.3325	0.5	0
4151	1981	245	12873.6	7.8	19.8	1.2609	0.8	0
4151	1981	246	15984	6	19.8	1.1891	0.7	0
4151	1981	247	18489.6	5.4	21.8	1.1513	1.1	0
4151	1981	248	18230.4	5.7	22	1.2175	0.6	0
4151	1981	249	18576	6	23.6	1.2442	0.4	0
4151	1981	250	16588.8	6.1	24.6	1.3238	0.8	0
4151	1981	251	7084.8	12	22.4	1.7831	0.6	0.5
4151	1981	252	5702.4	14	19.7	1.7057	0.7	1.9
4151	1981	253	11836.8	12.6	23.3	1.7256	0.9	0
4151	1981	254	13910.4	11.6	23.5	1.6627	1.1	0
4151	1981	255	7516.8	14	21	1.8571	0.9	0.6
4151	1981	256	13910.4	9.2	19.4	1.2536	2.1	1.4
4151	1981	257	9417.6	7.4	15.8	1.1873	1.5	19.7
4151	1981	258	15984	8	19.2	1.2135	1.9	2.2
4151	1981	259	5702.4	13.1	19.5	1.5917	1.6	0.7
4151	1981	260	5616	11.7	17.7	1.4367	0.8	0
4151	1981	261	13564.8	8.4	20.8	1.3445	1.4	10.9
4151	1981	262	11318.4	11.8	18	1.3707	2	2.1
4151	1981	263	6652.8	11.6	21	1.4436	3.7	9.3
4151	1981	264	8640	14.5	21.8	1.8098	2.3	9.1
4151	1981	265	12441.6	13.2	24.5	1.8039	1.8	27.9
4151	1981	266	10281.6	10.1	18.4	1.428	1.5	0.3
4151	1981	267	13478.4	6.4	18.4	1.1939	1.4	0
4151	1981	268	12268.8	6	19.3	1.1552	1.7	0
4151	1981	269	10108.8	10.2	21.8	1.5434	1.6	0
4151	1981	270	4060.8	9.9	15.8	1.3482	1	0.8
4151	1981	271	3110.4	6.8	12.6	1.1665	1	9.4
4151	1981	272	6998.4	9.6	16.6	1.3553	1.7	1.2
4151	1981	273	11404.8	5.4	18.5	1.1033	1.1	0
4151	1981	274	9158.4	6.4	18.6	1.2452	1	0
4151	1981	275	9590.4	9.2	18.5	1.3599	0.9	2.4
4151	1981	276	8899.2	10.7	15.5	1.1746	3.1	1
4151	1981	277	7171.2	7.2	14.9	0.8816	4.9	0
4151	1981	278	4924.8	10.2	13.7	1.201	2.6	1
4151	1981	279	7516.8	11	21.2	1.4436	1.9	0
4151	1981	280	9676.8	10.3	16.9	1.1202	3.7	4.4
4151	1981	281	6480	7.8	15.7	1.1026	2.8	0
4151	1981	282	8380.8	9.3	19.4	1.2903	2.8	4.3
4151	1981	283	8467.2	7	13.8	0.9073	4.5	2.9
4151	1981	284	3888	6.3	9.1	0.9034	2.9	6.1
4151	1981	285	3456	4.8	8.6	0.8633	2.6	1.8
4151	1981	286	2419.2	4.5	8.7	0.8573	3.3	3.5
4151	1981	287	7171.2	3.6	8.6	0.8095	2.2	0.1
4151	1981	288	2332.8	2.4	6.7	0.786	0.9	6.5
4151	1981	289	8294.4	0.7	11.4	0.7692	0.8	0
4151	1981	290	5184	-0.8	9	0.7452	0.4	3.6
4151	1981	291	2246.4	7.2	13.8	1.2052	1.3	6.6
4151	1981	292	2678.4	7	11	0.9866	2.1	1.8
4151	1981	293	2160	7.9	12	1.0517	4.3	0.4
4151	1981	294	6739.2	3.6	10.2	0.8255	1.2	1
4151	1981	295	5616	2	8.1	0.7176	1.6	0
4151	1981	296	2764.8	0.2	7.8	0.6993	0.7	0
4151	1981	297	6739.2	-0.2	8.5	0.6903	1.2	0
4151	1981	298	3628.8	1.3	7.4	0.725	2.5	1.1
4151	1981	299	4665.6	2.6	10	0.7921	0.6	0
4151	1981	300	1900.8	3.6	6.8	0.7959	0.5	0.3
4151	1981	301	5443.2	3.7	10.3	0.8311	2	1.6
4151	1981	302	1814.4	5	11.6	0.8863	3.6	3.3
4151	1981	303	3974.4	5.4	10	0.8614	2.5	2.5
4151	1981	304	2678.4	6.2	15.4	0.9836	4	1.8
4151	1981	305	1728	6.6	12.7	1.0188	1.8	1.8
4151	1981	306	1728	9.8	14.1	1.1033	3.3	1.5
4151	1981	307	1728	4.4	13	1.0456	0.5	0.9
4151	1981	308	1641.6	7.6	11.5	0.9881	1.8	0.1
4151	1981	309	4752	4.8	9.4	0.7663	2.8	1.5
4151	1981	310	5184	2.1	9	0.7249	3	1.4
4151	1981	311	5616	-0.6	5	0.5655	1.4	0.5
4151	1981	312	3024	0.6	3.6	0.5828	2	0.5
4151	1981	313	3369.6	0.4	2.6	0.5651	1.8	0.3
4151	1981	314	5961.6	0.3	6.2	0.5553	1.5	0
4151	1981	315	1468.8	0.1	1.9	0.5649	2.9	3.4
4151	1981	316	1468.8	1.4	5.6	0.7536	1.6	1.5
4151	1981	317	2332.8	3.7	7.3	0.7675	2.4	10.6
4151	1981	318	5356.8	2.8	7.1	0.6518	3.1	0.5
4151	1981	319	3283.2	-0.3	3.7	0.4697	1.2	0
4151	1981	320	4492.8	-4.1	3.7	0.4998	1.3	0
4151	1981	321	4752	-1.3	5.6	0.485	2.6	1.2
4151	1981	322	1296	2.8	10.4	0.8086	2.9	1.2
4151	1981	323	3974.4	2.1	11.1	0.8281	2.1	2.8
4151	1981	324	1900.8	1.1	15.1	0.842	4.1	4.7
4151	1981	325	2419.2	7.3	15	1.0862	2.3	10.1
4151	1981	326	1209.6	7.5	13.1	0.9764	2.5	0
4151	1981	327	4752	9.6	13.7	1.0132	3.5	1.1
4151	1981	328	3024	2.5	11.8	0.6981	5.3	6.1
4151	1981	329	2246.4	0	4.4	0.5655	4.4	5.1
4151	1981	330	1123.2	0.4	3.9	0.6919	2.1	13.7
4151	1981	331	1123.2	3.5	6.5	0.7674	4.1	7.3
4151	1981	332	2592	0.5	6	0.6864	1.8	1.4
4151	1981	333	1123.2	0.7	5	0.6673	2.1	1.7
4151	1981	334	1123.2	0.6	4.9	0.6849	2.3	11.7
4151	1981	335	1123.2	0.4	1.3	0.5848	2.9	1.5
4151	1981	336	1728	0.8	2.3	0.5808	1.4	0
4151	1981	337	2073.6	-1.3	1.3	0.556	1.7	13.5
4151	1981	338	1036.8	0.5	6	0.671	3.5	11.1
4151	1981	339	1296	0.4	3	0.5526	3.4	5.1
4151	1981	340	1036.8	0.4	1.8	0.6285	2.2	2.3
4151	1981	341	2073.6	1.2	3.6	0.6099	2.6	1.9
4151	1981	342	1036.8	0	2.7	0.6534	1.6	13.8
4151	1981	343	1036.8	-1.6	0.4	0.5088	2	0.8
4151	1981	344	1036.8	-2.5	0.5	0.5339	1	0.1
4151	1981	345	1036.8	-5.5	-0.4	0.477	0.3	7.4
4151	1981	346	2505.6	-6.6	-0.7	0.3921	1.7	0.1
4151	1981	347	2160	-9.3	-4	0.3159	1.6	0
4151	1981	348	1036.8	-8.2	1.6	0.4025	2.7	10.3
4151	1981	349	1036.8	-10.4	2.2	0.4016	1.3	0.6
4151	1981	350	1036.8	-15.6	-7.6	0.2292	0.5	0.2
4151	1981	351	3456	-13.6	-8.2	0.2291	0.4	0
4151	1981	352	1036.8	-13.6	-6.8	0.2394	1.7	6.3
4151	1981	353	1814.4	-8.6	-5.5	0.2955	2.1	0.8
4151	1981	354	950.4	-8.8	-4.6	0.3369	0.5	0
4151	1981	355	1987.2	-10	-5.8	0.2733	1.2	1.7
4151	1981	356	950.4	-5.8	1.6	0.4453	1.5	0
4151	1981	357	1036.8	-2.2	0.6	0.536	0.6	0
4151	1981	358	1036.8	-1	1	0.5499	1.2	3.5
4151	1981	359	1036.8	-1.6	0.9	0.548	1.2	0.9
4151	1981	360	1036.8	-2.1	1	0.4931	0.8	0.4
4151	1981	361	1036.8	-4.9	-1.1	0.4165	1.1	0
4151	1981	362	1641.6	-5.9	0.8	0.4205	0.8	0
4151	1981	363	1036.8	-3.6	3.9	0.5003	1.5	0.6
4151	1981	364	3110.4	1.8	7.4	0.6785	1.9	3.1
4151	1981	365	1296	3.5	7.6	0.7974	3.1	4.6
