*---------------------------------------------------------------------------*
* Station name: GOTTINGEN                               
* Year: 2009
* Author: Pedro Alencar                                   -999.000: NIL VALUE
* Source: ECAD 
* Comments: 
* Longitude: 51.5017, latitude: 51.5017, altitude: 167 m.
*
* Column  Daily value
* 1       station number
* 2       year
* 3       day
* 4       irradiation                   (kJ m-2 d-1)
* 5       minimum temperature           (degrees Celsius)
* 6       maximum temperature           (degrees Celsius)
* 7       early morning vapour pressure (kPa)
* 8       mean wind speed (height: 2 m) (m s-1)
* 9       precipitation                 (mm d-1)
*
** WCCDESCRIPTION=GERMANY, GOTTINGEN                               
** WCCFORMAT=2
** WCCYEARNR=2009
*---------------------------------------------------------------------------*
   51.5017  9.9528    167.  -0.18 -0.55
4151	2009	1	1036.8	-10.1	-1.9	0.3711	1.3	0.3
4151	2009	2	1036.8	-11.3	-0.5	0.3819	1.3	0.5
4151	2009	3	3369.6	-10.6	-0.7	0.3732	1.5	0.2
4151	2009	4	1036.8	-1.7	0.8	0.5499	3.9	2.1
4151	2009	5	1728	-16.9	-0.3	0.2812	2.3	0.2
4151	2009	6	4579.2	-23	-11.8	0.1374	0.8	0
4151	2009	7	1123.2	-24.1	-5.7	0.1675	1.3	0.1
4151	2009	8	2764.8	-17.6	-3.4	0.253	1.2	0
4151	2009	9	4752	-18.2	-6.5	0.2087	0.7	0
4151	2009	10	4752	-17.5	-4.5	0.2247	0.6	0
4151	2009	11	4838.4	-16.2	-1.5	0.2319	1.5	0
4151	2009	12	4924.8	-13.5	0.2	0.2527	2.6	0
4151	2009	13	2505.6	-5.5	4	0.3587	3.4	0
4151	2009	14	1209.6	-7.2	0.8	0.4007	1	0.7
4151	2009	15	2937.6	-5.4	3	0.5094	1.1	0
4151	2009	16	3110.4	-5.5	-0.6	0.4491	4.5	0
4151	2009	17	1209.6	-2.1	3.3	0.5552	3.2	0.2
4151	2009	18	1296	2.1	5.6	0.6759	5.1	2.1
4151	2009	19	1900.8	1.3	7.7	0.699	5.3	0.8
4151	2009	20	2851.2	-1.7	7.7	0.5986	3.2	0
4151	2009	21	3715.2	-3.3	3.3	0.5499	1.2	0
4151	2009	22	4924.8	-1	4.1	0.5535	4.3	0
4151	2009	23	1382.4	0.9	6.3	0.6483	6.3	7
4151	2009	24	3024	1.4	4.1	0.6253	3.2	0.1
4151	2009	25	5875.2	-3.1	4.7	0.5697	2.2	0
4151	2009	26	2505.6	-4.7	0.8	0.4926	1.5	0
4151	2009	27	1468.8	-0.7	0.8	0.5642	1.9	0
4151	2009	28	4492.8	-3	1.3	0.5111	2.1	0
4151	2009	29	2073.6	-1.9	0.8	0.4696	4.5	0
4151	2009	30	1555.2	-1.9	0	0.4561	4.4	0
4151	2009	31	1555.2	-1.8	1	0.4629	3.1	0.2
4151	2009	32	1987.2	-4.1	-1.2	0.3973	4.3	0
4151	2009	33	1641.6	-1.2	2.5	0.5124	7.8	0
4151	2009	34	5702.4	-3.4	4.6	0.5743	1.8	0
4151	2009	35	1641.6	-4.1	3.7	0.56	1.6	0
4151	2009	36	3283.2	-0.8	5.7	0.6267	2.8	0
4151	2009	37	4838.4	-0.3	7.5	0.6878	2	0.4
4151	2009	38	1728	-1	4.6	0.6748	1.3	7.7
4151	2009	39	2419.2	-0.4	3.5	0.5603	3	0.2
4151	2009	40	3283.2	-1.5	2.1	0.512	3.6	5.7
4151	2009	41	2246.4	0.4	6.4	0.7015	5.8	6.2
4151	2009	42	3369.6	-0.2	3.6	0.594	5	3.1
4151	2009	43	4579.2	-6.2	1.5	0.4371	2.6	2.2
4151	2009	44	2419.2	-3.3	1.4	0.5188	1.6	0.8
4151	2009	45	1987.2	-9.3	-0.5	0.3568	2.8	0
4151	2009	46	2937.6	-9.1	0	0.3708	2.3	0.2
4151	2009	47	2073.6	-0.4	2.9	0.6153	1.9	5.4
4151	2009	48	6307.2	-5.8	3	0.4633	2.7	1
4151	2009	49	9331.2	-8.6	0.1	0.3569	1.2	0
4151	2009	50	8035.2	-5.5	2.7	0.4137	1.8	2.3
4151	2009	51	2246.4	-0.3	3.5	0.6446	1.7	0.4
4151	2009	52	2246.4	0.5	4.4	0.6558	2.5	3.7
4151	2009	53	2332.8	0.6	6.3	0.7197	3.6	2.5
4151	2009	54	2332.8	3.1	5.3	0.7092	5.3	1
4151	2009	55	8380.8	-1.8	5.8	0.5787	2.5	0
4151	2009	56	3628.8	0.1	6.4	0.6093	2.6	0.5
4151	2009	57	3715.2	3.8	7.5	0.739	5.6	2.4
4151	2009	58	2505.6	4.8	6.9	0.8511	4	2
4151	2009	59	2592	6.3	9	0.9841	1.7	3.8
4151	2009	60	2678.4	4.7	8.4	0.8738	2.6	0
4151	2009	61	2764.8	1.7	8.1	0.7794	2.5	0.9
4151	2009	62	10627.2	1.2	8.8	0.6715	2.9	0
4151	2009	63	7689.6	1.2	10.2	0.6867	5.5	0
4151	2009	64	2851.2	-2.1	5.6	0.6516	2.4	5.9
4151	2009	65	2937.6	2.8	6.3	0.7775	3.3	6.3
4151	2009	66	6912	-0.6	6.2	0.6425	3.7	0.1
4151	2009	67	3024	1.8	7.6	0.7259	3.6	0.5
4151	2009	68	5011.2	1.4	6.1	0.6472	3.8	2.9
4151	2009	69	3110.4	2.5	5.4	0.7212	3.3	7.9
4151	2009	70	5097.6	2.4	7.8	0.7377	3.7	0.1
4151	2009	71	3196.8	1.9	8	0.7821	2.9	5.7
4151	2009	72	9331.2	1.4	11	0.7487	4	0
4151	2009	73	6566.4	1	11.6	0.773	2.5	0.5
4151	2009	74	3369.6	6.2	7.8	0.8812	4	0.7
4151	2009	75	3369.6	5.3	8.3	0.8297	1.8	0
4151	2009	76	10108.8	2.5	12	0.7334	3.6	0
4151	2009	77	10022.4	-1	8.3	0.595	2.2	0
4151	2009	78	11577.6	-2.4	8.6	0.5266	2.7	0
4151	2009	79	14947.2	-3.4	7.5	0.4745	1.9	0
4151	2009	80	14688	-4.4	9.7	0.4657	1.4	0
4151	2009	81	5097.6	-0.3	8.7	0.602	4.9	0.2
4151	2009	82	3715.2	1.8	8.8	0.7124	8.2	6.9
4151	2009	83	8035.2	-3.1	6.3	0.5143	5.6	0.5
4151	2009	84	3801.6	-3.1	3.4	0.5374	3	3.7
4151	2009	85	5097.6	3.2	8.5	0.7863	4.4	3.8
4151	2009	86	5788.8	2.3	8.5	0.6994	4.2	0.8
4151	2009	87	7171.2	2.3	9.4	0.7401	4.2	2.4
4151	2009	88	6393.6	-0.5	9.4	0.6714	2	0
4151	2009	89	13824	-1.8	10.8	0.6737	1.2	0
4151	2009	90	18662.4	-2.8	13.6	0.6636	1.3	0
4151	2009	91	18576	-2.3	14.9	0.668	2.2	0
4151	2009	92	18748.8	3.1	17.6	0.7913	4.3	0
4151	2009	93	18662.4	2.1	21.3	0.9479	2.3	0
4151	2009	94	7344	6.3	18.9	1.1223	2.1	0.1
4151	2009	95	7257.6	4.3	14	0.9271	1.5	0
4151	2009	96	16588.8	4.4	18.6	1.0574	3.2	0
4151	2009	97	17884.8	5.2	23	1.1249	2.5	0
4151	2009	98	10540.8	9.3	17.3	1.0222	3.1	0.2
4151	2009	99	13651.2	7	17.8	1.1076	2.7	0
4151	2009	100	20217.6	4.2	21.6	1.0553	3.1	0
4151	2009	101	20563.2	6.8	22.6	1.136	2.9	0
4151	2009	102	19440	5.7	22.7	1.1484	2.4	0
4151	2009	103	21340.8	2.9	22.2	0.9733	1.4	0
4151	2009	104	20822.4	2.9	21.8	1.0036	1.4	0
4151	2009	105	19958.4	3.7	21.4	0.9878	2.4	0
4151	2009	106	18921.6	3.7	20.3	0.9528	3	1.9
4151	2009	107	4924.8	7.1	11.9	1.0679	1.5	17.7
4151	2009	108	4924.8	5.3	10.4	0.9021	2.5	0.2
4151	2009	109	12441.6	3.2	14.2	0.9669	2.5	0
4151	2009	110	20131.2	1.3	18.7	0.9325	1.8	0
4151	2009	111	23155.2	0.2	18.7	0.8278	1.6	0
4151	2009	112	18230.4	1.3	14.7	0.7827	3.1	2.2
4151	2009	113	12182.4	2.2	13.4	0.8778	2.6	0
4151	2009	114	21081.6	0	18	0.7687	3.5	0
4151	2009	115	21427.2	5.6	21.1	0.9796	3.7	0
4151	2009	116	21945.6	3.4	21.2	1.0575	2.4	0
4151	2009	117	14342.4	6	18.6	1.0575	2.6	0.2
4151	2009	118	5356.8	8.3	14	1.1657	2	3.2
4151	2009	119	5443.2	8.8	9.9	1.1276	1.8	6.6
4151	2009	120	11318.4	6.1	17.4	1.2404	1.8	2.5
4151	2009	121	20995.2	5.2	19.6	1.2515	1.8	0
4151	2009	122	19699.2	5.8	20.2	1.2119	1.7	0
4151	2009	123	17366.4	5	19.9	1.1546	2.4	1.2
4151	2009	124	11750.4	3.2	12.7	0.7907	2.8	0.1
4151	2009	125	5616	5	11.8	0.9364	3	3.3
4151	2009	126	5702.4	10.2	12.9	1.2106	5.1	0.5
4151	2009	127	19440	7.5	19.5	1.1747	2.9	0.1
4151	2009	128	13564.8	4.2	20.4	1.1147	3.4	1.1
4151	2009	129	17625.6	1.4	18.4	0.9507	2.2	12.5
4151	2009	130	24192	10.4	19.4	1.2522	1.6	0.7
4151	2009	131	5875.2	10.2	13.8	1.261	1.8	3.6
4151	2009	132	22550.4	6.4	15.7	0.9474	3.6	0
4151	2009	133	16156.8	8.6	17.2	0.8918	4.8	0
4151	2009	134	15465.6	9.5	17.7	0.9023	5	1.9
4151	2009	135	6998.4	9.7	16.5	1.3252	3.6	20
4151	2009	136	18662.4	7.9	16.6	1.0683	3.2	0
4151	2009	137	21772.8	6.4	24.3	1.3064	3.4	1.7
4151	2009	138	22896	6.9	20.5	1.1431	2.7	0
4151	2009	139	25056	4.9	21.7	1.0985	1.8	0.6
4151	2009	140	25401.6	8.4	23.5	1.3937	1.3	0.6
4151	2009	141	10108.8	10.9	22.2	1.6736	1.7	7.7
4151	2009	142	19699.2	6.5	18.7	1.0931	2.4	0.2
4151	2009	143	24969.6	5	20.2	1.0785	1.8	0
4151	2009	144	27820.8	9.3	24.3	1.3565	2.4	0
4151	2009	145	26352	8.1	25.1	1.4337	2.2	0
4151	2009	146	18748.8	11.2	26.1	1.481	4.5	0.2
4151	2009	147	19785.6	7.9	17.1	0.9122	4.1	0.2
4151	2009	148	17193.6	3.1	17.4	0.8858	4.5	1.5
4151	2009	149	23673.6	2.5	19.2	0.8311	3.6	0
4151	2009	150	19872	3.1	19	1.0396	2.6	6.6
4151	2009	151	18662.4	10.6	20.5	1.4114	2.1	0.3
4151	2009	152	22896	10	23.1	1.4667	2.3	0
4151	2009	153	26956.8	7.1	23.2	1.1178	3.4	0
4151	2009	154	15811.2	4.5	15	0.7843	5.9	0
4151	2009	155	10713.6	4.6	13.5	0.8058	4.4	0.3
4151	2009	156	14256	1.8	13	0.7719	2.3	0
4151	2009	157	7257.6	0.9	11.7	0.8398	2.6	7.9
4151	2009	158	8985.6	7.9	16.7	1.2147	2.2	0.4
4151	2009	159	19872	7	18.7	1.0667	3.2	0
4151	2009	160	14860.8	10	21.5	1.3224	3.6	0.2
4151	2009	161	12960	11.9	19.6	1.376	3.8	2.6
4151	2009	162	10108.8	9	15.2	1.213	4.9	8.1
4151	2009	163	17366.4	4.5	16.8	0.9867	4.2	0.1
4151	2009	164	29030.4	2.1	19.8	0.8889	2.7	0
4151	2009	165	21427.2	3.7	23	1.1786	1.5	0
4151	2009	166	11059.2	10.3	19.7	1.5328	1.5	13
4151	2009	167	11491.2	8.7	17	1.3186	1.3	6.4
4151	2009	168	21600	8.9	21.1	1.3455	1.8	0
4151	2009	169	16070.4	10.9	22.3	1.5091	2.3	0.1
4151	2009	170	17539.2	7	19.9	1.1555	3	0
4151	2009	171	17625.6	6.1	17.9	1.1209	2.3	7.1
4151	2009	172	16070.4	8.4	16.7	1.1767	1.9	2
4151	2009	173	15897.6	6.9	18.6	1.1922	2.8	0.1
4151	2009	174	24278.4	6.2	22.2	1.0352	3.6	0
4151	2009	175	27734.4	7	23.9	1.0693	3.7	0
4151	2009	176	16934.4	9.4	22.8	1.4984	2.7	0
4151	2009	177	15724.8	14.5	25.1	1.8444	2.4	0
4151	2009	178	7257.6	15.3	21.7	1.7861	2.4	0
4151	2009	179	8467.2	13.5	22.1	1.6484	1.5	0
4151	2009	180	20649.6	12.3	26.8	1.7025	1.5	0
4151	2009	181	23932.8	12.2	28.6	1.6987	1.4	0
4151	2009	182	25920	13.2	28.4	1.8881	2	0
4151	2009	183	18748.8	14.4	27.8	2.0981	1.4	4.8
4151	2009	184	23760	13.8	29.9	1.9088	1.7	0
4151	2009	185	20908.8	13.5	25.9	1.6955	2.5	0
4151	2009	186	28598.4	10.9	26.8	1.4127	1.6	0
4151	2009	187	13737.6	12.1	24.5	1.7009	1.7	4.2
4151	2009	188	17020.8	11.5	20.3	1.4434	2.8	0.6
4151	2009	189	11491.2	10.3	17.9	1.3821	3.5	7.3
4151	2009	190	13996.8	11.2	18.5	1.2988	3.5	0.7
4151	2009	191	9936	9.6	15.4	1.2742	4.3	7
4151	2009	192	10108.8	9.2	17.9	1.3646	2.3	6.6
4151	2009	193	8899.2	11.5	20.2	1.5107	2.8	0.5
4151	2009	194	19785.6	10.4	24.2	1.4789	2.4	0.1
4151	2009	195	15897.6	15	27.5	1.941	2.9	0
4151	2009	196	22291.2	16.1	27.4	1.8193	3.3	0
4151	2009	197	25747.2	14	27.6	1.4713	1.4	0
4151	2009	198	12960	11.7	24.9	1.5539	2.6	4.9
4151	2009	199	8726.4	13.1	18.9	1.4889	2.8	0.1
4151	2009	200	13910.4	10.9	20.2	1.482	2.9	7.5
4151	2009	201	13824	11.2	21.2	1.5264	3.2	7.6
4151	2009	202	18057.6	12	26.6	1.6316	2.5	2.5
4151	2009	203	15465.6	15.6	26.8	1.9602	3.2	1.1
4151	2009	204	17884.8	14.9	25.9	1.7705	3.6	2.9
4151	2009	205	17712	12.9	22.8	1.6331	2.6	9.3
4151	2009	206	15292.8	10.6	20	1.4237	3.6	2.2
4151	2009	207	21686.4	8.7	23.3	1.2166	2.2	0
4151	2009	208	23846.4	11.5	28.9	1.3943	3.3	0.1
4151	2009	209	19526.4	11.1	23.8	1.274	2.6	0
4151	2009	210	22464	8.3	26.6	1.2541	2.5	0.1
4151	2009	211	21686.4	14.1	23.9	1.2724	4.2	0
4151	2009	212	19699.2	8.1	20.9	1.039	1.7	0
4151	2009	213	21945.6	6.4	26.6	1.2559	1.8	0
4151	2009	214	10195.2	12	24.8	1.6904	2.3	8.6
4151	2009	215	9590.4	9.5	21	1.298	2.3	0
4151	2009	216	22377.6	7.6	23.9	1.2152	1.4	0
4151	2009	217	25315.2	7.6	26.5	1.2422	1.6	0
4151	2009	218	24796.8	10.1	29.3	1.3747	2.6	0
4151	2009	219	21427.2	12.4	30.2	1.4412	2.4	0
4151	2009	220	14428.8	13.5	28.2	1.9185	1.4	13.1
4151	2009	221	13219.2	16.2	24.4	2.0449	1.3	0.2
4151	2009	222	9417.6	15.5	23.8	2.0557	1	7.5
4151	2009	223	8726.4	15.7	22	1.8473	1.9	0.1
4151	2009	224	6134.4	15	20.5	1.7243	2.4	3.5
4151	2009	225	14342.4	11.9	20.8	1.4668	2.4	0
4151	2009	226	20044.8	10.1	22.2	1.3199	1.6	0
4151	2009	227	23328	8.9	27.5	1.3773	2.2	0
4151	2009	228	22032	13	31	1.6889	2.3	0
4151	2009	229	17452.8	14.2	27.7	1.6829	2.9	0
4151	2009	230	21427.2	10.7	24.7	1.3145	2.2	0
4151	2009	231	23155.2	9.2	30.2	1.3289	2.4	0
4151	2009	232	22118.4	13.5	34.9	1.6273	3.2	7.5
4151	2009	233	6480	11.8	22.9	1.7012	2.1	6.9
4151	2009	234	20044.8	9.6	22.1	1.3488	1.6	0
4151	2009	235	22118.4	7.7	24.3	1.1439	2.9	0
4151	2009	236	22291.2	9.1	28.2	1.2663	3.4	0
4151	2009	237	7948.8	11.5	23.2	1.6814	1.1	2.6
4151	2009	238	20908.8	13.8	24.9	1.5246	1.7	0
4151	2009	239	19353.6	12.2	27.8	1.6106	2.4	0
4151	2009	240	11318.4	13.5	25.1	1.4081	3.4	0.5
4151	2009	241	14947.2	8.7	19.3	1.0538	3.4	2.1
4151	2009	242	11145.6	6.9	18.6	1.1039	2.3	0
4151	2009	243	20908.8	6.5	25.3	1.1547	2	0
4151	2009	244	18489.6	9.4	30.6	1.5172	3.5	4.2
4151	2009	245	11145.6	12.9	21.4	1.4259	2.2	2
4151	2009	246	12182.4	13.6	20.3	1.3694	4.7	0.8
4151	2009	247	12614.4	10.9	18.7	1.177	4.7	6.3
4151	2009	248	9676.8	10.4	17.3	1.3124	4.9	1
4151	2009	249	5529.6	8	16.8	1.1939	1.9	0.2
4151	2009	250	16416	8.1	22.4	1.3499	1.4	0
4151	2009	251	18662.4	7.8	26.1	1.408	2	0
4151	2009	252	13046.4	8.3	24.8	1.4479	1.5	0
4151	2009	253	4579.2	14.8	18.3	1.5232	3.2	0.1
4151	2009	254	14860.8	8.5	19.7	1.1732	3	0
4151	2009	255	13996.8	8.5	19.7	1.2053	1.9	0
4151	2009	256	5702.4	8.1	15.2	1.2323	2.4	5.2
4151	2009	257	4406.4	9.4	14.3	1.2486	3	23.2
4151	2009	258	3715.2	13.3	15.4	1.5026	3.1	11.5
4151	2009	259	4320	12.9	19.7	1.6102	2.3	0
4151	2009	260	14860.8	8.5	18.3	1.2285	3.1	0
4151	2009	261	13651.2	6	20.1	1.2458	2.2	0
4151	2009	262	15984	7.2	23.2	1.3974	1.6	0
4151	2009	263	11750.4	9	24.2	1.5846	1.3	0
4151	2009	264	10281.6	9.5	20.9	1.4319	1.8	0
4151	2009	265	11836.8	8.4	21.8	1.3884	1.6	0
4151	2009	266	7430.4	8.7	19.8	1.3306	2.5	0.1
4151	2009	267	8294.4	6.8	18.3	1.2784	1.6	0.3
4151	2009	268	7776	8.7	17.5	1.2499	0.9	0
4151	2009	269	13392	6	18.6	1.1575	1.4	0
4151	2009	270	12960	3.9	21	1.1834	0.9	0
4151	2009	271	3974.4	5	17	1.1148	2.1	0
4151	2009	272	3628.8	13.7	16.9	1.4237	4.4	0.8
4151	2009	273	5356.8	10.1	15	1.2784	2.1	0.2
4151	2009	274	3542.4	4.9	14.7	1.0048	3.8	2.1
4151	2009	275	3456	4.6	11.5	0.9144	3.1	0.2
4151	2009	276	3456	8.1	14	1.0132	4.3	1.3
4151	2009	277	8553.6	5.4	15.5	0.8851	5.1	0.1
4151	2009	278	8121.6	2	13.5	0.8959	2.8	7.7
4151	2009	279	2764.8	11.2	17.6	1.5238	2.6	8.1
4151	2009	280	6134.4	16.8	21.9	1.9057	3.7	2.9
4151	2009	281	6307.2	4	18.7	1.1544	3.1	0.1
4151	2009	282	8726.4	3.4	12.7	0.9359	2	0
4151	2009	283	3628.8	5.8	14	1.0847	2.7	17.7
4151	2009	284	2505.6	8.8	13.1	1.1503	3.7	2.7
4151	2009	285	6566.4	3	10.4	0.824	4.1	1.4
4151	2009	286	7257.6	-0.2	10.2	0.7064	2.2	0
4151	2009	287	8553.6	-1.1	6.9	0.5869	2.6	0
4151	2009	288	7171.2	-1.9	7.8	0.5738	2.9	1.2
4151	2009	289	4492.8	0.5	10.8	0.7755	4.5	7.3
4151	2009	290	2246.4	3.2	7.6	0.7981	3.4	4.5
4151	2009	291	6480	-1.3	8.9	0.7136	1.7	0.6
4151	2009	292	9849.6	-2.3	9.9	0.7056	1.5	0
4151	2009	293	9936	-1	9.1	0.6691	4.3	0
4151	2009	294	8380.8	-0.2	9.4	0.7124	4.6	0
4151	2009	295	2937.6	1.3	7	0.7396	3.1	1.7
4151	2009	296	2073.6	2.6	11.4	0.9313	1	0
4151	2009	297	1987.2	5.2	10.6	0.9797	2.8	0.7
4151	2009	298	6739.2	6.7	15.5	1.1222	3.1	0
4151	2009	299	4233.6	7.6	12.6	1.0746	3.9	0.1
4151	2009	300	1900.8	8.9	12.6	1.1609	2.4	0.6
4151	2009	301	3110.4	5.4	12.8	1.0511	1.5	0
4151	2009	302	1814.4	4.9	11.6	1.036	0.8	0
4151	2009	303	2764.8	2	10.2	0.8471	2.8	0
4151	2009	304	4924.8	2.3	8.4	0.7953	3.5	0
4151	2009	305	5875.2	2.4	10.7	0.835	3.8	10.8
4151	2009	306	1728	6.3	10.4	1.043	2.2	2.2
4151	2009	307	3542.4	4.5	9.7	0.8772	2.9	4.3
4151	2009	308	2764.8	5.9	10.5	0.9673	3.6	1.1
4151	2009	309	4924.8	5.5	10.3	0.8732	4.8	0
4151	2009	310	2937.6	4.9	10.8	0.9127	3.5	0.1
4151	2009	311	1900.8	5.4	8.2	0.8198	4.2	0
4151	2009	312	4060.8	4.4	10.1	0.8862	1.9	0.6
4151	2009	313	1555.2	4.6	5.7	0.8372	2.8	10.1
4151	2009	314	1468.8	4.1	5.7	0.7881	2.3	1.5
4151	2009	315	1814.4	2.9	8.7	0.8113	2.6	0
4151	2009	316	3369.6	0.5	7.1	0.7216	2.6	0.6
4151	2009	317	1382.4	6.6	12.6	1.0512	3.4	1.1
4151	2009	318	1382.4	9.4	12.9	1.0995	4.4	0
4151	2009	319	4233.6	5.4	12.7	0.9324	3.5	0.4
4151	2009	320	1382.4	3.7	12.7	0.9999	2.8	3.8
4151	2009	321	1296	8.1	12.4	1.1229	1.8	6.7
4151	2009	322	3283.2	7.1	11.1	0.8894	6.2	0
4151	2009	323	4147.2	5.7	11.6	0.8515	4.4	0
4151	2009	324	5184	4.8	15.4	0.9635	3.6	0
4151	2009	325	2160	7.9	12	1.0394	2.6	0.2
4151	2009	326	2073.6	9.1	13.6	0.9933	5.5	0
4151	2009	327	1209.6	8.3	11.5	0.9507	8.4	18.6
4151	2009	328	1468.8	7.6	12.3	1.015	4.6	1.1
4151	2009	329	4406.4	8.4	13.6	0.905	6.1	0
4151	2009	330	3456	8	10.5	0.8517	5.6	0.6
4151	2009	331	1900.8	6.1	10	0.8391	6	4
4151	2009	332	2073.6	6.3	10.4	0.8344	6.3	0
4151	2009	333	2764.8	2.8	11.9	0.6872	5.2	0
4151	2009	334	1123.2	2	6.9	0.7889	1.1	3.7
4151	2009	335	1123.2	-2.7	5.9	0.6172	2.1	0
4151	2009	336	2246.4	-3.6	5.4	0.6	2.8	0
4151	2009	337	1382.4	3.7	7.6	0.7482	5.4	0.2
4151	2009	338	1900.8	0.2	6.8	0.6673	2.5	2.6
4151	2009	339	1036.8	0.2	5.7	0.6418	5	4.9
4151	2009	340	1036.8	5.6	10.2	0.969	4.4	3.9
4151	2009	341	4147.2	1	8.5	0.7713	3.2	0.5
4151	2009	342	1036.8	1.6	7.9	0.7713	2.8	0.4
4151	2009	343	2332.8	1.5	6.6	0.7181	2.4	0.2
4151	2009	344	1036.8	4.4	8.7	0.8738	4.5	14.1
4151	2009	345	1641.6	2.1	4.5	0.6734	4	1.6
4151	2009	346	1036.8	0.9	4	0.6558	2.7	1.4
4151	2009	347	2678.4	-2	1.1	0.479	2.9	0
4151	2009	348	1296	-3	-0.8	0.4412	1.6	0
4151	2009	349	1900.8	-2.2	0.8	0.4587	2	0
4151	2009	350	3456	-5.6	0	0.4178	1.7	0
4151	2009	351	1987.2	-7.9	-1.6	0.3738	1.7	0.2
4151	2009	352	1036.8	-14.5	-3.9	0.2439	2.8	0.4
4151	2009	353	3542.4	-17.4	-12.3	0.1566	2.1	0
4151	2009	354	1814.4	-17.5	-2.7	0.2385	3.8	2.1
4151	2009	355	2937.6	-4.3	-0.8	0.4053	4.2	0.2
4151	2009	356	950.4	-0.9	6.4	0.6476	4	1.2
4151	2009	357	3542.4	-1	3.1	0.5867	2.1	0
4151	2009	358	1382.4	-1.2	2.3	0.5659	3.3	5.5
4151	2009	359	1987.2	1.2	8.3	0.7285	6.3	0.9
4151	2009	360	3801.6	0.1	5.4	0.5732	4.8	0
4151	2009	361	2505.6	-0.1	3.3	0.5349	4.9	1
4151	2009	362	1468.8	-3	3.7	0.5515	3	0.1
4151	2009	363	3024	-4.1	0.6	0.5107	3.5	8.5
4151	2009	364	1036.8	0.3	2.1	0.653	1.9	10.1
4151	2009	365	1036.8	-1.8	0.6	0.5556	2.3	5.7
