*---------------------------------------------------------------------------*
* Station name: GOTTINGEN                               
* Year: 2008
* Author: Pedro Alencar                                   -999.000: NIL VALUE
* Source: ECAD 
* Comments: 
* Longitude: 51.5017, latitude: 51.5017, altitude: 167 m.
*
* Column  Daily value
* 1       station number
* 2       year
* 3       day
* 4       irradiation                   (kJ m-2 d-1)
* 5       minimum temperature           (degrees Celsius)
* 6       maximum temperature           (degrees Celsius)
* 7       early morning vapour pressure (kPa)
* 8       mean wind speed (height: 2 m) (m s-1)
* 9       precipitation                 (mm d-1)
*
** WCCDESCRIPTION=GERMANY, GOTTINGEN                               
** WCCFORMAT=2
** WCCYEARNR=2008
*---------------------------------------------------------------------------*
   51.5017  9.9528    167.  -0.18 -0.55
4151	2008	1	1036.8	-1.1	1.6	0.5413	1.2	0
4151	2008	2	2851.2	-3.7	0.1	0.4552	3.3	0
4151	2008	3	2678.4	-2.2	-0.9	0.431	6.7	0
4151	2008	4	3715.2	-2.9	1.2	0.4479	5	0
4151	2008	5	1728	0.4	5.1	0.5955	4.5	4.8
4151	2008	6	1987.2	0.9	5	0.6494	2.7	0.2
4151	2008	7	2678.4	0.3	7.3	0.6334	5	2.1
4151	2008	8	3888	1.8	6.2	0.6424	4.3	0
4151	2008	9	3024	1.2	6.3	0.6631	3.2	0.2
4151	2008	10	3369.6	1.8	8.8	0.7213	4.5	0
4151	2008	11	3369.6	6.5	11.4	0.8118	5.2	0
4151	2008	12	2419.2	1.8	8.5	0.6169	4.7	0
4151	2008	13	5011.2	-1.5	5.3	0.5816	3.4	0
4151	2008	14	2419.2	-1.1	5.9	0.5736	4.6	0
4151	2008	15	1641.6	5.3	9.4	0.7282	6.6	0
4151	2008	16	1987.2	3.5	9.7	0.7404	5.3	0
4151	2008	17	1814.4	4.5	7.9	0.7487	4.2	2
4151	2008	18	2073.6	5.3	9.8	0.8526	5	3.3
4151	2008	19	1296	8.6	12	1.1517	5.1	14.7
4151	2008	20	1296	8.6	11.7	1.1154	4.9	5.3
4151	2008	21	1296	7.5	10.7	0.9933	6.2	7.4
4151	2008	22	3974.4	0.8	8.4	0.6615	5	0
4151	2008	23	2851.2	0.3	6.4	0.5981	3.1	0
4151	2008	24	1382.4	3.4	7.7	0.7158	4	1.8
4151	2008	25	5616	1.3	6.7	0.5773	4.2	0
4151	2008	26	5616	5.6	11.2	0.8262	5.9	10.2
4151	2008	27	1468.8	6.2	7.8	0.8912	6.8	4.9
4151	2008	28	1468.8	5.4	7.8	0.8768	1.7	0
4151	2008	29	1468.8	0.3	6.3	0.6192	1.6	0
4151	2008	30	1555.2	-0.6	2.9	0.6042	1.7	1.3
4151	2008	31	3110.4	0.6	3.4	0.5363	5.9	0.3
4151	2008	32	2851.2	2.4	6.4	0.6356	6.9	0.3
4151	2008	33	3024	-0.3	3.9	0.5426	4.8	0.8
4151	2008	34	6825.6	-1.7	4	0.4648	4.1	0
4151	2008	35	3628.8	-0.7	6.9	0.5495	3.7	0
4151	2008	36	1728	2.3	9.1	0.7233	5.4	4.9
4151	2008	37	2505.6	3.2	9.8	0.7934	5.5	5
4151	2008	38	5616	2	7.6	0.6708	3	0
4151	2008	39	6912	0.1	10.8	0.6569	1.5	0
4151	2008	40	7948.8	-1.2	12.5	0.7025	0.8	0
4151	2008	41	7689.6	-1.5	11.4	0.7213	0.7	0
4151	2008	42	7257.6	-1.8	12.2	0.7605	0.5	0
4151	2008	43	1900.8	-2.3	4.4	0.6131	1.2	0
4151	2008	44	5875.2	-1.6	6.3	0.5861	1.6	0
4151	2008	45	1987.2	-0.7	1.6	0.5681	1.4	0
4151	2008	46	7603.2	-3.7	2.9	0.4095	2.6	0
4151	2008	47	9072	-6.5	1.2	0.3671	1.7	0
4151	2008	48	9158.4	-6.2	4.9	0.3671	1.5	0
4151	2008	49	2592	-3.6	2.7	0.4553	1.7	0
4151	2008	50	5702.4	-2.3	5.9	0.6052	1.7	0
4151	2008	51	5270.4	-4.6	5.5	0.5618	1.2	0.4
4151	2008	52	3024	0.4	8.6	0.7074	3.3	0
4151	2008	53	2332.8	8	10.6	0.9014	5.4	0.2
4151	2008	54	5961.6	5.6	12.1	0.7609	4.7	0
4151	2008	55	9417.6	1.5	12.2	0.8028	2.3	1.4
4151	2008	56	8553.6	2.1	10.1	0.6965	3	0
4151	2008	57	3024	5.3	13	0.8924	5.9	1.3
4151	2008	58	5356.8	2.4	8.9	0.6478	5.2	0
4151	2008	59	7948.8	0.2	9.2	0.6234	2.5	0
4151	2008	60	2592	4.8	9.2	0.8011	3	24.6
4151	2008	61	4752	5	9.5	0.764	10.9	5.3
4151	2008	62	6480	5.3	11.4	0.7905	8.1	2.8
4151	2008	63	5616	1.5	8.2	0.5955	5.3	0.1
4151	2008	64	7257.6	-0.4	6.2	0.5116	3.9	0
4151	2008	65	11923.2	-1.7	4.5	0.4191	3.3	0
4151	2008	66	2937.6	-0.4	5	0.4975	3.5	0
4151	2008	67	3024	3.9	9.8	0.8028	1.7	0.2
4151	2008	68	8035.2	3.8	10.7	0.8047	1.9	0
4151	2008	69	4492.8	3.1	10	0.6699	4.4	0
4151	2008	70	8294.4	5.6	12.5	0.7713	6.1	0.5
4151	2008	71	7084.8	6.3	10	0.7798	7.1	4
4151	2008	72	7862.4	4.6	10.5	0.7382	9.3	4.9
4151	2008	73	8985.6	2	9.4	0.6134	7.7	3.1
4151	2008	74	8467.2	0.8	10.3	0.7067	4	1.4
4151	2008	75	11750.4	-1.2	11.8	0.6768	1.9	3.1
4151	2008	76	4924.8	4.1	12.7	0.9144	2.8	3.2
4151	2008	77	8035.2	0.6	6.6	0.585	5.6	0.5
4151	2008	78	7344	-0.5	5.7	0.6334	4.3	7
4151	2008	79	11750.4	0.2	5.9	0.6312	3.5	2.5
4151	2008	80	6134.4	0.2	5.7	0.6267	4.6	6.7
4151	2008	81	6220.8	1.6	4.8	0.661	4.8	3.5
4151	2008	82	3715.2	-1.3	4.1	0.5881	4.1	3.8
4151	2008	83	8640	-4.5	0.5	0.4222	2.9	0.2
4151	2008	84	11664	-4.5	3.5	0.4478	3	0.9
4151	2008	85	7948.8	-1.8	3.7	0.5367	4.8	0.5
4151	2008	86	12614.4	-1.8	6.7	0.5393	3.9	0.1
4151	2008	87	4579.2	-3	7.5	0.5891	2.5	0
4151	2008	88	10540.8	2.7	10.6	0.6843	4.7	1.1
4151	2008	89	12182.4	4.5	12	0.7415	5.7	0.5
4151	2008	90	17366.4	5.8	18.9	0.6452	5.6	0
4151	2008	91	6566.4	3.2	13.8	0.7431	2.4	0
4151	2008	92	15465.6	1.4	15.8	0.804	2.8	5.4
4151	2008	93	5270.4	4.9	10.3	0.866	4.1	1.2
4151	2008	94	4320	2	7.9	0.7561	3.3	5
4151	2008	95	6652.8	2.2	9.4	0.7744	1.9	0.2
4151	2008	96	4406.4	3.2	7.7	0.8008	3	8.7
4151	2008	97	10454.4	1.9	8.5	0.6986	1.7	0.7
4151	2008	98	4492.8	1.6	5.4	0.6594	2.5	1.8
4151	2008	99	15292.8	-1.5	9.5	0.5936	1.5	0
4151	2008	100	4579.2	3	8.3	0.7117	2.3	2.8
4151	2008	101	4665.6	3	6.2	0.7463	1.7	0.3
4151	2008	102	4665.6	4.1	8.3	0.8435	2.5	2.7
4151	2008	103	16502.4	1.5	13.6	0.7382	2.8	0
4151	2008	104	10454.4	3.8	13.6	0.8769	2.7	8.2
4151	2008	105	6739.2	5.5	11.1	0.941	3.1	3.1
4151	2008	106	6220.8	3.8	8.6	0.7393	2.8	0
4151	2008	107	15984	-0.9	9.6	0.5917	2.4	0
4151	2008	108	19094.4	-2.5	10.8	0.5999	1.7	0
4151	2008	109	12355.2	0.1	10.3	0.6632	3.3	0
4151	2008	110	7776	5	8.5	0.7383	4.1	0
4151	2008	111	10972.8	4.6	12.1	0.8125	3.7	0
4151	2008	112	18057.6	3.8	15.6	0.7817	5.2	0
4151	2008	113	11318.4	4.6	14.6	0.7764	3.6	0.1
4151	2008	114	20131.2	1.2	17.8	0.795	1.9	0
4151	2008	115	12700.8	7.3	17.1	0.9654	1.9	2.3
4151	2008	116	12009.6	5.4	15	0.9824	3.5	1.1
4151	2008	117	17452.8	2.5	17.6	0.8741	1.4	0
4151	2008	118	20995.2	3.5	19.7	0.887	2.5	0
4151	2008	119	18576	5.9	21.6	1.1154	2.8	3.9
4151	2008	120	13219.2	4.3	16.3	0.9764	1.6	0.5
4151	2008	121	20563.2	2.5	19.1	0.9189	3.2	1.8
4151	2008	122	18403.2	4.5	15.6	0.8618	3.1	0.4
4151	2008	123	14428.8	3	15.6	0.9248	1.5	0.6
4151	2008	124	18230.4	2	17.8	0.9141	1.4	0
4151	2008	125	23932.8	1.6	18	0.8111	1.9	0
4151	2008	126	21600	1.8	18.9	0.9294	1.5	0
4151	2008	127	21772.8	5	21.1	1.0657	1.5	0
4151	2008	128	22809.6	4.1	21.7	1.0256	1.4	0
4151	2008	129	26092.8	4.6	22.7	1.0145	1.5	0
4151	2008	130	26438.4	4.6	22.4	0.9583	3	0
4151	2008	131	26611.2	4.6	22	0.9459	2.8	0
4151	2008	132	26784	4.5	21.7	0.9788	2.8	0
4151	2008	133	26524.8	4.2	23.3	1.0054	2	0
4151	2008	134	24019.2	8	23.1	1.1468	3	0
4151	2008	135	27043.2	5.9	22.2	1.0893	1.9	0
4151	2008	136	13305.6	6.9	18.9	1.2486	1.9	3.7
4151	2008	137	14515.2	9.3	20.8	1.4523	2	3.3
4151	2008	138	13392	9	19.9	1.4137	2.9	0.5
4151	2008	139	9504	7.4	13.5	0.9862	2.5	0
4151	2008	140	13996.8	4.4	16.3	0.8918	2.2	0
4151	2008	141	12441.6	5	14.9	0.7582	2.5	0
4151	2008	142	18230.4	3.2	17.5	0.8541	1.9	0
4151	2008	143	20217.6	2.1	19.7	0.8859	1.5	0
4151	2008	144	11232	7.4	18.2	1.0927	1.6	0
4151	2008	145	23760	4.4	19.8	0.9873	2.6	0.2
4151	2008	146	14256	12.1	21.1	1.3582	3.1	1.4
4151	2008	147	7344	13.1	21.7	1.528	2.2	0.2
4151	2008	148	15379.2	13.1	21	1.5334	3.7	0
4151	2008	149	21081.6	13.9	24.4	1.6165	3.9	0
4151	2008	150	22118.4	12.6	25.7	1.55	3.2	0
4151	2008	151	26611.2	13.1	29.9	1.7149	2.3	0
4151	2008	152	6307.2	13.4	21.9	1.7337	2.1	0.1
4151	2008	153	21772.8	13	26.9	1.7452	1.2	0
4151	2008	154	23587.2	10.9	28.6	1.7697	1.7	0.8
4151	2008	155	14428.8	15.3	24.8	1.7092	2.3	0
4151	2008	156	12873.6	14	21.6	1.7501	1.9	2.1
4151	2008	157	26956.8	10.3	22.8	1.2411	3.3	0
4151	2008	158	27648	7.4	22.5	1.1205	3	0
4151	2008	159	23328	8.7	25.4	1.4363	1.8	1.2
4151	2008	160	25315.2	9.4	26.3	1.3269	2.2	0
4151	2008	161	29116.8	8	27.5	1.2172	2	0
4151	2008	162	28944	8.9	27.1	1.257	2.7	0
4151	2008	163	13392	9.7	18.5	1.0446	3.4	0
4151	2008	164	13910.4	8.7	16	1.061	2.3	23.7
4151	2008	165	11664	8.6	15.2	1.1692	3	2.2
4151	2008	166	18316.8	5.5	15.8	1.0635	2	2.9
4151	2008	167	17884.8	7.2	17.1	1.132	1.6	6.8
4151	2008	168	22896	5.4	18.2	1.0095	2	0
4151	2008	169	25660.8	3.8	20.7	0.9828	1.2	0
4151	2008	170	24278.4	7.8	23.3	1.1821	1.8	0
4151	2008	171	15120	9.9	22.9	1.3038	3.4	2.2
4151	2008	172	18921.6	9.1	20.3	1.136	2.7	1.5
4151	2008	173	21254.4	11.7	20.9	1.4066	1.7	0.6
4151	2008	174	25488	13.3	28.4	1.8694	3.3	28.2
4151	2008	175	29289.6	9.5	22.4	1.1403	3.7	0
4151	2008	176	26697.6	8.1	23.2	1.2962	1.5	0
4151	2008	177	12096	13.9	23.4	1.7385	2.6	17.5
4151	2008	178	27475.2	10.5	23.2	1.3416	2.3	0
4151	2008	179	18057.6	10.3	20.4	1.289	3.8	1
4151	2008	180	13392	12.3	22.1	1.4892	3.6	0.2
4151	2008	181	26870.4	11.5	25.4	1.399	2.2	0
4151	2008	182	22550.4	10.7	23	1.3033	2.2	0
4151	2008	183	28166.4	8.8	27	1.3516	2.1	0
4151	2008	184	27993.6	10.2	30.3	1.5171	2.5	0
4151	2008	185	17366.4	15.8	28.6	2.0835	2.3	18.8
4151	2008	186	19267.2	10.1	21.3	1.336	3.9	0
4151	2008	187	24710.4	9.2	23.8	1.2559	1.6	0
4151	2008	188	16588.8	13.5	23.8	1.4166	2.5	0
4151	2008	189	19267.2	12.1	22.1	1.3435	4.4	1
4151	2008	190	13219.2	12.1	20.4	1.4206	4.3	3.7
4151	2008	191	14169.6	10.9	20.3	1.3098	3.6	1
4151	2008	192	12787.2	13.6	25.6	1.7989	2.5	3
4151	2008	193	12182.4	14.4	23.7	1.7605	2.4	0.3
4151	2008	194	15984	11.6	20.1	1.4208	2.9	6.3
4151	2008	195	11145.6	8.1	19.4	1.2411	1.2	0
4151	2008	196	13824	6.9	20.6	1.194	2.3	0
4151	2008	197	24451.2	9.7	25.2	1.274	3.2	0
4151	2008	198	10022.4	10.9	21.2	1.5483	2.3	11.2
4151	2008	199	14688	8.6	18.1	1.2551	1.8	0
4151	2008	200	6220.8	12.2	17.7	1.426	2.3	0.3
4151	2008	201	11404.8	10.6	22.4	1.5558	3	12.6
4151	2008	202	12614.4	9.8	18	1.3167	2.2	6.3
4151	2008	203	6134.4	7.7	14.3	1.1017	4	3.5
4151	2008	204	17193.6	11.9	19.4	1.4027	4.5	0.1
4151	2008	205	26784	7.9	22.9	1.2232	1.8	0
4151	2008	206	26697.6	7.8	25.9	1.2649	2.3	0
4151	2008	207	22291.2	14	28.6	1.7194	2.6	0
4151	2008	208	23673.6	15.6	31.7	1.8369	2.9	0
4151	2008	209	25401.6	15.1	32.5	1.7065	2.4	0
4151	2008	210	26697.6	13.2	32.5	1.4726	3.1	0
4151	2008	211	18662.4	13.2	32.2	1.9549	2.1	3.3
4151	2008	212	20736	16.2	28.3	2.1434	1.5	0
4151	2008	213	24192	14.5	32.5	1.7626	2.6	0
4151	2008	214	17884.8	15.6	31	1.8272	3	0
4151	2008	215	13910.4	16.7	25.5	1.4487	2.5	0.1
4151	2008	216	17366.4	16.8	25.8	1.5171	4.2	5.9
4151	2008	217	16243.2	12.9	22.7	1.3431	6.4	0
4151	2008	218	16675.2	11.4	22.6	1.3157	4.7	0
4151	2008	219	21168	10.5	28.7	1.4118	1.8	0
4151	2008	220	22809.6	13.5	33.2	1.6895	3.4	0.4
4151	2008	221	13824	14.2	22.2	1.5651	3.5	10.9
4151	2008	222	15120	9.7	19.9	1.261	2.9	0.1
4151	2008	223	8553.6	12.7	22.5	1.4469	3.6	1.4
4151	2008	224	17539.2	14.7	24.5	1.4573	3	5.6
4151	2008	225	6480	15.4	22	1.8086	3.6	2.3
4151	2008	226	17884.8	12.9	21.9	1.27	5.8	0.1
4151	2008	227	18662.4	9.2	21.9	1.0762	3.5	0
4151	2008	228	6739.2	8.5	19.2	1.2966	1.3	0.7
4151	2008	229	21686.4	7.4	21.7	1.1581	1.5	0
4151	2008	230	21340.8	6.4	23.5	1.0356	2.1	0
4151	2008	231	11404.8	14.8	24	1.2819	3.6	0.7
4151	2008	232	12355.2	15.5	22.9	1.5548	4	0
4151	2008	233	11318.4	14.8	22.5	1.5239	4.8	1.6
4151	2008	234	16416	12.3	23.3	1.2617	3.6	0
4151	2008	235	7603.2	14	24.1	1.6944	2.5	6.5
4151	2008	236	11318.4	11.7	17.5	1.3611	4	10.7
4151	2008	237	12096	10.5	19.6	1.3327	3	0.8
4151	2008	238	9158.4	12	20.1	1.5483	2.2	0
4151	2008	239	8553.6	10.3	19.7	1.3966	1.8	0
4151	2008	240	18748.8	14.7	24.1	1.6643	2.9	0
4151	2008	241	6048	15.5	19.1	1.5775	2.6	0.1
4151	2008	242	6480	13	21	1.5866	3	0
4151	2008	243	19699.2	12.5	24	1.4025	2.3	0
4151	2008	244	19353.6	10.1	27.3	1.1411	3.8	0
4151	2008	245	5788.8	11.8	21.8	1.3947	1.7	0.2
4151	2008	246	14428.8	9.5	23.2	1.1883	3.5	0.8
4151	2008	247	5702.4	10	19.8	1.3538	2.5	5.2
4151	2008	248	14169.6	9.2	18.2	1.1744	3.4	0
4151	2008	249	9158.4	10.3	22.2	1.4206	3.4	11.2
4151	2008	250	5184	15.3	20.5	1.5973	3.5	0.6
4151	2008	251	11750.4	13.8	20.4	1.363	4.2	0
4151	2008	252	12614.4	8.3	20.2	1.1684	3	0
4151	2008	253	18144	6.2	25.2	1.2291	1.9	0
4151	2008	254	10454.4	12	23.5	1.562	1.6	0
4151	2008	255	14342.4	14.7	25.3	1.6806	2.5	0
4151	2008	256	13219.2	13.9	22.2	1.3644	5.2	0.5
4151	2008	257	16675.2	7.4	16.9	0.7924	5.7	0
4151	2008	258	11664	2.5	14.5	0.7653	2.6	0.3
4151	2008	259	5443.2	6.6	12.8	0.9621	1.8	0.2
4151	2008	260	9676.8	6.5	14	0.8609	2.5	0
4151	2008	261	8553.6	2.7	13.7	0.7282	1.7	0
4151	2008	262	14601.6	0.2	16.1	0.7149	1.8	0
4151	2008	263	11923.2	-0.2	15.7	0.7378	1.3	0
4151	2008	264	7344	4.9	15.7	0.8638	1.5	0
4151	2008	265	9590.4	6.3	17.1	1.099	1.9	2.2
4151	2008	266	6739.2	8	14.6	1.1639	2.5	5.8
4151	2008	267	3283.2	10.1	12.3	1.2493	1.9	13.9
4151	2008	268	5270.4	8.2	14.5	1.1947	1.6	0.5
4151	2008	269	7516.8	5.1	14.3	0.9981	2.1	0
4151	2008	270	10281.6	3.3	15.4	1.0807	1.8	0
4151	2008	271	9763.2	4.1	15.2	1.0907	1.4	0
4151	2008	272	11491.2	2.9	17.8	1.0802	1.4	0
4151	2008	273	5616	8.3	14.3	1.0971	1.7	1.8
4151	2008	274	2937.6	7.3	11.5	0.9782	4.8	7
4151	2008	275	5875.2	8.4	14.8	1.119	6.7	7.9
4151	2008	276	10972.8	7.5	13.9	0.9385	4.8	0
4151	2008	277	12009.6	3.7	12.3	0.7934	3.4	0
4151	2008	278	7344	4.4	11.1	0.7905	3.1	0.2
4151	2008	279	2764.8	6.2	12.2	0.8838	5.7	5
4151	2008	280	3542.4	9.7	14.8	1.2962	1.2	0.4
4151	2008	281	3888	11.3	16.5	1.396	2.8	0
4151	2008	282	6393.6	11.5	18.7	1.4399	2.4	0
4151	2008	283	3974.4	4.6	15	1.0412	1.9	0
4151	2008	284	8985.6	4.9	16.8	1.1557	1.2	0
4151	2008	285	9936	5.6	19.9	1.2952	2	0
4151	2008	286	7862.4	8.7	17.5	1.3101	2	0
4151	2008	287	9072	10.7	20.3	1.4245	1.8	3.2
4151	2008	288	4924.8	9.3	16.2	1.2805	1.8	0.1
4151	2008	289	3456	8.9	15.1	1.177	3	1
4151	2008	290	3196.8	6.1	14.2	1.0411	3.2	3.4
4151	2008	291	6739.2	5	11.7	0.8783	3.2	0
4151	2008	292	8726.4	1.7	12.4	0.8039	1.9	0
4151	2008	293	5097.6	4	12.8	0.9034	2.1	0
4151	2008	294	9936	2.4	16.1	0.8751	3.8	0
4151	2008	295	3110.4	8.5	17.9	1.2733	3.6	3.7
4151	2008	296	2073.6	3.8	10.9	0.9128	0.9	0
4151	2008	297	7171.2	0.8	8.9	0.794	2.4	0
4151	2008	298	8208	0.6	11.7	0.7745	2.6	0.2
4151	2008	299	4665.6	3.8	14	0.9914	1.6	0
4151	2008	300	3283.2	4.8	14.4	0.8601	4.2	6.9
4151	2008	301	1900.8	2.8	10.6	0.9025	2	3.4
4151	2008	302	4579.2	0.9	8.4	0.7744	1.6	0
4151	2008	303	3369.6	1.8	7.7	0.797	0.8	2.4
4151	2008	304	1814.4	2.2	4.2	0.7224	2.2	9.1
4151	2008	305	3283.2	1.4	7	0.7504	3.2	0
4151	2008	306	4060.8	2.3	9.4	0.8604	2.1	0.1
4151	2008	307	4492.8	2.5	11.8	0.9308	1.6	0
4151	2008	308	1641.6	6.3	10.1	0.9999	2.4	0
4151	2008	309	2160	7.5	9.9	1.0456	1.6	0
4151	2008	310	1641.6	8.6	10.5	1.0715	2.5	0
4151	2008	311	1555.2	9.2	12.2	1.1571	1.4	0
4151	2008	312	3024	4.3	12.1	0.9781	2.1	0
4151	2008	313	4492.8	3.7	11.1	0.9365	2.2	0
4151	2008	314	1468.8	4.3	11.5	0.9051	4.7	0.5
4151	2008	315	1468.8	9.9	15.6	1.0597	7	0
4151	2008	316	4060.8	6	15.6	0.906	6.2	2.8
4151	2008	317	5616	2.5	10.3	0.7591	3.4	0
4151	2008	318	3110.4	1.5	9.4	0.8008	1.4	0
4151	2008	319	1382.4	1.3	8.7	0.7151	3.1	0
4151	2008	320	1382.4	7.7	10.1	0.9914	3.4	0.2
4151	2008	321	2246.4	4.3	10.4	0.841	4.9	0.1
4151	2008	322	5616	-0.2	8	0.6863	1.5	0
4151	2008	323	1296	0.9	7	0.6968	3.1	2.1
4151	2008	324	1296	4.9	9.2	0.8239	4.5	0.6
4151	2008	325	1209.6	4.6	10.6	0.8764	6.6	12.4
4151	2008	326	1900.8	-0.2	5.8	0.6724	5.2	4.5
4151	2008	327	2592	-2.5	1.2	0.5186	5.2	0.7
4151	2008	328	1468.8	-0.9	2.4	0.5483	4.5	1
4151	2008	329	1209.6	-5.5	-0.1	0.4774	2.4	2.8
4151	2008	330	1123.2	-4.7	1.2	0.5053	1.4	0.1
4151	2008	331	1123.2	-6.8	4	0.4964	2.2	0
4151	2008	332	1555.2	2.8	5	0.6944	3.7	0.1
4151	2008	333	3024	-1.1	4.4	0.5712	3	2.1
4151	2008	334	1123.2	-2	1.6	0.5721	1.5	2.8
4151	2008	335	3369.6	-3.9	4.1	0.5601	2.2	0
4151	2008	336	1123.2	-3.4	3.1	0.5742	1.2	0.2
4151	2008	337	1987.2	1.5	5.1	0.6579	3.9	0.5
4151	2008	338	1036.8	-0.9	2.4	0.5806	4	3.2
4151	2008	339	1036.8	-1.4	4.9	0.61	4.8	0.8
4151	2008	340	1296	3.3	6.6	0.7648	3.4	7
4151	2008	341	1036.8	2.3	4.9	0.7431	1.9	3.2
4151	2008	342	2678.4	2.9	6.1	0.7579	2.2	0.2
4151	2008	343	1987.2	-0.9	5	0.6162	2.5	0
4151	2008	344	1036.8	-2	1.2	0.5401	2.5	0.1
4151	2008	345	1036.8	0.5	2.9	0.6424	1.3	0
4151	2008	346	1036.8	-0.6	2.3	0.6368	0.9	1.1
4151	2008	347	1036.8	-1	1	0.5621	1.5	0
4151	2008	348	1382.4	-1.3	2	0.5703	4.7	0
4151	2008	349	3456	-0.3	4.1	0.6306	2.9	0
4151	2008	350	1036.8	-0.3	4.7	0.6514	1.7	0
4151	2008	351	1036.8	2.1	3.6	0.6748	2.2	0
4151	2008	352	1036.8	0.4	2.5	0.6377	1.8	0.7
4151	2008	353	3369.6	0.5	5.4	0.6947	1.8	0.7
4151	2008	354	2160	2.3	6.7	0.7495	3.2	1.2
4151	2008	355	950.4	2.8	8.8	0.7652	4.8	0.5
4151	2008	356	950.4	0.7	8.3	0.7411	2.7	1.3
4151	2008	357	2332.8	4.6	9.4	0.8412	5.4	0.8
4151	2008	358	1036.8	4.5	6.2	0.7953	3	0.4
4151	2008	359	1036.8	4.4	6.7	0.8336	3.2	0.2
4151	2008	360	3801.6	-1	5.2	0.5757	3.5	0
4151	2008	361	4233.6	-3.1	0	0.4146	5.3	0
4151	2008	362	1036.8	-3.3	-0.8	0.4206	3.9	0
4151	2008	363	3369.6	-7	-1.5	0.3703	3.8	0
4151	2008	364	1382.4	-9.3	-3.3	0.3436	2.4	0
4151	2008	365	4233.6	-9.2	-0.9	0.3738	2.7	0
4151	2008	366	4320	-10.5	0.8	0.3752	0.7	0
