*---------------------------------------------------------------------------*
* Station name: GOTTINGEN                               
* Year: 2003
* Author: Pedro Alencar                                   -999.000: NIL VALUE
* Source: ECAD 
* Comments: 
* Longitude: 51.5017, latitude: 51.5017, altitude: 167 m.
*
* Column  Daily value
* 1       station number
* 2       year
* 3       day
* 4       irradiation                   (kJ m-2 d-1)
* 5       minimum temperature           (degrees Celsius)
* 6       maximum temperature           (degrees Celsius)
* 7       early morning vapour pressure (kPa)
* 8       mean wind speed (height: 2 m) (m s-1)
* 9       precipitation                 (mm d-1)
*
** WCCDESCRIPTION=GERMANY, GOTTINGEN                               
** WCCFORMAT=2
** WCCYEARNR=2003
*---------------------------------------------------------------------------*
   51.5017  9.9528    167.  -0.18 -0.55
4151	2003	1	1036.8	-5	8.2	0.6104	4.7	8
4151	2003	2	1036.8	7.5	9.8	1.0084	5	10.4
4151	2003	3	1036.8	1.9	8.3	0.7991	5	10
4151	2003	4	1036.8	-2.9	1.9	0.5067	4.2	0
4151	2003	5	3456	-3.8	-1	0.3842	2.9	0.7
4151	2003	6	2073.6	-6.5	-1.3	0.3939	3.2	0.4
4151	2003	7	4579.2	-14.1	-5.7	0.2365	2.8	0
4151	2003	8	3456	-14	-7.8	0.1998	1.6	0
4151	2003	9	4752	-15.9	-9	0.1788	1.2	0
4151	2003	10	1123.2	-9.8	-3.7	0.2914	1.8	0
4151	2003	11	1123.2	-11.2	-3.6	0.3017	1.2	0
4151	2003	12	1123.2	-8.6	-0.9	0.3652	2	0.6
4151	2003	13	1209.6	-1.9	2.7	0.5787	4	5.7
4151	2003	14	1209.6	2.4	5.1	0.783	3.7	0
4151	2003	15	1209.6	3	4.6	0.6575	4.8	0
4151	2003	16	1900.8	1.1	6.5	0.6655	3.7	0
4151	2003	17	5184	0.3	4.8	0.6165	3.8	0
4151	2003	18	1296	-0.3	2.5	0.569	3.2	0
4151	2003	19	4492.8	0	6.2	0.6029	5.3	0.1
4151	2003	20	3196.8	4.6	8.1	0.7374	5	0.2
4151	2003	21	1296	2.8	7.8	0.7213	4.7	0
4151	2003	22	3715.2	1.1	7.4	0.6703	4.6	1.2
4151	2003	23	1382.4	3.2	6	0.7972	2.3	5.7
4151	2003	24	1382.4	0.7	3.2	0.5696	3	0
4151	2003	25	5616	-0.7	4.2	0.5684	2.9	0.6
4151	2003	26	1468.8	1.5	4.1	0.6724	3.4	0.6
4151	2003	27	1468.8	3.4	9.5	0.9353	3.7	2.5
4151	2003	28	2160	0.3	9.6	0.7474	8.4	7.3
4151	2003	29	1468.8	0.2	3.9	0.6587	3.9	5
4151	2003	30	3110.4	-2.9	2.1	0.5104	3.9	0.7
4151	2003	31	1555.2	-5.5	-2.5	0.391	4.6	0.4
4151	2003	32	5788.8	-13.7	-1.5	0.2729	3.3	0.1
4151	2003	33	2160	-4.4	2.9	0.4859	5.4	1.7
4151	2003	34	2851.2	0.2	3.8	0.614	4.4	1.2
4151	2003	35	5097.6	-0.5	3.2	0.5591	3.9	1.5
4151	2003	36	2332.8	-3.7	0.8	0.5056	3.6	7.3
4151	2003	37	2160	-5.2	-1	0.4085	3.1	0
4151	2003	38	2419.2	-5.4	1.4	0.4486	1.7	0.8
4151	2003	39	1814.4	0.6	2.8	0.6769	1.3	0
4151	2003	40	5270.4	-2.3	2.1	0.5338	4.9	0
4151	2003	41	7776	-4.3	3.1	0.4971	3.7	0
4151	2003	42	1900.8	-4.8	-2.7	0.4169	3.9	0
4151	2003	43	6307.2	-6	-0.3	0.3828	4.3	0
4151	2003	44	8380.8	-9.6	0	0.2996	2.4	0
4151	2003	45	8208	-11.1	0.8	0.3084	1.3	0
4151	2003	46	2073.6	-9.8	-0.9	0.3366	2	0
4151	2003	47	4233.6	-6.8	-1.8	0.3023	3	0
4151	2003	48	7257.6	-9.1	-2	0.3194	2.7	0
4151	2003	49	6393.6	-9.8	-2.2	0.3243	3.1	0
4151	2003	50	6825.6	-5.1	-0.4	0.4243	4.5	0
4151	2003	51	3801.6	-4.8	-0.8	0.4327	4.8	0
4151	2003	52	7257.6	-3.2	0.9	0.4831	4.9	0
4151	2003	53	9676.8	-4.5	4	0.492	4.1	0
4151	2003	54	10281.6	-3.9	7	0.492	3.8	0
4151	2003	55	10454.4	-6.3	10.5	0.5402	1.5	0
4151	2003	56	10713.6	-5.6	9.1	0.513	2.1	0.1
4151	2003	57	10627.2	-5.8	10.7	0.5393	1.3	0
4151	2003	58	9417.6	-2.1	13.4	0.7117	0.7	0
4151	2003	59	5184	-0.4	11.1	0.7059	1.6	0
4151	2003	60	4147.2	1.6	10.6	0.8471	2.5	0.5
4151	2003	61	4752	3.2	10.5	0.9614	4.1	4.8
4151	2003	62	2764.8	2.8	5.1	0.8103	1.7	0.8
4151	2003	63	3974.4	2.3	8.1	0.8136	2.6	0
4151	2003	64	3801.6	3.9	10.1	0.8512	4	0
4151	2003	65	3369.6	3.6	8.3	0.8198	5.4	8.6
4151	2003	66	7689.6	3.4	9.1	0.7418	3	0
4151	2003	67	7516.8	2.7	10.8	0.6792	5.3	0.3
4151	2003	68	5011.2	5.2	10.5	0.8384	4.3	0
4151	2003	69	9676.8	3	15.4	0.8838	2.8	0.9
4151	2003	70	3110.4	6	12.7	0.9984	4.1	7.9
4151	2003	71	3196.8	3.9	8	0.7918	4.5	1.2
4151	2003	72	14169.6	-1.7	8	0.4825	3.9	0
4151	2003	73	10195.2	-2.9	5.5	0.4564	3.2	0
4151	2003	74	13996.8	-2.9	6.9	0.5787	2.1	0
4151	2003	75	11923.2	-3.1	10.9	0.6863	1.1	0
4151	2003	76	8553.6	-2.3	6.1	0.6096	2.3	0
4151	2003	77	12441.6	-3.9	10.7	0.647	1.5	0
4151	2003	78	15811.2	-2.6	11.3	0.65	3.5	0
4151	2003	79	3542.4	1	3.1	0.5524	2.9	0
4151	2003	80	13564.8	-2	6.8	0.4647	4.2	0
4151	2003	81	16934.4	-4.4	9.9	0.402	4	0
4151	2003	82	17280	-4	15.8	0.492	1.9	0
4151	2003	83	17107.2	-2.8	17.9	0.5615	1.9	0
4151	2003	84	14169.6	4.4	17	0.7714	2.2	0
4151	2003	85	16156.8	1.5	16.4	0.7775	2.6	0.9
4151	2003	86	12614.4	4.2	17.4	0.9707	1.4	0
4151	2003	87	14342.4	0.4	17.2	0.8489	2.1	0
4151	2003	88	12614.4	2.9	17.9	0.983	2.6	0.7
4151	2003	89	16329.6	5.4	16.9	0.9537	2.8	0
4151	2003	90	14256	0.2	11.9	0.6472	3.2	0
4151	2003	91	16502.4	-1.9	17	0.5927	5.1	3.2
4151	2003	92	10627.2	3.3	9.5	0.7783	5.4	1.8
4151	2003	93	7516.8	1.9	7.7	0.7052	4.9	1.2
4151	2003	94	15552	1.5	11	0.6562	3.6	0
4151	2003	95	7776	-1.4	8.9	0.5353	7	0.1
4151	2003	96	17280	-3.7	5.3	0.3431	4.6	0
4151	2003	97	16070.4	-5.5	3.8	0.2986	3.7	0
4151	2003	98	15552	-7.5	2.7	0.2971	2.3	0
4151	2003	99	18576	-7	6.6	0.3854	2.6	0.3
4151	2003	100	12528	-3.2	5.4	0.4962	1.5	0
4151	2003	101	12873.6	-3.6	7.9	0.4565	2.3	0
4151	2003	102	20304	-4.2	14.1	0.4867	2.1	0
4151	2003	103	21081.6	-2.6	16.8	0.5142	2.6	0
4151	2003	104	21340.8	0.9	18.4	0.5633	5.3	0
4151	2003	105	21686.4	3.7	22.6	0.695	4.8	0
4151	2003	106	21859.2	4.1	20.6	0.5878	4.1	0
4151	2003	107	22118.4	3.1	20.2	0.5751	3.5	0
4151	2003	108	18316.8	2.7	12.3	0.5803	4.4	0
4151	2003	109	5011.2	3.5	7.8	0.7847	3.6	22
4151	2003	110	17539.2	3.6	17.3	0.961	3.2	0
4151	2003	111	22550.4	4.3	19	0.9584	2.8	0
4151	2003	112	19267.2	5.3	20.9	1.009	1.9	0
4151	2003	113	22809.6	4.6	19	0.9403	2.5	0
4151	2003	114	22636.8	2.7	21	0.8324	2	0
4151	2003	115	12787.2	5.5	22.2	0.8539	3.1	0
4151	2003	116	6393.6	11.4	19.1	1.0903	3.8	1.5
4151	2003	117	12787.2	9.6	16.3	1.0588	5.3	0.2
4151	2003	118	9504	8.6	19.3	1.0981	4.2	0.7
4151	2003	119	12528	10.6	18.5	1.1747	4.6	2.6
4151	2003	120	8553.6	8.3	18.7	1.3602	3.7	1.8
4151	2003	121	17798.4	7.7	16.2	1.0195	5.9	0.9
4151	2003	122	20044.8	6	20.8	0.9828	4.5	0.3
4151	2003	123	14860.8	6.4	15.9	0.8345	6.4	0.1
4151	2003	124	25747.2	2.9	23.7	0.8391	3.6	0
4151	2003	125	23068.8	5.9	30	1.1299	3	0.2
4151	2003	126	8380.8	9.7	17.2	1.1863	3.8	0
4151	2003	127	24278.4	7.1	20.4	1.0683	1.6	0
4151	2003	128	21600	6	25	1.1959	1.9	1.5
4151	2003	129	12614.4	11	20.1	1.5349	2.5	4.7
4151	2003	130	12096	8.6	16.6	1.2534	1.5	0.5
4151	2003	131	18921.6	8.4	21	1.3197	1.8	0
4151	2003	132	18921.6	10	20	1.2944	2.5	7.2
4151	2003	133	15552	4.4	14	0.9419	3.7	1.8
4151	2003	134	20131.2	3.5	13.5	0.8762	3.7	1.9
4151	2003	135	18489.6	3.1	13.5	0.8425	2.7	0.2
4151	2003	136	22118.4	1.1	17	0.8288	1.8	0
4151	2003	137	14083.2	6.1	16.7	0.9697	3.4	0.1
4151	2003	138	14256	10	19.1	1.307	3.6	5.8
4151	2003	139	9763.2	10.5	15.9	1.3187	3	4.3
4151	2003	140	22291.2	7.1	17	0.9419	5	0
4151	2003	141	16588.8	6.5	16.1	1.0703	3.5	2.6
4151	2003	142	7776	6.7	14	1.1178	3.4	0.5
4151	2003	143	14688	10.4	20.7	1.3761	4	0
4151	2003	144	24537.6	8.8	27.6	1.5233	3.3	0
4151	2003	145	14947.2	11.4	20.3	1.4028	2.8	0.5
4151	2003	146	16934.4	11.2	19	1.3199	2.1	0.4
4151	2003	147	14342.4	11.8	20.3	1.3297	2	0
4151	2003	148	22032	11.5	22.3	1.3266	2.1	0
4151	2003	149	27302.4	9.4	24.6	1.2577	2.7	0
4151	2003	150	27043.2	8.7	27.6	1.4146	1.8	0
4151	2003	151	19699.2	14.2	25.5	1.9889	1.6	21.1
4151	2003	152	24019.2	14.3	26.1	1.8906	2	0
4151	2003	153	27648	11.4	28.3	1.6651	2.6	0
4151	2003	154	15638.4	13.4	26.6	1.9374	1.3	0
4151	2003	155	25574.4	14.2	30.1	1.8907	2.4	0
4151	2003	156	21427.2	15.5	28.9	2.0835	2.2	8.4
4151	2003	157	26006.4	13.6	24.6	1.6556	1.6	0
4151	2003	158	23068.8	11.9	27.7	1.8444	1.8	0
4151	2003	159	24019.2	14.2	29.5	2.1442	2.7	17.3
4151	2003	160	27129.6	10.2	21.7	1.3032	3.7	0
4151	2003	161	24883.2	8.5	28.4	1.6322	2.7	7.6
4151	2003	162	22377.6	14.2	24	1.7439	2.7	0
4151	2003	163	24796.8	11.8	28.1	1.7685	1.8	0.7
4151	2003	164	25920	9.3	23.1	1.3241	2.3	0
4151	2003	165	21168	7.9	23	1.3148	1.7	0
4151	2003	166	28080	7.9	23.4	1.2429	1.5	0
4151	2003	167	27388.8	7	22.6	1.2106	1.8	0
4151	2003	168	28252.8	6.9	25	1.267	2.8	5.9
4151	2003	169	13737.6	13.6	22.2	1.8021	2.6	0.8
4151	2003	170	15379.2	16	22	1.7989	3.9	3
4151	2003	171	21600	8.9	19.1	1.1177	5.7	0
4151	2003	172	21945.6	6.1	18.7	1.0645	3.5	0
4151	2003	173	18489.6	7.7	24.9	1.4251	1.7	0
4151	2003	174	21600	12.4	29.8	1.7983	4.6	0.2
4151	2003	175	22291.2	9.8	23.6	1.3669	3.8	0
4151	2003	176	26265.6	7.7	21.9	1.177	2.8	0
4151	2003	177	25660.8	5.8	22.9	1.1923	2.4	0
4151	2003	178	28512	7.1	25.6	1.1883	2.9	0
4151	2003	179	17884.8	8.4	24.1	1.439	1.9	0
4151	2003	180	25228.8	12	26.9	1.5792	2	0
4151	2003	181	17884.8	11.3	25.7	1.6798	2.2	3.8
4151	2003	182	15292.8	14	21.9	1.664	3.4	0.6
4151	2003	183	19180.8	13.4	22.1	1.6026	4.8	2
4151	2003	184	14947.2	12.7	19.7	1.4528	4	3.9
4151	2003	185	12009.6	12.8	19.9	1.4482	4.6	0.9
4151	2003	186	7257.6	12.8	17.4	1.5256	3.9	0.1
4151	2003	187	6480	13.1	17.6	1.4283	3.3	0
4151	2003	188	14083.2	9.5	21.2	1.376	1.4	0
4151	2003	189	19440	9.4	24.4	1.4035	1.8	0
4151	2003	190	15033.6	9.9	23	1.364	2.7	0
4151	2003	191	24537.6	8.2	22.5	1.2541	2.2	0
4151	2003	192	23760	6.5	28.7	1.3263	2.7	0
4151	2003	193	17452.8	10.7	22.5	1.1884	3.4	0
4151	2003	194	23760	8.9	22.8	1.205	2.2	0
4151	2003	195	28339.2	5.8	26.8	1.1475	2.9	0
4151	2003	196	28425.6	8.5	29.7	1.2141	2.8	0
4151	2003	197	24710.4	11.1	33	1.5087	3.1	7.5
4151	2003	198	22636.8	16	27.4	1.9174	3.7	1.7
4151	2003	199	20476.8	13.2	26.3	1.6318	2	0
4151	2003	200	25142.4	11.7	30.7	1.4324	2.2	0
4151	2003	201	25488	13.6	33.5	1.4781	3.2	5.9
4151	2003	202	15897.6	17	25.9	1.9649	2.1	4
4151	2003	203	21340.8	13.6	26.7	1.8376	2.4	2.8
4151	2003	204	15984	13.6	25.8	1.7643	1.8	1.7
4151	2003	205	15379.2	14.3	25.9	1.8789	2	5.2
4151	2003	206	19872	12.8	25.2	1.6234	2.1	1.4
4151	2003	207	10540.8	16.2	24.3	1.9438	2.9	5.9
4151	2003	208	14774.4	17.4	26.6	2.0583	4.1	0.4
4151	2003	209	14515.2	14.9	22.9	1.7659	1.9	2.9
4151	2003	210	22118.4	13	26	1.6067	2	0
4151	2003	211	19872	10.8	27.2	1.5137	2	0
4151	2003	212	16588.8	13	28.7	1.6972	1.4	0
4151	2003	213	25056	11.4	30.7	1.5687	1.5	0
4151	2003	214	22896	12.6	32	1.5587	1.8	0
4151	2003	215	22118.4	15	33.3	1.8929	1.8	0
4151	2003	216	25056	14.7	32.7	1.6962	1.9	0
4151	2003	217	24537.6	13.9	32.7	1.6273	2	0
4151	2003	218	24969.6	13.1	31.3	1.4691	1.9	0
4151	2003	219	23155.2	11.9	34.6	1.3947	1.9	0
4151	2003	220	24710.4	13.6	35.3	1.3459	2.1	0
4151	2003	221	24105.6	14.9	36.4	1.3141	2.4	0
4151	2003	222	24192	14.3	35.9	1.3037	3	0
4151	2003	223	24192	15.4	32.1	1.056	3.8	0
4151	2003	224	22291.2	13.2	36.2	1.273	1.7	0
4151	2003	225	22723.2	19.3	32.2	1.6193	3.9	0
4151	2003	226	16156.8	9.7	25.5	1.2861	3.4	0.7
4151	2003	227	17884.8	9.4	23.9	1.0787	3.2	0
4151	2003	228	23414.4	6.7	25	1.0251	1.9	0
4151	2003	229	21686.4	5.9	29.3	0.9847	2.8	1.5
4151	2003	230	14428.8	15.1	27.1	1.7734	4.7	0.3
4151	2003	231	16502.4	14.3	25.8	1.6156	4.1	0
4151	2003	232	21254.4	8.9	24.2	1.1095	2.2	0
4151	2003	233	20217.6	6.5	25.8	1.0999	1.6	0
4151	2003	234	20131.2	10.7	24.8	1.1969	4.3	0
4151	2003	235	7862.4	11.1	23.7	1.5677	3.5	0.7
4151	2003	236	8380.8	8.7	19.2	1.1936	2.2	0
4151	2003	237	16502.4	10.1	25.5	1.2007	2.4	0
4151	2003	238	20476.8	6.9	25.8	1.1883	2.9	0
4151	2003	239	6393.6	9.9	19.4	1.0491	4.2	0
4151	2003	240	14169.6	12.1	23.5	1.2414	1.7	5.6
4151	2003	241	10368	13.6	22.2	1.7816	4	0.7
4151	2003	242	12787.2	11.1	20.6	1.2409	3.6	0
4151	2003	243	12096	8.3	17.9	1.2047	3.6	1.6
4151	2003	244	9331.2	7.5	15.8	1.109	3.6	0.8
4151	2003	245	14688	3.3	18	0.961	2	0
4151	2003	246	18576	0.8	20.9	0.896	1.7	0
4151	2003	247	11404.8	4.6	20.8	1.1003	1.5	0
4151	2003	248	18316.8	4.2	23.1	1.0614	3	0
4151	2003	249	15465.6	7.5	24.3	1.0645	2.9	2.2
4151	2003	250	8640	12.5	22.9	1.7593	1.8	1.8
4151	2003	251	3974.4	7.5	16.4	1.3407	2.3	1.2
4151	2003	252	12700.8	5.6	20.1	1.2148	1.8	0.2
4151	2003	253	12009.6	10.2	18.5	1.3719	3.2	14.7
4151	2003	254	4579.2	9.4	12.9	1.2584	5	11.3
4151	2003	255	12441.6	10	18.4	1.3587	2.3	0
4151	2003	256	14169.6	6.6	18.8	1.115	3	0
4151	2003	257	15292.8	4.1	21	1.1622	1.8	0
4151	2003	258	13392	7.1	21.9	1.3523	1.5	0.1
4151	2003	259	13824	9.5	23.4	1.4575	1.7	0
4151	2003	260	14947.2	7.1	24.7	1.3532	1.2	0
4151	2003	261	16588.8	6.6	27.1	1.2458	1.9	0
4151	2003	262	16416	9.7	28.8	1.3814	2	0
4151	2003	263	15897.6	8.8	30.1	1.4664	1.6	0
4151	2003	264	15724.8	10.8	28	1.3719	2.7	0
4151	2003	265	15552	9	28.3	1.3093	4	4.8
4151	2003	266	7948.8	5.5	20.2	1.1704	4.9	3.3
4151	2003	267	12700.8	3.1	15.8	0.946	1.6	0
4151	2003	268	14947.2	0.5	17.6	0.8288	3.3	0
4151	2003	269	9676.8	2.9	21.9	0.9206	3.4	0
4151	2003	270	5011.2	6.4	16.4	1.0909	2	0
4151	2003	271	3715.2	3.7	13.2	1.0391	1.7	2.8
4151	2003	272	3628.8	5.5	14.3	1.1091	3.4	1.9
4151	2003	273	6739.2	3.8	15.1	1.017	1.8	0
4151	2003	274	6134.4	0.9	15.7	0.9629	2.6	2.2
4151	2003	275	4492.8	6.8	16.4	1.2692	2.3	0.2
4151	2003	276	3715.2	5.9	17.4	1.3144	2.2	8.2
4151	2003	277	5961.6	6.6	15.1	1.0778	3.8	0
4151	2003	278	6048	4.3	12.8	0.9571	2.6	0.8
4151	2003	279	3801.6	4.6	8.9	0.8465	6	6.2
4151	2003	280	5961.6	5.9	10.1	0.9328	6.5	5.4
4151	2003	281	3715.2	5.6	11.9	1.0153	5.8	6.8
4151	2003	282	7516.8	8.2	13.4	1.0613	6.1	1.2
4151	2003	283	3369.6	9.2	14.3	1.1853	4.8	0.1
4151	2003	284	5788.8	7.5	13.9	0.9899	4.1	0
4151	2003	285	10454.4	0.4	13	0.7848	1.5	0
4151	2003	286	8640	-1.5	13.5	0.7945	1.3	0
4151	2003	287	9849.6	0	10.5	0.7188	2.3	0
4151	2003	288	8640	-2.2	11.6	0.7259	1.8	0
4151	2003	289	7603.2	-2.6	10	0.6847	1.7	0.2
4151	2003	290	10800	-4	9.7	0.6073	2.3	0
4151	2003	291	9676.8	-5.1	11.1	0.6062	1.6	0
4151	2003	292	7084.8	-3.6	9	0.6528	1.2	0
4151	2003	293	2160	-2.2	6.6	0.6371	1.5	0
4151	2003	294	2160	-0.4	5.3	0.685	1.2	8.6
4151	2003	295	2073.6	1.3	5.8	0.7011	3.1	2.1
4151	2003	296	7171.2	-5.1	5.4	0.5127	2.7	0
4151	2003	297	6480	-7.2	2.7	0.4041	1.2	0
4151	2003	298	3456	0.9	5.9	0.6392	4.5	0.5
4151	2003	299	1987.2	3.8	5.8	0.774	3.1	5.4
4151	2003	300	2332.8	-2.7	5.2	0.6086	1.8	0
4151	2003	301	8208	-1.9	8.6	0.6758	2.5	0.2
4151	2003	302	1814.4	0.3	7.1	0.6688	3.3	0.2
4151	2003	303	1814.4	2.7	7.3	0.7674	2.8	0.2
4151	2003	304	1814.4	1.8	9.3	0.7702	4.5	0.6
4151	2003	305	3715.2	5.4	11.9	0.9076	2.7	0
4151	2003	306	5788.8	6.6	11	0.8829	2.7	0.1
4151	2003	307	4579.2	7.7	14.4	1.0264	2.7	9.4
4151	2003	308	6393.6	1.4	12.1	0.8072	2.7	0
4151	2003	309	7603.2	-0.5	13.2	0.8236	2	0
4151	2003	310	7516.8	1.1	13.2	0.8094	3.7	0
4151	2003	311	4665.6	0.6	7.3	0.6887	5.3	0
4151	2003	312	3542.4	4.2	8.3	0.7608	5.6	0
4151	2003	313	6912	2	11.8	0.8354	3	0
4151	2003	314	1468.8	1.4	3.2	0.6777	4.5	0
4151	2003	315	6307.2	-0.2	6.1	0.6418	3.5	0
4151	2003	316	6825.6	-3.5	5.8	0.5245	4	0
4151	2003	317	1382.4	-3.9	3.9	0.5804	1.7	0.2
4151	2003	318	1382.4	3.4	7.1	0.8164	3	0
4151	2003	319	3801.6	3.6	10.5	0.8239	4.1	0
4151	2003	320	1382.4	0.1	7.5	0.7457	2.4	11.7
4151	2003	321	1641.6	4.7	8.2	0.8292	4.7	0.1
4151	2003	322	1296	6.2	11.2	0.9893	5.1	0
4151	2003	323	1296	11	12.6	1.1892	4.8	0.1
4151	2003	324	1296	8.6	11.5	1.0834	3.3	0
4151	2003	325	4838.4	6.1	10.9	0.9206	3.2	0
4151	2003	326	1209.6	5.6	13	0.9483	3.2	0
4151	2003	327	2592	5.6	13.7	0.9109	2.9	0
4151	2003	328	3283.2	5.9	15.9	1.0032	3.4	0
4151	2003	329	3283.2	7.7	13.8	1.0706	3.1	0
4151	2003	330	3715.2	4	10.9	0.8984	4.1	0
4151	2003	331	1123.2	3.5	8.8	0.8595	1.9	3.2
4151	2003	332	1123.2	6	7.2	0.8963	4	5.4
4151	2003	333	1123.2	5.4	6.5	0.857	2.1	0
4151	2003	334	1382.4	4.3	6.9	0.791	4.3	0
4151	2003	335	1641.6	3.3	7.7	0.7856	4.8	0
4151	2003	336	3456	0.5	8.1	0.7391	2.4	0
4151	2003	337	1123.2	-0.1	2.7	0.6578	1.2	0
4151	2003	338	1036.8	2.3	5	0.7378	2.2	0
4151	2003	339	1036.8	2.2	3.8	0.7123	2.3	0
4151	2003	340	3110.4	-0.1	6.1	0.5607	5	0
4151	2003	341	4406.4	-6	1.3	0.4114	2.3	0
4151	2003	342	4579.2	-7.5	3	0.4352	1.7	0
4151	2003	343	4579.2	-7.4	4	0.437	0.8	0
4151	2003	344	4406.4	-6	5.1	0.473	2.2	0
4151	2003	345	1814.4	-2.6	2.8	0.5047	4.5	3
4151	2003	346	2851.2	0.5	5.1	0.65	3.1	2
4151	2003	347	1036.8	3.1	11.2	0.9105	6.9	23.8
4151	2003	348	1296	2.2	10.1	0.8123	8.2	3.1
4151	2003	349	1382.4	0	3.1	0.574	7.3	3.1
4151	2003	350	1468.8	0.8	4.6	0.6528	4.2	0
4151	2003	351	1641.6	1	6.3	0.6823	2.3	0
4151	2003	352	4320	-2.3	7	0.6295	1.5	0
4151	2003	353	1900.8	-2.1	3.6	0.5548	2.6	0
4151	2003	354	950.4	3.3	9.7	0.8418	4	0.9
4151	2003	355	2505.6	1.8	10.1	0.7266	9.5	7.1
4151	2003	356	2160	-6.4	1.8	0.4387	4.2	0.8
4151	2003	357	2851.2	-10.6	-0.3	0.3463	2.9	0
4151	2003	358	4060.8	-1.8	1.5	0.4412	4.4	0
4151	2003	359	1036.8	0.4	3.5	0.5555	4.7	0
4151	2003	360	1036.8	2.9	6.2	0.7183	4.8	0
4151	2003	361	1641.6	3.7	8.1	0.7427	6	0.5
4151	2003	362	1728	3.5	9.2	0.7565	6.3	0.1
4151	2003	363	1987.2	-2.7	3.8	0.5023	4.6	0
4151	2003	364	3974.4	-4.7	1.5	0.4946	0.8	0
4151	2003	365	1036.8	-4.4	1.2	0.5109	1.2	0
