*---------------------------------------------------------------------------*
* Station name: GOTTINGEN                               
* Year: 1992
* Author: Pedro Alencar                                   -999.000: NIL VALUE
* Source: ECAD 
* Comments: 
* Longitude: 51.5017, latitude: 51.5017, altitude: 167 m.
*
* Column  Daily value
* 1       station number
* 2       year
* 3       day
* 4       irradiation                   (kJ m-2 d-1)
* 5       minimum temperature           (degrees Celsius)
* 6       maximum temperature           (degrees Celsius)
* 7       early morning vapour pressure (kPa)
* 8       mean wind speed (height: 2 m) (m s-1)
* 9       precipitation                 (mm d-1)
*
** WCCDESCRIPTION=GERMANY, GOTTINGEN                               
** WCCFORMAT=2
** WCCYEARNR=1992
*---------------------------------------------------------------------------*
   51.5017  9.9528    167.  -0.18 -0.55
4151	1992	1	1036.8	0	3.2	0.5829	3.4	0
4151	1992	2	1468.8	3.2	6	0.6785	3.3	0
4151	1992	3	4320	-0.9	5	0.5099	3.5	0
4151	1992	4	1036.8	3.6	6	0.7052	4.1	1.6
4151	1992	5	1036.8	3.9	8.4	0.8689	2	16.3
4151	1992	6	1123.2	8.2	10	0.9933	2.9	0.9
4151	1992	7	4233.6	2.3	8.8	0.7611	2.6	0
4151	1992	8	2505.6	1.8	9.7	0.6799	3.1	2.1
4151	1992	9	1123.2	4.6	10.7	0.9317	2.9	3.2
4151	1992	10	3628.8	-0.8	4.7	0.5344	1.5	0
4151	1992	11	1123.2	-4.2	0.1	0.4995	1	0
4151	1992	12	1123.2	-0.4	2.5	0.5867	1.4	0
4151	1992	13	1209.6	0.4	3.3	0.6004	1	0
4151	1992	14	1209.6	3	5.8	0.7527	2.4	0.6
4151	1992	15	1209.6	5.1	6	0.7249	2.6	0
4151	1992	16	1209.6	3.5	5.5	0.6737	3.1	0.5
4151	1992	17	1209.6	3.2	5.4	0.5896	3	0
4151	1992	18	1296	3.1	5.2	0.6656	2	0
4151	1992	19	1296	3.1	5.2	0.7396	2.8	6.9
4151	1992	20	3715.2	-5.8	3.6	0.4229	2.7	0
4151	1992	21	5184	-9.2	-1	0.2887	1.1	0
4151	1992	22	5270.4	-8.7	-0.9	0.3253	1.1	0
4151	1992	23	4838.4	-7.9	0.5	0.3999	0.5	0
4151	1992	24	5097.6	-7.5	2.7	0.4457	0.2	0
4151	1992	25	3024	-6.7	-1.8	0.4328	0.2	0
4151	1992	26	1468.8	-7	0.8	0.4717	0.7	0.7
4151	1992	27	1468.8	0.1	1.5	0.6021	1.2	0
4151	1992	28	4060.8	-2.7	1.4	0.5419	0.8	0
4151	1992	29	5270.4	-2.9	2.4	0.534	0.9	0.1
4151	1992	30	1555.2	0.1	1.4	0.5741	0.9	0
4151	1992	31	1555.2	-2.4	0.1	0.5449	1.1	0
4151	1992	32	1555.2	-1.8	-0.7	0.5242	0.9	0
4151	1992	33	1641.6	-1.9	-0.4	0.5225	1.2	0
4151	1992	34	3628.8	-1.7	5.5	0.5185	3.7	2.2
4151	1992	35	1641.6	1.5	3.6	0.6605	2.7	1.6
4151	1992	36	1728	1	7.2	0.7288	2.4	0.4
4151	1992	37	1728	5.7	7.7	0.8633	2.1	0.1
4151	1992	38	2678.4	5.2	9	0.7864	1.8	0
4151	1992	39	6048	0.6	9.1	0.7077	1.2	0
4151	1992	40	7171.2	-2.2	8	0.617	1.3	0.2
4151	1992	41	4838.4	2.8	7	0.7101	3.2	1.6
4151	1992	42	1900.8	2.9	6.7	0.7138	3	0.1
4151	1992	43	1900.8	5.4	9.9	0.9213	2	0.5
4151	1992	44	1987.2	6.7	10.4	0.9682	2	2.3
4151	1992	45	4924.8	4.7	7.5	0.7248	3.2	2.7
4151	1992	46	2073.6	5.7	9.3	0.8083	4.6	2.4
4151	1992	47	3283.2	0.7	5.8	0.5707	4.1	2.9
4151	1992	48	4924.8	-3.5	1	0.474	3.1	0.8
4151	1992	49	4147.2	-6.7	-1.6	0.3776	1.3	0.5
4151	1992	50	3283.2	-2	0.5	0.4512	1.5	0
4151	1992	51	2246.4	0	1.9	0.6021	0.8	1.7
4151	1992	52	2246.4	1.2	3.3	0.625	1.6	0.3
4151	1992	53	2332.8	2.8	5.6	0.668	2.7	0.2
4151	1992	54	3283.2	2.7	7.3	0.7674	3.1	1
4151	1992	55	4924.8	0.6	7.3	0.705	1.3	0
4151	1992	56	3196.8	-0.2	8.3	0.7099	0.4	0
4151	1992	57	2505.6	0	8.9	0.7049	1	0
4151	1992	58	9417.6	0.1	12.1	0.7812	0.4	0
4151	1992	59	9504	0.1	14	0.7838	1.4	0
4151	1992	60	10627.2	2	16.2	0.7739	1.7	0
4151	1992	61	11491.2	1.1	16.2	0.7283	1.6	0
4151	1992	62	6912	4.2	9.2	0.6082	3.5	1
4151	1992	63	2851.2	2.6	9	0.7099	3.2	0.1
4151	1992	64	10368	4.3	12.7	0.8208	1.7	0
4151	1992	65	11750.4	0	17.2	0.7258	0.8	0.3
4151	1992	66	5011.2	5.2	11	0.9175	1.5	2.7
4151	1992	67	10022.4	-0.9	11.7	0.6815	1.2	0
4151	1992	68	11664	0.1	13.4	0.7678	0.6	0
4151	1992	69	11491.2	-0.1	12.6	0.7799	0.5	0
4151	1992	70	10454.4	0.9	14.6	0.7062	1.8	1.8
4151	1992	71	4233.6	0.9	10.1	0.7043	3.6	6.9
4151	1992	72	3283.2	0.9	7.2	0.6691	5.3	14.5
4151	1992	73	3283.2	1.6	8	0.7568	4.8	16.6
4151	1992	74	9244.8	0.1	4.2	0.5564	3.9	6.6
4151	1992	75	8294.4	0.4	5.1	0.469	4	0.5
4151	1992	76	5529.6	1.1	6	0.5514	2.6	0
4151	1992	77	3456	3.3	6.9	0.6938	0.9	0.5
4151	1992	78	13824	-0.3	14.5	0.7259	1	0
4151	1992	79	4406.4	2.1	9.2	0.739	1.2	0.4
4151	1992	80	4752	5.7	13	0.8927	2.5	1.6
4151	1992	81	4838.4	3.8	12.7	0.9269	3.4	5.1
4151	1992	82	3715.2	1	6.2	0.7036	2.9	8.2
4151	1992	83	6393.6	2.3	6.9	0.6615	1.9	1.6
4151	1992	84	11059.2	1.2	6.4	0.5853	2.8	4.2
4151	1992	85	3888	2.1	4.7	0.6937	2.9	2.8
4151	1992	86	6912	2.1	7.3	0.6064	2.7	0
4151	1992	87	4579.2	0.8	6.9	0.6437	1.2	1
4151	1992	88	7084.8	0	4.5	0.6394	3.2	6
4151	1992	89	8553.6	-0.6	5.2	0.5047	1.7	0.5
4151	1992	90	8208	0.6	9.3	0.7213	1.7	1.8
4151	1992	91	9590.4	0.8	12.6	0.6867	2.4	0
4151	1992	92	4233.6	1.3	9.5	0.825	1.5	9
4151	1992	93	15465.6	2.9	11.8	0.6462	2.8	6.7
4151	1992	94	9417.6	3.6	9.3	0.8389	1.4	3
4151	1992	95	5961.6	2.8	7.6	0.6455	1	0
4151	1992	96	9763.2	-1.4	8	0.6115	0.9	0
4151	1992	97	8812.8	0.8	8.6	0.6405	1.5	0.1
4151	1992	98	17452.8	2.7	14.6	0.6499	1.4	0
4151	1992	99	17366.4	1.4	13.9	0.6386	2	0
4151	1992	100	19267.2	-0.2	14.1	0.6686	1.5	0
4151	1992	101	16243.2	1.1	15	0.6777	1.2	0
4151	1992	102	16243.2	5.9	17.2	0.7617	0.6	0
4151	1992	103	10972.8	5	18	0.7863	1.5	0.4
4151	1992	104	14947.2	5.6	12.1	0.7269	3.9	0.1
4151	1992	105	11145.6	5.7	14	0.7167	4.1	0
4151	1992	106	11318.4	5.9	11	0.8401	4.6	0.1
4151	1992	107	4924.8	1.8	5.9	0.6356	3.3	0.9
4151	1992	108	6048	0.1	6	0.6083	2	1
4151	1992	109	5011.2	3.9	9.9	0.9548	2.3	6.1
4151	1992	110	20131.2	7.3	12.9	0.7164	4.5	0
4151	1992	111	16070.4	3.6	10	0.563	2.7	0
4151	1992	112	16243.2	-1.7	15.3	0.5037	1.1	0
4151	1992	113	8380.8	1.1	14.2	0.6595	1.4	0
4151	1992	114	7776	5	13.2	0.9587	1.3	0.4
4151	1992	115	11145.6	6.4	16.1	0.8934	2.1	0
4151	1992	116	15811.2	8	21.1	1.1747	2.2	1
4151	1992	117	15897.6	11.3	20.8	1.1658	2.4	5.3
4151	1992	118	17452.8	9.4	16.9	0.9669	2.6	0
4151	1992	119	6566.4	6.5	15.7	0.9242	2.3	0.8
4151	1992	120	10800	8	12.9	0.9862	2.2	0.3
4151	1992	121	17971.2	6.3	16.2	0.7867	1.5	0
4151	1992	122	10195.2	7.3	15.5	1.0909	3.1	1.9
4151	1992	123	5529.6	3.1	11.7	0.7513	0.8	0
4151	1992	124	14515.2	4.5	11.7	0.7988	0.9	0
4151	1992	125	18144	1.6	15.4	0.7431	0.7	0
4151	1992	126	23846.4	1.4	19	0.7461	0.6	0
4151	1992	127	24105.6	4	17.7	0.87	1.5	0
4151	1992	128	5702.4	10.1	14.7	1.1652	1.6	2.2
4151	1992	129	8121.6	8.4	14.5	0.9999	3.1	1.4
4151	1992	130	5788.8	4.9	10.1	0.8808	2.4	6.5
4151	1992	131	17193.6	6.5	13.7	0.7658	3	7.8
4151	1992	132	8294.4	8	12.5	1.0356	1.7	1.5
4151	1992	133	15552	5.3	16	0.7945	3.1	0
4151	1992	134	20217.6	11.6	22.3	1.273	1.5	0
4151	1992	135	25747.2	8.9	27.7	1.2389	1.6	0
4151	1992	136	26265.6	11	28.6	1.3833	0.9	0
4151	1992	137	24624	11.5	21	1.1623	2.7	0
4151	1992	138	19785.6	7.4	17	1.0222	2.2	0
4151	1992	139	26611.2	6.4	21.7	0.9451	1.2	0
4151	1992	140	27043.2	6.6	23.3	0.9507	1.8	0
4151	1992	141	26870.4	10.3	25.1	1.092	2.4	0
4151	1992	142	26956.8	9.7	26.3	1.0716	2	0
4151	1992	143	27129.6	11.4	26.5	1.1591	1.5	0
4151	1992	144	27129.6	11.8	27.1	1.1957	2.4	0
4151	1992	145	27302.4	13.1	27.7	1.2441	2.2	0
4151	1992	146	27302.4	12.1	28.4	1.1852	1.4	0
4151	1992	147	25315.2	12.8	23.4	0.8295	3	0
4151	1992	148	27475.2	10.7	23.6	0.9376	2.6	0
4151	1992	149	27907.2	11.4	24.2	0.8954	2.9	0
4151	1992	150	25574.4	8.8	25.2	1.1029	1.8	0
4151	1992	151	22636.8	11.3	25.7	1.0632	1.7	0
4151	1992	152	26006.4	10.4	26.7	1.0238	1.9	0
4151	1992	153	13564.8	13.1	26.2	1.2334	1.5	0
4151	1992	154	14428.8	13.7	28.3	1.7129	1.7	4.6
4151	1992	155	13046.4	15.5	20.8	1.5394	1.8	7.7
4151	1992	156	6480	13.6	20.1	1.7057	1.5	2
4151	1992	157	22723.2	12.2	26.4	1.7434	1.5	3.2
4151	1992	158	7257.6	13.2	20.1	1.6464	0.8	8.4
4151	1992	159	11404.8	13.2	21.1	1.6798	0.6	8.8
4151	1992	160	13824	11.8	20.5	1.5582	1.2	1.7
4151	1992	161	11232	12.5	20	1.5313	0.4	3.9
4151	1992	162	25833.6	11.1	21.7	1.0617	1.7	0
4151	1992	163	8467.2	9.7	15	1.233	1	5
4151	1992	164	17452.8	7.8	19.6	1.2214	1.2	0.2
4151	1992	165	26179.2	10.9	22.5	1.3479	1.8	0
4151	1992	166	17107.2	12	24.3	1.3521	0.8	0
4151	1992	167	27302.4	13.8	25.8	1.4294	1	0
4151	1992	168	21427.2	14.4	23.4	1.6133	2.5	0
4151	1992	169	28252.8	10.3	22.5	1.1734	3	0
4151	1992	170	18748.8	10.6	18.3	1.1178	2.8	14.9
4151	1992	171	6566.4	9.4	13.8	1.2146	2.1	1
4151	1992	172	22896	11.2	26.5	1.3257	2	0.1
4151	1992	173	16502.4	15.2	24.5	1.6188	1.3	0
4151	1992	174	20563.2	14.3	21.5	1.5768	1.7	0
4151	1992	175	19440	11.4	23.4	1.2898	1.2	0
4151	1992	176	20476.8	13.6	21.6	1.3062	1.7	0
4151	1992	177	26697.6	10.6	23.4	1.1416	1.4	0
4151	1992	178	20908.8	10.9	26.9	1.1555	0.8	0
4151	1992	179	28598.4	10.6	26.3	1.1234	1.3	0
4151	1992	180	26092.8	10.5	27.9	1.1772	0.5	0
4151	1992	181	28166.4	11.5	29.8	1.2148	0.9	0
4151	1992	182	28252.8	12.3	31.3	1.3556	1.3	0.9
4151	1992	183	21427.2	17.8	25.6	1.736	1.9	3.4
4151	1992	184	13132.8	14.1	24.6	1.6367	0.8	0
4151	1992	185	16070.4	13.3	23.3	1.8059	0.8	3.7
4151	1992	186	13478.4	14.8	21.7	1.57	1.3	5.3
4151	1992	187	10886.4	14.4	19.7	1.6887	1.2	24.5
4151	1992	188	6393.6	11.8	14.5	1.4504	2.4	3.8
4151	1992	189	25056	12	22	1.3157	2.1	0
4151	1992	190	26265.6	9.8	26	1.2492	0.5	0
4151	1992	191	23846.4	13.6	28.4	1.5143	0.9	0
4151	1992	192	15984	13	23.5	1.5072	0.9	0.4
4151	1992	193	10368	15.4	19.3	1.6616	1.2	0.6
4151	1992	194	12700.8	13.9	20.6	1.5922	2.1	4.6
4151	1992	195	18662.4	11.6	22	1.2036	2.8	1.2
4151	1992	196	6998.4	15.4	18.9	1.7189	2.5	2.1
4151	1992	197	22636.8	9.3	20.3	1.1265	1.5	0
4151	1992	198	23587.2	8.7	24.8	1.2189	0.7	0
4151	1992	199	14083.2	12.2	27.5	1.827	1.3	8.5
4151	1992	200	16588.8	16.3	23	1.439	2.7	0
4151	1992	201	23068.8	14.7	28.4	1.4891	1.5	0
4151	1992	202	25920	15.6	31	1.7701	0.8	0
4151	1992	203	20304	17.2	33.2	2.2391	1.4	2.3
4151	1992	204	13910.4	17.2	23.8	1.5888	1.1	0
4151	1992	205	23673.6	14.7	26.5	1.3806	1.1	0
4151	1992	206	26092.8	14.3	29.8	1.4558	1.6	10.2
4151	1992	207	17539.2	16.3	23.3	1.6369	1.5	0
4151	1992	208	16329.6	13.3	25.9	1.4801	1	0
4151	1992	209	18057.6	13	28.3	2.0409	2.2	3.1
4151	1992	210	23414.4	9.9	21.7	1.0577	2.3	0
4151	1992	211	24883.2	10	25.7	1.2044	1.5	0
4151	1992	212	24451.2	11.2	30.5	1.3528	1.3	0
4151	1992	213	19180.8	15.9	28.8	1.806	0.9	1.1
4151	1992	214	19612.8	15.3	30.4	1.7782	1.2	0
4151	1992	215	16934.4	19.6	27.5	1.9419	1.9	0
4151	1992	216	22464	15.7	31	1.7182	2.1	0
4151	1992	217	22377.6	15.8	23.7	1.356	2.5	0
4151	1992	218	24796.8	10.8	28.3	1.2485	1.4	0
4151	1992	219	24624	12.3	30.7	1.4078	1.4	0
4151	1992	220	21254.4	15.1	30.4	1.6847	1.4	0
4151	1992	221	19872	17.1	34.8	2.0064	0.5	0
4151	1992	222	23760	18.6	37.9	2.1425	1	0
4151	1992	223	17971.2	18.7	27.4	1.7436	2.7	0
4151	1992	224	19008	14	24	1.4259	2.1	2.6
4151	1992	225	19180.8	13.3	24.8	1.2543	3.2	4.4
4151	1992	226	8812.8	13.4	20.3	1.5716	3.4	4
4151	1992	227	10108.8	13.2	17.1	1.4445	2.7	4.8
4151	1992	228	10022.4	11.3	18.3	1.1938	1.7	0
4151	1992	229	12787.2	6.3	21.3	1.1033	1.1	0.3
4151	1992	230	9158.4	13.4	19	1.508	1.4	2.8
4151	1992	231	11577.6	10.8	20.7	1.4296	0.7	0
4151	1992	232	19267.2	13.9	28	1.8066	0.8	0
4151	1992	233	10972.8	16.4	27.5	2.1047	1.2	6.4
4151	1992	234	12268.8	15	24.1	1.6344	2.6	0
4151	1992	235	18662.4	10.7	24.6	1.4716	0.8	0.7
4151	1992	236	12355.2	13.5	19.5	1.4246	1.7	7.4
4151	1992	237	9763.2	10.1	21.2	1.314	2.2	3.1
4151	1992	238	11232	17.5	25.6	1.8742	2.2	0
4151	1992	239	16329.6	18.3	28.5	2.0967	2	15.1
4151	1992	240	15897.6	16.5	25.5	1.8122	2.9	0
4151	1992	241	20131.2	17.7	31.2	1.9577	2.2	0.2
4151	1992	242	9849.6	15.4	24.1	1.8157	1.6	0.8
4151	1992	243	14428.8	12.9	23.7	1.4909	2.2	0
4151	1992	244	4579.2	13.2	16.7	1.477	1.6	11.3
4151	1992	245	12528	8.9	16.9	1.1148	2.9	2.1
4151	1992	246	10800	7.2	17.9	1.075	3.6	2.1
4151	1992	247	9936	13.1	19.2	1.3382	3.4	1.3
4151	1992	248	9676.8	9.8	14	1.1136	2.7	3.4
4151	1992	249	12787.2	9.4	16.5	1.1184	3.7	0.7
4151	1992	250	15120	7.4	16	1.099	2	0
4151	1992	251	12960	6.9	21.2	1.1373	1.5	0.5
4151	1992	252	15206.4	10.9	18.5	1.0859	1.9	0
4151	1992	253	14947.2	7.8	18.9	1.0868	1.2	0
4151	1992	254	15897.6	5.4	22.6	0.9899	1.5	0
4151	1992	255	15465.6	11.6	25.1	1.4535	1.6	1.3
4151	1992	256	12787.2	9.8	18.2	1.1496	0.9	0
4151	1992	257	12614.4	5.9	20.8	1.1633	0.8	1.1
4151	1992	258	3715.2	9.6	14.5	1.2933	1.8	4.2
4151	1992	259	11750.4	8.8	20.1	1.2	2.4	0
4151	1992	260	6566.4	13.3	17	1.2725	2	0
4151	1992	261	14774.4	6.9	19.2	1.0507	0.6	0
4151	1992	262	15033.6	5.3	22.5	1.1105	1.3	0
4151	1992	263	5875.2	7	18.1	1.1767	0.7	0.4
4151	1992	264	8985.6	12.5	19.6	1.4937	0.7	0
4151	1992	265	11750.4	9.7	21.7	1.3538	1.2	0
4151	1992	266	13392	9.6	25.9	1.278	1.2	0
4151	1992	267	3283.2	12.2	18.4	1.3196	1.1	0.1
4151	1992	268	11577.6	7.1	20.3	1.1588	1	0
4151	1992	269	13651.2	7	22.5	1.2067	0.8	0
4151	1992	270	11836.8	8.8	23.9	1.4668	0.6	0
4151	1992	271	12614.4	7.2	26.2	1.4428	0.6	0
4151	1992	272	12614.4	8.5	25.7	1.3435	1.1	0
4151	1992	273	11836.8	8.4	19.8	1.2214	0.8	0
4151	1992	274	2937.6	9	15.6	1.1575	0.7	10
4151	1992	275	2937.6	11.3	16.2	1.4139	0.2	8.5
4151	1992	276	4924.8	12.4	17.1	1.4078	0.9	0.3
4151	1992	277	2851.2	10.6	15.6	1.1294	1.5	0
4151	1992	278	10972.8	9.2	17	0.9186	2.7	0.8
4151	1992	279	2764.8	7.4	12	1.0462	1.5	1.3
4151	1992	280	2678.4	7.3	10.9	1.0973	1.1	12.9
4151	1992	281	2678.4	10.2	12.2	1.1828	1.6	0.3
4151	1992	282	2592	5.8	11.6	0.8994	1.2	0
4151	1992	283	2592	7.2	10.5	0.9767	1.6	0.8
4151	1992	284	6998.4	3.6	11.2	0.8748	0.9	0
4151	1992	285	4924.8	1.3	10.5	0.8262	0.8	0.6
4151	1992	286	10627.2	1.2	10.6	0.6498	1.3	0
4151	1992	287	10454.4	-2.8	11	0.5814	0.9	0
4151	1992	288	8208	-2	11.2	0.5512	1.6	1.3
4151	1992	289	5356.8	3.8	8.9	0.7374	3.4	0.6
4151	1992	290	4406.4	2.2	8.2	0.6721	2.6	0
4151	1992	291	5616	-1.2	7.9	0.6602	1.1	0
4151	1992	292	7430.4	-0.8	8.3	0.6152	2	0
4151	1992	293	9158.4	4	12.2	0.6693	2.6	0
4151	1992	294	8208	-1.5	13.9	0.7582	0.7	1.2
4151	1992	295	2505.6	2.2	7.3	0.7542	1.2	3.2
4151	1992	296	2073.6	4.3	7.8	0.7129	2.5	1.6
4151	1992	297	1987.2	4.2	7.6	0.8169	2	3
4151	1992	298	4147.2	3.1	7.7	0.7622	2.3	5
4151	1992	299	1987.2	2.7	6.2	0.8056	2.1	16.5
4151	1992	300	1900.8	2.8	7.5	0.8107	2.1	1.2
4151	1992	301	1900.8	0.7	7.3	0.7074	1.5	7.5
4151	1992	302	3801.6	4.8	9.2	0.8311	2.2	0.5
4151	1992	303	3369.6	4.7	8.3	0.8031	3.1	3.7
4151	1992	304	3369.6	3.8	8.8	0.8493	0.9	0.4
4151	1992	305	6739.2	-1.2	8.6	0.6767	0.4	0
4151	1992	306	6825.6	-0.8	8.7	0.6644	1.4	0
4151	1992	307	6652.8	-0.4	7	0.6037	3.6	5.2
4151	1992	308	3715.2	5	10	0.829	2.4	0.4
4151	1992	309	2505.6	3.2	8.9	0.7598	2.7	0.3
4151	1992	310	1641.6	7.4	11.6	1.0204	2	0.2
4151	1992	311	1555.2	10.2	12	1.0034	2.4	0
4151	1992	312	1555.2	8	11.1	0.9762	3	1
4151	1992	313	3888	3.4	10.5	0.8083	0.9	0
4151	1992	314	6134.4	0.1	9.8	0.6779	1.9	0.8
4151	1992	315	3024	5.8	10.7	0.9378	3.1	4
4151	1992	316	1468.8	5.7	12.5	0.924	4.8	18.2
4151	1992	317	3456	2.2	7.7	0.6605	4.2	6.9
4151	1992	318	2160	1.3	4.5	0.6621	2.5	2.5
4151	1992	319	3369.6	1.9	5.6	0.6072	2.5	2.6
4151	1992	320	1382.4	0.9	4.6	0.603	1.4	4.6
4151	1992	321	2073.6	3.7	8.7	0.7772	2.7	0.1
4151	1992	322	1296	2.3	7.3	0.688	3.7	3.6
4151	1992	323	2419.2	2.6	6.9	0.677	4.1	3.7
4151	1992	324	3456	2.2	7.3	0.6856	4.5	5.2
4151	1992	325	3369.6	2.2	6.2	0.602	3.4	0.8
4151	1992	326	3283.2	2.4	6.7	0.693	1.9	9.4
4151	1992	327	1209.6	3.2	7.6	0.8698	0.8	15.2
4151	1992	328	1209.6	6.3	11.7	1.0555	1.6	0
4151	1992	329	1209.6	4.4	9.1	0.8465	1.9	0.7
4151	1992	330	3196.8	7.8	11.3	0.7619	3.2	4.2
4151	1992	331	1555.2	4.8	12.9	0.8064	5.3	5.5
4151	1992	332	3888	4.9	8.3	0.6625	3.1	3.4
4151	1992	333	1555.2	3.8	9.8	0.7408	3.1	0.3
4151	1992	334	3888	-0.6	6.4	0.6245	0.8	0
4151	1992	335	1123.2	5.1	10.4	0.9065	2.2	0.1
4151	1992	336	2678.4	6.1	9.7	0.7454	2.8	0.3
4151	1992	337	2332.8	5.3	12	0.8964	4.5	1.6
4151	1992	338	3456	6.5	13.3	0.78	3.8	1.2
4151	1992	339	1555.2	1.3	7.6	0.7133	3.2	8.5
4151	1992	340	3456	2.6	6	0.6394	1.8	0
4151	1992	341	1641.6	-0.6	3.6	0.5856	1.4	0
4151	1992	342	1036.8	-0.6	3.3	0.5456	2.7	0.7
4151	1992	343	1036.8	2.4	3.8	0.6105	0.6	0.1
4151	1992	344	1036.8	1.9	3.8	0.6298	1	0
4151	1992	345	1036.8	2.2	3.6	0.6471	0.7	0
4151	1992	346	1036.8	2.2	3.5	0.6298	2.7	15.2
4151	1992	347	2505.6	2	6.6	0.6893	2.7	4
4151	1992	348	1382.4	3.2	5.2	0.7009	3.1	1.9
4151	1992	349	1036.8	3.7	7.8	0.7717	2.2	0.1
4151	1992	350	4060.8	0.3	7.7	0.6668	1.8	0
4151	1992	351	3801.6	-1.2	5.5	0.6277	0.4	0
4151	1992	352	3715.2	-0.6	4.7	0.6374	1.4	0
4151	1992	353	3801.6	-1.9	5.5	0.5705	1.6	0.4
4151	1992	354	950.4	2.8	6	0.669	2.4	2.4
4151	1992	355	950.4	2.5	4.5	0.7144	0.5	8.4
4151	1992	356	950.4	0.6	2.7	0.5988	1.1	0.7
4151	1992	357	1036.8	1.2	4.3	0.6849	0.4	5.4
4151	1992	358	1036.8	2.1	3.5	0.6798	1	0
4151	1992	359	1036.8	1	3.3	0.5992	0.9	0
4151	1992	360	3542.4	-4.2	1.1	0.4528	1.2	0
4151	1992	361	1036.8	-6.4	-3.9	0.3835	0.4	0
4151	1992	362	1296	-6.8	-1.4	0.3971	0.7	0
4151	1992	363	3888	-6.3	0.7	0.3979	0.6	0
4151	1992	364	3715.2	-9.1	-3.5	0.3551	0.2	0
4151	1992	365	3196.8	-9.6	-5.2	0.3227	0.3	0
4151	1992	366	2678.4	-6.4	-0.8	0.3935	1.5	0
