*---------------------------------------------------------------------------*
* Station name: ARTERN                                  
* Year: 2011
* Author: Pedro Alencar                                   -999.000: NIL VALUE
* Source: ECAD 
* Comments: 
* Longitude: 51.3756, latitude: 51.3756, altitude: 164 m.
*
* Column  Daily value
* 1       station number
* 2       year
* 3       day
* 4       irradiation                   (kJ m-2 d-1)
* 5       minimum temperature           (degrees Celsius)
* 6       maximum temperature           (degrees Celsius)
* 7       early morning vapour pressure (kPa)
* 8       mean wind speed (height: 2 m) (m s-1)
* 9       precipitation                 (mm d-1)
*
** WCCDESCRIPTION=GERMANY, ARTERN                                  
** WCCFORMAT=2
** WCCYEARNR=2011
*---------------------------------------------------------------------------*
   51.3756  11.2931    164.  -0.18 -0.55
4185	2011	1	1036.8	-1.5	2.8	0.57	5.2	0.1
4185	2011	2	1036.8	-1.3	1.9	0.537	3.5	0.1
4185	2011	3	4060.8	-2.7	1.2	0.4917	2.8	0
4185	2011	4	1382.4	-9.9	-1.5	0.3598	3.1	0
4185	2011	5	4233.6	-11	-6.2	0.2876	1.6	0.3
4185	2011	6	1123.2	-7.7	5.9	0.5035	3.2	2.4
4185	2011	7	1123.2	1.3	6.1	0.7643	3	0.3
4185	2011	8	3715.2	2.9	9.6	0.8559	3.3	0
4185	2011	9	1468.8	0.1	8.8	0.7301	2.8	0.2
4185	2011	10	4320	-3.3	2.2	0.5635	1.8	0
4185	2011	11	1814.4	-3	3.9	0.6186	2	0
4185	2011	12	1900.8	2.7	4.7	0.6927	4.6	2.6
4185	2011	13	1209.6	4.4	10.5	1.012	3.6	3.9
4185	2011	14	1209.6	8.9	12.1	1.091	5.2	0.3
4185	2011	15	3196.8	6.8	9.8	0.8863	5.5	0.4
4185	2011	16	5011.2	4.1	10.6	0.8308	4.5	0
4185	2011	17	4320	-0.7	7.4	0.7301	2.1	0
4185	2011	18	1296	2.7	7.5	0.7816	3.6	3.2
4185	2011	19	3196.8	1	4.7	0.6823	2.7	1
4185	2011	20	1641.6	-0.5	1.9	0.5785	3.3	0.5
4185	2011	21	1382.4	-1.3	-0.4	0.4824	2.2	0
4185	2011	22	5616	-3.9	1.9	0.5055	1.7	0.2
4185	2011	23	1900.8	-0.6	2.4	0.613	2.2	0.2
4185	2011	24	1468.8	1.5	2.7	0.6539	3.7	0.3
4185	2011	25	2764.8	0.6	4.1	0.6584	5.3	4.2
4185	2011	26	1468.8	-0.4	2	0.5827	3.6	0.2
4185	2011	27	1468.8	-5	-0.3	0.4375	5.6	0
4185	2011	28	1900.8	-5.2	-0.1	0.4576	5.5	0
4185	2011	29	1555.2	-8.1	-4.3	0.377	1.5	0
4185	2011	30	1555.2	-9.1	-3.1	0.3761	2.7	0
4185	2011	31	1641.6	-5.7	-3.7	0.3968	1.7	0
4185	2011	32	5616	-6.1	0.1	0.4165	3.9	0.7
4185	2011	33	1641.6	-4	0.2	0.4838	5	0
4185	2011	34	2419.2	-1.4	2.5	0.5532	6.3	0
4185	2011	35	1728	1.3	7.9	0.6954	8.1	0
4185	2011	36	1728	7.7	9.9	0.815	8.8	0
4185	2011	37	2937.6	5.5	11	0.8288	7.4	1.3
4185	2011	38	6998.4	5.1	9.7	0.6895	5.1	0
4185	2011	39	7344	-1.1	8.6	0.5193	5.2	0
4185	2011	40	7344	-3.8	7.2	0.5802	1.5	0
4185	2011	41	4147.2	-4.1	6.7	0.5839	3.3	1.6
4185	2011	42	2937.6	2.6	10.2	0.8456	5.1	1.1
4185	2011	43	1987.2	-1.3	2.6	0.5252	4.8	3.1
4185	2011	44	1987.2	0.1	3.4	0.6724	1.8	0.4
4185	2011	45	2073.6	0.1	4	0.6516	5	0
4185	2011	46	4060.8	-0.2	5.2	0.6289	3.5	0.1
4185	2011	47	8208	-1.2	9.1	0.6563	3.2	0
4185	2011	48	2160	-1.8	-0.3	0.5037	5.5	0.4
4185	2011	49	2246.4	-2.4	-1.1	0.4999	3.3	0.2
4185	2011	50	2246.4	-3.6	-0.9	0.4455	4.9	0
4185	2011	51	4233.6	-8.8	-3	0.3189	6.2	0
4185	2011	52	6134.4	-10.2	-4.5	0.2888	5	0
4185	2011	53	8812.8	-10.5	-3.5	0.2858	4.5	0
4185	2011	54	10108.8	-12.4	-1.8	0.2657	2	0
4185	2011	55	8294.4	-9.7	5.4	0.3497	1.8	0
4185	2011	56	9072	-7.8	5.7	0.3622	2.8	0
4185	2011	57	10800	-7.2	8.5	0.3843	2	0
4185	2011	58	3110.4	-2.8	6.3	0.5754	1.7	0.3
4185	2011	59	11145.6	-0.9	9.6	0.6417	2.2	0
4185	2011	60	11318.4	-2.7	7.1	0.5727	4.7	0
4185	2011	61	11664	-5.1	6.2	0.4387	5.9	0
4185	2011	62	11404.8	-6.1	5.4	0.3574	4.6	0
4185	2011	63	12614.4	-5.7	8.2	0.4213	2.1	0
4185	2011	64	10540.8	-6.1	8.2	0.5406	2	0
4185	2011	65	12182.4	-4.7	6.4	0.3834	3.1	0
4185	2011	66	13392	-7.1	6.1	0.2946	2.9	0
4185	2011	67	13651.2	-6.5	12.8	0.2987	2.7	0
4185	2011	68	11577.6	-0.6	14.2	0.6223	5	0.2
4185	2011	69	8640	2.1	10.7	0.6534	6.3	0.4
4185	2011	70	4665.6	2.4	9.2	0.7099	4.6	0.6
4185	2011	71	13305.6	-0.7	14.5	0.7459	1.7	0
4185	2011	72	11404.8	2.7	16.8	0.7964	1.8	0.2
4185	2011	73	5097.6	7.5	14.4	1.0719	2.1	0.2
4185	2011	74	6566.4	6.9	14	1.0495	6.3	0
4185	2011	75	3542.4	3.8	7.5	0.8394	8.4	0.3
4185	2011	76	3542.4	3.5	7.2	0.8489	4.7	11.8
4185	2011	77	3628.8	3.5	5.5	0.7327	4.2	0
4185	2011	78	14342.4	-0.2	9.4	0.5936	3.3	0
4185	2011	79	12009.6	-2.1	9.9	0.5814	1.8	0
4185	2011	80	16416	-2.1	13	0.6209	1.6	0
4185	2011	81	16588.8	-1.1	16.3	0.6677	1.4	0
4185	2011	82	15897.6	1.6	15.8	0.6858	1.9	0
4185	2011	83	16848	-0.1	17.1	0.732	2	0
4185	2011	84	9590.4	2.1	14.7	0.7932	2.7	0
4185	2011	85	3974.4	-1.2	7	0.5492	2.7	0.6
4185	2011	86	17539.2	-3.9	11	0.5436	1.8	0
4185	2011	87	16588.8	-1.4	13.9	0.6182	2.4	0
4185	2011	88	18230.4	-2.2	16.5	0.6273	2	0
4185	2011	89	16416	0.2	19.2	0.7095	2.1	0.3
4185	2011	90	5184	8.5	14.4	1.0675	5.1	0.9
4185	2011	91	8640	11.6	17.8	1.1861	4.5	0
4185	2011	92	18489.6	8.9	22.8	1.2409	1.9	0
4185	2011	93	15552	7.9	24.1	1.2892	1.9	9.3
4185	2011	94	9158.4	6.9	13.8	1.0174	3.4	4.2
4185	2011	95	14256	4.3	14.8	0.7857	4.3	0.1
4185	2011	96	8726.4	9.8	18.6	1.2131	4.4	0
4185	2011	97	14860.8	7.2	20.9	1.0732	5.8	0
4185	2011	98	17712	4	16.8	0.7687	6.1	0
4185	2011	99	16588.8	4.3	16	0.7932	3.2	0
4185	2011	100	20217.6	2.6	18.1	0.829	1.6	0
4185	2011	101	18662.4	4.7	21.4	0.9006	2.6	0
4185	2011	102	13132.8	3.9	13.5	0.6633	6.9	0
4185	2011	103	5961.6	3.8	11.3	0.5927	6.9	0
4185	2011	104	14947.2	1.3	12.1	0.6572	3.1	0
4185	2011	105	9417.6	1.2	13.1	0.7082	1.6	0
4185	2011	106	6134.4	5.9	13.6	0.736	1.1	0
4185	2011	107	13478.4	5.2	16.7	0.7059	1.3	0
4185	2011	108	22118.4	1.9	18.4	0.7188	1.8	0
4185	2011	109	22464	3.5	20.1	0.7605	2.2	0
4185	2011	110	22550.4	5	22.6	0.8826	1.6	0
4185	2011	111	22550.4	5.6	22.7	0.9512	2	0
4185	2011	112	22982.4	6.7	23.2	0.9507	2.9	0
4185	2011	113	23068.8	8.5	23.7	0.9868	5.4	0
4185	2011	114	23673.6	7.7	21	0.833	4.7	0
4185	2011	115	19267.2	6.4	19.6	0.8977	3.6	0
4185	2011	116	13996.8	6.2	18.3	1.1538	2.6	0.3
4185	2011	117	9244.8	6.9	16.5	1.1539	2.6	5.5
4185	2011	118	19180.8	8.2	20.3	1.2171	2.6	0.3
4185	2011	119	20995.2	8.7	22.5	1.1151	6	0.1
4185	2011	120	24278.4	7.3	19.1	0.8337	7.3	0
4185	2011	121	25142.4	3	16.1	0.6548	5.5	0
4185	2011	122	13564.8	2	8.6	0.6857	5.7	0.4
4185	2011	123	19872	1.8	12.2	0.6008	4.7	0
4185	2011	124	13651.2	-0.7	11.6	0.6569	2.2	1.4
4185	2011	125	24192	-0.1	16.1	0.6647	1.6	0
4185	2011	126	24796.8	1.9	21.5	0.7006	1.7	0
4185	2011	127	25833.6	4.8	23.8	0.7977	3.1	0
4185	2011	128	26179.2	5.4	22.2	0.8511	4.4	0
4185	2011	129	26179.2	6.6	23.5	0.8372	3.4	0
4185	2011	130	25401.6	7.3	25.1	0.8644	1.4	0
4185	2011	131	19353.6	10	24.7	1.2858	2.2	0
4185	2011	132	10972.8	10.1	21.8	1.3756	1.9	0.3
4185	2011	133	20304	7.5	19.1	0.9459	2.6	0
4185	2011	134	17452.8	5.3	21.6	1.0168	2.1	0.2
4185	2011	135	20304	4.8	16.8	0.8542	3.4	0.4
4185	2011	136	8640	7.5	14.6	1.0132	5.3	0.6
4185	2011	137	10713.6	10.1	17.7	1.2374	4.6	0.3
4185	2011	138	25747.2	8	25.3	1.2111	2	0
4185	2011	139	19785.6	10.1	27.4	1.5119	2	3.2
4185	2011	140	20217.6	11.7	26.3	1.7769	1.7	22
4185	2011	141	19180.8	11.9	23	1.5527	2.3	0
4185	2011	142	20995.2	11.4	26.3	1.5213	2.3	1.1
4185	2011	143	27734.4	7.8	22.5	1.0318	2.6	0
4185	2011	144	26006.4	8.1	23	0.9704	4.4	0
4185	2011	145	28425.6	3.8	20.2	0.6726	2.1	0
4185	2011	146	24624	7.2	26.9	1.0093	3.9	0
4185	2011	147	17884.8	8.3	19.1	0.9082	4.5	0
4185	2011	148	20822.4	6.1	19.8	0.9097	3	0
4185	2011	149	21945.6	13	24.6	1.0616	4.6	0
4185	2011	150	28512	12.2	29.7	1.1879	2.1	0
4185	2011	151	18835.2	12.1	24.8	1.4838	2.6	9.9
4185	2011	152	6652.8	10.8	15.9	1.0409	3.9	0
4185	2011	153	28425.6	8.7	21.3	0.8686	4.6	0
4185	2011	154	28425.6	10.3	25.3	1.2617	4.6	0
4185	2011	155	28598.4	12.9	28.5	1.4623	4.2	0
4185	2011	156	27216	15.3	29.7	1.6593	3.6	3.3
4185	2011	157	17971.2	14.7	27.4	1.9671	2.4	0.3
4185	2011	158	21772.8	15.9	26.5	1.7591	2.9	6.4
4185	2011	159	9158.4	11.9	20.1	1.5071	3.7	2
4185	2011	160	25401.6	8.7	20.9	0.9416	3.3	0
4185	2011	161	20822.4	8.2	21.6	1.0323	1.7	0
4185	2011	162	21427.2	10.3	19.6	1.2223	2.2	2.8
4185	2011	163	24364.8	8.6	22.8	1.14	1.9	0
4185	2011	164	17107.2	10.2	21.5	1.187	2.5	0
4185	2011	165	14774.4	15.2	23	1.5894	2.5	1.1
4185	2011	166	22204.8	14.3	25.9	1.5031	1.8	0
4185	2011	167	21254.4	14.9	27.1	1.6632	3.6	1.9
4185	2011	168	23673.6	10.9	23.4	1.1329	3.9	7.1
4185	2011	169	17712	10.7	21.6	1.3199	4.4	0
4185	2011	170	12096	10.4	17.3	1.1701	6.6	1.9
4185	2011	171	14774.4	11.7	20.9	1.2956	4.9	0
4185	2011	172	15120	12.7	24.2	1.6746	3.7	1.2
4185	2011	173	17280	13.1	26.7	1.8094	3	7.6
4185	2011	174	21168	12	22.5	1.3563	4.3	0.1
4185	2011	175	19612.8	9.9	19.5	1.1861	4	3.1
4185	2011	176	17193.6	8	18.7	1.1633	3.8	1.7
4185	2011	177	16156.8	12.7	24.6	1.6312	2.9	0
4185	2011	178	29289.6	12.5	27.7	1.5266	2.2	0
4185	2011	179	29030.4	13.4	29.9	1.4982	2.8	0
4185	2011	180	25401.6	12.2	30.6	1.5264	2.5	8.6
4185	2011	181	14688	10.7	19.4	1.2985	3.5	4.5
4185	2011	182	15984	9.6	18.5	1.2174	2.6	3.3
4185	2011	183	7862.4	8.4	14.5	1.108	5.3	9.6
4185	2011	184	6739.2	10.4	15.2	1.2995	4.8	3.2
4185	2011	185	7430.4	13	19	1.4889	3	0.1
4185	2011	186	12960	13.2	21.1	1.6603	1.5	0
4185	2011	187	20822.4	10.6	29.8	1.7488	2.1	13.2
4185	2011	188	21772.8	12.6	27	1.5677	2	5.3
4185	2011	189	20736	14.7	24.7	1.5122	4	0
4185	2011	190	23241.6	13.2	29.3	1.4368	3.2	0
4185	2011	191	16934.4	15.8	26.5	1.7287	2.1	3.8
4185	2011	192	22550.4	13.9	24.7	1.4304	2.3	0
4185	2011	193	24364.8	11.9	27.3	1.389	2.5	0.8
4185	2011	194	12528	15.1	24.8	1.8848	2.5	20.3
4185	2011	195	20217.6	13.5	20.8	1.2892	6.4	0
4185	2011	196	7171.2	13	17.4	1.1559	5.9	0
4185	2011	197	25142.4	9.4	25.6	1.1382	2.6	0
4185	2011	198	8553.6	12.8	21.9	1.4242	4	2.7
4185	2011	199	22377.6	11.6	22.2	1.3074	4.5	0.3
4185	2011	200	24969.6	9.6	24.6	1.2072	2.5	0
4185	2011	201	8467.2	16.2	24.1	1.2722	4.6	0
4185	2011	202	6393.6	13.5	21.3	1.3891	3.5	0.1
4185	2011	203	6307.2	12.2	17.2	1.0859	5.5	0
4185	2011	204	11491.2	10.3	18.6	1.0356	5.9	0
4185	2011	205	13996.8	9.3	16.9	1.024	6.1	0
4185	2011	206	6220.8	10.9	18	1.2329	2.6	0.3
4185	2011	207	23500.8	8.8	25.8	1.2029	1.8	0
4185	2011	208	20995.2	13	26.5	1.2871	2.8	0
4185	2011	209	22464	12.4	26.1	1.2923	3	0
4185	2011	210	9158.4	14.6	21.6	1.3272	4.9	0.9
4185	2011	211	6134.4	12.7	15.9	1.335	5.4	10.5
4185	2011	212	6048	11.9	16.1	1.3572	3.7	2.6
4185	2011	213	12268.8	13.8	21.1	1.7518	1.9	0
4185	2011	214	19267.2	14.5	24.7	1.7306	2.5	0
4185	2011	215	18576	14.2	29.3	1.8193	2.6	5.7
4185	2011	216	15724.8	17.4	26.4	1.9933	2.7	0.8
4185	2011	217	15638.4	16.8	27.3	2.0116	2.7	0.4
4185	2011	218	17884.8	14.8	29.2	1.8736	2	3.4
4185	2011	219	13651.2	13.2	22.2	1.5167	3.7	0.6
4185	2011	220	16675.2	12.6	20.5	1.2975	5.7	1.1
4185	2011	221	12355.2	12.6	19.1	1.2409	6.6	1.2
4185	2011	222	13046.4	10.7	19.4	0.991	5.4	0
4185	2011	223	14515.2	15.7	25.3	1.1796	7.2	0.1
4185	2011	224	7776	15.4	22.3	1.6735	3.9	13.6
4185	2011	225	9072	15.1	21.6	1.7694	2.6	0.5
4185	2011	226	12441.6	14.9	26.4	2.0409	2.9	7.8
4185	2011	227	14342.4	14.1	23.5	1.5599	2.4	0.2
4185	2011	228	9331.2	12.4	20.5	1.3827	1.3	0.4
4185	2011	229	21340.8	13.2	27.2	1.4652	1.7	0
4185	2011	230	20217.6	15.3	29	1.6777	2	1.2
4185	2011	231	16243.2	12.9	24.2	1.5784	4.7	2.6
4185	2011	232	23241.6	9.7	25.7	1.274	2	0
4185	2011	233	15292.8	11	27.1	1.6284	1.5	0.2
4185	2011	234	13219.2	15.9	25.7	1.7165	2.6	0.1
4185	2011	235	15897.6	14.1	26.7	1.7465	3.5	0.3
4185	2011	236	17539.2	16.6	31.5	2.2101	2.3	30.5
4185	2011	237	17107.2	15.6	26.7	2.0043	1.9	0
4185	2011	238	20476.8	17.5	33.2	2.1623	2.9	1
4185	2011	239	5529.6	13.1	20.1	1.528	5.1	4.2
4185	2011	240	12355.2	12	19.2	1.2036	4.8	0
4185	2011	241	12700.8	10.4	20.7	1.1997	4.6	0
4185	2011	242	8035.2	9	17.4	1.0459	2.8	0
4185	2011	243	14169.6	7	20.8	1.0946	2.2	0
4185	2011	244	17193.6	9.4	21.2	1.2501	1.9	0
4185	2011	245	19785.6	8.1	26.5	1.3409	1.5	0
4185	2011	246	19008	12.1	29.7	1.6037	1.5	0
4185	2011	247	13478.4	15.5	29.5	1.9858	1.8	37
4185	2011	248	7948.8	12.5	20.8	1.495	4.1	0.1
4185	2011	249	15811.2	11.2	22	1.1696	5.7	3.3
4185	2011	250	11750.4	13.3	18.7	1.1802	6.8	1.5
4185	2011	251	4060.8	11.6	15.1	1.3011	5.7	1.3
4185	2011	252	6825.6	11.7	20.2	1.5023	3.2	0
4185	2011	253	13996.8	16.8	27.3	1.9852	2.2	0
4185	2011	254	13824	15.8	27.4	2.0602	3	16.6
4185	2011	255	15120	13.9	22.2	1.4677	6.1	0
4185	2011	256	10195.2	13.8	22.6	1.4816	5.7	0
4185	2011	257	14169.6	9.5	19	1.0548	4.8	0
4185	2011	258	14169.6	8.8	19.3	1.0893	3.2	0
4185	2011	259	15033.6	6.5	19.2	1.0963	1.8	0
4185	2011	260	9331.2	9.7	22.1	1.3712	2.5	0
4185	2011	261	3542.4	10.4	15.9	1.2993	2.9	2.6
4185	2011	262	13564.8	8.6	17.8	1.152	2.2	0
4185	2011	263	15465.6	6.2	20	1.1294	2.7	0
4185	2011	264	14688	7.1	20.9	1.1975	2.1	0
4185	2011	265	10540.8	10.4	19.7	1.1789	3.8	0
4185	2011	266	12441.6	7.7	18.7	1.0914	2.1	0
4185	2011	267	15206.4	5.3	21.4	1.1021	1.5	0
4185	2011	268	15033.6	6.7	23.6	1.2897	1.3	0
4185	2011	269	14428.8	9.2	25.9	1.4624	1.6	0
4185	2011	270	8553.6	13	21	1.7027	1.8	1.8
4185	2011	271	10713.6	10.8	20.9	1.5647	1.5	0
4185	2011	272	11577.6	8.3	23.4	1.4388	1.3	0
4185	2011	273	13564.8	8.2	26.4	1.4198	1.8	0
4185	2011	274	13824	8.9	26.3	1.4268	1.3	0
4185	2011	275	13564.8	9	26.8	1.454	1.5	0
4185	2011	276	13219.2	9.3	25.2	1.317	1.9	0.1
4185	2011	277	11404.8	14.3	25.3	1.5447	4.4	0
4185	2011	278	2764.8	14.7	18.9	1.3565	4.7	0
4185	2011	279	7776	9	20	1.2039	5.8	3.1
4185	2011	280	8208	6.4	12.7	0.9286	5.3	0.3
4185	2011	281	8553.6	5	11.4	0.8477	5.6	0.2
4185	2011	282	11232	2	12.5	0.7844	3.8	4.9
4185	2011	283	2592	7.5	17.2	1.2617	5.9	0
4185	2011	284	2505.6	10.4	17.2	1.3082	7.6	3.9
4185	2011	285	3283.2	7.1	12.4	1.0377	3.1	0.5
4185	2011	286	9590.4	4	13.6	0.8942	2.3	0
4185	2011	287	8812.8	0.3	10.4	0.7417	1.6	0
4185	2011	288	9763.2	-2.2	11.1	0.6882	1.7	0
4185	2011	289	10800	-0.6	15.4	0.8028	1.7	0
4185	2011	290	8380.8	0.5	13.7	0.8167	2.8	0
4185	2011	291	7689.6	3.2	17.1	1.0039	4.2	1.3
4185	2011	292	7171.2	4	11.6	0.8355	5.1	2.7
4185	2011	293	6048	0.3	9.7	0.7064	3.5	0
4185	2011	294	9331.2	-0.2	10.8	0.748	2	0
4185	2011	295	7776	-1.9	11.1	0.7124	1.5	0
4185	2011	296	9158.4	-3.9	11.9	0.683	1.8	0
4185	2011	297	6912	1.1	14.2	0.848	3.8	0
4185	2011	298	5011.2	5.1	12.2	0.9412	5.6	0
4185	2011	299	6307.2	3.8	14.6	0.9419	2	0
4185	2011	300	5788.8	0.3	11.9	0.8754	1.6	0
4185	2011	301	8208	5.8	16.8	1.0703	2.2	0
4185	2011	302	5875.2	3.8	15.8	1.0896	1	0.3
4185	2011	303	2678.4	8.4	15.1	1.2267	1.9	0
4185	2011	304	5356.8	8.9	14.2	1.265	1.7	0
4185	2011	305	6220.8	6.6	14	1.1266	2.1	0
4185	2011	306	5616	5.6	13.3	1.0643	2.1	0
4185	2011	307	6307.2	3.6	15.6	1.0034	1.2	0
4185	2011	308	5529.6	2.8	14.3	0.946	1.8	0
4185	2011	309	3369.6	2.3	8.9	0.8547	2.1	0
4185	2011	310	4924.8	1.6	11.8	0.9319	1.7	0
4185	2011	311	4924.8	2.3	10.7	0.8902	2.4	0
4185	2011	312	1555.2	-0.1	5.8	0.7422	1.2	0
4185	2011	313	1555.2	1.5	4.2	0.7497	1.3	0.1
4185	2011	314	1468.8	3	5.9	0.8308	4.4	0
4185	2011	315	1468.8	-1.9	3.5	0.6086	4.4	0
4185	2011	316	6566.4	-3.1	6.2	0.6013	1.6	0
4185	2011	317	1468.8	-3.7	-0.3	0.5224	1.1	0
4185	2011	318	1382.4	-4.5	-0.2	0.5091	1.4	0
4185	2011	319	1382.4	-3.9	-0.6	0.5129	3.2	0
4185	2011	320	1382.4	-1.3	-0.1	0.5806	2.7	0
4185	2011	321	1382.4	-1.6	2	0.6075	3.3	0
4185	2011	322	1296	1.7	6.2	0.7698	1.6	0
4185	2011	323	1296	2.9	6.5	0.8284	0.7	0
4185	2011	324	1296	-1.1	3.3	0.6616	1.3	0
4185	2011	325	4838.4	-0.5	9.7	0.7972	0.9	0
4185	2011	326	1209.6	-1.9	2.1	0.6155	0.9	0
4185	2011	327	4752	-2.6	5.8	0.6721	1	0
4185	2011	328	3888	-0.9	8	0.7169	2.2	0
4185	2011	329	5184	-1.9	6.8	0.6194	3.9	0
4185	2011	330	1987.2	3.3	7.8	0.743	6.8	0
4185	2011	331	2937.6	5.9	9.1	0.7772	8.8	0
4185	2011	332	5097.6	-3.3	8.5	0.604	2.8	0
4185	2011	333	3542.4	-5.2	3.8	0.569	1.4	0.1
4185	2011	334	4320	-0.5	10.1	0.688	3.1	0
4185	2011	335	2160	-2.6	11.2	0.7059	2.9	0
4185	2011	336	1814.4	2	12.9	0.7745	5.8	0.6
4185	2011	337	2246.4	-0.4	7.9	0.6791	5.9	2
4185	2011	338	1123.2	5.4	8.1	0.7973	5.7	0.9
4185	2011	339	3196.8	1.5	7	0.662	6.2	0
4185	2011	340	3283.2	0.5	5.1	0.6126	5.4	2.6
4185	2011	341	1382.4	0.6	6.1	0.6525	6.6	1.6
4185	2011	342	1900.8	3.6	7.1	0.6613	8	1.9
4185	2011	343	3715.2	1.5	9.8	0.666	6.8	1
4185	2011	344	3542.4	0.7	5.4	0.6007	5.1	0
4185	2011	345	3974.4	-2.1	3	0.505	3	0
4185	2011	346	1036.8	0.2	7.7	0.6644	4	0
4185	2011	347	1036.8	2	8.2	0.6499	6.5	1
4185	2011	348	1900.8	3.3	10	0.7625	6	2.1
4185	2011	349	2678.4	3	6.5	0.6599	5.8	0.8
4185	2011	350	1036.8	2.1	9.1	0.7638	7.7	8.7
4185	2011	351	2764.8	2	4.4	0.6379	6.7	0.2
4185	2011	352	1555.2	1	3.6	0.584	6.2	0
4185	2011	353	1036.8	-0.5	1.5	0.5322	5.1	0
4185	2011	354	1036.8	-0.2	4.4	0.5899	4.3	0.1
4185	2011	355	1296	1.4	4.6	0.6517	4.2	0.3
4185	2011	356	1036.8	1.1	5.2	0.7275	2.6	1.7
4185	2011	357	1036.8	5.1	8.7	0.915	3.6	0.1
4185	2011	358	1036.8	1.6	7.3	0.6965	5.8	0.9
4185	2011	359	1036.8	2.1	6.8	0.7217	6.4	0.1
4185	2011	360	1036.8	6.5	8.7	0.8973	5.9	0
4185	2011	361	1036.8	6.8	8.8	0.8884	4.1	0
4185	2011	362	2419.2	4.5	7.1	0.7375	4.8	0
4185	2011	363	2851.2	3.8	6.6	0.6721	7.1	4.5
4185	2011	364	1296	1	4.2	0.6408	5.7	0.9
4185	2011	365	2764.8	1.2	4.5	0.6448	3	0.4
