*---------------------------------------------------------------------------*
* Station name: ARTERN                                  
* Year: 2012
* Author: Pedro Alencar                                   -999.000: NIL VALUE
* Source: ECAD 
* Comments: 
* Longitude: 51.3756, latitude: 51.3756, altitude: 164 m.
*
* Column  Daily value
* 1       station number
* 2       year
* 3       day
* 4       irradiation                   (kJ m-2 d-1)
* 5       minimum temperature           (degrees Celsius)
* 6       maximum temperature           (degrees Celsius)
* 7       early morning vapour pressure (kPa)
* 8       mean wind speed (height: 2 m) (m s-1)
* 9       precipitation                 (mm d-1)
*
** WCCDESCRIPTION=GERMANY, ARTERN                                  
** WCCFORMAT=2
** WCCYEARNR=2012
*---------------------------------------------------------------------------*
   51.3756  11.2931    164.  -0.18 -0.55
4185	2012	1	1036.8	4.1	12.4	0.9814	5	0.6
4185	2012	2	1036.8	4.4	12.7	0.946	4.7	4.2
4185	2012	3	2937.6	2.1	10.8	0.7328	7.6	0.4
4185	2012	4	3369.6	4	8.2	0.6871	8	2.1
4185	2012	5	1641.6	2.8	6.3	0.6845	10.7	6.5
4185	2012	6	4492.8	1.7	5.2	0.6102	5.2	0.7
4185	2012	7	1123.2	2	6.3	0.7067	6.1	1.4
4185	2012	8	1555.2	2.9	5.7	0.7225	4.8	0.8
4185	2012	9	1123.2	2.8	7.4	0.7991	3.3	1.3
4185	2012	10	4147.2	1.9	7.4	0.6723	3.8	0
4185	2012	11	1209.6	5.1	8.3	0.7946	4.3	0
4185	2012	12	2073.6	3.5	9.2	0.7852	7.4	2.2
4185	2012	13	3974.4	1.8	4.6	0.6072	7.2	2.2
4185	2012	14	5097.6	-1.6	4.8	0.5006	4.4	0
4185	2012	15	3110.4	-3.3	1.7	0.5015	1.9	0
4185	2012	16	1987.2	-3.1	1.3	0.4978	1.7	0
4185	2012	17	1296	-1.6	3.2	0.5244	2.8	0
4185	2012	18	4924.8	-4.3	4.7	0.4712	4.5	0.8
4185	2012	19	1296	2.4	5.6	0.7237	5	5.5
4185	2012	20	1382.4	0.6	4.4	0.5851	5.8	0
4185	2012	21	1382.4	0.2	6.1	0.6739	5.3	4.8
4185	2012	22	1382.4	3.3	6	0.6808	8.8	3.6
4185	2012	23	3110.4	2.1	6	0.6773	5.5	0.2
4185	2012	24	2246.4	1.2	4.4	0.65	3.3	0.4
4185	2012	25	1814.4	-0.5	3	0.6086	1.7	0
4185	2012	26	5702.4	-3.6	2.2	0.4761	3.3	0
4185	2012	27	1468.8	-1.6	0.1	0.4744	2.4	0.6
4185	2012	28	1555.2	-4.9	-0.2	0.4864	4	2.5
4185	2012	29	1555.2	-9	-4.3	0.3271	5.8	0
4185	2012	30	5443.2	-10.1	-4.9	0.2715	4.5	0
4185	2012	31	6566.4	-11.5	-7.3	0.2401	7.8	0
4185	2012	32	6739.2	-13.1	-8.2	0.1984	7.6	0
4185	2012	33	6307.2	-15.5	-11.1	0.169	4.8	0
4185	2012	34	4579.2	-17.2	-8.3	0.1883	1.6	0
4185	2012	35	5184	-18.6	-7.6	0.1897	1.1	0
4185	2012	36	7344	-19	-9.7	0.1652	1.6	0
4185	2012	37	6998.4	-19.4	-12.5	0.1358	2.1	0
4185	2012	38	3801.6	-20.5	-8.2	0.1591	3.8	0
4185	2012	39	6393.6	-14	-7.2	0.2238	4.7	0
4185	2012	40	2332.8	-14.3	-3.9	0.2673	4.8	1
4185	2012	41	7689.6	-16.3	-7.6	0.1984	3.8	0
4185	2012	42	6393.6	-16.2	-6.3	0.2099	1.2	0
4185	2012	43	8208	-18.9	-4.3	0.199	1.9	0
4185	2012	44	1987.2	-4.3	-0.4	0.4422	2.4	0
4185	2012	45	3110.4	-1.9	2.3	0.5455	3.5	0.6
4185	2012	46	6912	0.3	5.4	0.5398	7.1	0
4185	2012	47	8294.4	-1.8	5.1	0.5437	4.2	1.7
4185	2012	48	2160	2.4	6.2	0.7391	4.7	0.4
4185	2012	49	2678.4	2.8	7.1	0.7387	4.7	0.7
4185	2012	50	4060.8	0.1	6	0.5703	6.1	0
4185	2012	51	9072	-1.6	4.5	0.4953	3.4	0
4185	2012	52	2332.8	-1.6	3.7	0.4944	5.4	0
4185	2012	53	9763.2	2	9.5	0.6615	4.9	0
4185	2012	54	2419.2	4.4	8.9	0.7528	6.7	0
4185	2012	55	2419.2	6.1	11.2	0.986	6.7	0.4
4185	2012	56	3024	2	7.8	0.6582	4.7	0
4185	2012	57	7516.8	-0.8	7.5	0.5981	4.2	1.4
4185	2012	58	6825.6	-2	6.5	0.5963	2.7	0.5
4185	2012	59	2592	4.5	9.2	0.8524	4.8	0
4185	2012	60	2678.4	9	11.8	1.109	2.9	0
4185	2012	61	7948.8	6.8	13.6	1.0818	2.5	0
4185	2012	62	7603.2	3.8	11.9	0.8914	1.9	0
4185	2012	63	6739.2	3.3	9.5	0.7591	3.2	0
4185	2012	64	2937.6	4.1	9.5	0.7803	1.9	0
4185	2012	65	3024	1.8	6.8	0.5813	3	0
4185	2012	66	10886.4	-0.8	8.5	0.5793	2.5	0
4185	2012	67	8294.4	-4	9.4	0.5044	3	2
4185	2012	68	7171.2	0.6	9.1	0.6904	4.3	0.4
4185	2012	69	12614.4	-1.9	10	0.6038	3.2	0
4185	2012	70	3283.2	5.2	10.6	0.7454	4.8	0
4185	2012	71	3283.2	5.5	9.2	0.8	4	0
4185	2012	72	11059.2	6.6	12.6	0.9556	4.3	0
4185	2012	73	3456	5.8	8.7	0.7946	2.8	0
4185	2012	74	3456	5.1	7.8	0.7328	2.3	0
4185	2012	75	12873.6	4	12.9	0.7406	2.2	0
4185	2012	76	15379.2	0.8	21.9	0.792	2.8	0
4185	2012	77	14688	3.7	21.7	0.7922	2.6	0
4185	2012	78	9504	5.5	15.7	0.9323	3.5	1.2
4185	2012	79	15638.4	0.6	12.5	0.5437	2.9	0
4185	2012	80	15206.4	-0.8	14.3	0.5906	2.7	0
4185	2012	81	13910.4	3.9	16.7	0.8512	1.9	0
4185	2012	82	9244.8	2.5	15	0.9589	1.9	0
4185	2012	83	14515.2	0.8	17.5	0.9155	1.7	0
4185	2012	84	16416	2.4	18.5	0.9104	1.5	0
4185	2012	85	17625.6	3.3	19.5	0.8215	2.8	0
4185	2012	86	17107.2	1.5	15.8	0.7395	2.4	0
4185	2012	87	16243.2	2.5	19.4	0.8889	3	0
4185	2012	88	18144	5.7	20.6	0.8007	3.3	0
4185	2012	89	6134.4	6.1	11.9	0.7687	7.3	0.1
4185	2012	90	4838.4	6.3	9.5	0.8519	6.4	0
4185	2012	91	9849.6	0.7	9.3	0.6017	7.2	0.5
4185	2012	92	15206.4	-1.1	10.1	0.5137	5	0
4185	2012	93	5702.4	3.5	9.2	0.6703	4.8	0
4185	2012	94	14169.6	0.1	16.2	0.7582	2.3	7.5
4185	2012	95	4492.8	3.8	7.7	0.8269	3.8	0.1
4185	2012	96	4579.2	3.2	5.4	0.7474	5.3	0
4185	2012	97	4579.2	1.6	5	0.6037	2.2	0
4185	2012	98	10972.8	-0.4	7.4	0.5338	5	0.3
4185	2012	99	14947.2	-1.6	7.3	0.3674	2.3	0
4185	2012	100	7776	-1.2	8.3	0.5278	4.6	0
4185	2012	101	13132.8	8.3	18.9	0.949	5.1	0
4185	2012	102	4838.4	6.3	11.9	0.8778	2.4	1.7
4185	2012	103	14083.2	4.4	15.1	0.9291	1.9	0.6
4185	2012	104	12528	2.4	12.8	0.7512	2.5	0
4185	2012	105	16329.6	-0.2	13.5	0.6843	2.6	0
4185	2012	106	8899.2	1.7	13.6	0.6595	4.8	0
4185	2012	107	14515.2	0.7	11.4	0.5534	5.2	0
4185	2012	108	20131.2	-2.2	12.2	0.4709	3	0
4185	2012	109	14083.2	3.6	13.2	0.6169	3.3	0
4185	2012	110	18489.6	1	18	0.6882	3.1	0.2
4185	2012	111	18316.8	5.2	16.5	0.8051	3	0.3
4185	2012	112	15724.8	4.1	14.6	0.7753	4	2
4185	2012	113	17539.2	4.4	13.4	0.7863	4	0.6
4185	2012	114	16848	3.1	14.7	0.7863	3.1	1.3
4185	2012	115	6566.4	5.7	13	0.881	2.4	0
4185	2012	116	14256	6.5	16.9	0.7968	4.6	0
4185	2012	117	6998.4	11	16.6	0.8038	4.6	0
4185	2012	118	18403.2	10.4	23.7	1.0287	2.9	0
4185	2012	119	23155.2	11.5	29.7	1.3322	3.2	0
4185	2012	120	14860.8	12.5	29.2	1.2544	2.8	0
4185	2012	121	19958.4	10.8	23.5	1.1329	4.7	0
4185	2012	122	23673.6	10.5	23.2	1.3416	3	0
4185	2012	123	23500.8	11.8	25.9	1.5431	3.7	8.4
4185	2012	124	8812.8	9.3	18.1	1.2371	3	0
4185	2012	125	22723.2	6.4	22.2	1.0256	3.4	0.1
4185	2012	126	7862.4	6	13.8	1.0969	4	17.6
4185	2012	127	6912	5.5	10	0.9065	3.2	2.2
4185	2012	128	8640	6.8	14.2	1.0403	2	0
4185	2012	129	19785.6	8	21.7	1.1976	1.9	0.2
4185	2012	130	11491.2	9.7	21.9	1.3087	3.1	0
4185	2012	131	19267.2	12.5	25.3	1.4607	3.2	0
4185	2012	132	16156.8	13.4	29	1.6586	4.1	5.9
4185	2012	133	20217.6	3.8	14.8	0.7141	4.2	0
4185	2012	134	16156.8	1.1	11.8	0.6364	1.6	0
4185	2012	135	25747.2	1.2	18	0.7048	1.8	0
4185	2012	136	19612.8	6.3	18.5	0.8775	3.3	0.9
4185	2012	137	21513.6	3.4	13.1	0.7524	5	0.5
4185	2012	138	26265.6	1.2	15.2	0.6195	2.6	0
4185	2012	139	16070.4	5.6	17.6	0.6687	3.1	0
4185	2012	140	21686.4	9.6	23.7	1.1733	1.9	0
4185	2012	141	26438.4	11.3	27.2	1.2255	3.7	0
4185	2012	142	22896	13.5	27.7	1.4049	4.2	0
4185	2012	143	26611.2	14.1	28.9	1.459	3.4	0
4185	2012	144	25920	16.6	29.4	1.6262	3.8	0
4185	2012	145	27302.4	11.2	25.2	1.1477	5.8	0
4185	2012	146	28339.2	8.3	22.8	0.8292	4.5	0
4185	2012	147	27216	8.9	23.4	0.9349	3.2	0.1
4185	2012	148	21859.2	13	23.8	1.0565	1.9	0
4185	2012	149	20304	11.6	25.1	1.2428	1.9	0
4185	2012	150	26352	10.7	22.4	1.053	3.9	0
4185	2012	151	24624	8.2	21.4	1.0256	3	0
4185	2012	152	8726.4	10.6	20.4	1.3542	2.6	13.5
4185	2012	153	10540.8	7.4	16.4	1.0161	5.7	0.4
4185	2012	154	20044.8	7.3	15.8	0.8025	3.4	0
4185	2012	155	6652.8	6.8	10.8	0.9734	2.4	5.8
4185	2012	156	8467.2	7.8	16.2	1.177	1.8	12.4
4185	2012	157	11404.8	7.6	14.4	0.8787	3.8	0
4185	2012	158	8208	5.1	16.2	0.9867	2.4	1.1
4185	2012	159	9936	10.8	19.7	1.4538	1.8	2.5
4185	2012	160	22032	13.1	23	1.3023	4.8	0.1
4185	2012	161	24451.2	10.6	21.2	0.9562	4.8	0
4185	2012	162	21600	9.1	21.2	0.9802	1.8	0
4185	2012	163	11059.2	10.7	20.4	1.3232	1.7	3
4185	2012	164	18230.4	10.8	22.1	1.364	2.3	0
4185	2012	165	12528	11.3	18.9	1.2342	2.8	3
4185	2012	166	11318.4	8.8	15.9	1.233	1.9	0.2
4185	2012	167	11750.4	6.4	21.9	1.2737	2	0.5
4185	2012	168	12096	14.2	23.5	1.63	3.8	0.8
4185	2012	169	22982.4	12.5	23.5	1.3189	3.3	0
4185	2012	170	26697.6	10.3	31.3	1.5694	4	0
4185	2012	171	14601.6	13.1	23.9	1.5947	3.6	29.2
4185	2012	172	6739.2	14.9	17.2	1.7851	3.3	20.2
4185	2012	173	6739.2	13.5	16.2	1.6024	2.9	1.3
4185	2012	174	26179.2	12.4	22.8	1.3464	4.3	0
4185	2012	175	25574.4	10.6	22.9	1.2569	3.1	0
4185	2012	176	18230.4	9.9	22.6	1.3837	4.4	0.8
4185	2012	177	17971.2	11.4	19.1	1.2634	6.5	3.4
4185	2012	178	13564.8	9.8	17.8	1.1663	3.7	0
4185	2012	179	14947.2	7.9	23.6	1.4653	2.9	0.1
4185	2012	180	25574.4	14.4	27.7	1.8177	2.1	0.9
4185	2012	181	17712	16.5	31.2	2.1542	1.8	7.7
4185	2012	182	23587.2	17.6	28.9	2.1348	1.9	22.9
4185	2012	183	14342.4	14.3	23.6	1.8151	2.9	0.1
4185	2012	184	9676.8	13	18.6	1.47	3	0.9
4185	2012	185	16502.4	14.5	23.1	1.7332	1.6	0
4185	2012	186	22550.4	12.8	26.2	1.7878	1.9	0
4185	2012	187	8812.8	16.5	24.9	2.1934	2.5	4.1
4185	2012	188	16588.8	16.4	25.9	2.1045	2.3	0.5
4185	2012	189	17280	15.5	25.2	1.9558	2	2.4
4185	2012	190	20563.2	13.2	25	1.6997	2.5	0.4
4185	2012	191	22377.6	13.9	25	1.5566	5	0.4
4185	2012	192	22982.4	14.1	25.4	1.6088	2.5	2.2
4185	2012	193	14169.6	13	21.9	1.5527	4	0.7
4185	2012	194	20822.4	9.9	18.1	1.2135	5.2	3.1
4185	2012	195	11577.6	9.5	19.1	1.3187	3.6	6.4
4185	2012	196	17020.8	13.3	20.3	1.6048	5.2	7.4
4185	2012	197	16416	12.4	21	1.4618	4.2	0.3
4185	2012	198	14428.8	12.3	20	1.3382	5	6.2
4185	2012	199	17193.6	12.9	21.9	1.647	5.1	0.8
4185	2012	200	16329.6	14.8	25	1.6934	5.4	0.1
4185	2012	201	18057.6	13	21.8	1.4883	5.7	1.8
4185	2012	202	11145.6	11.8	19.9	1.3309	3	0.2
4185	2012	203	8640	10.6	18	1.2373	1.9	0.2
4185	2012	204	16243.2	7.8	20.4	1.1249	2.1	0
4185	2012	205	27561.6	7.3	25.5	1.1548	1.9	0
4185	2012	206	27129.6	11	28.8	1.2991	3.5	0
4185	2012	207	26265.6	15.2	33.6	1.7689	2.1	0
4185	2012	208	23155.2	19	31.2	1.876	2.8	0
4185	2012	209	24451.2	16.4	33.7	1.9339	2.2	0.8
4185	2012	210	16761.6	17.6	26.9	2.2774	3	21.2
4185	2012	211	15292.8	13.7	23.3	1.7011	2.9	5.3
4185	2012	212	20476.8	11.1	21.8	1.2145	3.5	0
4185	2012	213	20131.2	8.9	23.7	1.203	2.2	0
4185	2012	214	24796.8	11.9	27.8	1.4338	2	0
4185	2012	215	19180.8	15.3	28.9	1.6992	3.3	0
4185	2012	216	17020.8	16.6	24.3	1.7759	2.1	3.8
4185	2012	217	24364.8	13.7	27.5	1.526	2.4	0.5
4185	2012	218	14169.6	14.8	24.9	1.8038	1.7	5.2
4185	2012	219	11836.8	16.5	24.6	1.811	4.3	0
4185	2012	220	18748.8	14.3	22.2	1.3397	5.5	0
4185	2012	221	18576	13.6	22.7	1.3313	3.3	0
4185	2012	222	11750.4	12.4	21.8	1.4603	2.3	0
4185	2012	223	12355.2	12.6	20	1.24	2.8	0
4185	2012	224	14860.8	11.5	22.1	1.2609	2.9	0
4185	2012	225	20995.2	8.4	22.9	1.1364	3.5	0
4185	2012	226	22636.8	9.1	24	1.0342	3.5	0
4185	2012	227	23673.6	9.9	26.1	1.0922	2.7	0
4185	2012	228	23673.6	11.7	26.5	1.2141	3.3	0.2
4185	2012	229	11318.4	12.3	23.2	1.5823	2.2	4.7
4185	2012	230	19699.2	11.8	26.7	1.5374	1.3	0
4185	2012	231	22982.4	12.3	30.7	1.4078	1.8	0
4185	2012	232	22896	14.5	36.9	1.6145	2.1	0
4185	2012	233	19612.8	19.3	35.6	2.0085	3.2	0
4185	2012	234	16243.2	19.1	31	2.1875	2.7	0
4185	2012	235	18662.4	14	25.2	1.4346	3.8	0
4185	2012	236	22032	10.6	25.9	1.1723	2.1	7.4
4185	2012	237	7084.8	12.6	21.5	1.6887	2.1	4.9
4185	2012	238	15811.2	15.9	25.8	1.8202	3.6	0
4185	2012	239	12614.4	14.6	20.9	1.5417	5.7	3.8
4185	2012	240	17712	12	22	1.4318	2.3	0
4185	2012	241	12960	9.7	26.8	1.4025	2.2	0
4185	2012	242	15292.8	12.4	28.5	1.6079	1.9	0.6
4185	2012	243	6048	14.8	22.5	1.76	2.6	0.2
4185	2012	244	6480	12.3	20.3	1.5176	2.1	0.4
4185	2012	245	14515.2	9.8	20.9	1.2019	2.7	0
4185	2012	246	18662.4	7.5	22.9	1.2249	1.3	0
4185	2012	247	16329.6	11.1	24.6	1.4698	2.1	0
4185	2012	248	17971.2	10.8	25	1.454	1.1	0
4185	2012	249	4147.2	12.3	18.5	1.4504	1.9	0.4
4185	2012	250	12355.2	8.9	19.6	1.0386	2.8	0
4185	2012	251	11145.6	7.3	22.9	1.1313	3.4	0
4185	2012	252	17366.4	13.7	25.8	1.5169	3.3	0
4185	2012	253	17798.4	11	29.9	1.5359	2.1	0
4185	2012	254	17539.2	13.8	30.3	1.3234	2.6	0
4185	2012	255	10886.4	13.2	24.1	1.5239	3	7.9
4185	2012	256	6220.8	8.4	16	1.2352	2.7	3
4185	2012	257	16675.2	5.5	18.3	1.044	2	0
4185	2012	258	14169.6	7.6	20	1.119	6	0.1
4185	2012	259	4320	10.1	17.4	1.1625	3.6	0
4185	2012	260	16675.2	7.7	22.6	1.2381	2	0
4185	2012	261	14947.2	8.7	22.8	1.3581	1.7	0
4185	2012	262	13996.8	9.2	23.5	1.4111	3.3	0.8
4185	2012	263	13392	5.6	16.1	0.9349	3.5	0.1
4185	2012	264	12787.2	4.3	16.3	0.8512	2.7	0
4185	2012	265	11059.2	4.3	18.4	0.8591	1.8	0.6
4185	2012	266	10540.8	5.1	16.2	0.961	4.1	0
4185	2012	267	4579.2	3.8	14.9	0.8457	2	0
4185	2012	268	6652.8	8.8	20.1	1.2493	3.4	1.8
4185	2012	269	7948.8	9.6	22.3	1.3756	3.8	6.1
4185	2012	270	5875.2	11.7	20.6	1.4849	2.2	10.4
4185	2012	271	6825.6	10.8	15.7	1.2926	4.6	0
4185	2012	272	11577.6	9.3	17.9	1.1668	4.1	0
4185	2012	273	9244.8	7.4	18.8	1.1294	3.2	0
4185	2012	274	13824	4.3	16.9	0.9578	2.1	0
4185	2012	275	13132.8	3.7	19	1.0202	2	0
4185	2012	276	12268.8	6.7	19.6	1.1482	3.1	0
4185	2012	277	9072	9.3	19.6	1.1343	4	0
4185	2012	278	4665.6	8.1	17.1	1.1514	6.3	2.8
4185	2012	279	4492.8	7.2	17.5	1.2187	5.6	2.9
4185	2012	280	5529.6	5.9	19.3	1.2534	4.5	1.1
4185	2012	281	10195.2	4.4	14	0.9419	3.3	0
4185	2012	282	10886.4	3.2	13.9	0.8569	2.3	0
4185	2012	283	10713.6	1.9	13.7	0.8355	3	0
4185	2012	284	3628.8	2.2	11.3	0.8268	2.2	0
4185	2012	285	8380.8	3.5	13.9	0.8994	2.1	0
4185	2012	286	3715.2	1.3	11.2	0.875	2.3	3.5
4185	2012	287	9331.2	5.3	13.6	0.8987	3.6	1.6
4185	2012	288	8467.2	6.8	13	0.975	3.7	1.3
4185	2012	289	3110.4	3.3	10.4	0.8722	3.8	0
4185	2012	290	9331.2	2.1	13.5	0.825	3.3	0
4185	2012	291	7084.8	4.4	15.9	0.9419	2.5	0
4185	2012	292	6739.2	6.4	18.3	1.1327	1.6	0
4185	2012	293	9936	6.6	22.7	1.2988	1.5	0
4185	2012	294	9417.6	7.7	22.5	1.4056	1.7	0
4185	2012	295	7948.8	6.8	21.6	1.4396	2	0
4185	2012	296	2073.6	9.4	11.3	1.2058	3.5	0
4185	2012	297	2073.6	8.5	10.4	1.1471	2.7	0
4185	2012	298	1987.2	8.3	9.3	1.0979	1.1	0.3
4185	2012	299	3024	7.1	12.5	1.0654	3.3	0
4185	2012	300	4492.8	0.2	7.2	0.5812	4.5	1
4185	2012	301	1900.8	-0.3	3.6	0.5644	6.2	0.3
4185	2012	302	5616	-3.2	6	0.5814	1.8	0
4185	2012	303	6912	-7.2	5.5	0.4767	2.5	1.6
4185	2012	304	2246.4	2.5	5.8	0.7478	3.7	0.5
4185	2012	305	7257.6	1.3	11.9	0.7989	2.6	0
4185	2012	306	2678.4	1.9	10.2	0.7973	2.5	0.6
4185	2012	307	5529.6	5.5	10.9	0.7825	5	2.2
4185	2012	308	1641.6	5.2	8.5	0.8623	3.7	7.3
4185	2012	309	1641.6	5.6	9.4	0.9326	2.4	3.7
4185	2012	310	5184	3.6	10.6	0.8167	4.8	0.1
4185	2012	311	4752	2.8	7.9	0.7417	4.5	0.4
4185	2012	312	1555.2	5.8	10.8	0.952	6.9	0
4185	2012	313	1555.2	7.1	8.8	0.8548	5.9	0.2
4185	2012	314	2246.4	5	10.9	0.8548	3.2	0
4185	2012	315	1814.4	3	8.5	0.8269	1.2	7.2
4185	2012	316	1468.8	6.5	11.5	0.9981	2.2	0
4185	2012	317	2246.4	1.1	9.4	0.7898	1.9	0
4185	2012	318	5443.2	-2.7	8.2	0.6923	1.1	0
4185	2012	319	1382.4	-3.2	0.4	0.5516	0.8	0
4185	2012	320	1382.4	-1.9	0	0.5701	2	0
4185	2012	321	1382.4	-0.9	2	0.6231	1.7	0
4185	2012	322	5616	-0.2	5.8	0.65	3.7	0
4185	2012	323	1296	3.1	6.3	0.8199	2.4	0.6
4185	2012	324	1296	4.8	7.4	0.913	1.5	0
4185	2012	325	1296	1.9	4.9	0.7795	1.5	0
4185	2012	326	4752	1.3	9.7	0.8217	1.9	0
4185	2012	327	5184	0.4	10.2	0.7569	3.4	0
4185	2012	328	1209.6	-3.1	6.5	0.6769	1.4	0.9
4185	2012	329	1209.6	4.6	7.2	0.8912	1.7	0.3
4185	2012	330	2073.6	4.8	13.7	0.8867	4.2	0
4185	2012	331	1123.2	1.7	8.1	0.7621	1.5	1.2
4185	2012	332	1123.2	5.2	8.8	0.9113	1.4	2.7
4185	2012	333	1123.2	4.7	7	0.8881	3.2	5.5
4185	2012	334	1123.2	1.7	4.7	0.6917	5.6	2.2
4185	2012	335	1382.4	-3.2	2.9	0.5137	3	0
4185	2012	336	1382.4	-4.5	1	0.4677	2.4	0.1
4185	2012	337	1555.2	-1.5	1.8	0.5436	3.3	0.2
4185	2012	338	3715.2	-1.9	2.3	0.5393	3.4	0.2
4185	2012	339	1123.2	0.3	4.1	0.6299	5.8	0.1
4185	2012	340	2505.6	-3.7	2.2	0.4686	2.7	0.1
4185	2012	341	2764.8	-3.8	0	0.4253	4.7	0
4185	2012	342	3542.4	-8.1	0.1	0.3864	2.8	0
4185	2012	343	3369.6	-9.7	-3.3	0.3271	2.2	0
4185	2012	344	1036.8	-4.4	2.3	0.5037	5.6	4.4
4185	2012	345	1036.8	-1.5	2.1	0.5745	4.9	0.9
4185	2012	346	1468.8	-5.3	-1.3	0.412	3.9	0.4
4185	2012	347	1036.8	-5.9	-1.9	0.426	3.1	1.5
4185	2012	348	1555.2	-5	-1.2	0.4182	2.1	0
4185	2012	349	2678.4	-3.1	3.5	0.5083	2.2	5.1
4185	2012	350	1814.4	2.6	7.4	0.7936	2.8	0.1
4185	2012	351	2246.4	2	7.6	0.774	2.9	0.8
4185	2012	352	1296	2.1	6.3	0.7669	1.4	2.7
4185	2012	353	1036.8	3	6	0.7916	1.8	0
4185	2012	354	1036.8	1.5	4	0.7295	1.1	0.4
4185	2012	355	1641.6	0.2	3.1	0.6607	3.4	0
4185	2012	356	1036.8	-2.2	0.3	0.5473	4.6	4.2
4185	2012	357	1036.8	-2.2	3.2	0.6209	1.6	7.8
4185	2012	358	1036.8	2.4	11.5	0.978	3.8	11.4
4185	2012	359	1036.8	6.9	10.3	1.0497	2.3	0.3
4185	2012	360	1036.8	7.1	12.5	0.908	5.5	0.6
4185	2012	361	2592	4.7	8.6	0.8114	5.8	1.4
4185	2012	362	3628.8	5.2	9.1	0.8296	5.5	5.9
4185	2012	363	3974.4	-2.1	5.5	0.5664	3.3	0
4185	2012	364	1728	5.2	9.4	0.8279	3.3	0
4185	2012	365	3283.2	3.7	9	0.7278	5.8	1.1
4185	2012	366	1555.2	6.3	8.9	0.7825	7.3	0
