*---------------------------------------------------------------------------*
* Station name: ARTERN                                  
* Year: 1998
* Author: Pedro Alencar                                   -999.000: NIL VALUE
* Source: ECAD 
* Comments: 
* Longitude: 51.3756, latitude: 51.3756, altitude: 164 m.
*
* Column  Daily value
* 1       station number
* 2       year
* 3       day
* 4       irradiation                   (kJ m-2 d-1)
* 5       minimum temperature           (degrees Celsius)
* 6       maximum temperature           (degrees Celsius)
* 7       early morning vapour pressure (kPa)
* 8       mean wind speed (height: 2 m) (m s-1)
* 9       precipitation                 (mm d-1)
*
** WCCDESCRIPTION=GERMANY, ARTERN                                  
** WCCFORMAT=2
** WCCYEARNR=1998
*---------------------------------------------------------------------------*
   51.3756  11.2931    164.  -0.18 -0.55
4185	1998	1	2851.2	5	10.8	0.8838	1.8	0.6
4185	1998	2	2419.2	6	9.7	0.8172	5.1	0.1
4185	1998	3	3110.4	6.1	9.4	0.8011	7.9	2.3
4185	1998	4	2160	3.5	8.1	0.6822	7.6	0.1
4185	1998	5	3283.2	4.7	7.8	0.6562	9.5	0.5
4185	1998	6	1641.6	2.9	6.8	0.6904	7.9	0.8
4185	1998	7	1987.2	3	11.8	0.8851	5.5	2.4
4185	1998	8	3024	5.7	10.5	0.842	7.5	0.6
4185	1998	9	1123.2	9	11.6	1.0015	6.1	0
4185	1998	10	5011.2	4.6	11.9	0.9378	2.1	0
4185	1998	11	5011.2	-0.7	8.8	0.7507	1.2	0
4185	1998	12	4838.4	0.1	9.7	0.7188	1.3	0
4185	1998	13	4406.4	-0.3	8.8	0.7034	1.1	0
4185	1998	14	4752	1.2	10	0.7001	2.9	0.1
4185	1998	15	2246.4	2.2	7.2	0.6576	5.3	1.3
4185	1998	16	1555.2	5.3	7.9	0.8768	2.8	1.8
4185	1998	17	4406.4	3.3	7	0.6786	6	0
4185	1998	18	2764.8	1.5	6.4	0.6158	4.3	0.1
4185	1998	19	1296	2.2	5.2	0.7086	5.6	4.1
4185	1998	20	1382.4	0.7	4.6	0.6948	5	2.7
4185	1998	21	1382.4	-1	1.8	0.5472	4	0
4185	1998	22	1382.4	-1.7	1.1	0.55	4.9	0.3
4185	1998	23	1382.4	-1.3	1.3	0.5194	3.8	0.6
4185	1998	24	1468.8	-1.8	0.8	0.5538	3.6	1.7
4185	1998	25	4060.8	-6.7	-1.4	0.4031	5.4	0
4185	1998	26	1468.8	-9.2	-4.7	0.3414	1.3	0
4185	1998	27	3801.6	-7.3	-4.1	0.3678	1.9	0
4185	1998	28	1555.2	-8.8	0.2	0.4134	2.8	0.5
4185	1998	29	2073.6	-3	1.5	0.5264	2.4	0
4185	1998	30	2160	-5.5	1.5	0.4749	4.1	0
4185	1998	31	6739.2	-9.3	1.4	0.2692	4	0
4185	1998	32	6912	-13.6	-5	0.2238	1.2	0
4185	1998	33	6998.4	-12.9	-1.8	0.2219	3.9	0.1
4185	1998	34	5788.8	-5.1	1.7	0.4154	5.5	0
4185	1998	35	7430.4	-7.7	3.3	0.3796	3	0
4185	1998	36	3369.6	-5.3	4.5	0.4748	3.6	0
4185	1998	37	1814.4	1.6	4.1	0.5998	2.6	0
4185	1998	38	5443.2	-2.5	3.7	0.5233	2.9	0.3
4185	1998	39	4406.4	1.3	5	0.6356	4.3	0
4185	1998	40	3542.4	1.3	7.6	0.5875	4.3	0
4185	1998	41	8121.6	1.4	10.6	0.5889	3.8	0
4185	1998	42	7084.8	-0.8	10.3	0.6085	4.3	0
4185	1998	43	4406.4	7.2	13.1	0.8675	6.3	0
4185	1998	44	1987.2	9.4	12.2	1.1389	4.6	0
4185	1998	45	6912	9.7	16.6	1.1029	4.3	0
4185	1998	46	5961.6	7.1	16.2	0.8626	4.6	0
4185	1998	47	2160	8.5	12.5	0.8373	7.1	0.2
4185	1998	48	5702.4	3.2	9.2	0.6729	4.7	0
4185	1998	49	8208	2.1	12	0.7436	3	0.1
4185	1998	50	6048	0.3	10	0.6874	4	0
4185	1998	51	6998.4	1	12.1	0.7573	1.1	0
4185	1998	52	8899.2	1.8	17.1	0.8041	2.3	0
4185	1998	53	2332.8	7.3	12.3	0.9806	2.2	3.6
4185	1998	54	8899.2	3.3	9.9	0.7794	2.9	0.7
4185	1998	55	2419.2	3.2	10.4	0.8988	4.4	0.3
4185	1998	56	2505.6	8.4	11.4	1.1335	2.6	0
4185	1998	57	2505.6	7.7	11.4	1	3	0
4185	1998	58	2592	6.6	9.8	0.8477	7.6	0
4185	1998	59	5961.6	0.5	8.7	0.6361	8.9	2
4185	1998	60	6220.8	-0.7	5.6	0.5757	6.4	0.5
4185	1998	61	4492.8	1.3	9.2	0.7454	6.9	0.1
4185	1998	62	2851.2	6.6	12.5	0.9405	8.1	3.6
4185	1998	63	6393.6	10.6	18.1	1.1596	10.2	6.2
4185	1998	64	8553.6	2.9	10.6	0.7875	9	2.6
4185	1998	65	3024	1.8	6.3	0.7752	4.7	6.3
4185	1998	66	5702.4	6	10.8	0.9695	7.7	0.4
4185	1998	67	5184	0.2	10.5	0.7059	6.9	1.2
4185	1998	68	12960	-4	5.4	0.4307	3.7	0
4185	1998	69	6393.6	-1.5	4.4	0.631	2.8	0.8
4185	1998	70	11664	-3.5	5.3	0.4956	2.8	0
4185	1998	71	5443.2	-2.5	5.7	0.5212	2.4	0.1
4185	1998	72	9849.6	-2.9	6.6	0.5027	5.4	0.2
4185	1998	73	3888	4	6.8	0.7891	5.8	2.4
4185	1998	74	4752	4.1	9.9	0.8712	3.8	0.1
4185	1998	75	3542.4	5.2	10.1	0.9736	3.2	0
4185	1998	76	4060.8	7.7	10.2	1.0062	5.2	0
4185	1998	77	3628.8	6.7	10.5	0.8822	5.3	0.1
4185	1998	78	10972.8	1.6	7.8	0.6064	4.7	0.3
4185	1998	79	6825.6	3	6.2	0.5682	6.2	0.4
4185	1998	80	15552	-2.9	8.2	0.4435	3.6	0
4185	1998	81	9244.8	-2.7	6	0.53	1.7	4.4
4185	1998	82	13910.4	-0.5	5.2	0.5427	7.4	0
4185	1998	83	17107.2	-4	6.9	0.4546	3.5	0
4185	1998	84	17280	-4.7	8.9	0.3767	1.1	0
4185	1998	85	17107.2	-4.9	11.7	0.4365	1.5	0
4185	1998	86	4060.8	3	9.6	0.7253	4.2	0
4185	1998	87	9849.6	7	15.2	1.0694	2.1	0
4185	1998	88	17107.2	2.4	19.6	0.9443	2.2	0
4185	1998	89	12182.4	3.8	17.7	0.8514	2.1	0
4185	1998	90	14515.2	6.2	21	1.2602	1.2	0
4185	1998	91	9504	6.5	20.3	1.2439	2.1	2.5
4185	1998	92	7516.8	9	16.1	1.2493	3.3	5
4185	1998	93	4406.4	7.6	14.7	1.1524	3.8	2.5
4185	1998	94	5443.2	8.1	13.7	1.0553	5.5	0
4185	1998	95	16070.4	6.1	17.4	0.951	5.2	1.2
4185	1998	96	15984	5.1	15.6	0.8918	3.8	1.7
4185	1998	97	8294.4	5.6	11.3	0.9727	2.2	2.1
4185	1998	98	7171.2	5.3	9.4	0.9334	5.8	0.3
4185	1998	99	9072	3.2	11.4	0.9404	2.7	9.4
4185	1998	100	14947.2	3.4	17.3	0.9797	3.9	5.8
4185	1998	101	10800	5.7	11.9	0.815	4.9	0.6
4185	1998	102	7862.4	2.1	9.9	0.7104	3.6	0.1
4185	1998	103	20476.8	-0.2	11.3	0.5799	4.2	0
4185	1998	104	18662.4	-1	10.2	0.5512	3.6	0
4185	1998	105	9072	0.6	12.8	0.5592	3.6	0
4185	1998	106	15552	5.2	11.6	0.6279	5.7	0
4185	1998	107	14860.8	1.3	14.1	0.7248	3.3	0
4185	1998	108	9244.8	5.7	11.2	0.9064	3.1	0
4185	1998	109	10022.4	2.4	11	0.824	1.8	0
4185	1998	110	18144	1.5	15.7	0.7593	2.4	2.7
4185	1998	111	12787.2	7	13.7	1.0174	2.6	0
4185	1998	112	19872	2.1	16.1	0.8432	2	0
4185	1998	113	23328	4.6	19.9	0.8546	2.9	0
4185	1998	114	13478.4	7.3	17.8	1.0459	4	0
4185	1998	115	13478.4	7.8	18.4	1.1596	2.8	1.1
4185	1998	116	8985.6	10.6	18.2	1.2944	1.7	0.2
4185	1998	117	16761.6	11.4	20	1.4072	3.1	1.1
4185	1998	118	5529.6	10.6	15.4	1.3315	2.2	3.7
4185	1998	119	10713.6	10.2	17	1.3691	1.3	3.4
4185	1998	120	19353.6	9.9	21	1.3323	2.2	0
4185	1998	121	23932.8	8.9	21.7	1.2327	3.7	0
4185	1998	122	18489.6	10.6	20.3	1.4375	2.5	10
4185	1998	123	5788.8	10.6	14.2	1.2515	3.1	0.1
4185	1998	124	9331.2	4.5	11.9	0.7934	3.8	0
4185	1998	125	10800	3.9	14.4	0.8576	3.4	0.2
4185	1998	126	12960	8.6	14.5	1.0065	6.7	0
4185	1998	127	12700.8	10.2	17.7	1.1936	4.3	0
4185	1998	128	24105.6	8.8	22.9	1.205	2	0
4185	1998	129	25833.6	8.3	28	1.2897	1	0
4185	1998	130	26092.8	11	27.7	1.3676	1.5	0
4185	1998	131	26006.4	11.1	26.6	1.4127	1.3	0
4185	1998	132	25920	12	28.1	1.4985	2.1	0
4185	1998	133	25056	10.7	19.5	1.2684	5	0
4185	1998	134	27475.2	5.4	20.5	0.8798	4.1	0
4185	1998	135	23673.6	6.4	20.5	0.9706	3.3	0
4185	1998	136	26524.8	5.7	18.4	0.8856	3.7	0
4185	1998	137	20476.8	7.2	20.2	1.0335	3.3	0
4185	1998	138	26784	7.1	21.9	1.1049	1.6	0
4185	1998	139	22809.6	8.6	23.7	1.0266	1.4	0
4185	1998	140	17193.6	9.2	20.7	1.2223	1.6	4
4185	1998	141	12268.8	8.2	14.7	1.1485	3.2	1.3
4185	1998	142	16934.4	4.6	13.8	0.7675	5.1	0
4185	1998	143	12700.8	5.5	14.3	0.7922	3	0
4185	1998	144	13910.4	8.9	15.8	1.0467	3.4	0.3
4185	1998	145	9590.4	10.3	15	1.1844	3	1.3
4185	1998	146	18489.6	7.8	20.4	1.141	2.3	0
4185	1998	147	21168	9.5	22	1.3581	1.8	1.1
4185	1998	148	24364.8	9.2	25.8	1.5975	2.2	2.2
4185	1998	149	22723.2	14.1	26.8	1.8479	2.7	9.8
4185	1998	150	13737.6	14.7	22.3	1.7436	1.8	1.7
4185	1998	151	20476.8	12.4	24.6	1.6798	1.5	2.2
4185	1998	152	10022.4	11.9	16.6	1.5091	2.4	2.4
4185	1998	153	19440	7	24.8	1.3532	1.9	9.2
4185	1998	154	23414.4	14.9	24	1.5792	3.2	0
4185	1998	155	25833.6	11.3	24.6	1.3558	3	0
4185	1998	156	25488	11.4	26.7	1.5624	3.3	0
4185	1998	157	25142.4	15.8	31.7	2.024	1.8	0
4185	1998	158	17452.8	16	26.5	1.9914	2.8	6.5
4185	1998	159	19353.6	14.7	22.9	1.4083	3	0
4185	1998	160	15638.4	11	23.7	1.3253	3.7	0
4185	1998	161	10195.2	14	23.1	1.877	2.1	15.5
4185	1998	162	11059.2	12.4	18.8	1.6461	1.3	3.9
4185	1998	163	6739.2	9.3	17.4	1.347	3.7	1.7
4185	1998	164	23068.8	5.8	16.1	0.7843	2.5	0
4185	1998	165	22636.8	4.2	19.6	0.9048	1.8	0
4185	1998	166	18230.4	8.7	21.5	1.4056	2	7.1
4185	1998	167	13392	11.4	19.3	1.376	4.3	1.6
4185	1998	168	13046.4	10.7	17.8	1.282	4.4	3.9
4185	1998	169	13046.4	10.3	16.9	1.3224	2.9	1.4
4185	1998	170	8899.2	12.4	20.7	1.5608	2.5	0
4185	1998	171	24278.4	13.4	26.6	1.8207	1.6	0
4185	1998	172	27907.2	13.9	31.3	1.8884	1.1	3.5
4185	1998	173	21859.2	15.8	24	1.6007	5.1	0
4185	1998	174	18662.4	10.6	20.5	1.3409	2.5	2.4
4185	1998	175	9158.4	13.9	22	1.7461	2.8	1.4
4185	1998	176	23155.2	14.6	27.1	2.0661	2	4.5
4185	1998	177	23068.8	14.9	23.8	1.547	1.7	0.3
4185	1998	178	22723.2	16.8	26.8	1.7727	2.5	2.5
4185	1998	179	18489.6	15.1	21.7	1.4369	4.5	0
4185	1998	180	18316.8	11.3	21.8	1.2223	3.8	0
4185	1998	181	11664	13.5	20.5	1.6446	2.7	1.9
4185	1998	182	20649.6	14	21.1	1.3221	4.4	0
4185	1998	183	17452.8	9.8	21.3	1.2526	2	0
4185	1998	184	22377.6	11.4	21	1.2506	3.7	3.5
4185	1998	185	7776	11.7	17.7	1.3365	5.1	5
4185	1998	186	7344	13	19.2	1.6629	4.5	1.6
4185	1998	187	12355.2	13.8	20.1	1.5044	4.7	0.2
4185	1998	188	13219.2	11.4	16.7	1.1053	4	0
4185	1998	189	11923.2	9.7	15.9	1.1518	5.7	0.4
4185	1998	190	10713.6	10.8	15.2	1.3016	3.8	4.3
4185	1998	191	21168	14	22.6	1.5749	4	0.8
4185	1998	192	15292.8	14.5	20.9	1.7998	4.9	2.9
4185	1998	193	7689.6	12.2	19.6	1.6238	4.8	3.4
4185	1998	194	10368	13.7	23.3	1.7861	4	11.7
4185	1998	195	20908.8	10.5	18.9	1.3866	5.6	1.3
4185	1998	196	20044.8	10.5	21	1.3045	3.9	0.9
4185	1998	197	10108.8	10.9	18.5	1.42	3.5	0.2
4185	1998	198	19008	10.4	22.9	1.4004	2.8	0
4185	1998	199	20304	14.6	23.2	1.3735	4.1	0
4185	1998	200	25747.2	10.8	24.8	1.2617	2.9	0
4185	1998	201	27216	11.1	34	1.4461	2.1	0
4185	1998	202	19267.2	18.4	32.5	1.8505	2.9	1.1
4185	1998	203	22723.2	16	28.3	1.5712	1.7	0
4185	1998	204	20131.2	15.1	30.8	1.9567	2.4	8.1
4185	1998	205	19526.4	14.4	25.6	1.5639	3.1	4
4185	1998	206	14601.6	13.5	22.3	1.454	2.1	0
4185	1998	207	17107.2	13.2	24.6	1.5043	2.5	0
4185	1998	208	14342.4	15.3	27.1	1.7843	2.1	0
4185	1998	209	13046.4	15.2	23.9	1.7252	3.2	2.3
4185	1998	210	11577.6	13.7	20.8	1.7888	3.7	3.8
4185	1998	211	17712	14.5	24	1.582	4.8	0.9
4185	1998	212	21254.4	11.1	23	1.1646	5	0
4185	1998	213	22636.8	10.1	26.1	1.1613	1.9	1.6
4185	1998	214	11923.2	14.8	20	1.5677	2.9	0
4185	1998	215	10454.4	14.3	23	1.5239	1.6	0
4185	1998	216	12268.8	14	21.9	1.5818	4.2	0.7
4185	1998	217	17712	10.3	21.2	1.2509	4.1	0
4185	1998	218	23500.8	10.1	26.8	1.2506	2.9	0
4185	1998	219	23328	12.6	29.7	1.4281	3.1	0
4185	1998	220	24364.8	14.6	33.3	1.5438	2.6	0
4185	1998	221	20995.2	16	26.6	1.2642	3.2	0
4185	1998	222	25401.6	10.5	29.5	1.0037	2.4	0
4185	1998	223	24278.4	13.6	34.7	1.2018	2.8	0
4185	1998	224	17798.4	16.3	36.4	1.8146	2	3.6
4185	1998	225	17452.8	17.4	24.5	1.3117	4.4	0
4185	1998	226	18748.8	11.1	23.3	1.0973	2.4	0
4185	1998	227	19440	11.8	29.3	1.3281	1.5	0
4185	1998	228	12009.6	16.5	25.9	1.5832	1.8	0
4185	1998	229	22550.4	11.6	29.9	1.149	1.6	0
4185	1998	230	22204.8	12.3	27.3	1.268	2.2	0
4185	1998	231	21427.2	14.5	25	1.1722	2.2	0
4185	1998	232	21945.6	9	28.3	1.0946	2.5	0
4185	1998	233	5270.4	15.1	20.5	1.4856	6.2	4.1
4185	1998	234	10800	12.2	19	1.3098	5.8	1
4185	1998	235	11318.4	9.8	19.2	1.1379	5.4	4.2
4185	1998	236	10800	11.7	18.8	1.4192	7.5	1.4
4185	1998	237	6912	10.1	17.7	0.9835	5.7	0
4185	1998	238	5011.2	11.4	14	1.3057	2.8	22.5
4185	1998	239	10972.8	8.4	16.1	1.111	4.3	0.8
4185	1998	240	5529.6	9.1	14.9	1.0649	5.2	0.4
4185	1998	241	8467.2	10.7	16.5	1.2135	4.4	0.2
4185	1998	242	7084.8	7.8	15.7	1.0475	2.3	0
4185	1998	243	12009.6	9.5	19.3	1.3108	1.3	0.5
4185	1998	244	13305.6	6.6	20.1	1.0868	1.8	0
4185	1998	245	5875.2	11.3	18.8	1.3327	2.6	0
4185	1998	246	4233.6	13.5	20.9	1.5872	3.4	16.1
4185	1998	247	4233.6	14.5	18.8	1.6653	2	2.2
4185	1998	248	4147.2	12.9	18.6	1.6798	2.1	12.5
4185	1998	249	7689.6	13.7	20.2	1.6587	2	0
4185	1998	250	10022.4	12.9	21.5	1.548	1.2	0
4185	1998	251	10195.2	14.3	21	1.653	2.6	0
4185	1998	252	11059.2	14.2	23.6	1.5479	4.8	5.5
4185	1998	253	9763.2	15.7	22.1	1.6569	4.9	0
4185	1998	254	7430.4	13.7	19.4	1.4855	3.5	0.8
4185	1998	255	3888	11.4	15.2	1.3273	2.4	3.6
4185	1998	256	7171.2	8.6	13.9	0.9601	3.7	1.7
4185	1998	257	4838.4	7.3	11	1.0083	5.3	23.1
4185	1998	258	5875.2	9.6	13.9	1.1715	5.5	2.8
4185	1998	259	11318.4	10.3	16.4	1.1633	6.4	12.9
4185	1998	260	5443.2	9.5	14.5	1.233	5.6	3.2
4185	1998	261	3542.4	8.9	15.1	1.0649	2.7	0
4185	1998	262	12182.4	7.5	18.5	1.1819	1.6	0
4185	1998	263	12528	8.4	18.3	1.1939	1.8	0
4185	1998	264	10800	7.4	18.5	1.1632	2.4	0
4185	1998	265	11577.6	10.6	16.7	1.3423	3.8	0
4185	1998	266	4320	10.5	13.4	1.229	3.4	0
4185	1998	267	6739.2	7.4	13.6	1.1418	2	0
4185	1998	268	9936	7.1	18.4	1.31	1	0.1
4185	1998	269	9417.6	8.2	21.3	1.3408	1.2	0
4185	1998	270	9676.8	12.5	21.8	1.5431	1.7	0.9
4185	1998	271	10454.4	10.9	19.6	1.4192	2.2	0.1
4185	1998	272	5443.2	12.4	19	1.5319	1.5	0.1
4185	1998	273	4406.4	10.1	16.5	1.3121	3.9	1.5
4185	1998	274	2937.6	7.1	11.9	1.1035	6.6	21.7
4185	1998	275	2937.6	2.3	7.1	0.7772	6.6	4.8
4185	1998	276	2851.2	3.7	5.6	0.8	3.6	1
4185	1998	277	2851.2	4.5	8.5	0.9095	3.9	0.4
4185	1998	278	2764.8	6.8	8.2	0.9326	5.6	0
4185	1998	279	2764.8	4.3	7.1	0.7965	8.1	0.1
4185	1998	280	2678.4	5.3	8.1	0.9221	3.6	15.1
4185	1998	281	7516.8	7.4	14.3	1.0778	2.4	0
4185	1998	282	3888	8.7	13.3	1.1148	1.9	0
4185	1998	283	2592	9.8	11.7	1.0448	7.5	1.7
4185	1998	284	2505.6	9.1	11.9	1.053	6.6	1.9
4185	1998	285	4665.6	7.5	11.4	0.9933	4.8	3.3
4185	1998	286	8899.2	6.9	13.6	0.9607	5.1	0
4185	1998	287	2419.2	9.2	14.4	1.2169	7.2	0.2
4185	1998	288	9158.4	8.1	16.2	1.0471	4.2	0
4185	1998	289	10195.2	5.7	15.5	0.9834	2.5	0
4185	1998	290	7344	12.1	19.3	1.4072	6.1	1.4
4185	1998	291	7776	4.3	12.1	0.739	5	0
4185	1998	292	7603.2	-0.8	12.4	0.7283	1.4	0
4185	1998	293	5702.4	3.3	9.1	0.7866	4.2	0.6
4185	1998	294	5529.6	2.2	13.8	0.7398	4.2	0.2
4185	1998	295	6134.4	10.8	16	1.1825	6.9	0
4185	1998	296	4492.8	10.5	16.4	1.1709	5.5	11.6
4185	1998	297	6480	10.7	14.8	1.0892	4.9	6.8
4185	1998	298	5097.6	7.9	12.6	0.8858	7.9	2.4
4185	1998	299	5011.2	5.3	10.2	0.8222	6	1.3
4185	1998	300	3628.8	4.2	11.7	0.9189	7.5	4.2
4185	1998	301	3024	10.4	15	1.115	12.8	9.3
4185	1998	302	5270.4	5	11.8	0.7932	8	5
4185	1998	303	2678.4	4.4	7.4	0.7427	6.9	1.2
4185	1998	304	6134.4	3.8	7.9	0.7586	6.7	10.4
4185	1998	305	2592	4.2	9.1	0.831	5.3	10.7
4185	1998	306	4406.4	4.2	8.5	0.7469	4.4	2.2
4185	1998	307	4924.8	4.5	11	0.8011	5.9	0.8
4185	1998	308	5788.8	5	10.8	0.8519	5.3	2.4
4185	1998	309	5184	2.7	6.9	0.6536	6.5	0
4185	1998	310	4838.4	4.1	10.5	0.7768	7.1	2.7
4185	1998	311	5702.4	1.4	9.6	0.7494	2	0
4185	1998	312	4320	0.3	8	0.7067	1.6	0.9
4185	1998	313	1555.2	4.5	10.2	0.9744	1.9	5.5
4185	1998	314	1900.8	8.1	10.4	1.0967	2.5	1.4
4185	1998	315	4060.8	2.9	9	0.7825	4.1	0
4185	1998	316	1468.8	0.2	4.2	0.6371	2.3	0
4185	1998	317	2764.8	-3.2	4.4	0.5807	0.9	0.1
4185	1998	318	3974.4	2.2	7.2	0.7515	2.2	8.2
4185	1998	319	1382.4	2.2	4.2	0.6994	1.7	0.3
4185	1998	320	1382.4	0.9	3.3	0.6397	1.8	1.6
4185	1998	321	1382.4	-0.8	2	0.5041	3.7	0.4
4185	1998	322	3628.8	-1.9	2.1	0.5231	1.4	0
4185	1998	323	3888	-1.9	1.5	0.4757	2	0
4185	1998	324	3715.2	-3.2	2.3	0.4908	2.7	0
4185	1998	325	3974.4	-5.6	-2	0.3738	3.1	0
4185	1998	326	3974.4	-7.6	-4.2	0.3189	3.3	0
4185	1998	327	1209.6	-7.7	-3.3	0.3572	2.7	1.4
4185	1998	328	1468.8	-5.3	-1.8	0.4232	1	0
4185	1998	329	1209.6	-2	-0.2	0.5131	0.5	0
4185	1998	330	1209.6	-0.9	0.8	0.5418	1.8	0.9
4185	1998	331	1123.2	-0.6	2.3	0.6108	2	1.1
4185	1998	332	1123.2	1	3.4	0.6657	1	0
4185	1998	333	1123.2	-2.3	1.8	0.558	2.9	0
4185	1998	334	1123.2	-1.1	0	0.5459	6.2	0
4185	1998	335	1123.2	-4.4	-0.4	0.4099	6.5	0.1
4185	1998	336	1123.2	-5	-3	0.3864	5.8	0
4185	1998	337	1123.2	-5.3	-2.7	0.4183	1.5	0
4185	1998	338	1123.2	-2.7	-1.3	0.4697	3.4	0.5
4185	1998	339	1123.2	-1.9	1.2	0.4944	5.2	0
4185	1998	340	1123.2	-1.9	0.4	0.4454	6.6	0
4185	1998	341	4060.8	-5.6	0	0.373	5	0
4185	1998	342	4579.2	-7	-0.7	0.3724	2.1	0
4185	1998	343	1641.6	-10.7	-2.5	0.3171	1.4	0
4185	1998	344	4406.4	-7.8	0.5	0.3781	1.4	0
4185	1998	345	3542.4	-9.4	-5.3	0.2993	2.3	0
4185	1998	346	1036.8	-5.3	4	0.5245	2.9	3.8
4185	1998	347	2505.6	4	8.6	0.7062	9.7	0.7
4185	1998	348	1036.8	4	7.3	0.8211	4	0.4
4185	1998	349	1036.8	7.2	10.3	1.0153	3.9	1.7
4185	1998	350	2592	4.8	8.8	0.8001	5	0
4185	1998	351	4233.6	1.2	8.6	0.6928	2.7	0
4185	1998	352	3974.4	-0.2	6.1	0.6116	4.4	1.7
4185	1998	353	2851.2	2.8	8.3	0.7339	6.4	0.5
4185	1998	354	1036.8	-0.1	5.1	0.6289	4.1	0.2
4185	1998	355	3024	-1.2	3	0.5413	3.5	0
4185	1998	356	1036.8	-0.4	1.6	0.5616	2.7	0.3
4185	1998	357	4060.8	-1.4	3.5	0.5406	2.3	0
4185	1998	358	1036.8	-2.9	1.8	0.4931	3	0
4185	1998	359	1036.8	0.8	3.9	0.5788	6	0
4185	1998	360	4060.8	3.5	9.1	0.7348	7.9	0.3
4185	1998	361	2160	7.4	11.6	0.8899	8.8	0
4185	1998	362	3715.2	7.1	12.2	0.839	5.6	0.1
4185	1998	363	3888	0.7	7.3	0.7156	2.3	0
4185	1998	364	4147.2	-1.8	3.5	0.5848	1.2	0
4185	1998	365	1036.8	-4.7	-0.8	0.4742	0.6	0
