*---------------------------------------------------------------------------*
* Station name: ARTERN                                  
* Year: 1980
* Author: Pedro Alencar                                   -999.000: NIL VALUE
* Source: ECAD 
* Comments: 
* Longitude: 51.3756, latitude: 51.3756, altitude: 164 m.
*
* Column  Daily value
* 1       station number
* 2       year
* 3       day
* 4       irradiation                   (kJ m-2 d-1)
* 5       minimum temperature           (degrees Celsius)
* 6       maximum temperature           (degrees Celsius)
* 7       early morning vapour pressure (kPa)
* 8       mean wind speed (height: 2 m) (m s-1)
* 9       precipitation                 (mm d-1)
*
** WCCDESCRIPTION=GERMANY, ARTERN                                  
** WCCFORMAT=2
** WCCYEARNR=1980
*---------------------------------------------------------------------------*
   51.3756  11.2931    164.  -0.18 -0.55
4185	1980	1	1900.8	-0.1	2.1	0.4926	4.8	0.1
4185	1980	2	1036.8	-1.7	-0.1	0.4406	5	0.1
4185	1980	3	3974.4	-5	-1.3	0.3828	2.8	0
4185	1980	4	3715.2	-10.2	-0.1	0.3543	1.5	1.9
4185	1980	5	1123.2	-1.1	1.7	0.537	1.5	0.1
4185	1980	6	1123.2	1.2	2.5	0.5795	1.2	0.8
4185	1980	7	1123.2	0.1	2.5	0.6175	1	2.4
4185	1980	8	1123.2	-2.4	0.3	0.5207	2.9	0.1
4185	1980	9	1123.2	-2.9	-2.1	0.4679	2.6	0
4185	1980	10	1209.6	-4.8	-2.4	0.4029	4	0.2
4185	1980	11	1209.6	-7.5	-3	0.3392	4.8	0.1
4185	1980	12	1209.6	-11.6	-6.9	0.252	5.4	0.1
4185	1980	13	1209.6	-12.9	-10.1	0.2235	1.5	0.1
4185	1980	14	4147.2	-15.6	-6.7	0.235	1.6	0
4185	1980	15	4147.2	-13.7	-7.6	0.231	0.7	0.1
4185	1980	16	1296	-12.2	-2.3	0.3052	2.8	0.4
4185	1980	17	1296	-6.2	-2.3	0.3882	3.3	0
4185	1980	18	1296	-6.9	-4.9	0.3425	1.7	0
4185	1980	19	1296	-9.3	-6.5	0.3138	0.1	0
4185	1980	20	3715.2	-10	-5.4	0.3085	0.7	0
4185	1980	21	1814.4	-9.3	-5.7	0.3202	1.2	0.4
4185	1980	22	3628.8	-8.4	5.7	0.4097	3.6	0.3
4185	1980	23	1382.4	1.4	3.7	0.5504	2.7	0.4
4185	1980	24	1468.8	-2.5	2.2	0.5379	0.5	1
4185	1980	25	2764.8	0.1	4.1	0.6184	2.7	1
4185	1980	26	3283.2	-2.7	1.5	0.4562	5	1.3
4185	1980	27	5702.4	-5.5	0.3	0.3786	4.5	0
4185	1980	28	3542.4	-12.4	-3.7	0.2835	0.4	1
4185	1980	29	1555.2	-5	-0.5	0.4093	1.6	0
4185	1980	30	1555.2	-0.7	5.1	0.5655	6.2	0.5
4185	1980	31	1641.6	3.9	8	0.7452	5.1	3.8
4185	1980	32	4492.8	-0.9	8	0.5357	8	1.1
4185	1980	33	1641.6	-2.2	4.3	0.5274	3.4	1.7
4185	1980	34	2851.2	1.5	4.4	0.5965	5.8	10.4
4185	1980	35	1728	-0.4	2.9	0.5618	3.9	3.8
4185	1980	36	1728	-0.5	7	0.6633	3.6	5.6
4185	1980	37	1814.4	5.2	6.7	0.7918	1.7	0.8
4185	1980	38	2764.8	3.2	7	0.7201	1.7	0.6
4185	1980	39	3974.4	3.8	6.9	0.7059	3.3	0
4185	1980	40	3110.4	2.6	8.4	0.7224	0.6	0
4185	1980	41	1900.8	1.8	9.7	0.6982	2.3	0
4185	1980	42	3542.4	1.9	8.7	0.6768	3.2	0.3
4185	1980	43	2851.2	1.8	5.8	0.6254	2.8	0
4185	1980	44	4579.2	0.2	6.2	0.6379	1.1	0
4185	1980	45	2764.8	1.2	6	0.6641	0.6	0
4185	1980	46	4147.2	-3.7	5	0.5572	0.4	0
4185	1980	47	3888	2.5	7	0.7285	2.2	0
4185	1980	48	2160	2.2	6	0.6223	2.5	0
4185	1980	49	2246.4	0.7	2.8	0.5615	2.3	0.2
4185	1980	50	9244.8	-2.4	4.1	0.4678	2.7	0
4185	1980	51	8899.2	-2.7	6.8	0.517	2	0
4185	1980	52	8985.6	-2.6	7.9	0.5618	2.1	0
4185	1980	53	4492.8	-3.9	2.8	0.5166	0.7	0
4185	1980	54	2419.2	-5	2.3	0.5149	0.3	0
4185	1980	55	8467.2	-3.7	6.4	0.5726	2.2	0
4185	1980	56	9849.6	-3.3	9.5	0.6105	0.5	0
4185	1980	57	4060.8	-4	4.8	0.5912	1.1	0
4185	1980	58	2592	-2.4	0.1	0.5112	2.2	0
4185	1980	59	2592	-2.5	-0.1	0.4612	1.4	0
4185	1980	60	8467.2	-0.1	8	0.632	5.1	0.2
4185	1980	61	6220.8	3.7	8.4	0.6847	7	0
4185	1980	62	2851.2	1.5	6.1	0.5693	6.7	0.5
4185	1980	63	11923.2	-2.2	4.9	0.458	7.3	0.5
4185	1980	64	7862.4	-5.7	1.7	0.438	3.5	0.2
4185	1980	65	8726.4	-5.1	4.4	0.4884	2.7	0
4185	1980	66	4752	-2.2	9	0.569	3.3	4
4185	1980	67	3628.8	5	9.5	0.7946	4.1	1.7
4185	1980	68	7171.2	0.2	10.1	0.6609	0.6	0
4185	1980	69	3196.8	3	6.7	0.699	4	0.2
4185	1980	70	3715.2	2	5.5	0.6552	1.1	0.2
4185	1980	71	7430.4	1	5.8	0.6002	3	0
4185	1980	72	4147.2	1.5	6.4	0.6239	2	0.1
4185	1980	73	6998.4	2.2	8	0.6147	5	0
4185	1980	74	3974.4	0.3	7.8	0.6283	6.6	0
4185	1980	75	9763.2	0.6	10.2	0.6367	7.1	0
4185	1980	76	9936	1	10.7	0.6661	5.2	0
4185	1980	77	3628.8	0.2	7.3	0.6871	3.4	0
4185	1980	78	10454.4	-0.4	6.9	0.4936	7.7	1.1
4185	1980	79	3715.2	-2.9	4.1	0.5233	10	2.2
4185	1980	80	10281.6	-6.1	-0.2	0.3634	9.3	0
4185	1980	81	7603.2	-8.4	0.1	0.3192	5.3	0
4185	1980	82	5270.4	-4.4	3.6	0.4629	3.3	0.9
4185	1980	83	12873.6	-3.9	7.1	0.5143	5.4	0
4185	1980	84	3974.4	0	5.1	0.5725	4.8	0
4185	1980	85	9072	-2.7	6	0.5506	2.6	0
4185	1980	86	9504	-0.7	11.3	0.6946	1.3	0.6
4185	1980	87	4147.2	2	9.8	0.7148	1.9	1.7
4185	1980	88	6739.2	9.3	17.1	1.0762	5.8	2.7
4185	1980	89	13219.2	8	14.1	0.8685	7.1	2.7
4185	1980	90	10627.2	4.8	8.3	0.6699	7.8	0
4185	1980	91	15984	1.8	12.6	0.6599	3	0
4185	1980	92	5011.2	4.7	12.3	0.8651	1.9	11.1
4185	1980	93	4406.4	4.7	11.5	0.788	10.2	2.6
4185	1980	94	4492.8	2.1	6.8	0.6462	8.4	2.2
4185	1980	95	6998.4	1.3	5	0.6356	5.1	1.2
4185	1980	96	9158.4	0.7	7.6	0.5752	5.3	0
4185	1980	97	14947.2	-0.6	8.3	0.5552	3.7	0
4185	1980	98	13564.8	-0.4	12.8	0.5971	2.2	0
4185	1980	99	14515.2	3.1	10.4	0.6989	6.3	3.2
4185	1980	100	7948.8	1.4	8.2	0.6364	5.5	0.5
4185	1980	101	4838.4	1	8.1	0.6592	4.1	0.8
4185	1980	102	6220.8	4.5	10.9	0.7563	3.4	0
4185	1980	103	11664	3.9	12.8	0.7136	1.7	0
4185	1980	104	20131.2	1.4	16	0.6746	1.8	0
4185	1980	105	20908.8	2.5	18.9	0.72	1.3	0
4185	1980	106	20908.8	4.1	19.7	0.7238	2.2	0
4185	1980	107	21600	5.9	21.1	0.7419	3.1	0
4185	1980	108	20995.2	5.1	23	0.7208	2.8	0
4185	1980	109	11318.4	5.3	18.6	0.8798	6.6	0
4185	1980	110	13996.8	2.1	10.4	0.6182	11.5	2.8
4185	1980	111	13824	0.4	7.7	0.563	5.1	0.2
4185	1980	112	15206.4	0.7	8.7	0.6064	3.2	0.3
4185	1980	113	19440	-0.6	9.7	0.524	3.5	0
4185	1980	114	5356.8	3	8.1	0.5436	8.7	1.5
4185	1980	115	5443.2	4.3	8.7	0.716	8.2	15.9
4185	1980	116	5443.2	2.6	5.6	0.6879	1.6	2.2
4185	1980	117	12700.8	0.6	10.4	0.7675	2.4	8.5
4185	1980	118	5529.6	5.6	9.1	0.8821	3.4	9.2
4185	1980	119	5616	5	9.7	0.8308	4	0
4185	1980	120	14083.2	2.8	13.2	0.8255	0.8	0.8
4185	1980	121	16675.2	6.7	16	0.9396	3.7	0
4185	1980	122	20304	8.1	16.7	0.9782	8	0
4185	1980	123	8726.4	5.6	14.5	0.9726	6.5	0
4185	1980	124	20304	1.5	10.7	0.6212	7.3	0
4185	1980	125	18835.2	0.1	9.9	0.5581	5.5	0
4185	1980	126	22982.4	-1.3	9.8	0.5213	4	0
4185	1980	127	22896	0.7	15.9	0.6456	3.5	0
4185	1980	128	7948.8	6.2	16.7	0.9459	2.4	0
4185	1980	129	13651.2	5.6	15.8	0.9642	1.5	4.6
4185	1980	130	21772.8	5.4	13.2	0.7844	5	0
4185	1980	131	26524.8	1.8	15.3	0.6566	3.5	0
4185	1980	132	26438.4	4	18	0.7345	4.3	0
4185	1980	133	26784	6.3	17.6	0.81	5.9	0
4185	1980	134	26956.8	4.1	16.7	0.6805	8.1	0
4185	1980	135	27043.2	4.4	14.8	0.657	6.9	0
4185	1980	136	25401.6	2	13.4	0.5778	4.3	0
4185	1980	137	26697.6	1.3	15.3	0.6128	2.3	0
4185	1980	138	20995.2	3.4	17.3	0.8164	2.4	0
4185	1980	139	24624	8.6	18.5	1.039	3.6	0
4185	1980	140	25920	6.3	21.1	1.0022	1.3	0.2
4185	1980	141	24969.6	10.5	22.6	1.053	1.9	0
4185	1980	142	26697.6	6.3	19.5	0.9216	4.8	0
4185	1980	143	19612.8	4.5	16	0.7985	5.1	0
4185	1980	144	26092.8	1	16	0.5878	1.8	1.3
4185	1980	145	17712	8.1	16.6	1.0036	2.6	0
4185	1980	146	9331.2	6.5	13.5	0.957	3.3	0
4185	1980	147	22982.4	7.5	17.8	0.9797	1.2	0
4185	1980	148	24883.2	7.5	23.9	1.0688	1.2	0.4
4185	1980	149	12960	11.4	20.4	1.3712	2.1	5
4185	1980	150	15292.8	12.2	20.1	1.4116	1.6	2.7
4185	1980	151	8208	10.7	16.7	1.2997	4.7	7.4
4185	1980	152	19526.4	4.4	16.1	0.8734	1.2	0.1
4185	1980	153	8121.6	7.6	15.3	0.9864	2.4	0
4185	1980	154	27216	5.9	17.5	0.8517	6.8	0
4185	1980	155	27561.6	7.8	20.8	0.9605	6.2	0
4185	1980	156	18489.6	12	21.5	1.3141	3.2	0
4185	1980	157	26784	11.2	25.5	1.4324	2.5	0
4185	1980	158	27216	13.6	23.8	1.3564	2.4	0
4185	1980	159	24364.8	12	23.7	1.3269	2.5	1.5
4185	1980	160	14688	14	21.4	1.5976	1.6	0
4185	1980	161	15206.4	15.3	23.8	1.6344	3.8	0
4185	1980	162	19440	13.9	24.7	1.7657	2.5	18
4185	1980	163	6739.2	14.7	18	1.6525	3.1	0.2
4185	1980	164	27475.2	11.8	23.5	1.391	2	0
4185	1980	165	17539.2	12.3	24.7	1.5097	1.6	0
4185	1980	166	20995.2	14.7	30.9	1.7729	2.4	8.9
4185	1980	167	16502.4	14.6	27.5	1.9671	6	0.4
4185	1980	168	25315.2	12.9	22.5	1.4156	4	0
4185	1980	169	15724.8	14.2	21.1	1.5522	2.5	0.4
4185	1980	170	9504	12.4	17.8	1.3541	3.5	0
4185	1980	171	20390.4	11	21.4	1.3793	4.6	3.3
4185	1980	172	22118.4	10.5	16	1.1253	5.3	0.9
4185	1980	173	14256	9.2	16.3	1.0156	4	0.2
4185	1980	174	16934.4	8.8	18.8	1.1821	2.9	0.5
4185	1980	175	20649.6	8	18.4	1.1217	3.2	0.5
4185	1980	176	20476.8	9.6	18.2	1.1422	3.6	2.3
4185	1980	177	17798.4	10.9	17.3	1.2856	4.3	1.6
4185	1980	178	17625.6	8.1	18.5	1.2358	1.9	2.4
4185	1980	179	16502.4	10.1	18	1.2495	3.8	0.6
4185	1980	180	13564.8	8.3	15.4	1.1099	4.2	5.2
4185	1980	181	14688	10.4	15.4	1.204	3.8	0.2
4185	1980	182	6739.2	10.4	13.6	1.163	4.2	0.9
4185	1980	183	9936	8.7	16.1	1.1796	2.3	4.2
4185	1980	184	9849.6	10	15.6	1.2404	2.6	6.2
4185	1980	185	14342.4	12.1	18.6	1.4457	4.6	2.5
4185	1980	186	18316.8	10.2	18.6	1.2617	2.5	0
4185	1980	187	10713.6	11.6	17.7	1.3988	1.6	2.9
4185	1980	188	21600	11	19.5	1.1942	1.4	0.2
4185	1980	189	13219.2	10.7	18.9	1.3283	2.3	2.9
4185	1980	190	12700.8	12.1	19.9	1.4344	3.4	0.2
4185	1980	191	15033.6	12.3	18.9	1.2744	3.5	0
4185	1980	192	14342.4	12.9	19.2	1.3844	4.5	2
4185	1980	193	6566.4	13.2	16.9	1.5548	2.5	9.2
4185	1980	194	12700.8	11.3	17.1	1.294	3.3	0.8
4185	1980	195	11577.6	9.5	14.9	1.2068	3.6	0.9
4185	1980	196	8553.6	7.9	17.8	1.2889	1.8	3.4
4185	1980	197	11145.6	11.3	17.9	1.4109	2.2	2.5
4185	1980	198	15033.6	11.9	16	1.1459	5.2	0
4185	1980	199	12009.6	9.4	16.5	0.9991	4.5	0.4
4185	1980	200	13046.4	11.6	20	1.237	5.4	1.5
4185	1980	201	6393.6	12.4	16.8	1.4275	4.8	5.1
4185	1980	202	9676.8	15.3	20.3	1.5873	4.4	1
4185	1980	203	6307.2	12.3	17.2	1.324	6.4	4.8
4185	1980	204	19699.2	10.5	19.5	1.09	4.5	0
4185	1980	205	26179.2	6.8	22.1	1.1178	0.7	0
4185	1980	206	23673.6	9.6	27	1.3439	1.9	0
4185	1980	207	24969.6	12.8	25.9	1.4797	1.4	0
4185	1980	208	26006.4	12.7	27.6	1.5313	2.7	0
4185	1980	209	22636.8	14.6	28.1	1.8007	2.8	0
4185	1980	210	16243.2	17.2	25.1	1.9542	2.4	0
4185	1980	211	11923.2	16.3	24	1.8847	2.8	13.5
4185	1980	212	6048	15.9	21.9	1.8749	2	9
4185	1980	213	19872	15.3	23.1	1.5771	2.8	0
4185	1980	214	20563.2	10.7	24.1	1.3891	0.8	0
4185	1980	215	21686.4	13	30	1.6637	0.8	0
4185	1980	216	15552	16.6	31.8	2.1095	1.3	0.2
4185	1980	217	19958.4	17.8	27.5	1.8117	3.2	0.4
4185	1980	218	17625.6	16.2	24.8	1.5888	4.8	1.5
4185	1980	219	11491.2	13.5	22.2	1.3269	5.2	0
4185	1980	220	24019.2	12.6	26.7	1.5075	3	0
4185	1980	221	10108.8	15.2	24.8	1.774	2.5	0.2
4185	1980	222	17625.6	14.6	21	1.2414	3.5	0
4185	1980	223	12355.2	8.8	20.8	1.1601	0.9	0
4185	1980	224	16848	13.7	24.3	1.3601	1.3	6.6
4185	1980	225	12182.4	14.1	21.8	1.705	3.9	15.9
4185	1980	226	13824	10.7	20.3	1.2662	3.8	0
4185	1980	227	18576	10.2	23.6	1.3843	0.8	0
4185	1980	228	21600	11.9	25.6	1.4687	3.1	0
4185	1980	229	20044.8	14.7	27.3	1.7625	2.9	0
4185	1980	230	20390.4	14.3	27.7	1.5143	1.3	0
4185	1980	231	19008	14.5	26.9	1.511	1.2	0
4185	1980	232	8899.2	16.3	22.6	1.7597	1.5	4
4185	1980	233	5270.4	14.4	21.2	1.4856	5.5	0.5
4185	1980	234	17712	16.3	22	1.4172	10.4	2.3
4185	1980	235	14947.2	12.3	16.3	0.9768	8.6	1.2
4185	1980	236	6652.8	11.2	14.6	1.0553	6.6	0.5
4185	1980	237	15206.4	8.8	16	0.9926	5.9	0.3
4185	1980	238	18230.4	7.3	17.5	0.935	3.8	0
4185	1980	239	20390.4	4.2	20.6	0.9494	1.5	0
4185	1980	240	20044.8	7.6	24.6	1.0964	1.7	0
4185	1980	241	14774.4	10.3	25.9	1.3272	1.8	0
4185	1980	242	13996.8	15.2	25.2	1.5833	3.5	3.2
4185	1980	243	13824	17.4	22.5	1.6522	6.5	1.3
4185	1980	244	7344	12.5	17.9	1.4319	3.9	6.6
4185	1980	245	12787.2	12	16.8	1.2617	5.2	1
4185	1980	246	19180.8	4.9	18.8	0.9573	1	0
4185	1980	247	18921.6	4.7	23.8	1.0386	1.5	0
4185	1980	248	18576	10.5	26.9	1.3564	2.5	0
4185	1980	249	8208	13.9	24.2	1.6944	2	5.4
4185	1980	250	8121.6	13.7	18.1	1.4795	3.8	2.3
4185	1980	251	15033.6	10.1	21.7	1.3532	1.4	0
4185	1980	252	18057.6	10.6	24.6	1.2861	1.5	0
4185	1980	253	7689.6	12.1	20.1	1.4253	3.8	4.5
4185	1980	254	8726.4	10.6	16.1	1.1327	5.2	1.5
4185	1980	255	9158.4	12.6	16.3	1.3151	6.3	3.8
4185	1980	256	9072	9.7	18.9	1.2536	5.6	1.5
4185	1980	257	12182.4	11.7	17.3	1.2534	6.5	3
4185	1980	258	9504	10.6	16.5	1.163	8	0
4185	1980	259	3628.8	12	14.6	1.2511	3.4	0.3
4185	1980	260	12268.8	9.8	19.8	1.3955	1.2	0
4185	1980	261	7084.8	10.9	18.8	1.3663	2	7.2
4185	1980	262	13651.2	10.3	20	1.2725	1.3	0
4185	1980	263	15033.6	9	23.6	1.3881	1.5	0
4185	1980	264	12700.8	9.7	25.3	1.6175	1	0
4185	1980	265	11750.4	11.8	26.3	1.8265	0.9	0
4185	1980	266	10281.6	11.8	25.1	1.8229	0.5	0
4185	1980	267	3283.2	16.5	20.3	1.8595	1.2	18.7
4185	1980	268	3283.2	15.5	19.6	1.7428	0.4	0.4
4185	1980	269	3196.8	11.7	18	1.535	1.2	6.8
4185	1980	270	10886.4	7.6	16.9	1.1822	0.5	0
4185	1980	271	10627.2	5.5	17	1.1334	0.5	0
4185	1980	272	13046.4	6.3	16.7	1.0574	1.1	0
4185	1980	273	7689.6	4.3	19.4	1.1515	1.6	0.1
4185	1980	274	8726.4	12.8	17.6	1.3111	4.1	0.2
4185	1980	275	12700.8	6.9	15.7	0.9365	3	0
4185	1980	276	10281.6	9.4	15	0.9796	5.5	0
4185	1980	277	9158.4	6.9	14.8	0.9349	2	0
4185	1980	278	8640	0.5	15.4	0.8334	1.4	0
4185	1980	279	10627.2	5.9	14	0.856	3.7	0
4185	1980	280	3283.2	4.4	12.3	0.8344	4.8	0
4185	1980	281	2678.4	10.4	15.7	1.1408	7.3	9.8
4185	1980	282	10368	8.2	12.3	0.8235	7.4	0
4185	1980	283	7430.4	5.4	12.7	0.8749	2.3	0
4185	1980	284	9072	3.5	12	0.8327	2.3	0
4185	1980	285	3542.4	-1.9	9.5	0.6895	2.9	0
4185	1980	286	2505.6	5.3	8.6	0.7884	4.8	0
4185	1980	287	2419.2	6.5	8.1	0.8279	5.6	8.3
4185	1980	288	3369.6	5.7	9.6	0.848	3.5	0.6
4185	1980	289	7776	5.1	11.2	0.8448	2.5	0
4185	1980	290	2332.8	2.2	13.8	0.9435	1.7	0.2
4185	1980	291	2246.4	8	14	1.141	1.8	0.1
4185	1980	292	2246.4	8.1	11.6	0.9718	3.5	0
4185	1980	293	7776	4.2	10.3	0.7538	3.8	1.8
4185	1980	294	8640	2.6	9.7	0.7084	4.4	0
4185	1980	295	5184	0.6	10.8	0.7324	1.7	0
4185	1980	296	6134.4	3.3	14.6	0.8575	1.5	0
4185	1980	297	3110.4	5.4	13.4	0.9547	2.8	0.5
4185	1980	298	3024	8.6	12	0.9639	5.8	2
4185	1980	299	2851.2	6.5	10.6	0.9126	4.5	0
4185	1980	300	2937.6	2.9	9.3	0.7059	1.6	0
4185	1980	301	1900.8	4.7	11.4	0.8606	3	2.2
4185	1980	302	7689.6	11.4	20.2	1.2728	6.1	0.1
4185	1980	303	6220.8	8.9	14.6	0.9648	8.5	5
4185	1980	304	6566.4	5.5	9.1	0.7462	6.8	0
4185	1980	305	2419.2	2.9	5.5	0.6927	3.4	0
4185	1980	306	7171.2	-3.2	2.9	0.4593	5.3	0
4185	1980	307	7171.2	-5.4	-0.9	0.3682	8	0
4185	1980	308	1641.6	-4.7	-2.2	0.4075	7.8	0.4
4185	1980	309	1641.6	-5.4	-3.4	0.3662	5.8	0.1
4185	1980	310	1641.6	-4.2	-1.2	0.3958	9	0
4185	1980	311	1555.2	-2.1	-0.7	0.4799	10.3	9.1
4185	1980	312	1555.2	-1.7	-0.3	0.5169	2.5	5.3
4185	1980	313	1555.2	-3.6	-1.1	0.4782	0.8	0
4185	1980	314	1900.8	-3.7	-0.2	0.4714	1.7	0
4185	1980	315	2678.4	-2.5	0.4	0.4867	1.6	0
4185	1980	316	1468.8	-3.3	1.7	0.4784	3.6	0.2
4185	1980	317	3456	0	3	0.5515	4.3	0
4185	1980	318	2937.6	-1	3.8	0.5611	3.5	0
4185	1980	319	1728	2.5	5	0.6232	5.3	1
4185	1980	320	1382.4	2	5.8	0.6702	6.5	7.1
4185	1980	321	1382.4	5.1	12.2	0.8852	8.4	0.6
4185	1980	322	2246.4	10.3	13.2	1.0475	5.7	0.5
4185	1980	323	2764.8	8.1	12.2	0.8304	8.5	0.7
4185	1980	324	2332.8	3.8	8.4	0.753	5.4	0.9
4185	1980	325	2937.6	4.6	10.9	0.9065	2.2	0
4185	1980	326	3628.8	3.8	13.2	0.8319	4.8	0
4185	1980	327	1555.2	9.3	12.8	0.9738	7.3	0
4185	1980	328	3283.2	11.4	14.5	1.0588	7.7	0
4185	1980	329	2073.6	11.8	13.4	1.0785	5.7	0
4185	1980	330	1209.6	6.5	12.4	0.9815	5	5.9
4185	1980	331	2678.4	0.6	6.6	0.6404	3.3	0
4185	1980	332	4147.2	-3.2	3	0.4792	3.3	0
4185	1980	333	1123.2	-0.5	1.8	0.4932	2.6	1.3
4185	1980	334	1123.2	-0.3	1.5	0.568	3.3	1
4185	1980	335	2505.6	-1.7	0.8	0.4967	11	0.6
4185	1980	336	3974.4	-5.7	-1.5	0.3935	2.6	0
4185	1980	337	1123.2	-7.7	-4	0.328	5.8	1
4185	1980	338	1123.2	-5.3	-0.2	0.4143	6	0.7
4185	1980	339	1123.2	-6.7	-0.9	0.4061	4.1	2.3
4185	1980	340	1814.4	-10.8	-3.2	0.3292	1.8	4
4185	1980	341	1123.2	-6.7	1.9	0.4406	4.9	0.5
4185	1980	342	2678.4	-10.9	-5.6	0.2923	1	0.1
4185	1980	343	3888	-9.8	-4.5	0.304	2.6	0
4185	1980	344	3024	-5.4	-1.1	0.3751	7.1	0
4185	1980	345	1036.8	-2.6	0.9	0.3503	9.3	0
4185	1980	346	1036.8	0.9	4	0.5611	7.4	0.3
4185	1980	347	2073.6	3	5.2	0.7042	4.8	0
4185	1980	348	1555.2	2.7	7.1	0.6668	6.4	1.4
4185	1980	349	1555.2	6	8.8	0.813	7.1	5.5
4185	1980	350	1036.8	4.3	11.8	0.8284	6.6	1.5
4185	1980	351	3110.4	1.5	5.7	0.6008	5.8	0
4185	1980	352	3888	0.1	3.7	0.5605	3.7	0
4185	1980	353	1728	-1.4	0.8	0.4782	3.5	2
4185	1980	354	3283.2	-2.5	1.5	0.4949	1.5	0
4185	1980	355	2764.8	-4.6	2	0.4667	1.9	0
4185	1980	356	1555.2	1.1	4.3	0.6008	3.8	0
4185	1980	357	2764.8	1.1	4.3	0.5712	4.2	1.1
4185	1980	358	1036.8	1.1	8.6	0.7163	6.7	1.3
4185	1980	359	1036.8	6.6	10.2	0.8262	4.4	0
4185	1980	360	1468.8	7.5	10	0.7671	6.3	0.6
4185	1980	361	2764.8	1.1	7.5	0.6477	4.1	0
4185	1980	362	1296	-1.2	1.7	0.5226	1.5	0
4185	1980	363	3196.8	-3.2	1.4	0.4577	3.3	0
4185	1980	364	1036.8	-0.5	2.3	0.5087	5.7	0
4185	1980	365	1036.8	2.3	4.6	0.6493	6.6	0
4185	1980	366	2505.6	3.4	4.8	0.6387	9.4	6.8
