*---------------------------------------------------------------------------*
* Station name: BAD HERSFELD                            
* Year: 2008
* Author: Pedro Alencar                                   -999.000: NIL VALUE
* Source: ECAD 
* Comments: 
* Longitude: 50.8531, latitude: 50.8531, altitude: 272 m.
*
* Column  Daily value
* 1       station number
* 2       year
* 3       day
* 4       irradiation                   (kJ m-2 d-1)
* 5       minimum temperature           (degrees Celsius)
* 6       maximum temperature           (degrees Celsius)
* 7       early morning vapour pressure (kPa)
* 8       mean wind speed (height: 2 m) (m s-1)
* 9       precipitation                 (mm d-1)
*
** WCCDESCRIPTION=GERMANY, BAD HERSFELD                            
** WCCFORMAT=2
** WCCYEARNR=2008
*---------------------------------------------------------------------------*
   50.8531  9.7383    272.  -0.18 -0.55
4217	2008	1	1123.2	-1	0.8	0.5944	0.6	0
4217	2008	2	2419.2	-2.3	0.3	0.4885	2.1	0
4217	2008	3	1123.2	-3.1	0.4	0.4152	2.7	0
4217	2008	4	4060.8	-3.7	2.5	0.4679	1.6	0
4217	2008	5	1641.6	-1.7	5.1	0.6009	2.6	6.3
4217	2008	6	2505.6	-2.8	6	0.6104	3	0
4217	2008	7	2505.6	-3.1	7.5	0.6299	3.7	4.2
4217	2008	8	3456	0	5.5	0.6253	3.6	0
4217	2008	9	2505.6	-2.4	6	0.6331	2.6	1.2
4217	2008	10	2592	1.1	8.8	0.7474	4	0
4217	2008	11	3542.4	5.7	13.3	0.8187	3.7	0
4217	2008	12	1209.6	1.5	7.4	0.6294	4.3	0
4217	2008	13	5011.2	-3.4	6	0.5839	1.6	0
4217	2008	14	2419.2	-2.5	5.4	0.5699	3	0
4217	2008	15	1555.2	5.2	8.6	0.726	6	2.5
4217	2008	16	1728	3	8.5	0.7534	5.5	0
4217	2008	17	2246.4	2.4	7.4	0.7361	3.8	8
4217	2008	18	1814.4	3.5	9.5	0.8418	5.5	2.2
4217	2008	19	1382.4	9.5	12.7	1.1222	7.9	1.1
4217	2008	20	1382.4	10.1	12.1	1.0958	7.7	0
4217	2008	21	1382.4	6.9	10.5	0.8882	8.2	5.4
4217	2008	22	3801.6	0.3	8.5	0.6607	4.6	0.1
4217	2008	23	3369.6	-1.8	5.8	0.5504	3.5	0
4217	2008	24	1468.8	3.5	7	0.6922	3.6	1.6
4217	2008	25	5961.6	-0.7	6.6	0.5512	4.2	0
4217	2008	26	4752	4	8.5	0.6847	5.8	0.8
4217	2008	27	1555.2	3.4	6.5	0.7735	4.9	0.7
4217	2008	28	1555.2	4.6	7.5	0.8536	1.5	0
4217	2008	29	1641.6	-0.3	5.6	0.6061	0.7	0
4217	2008	30	1641.6	-1.7	2.1	0.5889	1.6	1.1
4217	2008	31	1641.6	-0.7	2.3	0.5503	5.3	2.7
4217	2008	32	1728	0.8	5	0.6696	5.9	1.2
4217	2008	33	3024	-1.6	3.9	0.5577	4.8	1
4217	2008	34	6912	-4.5	4.6	0.466	1.7	0
4217	2008	35	1814.4	-5.3	5.8	0.5413	1.9	0
4217	2008	36	1814.4	3.3	8.2	0.7717	5.2	3.5
4217	2008	37	2246.4	2.4	9.1	0.7717	5.2	3.4
4217	2008	38	6739.2	0.8	8.3	0.6592	2.3	0
4217	2008	39	6048	-1.1	9.7	0.6644	0.7	0
4217	2008	40	7948.8	-3	11.1	0.6528	0.2	0
4217	2008	41	7776	-3	11.4	0.6845	0.5	0
4217	2008	42	7603.2	-2.6	11.9	0.7319	0.6	0
4217	2008	43	4838.4	-2.8	5.8	0.64	1.5	0
4217	2008	44	4492.8	-2.1	4.3	0.6484	0.7	0
4217	2008	45	2160	-1.8	1.1	0.5778	2.3	0
4217	2008	46	6480	-5.6	1.3	0.3914	2.3	0
4217	2008	47	9072	-7.5	0.6	0.3459	1.3	0
4217	2008	48	9244.8	-9	5.4	0.3695	1.3	0
4217	2008	49	7084.8	-7.6	6	0.4092	0.5	0
4217	2008	50	3024	-2.3	3.6	0.5892	0.6	0
4217	2008	51	2764.8	-4.5	4.1	0.5962	1.2	2
4217	2008	52	2851.2	2.9	8	0.8008	3.5	0.2
4217	2008	53	2419.2	7.4	9.7	0.8792	6.3	0
4217	2008	54	8640	3.3	12.7	0.7505	4.2	0
4217	2008	55	10195.2	-0.7	15.1	0.8325	2	1.8
4217	2008	56	9590.4	2.2	12.7	0.8262	2.5	0
4217	2008	57	2592	7.8	13.6	1.0414	5.7	1.3
4217	2008	58	3801.6	2.1	9.4	0.6707	4.7	0
4217	2008	59	4492.8	-1.8	9.3	0.6152	1.6	0
4217	2008	60	2764.8	4.6	9.1	0.8425	3.2	9.8
4217	2008	61	5702.4	2	9.3	0.7299	8.3	7.4
4217	2008	62	4060.8	5.6	11.5	0.8235	6.7	0.8
4217	2008	63	3456	-0.1	7.8	0.5793	4.2	0.4
4217	2008	64	8812.8	-1.7	5.9	0.4975	2.5	0
4217	2008	65	10108.8	-3.7	3.4	0.3989	3	0
4217	2008	66	3110.4	-3.8	4.2	0.4216	3.7	0
4217	2008	67	5270.4	2.3	11.6	0.7784	1.8	0.4
4217	2008	68	8121.6	3.7	10.9	0.8279	2.2	0
4217	2008	69	6220.8	3.5	10.6	0.7134	4.1	0
4217	2008	70	9072	6.2	12.9	0.8215	5.8	3
4217	2008	71	5184	4.3	8.9	0.7794	6.9	5.7
4217	2008	72	8467.2	5.4	10.8	0.7556	8.7	0.4
4217	2008	73	10108.8	2.8	10	0.6823	6.4	6.9
4217	2008	74	7689.6	-0.4	11	0.7124	3.9	1.1
4217	2008	75	9849.6	-2.5	12.3	0.7275	0.9	3.2
4217	2008	76	6048	3.1	11.2	0.9004	3.1	6.8
4217	2008	77	6480	0.5	7	0.5992	4.4	0.2
4217	2008	78	8208	-1.8	6.3	0.5675	3.7	2.9
4217	2008	79	8812.8	-1.3	5.2	0.5907	2.9	0.8
4217	2008	80	5616	-0.8	5.4	0.6128	4.4	5.7
4217	2008	81	7084.8	0.5	5	0.6625	5.8	5.6
4217	2008	82	9417.6	-1.2	6.6	0.6157	3.6	2.2
4217	2008	83	5788.8	-6.9	-1.1	0.391	2.4	0
4217	2008	84	11750.4	-8.3	3.3	0.4272	2.3	1.9
4217	2008	85	8294.4	-2.9	3.5	0.537	4	3.4
4217	2008	86	5529.6	-2.4	2.6	0.5539	2.8	0.9
4217	2008	87	5616	0.5	8.2	0.7584	0.8	1.7
4217	2008	88	11836.8	2.4	10.9	0.7039	4.1	3
4217	2008	89	12268.8	1.4	11.9	0.6452	5.9	0
4217	2008	90	17798.4	0.7	19.8	0.6613	2.7	0
4217	2008	91	6134.4	5.1	12.8	0.8004	2.1	0
4217	2008	92	15897.6	3	16	0.8187	3.5	2.9
4217	2008	93	6480	3.9	10	0.8682	3.3	5.1
4217	2008	94	5097.6	3.2	7.9	0.7611	3.4	0.1
4217	2008	95	6825.6	0.8	10.2	0.7856	1.7	0.5
4217	2008	96	4665.6	1.6	7.3	0.7721	3.4	7.9
4217	2008	97	6220.8	0.9	5.8	0.7068	1.3	1.2
4217	2008	98	5356.8	0.4	2.7	0.6082	3	2
4217	2008	99	13910.4	0.4	9.6	0.593	1.8	0.1
4217	2008	100	4838.4	2.2	7.5	0.7249	2.6	6.9
4217	2008	101	4838.4	2.1	5.7	0.7348	2.3	1.7
4217	2008	102	4924.8	4.4	8.6	0.9095	2.1	7.5
4217	2008	103	15033.6	-0.6	13.6	0.7257	3.2	0
4217	2008	104	10800	2.6	14.4	0.9095	2.5	8.6
4217	2008	105	6048	5	10.2	0.8868	3.1	0.3
4217	2008	106	7776	2.9	8.6	0.689	2.9	0
4217	2008	107	14688	0.1	9.8	0.6083	2.4	0
4217	2008	108	20908.8	-1.6	11.2	0.559	2.6	0
4217	2008	109	20649.6	0.7	10	0.6523	4.6	0
4217	2008	110	5270.4	4.3	6.5	0.7801	3.9	0.5
4217	2008	111	8467.2	4	10.6	0.8586	3	0
4217	2008	112	14601.6	5.1	14.3	0.8658	5.6	0
4217	2008	113	7084.8	4	10.8	0.8645	4.3	6.1
4217	2008	114	15120	1	17.8	0.8486	0.9	0
4217	2008	115	13305.6	3.9	17.8	0.9999	1.4	2.3
4217	2008	116	13219.2	4.7	15.3	0.9448	2.7	0.5
4217	2008	117	15379.2	3.8	17.4	0.9068	1.2	0
4217	2008	118	19699.2	3.2	19.4	0.8696	1.3	0
4217	2008	119	17712	4	22.6	1.1443	2.4	2
4217	2008	120	16761.6	4.2	16.5	0.9294	2.7	0.6
4217	2008	121	19526.4	1.6	19	0.9138	2.6	4
4217	2008	122	18662.4	4.7	16.3	0.9134	3	0.5
4217	2008	123	17798.4	3.5	17	0.9607	2.2	0
4217	2008	124	20304	3.2	16.7	0.8927	1.4	0
4217	2008	125	25142.4	3	17.5	0.786	2.2	0
4217	2008	126	21600	2.5	17.4	0.8927	2.1	0
4217	2008	127	25401.6	6.4	20.7	1.101	2.5	0
4217	2008	128	25142.4	5.7	21.3	0.9892	1.5	0
4217	2008	129	26784	4.5	22.5	0.881	1.4	0
4217	2008	130	26524.8	5.9	23.3	0.9461	2.6	0
4217	2008	131	27043.2	7.3	22.8	0.9397	3	0
4217	2008	132	27302.4	6.4	22.4	0.9176	3.3	0
4217	2008	133	25228.8	6.4	22.8	0.9295	2.4	0
4217	2008	134	22982.4	11.7	23.4	1.1418	3.2	0
4217	2008	135	27475.2	8.6	23	1.1115	2.3	0
4217	2008	136	16243.2	9.1	24	1.4103	1.5	10.7
4217	2008	137	15552	10.1	21.6	1.4927	2.2	0
4217	2008	138	13132.8	9	19.1	1.3456	2.3	3.1
4217	2008	139	9590.4	8.1	13.6	1.0518	2.6	0
4217	2008	140	9936	5.8	15	0.92	2.6	0
4217	2008	141	15811.2	5.7	14.7	0.8456	3.3	0
4217	2008	142	21168	8.8	17.2	0.8528	3.2	0
4217	2008	143	19353.6	6.9	18.7	0.9303	2.3	0
4217	2008	144	10540.8	8.4	18	1.1217	1.9	0
4217	2008	145	24451.2	6.6	20.8	1.0648	2.7	1
4217	2008	146	14688	11.8	22.4	1.5188	2	1.6
4217	2008	147	10108.8	12.6	21.9	1.6512	0.7	0
4217	2008	148	19612.8	12.7	21.4	1.5528	3.9	0
4217	2008	149	21772.8	14	25.8	1.7166	3.4	0
4217	2008	150	21772.8	14.7	27.9	1.8205	3.6	0
4217	2008	151	26179.2	14.9	31	2.0126	2.5	16
4217	2008	152	6566.4	13.6	18.9	1.7342	1.3	0.4
4217	2008	153	25574.4	14.5	27	1.8335	1.5	0
4217	2008	154	20995.2	12.8	27.9	1.8366	2	0.1
4217	2008	155	14601.6	16.1	24.4	1.7305	2.9	12.7
4217	2008	156	6566.4	14.1	19.8	1.6973	1.7	6
4217	2008	157	27216	13.7	22	1.4086	3.2	0
4217	2008	158	28857.6	10.9	22.4	1.1544	3	0
4217	2008	159	19008	9.2	24.2	1.3099	1.3	0
4217	2008	160	24278.4	12.8	26.1	1.4664	2.6	0
4217	2008	161	27043.2	11	27.1	1.3203	1.9	0
4217	2008	162	29030.4	10.5	28.4	1.331	1.9	0
4217	2008	163	19612.8	9.9	18.6	1.071	3.4	0
4217	2008	164	12614.4	8.3	16.9	1.1223	1.9	10.5
4217	2008	165	14601.6	7.1	16.4	1.1577	2.8	1.8
4217	2008	166	18576	7	17.5	1.1253	2.2	0.7
4217	2008	167	20822.4	8.5	18.9	1.1118	2.6	4.6
4217	2008	168	23673.6	6.4	17.9	1.0188	1.6	0
4217	2008	169	21427.2	4	20.9	0.9381	0.9	0
4217	2008	170	27216	8.1	24	1.0929	1.9	0
4217	2008	171	18403.2	9.8	24.2	1.1996	3.7	3.6
4217	2008	172	23328	12.1	22.4	1.2777	3.4	0
4217	2008	173	17539.2	13.1	22	1.5225	1.2	0.2
4217	2008	174	24796.8	11.2	30	1.6713	2.8	9.1
4217	2008	175	29116.8	12.1	24.1	1.1405	3.8	0
4217	2008	176	27648	10.8	24.5	1.2902	2.6	0
4217	2008	177	11577.6	13.6	24.5	1.8045	1.6	1.6
4217	2008	178	26524.8	10.5	23.9	1.2541	2.2	0
4217	2008	179	17971.2	9	22.3	1.2252	3.8	0.5
4217	2008	180	16588.8	13.6	24.3	1.5746	4.2	0
4217	2008	181	27734.4	11.4	27	1.3549	3.1	0
4217	2008	182	21254.4	11.9	24.7	1.2599	1.4	0
4217	2008	183	29376	9.2	29.8	1.2447	1.4	0
4217	2008	184	24883.2	13.2	33.6	1.7808	1.7	3.4
4217	2008	185	17020.8	15.9	27.2	1.9769	2.7	0.9
4217	2008	186	20908.8	10.8	23.5	1.2501	3.8	0
4217	2008	187	25833.6	8.8	25.7	1.1597	1.4	0
4217	2008	188	12614.4	13.8	23.8	1.2999	2.8	0.3
4217	2008	189	18403.2	13	22.4	1.3549	5.3	0.8
4217	2008	190	16675.2	11.5	20.5	1.38	5.1	6.1
4217	2008	191	14688	11	21.2	1.2792	4.1	1.4
4217	2008	192	19180.8	13.5	27.9	1.6085	3.4	0.3
4217	2008	193	12873.6	14.5	23.8	1.7272	3.6	2.1
4217	2008	194	10454.4	10.9	20.6	1.376	3.5	1
4217	2008	195	12441.6	8.9	19.3	1.2856	1.7	0
4217	2008	196	16934.4	6.7	21.4	1.1053	1.9	0
4217	2008	197	27129.6	9.5	26.8	1.2273	2.6	0
4217	2008	198	10627.2	12.4	25.5	1.7933	2.4	5.7
4217	2008	199	13564.8	10.5	20.1	1.2848	1.7	0.1
4217	2008	200	7084.8	13	18.4	1.3894	3.1	0.4
4217	2008	201	12960	12.6	22.5	1.6026	3.9	5.4
4217	2008	202	12614.4	9.8	20.2	1.3795	2.9	0.5
4217	2008	203	11491.2	7.8	16.1	1.1452	4.6	7.4
4217	2008	204	15552	11	20.6	1.3266	3.1	0
4217	2008	205	25660.8	8.8	23.6	1.2322	1.8	0
4217	2008	206	27216	8.7	25.5	1.1877	2.9	0
4217	2008	207	19699.2	15.2	28.1	1.6274	3.1	0
4217	2008	208	18921.6	16.9	30.5	2.1057	2	1.4
4217	2008	209	22896	14.9	32.3	1.7151	2.3	0
4217	2008	210	26870.4	14.7	32.5	1.3372	2	0
4217	2008	211	17971.2	14	31.2	1.9705	1.4	6.8
4217	2008	212	20649.6	15.2	29.4	1.9349	1.4	0
4217	2008	213	21859.2	16.8	31.7	1.9042	2.3	0
4217	2008	214	17193.6	15.3	30.5	1.7557	3.1	0
4217	2008	215	15984	17.7	26	1.4382	3.1	0.8
4217	2008	216	18403.2	16.6	25.7	1.6285	5	2.5
4217	2008	217	20044.8	14.3	23.6	1.3559	5.8	0.1
4217	2008	218	19699.2	11.4	24.2	1.2821	2.9	0
4217	2008	219	24537.6	10.5	29.6	1.358	1.3	0
4217	2008	220	22809.6	13.4	32.1	1.6294	3.2	0.9
4217	2008	221	14256	14.2	22.5	1.8116	3.9	6.4
4217	2008	222	17625.6	10.2	21	1.2744	2.2	0
4217	2008	223	7344	10.7	22	1.2811	3.8	0
4217	2008	224	16416	15.2	25.4	1.6169	3.5	2.2
4217	2008	225	5529.6	16.1	20.3	1.7737	4.6	0.8
4217	2008	226	17366.4	15.9	21.4	1.3307	6.8	0
4217	2008	227	20390.4	11.3	22.5	1.1151	3.5	0.1
4217	2008	228	8380.8	8.8	18.9	1.1385	1.7	0
4217	2008	229	20995.2	6.3	23.1	1.0859	1.3	0
4217	2008	230	19008	7	24.4	1.0866	1.6	0
4217	2008	231	12528	12.9	24.6	1.3391	3.9	0.2
4217	2008	232	10108.8	14.6	21.1	1.6535	4.2	0.4
4217	2008	233	8899.2	13.7	21.7	1.4156	5.2	0
4217	2008	234	16416	11.9	22.8	1.3253	3.6	0
4217	2008	235	9849.6	12.6	24.9	1.5551	2.4	3.4
4217	2008	236	14601.6	10.9	18.5	1.3197	3.9	2.4
4217	2008	237	13910.4	10.7	20.9	1.3087	2.7	1.6
4217	2008	238	5616	12.4	19.1	1.5904	2.1	0.4
4217	2008	239	4924.8	10.6	20.3	1.4901	1.6	0
4217	2008	240	19008	14.2	26.2	1.7015	2.4	0
4217	2008	241	5443.2	15.3	20.2	1.5012	2.1	0
4217	2008	242	8899.2	12.6	22.4	1.4977	2.3	0
4217	2008	243	19785.6	10.3	24.7	1.3978	1.9	0
4217	2008	244	19440	8.7	27.6	1.2689	1.5	0
4217	2008	245	7430.4	11.8	23.2	1.4578	1.9	1.4
4217	2008	246	15638.4	9.2	23.9	1.2975	3.1	0.5
4217	2008	247	4406.4	10.2	19.2	1.4033	3.3	4.8
4217	2008	248	9331.2	9.3	17.9	1.2913	3.3	0.1
4217	2008	249	10108.8	9	22.9	1.4661	2.3	7.6
4217	2008	250	6652.8	13.9	21.5	1.5976	3.8	2.3
4217	2008	251	12528	13.6	20.1	1.3991	4.4	0
4217	2008	252	16329.6	9.7	21.1	1.2057	3.6	0
4217	2008	253	16848	7.3	25	1.2832	1.6	0
4217	2008	254	9849.6	10.7	23.5	1.5188	2	0
4217	2008	255	14774.4	14.2	26.2	1.6542	1.6	0
4217	2008	256	5270.4	13.3	18.3	1.4521	3.3	4.7
4217	2008	257	14428.8	8.4	15.5	0.9357	5.6	0
4217	2008	258	12614.4	4.8	13.4	0.7854	3.8	0.1
4217	2008	259	3801.6	5.7	11.1	0.9695	2.1	0.4
4217	2008	260	9072	4	12.4	0.8151	2.1	0
4217	2008	261	10454.4	4.2	14	0.7623	1.5	0
4217	2008	262	15552	2.4	16.2	0.7375	1.9	0
4217	2008	263	14601.6	0.2	15.7	0.7159	1.7	0
4217	2008	264	4233.6	6	14.3	0.8428	1.6	0
4217	2008	265	7257.6	5.2	15.4	1.0891	1.1	11.1
4217	2008	266	4752	7.6	12.6	1.1487	1.8	2.9
4217	2008	267	3456	7.6	11.4	1.1391	1.3	10.9
4217	2008	268	3369.6	9	13.4	1.236	1.7	1
4217	2008	269	4752	5.9	12.9	1.0372	2.5	0
4217	2008	270	14083.2	3	15.6	0.96	2.3	0
4217	2008	271	11059.2	5.9	16.1	1.141	1.5	0
4217	2008	272	12096	4.2	18.8	1.1117	1.7	0
4217	2008	273	8121.6	3.7	15.5	0.9795	2.2	0
4217	2008	274	3110.4	6.6	10.7	0.9972	5	8.6
4217	2008	275	3024	8.6	13.2	1.1465	7	8.1
4217	2008	276	9590.4	5.3	12.9	0.9356	4.9	2.6
4217	2008	277	9158.4	3.9	11.8	0.849	2.7	0
4217	2008	278	7603.2	4.1	11.2	0.7852	3.4	0.7
4217	2008	279	3456	5.7	11.4	0.8347	6.3	9.7
4217	2008	280	2851.2	9.6	13.8	1.3188	3.3	5.7
4217	2008	281	5443.2	10.7	17	1.4073	1.5	0
4217	2008	282	5875.2	10.3	19	1.4987	1	0
4217	2008	283	2678.4	7	13.7	1.0927	2.1	0
4217	2008	284	9590.4	7.3	16.5	1.2388	1.1	0
4217	2008	285	8899.2	6.8	19.3	1.3509	1.8	0
4217	2008	286	6652.8	9.5	17.1	1.4036	1.8	0
4217	2008	287	8035.2	7.5	20	1.3354	2.2	0.4
4217	2008	288	4320	8.5	17	1.2805	2	0
4217	2008	289	2937.6	8	14.1	1.158	3	6.5
4217	2008	290	2419.2	4.8	14.4	1.0512	4	8.2
4217	2008	291	6480	1.9	11.1	0.8418	3.4	0
4217	2008	292	7084.8	0.4	12.8	0.8184	1.5	0
4217	2008	293	7516.8	0.5	12.8	0.8212	2.1	0
4217	2008	294	10022.4	-0.4	16.3	0.8762	3	0
4217	2008	295	4665.6	8.2	18.5	1.2858	4.5	5.8
4217	2008	296	2160	5.3	10.2	0.9803	1.1	0
4217	2008	297	5702.4	0.7	10.5	0.8456	1.6	0
4217	2008	298	5097.6	-1.2	9.6	0.7504	1.6	0.1
4217	2008	299	6998.4	3.6	14.1	0.954	1.4	0
4217	2008	300	2419.2	0.7	12.2	0.7617	4	6.1
4217	2008	301	1987.2	4.1	10.5	0.9813	3.1	8.8
4217	2008	302	1987.2	3.5	6.8	0.8548	1.1	0
4217	2008	303	1900.8	2.9	6.5	0.8028	1.7	4.7
4217	2008	304	1900.8	0.3	3.3	0.6887	1.5	6.7
4217	2008	305	3888	-0.9	7	0.7376	1	0
4217	2008	306	5529.6	4.4	8	0.9004	2.9	0
4217	2008	307	5011.2	3.9	12.7	1.0286	1.9	0
4217	2008	308	1814.4	6.1	10.1	1.0363	2	0
4217	2008	309	5961.6	5.8	13.8	1.138	3.1	1.7
4217	2008	310	2073.6	8.6	10.6	1.1109	4	0
4217	2008	311	1728	9	11.5	1.1354	1.3	0
4217	2008	312	2937.6	3.5	11.9	0.9454	1.8	0
4217	2008	313	2592	0.8	10.4	0.882	0.8	0
4217	2008	314	1641.6	-0.6	11.4	0.8339	3.8	3.7
4217	2008	315	2073.6	10.9	14.6	1.1039	7	0.1
4217	2008	316	2764.8	8	14.6	0.9633	6	2
4217	2008	317	3283.2	0.2	10	0.7377	3.6	0
4217	2008	318	2419.2	-0.3	8	0.7724	1	0
4217	2008	319	2246.4	0	8.2	0.7042	2.9	0
4217	2008	320	1468.8	6.5	8.7	0.9494	4.3	0
4217	2008	321	1728	3.6	11.5	0.8526	4	0
4217	2008	322	5011.2	-1.1	8.1	0.6594	1.2	0
4217	2008	323	1987.2	-1.3	5.8	0.6538	2.9	1.3
4217	2008	324	1382.4	3.3	7.8	0.7883	4	0
4217	2008	325	1382.4	3.9	9.7	0.8198	6.6	5.9
4217	2008	326	2073.6	-1	6	0.6655	4.5	9.8
4217	2008	327	1296	-1.3	1.1	0.5277	4.2	0.8
4217	2008	328	1728	-1.3	1.9	0.537	4	0.9
4217	2008	329	1296	-3	1.9	0.5694	3.6	3.7
4217	2008	330	1296	-4	0.3	0.5176	2.2	0
4217	2008	331	1555.2	-2.4	2.6	0.597	2.7	0
4217	2008	332	1814.4	1.1	4.5	0.635	4	0
4217	2008	333	3024	-1.8	2.9	0.5341	1.8	1
4217	2008	334	1468.8	-4.4	1.2	0.5272	1.6	1
4217	2008	335	3628.8	-4.5	3.9	0.5679	1.3	0
4217	2008	336	1209.6	-4	2.4	0.5533	1.5	0
4217	2008	337	1209.6	1.3	3.4	0.6584	3.9	0.6
4217	2008	338	1123.2	-0.8	1.9	0.6104	4.5	4
4217	2008	339	1123.2	-2.6	4.8	0.6285	3.5	1.7
4217	2008	340	1123.2	3.5	6	0.797	3.7	3.6
4217	2008	341	1123.2	2.3	4.9	0.751	2.3	0.9
4217	2008	342	2246.4	1.1	5.8	0.7275	1.5	0.1
4217	2008	343	1123.2	-1.4	3	0.6021	2.6	0
4217	2008	344	1123.2	-1.6	1.5	0.5662	3.2	0
4217	2008	345	1123.2	-0.7	2.4	0.6238	1.3	0
4217	2008	346	1123.2	-0.6	1.2	0.6057	1.1	1.6
4217	2008	347	1123.2	-2	0	0.5396	1.1	0
4217	2008	348	1296	-2.3	1.1	0.5439	1.5	0
4217	2008	349	3974.4	-3.2	3.3	0.5826	2.4	0
4217	2008	350	3024	0.7	4	0.6801	3.2	0
4217	2008	351	1036.8	0	2.3	0.6308	2.8	0
4217	2008	352	1036.8	-0.7	0.2	0.588	1.7	1.3
4217	2008	353	1036.8	0.1	2.4	0.642	2.3	0.9
4217	2008	354	2160	0.5	6.1	0.7198	3	4.5
4217	2008	355	1036.8	0.9	7.6	0.7696	4.2	2.6
4217	2008	356	1036.8	1.6	8	0.7998	2.9	1.6
4217	2008	357	1296	3.9	9.1	0.8515	4.2	0
4217	2008	358	1123.2	1.9	5.7	0.7136	2	0
4217	2008	359	1123.2	3.9	5.2	0.786	2.5	0.4
4217	2008	360	1123.2	-1.5	4.4	0.5563	4.1	0
4217	2008	361	4320	-3.6	-1.4	0.4068	4.6	0
4217	2008	362	1123.2	-4.4	-2.6	0.3965	4.2	0
4217	2008	363	3888	-5.4	-1	0.391	3.6	0
4217	2008	364	4320	-7.9	-3.4	0.3611	3.4	0
4217	2008	365	3801.6	-11.1	-1.6	0.3537	0.6	0
4217	2008	366	4406.4	-11.3	-0.9	0.3528	0.5	0
