*---------------------------------------------------------------------------*
* Station name: BAD HERSFELD                            
* Year: 2019
* Author: Pedro Alencar                                   -999.000: NIL VALUE
* Source: ECAD 
* Comments: 
* Longitude: 50.8531, latitude: 50.8531, altitude: 272 m.
*
* Column  Daily value
* 1       station number
* 2       year
* 3       day
* 4       irradiation                   (kJ m-2 d-1)
* 5       minimum temperature           (degrees Celsius)
* 6       maximum temperature           (degrees Celsius)
* 7       early morning vapour pressure (kPa)
* 8       mean wind speed (height: 2 m) (m s-1)
* 9       precipitation                 (mm d-1)
*
** WCCDESCRIPTION=GERMANY, BAD HERSFELD                            
** WCCFORMAT=2
** WCCYEARNR=2019
*---------------------------------------------------------------------------*
   50.8531  9.7383    272.  -0.18 -0.55
4217	2019	1	1123.2	1.7	7.4	0.7183	4.9	2.2
4217	2019	2	3715.2	-2.9	3.7	0.4088	5	0.6
4217	2019	3	1641.6	-6	1.7	0.4436	1.2	0.1
4217	2019	4	1123.2	-1.7	2.3	0.5495	2.3	1.7
4217	2019	5	1123.2	2.2	6.6	0.7777	3.5	3.8
4217	2019	6	1209.6	4.6	6.6	0.8365	2.3	3.3
4217	2019	7	1209.6	3	5	0.7156	3	3
4217	2019	8	1209.6	2.2	5.4	0.6735	6.2	5.5
4217	2019	9	1209.6	-0.1	2.8	0.5321	5.7	0.6
4217	2019	10	1468.8	-1.2	0.8	0.4577	3.5	0.9
4217	2019	11	1209.6	-1.8	3	0.5935	3	2.4
4217	2019	12	1209.6	2.9	4.7	0.7376	4.4	5.2
4217	2019	13	1296	3.7	8.3	0.8226	5	7.5
4217	2019	14	3456	1	5.8	0.569	5	0.2
4217	2019	15	1296	0.9	5	0.5889	4.4	0.5
4217	2019	16	1296	2.5	4.8	0.6268	4.7	0.2
4217	2019	17	1814.4	0.4	6.2	0.6347	4.9	3.2
4217	2019	18	5443.2	-5.6	3.2	0.4254	1.8	0
4217	2019	19	5443.2	-8.3	0.9	0.3859	0.9	0
4217	2019	20	5702.4	-9.7	0.9	0.3573	1.3	0
4217	2019	21	5270.4	-9.5	-0.4	0.3512	1	0
4217	2019	22	2160	-11.9	-2.5	0.3064	1.3	0
4217	2019	23	1468.8	-7.1	-3	0.336	2.5	0
4217	2019	24	1468.8	-7.2	-3.4	0.3462	1.9	0.2
4217	2019	25	1814.4	-5.4	-1.1	0.3895	3.1	4.8
4217	2019	26	1555.2	-1.3	4.5	0.6309	5.2	1.7
4217	2019	27	1555.2	1.7	6.3	0.7074	5.5	2.7
4217	2019	28	1555.2	0.3	2.1	0.5864	5.2	4.1
4217	2019	29	3024	-3.2	2.5	0.4944	2.4	0.2
4217	2019	30	1641.6	-3.5	1.9	0.4381	2.9	0
4217	2019	31	4665.6	-4.3	3.3	0.4478	2.5	0.2
4217	2019	32	1728	-2.5	4.6	0.5537	1.5	0.8
4217	2019	33	1728	0.6	2.7	0.6538	1.3	0.3
4217	2019	34	1728	-1.7	1.8	0.4967	3.9	0
4217	2019	35	6393.6	-3.6	4.1	0.4729	2.6	0
4217	2019	36	2160	-1.9	3.9	0.5058	3.3	0
4217	2019	37	6739.2	-3.1	6.5	0.5457	1.7	0
4217	2019	38	1900.8	-1.6	4.3	0.5523	3.8	0.5
4217	2019	39	2332.8	3.7	7.2	0.6839	5.8	1.4
4217	2019	40	3628.8	4.9	9.4	0.7183	6.9	1.2
4217	2019	41	1987.2	3.1	8.7	0.7798	6.9	14.4
4217	2019	42	4060.8	0.5	5.5	0.6365	3.8	1.6
4217	2019	43	2678.4	0.6	5.3	0.5738	3.1	0.2
4217	2019	44	5616	-0.8	8.7	0.6239	2.7	0
4217	2019	45	7171.2	-2.4	11.6	0.6869	0.8	0
4217	2019	46	9072	-3.1	15.4	0.7367	0.6	0
4217	2019	47	9158.4	-3.6	15.9	0.68	1.4	0
4217	2019	48	9244.8	-2.8	15.5	0.6991	1.5	0
4217	2019	49	9504	-3	15.3	0.6895	1.3	0
4217	2019	50	5011.2	-1.3	9.4	0.661	2.4	0.2
4217	2019	51	5443.2	-1.8	10.5	0.6667	1.9	0
4217	2019	52	4233.6	-0.5	10.8	0.7138	2	0
4217	2019	53	3110.4	1.5	10.1	0.7375	3.5	0
4217	2019	54	10108.8	-3.3	9.3	0.485	1.7	0
4217	2019	55	10627.2	-4	13.8	0.485	1	0
4217	2019	56	10627.2	-2.9	17.8	0.6093	0.8	0
4217	2019	57	11059.2	-2.2	18.6	0.6195	1	0
4217	2019	58	11232	-3.5	18.9	0.5672	1.1	0
4217	2019	59	10108.8	-1.3	15.2	0.6686	3	1.3
4217	2019	60	2851.2	4.5	10.5	0.8704	3.1	2.3
4217	2019	61	2937.6	3.3	8.6	0.7918	2.9	0.5
4217	2019	62	2937.6	8.1	10.3	0.8721	5.8	0.1
4217	2019	63	5529.6	4	11.6	0.7509	7.5	6.7
4217	2019	64	5616	1.2	7.8	0.6821	5	2.1
4217	2019	65	7689.6	1.6	13.6	0.7303	3.5	0.2
4217	2019	66	7516.8	7	12.2	0.7167	7.3	0.7
4217	2019	67	7689.6	5	9.8	0.6895	6.1	3.3
4217	2019	68	5011.2	5	11.6	0.8207	7	2.4
4217	2019	69	6480	2.5	12.6	0.759	6.2	10.7
4217	2019	70	4320	0.6	4.7	0.5987	5.6	2.9
4217	2019	71	9072	1.1	8.5	0.5504	5	0
4217	2019	72	6048	3.3	8.8	0.6847	7.2	4.3
4217	2019	73	3456	3.6	7.1	0.7506	6.2	5.5
4217	2019	74	4320	5.1	11.8	0.9285	5.7	12.3
4217	2019	75	3542.4	5.5	11.1	0.8863	5.4	0.9
4217	2019	76	6393.6	2.9	10.5	0.7357	5.7	1.5
4217	2019	77	11577.6	-0.5	9.3	0.5938	4.5	0.4
4217	2019	78	13046.4	-3.3	9	0.5323	1.5	0
4217	2019	79	16502.4	-3.5	13.2	0.5868	1.3	0
4217	2019	80	16848	-1.3	17.2	0.7159	1	0
4217	2019	81	16070.4	1.2	20.3	0.9029	1.3	0
4217	2019	82	16588.8	1.1	17.2	0.8808	1.9	0
4217	2019	83	7948.8	0.7	11.8	0.7323	1.8	0
4217	2019	84	10022.4	-0.6	7.8	0.6245	3.4	1.5
4217	2019	85	5961.6	2.7	8.3	0.6591	3.1	0
4217	2019	86	10022.4	2.9	11.4	0.6981	1.6	0
4217	2019	87	8467.2	4.9	13.5	0.8372	1.9	0
4217	2019	88	17280	3.7	16.4	0.8248	1.7	0
4217	2019	89	16588.8	0.5	19.9	0.8207	1.8	0
4217	2019	90	11750.4	1.6	14.1	0.7853	2.6	0
4217	2019	91	19180.8	0	13.3	0.5866	3.6	0
4217	2019	92	15292.8	-0.7	18.1	0.6746	2.2	0.1
4217	2019	93	7689.6	4.2	14.1	0.8808	2.9	11.6
4217	2019	94	4492.8	2.4	8.7	0.8245	2.2	0.6
4217	2019	95	4579.2	4.9	9.5	0.9137	1.9	0
4217	2019	96	15552	4.7	18.3	1.0032	2.2	0
4217	2019	97	19180.8	3.7	18.2	0.8627	2.7	0
4217	2019	98	8035.2	8.4	19.1	0.974	2	0
4217	2019	99	18230.4	5.5	13.7	0.872	3.8	0
4217	2019	100	19440	1.3	10.3	0.5439	4.7	0
4217	2019	101	19699.2	-1	9	0.431	4.1	0
4217	2019	102	4924.8	-0.5	4.2	0.4608	3.6	0
4217	2019	103	8726.4	-0.9	5.6	0.5137	3.3	0
4217	2019	104	12528	-2.1	7.5	0.586	3.5	0
4217	2019	105	21859.2	3	14.5	0.6768	3.6	0
4217	2019	106	21513.6	1	17.8	0.5657	2.9	0
4217	2019	107	17020.8	5.6	19.6	0.6413	3.1	0
4217	2019	108	22896	4.6	20.6	0.6996	3.6	0
4217	2019	109	23155.2	4.2	22.6	0.7218	3	0
4217	2019	110	23414.4	4.7	23	0.7432	2.2	0
4217	2019	111	23500.8	3.6	23.5	0.7599	2	0
4217	2019	112	23760	5	21.5	0.7147	4.3	0
4217	2019	113	21168	6.1	22.2	0.8545	4	0
4217	2019	114	21168	7.4	25.3	1.0026	2.7	0.1
4217	2019	115	18316.8	4	25.3	0.9159	2.2	0
4217	2019	116	6998.4	7.1	12.8	1.0394	2.5	10.7
4217	2019	117	12441.6	5.2	14.4	1.0775	3	3.8
4217	2019	118	16243.2	3	13.9	0.8069	2.3	0.1
4217	2019	119	11577.6	0.6	12.2	0.8264	2.8	3.2
4217	2019	120	23760	5.1	17.5	0.8696	3.4	0
4217	2019	121	14860.8	3.7	19.3	1.0168	1.4	0
4217	2019	122	20476.8	4.1	18.3	0.9037	2.5	0
4217	2019	123	12873.6	5.6	11.8	0.7083	3.1	7.5
4217	2019	124	12009.6	0.3	10	0.705	2.3	2.6
4217	2019	125	17193.6	-1.5	10.2	0.5667	1.9	0
4217	2019	126	13996.8	0.9	10.9	0.5941	2.4	0
4217	2019	127	12182.4	3.3	13	0.7149	1.8	0
4217	2019	128	8899.2	1	13	0.8412	2.8	5.7
4217	2019	129	9244.8	7.6	13.5	1.0056	3.6	0
4217	2019	130	15465.6	7.8	16.3	1.0262	3.7	3.5
4217	2019	131	6134.4	6.1	9.8	1.0151	3.3	17.9
4217	2019	132	20476.8	3.6	14.2	0.7635	3.9	0
4217	2019	133	26784	-0.1	15	0.5783	3.1	0
4217	2019	134	20995.2	1.7	14.5	0.6477	2.9	0
4217	2019	135	21254.4	-0.7	13.5	0.5573	3	0
4217	2019	136	6220.8	6.6	10.5	0.8681	2.5	0.8
4217	2019	137	12700.8	6.9	17.8	1.0897	2.2	0
4217	2019	138	27216	5	23	1.0378	2.1	0
4217	2019	139	20736	8.7	23.3	1.2166	1.8	1.6
4217	2019	140	14083.2	10.7	22.2	1.6256	2.3	57.7
4217	2019	141	6393.6	12.7	14.8	1.3825	3.9	2.1
4217	2019	142	13824	6.1	17	1.0473	3.1	0
4217	2019	143	23760	4.3	21.2	1.0303	1.5	0
4217	2019	144	24883.2	7	23	1.073	1.4	0
4217	2019	145	27475.2	8.4	19.6	1.0698	2.4	0
4217	2019	146	27216	5.9	22.5	1.019	3.1	0
4217	2019	147	8035.2	11.8	17.5	1.3655	3.1	1.6
4217	2019	148	9244.8	8.8	17	1.3229	1.5	3.5
4217	2019	149	20995.2	5.7	18.1	0.9883	2.2	0
4217	2019	150	19958.4	3.7	20	0.9434	2.9	0
4217	2019	151	21081.6	11.4	24.7	1.447	2	0
4217	2019	152	25056	10.6	27.1	1.4996	1.6	0
4217	2019	153	29116.8	11.7	29.1	1.4355	2.5	0
4217	2019	154	23241.6	12.8	30.9	1.9873	2.2	17.3
4217	2019	155	24883.2	13.2	28.7	1.7819	1.6	0
4217	2019	156	26870.4	15.6	31.2	1.6085	2	0.3
4217	2019	157	9158.4	8.8	23.1	1.4299	3	1.9
4217	2019	158	20649.6	8.2	24.7	1.4761	2.6	6.4
4217	2019	159	20304	8.4	19.4	0.9677	5.9	0
4217	2019	160	24537.6	6	23.9	1.1035	1.9	0
4217	2019	161	17539.2	13.1	24.6	1.6083	2	5.7
4217	2019	162	15379.2	13.7	22.9	1.6799	2.1	0.6
4217	2019	163	15379.2	10.2	18.6	1.4747	2.3	10.6
4217	2019	164	24278.4	9.4	23.4	1.3038	2.4	0
4217	2019	165	19872	8.2	26.5	1.4045	1.6	0
4217	2019	166	25833.6	12.9	25	1.4871	3.3	0.2
4217	2019	167	12787.2	12.3	20.3	1.5917	1.2	3.6
4217	2019	168	24451.2	11.6	25.9	1.5551	1.7	0
4217	2019	169	25747.2	12.2	28.8	1.6129	1.2	0
4217	2019	170	27561.6	14.2	31	1.6421	2.2	1
4217	2019	171	20044.8	14.3	25.4	1.7807	3	1.3
4217	2019	172	19526.4	13	23.5	1.4444	1.9	0
4217	2019	173	24019.2	11.3	25.4	1.3903	3.6	0
4217	2019	174	28512	15.2	27.8	1.3822	3.7	0
4217	2019	175	28944	14.8	29.8	1.5049	2.6	0
4217	2019	176	29030.4	15	32.5	1.7013	1.8	0
4217	2019	177	29203.2	17.8	35	1.9916	2.6	0
4217	2019	178	28512	14.3	26.5	0.8135	3.6	0
4217	2019	179	26611.2	10.9	25.9	1.2678	2.9	0
4217	2019	180	29548.8	9.3	31.7	1.324	1.3	0
4217	2019	181	28944	12.7	35.6	1.5924	2.8	0
4217	2019	182	22550.4	15.8	27.3	1.3094	2.9	0
4217	2019	183	23500.8	9.7	22.8	1.0516	2.8	0
4217	2019	184	27129.6	7.1	23	0.9739	2.5	0
4217	2019	185	28252.8	6.3	24.3	0.9376	1.7	0
4217	2019	186	22032	11.7	27.2	1.2182	2.5	0
4217	2019	187	22809.6	11.6	29.9	1.3201	3.4	0
4217	2019	188	18057.6	9.1	20.5	0.9416	3.8	0
4217	2019	189	14428.8	6.3	17.5	0.8909	2.2	0
4217	2019	190	13824	9.9	18.2	1.0092	2.6	0
4217	2019	191	26179.2	6.6	24.2	1.0485	1.8	0.4
4217	2019	192	6480	12.5	17.3	1.4892	1.8	8.1
4217	2019	193	13651.2	13.3	23.3	1.8269	2.6	5.6
4217	2019	194	8035.2	13.3	18.1	1.5141	2.3	1
4217	2019	195	7171.2	9.5	16.2	1.2148	2.2	0
4217	2019	196	12614.4	8.8	17.4	1.1746	2.2	0
4217	2019	197	17366.4	7.4	21.9	1.2822	2	0
4217	2019	198	20649.6	10.6	21.7	1.3382	2	0
4217	2019	199	20736	8.8	26.9	1.3269	1.8	2.3
4217	2019	200	13564.8	13.9	24	1.6621	1.8	1.1
4217	2019	201	21600	12	30.3	1.8289	2.5	5.2
4217	2019	202	25747.2	13.6	26.4	1.5872	2.6	0
4217	2019	203	22723.2	11.2	28.9	1.4985	1.8	0
4217	2019	204	27907.2	13.6	32.8	1.6459	1.5	0
4217	2019	205	27561.6	15.4	36.2	1.7898	1.3	0
4217	2019	206	27216	16.9	37.7	1.7376	1.9	0
4217	2019	207	26265.6	16.2	34.4	1.448	3.1	0
4217	2019	208	21945.6	17.3	31.7	1.3193	3.2	5.3
4217	2019	209	13996.8	16	27.4	1.7619	1.9	11.3
4217	2019	210	6048	16.5	21.6	1.9145	1.6	0.6
4217	2019	211	20131.2	15.3	29.7	1.8497	1.7	1.3
4217	2019	212	20908.8	14.1	26.1	1.4562	2.7	0
4217	2019	213	15897.6	11.1	24.8	1.3147	1.5	0
4217	2019	214	14169.6	14.2	26.4	1.712	1.6	10.5
4217	2019	215	16848	13.8	23.4	1.6475	2.4	0
4217	2019	216	19612.8	12	26.3	1.5722	1.3	0
4217	2019	217	12268.8	14.2	26.5	1.6458	1.9	0.9
4217	2019	218	11145.6	13.4	24.5	1.7058	2.3	8.5
4217	2019	219	7516.8	15.3	21.6	1.7381	2.5	2.8
4217	2019	220	20736	13.6	24.7	1.6386	3	0.6
4217	2019	221	12355.2	12.5	28.9	1.9009	1.6	14.7
4217	2019	222	14601.6	14.1	24.8	1.5115	4.6	0
4217	2019	223	18316.8	11.4	26.5	1.3996	2.6	3
4217	2019	224	19958.4	11.8	23	1.4883	2.9	4.8
4217	2019	225	16934.4	11.2	20.7	1.3032	3	1.1
4217	2019	226	22896	9.4	21.6	1.0904	2.1	0.8
4217	2019	227	7689.6	12.6	20.6	1.5846	2.8	13.1
4217	2019	228	18576	11.8	22.7	1.4546	2.4	0
4217	2019	229	6480	12.6	21.6	1.4603	3.4	2.4
4217	2019	230	11577.6	16.3	26.7	2.0221	4.2	0.3
4217	2019	231	18576	11.8	23.6	1.274	2.7	0
4217	2019	232	10627.2	9.3	20.3	1.177	1.3	0
4217	2019	233	21513.6	7.3	23.4	1.1496	1.2	0
4217	2019	234	23068.8	7.5	25.7	1.2073	1.2	0
4217	2019	235	22723.2	8.4	27.8	1.2442	1.5	0
4217	2019	236	22377.6	8.9	28.2	1.3438	1.8	0
4217	2019	237	19785.6	14.7	31	2.0561	1.2	0
4217	2019	238	20649.6	15.5	31.3	1.9818	1.6	0
4217	2019	239	17971.2	15.2	29.5	1.9139	1.2	0
4217	2019	240	17366.4	15.7	32.2	1.9	1.5	0
4217	2019	241	14688	14.9	30.7	2.0776	1.4	0.4
4217	2019	242	19612.8	15.8	29.8	1.9391	1.5	0
4217	2019	243	20304	13.4	32.1	1.7951	1.6	0
4217	2019	244	8121.6	11.1	24.4	1.4809	2.3	0
4217	2019	245	18230.4	7.4	20.9	1.0641	1.8	0
4217	2019	246	17625.6	5.6	24	1.0593	2.2	0
4217	2019	247	19267.2	8.1	25.1	1.2262	2.3	0
4217	2019	248	12182.4	8.5	20.6	1.1251	3.3	0
4217	2019	249	19267.2	4.5	20.5	0.9412	1.3	0
4217	2019	250	8380.8	6.8	17.3	1.0684	1.2	0.1
4217	2019	251	7430.4	7.9	17.9	1.1296	1.4	0.7
4217	2019	252	5529.6	7.1	16.9	1.1489	1.9	0
4217	2019	253	13564.8	5.7	20.9	1.0985	1.8	0
4217	2019	254	15638.4	4.1	22.5	1.0527	2.7	0.8
4217	2019	255	7516.8	12.6	22.5	0.9615	2.9	0
4217	2019	256	7257.6	11.7	23.5	0.9646	2.4	0
4217	2019	257	17452.8	7.5	22.2	0.8097	1.9	0
4217	2019	258	16848	5.3	26.6	0.8688	1.9	0
4217	2019	259	3801.6	9.7	19	0.784	1.6	0.5
4217	2019	260	11404.8	6.9	17.8	0.6882	3.3	0
4217	2019	261	14774.4	2.8	16.8	0.5811	2	0
4217	2019	262	13996.8	2	15.7	0.5451	1.4	0
4217	2019	263	15552	0.6	17.8	0.5582	1	0
4217	2019	264	16156.8	1	24	0.695	1.3	0
4217	2019	265	15552	4.2	25.6	0.8123	1.1	0
4217	2019	266	4060.8	8.9	17.4	1.2691	1.7	0.3
4217	2019	267	8812.8	11.5	20.1	1.488	2	0.8
4217	2019	268	8467.2	13.1	17.8	1.5076	3.5	1.4
4217	2019	269	6048	13.1	17.3	1.5699	4	5.8
4217	2019	270	7171.2	12.6	18.3	1.5602	4.4	3.5
4217	2019	271	6480	12.3	17.7	1.3455	5	1.9
4217	2019	272	6048	12.5	18.4	1.3498	6	4.3
4217	2019	273	7344	10.3	16.4	1.2092	5.9	2.7
4217	2019	274	3110.4	10.8	17.6	1.4234	4.7	4.2
4217	2019	275	8121.6	5.5	14.4	1.0028	3.6	1.7
4217	2019	276	5270.4	7.7	13.3	1.0403	3.4	0
4217	2019	277	2937.6	6.6	10.9	1.0378	3.3	7.1
4217	2019	278	4665.6	4.1	11.2	0.9003	2.8	0.1
4217	2019	279	3974.4	2.2	10.2	0.8246	1.9	2.9
4217	2019	280	8121.6	5.3	13.1	0.9419	2.2	0.1
4217	2019	281	2764.8	9.9	12.9	1.2525	4.2	7.4
4217	2019	282	4233.6	9.4	13.8	1.1736	4.6	3.6
4217	2019	283	5443.2	8.2	14.1	1.0862	4.4	0.2
4217	2019	284	3456	8.2	15.2	1.1265	5.1	0
4217	2019	285	10627.2	11.8	21.2	1.3121	5.4	0
4217	2019	286	10540.8	16	24	1.6106	4.4	0
4217	2019	287	11145.6	11.1	24.4	1.5417	1.8	0
4217	2019	288	8812.8	8.9	24	1.5509	1.6	4
4217	2019	289	3974.4	10.5	13.9	1.2068	3.9	0.3
4217	2019	290	3715.2	12.9	17.3	1.3541	4.3	5.3
4217	2019	291	5788.8	7.2	17.8	1.2163	3.9	3.8
4217	2019	292	3024	6.9	15.5	1.1164	2.8	0
4217	2019	293	3196.8	12.1	16.2	1.4833	1.6	0.7
4217	2019	294	3369.6	9.7	17.5	1.3691	1.9	0
4217	2019	295	6912	7.5	17.2	1.19	1.5	0
4217	2019	296	2160	7	16	1.2608	1.8	0
4217	2019	297	5097.6	9.7	16.6	1.3598	2.2	0
4217	2019	298	4924.8	10.3	16.3	1.2053	3.3	0
4217	2019	299	8121.6	8.4	18.9	1.2018	3.4	0
4217	2019	300	2073.6	2.9	15.5	0.9884	3.2	3.5
4217	2019	301	5443.2	2.7	10.1	0.9033	1.4	0
4217	2019	302	5097.6	-0.2	10.2	0.75	1.9	0
4217	2019	303	6220.8	-2.4	8.2	0.6621	1.8	0
4217	2019	304	7516.8	-2.6	8.3	0.6298	1.9	0
4217	2019	305	1900.8	-4.7	9.8	0.7046	0.8	2.4
4217	2019	306	3456	9.7	15.5	1.2534	5	6.8
4217	2019	307	2937.6	9	14	1.1523	3.5	0.8
4217	2019	308	2332.8	8	11.4	1.0823	3.8	2.5
4217	2019	309	2764.8	4.3	11.4	0.9021	3.2	0.1
4217	2019	310	1728	4.2	9.4	0.8988	2.6	4.1
4217	2019	311	4320	5.1	11.7	0.9254	3.8	0
4217	2019	312	1641.6	3	7.1	0.8314	1.6	14.3
4217	2019	313	3024	0.5	7.7	0.737	2	0.2
4217	2019	314	1641.6	0	4.1	0.6799	1.3	0
4217	2019	315	4579.2	1	5.7	0.6447	2.8	0.1
4217	2019	316	3628.8	2.6	8	0.7124	4.9	0
4217	2019	317	1555.2	1.4	5.2	0.6502	3.2	0
4217	2019	318	5875.2	1.2	7.9	0.6507	2.4	0
4217	2019	319	2332.8	1.1	5.5	0.6811	2.6	6.1
4217	2019	320	4147.2	-1	5.6	0.6705	2	0.1
4217	2019	321	1468.8	-1.1	4.7	0.6748	3	0.5
4217	2019	322	1382.4	2.5	5.5	0.7318	3.4	1.6
4217	2019	323	1382.4	-0.2	5.8	0.6574	2.6	0
4217	2019	324	1382.4	-0.5	4	0.6447	1.3	0
4217	2019	325	1382.4	2	5.1	0.7563	0.9	0.1
4217	2019	326	1296	-0.5	5.5	0.6874	1.4	0
4217	2019	327	4492.8	0.8	6.5	0.7378	2.9	0
4217	2019	328	1296	0.7	3.9	0.7066	1.3	0
4217	2019	329	1296	0.4	4.6	0.7094	1.2	0
4217	2019	330	1296	4.6	9.4	0.8912	2.8	0
4217	2019	331	1814.4	5	10.9	0.9189	4.3	2.4
4217	2019	332	1468.8	7.9	10.2	0.9209	6	6.2
4217	2019	333	3024	2.9	8.3	0.7092	3	0
4217	2019	334	3456	-3.2	6	0.5949	1.2	0
4217	2019	335	1209.6	-4.6	1.2	0.491	1.7	0
4217	2019	336	1555.2	-1.2	4.6	0.6009	2.1	0.1
4217	2019	337	1209.6	1.7	5	0.7068	2	0.2
4217	2019	338	3715.2	-2.7	4.5	0.5804	1.3	0
4217	2019	339	4492.8	-4.9	3.7	0.5205	2	0
4217	2019	340	1123.2	-2.1	4.7	0.5839	5.3	3.2
4217	2019	341	1382.4	4.6	8.5	0.8058	5.2	0.3
4217	2019	342	1123.2	6.1	9.9	0.847	6.5	2.6
4217	2019	343	1123.2	4.1	7.4	0.7625	5	3.1
4217	2019	344	3888	0.2	4.2	0.5727	3.4	0
4217	2019	345	1123.2	0.3	3.3	0.5287	3.3	5.3
4217	2019	346	1123.2	-0.2	3.5	0.6332	3.4	0.1
4217	2019	347	1123.2	-0.5	4.2	0.6004	2.9	4.8
4217	2019	348	1296	2.6	6.5	0.6845	6.3	7.4
4217	2019	349	1814.4	3.4	9.7	0.767	5.1	3.6
4217	2019	350	1123.2	2.3	8.6	0.8638	1.1	0.3
4217	2019	351	3196.8	3.2	13.6	0.7932	2.8	0.4
4217	2019	352	3283.2	0.1	11.6	0.7863	2.4	0
4217	2019	353	1641.6	-0.7	4	0.6745	0.6	0
4217	2019	354	1728	-1.6	9.9	0.7724	1.9	1
4217	2019	355	3628.8	3.1	9.4	0.7703	3.1	0.1
4217	2019	356	1036.8	2.8	8.4	0.791	3.3	1.4
4217	2019	357	1641.6	5.4	7.7	0.8156	3.9	1.1
4217	2019	358	1123.2	4.8	7.4	0.8095	4.5	6.4
4217	2019	359	1468.8	2.4	6.8	0.7802	2.6	5.1
4217	2019	360	2073.6	1.3	5.7	0.7222	1	0
4217	2019	361	4233.6	-0.8	4.6	0.6026	1.6	0
4217	2019	362	2160	-3.4	2.4	0.5008	1.1	0
4217	2019	363	3888	-6.6	1.5	0.4357	1	0
4217	2019	364	4147.2	-3.6	7	0.4835	1.6	0
4217	2019	365	1123.2	-3.4	2.9	0.48	1.4	0
