*---------------------------------------------------------------------------*
* Station name: BAD HERSFELD                            
* Year: 1987
* Author: Pedro Alencar                                   -999.000: NIL VALUE
* Source: ECAD 
* Comments: 
* Longitude: 50.8531, latitude: 50.8531, altitude: 272 m.
*
* Column  Daily value
* 1       station number
* 2       year
* 3       day
* 4       irradiation                   (kJ m-2 d-1)
* 5       minimum temperature           (degrees Celsius)
* 6       maximum temperature           (degrees Celsius)
* 7       early morning vapour pressure (kPa)
* 8       mean wind speed (height: 2 m) (m s-1)
* 9       precipitation                 (mm d-1)
*
** WCCDESCRIPTION=GERMANY, BAD HERSFELD                            
** WCCFORMAT=2
** WCCYEARNR=1987
*---------------------------------------------------------------------------*
   50.8531  9.7383    272.  -0.18 -0.55
4217	1987	1	1123.2	5.6	7.6	0.8866	2.5	23.6
4217	1987	2	1641.6	-3.3	7	0.5795	4.4	5.3
4217	1987	3	3715.2	-8.6	-0.7	0.342	1.9	0.8
4217	1987	4	1123.2	-7.7	0.6	0.4279	2.1	5
4217	1987	5	1123.2	-0.4	3.2	0.6152	4.5	9.6
4217	1987	6	1468.8	-1.1	3.4	0.5843	2.9	4.9
4217	1987	7	3715.2	-6	-1.1	0.3339	2.1	0
4217	1987	8	3369.6	-9	-2.7	0.3201	2.6	1.2
4217	1987	9	1209.6	-5.3	-0.9	0.428	3.2	2.8
4217	1987	10	1209.6	-10.7	-5.3	0.2779	5.5	2.5
4217	1987	11	4320	-17.8	-10.7	0.1523	2.3	0.4
4217	1987	12	1209.6	-16.6	-10.8	0.1636	1.4	0.9
4217	1987	13	1296	-18	-10.7	0.1551	2.8	0.2
4217	1987	14	3888	-18.6	-15	0.1101	7.7	0
4217	1987	15	1296	-17	-11.7	0.1571	9	12.3
4217	1987	16	1296	-12.3	-10.5	0.1843	5	0
4217	1987	17	1296	-10.7	-7.4	0.2468	3.4	0
4217	1987	18	1382.4	-10.5	-8.1	0.242	3.8	0
4217	1987	19	1382.4	-9	-4.9	0.2906	2.6	0
4217	1987	20	1382.4	-12	-7.9	0.2385	1.9	0
4217	1987	21	1382.4	-9.8	-6.6	0.3066	1.2	0
4217	1987	22	1468.8	-7	-1.9	0.3911	1.2	0.8
4217	1987	23	1468.8	-1.9	1.9	0.5804	2.3	1.6
4217	1987	24	1468.8	1.2	3.2	0.6443	1.2	0.4
4217	1987	25	1468.8	0.4	1.6	0.5649	2.9	0.3
4217	1987	26	1555.2	-0.9	1.6	0.5515	2.4	3.4
4217	1987	27	5097.6	-8.4	-0.9	0.355	0.7	0.3
4217	1987	28	2332.8	-8.9	1.6	0.4154	2	2.8
4217	1987	29	5961.6	-8.9	-1.9	0.2699	1.6	0.2
4217	1987	30	6566.4	-20.4	-7.9	0.1515	0.5	0
4217	1987	31	6307.2	-20	-6	0.1597	0.4	0
4217	1987	32	6739.2	-18	-4	0.1824	0.5	0
4217	1987	33	6134.4	-16.9	-2.6	0.2014	0.4	0
4217	1987	34	5702.4	-14.4	-2	0.2472	0.5	0
4217	1987	35	1814.4	-6.5	0.5	0.4606	0.4	0.2
4217	1987	36	1814.4	0.3	3.3	0.5844	0.9	0
4217	1987	37	1814.4	1.4	4	0.6454	3.8	2
4217	1987	38	3628.8	0.8	5.6	0.6072	2.9	0.3
4217	1987	39	1900.8	-3.2	6.2	0.6264	2	3.6
4217	1987	40	1900.8	4.1	7.8	0.8663	1.3	0.9
4217	1987	41	1987.2	3.4	7.1	0.8164	1.7	4.3
4217	1987	42	4579.2	-1.2	6.4	0.6408	1	0
4217	1987	43	2073.6	-0.3	4.1	0.6516	0.8	5.3
4217	1987	44	2073.6	1	4	0.6801	1.2	2.7
4217	1987	45	2160	-1	1.6	0.5995	1.9	0.8
4217	1987	46	2160	0	1.4	0.5849	3.4	4.1
4217	1987	47	2160	-1.1	0	0.499	1	0.4
4217	1987	48	2246.4	-1.6	0.4	0.4854	1.1	0.7
4217	1987	49	2246.4	-2.7	-0.5	0.4837	2.6	2.5
4217	1987	50	4320	-6	-0.4	0.4055	2.7	0
4217	1987	51	2332.8	-1.5	0.1	0.4877	6.6	1.8
4217	1987	52	2419.2	-2.3	-0.6	0.4781	3.8	0.3
4217	1987	53	4147.2	-1.8	3.2	0.5399	1.4	0.8
4217	1987	54	7516.8	-4	2.2	0.3948	1.9	0
4217	1987	55	10108.8	-10.2	2	0.2707	1.4	0
4217	1987	56	9590.4	-10	2.7	0.308	1.9	0
4217	1987	57	2592	-8	3.3	0.3908	0.9	4.2
4217	1987	58	2678.4	-1.5	5	0.6585	1.7	10.4
4217	1987	59	2678.4	4	9.3	0.8994	1.1	6.9
4217	1987	60	2851.2	-1.9	7	0.6972	2.5	11.3
4217	1987	61	2937.6	-5.7	-1.9	0.4108	4.9	18.8
4217	1987	62	9590.4	-12.6	-4.8	0.1997	3.2	0
4217	1987	63	10800	-14	-2.9	0.2489	0.9	0
4217	1987	64	11577.6	-13.9	-0.5	0.2708	0.6	0
4217	1987	65	10540.8	-10	-1.2	0.286	1.5	0
4217	1987	66	12441.6	-11.5	-3.3	0.2561	2.8	0
4217	1987	67	11750.4	-10.8	-1.2	0.2852	2.9	0
4217	1987	68	7689.6	-6.6	-1.5	0.3397	4.6	0
4217	1987	69	13305.6	-7.3	0.9	0.3089	3.9	0
4217	1987	70	12268.8	-6.4	0.8	0.3183	4.4	0
4217	1987	71	13305.6	-7.8	0.5	0.2754	3.7	0
4217	1987	72	11923.2	-11.1	2.1	0.289	2.5	0
4217	1987	73	14083.2	-7	1.5	0.3195	3.4	0
4217	1987	74	10108.8	-9.4	4.7	0.3857	2.4	2
4217	1987	75	5270.4	-0.8	3	0.516	2.9	2.4
4217	1987	76	3628.8	-2.6	1.4	0.5264	2.2	5.1
4217	1987	77	3715.2	1	4.8	0.6471	3.7	1.6
4217	1987	78	3715.2	0.4	3.3	0.6214	2.7	2.5
4217	1987	79	10022.4	-2.2	4	0.4826	2.8	0.3
4217	1987	80	10627.2	-0.8	4.8	0.5293	2.3	0.7
4217	1987	81	8640	-1.3	6.4	0.5798	2	2.3
4217	1987	82	3888	-3.2	5.2	0.6174	1.7	17.6
4217	1987	83	3974.4	5	8.3	0.9287	2.1	6.1
4217	1987	84	4060.8	5.1	10.5	0.973	1.4	6.6
4217	1987	85	14688	2.8	11.8	0.7053	2.8	0
4217	1987	86	6825.6	-0.6	11.4	0.6725	4.4	1.7
4217	1987	87	11059.2	4.2	11.3	0.7273	5.4	1.7
4217	1987	88	12182.4	1.3	8	0.5957	2.6	0.3
4217	1987	89	12182.4	-1.8	7.1	0.6209	2	0.5
4217	1987	90	10281.6	0.7	7.3	0.5773	1.3	0
4217	1987	91	9244.8	-3.2	9.3	0.6616	1.4	1.3
4217	1987	92	4406.4	-0.5	6.6	0.5855	1.7	0
4217	1987	93	17798.4	2.6	16	0.6907	4	0
4217	1987	94	4492.8	3.6	11.5	0.8214	3.6	0
4217	1987	95	14342.4	6.3	15	0.8201	3.2	0
4217	1987	96	11577.6	2	14.5	0.807	2.2	0
4217	1987	97	16070.4	1.8	19.8	0.906	1.8	0.7
4217	1987	98	14601.6	9.6	17.2	1.0289	2.5	0
4217	1987	99	4752	2.8	14.1	0.8843	0.6	1.4
4217	1987	100	8380.8	6.5	13	1.0136	1.5	1.9
4217	1987	101	13996.8	-0.2	13.2	0.745	2.7	7.4
4217	1987	102	8640	1.8	7.1	0.7637	1.7	6.4
4217	1987	103	8553.6	2.3	10.6	0.7328	1.2	0
4217	1987	104	16156.8	-0.6	14.1	0.6694	1.1	0
4217	1987	105	6652.8	6.9	15.2	0.9869	1.3	0
4217	1987	106	5097.6	3.9	12.7	0.8972	1.2	0.1
4217	1987	107	17020.8	5.8	17.6	0.9616	1.2	0
4217	1987	108	17798.4	3	19.1	0.9869	0.8	0.9
4217	1987	109	15897.6	4.8	21.6	1.1671	1.3	4
4217	1987	110	17625.6	9.6	16.3	0.9097	3.8	0.9
4217	1987	111	9849.6	5.3	11.8	0.7679	2.5	0.7
4217	1987	112	20822.4	1.4	15.1	0.7633	1.7	0
4217	1987	113	21340.8	1.2	18.6	0.7922	1.1	0
4217	1987	114	22291.2	2.4	21.8	0.9168	0.8	0
4217	1987	115	18144	3.2	23.5	0.8725	1.2	0
4217	1987	116	21600	7.1	19.9	0.8965	2.2	0
4217	1987	117	23760	5.6	15.6	0.613	3.6	0
4217	1987	118	24278.4	0.6	20.7	0.6151	1.5	0
4217	1987	119	23760	2	24.9	0.832	1.4	0
4217	1987	120	7430.4	7	23.6	1.0418	1.3	0.9
4217	1987	121	14428.8	9.6	20	1.2778	1.9	0
4217	1987	122	16416	8	22.9	1.3849	2	1.1
4217	1987	123	13996.8	6	16	1.1017	1.9	19
4217	1987	124	5875.2	3.7	7.5	0.8183	2.3	0.4
4217	1987	125	5875.2	7.1	10	1.0016	2.5	0.1
4217	1987	126	7344	7	9.6	0.7988	2.9	0
4217	1987	127	20390.4	4.9	14.4	0.815	2.2	0
4217	1987	128	24451.2	1.5	15.9	0.7982	1.7	0
4217	1987	129	23414.4	2.4	22.2	0.9146	1.7	0
4217	1987	130	19180.8	3.9	19.8	1.1515	2	6.1
4217	1987	131	18662.4	1.4	13.6	0.6217	2.9	0
4217	1987	132	6134.4	6.4	11.5	0.9833	4	11.7
4217	1987	133	18748.8	3.6	11.2	0.7616	2.3	1.1
4217	1987	134	16416	3.3	11.6	0.7642	3.6	8.4
4217	1987	135	12268.8	6.6	13.4	0.9939	3.2	1.1
4217	1987	136	18835.2	6.4	12.5	0.8514	2.9	0.3
4217	1987	137	23328	1.1	14.7	0.6922	1.5	0
4217	1987	138	11318.4	2.4	15.4	0.8775	1.5	0
4217	1987	139	18230.4	4.5	18.4	0.9323	1.9	0
4217	1987	140	15724.8	5.2	13.5	0.7987	2.8	4.4
4217	1987	141	12268.8	3	10.3	0.8701	2.3	6.8
4217	1987	142	9072	6	11.3	0.9748	1.2	8.5
4217	1987	143	12787.2	7	14.5	1.1351	1.2	0
4217	1987	144	17280	6.4	19.5	1.1184	1.6	0
4217	1987	145	24105.6	6.2	20.6	1.0596	1.8	0
4217	1987	146	25747.2	5.7	23	0.931	1.2	0
4217	1987	147	18057.6	7.9	21	1.3315	2.6	2.9
4217	1987	148	21168	9.9	16	0.9991	2.5	0.3
4217	1987	149	6566.4	6	12.4	1.0349	1.4	5.6
4217	1987	150	6566.4	8.3	13.5	1.1465	1.8	3.8
4217	1987	151	9331.2	10.3	18.5	1.36	1.3	5.2
4217	1987	152	17971.2	10.4	19.8	1.2342	2.1	1.3
4217	1987	153	7257.6	10.9	14.7	1.3586	1.4	13.4
4217	1987	154	8467.2	10.8	16.5	1.4047	1.9	3.1
4217	1987	155	15552	11.8	17.1	1.2986	2.8	0.3
4217	1987	156	15897.6	10.6	18.8	1.2863	2.7	0.6
4217	1987	157	11059.2	7.7	19.5	1.2602	2.8	4.1
4217	1987	158	20908.8	10.8	19.7	1.298	3.1	1.5
4217	1987	159	15033.6	12.1	16.6	1.0126	5.2	0
4217	1987	160	21254.4	8.2	18.2	1.0156	2.7	0
4217	1987	161	23414.4	5.6	19.8	0.9829	2	0
4217	1987	162	18230.4	5.9	22.3	1.1892	2	0.3
4217	1987	163	8553.6	10.9	16.2	1.3956	1.1	3.9
4217	1987	164	9504	11.4	14.8	1.3704	1.6	19.1
4217	1987	165	15292.8	11.8	18.5	1.2381	1.8	1.2
4217	1987	166	6652.8	9.9	14.2	1.2933	2.5	18.7
4217	1987	167	12268.8	8.1	14.5	1.1238	2.1	0.2
4217	1987	168	19612.8	5.9	15.3	1.0472	2.6	6.4
4217	1987	169	6652.8	8.5	13	1.0577	2.5	0.5
4217	1987	170	10281.6	6.5	17	1.144	1.7	4.7
4217	1987	171	9244.8	10.4	18.9	1.3988	0.9	8.6
4217	1987	172	18576	10.6	18.1	1.1759	1.6	0
4217	1987	173	16675.2	6.6	19.3	1.1333	1.9	7.6
4217	1987	174	13737.6	12.6	18.5	1.4114	2.5	3.9
4217	1987	175	10713.6	10.5	17.9	1.4072	1.9	4.9
4217	1987	176	12787.2	11	17.9	1.2164	2	2.5
4217	1987	177	11836.8	11.4	20.2	1.5417	1.7	0
4217	1987	178	22896	12.8	23	1.372	2.8	0.2
4217	1987	179	12441.6	15.1	23.9	1.7651	1.7	0
4217	1987	180	26352	15.5	30	1.9608	0.9	0
4217	1987	181	26611.2	16	32.4	2.1999	1.5	0
4217	1987	182	10713.6	18.5	24.9	1.8915	1.7	0
4217	1987	183	12528	14.6	21.6	1.4723	2.8	0
4217	1987	184	16070.4	16	24	1.6339	3	0
4217	1987	185	21945.6	14.2	24	1.3686	2.9	0
4217	1987	186	28684.8	10.4	23.9	1.1329	3.1	0
4217	1987	187	28857.6	10.2	27.5	1.2823	1.8	0
4217	1987	188	24019.2	11.3	30.3	1.4713	1.5	9.6
4217	1987	189	6566.4	18.2	23.2	2.0228	1.2	0.6
4217	1987	190	21772.8	12.4	20.9	1.2111	2.5	0
4217	1987	191	22982.4	7.2	21.9	1.0258	1.8	0
4217	1987	192	25574.4	13.2	28	1.4775	2.4	0
4217	1987	193	20649.6	14.6	25.4	1.5639	2.5	0
4217	1987	194	19958.4	9.4	20.4	1.1676	1.4	0
4217	1987	195	26265.6	7.7	25.1	1.2107	2.2	0
4217	1987	196	23155.2	13.2	28.8	1.6136	2.2	0
4217	1987	197	16070.4	14.7	28.6	1.9115	1.2	3.9
4217	1987	198	14774.4	17.7	25.6	1.9115	3	0.7
4217	1987	199	14860.8	14.9	21.8	1.622	2.1	4.9
4217	1987	200	22982.4	12.7	22.5	1.3866	2	0.7
4217	1987	201	15292.8	13	20.5	1.6569	1.9	7.9
4217	1987	202	15379.2	13.7	22	1.5923	2.2	0.3
4217	1987	203	15638.4	12.4	22.8	1.5674	1.3	6.6
4217	1987	204	19008	14.6	23.4	1.733	2.1	0.8
4217	1987	205	17884.8	10.9	22.3	1.5091	2	2.8
4217	1987	206	14256	11.3	19.5	1.3979	2.1	0.6
4217	1987	207	16588.8	6.4	15.5	0.9935	2.5	2.4
4217	1987	208	9331.2	8.5	16.1	1.2719	3.3	17.3
4217	1987	209	7257.6	10.7	15.9	1.3121	2.2	1.3
4217	1987	210	8208	12.2	17.4	1.4628	1.8	5.7
4217	1987	211	13564.8	12.8	17.2	1.5328	1.3	7.9
4217	1987	212	6739.2	12.3	19.1	1.4963	2.5	1.1
4217	1987	213	11750.4	14	19.5	1.4283	3.5	4.3
4217	1987	214	8812.8	12	16	1.469	2.1	3.3
4217	1987	215	9936	9.5	17.4	1.325	2	6.9
4217	1987	216	19785.6	7.8	19.4	1.1668	2.1	1.8
4217	1987	217	18403.2	7.6	17.5	1.075	2.8	0.7
4217	1987	218	18403.2	8.4	17.1	1.1922	2.3	1.3
4217	1987	219	17107.2	5.4	19	0.9228	1.9	0.1
4217	1987	220	20649.6	8.4	22	1.0868	2.6	0
4217	1987	221	7776	11.9	16.5	1.4396	1.1	17.4
4217	1987	222	10195.2	12	18.1	1.3669	2.2	0.3
4217	1987	223	18489.6	7.6	20.3	1.2096	1.1	0
4217	1987	224	12096	9.6	22.1	1.2949	1.3	0
4217	1987	225	12787.2	12	21.9	1.5237	1.3	6.7
4217	1987	226	13910.4	15	25.2	1.8789	2.2	0
4217	1987	227	12787.2	14	19.5	1.3331	2.3	0
4217	1987	228	7430.4	9.3	18.8	1.2975	1.2	0
4217	1987	229	20131.2	12.1	29	1.811	1.2	0
4217	1987	230	7603.2	16.2	21.3	2.0086	0.9	20
4217	1987	231	11750.4	16	25	1.9018	1.8	0
4217	1987	232	16416	14.4	25.2	1.7291	0.9	0
4217	1987	233	19612.8	13.9	28	1.9304	1.1	0
4217	1987	234	20736	12.6	29	1.8391	1	0
4217	1987	235	8380.8	14.7	21.8	1.8421	1.2	4.3
4217	1987	236	12528	17	26	2.0989	1.8	1.5
4217	1987	237	6048	15.3	20.4	1.5311	3.2	0
4217	1987	238	10195.2	13.2	18.8	1.38	4	2.8
4217	1987	239	9763.2	12.9	19.7	1.4621	2.7	0.3
4217	1987	240	7430.4	13.5	18.5	1.4344	2.9	0.1
4217	1987	241	5443.2	13.9	18.6	1.5866	1.9	0.1
4217	1987	242	9849.6	13.2	21	1.6551	0.9	0
4217	1987	243	15552	9.6	19	1.2861	1.5	0
4217	1987	244	17971.2	7.2	26.3	1.4093	1.5	0
4217	1987	245	14860.8	15.8	24.5	1.8376	1.3	0
4217	1987	246	16675.2	10.9	26	1.6534	0.5	0
4217	1987	247	15379.2	13.3	27.4	1.8604	0.9	1.1
4217	1987	248	8812.8	15	22.5	1.7926	1.6	1.5
4217	1987	249	13305.6	13.7	19.2	1.4388	2.6	0.4
4217	1987	250	8985.6	12.6	21.5	1.6692	3.1	9.6
4217	1987	251	14774.4	10.3	19	1.3655	1.5	0
4217	1987	252	14947.2	9.8	21.4	1.3629	1.8	0
4217	1987	253	9417.6	9.2	20.2	1.2863	2.5	0.2
4217	1987	254	11836.8	12.4	18.6	1.3718	2.5	1
4217	1987	255	12528	11.5	23.7	1.5674	3.7	0
4217	1987	256	3974.4	15.4	21.2	1.7009	2.6	0.1
4217	1987	257	5961.6	13.8	22.9	1.7484	3.5	1.6
4217	1987	258	10454.4	10.5	17.8	1.2898	1.9	0
4217	1987	259	12355.2	7.6	21.5	1.3236	0.5	0
4217	1987	260	10972.8	9.7	25.8	1.7446	0.7	0.1
4217	1987	261	5011.2	16.2	22.8	1.9009	0.8	1.7
4217	1987	262	10368	11.9	21	1.5322	0.8	0
4217	1987	263	8121.6	13	23.3	1.6434	2.3	0
4217	1987	264	12528	11.8	27.1	1.895	0.9	0
4217	1987	265	10022.4	14.7	27.3	2.0852	1.1	8.6
4217	1987	266	6912	14.7	22.1	1.8384	1.9	18.4
4217	1987	267	9936	11.1	18.1	1.4109	2.6	3.7
4217	1987	268	11404.8	9.1	17	1.1408	2.2	0
4217	1987	269	6220.8	5.8	15	1.0586	1	0.6
4217	1987	270	9504	5	14.4	0.9621	1.6	0.5
4217	1987	271	8726.4	1.4	13.3	0.841	1.1	0
4217	1987	272	4406.4	2	11.1	0.8641	1	0
4217	1987	273	10886.4	1	12.2	0.8184	2.6	0
4217	1987	274	12528	0.8	14.3	0.8422	2.5	0
4217	1987	275	11923.2	1.6	14.3	0.8227	2.9	0
4217	1987	276	12441.6	0.8	15.2	0.8577	2.1	0
4217	1987	277	7084.8	1.1	13.7	0.8542	1.6	0
4217	1987	278	6048	5.8	20.6	1.1975	0.9	0
4217	1987	279	9849.6	7.1	20.4	1.2882	2.8	4.2
4217	1987	280	10195.2	8.2	14.5	0.9262	3.7	0.3
4217	1987	281	4233.6	8.3	14.7	1.0168	5.3	8.2
4217	1987	282	11836.8	5	14.5	0.9412	2.9	0
4217	1987	283	11145.6	1.8	21.3	1.0065	1.4	0
4217	1987	284	5788.8	9.3	16	1.1552	1.5	6.2
4217	1987	285	2592	5.7	12.1	1.0826	2.4	4.2
4217	1987	286	4147.2	5.3	11.3	0.9848	2.1	10.2
4217	1987	287	7430.4	7.2	13.6	1.0586	1.9	3.9
4217	1987	288	2505.6	6.9	17.6	1.2107	3.6	3
4217	1987	289	3974.4	13	20.3	1.4004	2.6	1.3
4217	1987	290	3715.2	7.8	13.1	1.1633	1.1	0.3
4217	1987	291	6393.6	5.6	12.5	1.0706	0.6	0
4217	1987	292	8985.6	1.8	16	0.923	2	0
4217	1987	293	6825.6	5.2	13.6	0.9664	1.8	0
4217	1987	294	2246.4	6.5	12.5	1.056	1.3	15
4217	1987	295	2246.4	6.9	10.7	1.0866	0.6	8
4217	1987	296	2160	6.2	9.5	0.9551	2.6	4.5
4217	1987	297	2160	7.2	10.5	1.0108	1.2	0.3
4217	1987	298	5443.2	3.7	9.1	0.8552	0.7	0
4217	1987	299	7862.4	2.6	10.5	0.8447	2.8	0
4217	1987	300	5702.4	2.6	13.9	0.916	2.4	0
4217	1987	301	3542.4	3.8	13.7	0.9363	0.5	0.5
4217	1987	302	2764.8	6.4	11.6	0.9866	0.8	0.1
4217	1987	303	5961.6	5.5	12	0.925	0.7	0
4217	1987	304	4233.6	3.9	13.1	0.9206	0.7	0
4217	1987	305	1900.8	4.8	10.5	1.005	1.3	1.9
4217	1987	306	1814.4	8.8	12	1.1342	1.7	0.5
4217	1987	307	1814.4	7.5	9	0.8724	2.2	0
4217	1987	308	3196.8	0.8	8	0.669	1.6	0
4217	1987	309	4147.2	-0.8	3.6	0.6557	1.1	0
4217	1987	310	1728	1.5	7.4	0.7049	0.9	0
4217	1987	311	1728	4	6.4	0.7075	1.4	0
4217	1987	312	1641.6	1.1	4	0.6679	1.9	0
4217	1987	313	1641.6	1.6	5.6	0.7036	1.7	0
4217	1987	314	1641.6	2.6	5.2	0.7509	2.2	4.4
4217	1987	315	2505.6	4.5	10.5	0.8497	2.8	1.6
4217	1987	316	2764.8	6.1	9.2	0.9003	4.7	10
4217	1987	317	3369.6	4	10.5	0.8149	3.4	6.1
4217	1987	318	1468.8	2.9	7.2	0.7789	3.7	0.1
4217	1987	319	2592	1.8	7.3	0.6676	3.3	2.3
4217	1987	320	2246.4	5.2	11.3	0.9814	3.7	6.1
4217	1987	321	1728	6.7	9.6	0.9315	4.1	1
4217	1987	322	2073.6	7.2	10.8	0.9866	2.3	0.2
4217	1987	323	1382.4	6.9	9.1	0.9435	3.2	9.2
4217	1987	324	1814.4	4.5	7.6	0.8536	3.1	8.4
4217	1987	325	2505.6	4.4	6.8	0.7638	2.1	3.5
4217	1987	326	1296	4.4	5.4	0.8227	1.9	5.3
4217	1987	327	1296	2.5	6.6	0.7352	2.2	0
4217	1987	328	1296	-0.3	2.5	0.5954	5.6	0
4217	1987	329	1296	0.6	3	0.6609	3.2	11.5
4217	1987	330	1296	0.4	3.1	0.6447	1.2	0
4217	1987	331	1209.6	1.8	2.9	0.644	0.8	0
4217	1987	332	1209.6	0.9	4	0.6267	0.8	0
4217	1987	333	1209.6	1	3.8	0.668	0.7	0
4217	1987	334	1209.6	-0.4	1.1	0.5891	2	0
4217	1987	335	3369.6	0.5	3	0.5754	4.3	0
4217	1987	336	1209.6	1	1.9	0.4885	5.1	0
4217	1987	337	4320	-1.2	3.4	0.5028	3.6	0
4217	1987	338	2160	-3.8	1.5	0.5	1.4	0
4217	1987	339	2332.8	-4.8	1.8	0.4983	0.8	0
4217	1987	340	1123.2	-2.8	0.1	0.5093	1.8	0
4217	1987	341	3110.4	-3.6	1.6	0.4317	1.9	0
4217	1987	342	3196.8	-9.4	-3.4	0.3448	1	0
4217	1987	343	4147.2	-12.4	-4.3	0.2769	1.4	0
4217	1987	344	1123.2	-11.4	-1.5	0.3133	2.2	0.2
4217	1987	345	1987.2	-1.5	4.5	0.6196	2.4	0.2
4217	1987	346	1123.2	-1.5	1.3	0.5702	0.7	0
4217	1987	347	3110.4	-3.8	0.7	0.4364	2.1	0
4217	1987	348	1123.2	-5.1	-3.4	0.3614	1.2	0
4217	1987	349	1123.2	-3.8	1	0.4964	1.7	0.9
4217	1987	350	1123.2	1	4.2	0.7071	1.1	11.5
4217	1987	351	1036.8	4.2	10.3	0.9474	2	22.8
4217	1987	352	1036.8	8.1	14.5	1.2175	3.2	6.4
4217	1987	353	1296	6.9	12	1.017	2.6	4.5
4217	1987	354	1036.8	6	8.9	0.9501	2.7	1.4
4217	1987	355	1036.8	8	9.2	1.0497	2.5	0.4
4217	1987	356	2332.8	3.3	10.6	0.7884	2.1	0
4217	1987	357	1036.8	-0.7	3.5	0.6625	0.8	0
4217	1987	358	1555.2	-1.8	1	0.546	0.7	0
4217	1987	359	1123.2	-2	1.7	0.5681	1.8	1
4217	1987	360	1123.2	1.5	5.3	0.7327	2.2	1.1
4217	1987	361	2764.8	4.5	8.8	0.8016	3	0
4217	1987	362	1123.2	5.8	10.3	0.9144	2.9	0
4217	1987	363	1123.2	5.9	10.9	0.9364	3	2.7
4217	1987	364	3456	6	12.1	0.99	3	0
4217	1987	365	1382.4	6	10.3	0.9315	1.3	0
