*---------------------------------------------------------------------------*
* Station name: BAD MARIENBERG                          
* Year: 2012
* Author: Pedro Alencar                                   -999.000: NIL VALUE
* Source: ECAD 
* Comments: 
* Longitude: 50.6631, latitude: 50.6631, altitude: 547 m.
*
* Column  Daily value
* 1       station number
* 2       year
* 3       day
* 4       irradiation                   (kJ m-2 d-1)
* 5       minimum temperature           (degrees Celsius)
* 6       maximum temperature           (degrees Celsius)
* 7       early morning vapour pressure (kPa)
* 8       mean wind speed (height: 2 m) (m s-1)
* 9       precipitation                 (mm d-1)
*
** WCCDESCRIPTION=GERMANY, BAD MARIENBERG                          
** WCCFORMAT=2
** WCCYEARNR=2012
*---------------------------------------------------------------------------*
   50.6631  7.9594    547.  -0.18 -0.55
4390	2012	1	1123.2	5.7	10	1.0188	5.8	14.3
4390	2012	2	1123.2	0.3	9.9	0.8255	4.4	9.4
4390	2012	3	1123.2	0.4	7	0.7165	8	8.6
4390	2012	4	1123.2	1.5	4	0.6253	6.1	9.7
4390	2012	5	1382.4	-1.2	5.7	0.6681	7.8	25.5
4390	2012	6	1123.2	-0.9	2.4	0.6258	5.6	7.2
4390	2012	7	1382.4	-0.5	4.1	0.6609	5.5	14.8
4390	2012	8	1209.6	0.4	2.6	0.6537	5.1	3.4
4390	2012	9	1209.6	1.1	5.1	0.7479	3.9	6
4390	2012	10	2419.2	3.2	5.6	0.761	3.8	0
4390	2012	11	1209.6	4.1	5.7	0.7621	3.1	2.1
4390	2012	12	1209.6	1.6	6	0.7617	5.3	6.2
4390	2012	13	1728	0	1.6	0.5762	5	0.9
4390	2012	14	1900.8	-1.5	1.6	0.5642	3	0
4390	2012	15	5702.4	-3.2	1.5	0.4422	2.3	0
4390	2012	16	5875.2	-4.7	1.1	0.3695	2.2	0
4390	2012	17	5356.8	-3.1	3.9	0.3585	1.2	0
4390	2012	18	4665.6	-3.8	1.8	0.4601	4.5	6.5
4390	2012	19	1382.4	0.1	7.8	0.786	5.4	31.5
4390	2012	20	1382.4	-1	2.5	0.6193	4.7	9.7
4390	2012	21	1382.4	-1	5.7	0.7018	5.5	16.4
4390	2012	22	1382.4	0.6	4.3	0.6558	6.6	10.6
4390	2012	23	1468.8	-0.5	2.1	0.6215	4.4	5.6
4390	2012	24	1728	-1.6	0.6	0.5774	3	1.2
4390	2012	25	5788.8	-2.8	-0.1	0.5386	4	0
4390	2012	26	4492.8	-4.1	-1.4	0.4642	5.6	2.2
4390	2012	27	1555.2	-2	-0.3	0.5506	2.2	0
4390	2012	28	1814.4	-3.6	-0.6	0.5029	1.7	0
4390	2012	29	1555.2	-4.9	-2.7	0.4292	3	0
4390	2012	30	1641.6	-5.1	-3.9	0.3853	3.3	0
4390	2012	31	7084.8	-10.5	-5.1	0.2585	5	0
4390	2012	32	7516.8	-12.3	-6.2	0.1943	6.7	0
4390	2012	33	7603.2	-14	-7.1	0.1425	6.7	0
4390	2012	34	6825.6	-14.6	-7.2	0.1732	3.6	0
4390	2012	35	7084.8	-13.8	-6.8	0.2068	2.5	0
4390	2012	36	7948.8	-14.8	-8.2	0.1676	4	0
4390	2012	37	8208	-14.8	-8.7	0.1444	3	0
4390	2012	38	6134.4	-16.4	-9.4	0.1361	4.8	0.2
4390	2012	39	7516.8	-10.9	-5.7	0.2322	4.2	0
4390	2012	40	4233.6	-11.3	-6.3	0.2328	3	0.3
4390	2012	41	8553.6	-12.9	-6.2	0.2135	4.3	0
4390	2012	42	8812.8	-14.4	-6.4	0.1968	5.5	0
4390	2012	43	6566.4	-11.7	-3.3	0.2158	2.4	0.1
4390	2012	44	2073.6	-7.1	-1.5	0.4223	2.7	1.4
4390	2012	45	2073.6	-2	-0.3	0.5449	2.8	9.1
4390	2012	46	2073.6	-0.8	1.3	0.5911	6	1.8
4390	2012	47	2505.6	-1.1	2	0.606	3.3	2.3
4390	2012	48	2160	1.2	3	0.7037	3.7	6.8
4390	2012	49	2246.4	1.8	3.4	0.7218	5.1	3.9
4390	2012	50	3974.4	-2.2	3.3	0.6168	4.8	3.7
4390	2012	51	3974.4	-3.7	0.5	0.4783	2.3	0
4390	2012	52	2764.8	-4.1	2.3	0.4692	2.6	0
4390	2012	53	10022.4	-1.7	6.2	0.546	3.2	1.2
4390	2012	54	2419.2	0.5	3.8	0.6919	3.3	1
4390	2012	55	2419.2	3.2	7.6	0.8788	3.7	3.5
4390	2012	56	4060.8	1.4	6.5	0.7455	3.8	0.2
4390	2012	57	2505.6	0.6	2.7	0.6676	3.7	2.3
4390	2012	58	3974.4	1	4.5	0.6625	2.5	1.5
4390	2012	59	2592	3.9	6.4	0.8548	3.4	2.2
4390	2012	60	3110.4	4.4	8.9	0.958	2.9	0.1
4390	2012	61	11836.8	2.9	13.9	1.0135	1.1	0
4390	2012	62	2851.2	3.5	8.4	0.885	2.4	0
4390	2012	63	2937.6	3.5	4.9	0.8164	3.6	0.2
4390	2012	64	5270.4	2.9	8.6	0.8269	3.3	2.3
4390	2012	65	4320	0.3	4.4	0.6005	6.4	0.5
4390	2012	66	9244.8	-0.7	7.5	0.5378	3.4	0
4390	2012	67	5616	-0.2	4.3	0.5312	4.6	5.4
4390	2012	68	7084.8	-0.1	4.1	0.6492	4.1	2.6
4390	2012	69	9936	-2.1	7.5	0.586	2.2	0
4390	2012	70	3283.2	3.6	6.4	0.7762	2.9	2.4
4390	2012	71	4060.8	4.3	7.2	0.7993	3.8	0
4390	2012	72	3369.6	3.5	5.3	0.8112	3.4	0
4390	2012	73	3369.6	2.8	4.8	0.7296	2.4	0
4390	2012	74	9331.2	0.4	8.1	0.7117	1.5	0
4390	2012	75	15984	-0.4	14.1	0.7037	2.9	0
4390	2012	76	16156.8	6.4	18.7	0.6828	2.4	0
4390	2012	77	13478.4	6.4	15.8	0.8186	4.3	1.7
4390	2012	78	4147.2	3.2	6.9	0.7789	3.2	4
4390	2012	79	15120	0.6	7.9	0.5876	2.8	0
4390	2012	80	17193.6	0.6	10.5	0.5165	1.9	0
4390	2012	81	17280	5	14.2	0.645	2.6	0
4390	2012	82	17625.6	6.6	15.8	0.8373	4.2	0
4390	2012	83	16675.2	7.2	16.8	0.8827	2.8	0
4390	2012	84	16934.4	7.9	16.9	0.8056	2.6	0
4390	2012	85	18316.8	7.9	18.4	0.7101	3.3	0
4390	2012	86	18403.2	6	17	0.5694	3	0
4390	2012	87	17884.8	5.4	16.3	0.7661	3.7	0
4390	2012	88	19008	7	16.9	0.7122	3.9	0
4390	2012	89	6307.2	3.7	8.4	0.7223	4.9	3
4390	2012	90	4752	4.1	6.4	0.843	5	2.8
4390	2012	91	5443.2	-1.7	5.3	0.5983	4.6	1.4
4390	2012	92	19267.2	-3.2	6.9	0.4608	3.1	0
4390	2012	93	6566.4	-0.6	8.2	0.6254	2.5	0
4390	2012	94	16156.8	4.1	14.6	0.6813	2.5	6.9
4390	2012	95	9072	4	10.5	0.8964	2.5	0
4390	2012	96	4492.8	2.1	4.8	0.704	3.5	0
4390	2012	97	12787.2	1.6	8	0.6364	2.6	1.1
4390	2012	98	7516.8	-1.8	3.5	0.5133	3.2	0.4
4390	2012	99	16761.6	-3.3	4.7	0.3471	2.1	1.7
4390	2012	100	4665.6	-0.2	5.8	0.7022	4.2	12.4
4390	2012	101	6307.2	5.6	11.8	0.9669	5.9	2.3
4390	2012	102	11145.6	3.7	8.9	0.7157	3.1	0
4390	2012	103	10281.6	2.2	9.4	0.7652	2.3	5.2
4390	2012	104	11318.4	1.6	9.2	0.6905	2.1	0
4390	2012	105	14169.6	3.3	10.2	0.5906	2.7	0
4390	2012	106	14083.2	1.9	8.2	0.6914	5.4	0.2
4390	2012	107	14688	-0.1	5.3	0.4861	4.1	0
4390	2012	108	20995.2	-1.3	8.2	0.4224	4.6	0.8
4390	2012	109	13132.8	2.3	9.6	0.7173	5.4	1.3
4390	2012	110	12268.8	2.8	10	0.7303	5.3	2.7
4390	2012	111	16243.2	1.9	11	0.7714	3.6	0.1
4390	2012	112	8812.8	2.2	8.2	0.7694	4	8
4390	2012	113	12268.8	2.1	8.7	0.7622	4.6	1.2
4390	2012	114	11318.4	2.4	8.5	0.7289	5	2.8
4390	2012	115	9590.4	3.6	8	0.8297	4.9	7.3
4390	2012	116	11577.6	3.7	10.2	0.8483	5.8	5.5
4390	2012	117	7430.4	6.7	10.1	0.8813	6.3	0.6
4390	2012	118	11923.2	7.2	14.5	1.0258	3.2	3
4390	2012	119	20304	10.5	25.2	1.0411	4.2	0
4390	2012	120	15292.8	11.5	21.1	0.9069	4.3	0.8
4390	2012	121	19612.8	10.7	21.1	0.9201	4.3	0
4390	2012	122	18748.8	11.6	18.1	1.1807	3.7	0
4390	2012	123	10022.4	9.4	18.7	1.4257	3.5	2.7
4390	2012	124	13564.8	6	14.9	0.9862	3.1	0
4390	2012	125	17625.6	7.1	18.2	1.0382	3.4	6.6
4390	2012	126	5788.8	5.9	11.1	1.0426	2.3	1.2
4390	2012	127	5788.8	4.8	9.8	0.9404	2.5	8.1
4390	2012	128	13478.4	4.6	10.7	0.9422	2	0
4390	2012	129	22636.8	6.4	17.6	0.9388	4.8	0
4390	2012	130	8899.2	11	16.2	1.3846	4	1.2
4390	2012	131	14256	11.8	22.2	1.4318	4	0.1
4390	2012	132	13824	8.3	22	1.3757	3.7	4.1
4390	2012	133	16156.8	1.8	10.4	0.6871	3.6	0.5
4390	2012	134	26352	0.8	11.7	0.5801	2.2	0
4390	2012	135	27734.4	2.7	14.6	0.5938	3.2	0.2
4390	2012	136	13046.4	2.5	10.2	0.7565	3	14.4
4390	2012	137	14601.6	2	7.8	0.7448	3.9	8.9
4390	2012	138	25488	0.8	12	0.5669	3.6	0
4390	2012	139	13478.4	5.6	14.5	0.8987	6.1	5.5
4390	2012	140	17280	9.4	18.9	1.2576	3	0
4390	2012	141	17712	11.7	20.9	1.4251	2.4	6.9
4390	2012	142	14428.8	13.2	21.6	1.3494	4	0
4390	2012	143	26784	15.5	25	1.4223	3.3	0
4390	2012	144	15379.2	14.8	21	1.6383	3.8	2.6
4390	2012	145	27475.2	15	24.7	1.2488	4.7	0
4390	2012	146	28684.8	11.1	20.2	0.7458	4.4	0
4390	2012	147	28771.2	11.7	20.6	0.7699	4.4	0
4390	2012	148	19785.6	13.3	21.3	0.9465	2.9	0
4390	2012	149	25660.8	14.3	23	1.0732	2.5	0
4390	2012	150	26611.2	10.6	21.4	1.1258	3.7	0
4390	2012	151	21945.6	12	20.1	1.2751	2.9	0
4390	2012	152	12787.2	10.3	17.9	1.2856	3.3	10.4
4390	2012	153	11232	8.9	14.6	1.1853	3.6	0.1
4390	2012	154	23328	7.6	15	0.8964	2.7	0.9
4390	2012	155	6480	7.1	12.7	1.0725	3.9	10.8
4390	2012	156	12268.8	4.5	16.4	1.1253	4.4	5.4
4390	2012	157	16848	4.3	12.1	0.8042	3.1	0.3
4390	2012	158	9417.6	6.9	14.6	1.1222	4	9.2
4390	2012	159	13824	10.4	19.2	1.446	4	2.1
4390	2012	160	18489.6	9.6	17.6	1.1979	4.7	1.5
4390	2012	161	14688	8.8	14.3	0.9249	4.2	0
4390	2012	162	18403.2	7.7	16.5	0.8745	2.4	0
4390	2012	163	13132.8	10	14.8	1.1508	3.1	9.1
4390	2012	164	16675.2	9.9	17.3	1.2602	2.4	6.7
4390	2012	165	6566.4	8.6	10.7	1.1146	2.8	1.5
4390	2012	166	14428.8	8.3	15.3	1.1201	1.7	0
4390	2012	167	9417.6	10.5	17.5	1.2933	4.1	5.8
4390	2012	168	6566.4	10.7	15.4	1.3809	3.4	13.5
4390	2012	169	25660.8	10.3	18.4	1.1269	3.8	0
4390	2012	170	22464	10.9	22.4	1.3247	5.2	0
4390	2012	171	14601.6	10.7	19	1.3494	2.3	30.9
4390	2012	172	6566.4	14.3	17.4	1.6726	2.6	13.8
4390	2012	173	12182.4	12.8	19.6	1.5632	2.8	8.7
4390	2012	174	17107.2	10.8	16.5	1.1862	4.7	0
4390	2012	175	17884.8	8.7	17.4	1.0507	2.1	0
4390	2012	176	14256	9.3	15.6	1.169	4.6	9.9
4390	2012	177	12787.2	9	14.5	1.1853	3.7	1.6
4390	2012	178	25228.8	8.2	18.5	1.0562	3	0
4390	2012	179	10886.4	12.2	18.1	1.4273	2.1	6.2
4390	2012	180	19785.6	14.8	24.7	1.8387	4.3	8.7
4390	2012	181	14342.4	14.7	22.7	1.8516	3.4	4.8
4390	2012	182	21859.2	13.6	22.9	1.5072	1.8	0
4390	2012	183	14688	10.6	17.1	1.265	2.8	2.2
4390	2012	184	9072	9.2	14.5	1.0822	2.2	0.5
4390	2012	185	25747.2	11.1	22	1.2035	1.6	0
4390	2012	186	26870.4	14.7	23.5	1.3686	2.8	0
4390	2012	187	13737.6	15.2	23.1	1.705	2.6	0.9
4390	2012	188	16761.6	14.3	20.5	1.528	3.3	0.1
4390	2012	189	23587.2	14.2	21.5	1.3269	2.6	0.2
4390	2012	190	13132.8	13.1	18.5	1.4163	5.5	7.5
4390	2012	191	19699.2	11.7	19.7	1.3894	3.4	9.9
4390	2012	192	15465.6	11.4	21.1	1.5313	2.7	8.6
4390	2012	193	10713.6	9.6	14.9	1.2535	3.4	9.4
4390	2012	194	14947.2	8.6	15.4	1.1209	4.2	16.3
4390	2012	195	8899.2	10.4	15.8	1.4005	4.5	48.3
4390	2012	196	9158.4	10	14.8	1.2803	3.7	6.9
4390	2012	197	7084.8	9.2	13	1.2278	3.2	5.4
4390	2012	198	10800	8.8	14.8	1.1892	4.1	16.4
4390	2012	199	6998.4	11.3	15.1	1.3945	4.6	11.3
4390	2012	200	15811.2	11.6	21	1.3881	4	0
4390	2012	201	13651.2	11	17.5	1.2982	4.1	3
4390	2012	202	11664	10.8	15.8	1.2968	2.4	0.5
4390	2012	203	11836.8	8.3	14.8	1.0745	2.6	0
4390	2012	204	20304	7.7	18.3	0.9874	2	0
4390	2012	205	27648	9.8	20.8	0.9202	3.5	0
4390	2012	206	27302.4	15.1	25	1.1941	3.6	0
4390	2012	207	27302.4	18.9	27.2	1.5467	2.3	0
4390	2012	208	21081.6	19.3	26.7	1.6262	2.4	0
4390	2012	209	23068.8	16.4	29.7	1.8561	3.7	7.6
4390	2012	210	12960	15	19.2	1.7329	2.1	8.8
4390	2012	211	16675.2	10.2	16.7	1.1401	3.2	1.4
4390	2012	212	16416	9.8	17.3	1.0855	2.9	0
4390	2012	213	15552	9.5	18.1	1.1348	2	0
4390	2012	214	25833.6	13.8	25	1.4169	4.3	0
4390	2012	215	14688	15.3	21.4	1.5588	3.3	0.1
4390	2012	216	18835.2	13.2	21.5	1.4242	1.9	0.6
4390	2012	217	19353.6	13.2	22.9	1.385	2.2	1
4390	2012	218	14169.6	14.4	21.6	1.6074	2.3	8.5
4390	2012	219	15552	11.7	18.2	1.3751	4.4	5.7
4390	2012	220	12873.6	10.5	16.5	1.2675	3.1	0
4390	2012	221	17798.4	9.5	18.7	1.2535	2.1	0
4390	2012	222	17366.4	11.9	20.1	1.4889	2.3	0
4390	2012	223	23414.4	10	18.7	1.1923	3	0
4390	2012	224	21427.2	10.3	18.2	1.1359	3.3	0
4390	2012	225	24537.6	11	20.5	1.0901	4.7	0
4390	2012	226	22723.2	12.1	23.3	1.1729	3	0
4390	2012	227	17971.2	15	24.1	1.2939	2.4	0
4390	2012	228	15897.6	17.6	26.3	1.4206	3.9	2.6
4390	2012	229	19353.6	13.7	22.2	1.4791	2.5	0
4390	2012	230	20995.2	15.1	24.1	1.4346	2.9	0
4390	2012	231	23760	16.5	27.9	1.5493	4.7	0
4390	2012	232	22636.8	20.4	31.2	1.7567	3.9	0
4390	2012	233	11491.2	18.1	26.3	1.8965	2.7	0
4390	2012	234	18230.4	18	26.2	1.9381	2.6	0
4390	2012	235	17712	13.5	19.8	1.3815	3.4	0
4390	2012	236	22982.4	10.7	22.3	1.0497	2.2	1.2
4390	2012	237	10281.6	12.7	20.5	1.4714	2.6	2.9
4390	2012	238	14688	12.5	20.1	1.4436	4.6	0
4390	2012	239	4924.8	11.6	14.5	1.3659	5.3	9.8
4390	2012	240	18921.6	10.4	19.4	1.3199	3.3	0
4390	2012	241	15206.4	13.1	22.5	1.4042	3.6	0.1
4390	2012	242	15379.2	13.8	23.7	1.6414	2.6	3.1
4390	2012	243	9331.2	11.7	17.3	1.3688	2.4	0
4390	2012	244	8208	8.8	13.9	1.2215	3.2	3.9
4390	2012	245	15638.4	7.9	15.5	1.1265	3.2	0
4390	2012	246	18403.2	10.3	20.2	1.1769	2.2	0
4390	2012	247	18748.8	11.7	20.1	1.299	2.7	0
4390	2012	248	17280	11.8	22.2	1.3737	2.8	0
4390	2012	249	8208	9.2	17.2	1.2581	2.5	0
4390	2012	250	13219.2	8.7	15.6	1.0613	1.7	0
4390	2012	251	19267.2	9.4	21.1	1.073	2.7	0
4390	2012	252	19008	12.5	23.5	1.154	2	0
4390	2012	253	18835.2	15.5	25.5	1.1796	3.6	0
4390	2012	254	16588.8	16.2	26.2	1.2565	2.5	0.9
4390	2012	255	6652.8	9.7	19.5	1.3943	3.2	8.6
4390	2012	256	9331.2	5.6	11.4	0.976	2.6	0.1
4390	2012	257	6566.4	4.8	13.1	1.0291	1.9	0.2
4390	2012	258	10022.4	7.8	14.4	1.2146	3.9	2.9
4390	2012	259	4492.8	9.2	13.7	1.2431	2.1	0
4390	2012	260	16934.4	8.4	17.9	1.1633	2.4	0
4390	2012	261	13219.2	11.2	19.2	1.3801	1.9	0
4390	2012	262	8380.8	7.3	16.4	1.2209	2.6	0
4390	2012	263	11664	4.7	12.6	0.93	3	2.1
4390	2012	264	14083.2	3.5	12.5	0.7934	2.2	0
4390	2012	265	6825.6	6.7	13.8	0.8609	3	0
4390	2012	266	7689.6	5.8	12.7	0.9801	2.9	0.5
4390	2012	267	7689.6	6.5	13.1	0.8838	5.2	0
4390	2012	268	4320	9.2	16.2	1.3497	5.6	12.7
4390	2012	269	3369.6	9	10.7	1.1418	5.1	7.2
4390	2012	270	3369.6	8.4	10.6	1.1747	4.4	6.2
4390	2012	271	5011.2	7.7	11.8	1.1583	4.9	6.9
4390	2012	272	8380.8	7.4	13.2	1.1141	3.9	0
4390	2012	273	7603.2	5.9	14.1	1.0675	2.7	0.1
4390	2012	274	14256	3.8	13.2	0.854	1.8	0
4390	2012	275	13651.2	5.5	15	0.9233	2.5	0
4390	2012	276	5702.4	6.1	15.5	1.1389	3.5	1.3
4390	2012	277	3024	9.7	13	1.2215	5.5	5.4
4390	2012	278	4579.2	5.7	11.1	1.0576	5.2	12.3
4390	2012	279	2937.6	5.5	13.4	1.1353	5.4	19.7
4390	2012	280	4060.8	6.8	14.2	1.2306	4.4	12.5
4390	2012	281	8726.4	4.2	10.1	0.9004	2.6	0
4390	2012	282	10108.8	4.4	10.3	0.8513	3.1	1.3
4390	2012	283	8121.6	3.7	11.2	0.8881	2.6	0
4390	2012	284	10627.2	3.9	10	0.7385	2.2	0
4390	2012	285	10713.6	2.6	10.9	0.7776	5	1.3
4390	2012	286	3369.6	4.2	11.3	0.9803	4	3.3
4390	2012	287	6912	3	9.8	0.884	4.8	3.3
4390	2012	288	4406.4	3.2	7.4	0.846	3.7	15.1
4390	2012	289	3628.8	2.8	6.6	0.8455	3.3	0.9
4390	2012	290	3974.4	2.4	6.7	0.8282	4.8	1.2
4390	2012	291	2419.2	4.5	12.7	1.0385	5.3	0.1
4390	2012	292	9849.6	10.8	18.3	1.2243	5.3	0
4390	2012	293	10195.2	11.7	19.8	1.2688	3.4	0
4390	2012	294	8467.2	12.1	20.3	1.3609	2.5	0
4390	2012	295	9331.2	12.5	19.3	1.1727	3.7	0
4390	2012	296	9590.4	9.9	20.9	1.1184	2.4	0
4390	2012	297	7171.2	6.8	12.7	1.1342	3	0
4390	2012	298	6825.6	5.7	11.3	1.087	1.8	0
4390	2012	299	2160	4.4	9.4	0.9945	2.2	0.3
4390	2012	300	2073.6	-0.3	5.2	0.7069	3.6	6.2
4390	2012	301	6825.6	-3.1	1.9	0.4854	4.3	0
4390	2012	302	9072	-4.6	4.4	0.5217	2	0
4390	2012	303	4320	-4.5	1	0.5214	4.1	8.6
4390	2012	304	1900.8	1	4.2	0.7365	3.7	4.1
4390	2012	305	7516.8	2.1	7.9	0.7587	4.8	0
4390	2012	306	3110.4	2.9	7.2	0.7789	5	2.6
4390	2012	307	3542.4	2.2	6.5	0.7667	5.9	4.8
4390	2012	308	1814.4	2.5	7	0.8484	4.2	13.9
4390	2012	309	1814.4	4.3	6.3	0.8816	5.2	0.3
4390	2012	310	2678.4	2.6	6.2	0.7945	4	6.1
4390	2012	311	3024	1.9	5.6	0.767	3.6	5.5
4390	2012	312	1728	2.9	6.7	0.8514	4.2	4
4390	2012	313	1641.6	4.2	6	0.8255	3.4	0.1
4390	2012	314	2764.8	3.9	6.8	0.8132	3.5	0.6
4390	2012	315	1641.6	4.7	8.4	0.9515	4.4	7
4390	2012	316	2332.8	3.6	8.3	0.8943	2.6	0
4390	2012	317	4579.2	-0.1	7.4	0.714	2	0
4390	2012	318	4147.2	-1	5.1	0.6657	3.1	0
4390	2012	319	5961.6	-0.1	6	0.6796	4.2	0
4390	2012	320	1468.8	-1.4	1.1	0.6044	3.6	0
4390	2012	321	1468.8	-1.5	-0.1	0.5764	4.1	0
4390	2012	322	1468.8	-0.5	3.5	0.6809	4.6	0.3
4390	2012	323	1382.4	3.3	6.3	0.86	2	1.3
4390	2012	324	1987.2	3.2	7.6	0.8967	3.4	0
4390	2012	325	1382.4	0.3	3.6	0.7032	3.8	0
4390	2012	326	1382.4	-0.4	4.5	0.7082	5.4	0.2
4390	2012	327	4492.8	2.5	7.6	0.8576	3.7	0
4390	2012	328	1296	2.5	5	0.799	5.2	4.2
4390	2012	329	1296	4.6	8	0.9352	3.2	0
4390	2012	330	3456	2.3	10.5	0.7495	6.4	0
4390	2012	331	1296	0.9	6.6	0.791	3.8	5.3
4390	2012	332	1296	3.1	5.6	0.825	3	0.2
4390	2012	333	1209.6	1.6	3.7	0.717	3.6	0
4390	2012	334	1209.6	-1.3	1.8	0.6035	4.9	1.5
4390	2012	335	2073.6	-3.5	0.2	0.5253	2.1	0.1
4390	2012	336	1209.6	-3.8	-0.5	0.5219	2.4	2.1
4390	2012	337	1123.2	-2.7	-0.4	0.5455	4.1	9.9
4390	2012	338	1123.2	-2.8	1.4	0.5806	4.1	5.4
4390	2012	339	1123.2	-0.8	1.5	0.6267	4	5.1
4390	2012	340	1123.2	-2.2	-0.6	0.5516	2.8	2.6
4390	2012	341	1987.2	-4.7	-1.9	0.4791	3.8	0
4390	2012	342	1123.2	-5.3	-3.8	0.4362	6	0.8
4390	2012	343	4320	-8	2.2	0.4196	2.6	0.4
4390	2012	344	1123.2	-7.5	0	0.4633	4.4	14.9
4390	2012	345	1123.2	-4	0	0.5277	5.1	4.9
4390	2012	346	2592	-7.3	-3.4	0.4064	3.4	0.3
4390	2012	347	1641.6	-7.9	-3.8	0.3873	2	1.3
4390	2012	348	1900.8	-7.6	-3.1	0.3613	4.5	0
4390	2012	349	1036.8	-3.4	2.6	0.5935	6.6	5.1
4390	2012	350	1296	2.4	4.8	0.7827	3.4	5.7
4390	2012	351	1036.8	2.7	4.6	0.7934	4	5.8
4390	2012	352	1036.8	2.1	4.1	0.7631	3	10.4
4390	2012	353	1036.8	1.6	3.2	0.7261	2.3	2.6
4390	2012	354	2419.2	0.8	3	0.6937	2.3	0
4390	2012	355	1814.4	-1.6	1.1	0.582	8	2.5
4390	2012	356	1036.8	-1.3	3.4	0.6592	2.5	3.4
4390	2012	357	1036.8	2	3.8	0.7524	5	27.2
4390	2012	358	1036.8	2.8	9.3	0.938	4.9	25.2
4390	2012	359	1036.8	4.9	9.8	0.9334	4.1	0
4390	2012	360	1036.8	4.5	8.9	0.8829	5.9	6.1
4390	2012	361	1296	2.9	5.5	0.7917	5.7	5.5
4390	2012	362	1728	2.8	5.4	0.7861	5.6	8.5
4390	2012	363	1555.2	1.4	4.5	0.7475	3.9	0.9
4390	2012	364	1900.8	4.3	7.5	0.8912	5	0.7
4390	2012	365	1814.4	3.2	7.3	0.7898	6.7	1.1
4390	2012	366	1123.2	4	5.7	0.7594	6.8	0
