*---------------------------------------------------------------------------*
* Station name: BAD MARIENBERG                          
* Year: 2007
* Author: Pedro Alencar                                   -999.000: NIL VALUE
* Source: ECAD 
* Comments: 
* Longitude: 50.6631, latitude: 50.6631, altitude: 547 m.
*
* Column  Daily value
* 1       station number
* 2       year
* 3       day
* 4       irradiation                   (kJ m-2 d-1)
* 5       minimum temperature           (degrees Celsius)
* 6       maximum temperature           (degrees Celsius)
* 7       early morning vapour pressure (kPa)
* 8       mean wind speed (height: 2 m) (m s-1)
* 9       precipitation                 (mm d-1)
*
** WCCDESCRIPTION=GERMANY, BAD MARIENBERG                          
** WCCFORMAT=2
** WCCYEARNR=2007
*---------------------------------------------------------------------------*
   50.6631  7.9594    547.  -0.18 -0.55
4390	2007	1	1900.8	-0.1	9	0.7637	5.8	9.5
4390	2007	2	1123.2	-0.1	2.4	0.6441	4.2	8.9
4390	2007	3	1123.2	2.1	3.8	0.74	5	0.4
4390	2007	4	1123.2	3.2	5.1	0.7971	6.7	7
4390	2007	5	1123.2	3.4	5.8	0.8311	4.8	3.1
4390	2007	6	1123.2	5.8	8.1	0.988	5.4	10
4390	2007	7	2419.2	1.9	7.6	0.797	4.9	0.3
4390	2007	8	1209.6	2.1	7.1	0.8141	5.5	5.3
4390	2007	9	1468.8	6.7	10.4	1.035	5.9	2.8
4390	2007	10	2678.4	3.1	10.4	0.8465	7.1	4.2
4390	2007	11	1209.6	1.1	5.8	0.704	7.7	15.2
4390	2007	12	1814.4	4.2	7.5	0.7956	6	2
4390	2007	13	1209.6	7	8.1	0.9878	5	2.9
4390	2007	14	3715.2	0.2	7.4	0.6815	4.5	0
4390	2007	15	5443.2	-2	4.1	0.6065	2.2	0
4390	2007	16	1296	-1.8	4	0.655	3.5	1
4390	2007	17	1296	3.4	8.5	0.8943	6.6	37.5
4390	2007	18	1296	5.2	10.7	0.9937	10.4	26.9
4390	2007	19	1382.4	4.7	7.5	0.8377	6.3	5.9
4390	2007	20	1382.4	2.9	10.2	0.9029	5.6	7
4390	2007	21	1382.4	1	4.3	0.6061	6.2	1.1
4390	2007	22	1382.4	-5.2	1.9	0.4657	4	0.6
4390	2007	23	4492.8	-8	-2.1	0.252	5.2	0
4390	2007	24	5616	-8.6	-2.7	0.2688	3.1	0
4390	2007	25	3024	-8.8	-2.5	0.3371	2.7	0
4390	2007	26	1468.8	-9.3	-0.8	0.3612	3.2	3.9
4390	2007	27	1555.2	-1.5	0.3	0.5732	5.1	2.2
4390	2007	28	1555.2	0.1	3	0.6697	5.2	10.2
4390	2007	29	1555.2	2.1	4.1	0.7402	5.5	1.7
4390	2007	30	2332.8	1	4.4	0.675	2.7	0.2
4390	2007	31	4147.2	2.1	5.8	0.7131	4	1.8
4390	2007	32	2592	2.4	5.3	0.7805	3.4	0.3
4390	2007	33	1728	2.5	6.1	0.8221	4.4	1
4390	2007	34	1728	0.6	3.2	0.6867	3.3	0
4390	2007	35	3456	-0.1	4.4	0.6634	1.9	0
4390	2007	36	1814.4	-1.4	0.6	0.5816	3.1	1.5
4390	2007	37	2764.8	-2.1	0.4	0.5513	1.8	3.2
4390	2007	38	1814.4	-2.4	-1.1	0.5322	1.9	0.6
4390	2007	39	1900.8	-4.5	2.2	0.5506	4	1.5
4390	2007	40	2246.4	-0.8	1.7	0.5681	3.7	2.3
4390	2007	41	1900.8	-0.1	3.3	0.6789	3.1	2.1
4390	2007	42	2505.6	2.4	5.9	0.8135	5.7	11.3
4390	2007	43	3196.8	3.5	6.9	0.8489	5.4	10.1
4390	2007	44	2073.6	2.3	4.5	0.7405	5.5	2.7
4390	2007	45	2073.6	1	4.2	0.7071	5.1	14.1
4390	2007	46	5961.6	0.7	5.6	0.6969	4.2	0
4390	2007	47	8380.8	0.5	7.1	0.6414	7.5	0
4390	2007	48	8208	0.5	6.8	0.6109	7	0
4390	2007	49	7084.8	0.5	6.3	0.686	2.8	0
4390	2007	50	2246.4	0.4	1.7	0.6526	2.6	0
4390	2007	51	7430.4	0.5	8.5	0.7748	2.5	0
4390	2007	52	7776	1.5	9.2	0.7953	3.8	3.3
4390	2007	53	6048	2.9	8.5	0.8332	3.2	0.5
4390	2007	54	6307.2	2.9	9.5	0.8151	4	2.5
4390	2007	55	2851.2	4.5	6.7	0.8547	5.5	6.8
4390	2007	56	3542.4	2.1	5.6	0.7563	5.7	13
4390	2007	57	2505.6	2	4	0.735	4.9	4.9
4390	2007	58	2592	0.8	7	0.7832	5.1	9.8
4390	2007	59	3369.6	4.6	8	0.8684	5.5	8.7
4390	2007	60	7084.8	2.9	7.9	0.807	6.5	7.8
4390	2007	61	5875.2	1	6.4	0.629	4.4	4.3
4390	2007	62	3542.4	1	5.6	0.7353	6	14.6
4390	2007	63	12268.8	0.3	9.1	0.7088	4.2	0
4390	2007	64	5616	3.1	8.1	0.7274	4.9	3.5
4390	2007	65	3024	1.8	9.1	0.6929	5.8	0.1
4390	2007	66	5961.6	2.9	7.8	0.7864	4.8	1.4
4390	2007	67	6998.4	2.7	8.6	0.7847	2.5	0
4390	2007	68	5961.6	1.9	7.7	0.731	4	5.7
4390	2007	69	10281.6	0.5	7.6	0.6854	3.6	0
4390	2007	70	14774.4	1.4	11	0.6729	1.9	0
4390	2007	71	15292.8	3.1	13.8	0.6632	3.6	0
4390	2007	72	14947.2	5	13.4	0.7326	2.3	0
4390	2007	73	13305.6	4.3	11.7	0.7827	2.5	0
4390	2007	74	15552	3.1	12.5	0.6557	2.4	0
4390	2007	75	8899.2	2.3	8.5	0.6636	2.5	0
4390	2007	76	3542.4	4	6.4	0.8313	5	6.3
4390	2007	77	4060.8	-0.9	6	0.6825	6.2	8.4
4390	2007	78	8121.6	-2.6	3.1	0.5226	3.2	1.6
4390	2007	79	7689.6	-3.1	3.9	0.5724	3.2	2.4
4390	2007	80	7084.8	-1.2	1.9	0.5452	3.8	7.8
4390	2007	81	3801.6	-1.5	0.5	0.5833	4.8	9.2
4390	2007	82	4406.4	-0.8	1.4	0.5995	4.4	0.5
4390	2007	83	3888	0.5	5.2	0.7047	4.3	0.2
4390	2007	84	12528	2.3	10	0.6895	5.6	0
4390	2007	85	18057.6	4.6	14.3	0.7095	6	0
4390	2007	86	17884.8	4.1	13.1	0.5583	6	0
4390	2007	87	18576	4.5	13.7	0.5313	4	0
4390	2007	88	12182.4	4.5	12.5	0.7875	2.3	0.1
4390	2007	89	8812.8	3.2	12.2	0.8194	3.3	0
4390	2007	90	11664	5.3	11.5	0.7381	5.8	0
4390	2007	91	18576	5.2	13.4	0.5619	5.6	0
4390	2007	92	18748.8	6.5	14.7	0.5747	4.9	0
4390	2007	93	14947.2	2.2	8.9	0.6343	4.6	0
4390	2007	94	18489.6	-0.3	8.6	0.5095	5.1	0
4390	2007	95	18748.8	1.1	12.8	0.5688	3	0
4390	2007	96	19958.4	4.5	14.9	0.8658	2.9	0
4390	2007	97	6393.6	2.8	8.2	0.6862	2.6	0
4390	2007	98	20131.2	1.6	13.5	0.6862	2.1	0
4390	2007	99	18057.6	4.7	13.9	0.7492	3.8	0
4390	2007	100	8380.8	4.8	12.9	0.8859	3.1	0
4390	2007	101	19267.2	7.1	16	0.9521	2.3	0
4390	2007	102	21513.6	7	19.2	0.9788	4.4	0
4390	2007	103	20908.8	10.8	21.3	1.0565	4.8	0
4390	2007	104	22118.4	12.6	23.8	1.0016	4.9	0
4390	2007	105	22636.8	13.2	23.2	0.8138	4	0
4390	2007	106	22636.8	12.9	23.1	0.7831	2.8	0
4390	2007	107	16243.2	4.7	18.6	0.8489	4	0
4390	2007	108	11923.2	2.3	9.6	0.6521	2.8	0
4390	2007	109	22809.6	2.3	15.2	0.6543	2.8	0
4390	2007	110	21600	1.9	11.7	0.642	3.1	0
4390	2007	111	23500.8	0.9	14	0.5577	2.8	0
4390	2007	112	24019.2	5.8	19.1	0.635	2.8	0
4390	2007	113	21254.4	10.7	20.8	0.8042	2.3	0
4390	2007	114	17884.8	13.9	21.2	1.0617	2.2	0
4390	2007	115	22291.2	13.5	22.7	1.182	4	0
4390	2007	116	24278.4	13.2	21.7	0.8958	3.7	0
4390	2007	117	24105.6	14	22.9	0.8903	3.3	0
4390	2007	118	22204.8	14.2	24	0.883	2.7	0
4390	2007	119	24364.8	7.8	18.6	0.7882	5.4	0
4390	2007	120	25660.8	5.6	15.5	0.5728	5.2	0
4390	2007	121	25833.6	6.3	15.5	0.6123	5.1	0
4390	2007	122	25920	4.5	16.3	0.4789	5.3	0
4390	2007	123	26006.4	7.7	17.7	0.6308	4.3	0
4390	2007	124	23500.8	11.3	19.3	0.7119	5.4	0
4390	2007	125	18662.4	10.9	19.8	0.6793	5	0
4390	2007	126	24019.2	8.2	19.7	0.8594	3.6	0.2
4390	2007	127	5788.8	8.7	12.4	1.1583	5.4	17.4
4390	2007	128	9849.6	7.3	12.3	1.0533	4.6	6.8
4390	2007	129	5875.2	7	10.4	1.0568	3.7	9.8
4390	2007	130	12182.4	10	17.5	1.194	5.1	0.2
4390	2007	131	11491.2	7.6	15.2	0.9966	5.7	8.1
4390	2007	132	17539.2	7.2	15.3	1.0801	4.8	1.7
4390	2007	133	17280	8	18.8	1.1978	4.5	7.7
4390	2007	134	7344	9.1	13.5	1.0302	4.1	11.4
4390	2007	135	15724.8	5.9	11.8	0.8972	3.4	0.8
4390	2007	136	6048	4.8	9.5	0.9409	4	11
4390	2007	137	9417.6	4.5	10.3	0.9057	2	2.2
4390	2007	138	22636.8	4.7	16.3	1.0149	2.9	0.8
4390	2007	139	12614.4	10.5	17.8	1.4349	2.5	0.9
4390	2007	140	19785.6	12.4	22.4	1.3097	3.7	0
4390	2007	141	27129.6	16.2	24.5	1.5265	2.5	0
4390	2007	142	21427.2	14.6	24.3	1.692	3	1.1
4390	2007	143	15292.8	13.7	19.8	1.6759	3.1	0.1
4390	2007	144	26784	13.8	24.8	1.6092	3.2	0
4390	2007	145	24192	16.4	24.5	1.7999	3	7.5
4390	2007	146	23241.6	11.6	23.1	1.6023	2.7	21.5
4390	2007	147	14860.8	9.3	15.9	1.268	3.5	1.7
4390	2007	148	6393.6	7.2	11	1.0626	3.1	16.6
4390	2007	149	6393.6	4.5	8.8	0.9385	5.3	10
4390	2007	150	23328	2.9	15.2	0.7943	3.4	0
4390	2007	151	15120	8.9	15.1	1.0088	2.8	0.3
4390	2007	152	9763.2	10.5	17.8	1.177	3.1	0.5
4390	2007	153	15379.2	11.8	18	1.2522	3	0.6
4390	2007	154	9849.6	11.9	18.3	1.4227	1.9	0
4390	2007	155	13046.4	11.9	19.9	1.4073	2.9	0
4390	2007	156	21081.6	12.9	20.5	1.4618	3.8	0
4390	2007	157	27388.8	13.2	22.5	1.5106	4.1	0
4390	2007	158	24710.4	16	25.2	1.7197	4.4	0.5
4390	2007	159	27734.4	17.1	25.9	1.6125	3.6	0
4390	2007	160	15638.4	14	23.5	1.879	3	3.8
4390	2007	161	18489.6	13.5	23.3	1.7116	2.6	40.2
4390	2007	162	22464	12.6	22.3	1.4731	2.2	1.5
4390	2007	163	10886.4	12.3	17.8	1.5548	3	0
4390	2007	164	19526.4	12.1	20.8	1.3827	2	0
4390	2007	165	18403.2	14.6	22.9	1.663	2.5	11.2
4390	2007	166	12009.6	13	18	1.618	3.3	3.9
4390	2007	167	17539.2	11	17.6	1.3024	4.8	0.3
4390	2007	168	24192	9.9	20.9	1.2232	3.8	6.4
4390	2007	169	14947.2	12.1	20	1.4937	3.8	1.2
4390	2007	170	27907.2	12.4	24.1	1.4444	2.2	0
4390	2007	171	15724.8	17	22.4	1.7184	3.4	2.5
4390	2007	172	6566.4	11.1	17.8	1.5452	2.9	16.6
4390	2007	173	8553.6	11.5	14.6	1.3809	3.2	2.2
4390	2007	174	14947.2	10.7	17	1.4389	3.6	4.2
4390	2007	175	14947.2	10.5	18.2	1.3393	3.7	4.2
4390	2007	176	11577.6	9.4	16.7	1.2909	3.9	16
4390	2007	177	7776	6.2	12.2	1.0698	5.1	8.4
4390	2007	178	15206.4	5.9	14.3	0.9882	3.9	2.8
4390	2007	179	13132.8	8.6	13.3	1.1242	3.4	1.9
4390	2007	180	6566.4	9.7	14.4	1.2511	4	5.1
4390	2007	181	9936	11	18	1.4018	3.4	0
4390	2007	182	17020.8	12.8	21.7	1.5136	3.8	2
4390	2007	183	15465.6	10.6	18.9	1.4581	3.9	5.7
4390	2007	184	7776	9.8	12.2	1.2328	4.3	6.7
4390	2007	185	10368	8.9	14.3	1.2828	3.7	19.5
4390	2007	186	7257.6	9.3	13.1	1.2759	4.5	8.4
4390	2007	187	11836.8	10.2	15.4	1.137	5.5	0
4390	2007	188	18921.6	9.2	18.2	1.0961	3.2	0
4390	2007	189	24796.8	11	20.2	1.1151	2.3	0.1
4390	2007	190	10972.8	8.3	14.5	1.1986	2.8	14.2
4390	2007	191	16675.2	8	15.9	1.201	2.5	1.7
4390	2007	192	12355.2	7.5	14.2	1.1817	3.2	4
4390	2007	193	11577.6	9.7	17.2	1.3558	3.2	1.5
4390	2007	194	16588.8	12.8	21.6	1.7439	3.2	1.8
4390	2007	195	26611.2	15.8	26.7	1.6889	3.6	0
4390	2007	196	27993.6	17.8	29.7	1.5253	4.1	0
4390	2007	197	25056	18.3	28.9	1.1628	3	0
4390	2007	198	23414.4	16.5	22.7	1.4118	3.5	0
4390	2007	199	25142.4	16	23.3	1.3477	2.3	0
4390	2007	200	14342.4	15.3	18.7	1.4318	2.5	4.7
4390	2007	201	20736	13.9	22.6	1.6537	4.1	2.8
4390	2007	202	20649.6	12.5	21	1.5426	2	0.2
4390	2007	203	18835.2	11.9	19	1.2447	2.7	0.7
4390	2007	204	11750.4	11.2	16.7	1.2891	4.1	7.5
4390	2007	205	9417.6	10.9	14	1.3422	5.4	12.8
4390	2007	206	22636.8	10.1	20.3	1.2421	2.6	0
4390	2007	207	23587.2	12.1	23.3	1.3145	3.9	0
4390	2007	208	19872	13.8	20.6	1.2737	4.1	7.6
4390	2007	209	11404.8	12.5	17.5	1.4988	4	12.7
4390	2007	210	5961.6	8.3	15.4	1.318	4.2	16.6
4390	2007	211	14169.6	6.7	14.2	1.1127	3.8	0.9
4390	2007	212	17107.2	6.1	15	0.9928	2.8	0
4390	2007	213	26352	8.6	18.5	1.0235	4.2	0
4390	2007	214	5875.2	12.2	15.4	1.3397	3.2	9.1
4390	2007	215	18403.2	11.3	17.9	1.3113	2.7	0
4390	2007	216	26352	10.9	23.1	1.1222	1.9	0
4390	2007	217	26438.4	13.9	23.6	1.2527	5.4	0
4390	2007	218	24105.6	14.7	26.1	1.4355	4	0.2
4390	2007	219	5702.4	13.7	16	1.6193	3.5	10.6
4390	2007	220	5702.4	11	13.7	1.3908	4.2	34.5
4390	2007	221	5616	10.9	16.2	1.5197	3.8	17.1
4390	2007	222	9936	15.1	19.2	1.8361	3.6	0
4390	2007	223	20304	11.7	19	1.4457	3.4	0
4390	2007	224	23932.8	11.2	21.4	1.2585	1.7	0.6
4390	2007	225	17625.6	12.7	19.7	1.3241	2.4	0
4390	2007	226	22723.2	11.5	21.9	1.234	3.3	2.7
4390	2007	227	5356.8	15.1	20.2	1.774	4.4	19.1
4390	2007	228	12355.2	11.3	18	1.3988	4.1	0.6
4390	2007	229	15033.6	9.9	16.8	1.2245	2.6	1.9
4390	2007	230	19440	8.4	17.9	1.118	2.2	0
4390	2007	231	13564.8	12	18.7	1.3238	3.1	5.2
4390	2007	232	7171.2	9.9	14.7	1.2862	3.9	0
4390	2007	233	8553.6	9.8	15.5	1.3599	3.4	34.3
4390	2007	234	5788.8	11.2	15.2	1.4248	6.5	12.5
4390	2007	235	20649.6	12.5	21.1	1.452	3.2	0.6
4390	2007	236	20476.8	14	22.9	1.4202	1.6	0
4390	2007	237	21513.6	15.4	23.1	1.6043	2.2	0
4390	2007	238	14774.4	13	21	1.664	2.8	0
4390	2007	239	15724.8	9.3	16.5	1.1891	2	0
4390	2007	240	15638.4	8.6	15	1.0371	2.4	0
4390	2007	241	17971.2	8.4	15.8	0.945	4.2	0
4390	2007	242	16502.4	7.2	15	0.9506	2.9	0.2
4390	2007	243	6048	11.4	15.5	1.4482	3.8	8.5
4390	2007	244	5270.4	10.4	14.9	1.3599	2.9	5.1
4390	2007	245	6912	10.2	16.8	1.2829	2.4	0
4390	2007	246	9849.6	6.8	13.6	1.1067	3.2	11.1
4390	2007	247	13996.8	6.3	11.4	0.954	4	0.1
4390	2007	248	11750.4	4.9	13	0.949	3.2	0
4390	2007	249	10281.6	8.2	16	1.2694	3.1	0.3
4390	2007	250	5356.8	9.9	14.4	1.2877	3.7	0.1
4390	2007	251	4924.8	9	13.5	1.2934	3.4	3
4390	2007	252	4838.4	9.3	12.7	1.1804	3.3	0
4390	2007	253	4147.2	8.1	11.7	1.1822	3.9	9.7
4390	2007	254	6134.4	8.2	12.9	1.1965	3.7	0.4
4390	2007	255	9072	8.5	14.1	1.1639	2.3	0
4390	2007	256	7948.8	8.8	14.5	1.109	2.2	0
4390	2007	257	15984	9.6	16.7	1.1633	2.6	0.4
4390	2007	258	14428.8	8.1	15	1.0609	2.6	0
4390	2007	259	16675.2	7.9	18.3	1.1144	3	0
4390	2007	260	7948.8	10.5	17.3	1.3484	3.5	14.5
4390	2007	261	8380.8	3.9	10.5	0.934	3.7	6
4390	2007	262	10281.6	3.5	11.7	0.8555	2.4	0.1
4390	2007	263	16416	6.1	14.2	0.9667	3.6	0
4390	2007	264	15984	7.7	16.7	1.0364	2.9	0
4390	2007	265	15984	9.8	20.5	1.135	1.8	0
4390	2007	266	15552	12.5	20.4	1.3267	2.2	0
4390	2007	267	11577.6	8.6	18.8	1.2527	3.7	5.1
4390	2007	268	8208	6.9	12.8	1.0568	3.1	2
4390	2007	269	6652.8	6.1	11.3	0.9893	2.1	12.4
4390	2007	270	3369.6	6.3	9.4	1.0082	5.4	55.6
4390	2007	271	3283.2	8.1	11.2	1.1386	2.4	2.7
4390	2007	272	4752	8	12.6	1.1892	5.3	3.5
4390	2007	273	10972.8	8.4	14.6	1.1659	2.6	0
4390	2007	274	6652.8	9.7	16.1	1.2337	2.8	0.2
4390	2007	275	3628.8	12.4	15.8	1.4946	1.4	0.2
4390	2007	276	3542.4	10.9	15.2	1.456	2.9	0
4390	2007	277	7776	10.9	17.8	1.5026	2.3	0
4390	2007	278	12096	7.6	14.1	1.0908	2.8	0
4390	2007	279	12960	5.7	13.2	0.9933	4	0
4390	2007	280	13046.4	5.4	14.2	0.9806	2.5	0
4390	2007	281	11232	7.5	14.6	1.0659	1.8	0
4390	2007	282	3283.2	7.7	12.3	1.0061	2.3	0
4390	2007	283	4579.2	7.5	14.2	1.0388	2.5	0
4390	2007	284	11232	6.7	14.7	0.9899	2.3	0
4390	2007	285	2678.4	6.8	10.8	1.1092	3.3	0.4
4390	2007	286	9676.8	6.3	13.5	0.975	2.8	0
4390	2007	287	11836.8	4.5	13	0.8122	4.7	0
4390	2007	288	11577.6	4.6	15.9	0.9732	2.7	0
4390	2007	289	9504	8.4	15	1.1402	3.4	0
4390	2007	290	5356.8	6.1	12.1	1.0626	4.4	2.8
4390	2007	291	5356.8	2.7	8.9	0.8482	4.4	1.6
4390	2007	292	5443.2	1	6.5	0.7351	3	1.1
4390	2007	293	9763.2	-0.3	7.3	0.5966	2.9	0.1
4390	2007	294	2332.8	1	4	0.6801	2.5	2.4
4390	2007	295	10108.8	-1	5	0.5857	4	0
4390	2007	296	10022.4	-0.6	6.2	0.6051	5.1	0
4390	2007	297	2160	1.5	4.4	0.6796	4.5	0
4390	2007	298	2160	3.4	6.1	0.8142	3.9	0
4390	2007	299	2160	3.2	5.9	0.769	3.2	0
4390	2007	300	2073.6	3.9	5.7	0.7654	1.6	0
4390	2007	301	2073.6	3.6	6.4	0.75	3.5	0
4390	2007	302	1987.2	3.8	6.5	0.846	4	15.2
4390	2007	303	3715.2	4.5	7.2	0.8881	3.2	0.2
4390	2007	304	6912	1.7	7.9	0.7826	1.3	0
4390	2007	305	2505.6	3.6	7.8	0.7874	1.2	0.4
4390	2007	306	1900.8	7.3	9.4	1.076	2.1	2.2
4390	2007	307	1814.4	5.9	10.6	1.0796	3	1.3
4390	2007	308	1814.4	4.6	7.2	0.8076	2.2	0.1
4390	2007	309	2160	3.4	5.8	0.6445	2	5.2
4390	2007	310	3369.6	2	5.6	0.7537	5.2	6.3
4390	2007	311	1728	3	6.5	0.8313	5.7	7.8
4390	2007	312	1728	3.2	7.8	0.8849	4.7	15.9
4390	2007	313	1641.6	-0.2	3.4	0.6789	6	14.3
4390	2007	314	2160	0.8	5	0.7223	6	27.9
4390	2007	315	2073.6	0.2	6.6	0.7561	6	25.4
4390	2007	316	3024	-0.1	3.5	0.6562	5.3	0
4390	2007	317	1555.2	-0.4	1.3	0.6123	4.1	9.2
4390	2007	318	3369.6	-3	0.2	0.5185	3	0.4
4390	2007	319	4406.4	-4	-0.3	0.4749	2.6	0
4390	2007	320	2505.6	-5.2	-0.2	0.4559	2.7	0
4390	2007	321	1468.8	-0.5	1.9	0.6106	2.3	0
4390	2007	322	1468.8	0	2.1	0.6263	5.3	0
4390	2007	323	1382.4	-0.9	2.2	0.5764	6.4	0.4
4390	2007	324	2073.6	1.2	7	0.6305	4.7	0
4390	2007	325	1814.4	1.9	7.5	0.743	3.6	0.3
4390	2007	326	1382.4	4.3	6.4	0.8847	3.5	0
4390	2007	327	1382.4	-0.1	6	0.74	2.6	0.9
4390	2007	328	3542.4	-1.5	1.8	0.5806	2.5	1.5
4390	2007	329	1296	-0.8	3.5	0.6601	4.9	15.8
4390	2007	330	1296	-0.6	0.4	0.5944	5	1.9
4390	2007	331	1296	-0.4	1.3	0.606	2.7	0
4390	2007	332	3283.2	-2.6	1.8	0.5757	2.2	0
4390	2007	333	1209.6	-2.9	1.2	0.5685	3.5	5.7
4390	2007	334	1209.6	0.8	4.2	0.724	4.8	15.4
4390	2007	335	2160	3.5	6	0.8142	5.3	3.3
4390	2007	336	1209.6	3.5	7.6	0.8336	8.7	11.6
4390	2007	337	1728	-0.2	5.2	0.6509	5.5	13.2
4390	2007	338	1123.2	-0.4	4.4	0.6845	3.3	2.6
4390	2007	339	1123.2	4.3	7.6	0.9129	5.6	1.7
4390	2007	340	1382.4	4.1	8.4	0.9225	6	22.6
4390	2007	341	2073.6	2.6	9.7	0.8595	6.7	3.7
4390	2007	342	1123.2	0	3	0.6196	5.8	5.3
4390	2007	343	1296	1.3	5.2	0.7327	5.6	6.1
4390	2007	344	1123.2	2	3.8	0.7449	4.6	11.7
4390	2007	345	1123.2	0.9	2.6	0.6793	4.6	3.1
4390	2007	346	1123.2	0.7	1.9	0.6242	3.2	0
4390	2007	347	1036.8	-0.8	2.1	0.5764	2.5	0.3
4390	2007	348	1036.8	-3.2	-0.6	0.4306	3.4	0
4390	2007	349	1036.8	-5	-1.9	0.3838	4.5	0
4390	2007	350	4838.4	-5.5	0.2	0.4224	4.3	0
4390	2007	351	3456	-5.5	-2.4	0.3925	7.6	0
4390	2007	352	4233.6	-5	1.3	0.3842	3.7	0
4390	2007	353	4838.4	-1.1	8.2	0.4648	2.3	0
4390	2007	354	4924.8	0.2	6.5	0.4505	1.7	0
4390	2007	355	4838.4	-2.8	4.7	0.4123	3.6	0
4390	2007	356	4752	-5.5	0.6	0.4185	2	0
4390	2007	357	1382.4	-3.5	2.9	0.4962	2	0
4390	2007	358	1036.8	-5.7	-0.7	0.4731	1.8	0
4390	2007	359	2073.6	-6.2	-2.9	0.4187	2	0
4390	2007	360	1036.8	-5.5	-0.7	0.4717	1.1	1.4
4390	2007	361	1036.8	-2	-0.2	0.5582	1.7	0
4390	2007	362	1036.8	-2.8	1.8	0.5833	3.6	0
4390	2007	363	1123.2	-3.4	2.2	0.579	4.9	1
4390	2007	364	1123.2	0.3	2.3	0.6712	4.6	10.6
4390	2007	365	1123.2	-1.9	1	0.5854	2	4.3
