*---------------------------------------------------------------------------*
* Station name: BAD MARIENBERG                          
* Year: 1989
* Author: Pedro Alencar                                   -999.000: NIL VALUE
* Source: ECAD 
* Comments: 
* Longitude: 50.6631, latitude: 50.6631, altitude: 547 m.
*
* Column  Daily value
* 1       station number
* 2       year
* 3       day
* 4       irradiation                   (kJ m-2 d-1)
* 5       minimum temperature           (degrees Celsius)
* 6       maximum temperature           (degrees Celsius)
* 7       early morning vapour pressure (kPa)
* 8       mean wind speed (height: 2 m) (m s-1)
* 9       precipitation                 (mm d-1)
*
** WCCDESCRIPTION=GERMANY, BAD MARIENBERG                          
** WCCFORMAT=2
** WCCYEARNR=1989
*---------------------------------------------------------------------------*
   50.6631  7.9594    547.  -0.18 -0.55
4390	1989	1	1123.2	2.5	4.6	0.7799	2.1	1
4390	1989	2	1123.2	1.4	3.7	0.7046	3.9	0.1
4390	1989	3	4579.2	-3.2	2.4	0.5519	4.9	0
4390	1989	4	1900.8	-4.5	2.7	0.5607	3.8	6.1
4390	1989	5	2160	0.3	2.8	0.656	3.4	17.8
4390	1989	6	1123.2	-0.5	5.8	0.7392	3.2	7.9
4390	1989	7	1123.2	-0.5	5.2	0.7235	3.3	4.9
4390	1989	8	1209.6	3	6.9	0.8691	3.4	4.3
4390	1989	9	1209.6	5	6.3	0.9124	3.3	1.6
4390	1989	10	1209.6	2.5	5.1	0.7938	3.7	3.5
4390	1989	11	4320	-1.1	3.7	0.6376	2.9	0
4390	1989	12	1209.6	0.6	6	0.7508	5.1	3.8
4390	1989	13	4752	-0.1	6.3	0.6868	3.7	0
4390	1989	14	1900.8	-0.2	5.4	0.6997	4	1.1
4390	1989	15	2851.2	-0.2	3	0.6625	3.1	0
4390	1989	16	1296	1.9	4.5	0.7301	2	0
4390	1989	17	1296	-1	2.8	0.6195	3.1	0.9
4390	1989	18	3801.6	-1.2	3.7	0.6353	1	0
4390	1989	19	5875.2	-2.2	5.6	0.6216	1.5	0
4390	1989	20	1382.4	-4.8	-1.9	0.4678	3	0
4390	1989	21	1382.4	-2.1	1.7	0.5962	3.9	0
4390	1989	22	1382.4	0.3	3	0.6745	1.9	0
4390	1989	23	3974.4	-2.2	2.8	0.5995	1.2	0
4390	1989	24	1468.8	-4.5	-0.7	0.4896	3.8	0
4390	1989	25	3542.4	-4.9	-0.6	0.4792	4	0
4390	1989	26	6739.2	-3.5	4.2	0.5076	2.7	0
4390	1989	27	6912	-3.3	5.5	0.4499	2.4	0
4390	1989	28	3628.8	-6	0.6	0.461	2.4	0
4390	1989	29	1555.2	-6.3	1.4	0.5104	0.5	0.3
4390	1989	30	4406.4	-3.1	2.3	0.5816	1.2	0
4390	1989	31	3283.2	-2.7	3.4	0.6142	1.2	0
4390	1989	32	1641.6	-2.8	-0.2	0.5311	3	0
4390	1989	33	5529.6	-6.3	3.1	0.5	0.4	0
4390	1989	34	7516.8	-7.3	2.9	0.4628	1.1	0
4390	1989	35	1728	-6.8	-2.4	0.4215	2.3	0.8
4390	1989	36	1814.4	-3.5	0.4	0.5401	2.3	4
4390	1989	37	1814.4	0.4	4.8	0.7365	4.1	0
4390	1989	38	5529.6	1.8	8.2	0.811	3	0
4390	1989	39	7948.8	0.2	8.5	0.7417	2.3	0
4390	1989	40	8640	-0.9	9.8	0.7217	3.2	0
4390	1989	41	4147.2	-1.6	2	0.6137	3.8	0
4390	1989	42	5184	-3.1	2.1	0.5597	1.6	0
4390	1989	43	3196.8	-1.6	3.3	0.6433	3.4	8.1
4390	1989	44	7171.2	0	4	0.6281	4.7	7
4390	1989	45	5788.8	-0.2	3.3	0.6423	5.3	4
4390	1989	46	2073.6	-1.3	2.3	0.6145	5.8	11.8
4390	1989	47	4924.8	-0.9	3.5	0.6108	4	0.4
4390	1989	48	7603.2	-4.4	3	0.4819	3.4	1.7
4390	1989	49	2246.4	1.2	7.3	0.8193	5.2	6.7
4390	1989	50	2246.4	6.4	9.7	1.0543	5.5	17.2
4390	1989	51	6307.2	1.3	9.2	0.7809	4.2	4.3
4390	1989	52	5875.2	-0.6	4.8	0.5402	1.7	0
4390	1989	53	2332.8	-1.4	3	0.6021	4.5	0.2
4390	1989	54	2419.2	1.2	2.9	0.6728	3.3	2.9
4390	1989	55	2419.2	-0.1	3	0.6581	5.3	0.1
4390	1989	56	6739.2	1.1	5.7	0.647	8.4	4.3
4390	1989	57	2505.6	-1.2	1.7	0.6035	5.5	9.3
4390	1989	58	3888	-1.6	0.4	0.5498	5.4	21.6
4390	1989	59	5702.4	-0.3	2.7	0.6264	4	4.4
4390	1989	60	2764.8	-0.5	2.4	0.6152	6.7	6
4390	1989	61	4147.2	0.2	4.6	0.6535	5.4	15.4
4390	1989	62	3801.6	0.9	5.9	0.7561	2.9	7.3
4390	1989	63	2937.6	2.6	6.1	0.775	3	2.5
4390	1989	64	2937.6	3.3	8.7	0.9161	2.8	0.2
4390	1989	65	13824	4	15.2	0.872	4.7	0
4390	1989	66	8294.4	5.6	13.2	0.9075	2.6	1
4390	1989	67	3110.4	0.8	8.7	0.8142	4.4	2.8
4390	1989	68	13305.6	-0.7	8.7	0.6424	2.6	0
4390	1989	69	12787.2	4	13.9	0.7775	3.2	0
4390	1989	70	12614.4	4.4	14.2	0.9483	2.3	5.5
4390	1989	71	6048	3.5	8.2	0.8419	3.8	0
4390	1989	72	5356.8	2	7.8	0.7794	4.5	2.8
4390	1989	73	10195.2	-0.2	7.6	0.613	4	4.9
4390	1989	74	3456	1.5	6.4	0.786	5.7	4.1
4390	1989	75	5875.2	1.5	8.6	0.8401	3.2	17.7
4390	1989	76	3542.4	-0.2	6.8	0.7585	3.7	2.5
4390	1989	77	14515.2	-2.2	5.7	0.4922	1.7	0
4390	1989	78	9504	-1.1	10.5	0.5893	3.8	0
4390	1989	79	15206.4	-0.1	10.9	0.6815	3.1	0.1
4390	1989	80	11145.6	1.4	6.2	0.6414	4.9	1.7
4390	1989	81	4665.6	1.4	8.3	0.8199	5.5	4.5
4390	1989	82	14342.4	-0.3	6.6	0.4978	5	0.1
4390	1989	83	3888	0.9	6.5	0.7484	8	30.2
4390	1989	84	12441.6	1.8	8.1	0.6952	4.2	0
4390	1989	85	13392	-0.8	13.7	0.7425	1.8	0
4390	1989	86	17884.8	4.5	17.7	0.779	6.8	0
4390	1989	87	16416	9.5	20.5	0.8175	4.1	0
4390	1989	88	9331.2	7.8	15.2	1.1795	1.7	0
4390	1989	89	17712	7.8	17.8	1.0337	2.5	0
4390	1989	90	10800	8	19.2	1.1513	1.6	0
4390	1989	91	11664	4.5	14.2	0.9867	4.2	0
4390	1989	92	7257.6	-0.3	6	0.5398	5	0.2
4390	1989	93	4406.4	-2.4	1.2	0.5147	7.3	1.1
4390	1989	94	4406.4	-1.3	2.2	0.5555	7.3	0
4390	1989	95	4492.8	-0.6	0.9	0.6053	5.9	18
4390	1989	96	4492.8	-0.2	4.4	0.661	5.3	3.8
4390	1989	97	10368	2	8	0.75	4.4	0
4390	1989	98	9590.4	1.8	9.3	0.7883	3	0
4390	1989	99	20304	0.2	12.3	0.6752	4.3	0
4390	1989	100	4665.6	7	11.7	0.9867	4.6	0.1
4390	1989	101	18144	6.6	15.4	0.9312	7	2.3
4390	1989	102	4838.4	7.1	12.8	1.1251	3.9	12.2
4390	1989	103	4838.4	5.1	7.1	0.9224	4.1	6.3
4390	1989	104	4924.8	3.9	7	0.8908	4.2	9.1
4390	1989	105	4924.8	3.6	6.5	0.8226	3.4	1
4390	1989	106	5011.2	4.1	7.8	0.8663	3.1	1.3
4390	1989	107	5616	2.6	6.7	0.7404	3.9	0.8
4390	1989	108	16588.8	-0.5	9.3	0.577	1.8	2.3
4390	1989	109	10108.8	1.4	6.6	0.7156	2.8	7.2
4390	1989	110	8640	0.9	7	0.7698	2	2.6
4390	1989	111	5875.2	1.1	8.4	0.8399	1.7	40.4
4390	1989	112	9158.4	4.5	8.9	0.8731	3.1	0.1
4390	1989	113	6998.4	2.1	8.2	0.7755	2.1	0
4390	1989	114	18489.6	2.7	13.7	0.8694	2.9	5.8
4390	1989	115	6739.2	6	13.4	1.0102	2.9	3.4
4390	1989	116	5443.2	-0.8	8.1	0.7775	3.8	17.3
4390	1989	117	11145.6	-0.9	5.7	0.6317	2	0.3
4390	1989	118	8035.2	-0.8	5.5	0.6222	3.4	0.2
4390	1989	119	19958.4	-0.6	11.2	0.561	1.8	0
4390	1989	120	17193.6	1.6	10.7	0.5761	1.8	0
4390	1989	121	24796.8	1.6	15.8	0.5959	1.6	0
4390	1989	122	17798.4	7.5	18.2	0.9926	1.4	0
4390	1989	123	21772.8	9.8	20	1.2353	2.4	0
4390	1989	124	25488	8.3	20.7	1.0884	3.4	0
4390	1989	125	23932.8	9.4	21.7	1.1291	1.8	0
4390	1989	126	21859.2	3.7	13.4	0.7568	4	0
4390	1989	127	24624	0.1	12.1	0.6683	2.7	0
4390	1989	128	25920	2.4	17.4	0.6825	1.4	0
4390	1989	129	26352	6.3	21.7	0.8303	2.7	1
4390	1989	130	5875.2	8.3	14	1.2717	2.1	9.5
4390	1989	131	5961.6	6.1	12.7	1.155	4	16
4390	1989	132	14342.4	5.7	10	0.9763	4.6	4.4
4390	1989	133	18662.4	3.8	13.2	0.8319	3.4	0.9
4390	1989	134	17625.6	4.1	13.2	0.8852	2	0
4390	1989	135	27561.6	6.7	17.5	0.7616	2.6	0
4390	1989	136	27734.4	7.4	19.8	0.7623	1.9	0
4390	1989	137	27302.4	11.5	21.2	0.7984	3.4	0
4390	1989	138	26870.4	11.3	21.7	1.1059	4.5	0
4390	1989	139	25920	11.3	24	1.0079	2.9	0
4390	1989	140	26524.8	15.2	24	1.1613	3.9	0
4390	1989	141	27129.6	13	22.6	1.2617	4.8	0
4390	1989	142	27648	9.6	19.6	0.9793	6.2	0
4390	1989	143	28512	8.6	20.7	0.8326	5.9	0
4390	1989	144	28512	10	23.2	0.8489	4.8	0
4390	1989	145	28684.8	11.1	23.3	0.9797	2.9	0
4390	1989	146	25142.4	13.3	25.4	1.0762	2.1	0
4390	1989	147	26265.6	10.6	22.9	1.2569	3.2	0
4390	1989	148	24364.8	10.1	22.5	1.0735	2.1	0
4390	1989	149	27475.2	10.5	21.2	1.151	2.5	0.5
4390	1989	150	21859.2	8	21.2	1.0955	3.3	0
4390	1989	151	26697.6	2.2	14.1	0.6932	2.5	0
4390	1989	152	26438.4	5.2	16.9	0.6843	2.3	0
4390	1989	153	15724.8	5.7	15.8	1.019	2.5	0
4390	1989	154	7257.6	5.3	9.8	0.9774	2.7	5.3
4390	1989	155	9331.2	3.8	8.2	0.86	1.5	1
4390	1989	156	15120	3.3	12.7	0.9542	2	0.3
4390	1989	157	16243.2	3	12.1	0.863	2.4	13.4
4390	1989	158	19267.2	5	10.6	0.9625	4.1	4.6
4390	1989	159	14515.2	4.6	13.6	0.9933	1.6	3.4
4390	1989	160	24537.6	6.1	16.3	0.8905	1.2	0
4390	1989	161	22809.6	9.1	21	1.196	2.5	2.7
4390	1989	162	14601.6	11.6	18.1	1.4338	2.2	0
4390	1989	163	26524.8	8.1	19.9	1.1177	4	0
4390	1989	164	29289.6	11.3	22.7	0.9674	4.1	0
4390	1989	165	27129.6	12.2	23.2	0.9909	3.3	0
4390	1989	166	20736	11.3	22.7	1.0061	2.1	0
4390	1989	167	27648	11.3	21.8	0.9402	2.3	0
4390	1989	168	26956.8	11.6	24.3	0.945	2.4	0
4390	1989	169	28339.2	12.8	24.8	1.0616	3.9	0
4390	1989	170	29203.2	14.5	25.6	1.1707	4.3	0
4390	1989	171	28857.6	14.4	27.9	1.1775	2.2	0
4390	1989	172	26611.2	16.4	26.7	1.5918	2.3	0.1
4390	1989	173	8899.2	11.4	18.8	1.6627	2.7	6.6
4390	1989	174	20304	12.8	20.5	1.5707	3.7	0
4390	1989	175	20304	11.6	21.1	1.244	1.8	0
4390	1989	176	26265.6	11.6	24.8	1.2312	2.1	0
4390	1989	177	27043.2	15.1	27.3	1.4073	1.9	0
4390	1989	178	18921.6	10	22.2	1.3523	4	1.6
4390	1989	179	17539.2	8.9	17.2	1.0957	2.6	2.3
4390	1989	180	8208	9.4	16.7	1.1558	4.6	6.8
4390	1989	181	23500.8	8.4	18.7	1.2251	2.1	0
4390	1989	182	13478.4	10.1	19.8	1.5788	2.6	20.8
4390	1989	183	7344	11.2	14.5	1.3778	2.6	0.5
4390	1989	184	11318.4	10.8	16.5	1.2955	3.2	0.4
4390	1989	185	16070.4	9.8	20.9	1.4457	5.5	0
4390	1989	186	27734.4	16.7	27.3	1.6889	5.1	0
4390	1989	187	28080	16.8	27.8	1.4781	4.3	0
4390	1989	188	25488	18.2	27.3	1.5742	4.5	2
4390	1989	189	14860.8	14.2	23.7	1.8807	1.9	13.8
4390	1989	190	16588.8	14.6	19.7	1.8752	1.6	12.8
4390	1989	191	15811.2	13.1	18.4	1.5904	2.3	0
4390	1989	192	26006.4	11	21.4	1.2506	2.5	0
4390	1989	193	24451.2	11.6	21.5	1.3351	2.2	0
4390	1989	194	20995.2	11.7	20.1	1.299	2.4	0.8
4390	1989	195	16416	8.3	14.8	1.0745	3.1	0
4390	1989	196	13132.8	6.5	17.2	1.0405	2.7	0
4390	1989	197	18489.6	8.3	17.2	1.2069	3.8	0.5
4390	1989	198	21081.6	5.5	17.2	1.0336	2.4	0
4390	1989	199	19180.8	10.3	17.2	1.2097	3.3	0.2
4390	1989	200	22204.8	5.2	17.1	0.9802	1.6	0
4390	1989	201	27475.2	8.8	23.5	1.1366	1.7	0
4390	1989	202	26870.4	10.4	25.7	0.9716	2.4	0
4390	1989	203	21859.2	15.7	28.9	1.2631	2.9	0
4390	1989	204	14342.4	17	27.5	1.9023	1.7	4.6
4390	1989	205	20908.8	15.9	26.5	1.9099	1.5	0
4390	1989	206	19180.8	15.8	23.9	1.7807	2.2	0
4390	1989	207	21600	13.5	25	1.6488	2	0
4390	1989	208	20476.8	12.9	21.6	1.376	2.8	0
4390	1989	209	22377.6	11.3	22	1.1354	1.4	0
4390	1989	210	23241.6	12.5	23.2	1.2044	2.2	0
4390	1989	211	10281.6	11.5	21.1	1.4251	3.4	5.1
4390	1989	212	16329.6	9.7	16.3	1.2717	3.6	6.2
4390	1989	213	14256	6.8	13.4	1.1611	2.6	3.3
4390	1989	214	15033.6	7.2	13.3	1.048	2.6	1.4
4390	1989	215	15379.2	7.4	17	1.1642	2.5	3.4
4390	1989	216	18576	11.3	18.9	1.3027	2.1	0.1
4390	1989	217	24624	9.2	22.5	0.9892	1.2	0
4390	1989	218	15724.8	13.4	21.7	1.5425	3.1	0
4390	1989	219	15552	14.1	23.6	1.8691	2.3	2.7
4390	1989	220	12096	13.5	21.9	1.7189	2.1	0.7
4390	1989	221	20131.2	13	22.3	1.4313	1.6	0
4390	1989	222	22982.4	12.5	24.4	1.399	2.7	3.1
4390	1989	223	14601.6	12.7	20.4	1.4855	3.8	2.9
4390	1989	224	12009.6	13.2	20	1.528	2.9	0.7
4390	1989	225	17107.2	10.4	22.3	1.244	2	0
4390	1989	226	23760	13.7	23.6	1.3093	3.1	0
4390	1989	227	23673.6	14.3	26.7	1.5647	4	0
4390	1989	228	16156.8	15.8	26.8	1.9469	2.6	11.1
4390	1989	229	20131.2	14.2	22.2	1.5442	2.2	0
4390	1989	230	23500.8	11.7	21.9	1.1081	2.4	0
4390	1989	231	22896	12.5	25.2	1.1301	3.7	0
4390	1989	232	21945.6	15.5	27.6	1.6175	2.6	0
4390	1989	233	19785.6	17.5	28.9	1.5608	1.7	0
4390	1989	234	17971.2	16.8	27.7	1.9023	2.4	0
4390	1989	235	20217.6	10	21.7	1.223	2.1	0
4390	1989	236	21859.2	9.3	23.4	1.244	1.8	0
4390	1989	237	5011.2	12	14.7	1.4082	2.1	5.6
4390	1989	238	4924.8	10	13.5	1.3231	1.7	22.3
4390	1989	239	4924.8	8	13.7	1.2466	3.9	10.8
4390	1989	240	8985.6	7.5	13.6	1.1074	4	3.5
4390	1989	241	10368	7.1	13.2	1.0782	2.2	0
4390	1989	242	6048	8	13.6	1.1777	1.5	0.2
4390	1989	243	10800	8.8	20.6	1.3197	1.6	0.1
4390	1989	244	4579.2	10.7	14.5	1.3992	2.2	2
4390	1989	245	11491.2	9.1	15.8	1.2845	2.4	1.5
4390	1989	246	17712	6.8	15.4	1.0694	3.1	0
4390	1989	247	14860.8	6.5	15.3	1.1205	2.5	0
4390	1989	248	15120	7	17	0.9528	1.5	0
4390	1989	249	18057.6	8.2	18.6	1.0596	1	0
4390	1989	250	17452.8	11.2	20.9	1.0929	2.8	0
4390	1989	251	18489.6	9.8	21.7	1.1437	4.4	0
4390	1989	252	16934.4	11.5	21.6	1.2411	4.1	0
4390	1989	253	8035.2	12.4	20.2	1.3326	3.2	0
4390	1989	254	16588.8	12.8	21.8	1.4395	5	0
4390	1989	255	16243.2	10.6	20.4	1.4421	3.5	0.2
4390	1989	256	8812.8	11.7	15.7	1.4876	3.2	9
4390	1989	257	8208	11	15.7	1.3623	3.7	8.4
4390	1989	258	5702.4	10.2	16.6	1.4282	4.4	15.7
4390	1989	259	3888	12.6	16.7	1.6319	3.6	0.6
4390	1989	260	13478.4	12.8	21	1.6535	2.9	0
4390	1989	261	16416	13.3	23.3	1.5119	3.9	0
4390	1989	262	9590.4	13	21	1.6446	2.8	1.2
4390	1989	263	15120	9.5	21.2	1.4457	2.6	0
4390	1989	264	11923.2	14.4	22	1.8781	2.9	0
4390	1989	265	14688	14.4	23.7	1.7605	2.1	2.6
4390	1989	266	3542.4	9.6	17.7	1.5296	3.8	12.8
4390	1989	267	3456	9.3	11.8	1.2474	1.9	1.8
4390	1989	268	3974.4	8.9	12.5	1.2471	1.5	0.9
4390	1989	269	8035.2	7.8	15.2	1.2879	1.5	2.5
4390	1989	270	11145.6	5.7	12.9	0.9717	2.2	0.4
4390	1989	271	10627.2	5.1	13.3	1.0117	2.6	0
4390	1989	272	4579.2	6.5	12.4	1.0761	2.5	0.7
4390	1989	273	3196.8	5.4	11	1.0651	2.6	1.8
4390	1989	274	3196.8	9.2	11	1.1858	2.4	1.4
4390	1989	275	3888	7.2	9.8	1.0315	3.4	1.2
4390	1989	276	11577.6	5	13.5	0.8051	3.2	0.2
4390	1989	277	13651.2	2.7	13.7	0.6956	3.2	0
4390	1989	278	13564.8	3.4	15.6	0.8306	3.6	0.5
4390	1989	279	6048	6.4	12.3	1.0572	3.1	21.1
4390	1989	280	5097.6	6.1	8.9	0.9741	4	19.2
4390	1989	281	4060.8	4.5	8.1	0.8875	2.8	0.2
4390	1989	282	2764.8	5.6	8.1	0.9614	2.2	2.9
4390	1989	283	2764.8	4.4	7.2	0.8758	2.5	4.3
4390	1989	284	2678.4	5.1	8.1	0.9548	3.1	5.1
4390	1989	285	2678.4	6.2	10.4	1.0723	3.2	0.6
4390	1989	286	2592	8.1	10.1	1.0973	4.3	3.1
4390	1989	287	6998.4	5	10	0.9533	3.4	2.1
4390	1989	288	5788.8	4.4	9.7	0.9546	2	0.7
4390	1989	289	9158.4	2.1	13	0.8942	2.1	0
4390	1989	290	11059.2	4.5	15.5	0.9693	1.3	0
4390	1989	291	10972.8	6.8	15.8	0.9633	2.1	0
4390	1989	292	8035.2	6.8	15.4	1.175	2.1	0
4390	1989	293	4233.6	7.7	10.9	1.1239	4.6	9
4390	1989	294	5788.8	8	18.5	1.0949	6.5	0
4390	1989	295	10022.4	11	17.8	1.2617	4.4	0
4390	1989	296	8812.8	9.7	17.7	1.1901	3.6	0
4390	1989	297	5356.8	10.7	16.2	1.325	2.3	0
4390	1989	298	6307.2	10	15.7	1.3482	3.1	0
4390	1989	299	7344	10.5	17.4	1.3846	3.2	0
4390	1989	300	8899.2	9.5	18	1.2411	3.5	0
4390	1989	301	6652.8	7.9	16	1.2429	4.5	6.8
4390	1989	302	7344	6.6	11.2	0.9116	6.6	11.1
4390	1989	303	4320	6.9	13.6	1.0979	5.7	8.7
4390	1989	304	1900.8	5.6	11.6	1.0943	2.6	7.5
4390	1989	305	1900.8	8.4	10.8	1.1826	2.3	17.8
4390	1989	306	1900.8	7.4	10.1	1.1055	4.8	3.8
4390	1989	307	1814.4	7	10.1	1.0906	2.3	2.1
4390	1989	308	2678.4	4.2	7.2	0.8332	4.2	7.2
4390	1989	309	1814.4	2.6	5.5	0.7752	3.7	1.1
4390	1989	310	2592	1.2	4.5	0.7122	2.5	0
4390	1989	311	3801.6	0.4	5.5	0.7173	2.9	0
4390	1989	312	1987.2	0.6	4.8	0.6676	6	0.4
4390	1989	313	4838.4	0.6	6.6	0.6641	3.6	0
4390	1989	314	1641.6	-0.4	5	0.6705	4.1	0.5
4390	1989	315	6825.6	2	9.2	0.7365	4.1	0
4390	1989	316	7430.4	2.5	12.7	0.553	3.5	0
4390	1989	317	7171.2	2.7	13.5	0.421	1.3	0
4390	1989	318	7084.8	3.4	12	0.4412	1.2	0
4390	1989	319	2937.6	1.6	6.3	0.7131	2.2	0
4390	1989	320	6652.8	-1.5	3.8	0.5843	6	0
4390	1989	321	6652.8	-2.6	2.9	0.3891	8.1	0
4390	1989	322	6566.4	-3.7	2.8	0.3607	6.9	0
4390	1989	323	6393.6	-4	6.6	0.4296	2.8	0
4390	1989	324	4579.2	0.5	13.1	0.642	1.6	0
4390	1989	325	1814.4	6.5	9.9	0.6738	3	1.7
4390	1989	326	3974.4	-2	7.7	0.6748	3.2	1.8
4390	1989	327	2419.2	-5.7	-0.2	0.4672	2.1	0.8
4390	1989	328	1900.8	-0.9	2.5	0.6021	2.7	1.7
4390	1989	329	5961.6	-8.5	0.1	0.3359	2.9	0
4390	1989	330	1296	-7.1	-0.2	0.3641	3.7	1.2
4390	1989	331	1296	-1.1	2.9	0.6521	3.7	2.8
4390	1989	332	5356.8	-1.7	4.7	0.5992	3.2	0
4390	1989	333	5702.4	-5	3.7	0.4429	3.9	0
4390	1989	334	5616	-4.8	2.5	0.3483	4.1	0
4390	1989	335	5356.8	-4.9	5.5	0.3434	3.2	0
4390	1989	336	5270.4	-1.1	7.2	0.3194	4.4	0
4390	1989	337	4492.8	0	10.8	0.3766	2.5	0
4390	1989	338	4147.2	-0.2	8.9	0.5083	2.5	0.2
4390	1989	339	1123.2	-1.3	2.7	0.5978	2.1	0
4390	1989	340	1123.2	-1.7	3.2	0.6322	2.4	0.4
4390	1989	341	1555.2	-0.4	3.5	0.6697	3	0.1
4390	1989	342	3715.2	-2.8	2.6	0.5277	2	0.3
4390	1989	343	1123.2	-1.1	1.5	0.6075	1.8	0.1
4390	1989	344	4492.8	-4.6	1.2	0.4478	2.6	0
4390	1989	345	1123.2	-6.2	-0.2	0.4393	1	0
4390	1989	346	1123.2	-5.1	0.7	0.5096	4.1	3.6
4390	1989	347	1036.8	0.1	6.2	0.7275	5.5	13.4
4390	1989	348	1728	5.2	9.7	0.8984	8.6	5.9
4390	1989	349	1036.8	4.7	8.5	0.9158	4.4	26.7
4390	1989	350	1296	4.9	12.4	0.9076	5.1	8.1
4390	1989	351	1900.8	5.9	12.6	1.0034	6.6	2.2
4390	1989	352	1036.8	5.8	10.2	0.8684	6.6	1.7
4390	1989	353	2332.8	3.1	10.2	0.8212	5.2	8.3
4390	1989	354	1036.8	1.8	8.7	0.8342	7.3	15.2
4390	1989	355	1036.8	8	10.7	0.9867	8.3	2.8
4390	1989	356	1036.8	3.9	10	0.968	5.5	20.4
4390	1989	357	2505.6	0.4	4	0.6514	5.6	8.6
4390	1989	358	2505.6	2.2	5.9	0.7752	4.9	1.1
4390	1989	359	3196.8	1.3	6.7	0.6017	3.8	0
4390	1989	360	3024	-2.3	7.5	0.5524	3.4	0
4390	1989	361	1036.8	-3.4	-1.2	0.5058	3.8	0
4390	1989	362	1036.8	-3.6	-2.3	0.4869	2.1	0.1
4390	1989	363	1123.2	-4.5	-2.8	0.4527	2.9	0
4390	1989	364	1123.2	-5	-3.1	0.4439	2.6	0
4390	1989	365	1123.2	-5.5	-3.1	0.4312	1.6	0
