*---------------------------------------------------------------------------*
* Station name: BAD MARIENBERG                          
* Year: 2002
* Author: Pedro Alencar                                   -999.000: NIL VALUE
* Source: ECAD 
* Comments: 
* Longitude: 50.6631, latitude: 50.6631, altitude: 547 m.
*
* Column  Daily value
* 1       station number
* 2       year
* 3       day
* 4       irradiation                   (kJ m-2 d-1)
* 5       minimum temperature           (degrees Celsius)
* 6       maximum temperature           (degrees Celsius)
* 7       early morning vapour pressure (kPa)
* 8       mean wind speed (height: 2 m) (m s-1)
* 9       precipitation                 (mm d-1)
*
** WCCDESCRIPTION=GERMANY, BAD MARIENBERG                          
** WCCFORMAT=2
** WCCYEARNR=2002
*---------------------------------------------------------------------------*
   50.6631  7.9594    547.  -0.18 -0.55
4390	2002	1	1123.2	-7.7	-2.3	0.4132	2	2.4
4390	2002	2	1728	-6.4	-0.7	0.4608	2.1	0.6
4390	2002	3	5097.6	-9.7	-3.4	0.2996	5.8	0
4390	2002	4	5184	-11.4	-3.5	0.2062	5.7	0
4390	2002	5	5184	-7.4	-1	0.2956	2.6	0
4390	2002	6	1123.2	-5.3	1.4	0.482	1.8	0.2
4390	2002	7	1555.2	-1.6	0.3	0.5711	2.6	0.2
4390	2002	8	1209.6	-4.5	-1.2	0.4856	4.4	0
4390	2002	9	1209.6	-8.5	-4.1	0.3742	1.7	0
4390	2002	10	4147.2	-10.3	-3.4	0.3477	0.9	0
4390	2002	11	1209.6	-8.3	-1.9	0.4058	0.7	0.6
4390	2002	12	1209.6	-2.6	-0.1	0.5481	0.6	0
4390	2002	13	3024	-3	2.4	0.5679	2.2	0
4390	2002	14	1296	-5.7	-2.1	0.4535	4	0
4390	2002	15	1296	-6.6	-4.8	0.3917	2.4	0
4390	2002	16	1296	-5.9	-1.8	0.4552	0.7	0
4390	2002	17	1296	-3.2	-1.6	0.5021	1.4	0
4390	2002	18	1296	-2.4	-0.9	0.5361	1.2	2
4390	2002	19	1382.4	-1.5	2.2	0.6142	3.7	4.8
4390	2002	20	1382.4	1	4.7	0.7422	5.6	17.1
4390	2002	21	1382.4	2.4	6.6	0.8337	4.8	1.2
4390	2002	22	2073.6	1.5	4.6	0.73	5.7	0
4390	2002	23	1987.2	1.6	5	0.743	5.6	5.1
4390	2002	24	1468.8	2.4	7.1	0.8142	6.8	3.8
4390	2002	25	2851.2	-0.3	4.2	0.654	4.2	2.3
4390	2002	26	2419.2	4.1	8.5	0.8589	8.9	17.2
4390	2002	27	1555.2	6.3	10.3	1.0723	6.5	33.5
4390	2002	28	2592	6	10.1	0.9467	7	6.3
4390	2002	29	5616	3.1	10.1	0.8768	4.6	0.1
4390	2002	30	3024	6.1	8.9	0.9637	4	0
4390	2002	31	6480	3.6	8.5	0.741	4.7	1.6
4390	2002	32	2851.2	5.2	8.2	0.9025	6.4	0
4390	2002	33	7171.2	3.9	13	0.8733	5.3	0
4390	2002	34	7516.8	4.8	12.8	0.6904	5	0.1
4390	2002	35	5702.4	2.8	9.9	0.6512	7.3	0.1
4390	2002	36	1814.4	5.8	9.2	0.9222	7.4	1.9
4390	2002	37	4233.6	2	6.4	0.7422	3.6	0.3
4390	2002	38	2160	0.8	4.3	0.6899	4	3
4390	2002	39	1900.8	1	6.2	0.7827	5.2	4.2
4390	2002	40	1900.8	4.2	8	0.9318	7	12.9
4390	2002	41	2332.8	1.9	4.4	0.7352	5.1	6
4390	2002	42	1987.2	4.2	7.9	0.9286	7.2	20.2
4390	2002	43	2592	4.8	10.3	1.019	5.6	29.8
4390	2002	44	2073.6	2.5	4.8	0.7854	2.9	9.7
4390	2002	45	7862.4	-3	2.7	0.5016	6.8	0
4390	2002	46	9504	-3.7	5.2	0.3226	7.2	0
4390	2002	47	9590.4	-0.8	8.3	0.3116	6.3	0
4390	2002	48	9417.6	-0.7	6.3	0.508	2.3	0
4390	2002	49	2246.4	-0.6	1.4	0.6038	3	1.6
4390	2002	50	2246.4	-1.3	2.6	0.6341	5.1	17.2
4390	2002	51	2332.8	0.3	5	0.7318	6.3	19.5
4390	2002	52	8640	-4.3	0.7	0.4017	4.5	0.8
4390	2002	53	2332.8	-2.9	3.6	0.5828	7.1	16.6
4390	2002	54	3110.4	-2.1	3.2	0.5977	6	11.7
4390	2002	55	4147.2	-2.4	-0.1	0.5465	4.7	10.2
4390	2002	56	2505.6	-0.7	6.4	0.7422	5.1	21.5
4390	2002	57	4665.6	4.8	10.1	0.8984	8.9	12.8
4390	2002	58	6480	1.2	5.9	0.6381	5.4	0.9
4390	2002	59	3888	0.3	4.3	0.62	5.9	1.2
4390	2002	60	5097.6	-1.6	5.9	0.6491	4.1	0.3
4390	2002	61	10195.2	-4	4.4	0.3968	3.1	0
4390	2002	62	3283.2	-2.7	1.6	0.5166	2.2	0
4390	2002	63	2937.6	0.8	4.5	0.6874	1.8	0.1
4390	2002	64	12873.6	0.9	9	0.73	2.4	0
4390	2002	65	3024	1	4.6	0.7321	4.1	3.2
4390	2002	66	5788.8	1.6	8.2	0.7534	6.4	0.9
4390	2002	67	12441.6	0.1	9.1	0.6785	2.8	0
4390	2002	68	3196.8	1.7	7.1	0.7192	4.3	1.7
4390	2002	69	13910.4	0.1	8	0.612	5.1	0
4390	2002	70	13910.4	1	12.5	0.63	3.1	0
4390	2002	71	4492.8	6.6	12.7	0.803	2.6	0
4390	2002	72	8812.8	0.4	13.6	0.8512	3.6	5.9
4390	2002	73	3369.6	-0.8	0.5	0.5923	6.5	3.8
4390	2002	74	5443.2	-0.8	4.1	0.6814	4.9	3.4
4390	2002	75	13651.2	2	11.2	0.8963	3.4	0
4390	2002	76	9331.2	5.4	13.4	1.0018	3.4	0
4390	2002	77	8985.6	6.4	12	0.9884	5.4	11.9
4390	2002	78	3628.8	4.4	8.4	0.9033	4.5	10.6
4390	2002	79	4492.8	4.4	9.8	0.9679	4.3	22.8
4390	2002	80	4838.4	6	10.5	1.0687	5.5	4.2
4390	2002	81	3801.6	-0.4	6.6	0.7555	4.7	17.2
4390	2002	82	6739.2	-0.7	3.9	0.5966	3.1	0
4390	2002	83	10108.8	-1.5	3.1	0.518	2.4	0
4390	2002	84	11664	-2.3	3.1	0.478	2.2	0
4390	2002	85	14774.4	-2.8	6.1	0.468	1.9	0
4390	2002	86	17971.2	-2.6	6.3	0.4678	2.7	0
4390	2002	87	18489.6	-2.9	9.9	0.4946	4.3	0
4390	2002	88	18662.4	0.9	13.8	0.5641	5.3	0
4390	2002	89	9590.4	6.7	11.4	0.6101	1.1	0
4390	2002	90	16416	4.4	14.2	0.679	2.2	0
4390	2002	91	14860.8	7.6	14.9	0.7334	2.3	0
4390	2002	92	19008	8.3	16.1	0.6673	5	0
4390	2002	93	19526.4	6.5	16	0.7201	6.6	0
4390	2002	94	18576	4.3	14	0.6374	5.2	0
4390	2002	95	20131.2	0	10.3	0.423	5.8	0
4390	2002	96	20390.4	-3	6.3	0.4474	4.7	0
4390	2002	97	20649.6	-1.6	8.5	0.4224	3.6	0
4390	2002	98	20736	-0.5	9	0.4303	4.4	0
4390	2002	99	19353.6	0.8	9	0.407	4.7	0
4390	2002	100	20044.8	0.3	7.6	0.5105	6.5	0
4390	2002	101	13564.8	0.8	9.4	0.6586	4.3	0
4390	2002	102	20563.2	3.8	14	0.8433	4.3	0
4390	2002	103	4838.4	3.3	7.4	0.8221	3.7	1.7
4390	2002	104	10022.4	1.8	7	0.7359	3	0.2
4390	2002	105	9504	1.8	8	0.8141	3.3	5.7
4390	2002	106	5011.2	0.2	4.5	0.7163	1.9	12.5
4390	2002	107	6048	2.9	6.8	0.8544	2.1	2.3
4390	2002	108	10195.2	3.1	11	0.9546	2.6	1.3
4390	2002	109	7776	3.2	7.5	0.8847	1.9	9
4390	2002	110	11750.4	3.7	9.8	0.9056	2.1	0.2
4390	2002	111	21168	5.4	15	0.9451	2.4	0
4390	2002	112	15379.2	7.1	14.6	0.909	2	0
4390	2002	113	12268.8	9.3	14.2	1.1853	2.9	0.2
4390	2002	114	10627.2	8.1	15.2	1.246	2.9	0
4390	2002	115	16502.4	8.6	17.3	1.2676	2.5	0
4390	2002	116	6825.6	4	10.8	0.988	4.6	4.9
4390	2002	117	11836.8	2.6	8.2	0.8429	4.8	5
4390	2002	118	5443.2	4	7.6	0.9035	5.8	6.4
4390	2002	119	11577.6	3.7	10.1	0.9249	6.5	1.2
4390	2002	120	15724.8	3.5	13	0.8833	5.8	1.5
4390	2002	121	11836.8	6.9	12.6	1.0015	4.8	0.1
4390	2002	122	7689.6	6.1	11	1.0573	3.3	0.1
4390	2002	123	5702.4	4.9	6.6	0.9095	3.8	8.7
4390	2002	124	5702.4	4.6	6.7	0.9033	4.3	28.7
4390	2002	125	5702.4	3.1	5.5	0.8221	3.2	0.1
4390	2002	126	10368	3.8	9.8	0.9482	1.6	5
4390	2002	127	24796.8	3.6	16.5	0.911	3.8	0
4390	2002	128	18662.4	9.5	17.3	1.2439	5.6	0
4390	2002	129	18576	13.3	22.1	1.2942	3.8	0
4390	2002	130	9936	11.8	17.1	1.4795	2.4	2.5
4390	2002	131	9936	10.6	16	1.3426	2.2	0.2
4390	2002	132	5961.6	7.9	13.8	1.2336	1.5	9.4
4390	2002	133	20908.8	7.8	17.7	1.2511	3.7	0.2
4390	2002	134	17193.6	8.3	14	1.073	6.4	3.3
4390	2002	135	15379.2	7.3	16	1.0817	2.7	0
4390	2002	136	25142.4	10.8	22.4	1.1696	2.6	0
4390	2002	137	26265.6	14.3	24.3	1.2516	2.4	0
4390	2002	138	6134.4	10.1	16	1.3209	3.1	0
4390	2002	139	15292.8	8.7	16.1	1.0645	2.1	0
4390	2002	140	21254.4	10.5	18.1	1.0582	2.9	0
4390	2002	141	27388.8	9	20.1	1.1416	5.6	0
4390	2002	142	17625.6	12.6	20.2	1.2479	4.1	4.5
4390	2002	143	6220.8	9.6	13	1.271	1.9	4.7
4390	2002	144	19353.6	7.8	15.4	1.1327	4	2.9
4390	2002	145	12614.4	6.1	12.5	1.0185	2.5	2.6
4390	2002	146	16675.2	5.9	14.2	1.0957	3.8	4.4
4390	2002	147	13046.4	6.5	13.4	1.0639	2.2	0.3
4390	2002	148	22032	8.4	17.1	1.045	2.4	0.1
4390	2002	149	12960	8.2	13.7	0.9804	2.8	0.1
4390	2002	150	21600	7	15.3	0.861	2.1	0
4390	2002	151	26179.2	8.5	16.7	0.9474	2.5	0
4390	2002	152	28425.6	7.2	19.1	0.8763	2.3	0
4390	2002	153	27216	8.3	19.5	0.8725	4.9	0
4390	2002	154	25056	10.9	20.8	1.0971	5.8	0.1
4390	2002	155	22032	12.1	22.1	1.4603	3.2	0
4390	2002	156	8467.2	11.9	18.6	1.3326	4.9	3.3
4390	2002	157	14342.4	11	18.4	1.42	2.2	9.2
4390	2002	158	7776	10.7	15	1.363	2.7	0.6
4390	2002	159	18748.8	10	17.6	1.1663	2	0
4390	2002	160	13824	12.5	17.7	1.1999	1.4	4.3
4390	2002	161	13305.6	7.9	14.5	1.1297	3.4	7.2
4390	2002	162	12182.4	7.9	14.6	1.2134	4	6.3
4390	2002	163	6566.4	9.9	16.2	1.3509	4.7	3.8
4390	2002	164	6566.4	11.1	14.5	1.4324	2.9	4.9
4390	2002	165	17280	12.4	21.4	1.5958	3.2	5.2
4390	2002	166	12182.4	13.9	21	1.6323	2.8	0.1
4390	2002	167	17884.8	12.2	21.7	1.4658	2.1	0
4390	2002	168	26784	16.1	28.1	1.7523	3	0
4390	2002	169	27216	16.8	31.4	1.8572	4.7	0
4390	2002	170	15292.8	15.4	24.6	1.914	2.6	0.1
4390	2002	171	16675.2	13.3	24.6	1.8807	3.7	1.7
4390	2002	172	14256	11.6	19.6	1.4514	1.6	0
4390	2002	173	21254.4	14.3	23.3	1.5599	2.8	0.2
4390	2002	174	19785.6	11.6	19.3	1.3148	2.6	0.1
4390	2002	175	26524.8	10.9	19	1.0186	3	0
4390	2002	176	28425.6	10	20.5	0.9865	2.1	0
4390	2002	177	26611.2	12.8	23	1.1058	2.6	0
4390	2002	178	18576	8	17.5	1.0303	3	0
4390	2002	179	17539.2	6	14.4	1.0072	3.4	2.3
4390	2002	180	15033.6	7.1	14.9	0.9968	2.8	0.4
4390	2002	181	19958.4	8.4	19	1.0178	2.6	0
4390	2002	182	6566.4	10.5	15.1	1.1813	5	5.7
4390	2002	183	9676.8	8.9	14	1.162	5.1	3.4
4390	2002	184	6566.4	10.2	13.7	1.2988	5.4	6
4390	2002	185	14515.2	9.3	16.1	1.1883	3.9	0.4
4390	2002	186	17107.2	9.2	19.1	1.2092	3.1	2
4390	2002	187	8467.2	10.5	16.8	1.4047	1.9	0.8
4390	2002	188	14256	11.9	18.9	1.4154	2.4	0.3
4390	2002	189	28512	12.1	25.5	1.3216	3.2	0
4390	2002	190	20649.6	16.6	27.2	1.7311	2.5	3.1
4390	2002	191	8726.4	9	17.6	1.4036	2.6	11.8
4390	2002	192	19008	8.7	18.3	1.1902	2.6	0
4390	2002	193	18576	12.3	20.5	1.1362	2.6	3.1
4390	2002	194	8294.4	13.8	16.9	1.5677	2.5	10
4390	2002	195	6393.6	13.7	15.4	1.6214	3.4	2.2
4390	2002	196	15033.6	14.8	21.7	1.7793	3.4	0
4390	2002	197	9676.8	13.8	21.3	1.6426	3.6	0.7
4390	2002	198	6307.2	10.6	15	1.3586	4.4	15
4390	2002	199	16588.8	9.8	15.8	1.27	4.5	0
4390	2002	200	22896	9	16.7	1.1111	3.2	0
4390	2002	201	26611.2	10.2	22.1	1.2099	2.5	1.9
4390	2002	202	14169.6	10.7	17.3	1.3093	3.8	1.2
4390	2002	203	13219.2	10.2	15.4	1.2109	2.8	0.1
4390	2002	204	12873.6	10.5	17.8	1.1931	2.9	3
4390	2002	205	9849.6	11	15.7	1.4082	3	3.9
4390	2002	206	12787.2	9.9	16.7	1.19	2.1	0.9
4390	2002	207	6048	12	16.1	1.5058	1.9	0
4390	2002	208	24537.6	14.4	23.8	1.6335	1.8	0
4390	2002	209	26784	15	25.5	1.4223	3.4	0
4390	2002	210	26265.6	19.3	28.1	1.4623	2.4	0
4390	2002	211	20649.6	17.7	28.4	1.7436	3.1	6.5
4390	2002	212	15724.8	16.1	22.2	1.9043	2.7	6.1
4390	2002	213	6652.8	13.4	17.1	1.7134	2.9	5.1
4390	2002	214	19612.8	11.9	21.2	1.4479	2.4	0
4390	2002	215	7948.8	13.5	17.7	1.3806	2.6	4.3
4390	2002	216	22809.6	12.1	20.5	1.3696	2.1	1.1
4390	2002	217	14428.8	12.1	17.6	1.4169	2	6.7
4390	2002	218	18057.6	11	18.6	1.4123	1.5	0.7
4390	2002	219	11577.6	11.8	17.2	1.4348	1.8	0
4390	2002	220	11404.8	12.9	19.4	1.5399	1.3	2.1
4390	2002	221	19612.8	12.2	21	1.6035	2.2	11.7
4390	2002	222	12268.8	12.5	18.2	1.5502	1.4	1.1
4390	2002	223	6998.4	13.2	17.3	1.6269	2.8	0
4390	2002	224	12268.8	11.7	18.4	1.5036	3.3	0.5
4390	2002	225	10713.6	11.9	18.8	1.4806	2.9	0
4390	2002	226	16761.6	13	21.7	1.5627	1.8	0
4390	2002	227	19699.2	15.4	23.4	1.5293	2.1	0
4390	2002	228	18921.6	17.1	24.8	1.4849	1.9	0
4390	2002	229	22636.8	16.7	24.5	1.5986	2.9	0
4390	2002	230	22636.8	16	25	1.6129	3.8	0
4390	2002	231	19872	16.2	25.7	1.6581	3.2	1.5
4390	2002	232	17539.2	16.1	26.8	1.8373	2.6	14.4
4390	2002	233	5184	12.5	16.1	1.6117	2.6	10.2
4390	2002	234	9763.2	13.5	18.2	1.7445	2.2	16.1
4390	2002	235	14947.2	11.5	20.1	1.5955	1.9	0.3
4390	2002	236	10627.2	12.8	20.1	1.6069	2.7	0.1
4390	2002	237	9244.8	11.6	17.6	1.5104	2.4	0
4390	2002	238	19872	13.8	23.5	1.6742	5	0
4390	2002	239	15292.8	16.4	21	1.8301	2.6	0
4390	2002	240	10195.2	16.2	21.6	2.0275	3	22.1
4390	2002	241	12787.2	15.6	21.6	1.9471	2.9	0
4390	2002	242	18835.2	14.6	22.4	1.7011	1.8	0
4390	2002	243	14342.4	12.6	20.4	1.5371	3.2	0
4390	2002	244	7862.4	10.3	15	1.1406	3.1	0
4390	2002	245	20044.8	9.6	17.5	1.0855	5	0
4390	2002	246	18230.4	10.2	18.3	1.0872	4.3	0.6
4390	2002	247	7948.8	11	18.1	1.4559	3	0
4390	2002	248	14169.6	11	18.7	1.4169	2	0
4390	2002	249	13132.8	11.6	18.6	1.2684	2.1	0
4390	2002	250	12873.6	10.4	18.9	1.2322	2.2	0
4390	2002	251	17798.4	12.4	20.7	1.3915	3.1	0
4390	2002	252	15897.6	14.5	23.1	1.4949	3.9	19.5
4390	2002	253	4147.2	9.8	14.5	1.3443	3.2	6.1
4390	2002	254	4147.2	9.6	13.1	1.3155	2.7	0.1
4390	2002	255	17452.8	11.2	17.6	1.1961	5.4	0
4390	2002	256	17884.8	9.2	17.9	0.9614	3.5	0
4390	2002	257	11232	11.2	14.8	1.3016	3.1	0.1
4390	2002	258	15206.4	8.4	15.8	1.086	2.7	0
4390	2002	259	13392	7.4	14.3	1.0518	2.1	0
4390	2002	260	5788.8	8.6	14	1.1372	2.3	0
4390	2002	261	7084.8	8.9	13.2	1.0527	2.3	0
4390	2002	262	12441.6	8.7	16.5	1.0785	2.4	0
4390	2002	263	7257.6	9.5	15.4	1.1257	2.3	0
4390	2002	264	4233.6	8.3	12.1	1.0943	2.3	0.1
4390	2002	265	7344	6.2	12.4	1.1239	2.7	6
4390	2002	266	5184	4.2	8.6	0.8552	4.8	1.4
4390	2002	267	15638.4	3.5	10.6	0.7134	6.1	0
4390	2002	268	6134.4	2.8	8.6	0.824	2.3	8.6
4390	2002	269	3369.6	7.3	8.8	1.065	2.4	6.4
4390	2002	270	9763.2	5.5	12.2	0.9994	2.6	1
4390	2002	271	8985.6	5.1	13.4	0.8401	1	0
4390	2002	272	8467.2	7.5	13.7	1.0472	1.7	0
4390	2002	273	14256	5.8	14.4	0.9264	4.1	0
4390	2002	274	13046.4	6.6	16.4	0.949	2.6	0
4390	2002	275	10022.4	8	15	1.0168	2.8	0.1
4390	2002	276	3110.4	11.3	13.9	1.3846	2.2	7.8
4390	2002	277	8812.8	8.1	13.9	1.1673	3	0
4390	2002	278	2937.6	7	10	1.087	3.2	39
4390	2002	279	3456	4.2	10.1	0.9915	3.8	2.3
4390	2002	280	3369.6	2.4	7.4	0.8227	1.9	2.2
4390	2002	281	11664	2.1	7.4	0.7113	3.4	0
4390	2002	282	12009.6	1.8	10.7	0.7799	6.8	0
4390	2002	283	12096	3.1	8.7	0.7798	6	0
4390	2002	284	6220.8	2.5	7.3	0.6928	5.4	0
4390	2002	285	3110.4	1.9	4.7	0.6734	3.2	0
4390	2002	286	2592	2.2	5.7	0.8103	2.4	0.1
4390	2002	287	3715.2	4.1	9.7	0.8851	5.8	0.9
4390	2002	288	3283.2	6.2	11.5	1.1016	4.1	5.7
4390	2002	289	2505.6	8.5	11.6	1.2065	4.5	6.7
4390	2002	290	2505.6	4.7	8.8	0.9745	3.2	16.6
4390	2002	291	3456	2.4	6.9	0.817	4	6.6
4390	2002	292	4752	0.9	5.9	0.7483	3.1	1.6
4390	2002	293	5788.8	0	6.5	0.6633	3.3	1.2
4390	2002	294	2332.8	3.1	10.8	0.968	4.8	9.2
4390	2002	295	2246.4	9.9	12.1	1.2853	4.9	13
4390	2002	296	3801.6	2.5	11.1	0.9383	5.4	5.9
4390	2002	297	7430.4	2.3	8.8	0.7974	4.2	1.1
4390	2002	298	2160	5	10.4	1.0295	5.8	15.9
4390	2002	299	5702.4	6.3	10.9	0.8822	5.9	9.8
4390	2002	300	3542.4	5	12.9	1.0062	7.9	12.5
4390	2002	301	5270.4	3.6	8.5	0.741	5	0
4390	2002	302	2937.6	2	6.9	0.7217	3.5	1
4390	2002	303	1987.2	6.3	8.7	1.0155	2.4	4.6
4390	2002	304	1900.8	4.6	8.9	0.9843	1.9	0.5
4390	2002	305	1900.8	3.3	9.6	0.9642	2.9	17.7
4390	2002	306	2246.4	7.3	10.8	1.1281	3.5	6.5
4390	2002	307	3110.4	5.9	9.5	1.0189	4.6	12.8
4390	2002	308	1814.4	5.4	6.5	0.9315	2.4	5.3
4390	2002	309	1814.4	2.8	6.3	0.8367	1.3	0
4390	2002	310	1728	1.8	3	0.7261	4.5	0.7
4390	2002	311	1728	-0.2	3.7	0.6932	3.3	11.2
4390	2002	312	1728	1.4	4.1	0.7295	5.2	31.3
4390	2002	313	3369.6	2.3	7	0.8255	5.2	0.3
4390	2002	314	2332.8	1.1	4.4	0.7221	4.2	21.1
4390	2002	315	2073.6	4.1	8	0.9099	3.5	0.6
4390	2002	316	2246.4	4.7	7.8	0.913	3.8	0.5
4390	2002	317	2073.6	4.4	7.6	0.8787	5	2.2
4390	2002	318	1555.2	4.1	8.9	0.8998	5	0.3
4390	2002	319	1555.2	4.1	6.4	0.8874	2.6	1.1
4390	2002	320	1468.8	5.4	8.9	1.0016	2.9	10.5
4390	2002	321	2937.6	4.2	8.6	0.9417	3.5	0
4390	2002	322	1468.8	4.3	6.5	0.8967	2.1	0
4390	2002	323	1382.4	3.6	5.7	0.783	2.2	0
4390	2002	324	3283.2	1.8	6.5	0.7889	5.4	0
4390	2002	325	1641.6	3.2	9.3	0.8369	3.9	0
4390	2002	326	1382.4	3.4	6.4	0.84	2.3	3.9
4390	2002	327	4579.2	1.9	7.3	0.7972	4	0.5
4390	2002	328	1296	4.2	7.6	0.8726	2.9	0
4390	2002	329	1987.2	4.3	7.7	0.8413	3.8	2
4390	2002	330	1296	3.4	6.3	0.8285	2.8	0
4390	2002	331	4838.4	3.9	8.3	0.8377	5.9	0
4390	2002	332	1296	4.5	7	0.9095	4.8	4.8
4390	2002	333	1900.8	4.9	7.5	0.9288	1.9	2.1
4390	2002	334	1209.6	4.4	5.3	0.863	2.4	1
4390	2002	335	1987.2	2.2	4.5	0.7534	5.4	6.7
4390	2002	336	1382.4	1.9	3.6	0.737	3.9	0.3
4390	2002	337	1382.4	2.7	4.8	0.767	2.6	0
4390	2002	338	2246.4	-0.1	4.5	0.6872	2.3	0
4390	2002	339	1123.2	0.9	4.2	0.6972	3.7	0.2
4390	2002	340	1123.2	-3.2	1.4	0.555	4.4	0
4390	2002	341	1123.2	-7.1	-2.2	0.4242	4.6	0
4390	2002	342	4752	-6.9	-1.4	0.3776	5.5	0
4390	2002	343	4924.8	-10.7	-5.5	0.2459	6.9	0
4390	2002	344	4924.8	-10.4	-4.6	0.2471	6.4	0
4390	2002	345	4838.4	-10.9	-6.1	0.2544	6.6	0
4390	2002	346	1900.8	-8.6	-4.9	0.2988	5.4	0
4390	2002	347	1036.8	-6.6	-1.2	0.4443	2.5	0
4390	2002	348	1036.8	-1.7	0.5	0.5849	3.6	0
4390	2002	349	1036.8	-2.7	-0.1	0.5516	5.7	3.6
4390	2002	350	1036.8	-0.1	3.3	0.6858	3.6	6
4390	2002	351	1036.8	-2.2	2.6	0.6199	3.3	0.5
4390	2002	352	3456	-3.8	-1.2	0.478	1.9	0
4390	2002	353	2332.8	-3.8	-0.3	0.4995	3.7	0
4390	2002	354	1036.8	-4.5	1.1	0.5341	2.6	0.5
4390	2002	355	1036.8	0.9	3	0.7032	1.4	1.6
4390	2002	356	1036.8	1.3	7.9	0.8481	4.9	31.3
4390	2002	357	1036.8	2.7	5.8	0.8275	3.9	0.3
4390	2002	358	1036.8	2.6	7.9	0.8874	3.7	2.3
4390	2002	359	1036.8	4.4	6.9	0.9124	4.1	2.1
4390	2002	360	1036.8	2.3	6.6	0.8392	5.7	4.9
4390	2002	361	1036.8	6.2	8.1	1.0117	4	7.1
4390	2002	362	1036.8	4	8.1	0.938	3.4	10.1
4390	2002	363	1123.2	2.6	9	0.9219	4.5	33
4390	2002	364	1123.2	5.9	9.4	1.0469	5.2	19.5
4390	2002	365	1123.2	-5.3	5.9	0.6057	4.6	0.5
