*---------------------------------------------------------------------------*
* Station name: MUHLDORF                                
* Year: 1984
* Author: Pedro Alencar                                   -999.000: NIL VALUE
* Source: ECAD 
* Comments: 
* Longitude: 48.28, latitude: 48.28, altitude: 405 m.
*
* Column  Daily value
* 1       station number
* 2       year
* 3       day
* 4       irradiation                   (kJ m-2 d-1)
* 5       minimum temperature           (degrees Celsius)
* 6       maximum temperature           (degrees Celsius)
* 7       early morning vapour pressure (kPa)
* 8       mean wind speed (height: 2 m) (m s-1)
* 9       precipitation                 (mm d-1)
*
** WCCDESCRIPTION=GERMANY, MUHLDORF                                
** WCCFORMAT=2
** WCCYEARNR=1984
*---------------------------------------------------------------------------*
   48.28  12.5039    405.  -0.18 -0.55
4428	1984	1	5184	-1	11.2	0.6059	1.1	0
4428	1984	2	3456	-2.9	6.7	0.5465	0.6	0
4428	1984	3	5011.2	-3.4	10.5	0.5672	2.2	0.8
4428	1984	4	3628.8	0.6	5.7	0.5284	4.6	0.7
4428	1984	5	3196.8	-1.6	1.2	0.4998	2.2	0.2
4428	1984	6	1728	-5	0.6	0.4628	0.9	0.2
4428	1984	7	4579.2	-0.8	5.7	0.5975	0.9	3.4
4428	1984	8	4665.6	0.8	4.7	0.4988	2.9	0
4428	1984	9	3283.2	-1.2	2	0.4969	3	3.8
4428	1984	10	4406.4	-3	0.4	0.4501	1.3	0.1
4428	1984	11	6220.8	-8.4	0.4	0.3683	0.7	0
4428	1984	12	3369.6	-13.4	1	0.3424	0.8	2.6
4428	1984	13	4838.4	-5	3.7	0.4778	1.7	2.8
4428	1984	14	1814.4	2.2	13.5	0.7959	3.3	6.9
4428	1984	15	3628.8	1.6	13.5	0.7278	4.4	2.9
4428	1984	16	3974.4	-1	4.1	0.574	2.5	0.2
4428	1984	17	1900.8	-0.8	8.4	0.6334	3.7	4.8
4428	1984	18	4579.2	-0.9	4.1	0.5212	3.3	0.8
4428	1984	19	3456	-5.5	-0.8	0.4312	1.7	0.2
4428	1984	20	1987.2	-2.9	0	0.5001	1.3	0.7
4428	1984	21	3196.8	-6.7	-1.2	0.3742	2.7	0.2
4428	1984	22	2073.6	-4.1	-2.5	0.4408	3.1	6.5
4428	1984	23	6912	-3.8	4	0.437	3	0.3
4428	1984	24	2073.6	-0.2	5.2	0.4754	3.5	2.2
4428	1984	25	4320	-2.3	2	0.5137	3.8	1.8
4428	1984	26	7257.6	-14	-1.1	0.2913	2.8	0
4428	1984	27	7430.4	-9.5	0.7	0.3529	0.9	0
4428	1984	28	4665.6	-10.1	0.3	0.3526	0.5	0
4428	1984	29	4924.8	-6.7	0	0.463	0.8	0
4428	1984	30	2246.4	-4.3	0.5	0.4997	1	1.2
4428	1984	31	2678.4	-3.6	0.2	0.5179	1.6	1.1
4428	1984	32	3542.4	-6.4	1.9	0.4818	1	0
4428	1984	33	2419.2	-6.1	2.9	0.5055	0.7	2.7
4428	1984	34	8553.6	-0.9	6.9	0.5456	1.5	9
4428	1984	35	4492.8	0.3	4.7	0.5851	2	0.4
4428	1984	36	4665.6	0	10	0.7064	1.8	5.2
4428	1984	37	6048	-0.3	7	0.5593	4.3	1.9
4428	1984	38	3628.8	0.6	10.1	0.6881	7.1	5.4
4428	1984	39	2592	-1.5	2.7	0.5616	3.6	5.4
4428	1984	40	4147.2	-0.1	2.6	0.5818	4.1	0.7
4428	1984	41	6998.4	-1.8	0.5	0.4312	3.4	4.1
4428	1984	42	3196.8	-4	1.4	0.5056	1.4	1.4
4428	1984	43	9676.8	-11.8	-1.9	0.2891	1.1	0
4428	1984	44	9244.8	-15	-2.1	0.2598	0.4	0
4428	1984	45	9590.4	-15.4	-0.8	0.2425	0.1	0.6
4428	1984	46	7689.6	-11.6	-2.5	0.2811	0.7	0.2
4428	1984	47	6739.2	-11	-3.5	0.3016	0.5	0
4428	1984	48	9417.6	-15.2	-3	0.2458	0.6	0
4428	1984	49	6048	-15.5	-5.1	0.2571	0.5	0
4428	1984	50	7862.4	-15	-2.3	0.2833	0.2	0
4428	1984	51	9763.2	-11.8	1.7	0.3486	1.2	0
4428	1984	52	10195.2	-9.6	2	0.3831	2.3	0
4428	1984	53	5011.2	-6.8	2	0.4662	0.9	0.1
4428	1984	54	3283.2	-7.5	0.4	0.4561	1.1	6.9
4428	1984	55	3888	-1.9	1.8	0.5357	1	1.6
4428	1984	56	3369.6	-1.3	2.1	0.5661	1.2	0
4428	1984	57	8121.6	-1	5.7	0.6295	2.9	0
4428	1984	58	5443.2	0	3.9	0.5485	1.1	0
4428	1984	59	7516.8	-0.9	4.7	0.5675	1.6	0
4428	1984	60	9072	-2.2	4.4	0.5491	2.1	0
4428	1984	61	8726.4	-3.5	4.4	0.5555	1	0
4428	1984	62	4320	-2.5	4.8	0.5046	1.6	0.5
4428	1984	63	5356.8	-0.8	4	0.5006	1.9	0
4428	1984	64	4147.2	-1.8	2.7	0.4608	1.2	0.3
4428	1984	65	5529.6	-3	2.1	0.4257	1.6	0
4428	1984	66	9504	-0.5	5.9	0.5638	1.3	0
4428	1984	67	3888	-2.6	4	0.5721	1.4	4.2
4428	1984	68	4924.8	-3.2	1	0.4962	1.3	3.3
4428	1984	69	10281.6	-7.1	3.3	0.4519	0.7	1.2
4428	1984	70	9936	-7.2	0.8	0.3862	1.6	0
4428	1984	71	12787.2	-3	3.4	0.4278	1.1	0
4428	1984	72	7689.6	-3.9	4.1	0.4431	1.1	0
4428	1984	73	13737.6	-3.7	5.7	0.5255	1.3	0
4428	1984	74	8380.8	-2.2	5.3	0.5398	1.8	0
4428	1984	75	15292.8	-1.1	9.4	0.5588	2.2	0
4428	1984	76	15379.2	-3.4	9.3	0.5965	0.3	0
4428	1984	77	15552	-3.5	9.7	0.5418	1.4	0
4428	1984	78	14860.8	-3.4	7	0.5078	2.3	0
4428	1984	79	16934.4	-2.5	4.4	0.3338	5	0
4428	1984	80	16848	-5	7.5	0.4013	2.3	0
4428	1984	81	16761.6	-4	10.2	0.5037	0.8	0
4428	1984	82	17625.6	-4.1	10.5	0.5072	1.8	0
4428	1984	83	17193.6	-4	10.4	0.5303	0.5	0
4428	1984	84	15638.4	-3.3	12.7	0.538	2.7	0
4428	1984	85	10800	-0.5	10.6	0.6388	1.3	4.9
4428	1984	86	14601.6	-1.7	13.7	0.6917	1.4	0
4428	1984	87	13564.8	3.3	12.9	0.7232	2	0.4
4428	1984	88	14601.6	1.9	17.1	0.8068	1.9	0
4428	1984	89	8640	4.9	12	0.9064	2.6	8.1
4428	1984	90	5097.6	2.4	4.9	0.7299	2.1	4.3
4428	1984	91	13564.8	2	9.6	0.6822	1.7	0
4428	1984	92	7257.6	1	11.6	0.6967	1.7	0
4428	1984	93	5270.4	1.3	8.5	0.7967	2.1	9.6
4428	1984	94	6566.4	0.1	3.1	0.5555	2	2.9
4428	1984	95	11750.4	-0.4	5.2	0.5664	1.3	0
4428	1984	96	19612.8	-2.6	11	0.635	2	0
4428	1984	97	5443.2	3.3	6.6	0.7126	1.4	0
4428	1984	98	10195.2	-1.5	10.7	0.67	0.6	0.8
4428	1984	99	5529.6	4.8	8.8	0.8198	1.1	1.3
4428	1984	100	6220.8	3.3	8.1	0.7233	1.3	0
4428	1984	101	16761.6	-1	11.3	0.705	1.8	0
4428	1984	102	6393.6	4.5	10	0.8251	1.7	0
4428	1984	103	10022.4	4.5	10.3	0.741	2.2	0
4428	1984	104	10800	4.4	11.4	0.8093	1.3	0
4428	1984	105	21168	-1.5	16.3	0.7513	1.3	0
4428	1984	106	22377.6	0.1	20.3	0.7958	0.8	0
4428	1984	107	8208	3.3	16	0.9109	2.3	8.6
4428	1984	108	8726.4	2.5	7.1	0.7568	1.4	2.5
4428	1984	109	19180.8	2.5	10.4	0.675	1.2	0
4428	1984	110	23846.4	-2.4	11.6	0.5597	1.7	0
4428	1984	111	23846.4	-2	16.6	0.6133	1.6	0
4428	1984	112	21686.4	3.6	18.7	0.755	0.7	0
4428	1984	113	22118.4	2.2	20	0.8714	0.6	0
4428	1984	114	21772.8	4.6	20.8	0.7922	1.7	0
4428	1984	115	19958.4	2.3	17	0.6952	2.4	0
4428	1984	116	24624	1.7	15.5	0.603	3.1	0
4428	1984	117	18835.2	-0.2	17.7	0.6317	2.4	0
4428	1984	118	24624	3	14.2	0.4913	2.8	0
4428	1984	119	11145.6	-0.3	6.6	0.605	2	0.7
4428	1984	120	22982.4	-0.9	10.1	0.5004	5.1	0
4428	1984	121	12009.6	-0.5	12.8	0.4722	4.3	0
4428	1984	122	22809.6	1.4	17.6	0.617	2.1	0
4428	1984	123	26179.2	0.1	22.1	0.6865	1.3	0
4428	1984	124	14083.2	6.4	20.7	1.0235	1.7	0
4428	1984	125	11750.4	11.1	19	1.2815	1.6	0
4428	1984	126	22118.4	7	24.2	1.2036	1.3	4.2
4428	1984	127	24105.6	12.5	21.5	1.3544	1.4	3.3
4428	1984	128	11923.2	4.2	16	1.0252	2.7	6.5
4428	1984	129	10800	3.4	9.1	0.7038	2	0
4428	1984	130	25056	-0.5	12	0.6247	2.2	0
4428	1984	131	7948.8	1.5	7.4	0.7133	2.6	0.3
4428	1984	132	10627.2	-0.8	10.2	0.6234	2.1	4
4428	1984	133	6998.4	4.9	8.2	0.8641	1.9	2.8
4428	1984	134	7084.8	6.3	10.4	0.9662	0.7	18.7
4428	1984	135	14342.4	7.2	11.8	0.9967	1.4	3.5
4428	1984	136	22291.2	2.7	18.4	0.9292	2.8	0
4428	1984	137	24364.8	8.3	23.1	1.2291	1.7	0.3
4428	1984	138	24624	6.1	16.3	0.9436	1.7	0
4428	1984	139	25315.2	6	20.6	0.9917	2.1	0
4428	1984	140	22204.8	6.5	24	0.9346	2.3	0
4428	1984	141	17020.8	8.2	22	1.0799	3.4	1.9
4428	1984	142	7257.6	10.3	19.8	1.4523	3.1	6.7
4428	1984	143	19872	7.3	16.7	0.9388	1.9	0.2
4428	1984	144	19785.6	4.6	17.5	1.0132	1.8	13.4
4428	1984	145	12182.4	8.3	15.4	0.9712	2.7	0
4428	1984	146	16070.4	8.9	16.5	1.0856	1.9	0
4428	1984	147	25401.6	6	19.7	0.9926	1.9	0
4428	1984	148	23068.8	8.2	19.2	1.1588	2.6	11.5
4428	1984	149	10540.8	6.8	13.3	1.1203	2.3	23.6
4428	1984	150	18144	5.8	13.3	0.881	1.1	0
4428	1984	151	17884.8	4.1	15	0.9167	1.3	7.8
4428	1984	152	15552	7.7	15.5	1.1736	1.2	2.3
4428	1984	153	25660.8	8.5	20.5	1.1544	0.9	0
4428	1984	154	28080	8.9	23.8	1.2625	1.1	0
4428	1984	155	21859.2	11.2	25.6	1.4158	1.8	0
4428	1984	156	10886.4	11.5	20	1.4653	3.1	0
4428	1984	157	16329.6	8.4	19.4	1.285	2.5	2.7
4428	1984	158	14860.8	7.8	14.3	1.158	2.6	4.9
4428	1984	159	22464	7.2	16.7	1.0195	1.2	1.1
4428	1984	160	16070.4	7.8	15.9	1.0267	3	13.8
4428	1984	161	16243.2	10	17	1.252	2.3	3.1
4428	1984	162	26524.8	7	20.2	1.0579	1.7	0
4428	1984	163	20217.6	7.4	21.1	1.3469	1.5	3.4
4428	1984	164	23587.2	8.4	18.5	1.0785	1.2	0
4428	1984	165	25747.2	6.7	23.2	1.1035	1.3	0
4428	1984	166	25228.8	11.2	25.3	1.0885	2.4	14.8
4428	1984	167	15638.4	12	20	1.3618	2.6	0
4428	1984	168	9676.8	9.6	16.3	1.0588	1	0
4428	1984	169	26179.2	6.4	19.9	1.0878	0.7	0
4428	1984	170	28425.6	7.1	23.1	1.1313	0.9	0
4428	1984	171	27734.4	9.6	24.1	1.2074	0.8	0
4428	1984	172	26870.4	8.9	27.4	1.2065	0.9	0
4428	1984	173	16329.6	15.5	26.5	1.6632	2.4	0
4428	1984	174	16156.8	15.9	23.7	1.7522	2.4	0.2
4428	1984	175	14169.6	10.1	18.7	1.2617	3.6	3
4428	1984	176	9331.2	9.4	12.8	1.1618	2.2	13.2
4428	1984	177	16156.8	6.2	15.9	0.9343	2.6	5.2
4428	1984	178	20822.4	11.1	17.8	1.2	2.8	0
4428	1984	179	28944	6.5	22.8	1.149	0.6	0
4428	1984	180	15897.6	10.4	19	1.4868	1.7	6.7
4428	1984	181	12096	10.7	15.1	1.2783	1.5	0.2
4428	1984	182	20995.2	6.9	18	1.0824	1.6	0.4
4428	1984	183	28252.8	7.9	22	1.1035	1	11.2
4428	1984	184	14860.8	12.7	19.5	1.6081	2.3	14.5
4428	1984	185	18403.2	8.4	15	1.0852	3.2	13
4428	1984	186	8553.6	8.9	13	1.085	2.4	0.3
4428	1984	187	8208	9	14.8	1.0996	1.9	0
4428	1984	188	20044.8	9	20.2	1.2449	2	0
4428	1984	189	26265.6	7.3	20.4	1.1385	1.3	0
4428	1984	190	29289.6	7.3	23.8	1.1291	2.7	0
4428	1984	191	28598.4	9.4	28.5	1.3559	0.7	0
4428	1984	192	27907.2	12.8	30.5	1.7824	1.1	0
4428	1984	193	27043.2	14.9	33.2	1.9413	2.2	0
4428	1984	194	25056	18.4	28	1.9865	1.9	9.6
4428	1984	195	13305.6	15	24.2	1.8444	0.8	2.8
4428	1984	196	24364.8	15	23.3	1.5943	0.7	0
4428	1984	197	9590.4	13.8	20	1.5958	2.3	3.6
4428	1984	198	16675.2	10.2	17.1	1.2018	3.1	1.1
4428	1984	199	10368	10.3	15.4	1.2741	2.4	2.2
4428	1984	200	13478.4	10.4	18	1.294	1.6	1.8
4428	1984	201	7948.8	11.3	16.4	1.4705	1.1	5.6
4428	1984	202	19267.2	10.4	20.5	1.3498	1	0
4428	1984	203	27043.2	11.2	23.5	1.4045	0.7	0
4428	1984	204	26697.6	10.3	24.5	1.2898	0.8	0
4428	1984	205	20476.8	10.7	24	1.3451	1.4	0
4428	1984	206	25833.6	8.9	23.5	1.3241	0.7	0
4428	1984	207	22464	10.6	25.8	1.5025	1.1	24
4428	1984	208	10108.8	12.3	19.6	1.5928	1.9	34.3
4428	1984	209	9763.2	13	16.9	1.2563	2.5	2.8
4428	1984	210	5961.6	12	14.3	1.4504	2.4	4.9
4428	1984	211	15379.2	13.3	21.2	1.8477	1.8	14.3
4428	1984	212	24192	10.7	27	1.6517	2.7	0
4428	1984	213	26697.6	13.8	30.5	2.0239	0.6	0
4428	1984	214	9072	16	23.2	1.9128	2.6	1.2
4428	1984	215	25056	11.5	24	1.5215	0.9	0
4428	1984	216	26438.4	10.3	27.2	1.4039	1.8	0
4428	1984	217	25833.6	11.7	27.9	1.6369	1.2	0
4428	1984	218	11232	15.5	22	1.987	1.3	6.8
4428	1984	219	10713.6	13.9	21	1.6522	0.7	4.8
4428	1984	220	6480	13.5	17.9	1.5497	0.9	1.1
4428	1984	221	19180.8	13.5	21.6	1.5826	2.1	0
4428	1984	222	17452.8	15.7	25.2	1.7039	2.5	0
4428	1984	223	19440	15.5	25.7	1.6713	2.1	0
4428	1984	224	5529.6	14.5	18.5	1.6495	2.6	8.7
4428	1984	225	5529.6	13.9	16.3	1.6284	2.3	11.6
4428	1984	226	9504	14.1	19.6	1.6099	1.2	0.5
4428	1984	227	8985.6	14.6	20.2	1.6272	0.6	0
4428	1984	228	21254.4	12.5	23.8	1.5186	0.9	0
4428	1984	229	22291.2	12.3	22.7	1.4977	0.9	0
4428	1984	230	21168	9.5	22.9	1.3977	0.8	0
4428	1984	231	18662.4	8.6	23.7	1.3199	1	0
4428	1984	232	15033.6	9.9	21.8	1.3309	0.7	0
4428	1984	233	21859.2	8.1	22.1	1.2513	1.2	0
4428	1984	234	23587.2	6.4	23.4	1.083	1.3	0
4428	1984	235	23328	6.8	25.1	1.1946	0.9	0
4428	1984	236	23068.8	8.2	25.6	1.4035	1.1	0
4428	1984	237	16243.2	11.2	27	1.7659	1.5	1.5
4428	1984	238	8380.8	15.1	21.5	1.7009	2.1	1.9
4428	1984	239	6134.4	14.6	19	1.7195	1.7	7.6
4428	1984	240	14515.2	13.5	20.7	1.5577	0.8	0
4428	1984	241	18921.6	8.6	21.7	1.3413	0.9	0
4428	1984	242	20217.6	6.2	23	1.2117	0.5	0
4428	1984	243	14342.4	11.2	23.5	1.4638	0.9	0
4428	1984	244	18489.6	12.9	24.5	1.6363	1.2	0
4428	1984	245	19094.4	12.7	24.6	1.5883	1.3	0
4428	1984	246	19353.6	10.6	26.2	1.6271	0.8	0
4428	1984	247	18230.4	10.2	28.9	1.6344	1.3	0
4428	1984	248	19008	14.9	25.7	1.8547	1	7.6
4428	1984	249	5011.2	11.5	18.8	1.6164	1.7	21.7
4428	1984	250	5011.2	7.5	11.5	1.0916	2.7	4.8
4428	1984	251	15033.6	6.6	14.8	1.0671	1	3.8
4428	1984	252	8899.2	6.4	14	0.9948	1.9	0.2
4428	1984	253	6998.4	8.4	14.7	1.1562	2	7.8
4428	1984	254	6220.8	9.1	12.8	1.0588	3.4	8.6
4428	1984	255	6134.4	10	14.8	1.1508	2.5	1.9
4428	1984	256	4665.6	10.4	16.1	1.2622	3.1	0.3
4428	1984	257	14688	11.9	20.1	1.4889	1.4	0
4428	1984	258	14947.2	8.9	22.9	1.5155	0.6	2.5
4428	1984	259	4492.8	11.9	16.9	1.5566	1.5	2.5
4428	1984	260	4492.8	10.2	11.9	1.2764	1.7	36.5
4428	1984	261	4406.4	10.7	12.6	1.287	1.6	0.7
4428	1984	262	10368	10.9	16.7	1.3397	2.6	0
4428	1984	263	10972.8	10.4	17.6	1.3572	0.8	0
4428	1984	264	12096	10.2	18.7	1.3808	0.6	0
4428	1984	265	10281.6	6.7	19.1	1.2486	0.9	17.9
4428	1984	266	9676.8	8.1	14.1	1.109	1.9	4.1
4428	1984	267	8294.4	8.8	14.5	1.1364	1.5	10.6
4428	1984	268	11318.4	6.2	13.6	1.0482	2.6	2.1
4428	1984	269	3974.4	5.1	11.4	0.9487	1.6	2.3
4428	1984	270	7689.6	7.1	12.8	0.9905	3	2.5
4428	1984	271	13651.2	3.6	14.6	0.9933	1.4	0
4428	1984	272	12441.6	4	17.1	1.0692	0.9	0
4428	1984	273	14169.6	5.1	21.9	1.252	0.4	0
4428	1984	274	12528	6.7	20.1	1.336	0.7	0.2
4428	1984	275	8985.6	9.6	18	1.387	2.2	0
4428	1984	276	3628.8	7.5	11.5	1.0797	2.3	13.4
4428	1984	277	10713.6	1.4	13.6	0.8912	1.6	6.2
4428	1984	278	9072	8.6	13.3	1.1372	2.7	0
4428	1984	279	12441.6	6.9	17.1	1.1069	1.5	0
4428	1984	280	9936	5.1	16	1.031	1.5	0.2
4428	1984	281	8294.4	6.5	13.7	1.0252	1.7	0
4428	1984	282	5875.2	5.5	13.4	0.946	2.3	0.3
4428	1984	283	6652.8	5	17	1.141	1.1	0
4428	1984	284	10108.8	11.3	19.8	1.5173	0.7	0
4428	1984	285	3196.8	7	12.6	1.1501	0.4	0
4428	1984	286	6480	10.3	16.3	1.2816	0.9	0
4428	1984	287	11404.8	6.8	16.2	1.1252	0.4	0
4428	1984	288	10454.4	3.6	17.4	1.053	0.5	0
4428	1984	289	3024	5.8	12.5	1.0314	1.5	0
4428	1984	290	7516.8	4.7	13.2	0.9948	0.7	0
4428	1984	291	11750.4	1.9	15.7	0.9508	1.3	0
4428	1984	292	9676.8	1.8	17.4	1.0392	0.6	0
4428	1984	293	11664	4.4	18.8	1.0781	1.4	0
4428	1984	294	8985.6	5.5	16.3	0.8208	1.9	0
4428	1984	295	9244.8	7	15	0.9836	1.8	0
4428	1984	296	10195.2	1.8	14.8	0.9082	0.4	0
4428	1984	297	3110.4	8.2	15.9	1.0824	1	0
4428	1984	298	6912	8.2	16.3	1.168	0.6	0
4428	1984	299	9676.8	2.6	18.6	1.0217	0.9	0
4428	1984	300	3974.4	5.7	15.8	1.0706	1.1	8.8
4428	1984	301	5011.2	5.5	11.5	1.0093	0.7	0
4428	1984	302	9936	0.1	11.5	0.7744	1.5	0
4428	1984	303	5529.6	-0.7	7.8	0.7642	0.2	0
4428	1984	304	2419.2	0	3.7	0.6772	0.7	0.1
4428	1984	305	6480	-0.4	9.7	0.8	0.6	0.3
4428	1984	306	2332.8	0.8	4	0.7189	1.1	0
4428	1984	307	2332.8	3.4	4.5	0.786	1.7	0.1
4428	1984	308	2246.4	2.2	4.5	0.7457	1	0
4428	1984	309	2246.4	3.1	7.2	0.8107	1.7	0
4428	1984	310	2246.4	2	5.4	0.7325	2.6	0
4428	1984	311	2160	1.1	6.3	0.7404	3.6	0
4428	1984	312	4665.6	2.5	9.6	0.8911	1.2	0.2
4428	1984	313	2073.6	3	7	0.8372	2.4	0
4428	1984	314	2073.6	5.1	7.7	0.8648	3.3	0
4428	1984	315	3542.4	5.5	9	0.9066	1	0
4428	1984	316	4147.2	4	8.4	0.8246	3.8	0
4428	1984	317	5961.6	2.3	10.7	0.7644	3.3	0
4428	1984	318	4406.4	0.5	6.7	0.5613	3.1	0
4428	1984	319	6998.4	-4.4	5.8	0.4757	2.7	0
4428	1984	320	1900.8	-0.5	4.3	0.6096	1.7	0
4428	1984	321	3110.4	-2.1	4.3	0.602	4.5	1.7
4428	1984	322	5875.2	-0.5	9.1	0.7308	1.4	0.2
4428	1984	323	5011.2	-0.7	8	0.714	0.8	0
4428	1984	324	1814.4	-1	1.9	0.5997	1.7	0
4428	1984	325	1814.4	1.3	4.3	0.6724	0.3	0.6
4428	1984	326	2073.6	0.8	6.3	0.7405	1.2	3.6
4428	1984	327	1728	1.3	6.7	0.7725	0.9	16.6
4428	1984	328	4752	6.1	16.4	1.0668	3.4	3.9
4428	1984	329	5702.4	7	18	0.8253	4.7	0
4428	1984	330	5184	6.5	13.4	0.8805	2.1	0.1
4428	1984	331	1641.6	5.5	8.1	0.9186	0.6	10.7
4428	1984	332	4665.6	-0.1	6.4	0.6816	1.3	0
4428	1984	333	3196.8	-1.5	2.5	0.6145	1.2	0
4428	1984	334	5443.2	-4	5.3	0.5828	1	0
4428	1984	335	1641.6	-1.5	0.1	0.5516	2.4	0
4428	1984	336	3283.2	-1.8	1.2	0.55	3	0
4428	1984	337	3110.4	-1.2	2.4	0.5807	1.2	0
4428	1984	338	1728	0.9	3.4	0.6776	1.3	0
4428	1984	339	1728	0.7	2.1	0.649	0.9	0.2
4428	1984	340	1641.6	0.2	1.8	0.6306	1.3	0
4428	1984	341	1641.6	-1.4	0.3	0.5753	1.2	0
4428	1984	342	1641.6	-1.9	1.7	0.5944	1.1	0.2
4428	1984	343	1641.6	-1.1	0.5	0.5859	0.9	0
4428	1984	344	2851.2	-2.6	4.8	0.6285	1	1.9
4428	1984	345	1641.6	0.3	5.2	0.6253	2.3	2.2
4428	1984	346	2332.8	3.9	7.4	0.6752	1.5	0
4428	1984	347	4492.8	-1.3	7	0.6298	1.9	0
4428	1984	348	1641.6	-2.6	1.9	0.5539	1.6	0
4428	1984	349	1641.6	-1.3	4	0.6601	0.8	9.6
4428	1984	350	1555.2	0.4	5	0.6973	1.3	0
4428	1984	351	1555.2	0.1	1.9	0.6371	1.8	11.1
4428	1984	352	1555.2	-0.5	3.2	0.6601	0.7	0.3
4428	1984	353	1555.2	-1.6	0.5	0.5811	1.1	4.4
4428	1984	354	1555.2	-0.5	2.8	0.6109	1.9	1
4428	1984	355	5011.2	-4.2	3.3	0.5617	0.6	1.6
4428	1984	356	1900.8	-2.6	6	0.6493	1.8	2.4
4428	1984	357	2937.6	-1.9	2.3	0.5579	1.1	0
4428	1984	358	4233.6	-4	0.6	0.5179	0.8	0
4428	1984	359	4406.4	-4.5	-0.1	0.4594	3.9	0
4428	1984	360	1641.6	-5.1	-0.7	0.464	0.7	0.2
4428	1984	361	1900.8	-3.1	1.8	0.5303	0.2	0
4428	1984	362	1641.6	-5.3	-1.8	0.4326	0.7	0
4428	1984	363	1641.6	-2.5	-1.9	0.4368	0.7	0
4428	1984	364	1641.6	-2.3	-1.4	0.4802	1.2	1.5
4428	1984	365	1900.8	-4.5	-2.1	0.4216	0.9	0.9
4428	1984	366	4838.4	-11.9	-3	0.311	0.4	0.1
