*---------------------------------------------------------------------------*
* Station name: MUHLDORF                                
* Year: 1999
* Author: Pedro Alencar                                   -999.000: NIL VALUE
* Source: ECAD 
* Comments: 
* Longitude: 48.28, latitude: 48.28, altitude: 405 m.
*
* Column  Daily value
* 1       station number
* 2       year
* 3       day
* 4       irradiation                   (kJ m-2 d-1)
* 5       minimum temperature           (degrees Celsius)
* 6       maximum temperature           (degrees Celsius)
* 7       early morning vapour pressure (kPa)
* 8       mean wind speed (height: 2 m) (m s-1)
* 9       precipitation                 (mm d-1)
*
** WCCDESCRIPTION=GERMANY, MUHLDORF                                
** WCCFORMAT=2
** WCCYEARNR=1999
*---------------------------------------------------------------------------*
   48.28  12.5039    405.  -0.18 -0.55
4428	1999	1	4320	-2.7	1.4	0.5536	3.2	0
4428	1999	2	1987.2	-4.2	-1.1	0.4878	2.5	0.8
4428	1999	3	5356.8	-4.1	4.8	0.6079	2.6	1
4428	1999	4	1641.6	2.3	7.4	0.8371	2.5	2.3
4428	1999	5	5616	-0.9	10.6	0.8026	0.9	0
4428	1999	6	6134.4	-2	8.2	0.7097	1.6	0
4428	1999	7	5011.2	-3.7	10.4	0.668	2.4	17.6
4428	1999	8	2073.6	2.6	8.8	0.8972	3.7	6.9
4428	1999	9	4147.2	1.3	6.4	0.7402	3.2	0.1
4428	1999	10	5788.8	1.3	5.2	0.6941	4	0
4428	1999	11	4233.6	1.1	8.1	0.7378	3.5	1
4428	1999	12	4233.6	-6.7	1.1	0.4426	3.9	0.6
4428	1999	13	2592	-6.3	1.5	0.4662	3.7	1.2
4428	1999	14	1814.4	-6.4	3.2	0.5163	2.9	1.2
4428	1999	15	5702.4	-1.8	7.1	0.6061	3	0
4428	1999	16	4233.6	-3.5	7.5	0.6281	1.5	0
4428	1999	17	7171.2	-4.8	8.1	0.6057	1.4	0
4428	1999	18	1900.8	-1.9	-0.2	0.5433	1.4	0
4428	1999	19	1987.2	-2.8	-0.8	0.5249	1.7	0
4428	1999	20	1987.2	-2.9	-1	0.5244	1.8	0
4428	1999	21	1987.2	-2.9	-1.8	0.5039	1.7	0
4428	1999	22	2073.6	-3.5	-2.3	0.4887	1	0
4428	1999	23	2073.6	-4.5	-2.6	0.4608	1.1	0
4428	1999	24	5961.6	-4.9	0.2	0.5091	1.3	0
4428	1999	25	4406.4	-5.2	6.9	0.6173	1	0
4428	1999	26	4492.8	0.2	9.6	0.8141	2.5	3.4
4428	1999	27	4147.2	-0.7	4.1	0.67	4.4	6.5
4428	1999	28	2246.4	0.2	2.2	0.6464	3.4	8.9
4428	1999	29	6134.4	-7.8	1.3	0.3799	4.5	0.3
4428	1999	30	3456	-16.1	-5.2	0.25	2.8	2.8
4428	1999	31	7948.8	-19.2	-6	0.2068	1.2	0
4428	1999	32	3888	-23.1	-5.8	0.1558	0.7	0
4428	1999	33	2419.2	-5.9	0.4	0.4443	1.9	1.4
4428	1999	34	2419.2	0.2	1.3	0.5999	3.4	3.7
4428	1999	35	2851.2	0.8	5.2	0.6289	5.5	0.6
4428	1999	36	3888	0.4	6.7	0.6224	9.5	9.9
4428	1999	37	3542.4	-0.3	1.3	0.5385	6.3	3.5
4428	1999	38	4147.2	-0.8	2.6	0.5413	5.3	4.5
4428	1999	39	4060.8	-8.7	-0.7	0.3623	5.5	0.4
4428	1999	40	2678.4	-10.5	-3.2	0.3184	2.4	3.2
4428	1999	41	3888	-9.5	-2.6	0.3036	1.3	0.1
4428	1999	42	6307.2	-10.6	-3.1	0.2891	1.4	0
4428	1999	43	8640	-20.7	-6	0.1705	1.7	1.1
4428	1999	44	2851.2	-10.6	-4.7	0.289	3.3	4.3
4428	1999	45	2851.2	-5	-2.7	0.4092	2.9	1.2
4428	1999	46	8899.2	-16.2	1	0.2763	1.1	0
4428	1999	47	2937.6	-15.9	2.7	0.3134	4	4.2
4428	1999	48	4752	-7.3	2.4	0.3624	7.5	2.2
4428	1999	49	9763.2	-10.8	0.7	0.336	3.2	1.8
4428	1999	50	3110.4	-2.3	4	0.5978	3.2	17.5
4428	1999	51	3110.4	2.4	5.3	0.7402	4.4	12.2
4428	1999	52	3196.8	1.8	6.1	0.7131	3.1	11.1
4428	1999	53	4060.8	-0.4	6.3	0.6645	6.2	5
4428	1999	54	4060.8	-0.8	1.1	0.5189	8.2	1.7
4428	1999	55	7344	-5.6	2.5	0.4473	4.3	3.7
4428	1999	56	3369.6	-10.3	-0.5	0.3599	1.4	0
4428	1999	57	9849.6	-9.6	9.1	0.492	1.1	0
4428	1999	58	12787.2	-2.9	12.7	0.6928	0.9	0
4428	1999	59	6393.6	-0.5	7.6	0.6933	1.3	0
4428	1999	60	11750.4	-2.4	12.9	0.6389	4.2	6.7
4428	1999	61	3974.4	7.1	10.4	0.925	6.2	3
4428	1999	62	11145.6	4.2	15.7	0.9172	2.2	0
4428	1999	63	10713.6	4.6	15.8	0.8829	3.6	1.7
4428	1999	64	6134.4	0.9	7.3	0.7288	3.9	1
4428	1999	65	10022.4	-1.9	7.9	0.5683	1.9	0.2
4428	1999	66	7430.4	-1.2	3.5	0.5843	2.4	0.6
4428	1999	67	11491.2	-3	8.1	0.4844	1.9	7.4
4428	1999	68	3888	2.1	7.3	0.7857	1.6	11
4428	1999	69	11232	1.5	14.7	0.8096	1.9	2.5
4428	1999	70	12009.6	2.8	9.3	0.7035	2.4	0
4428	1999	71	16329.6	-0.6	12.1	0.7258	2.1	0
4428	1999	72	15292.8	0.5	16.8	0.8403	1.7	0
4428	1999	73	14688	-0.1	15.1	0.8083	1.3	0
4428	1999	74	4233.6	1.5	9.8	0.8211	1.9	0
4428	1999	75	13219.2	-0.4	7.9	0.5593	2.9	0
4428	1999	76	13910.4	-2.4	5.2	0.4867	3.8	0
4428	1999	77	17798.4	-3.3	6.5	0.4663	2.8	0
4428	1999	78	15465.6	-5.7	8.4	0.5187	2.6	0.5
4428	1999	79	8726.4	1.1	6.3	0.6529	3.8	0
4428	1999	80	13046.4	0.4	10.2	0.6501	1.9	0.4
4428	1999	81	9072	2.7	10.2	0.7617	3.8	0.2
4428	1999	82	5529.6	2.6	5.5	0.6854	5.8	3
4428	1999	83	14774.4	3.9	14.5	0.8721	3.3	0
4428	1999	84	16502.4	1.6	19	0.8012	2.5	0
4428	1999	85	17107.2	0.4	18	0.7442	2	0
4428	1999	86	13392	1.7	17.2	0.8396	2.4	0
4428	1999	87	7344	5.9	9.4	0.8375	5	2.2
4428	1999	88	5011.2	4.7	6.4	0.8427	2.8	1.7
4428	1999	89	5011.2	3.2	9.5	0.8619	1.4	0
4428	1999	90	14947.2	-0.5	15.1	0.7564	1.5	0
4428	1999	91	20131.2	-1.3	16.6	0.7328	2.6	0
4428	1999	92	20995.2	-0.7	16.5	0.7135	1.6	0
4428	1999	93	19008	0.7	17.9	0.7141	1.1	0
4428	1999	94	8035.2	1.2	15.5	0.9552	2.5	21.9
4428	1999	95	8899.2	6.5	13.5	1.0675	2.2	0
4428	1999	96	17280	6.4	19.6	1.1371	1.7	3
4428	1999	97	5443.2	6.3	14	1.0906	3.8	8
4428	1999	98	9676.8	6.2	10.7	0.9064	2.8	0
4428	1999	99	13305.6	2.9	12.4	0.8375	1.2	0
4428	1999	100	19958.4	-0.8	14.5	0.7731	0.9	0
4428	1999	101	5702.4	5.3	11.5	0.9474	3.6	3.1
4428	1999	102	17193.6	4.5	13.1	0.8376	2.9	0.2
4428	1999	103	12960	4.9	11.5	0.826	4.6	2.1
4428	1999	104	21945.6	2.6	14	0.7003	4.5	0
4428	1999	105	11404.8	0.4	10.9	0.666	3.2	0
4428	1999	106	5961.6	0.1	4.7	0.6826	2.2	12.2
4428	1999	107	11404.8	0.1	7.1	0.7352	3	0.4
4428	1999	108	16156.8	-0.1	10.6	0.7099	3.8	0.3
4428	1999	109	12096	1.6	7.7	0.7489	2.1	4.2
4428	1999	110	22896	0.2	11.9	0.6566	1.7	0.1
4428	1999	111	6825.6	2.9	12.5	0.9454	2.1	5.9
4428	1999	112	12614.4	6.1	15.2	1.0892	1.7	0
4428	1999	113	23846.4	3.4	18.1	0.9416	1.8	0
4428	1999	114	19094.4	3	17.3	0.9667	2.4	1.9
4428	1999	115	18835.2	8.1	17.5	1.1223	1.8	0.2
4428	1999	116	22377.6	2.8	18.8	0.9448	2.7	0
4428	1999	117	19699.2	7.5	19	1.1101	2.5	6.3
4428	1999	118	17366.4	8	18.1	1.2158	1.4	0
4428	1999	119	25660.8	3.1	20.8	0.9636	2.4	0
4428	1999	120	19958.4	9.2	18.4	1.1033	2.6	0
4428	1999	121	16848	10.9	21.5	1.3425	1.7	2.1
4428	1999	122	24796.8	10.9	20.5	1.2647	1.9	0
4428	1999	123	22809.6	5.4	21.7	1.132	1.9	0
4428	1999	124	6739.2	10.6	16.5	1.1165	6.6	0
4428	1999	125	6739.2	9.3	12.7	1.0361	4.7	0.4
4428	1999	126	6739.2	8.3	10.5	0.99	2.5	10.5
4428	1999	127	19785.6	8.5	19.6	1.2815	1.5	0
4428	1999	128	10454.4	7.8	19.2	1.3757	2.2	3.2
4428	1999	129	26438.4	9.7	20.9	1.1286	1.6	0
4428	1999	130	24451.2	6.3	24.6	1.0343	2	2.2
4428	1999	131	8467.2	12.3	17.1	1.3866	2.5	15
4428	1999	132	9676.8	11.9	16.9	1.4091	2.8	4.7
4428	1999	133	19353.6	11	18.2	1.3113	2.7	4.1
4428	1999	134	7084.8	9.8	14.3	1.3074	1.7	3.7
4428	1999	135	12528	9.5	15.7	1.1368	2.5	0.1
4428	1999	136	21945.6	6.5	15	0.7998	2.3	0
4428	1999	137	26265.6	6.5	19.3	0.8324	6.1	0
4428	1999	138	28598.4	9.7	20	1.0289	6.9	0
4428	1999	139	27648	8	24.2	1.0781	4.8	0
4428	1999	140	20908.8	9.1	21.6	1.4457	3	30.2
4428	1999	141	7257.6	10.8	13.8	1.3719	3.5	30.8
4428	1999	142	7257.6	8.4	13.9	1.2187	2.6	11
4428	1999	143	13219.2	9.6	16.5	1.2458	2	0
4428	1999	144	25401.6	9.4	20.2	1.1938	1.4	0
4428	1999	145	26006.4	7.8	23.3	1.235	1.8	0
4428	1999	146	28252.8	10.4	23.2	1.3565	1.1	0
4428	1999	147	29721.6	9.3	25.7	1.3379	1.4	0
4428	1999	148	29635.2	10.4	27.2	1.4516	1.8	1.1
4428	1999	149	28684.8	14.1	27.9	1.6632	1.7	0
4428	1999	150	28771.2	12.1	29.9	1.5639	1.2	0.1
4428	1999	151	28166.4	14.6	28.1	1.3949	2.7	0
4428	1999	152	27734.4	14.5	27.1	1.4713	1.3	0.2
4428	1999	153	20908.8	15.5	28.4	1.9731	2.9	13.6
4428	1999	154	27820.8	13.4	24.1	1.4255	1.9	17.1
4428	1999	155	13824	12.9	18.6	1.4475	3.9	0.4
4428	1999	156	29030.4	8.6	24.6	1.2073	2.8	0
4428	1999	157	16243.2	10.1	17	1.1165	3.5	0.4
4428	1999	158	14256	9	19.6	1.221	1.2	0
4428	1999	159	14342.4	9.7	16	1.2741	3	4.5
4428	1999	160	29116.8	6.6	20.8	1.0335	1.7	0
4428	1999	161	23760	9.2	23.4	1.3141	2.2	1.9
4428	1999	162	7862.4	13.4	17	1.4664	2.8	2.3
4428	1999	163	19785.6	12.3	21.3	1.3565	1.5	0
4428	1999	164	27043.2	9.9	22.7	1.2215	2	0
4428	1999	165	19699.2	13.8	22.3	1.3023	2.7	0
4428	1999	166	16502.4	14.5	21.6	1.5091	2.3	0
4428	1999	167	7862.4	14.5	20.3	1.4883	1.2	0
4428	1999	168	13824	14	22.4	1.6485	1.4	26.7
4428	1999	169	18403.2	9.9	18.5	1.3587	2.4	1.8
4428	1999	170	22204.8	6.4	18	1.0364	1.5	0
4428	1999	171	24883.2	6.4	20.6	1.1438	1.2	3.6
4428	1999	172	8294.4	9.7	14.5	1.2271	2.6	2.6
4428	1999	173	15811.2	9	15.2	1.1283	3.7	1.1
4428	1999	174	27734.4	3.2	19	0.8582	1.2	0
4428	1999	175	26006.4	5	21	1.0024	1	0
4428	1999	176	29289.6	6.3	23.7	1.107	1.2	0
4428	1999	177	27129.6	7.2	27.4	1.2817	1.5	3
4428	1999	178	18230.4	14.7	21.6	1.789	1.7	2
4428	1999	179	9590.4	14.1	18.1	1.535	2	1.8
4428	1999	180	26697.6	9.8	24.2	1.3931	1.5	0
4428	1999	181	15206.4	11.7	24.4	1.5711	1.8	3.8
4428	1999	182	25488	11.4	24.1	1.5012	1.6	0
4428	1999	183	26870.4	12.3	26.1	1.5326	1.6	0
4428	1999	184	29721.6	11.7	30.5	1.5985	1.4	0
4428	1999	185	29980.8	14.2	33.1	1.5745	2.3	0
4428	1999	186	29116.8	14.6	32.8	1.6377	1.3	0
4428	1999	187	18316.8	14.6	23.2	1.8967	3.4	4.9
4428	1999	188	18316.8	10.9	21.1	1.4344	2.9	3.9
4428	1999	189	6393.6	13.8	16.4	1.577	2.4	11.4
4428	1999	190	6393.6	12.6	17.2	1.5399	1.6	18.6
4428	1999	191	7689.6	15.2	20.7	1.8694	2.4	28.9
4428	1999	192	11750.4	15.9	22.4	1.9707	2.2	7.4
4428	1999	193	16848	15.8	23.3	1.9749	1.5	5.8
4428	1999	194	21340.8	14.8	25.3	1.9434	1.8	3.8
4428	1999	195	15120	14.3	22.9	1.6903	3.1	4.5
4428	1999	196	14515.2	13.2	19.8	1.6308	2.1	2.3
4428	1999	197	16502.4	11.9	21.6	1.5426	1.3	0
4428	1999	198	25142.4	11.9	25	1.5898	1	0
4428	1999	199	29635.2	9.5	28.1	1.2783	1.8	0
4428	1999	200	28080	9.5	29.3	1.4394	1.2	0
4428	1999	201	24105.6	13.5	28.2	1.7464	1.3	0.2
4428	1999	202	19699.2	16.5	26.1	1.7699	1.7	8.6
4428	1999	203	7862.4	12.5	20.5	1.5746	1.7	5.4
4428	1999	204	9676.8	10.3	18	1.3543	2.5	11.3
4428	1999	205	17280	10.4	18.2	1.2698	1.9	0
4428	1999	206	25833.6	5.7	23.1	1.2453	1.7	0
4428	1999	207	26870.4	10.5	26.8	1.6098	1.3	0
4428	1999	208	27648	11.6	27.5	1.3847	2.8	0
4428	1999	209	22118.4	16.6	25.2	1.5297	3.8	0
4428	1999	210	24105.6	15	25.4	1.2289	3.1	0
4428	1999	211	27302.4	10.8	24.1	1.0749	3	0
4428	1999	212	27820.8	8.5	25.6	1.0287	2.9	0
4428	1999	213	27648	9.2	26.4	1.1803	2.3	0
4428	1999	214	26438.4	8.8	26.6	1.3347	1.1	0
4428	1999	215	23932.8	8.5	26.7	1.2258	2	0
4428	1999	216	26006.4	12.2	27.5	1.2951	2.1	0
4428	1999	217	15552	14.8	26.1	1.6799	1.2	0
4428	1999	218	21513.6	15.3	29.6	1.8441	1.2	0.3
4428	1999	219	16588.8	16.6	23.8	1.8433	2.6	0
4428	1999	220	21254.4	12.8	26.4	1.6395	2.5	0
4428	1999	221	20304	13.4	28.8	1.8233	1.5	7.1
4428	1999	222	12787.2	14.8	20.7	1.8663	1.7	7
4428	1999	223	14342.4	12.1	21.5	1.6812	1.8	12.7
4428	1999	224	11836.8	13.3	19.7	1.3496	1.7	0
4428	1999	225	18316.8	8	20	1.1815	1.3	0
4428	1999	226	17625.6	9.2	22.9	1.3115	1.4	3.5
4428	1999	227	14515.2	14.2	22.5	1.6641	2.7	7.3
4428	1999	228	5356.8	13.5	17.4	1.5602	1.3	4.6
4428	1999	229	12009.6	13.1	20.4	1.5236	1.9	0
4428	1999	230	17020.8	11.8	23.7	1.562	1.7	4.4
4428	1999	231	11923.2	14.5	22.5	1.616	2.2	1.9
4428	1999	232	15292.8	12.1	19.1	1.4691	1.8	0.1
4428	1999	233	20908.8	8.9	21.4	1.2725	1.1	0
4428	1999	234	23328	9.3	21.8	1.2174	1.4	0
4428	1999	235	22550.4	5.3	22.4	1.1543	1	0
4428	1999	236	19180.8	7.4	23.9	1.2607	1.4	0
4428	1999	237	20995.2	10.9	24.6	1.3186	2.5	0
4428	1999	238	15984	9.8	25.3	1.5425	1.8	2.9
4428	1999	239	8553.6	16.8	24.5	2.0166	1	0
4428	1999	240	14256	14.4	24.6	2.082	1.4	8.6
4428	1999	241	8208	14	19.8	1.6727	1.6	2.6
4428	1999	242	5961.6	12.2	18.9	1.5879	0.9	0
4428	1999	243	12096	11.7	21.5	1.6035	1.4	0.2
4428	1999	244	7862.4	11.9	19.7	1.4163	2.5	0
4428	1999	245	15120	5	18.1	1.1426	1.3	6
4428	1999	246	15984	10.9	19.2	1.384	4.4	0
4428	1999	247	20995.2	10.5	21.9	1.3609	3.8	0
4428	1999	248	19094.4	7.6	23.6	1.3275	1.6	0
4428	1999	249	17798.4	9.4	25.6	1.5376	1.2	3.5
4428	1999	250	11664	10.9	22.2	1.636	1.5	2.1
4428	1999	251	18576	9.1	24.1	1.5657	0.9	0
4428	1999	252	17107.2	9.2	25.1	1.5236	1	0.1
4428	1999	253	17798.4	11.5	25.2	1.6009	1.8	0
4428	1999	254	20044.8	9.6	25.2	1.5081	2.2	0
4428	1999	255	17712	8.4	26.9	1.5522	0.8	0
4428	1999	256	17625.6	9.1	26.3	1.5167	1.7	0
4428	1999	257	19180.8	6.6	27	1.4711	0.8	0.1
4428	1999	258	16934.4	8.5	26.1	1.4395	1.4	0
4428	1999	259	7689.6	9.8	18.9	1.4699	1.7	0.5
4428	1999	260	6566.4	12.4	21	1.6706	1.1	1.1
4428	1999	261	8812.8	13.4	21	1.6656	1.7	0.1
4428	1999	262	13910.4	11.4	25.4	1.6271	2.2	0
4428	1999	263	5616	13	23	1.4219	3.1	0.8
4428	1999	264	13910.4	12.3	21.6	1.5237	1.7	0
4428	1999	265	14774.4	10.5	26	1.549	1.4	0
4428	1999	266	16761.6	10.4	26.1	1.6537	1.3	9.5
4428	1999	267	13564.8	10.8	23.6	1.646	1.2	0
4428	1999	268	8294.4	11.2	21.2	1.6551	1.3	6.4
4428	1999	269	3974.4	12.9	15.8	1.5843	1.8	14.4
4428	1999	270	15120	7.2	21	1.3178	1.2	0
4428	1999	271	6048	11.6	15.7	1.4672	2.2	4.9
4428	1999	272	8208	8.3	20.4	1.3393	1.9	2.2
4428	1999	273	8899.2	11.5	21.5	1.612	2.1	8.3
4428	1999	274	9244.8	8.1	17.4	1.1775	3.3	0
4428	1999	275	11145.6	6.4	21.1	1.2411	1.4	0.3
4428	1999	276	5875.2	8.5	17.3	1.308	2.3	10.3
4428	1999	277	9849.6	6.6	15.2	1.0293	2	0.8
4428	1999	278	7171.2	7	10.7	0.9426	2.7	0
4428	1999	279	7344	4.7	12.4	0.9571	2.5	1.9
4428	1999	280	9936	2.8	12.2	0.8912	1.3	0.1
4428	1999	281	10886.4	0.9	14.7	0.8673	1.7	1.7
4428	1999	282	5616	8.8	14.9	1.096	4.5	0.3
4428	1999	283	3888	10.5	15.7	1.2951	3.6	0
4428	1999	284	8121.6	10.4	17.8	1.3499	1.3	0
4428	1999	285	6652.8	6.2	16.3	1.2134	0.8	0.1
4428	1999	286	5961.6	4.5	14.2	1.0572	1	0
4428	1999	287	8035.2	4.7	14.2	1.0288	2.1	0
4428	1999	288	8467.2	2.5	13.9	0.9455	1	0
4428	1999	289	12528	0	11.6	0.7283	1.8	0
4428	1999	290	12528	-2.2	9.2	0.5888	3.6	0
4428	1999	291	12268.8	-0.3	8.9	0.5315	5.3	0
4428	1999	292	12009.6	1.3	8.8	0.5163	5.6	0
4428	1999	293	10022.4	0.9	10	0.5849	4.6	0
4428	1999	294	8208	3.9	12.2	0.8068	4.8	0
4428	1999	295	11318.4	0.4	14.6	0.8912	2.4	0
4428	1999	296	2764.8	1.5	9.7	0.8638	1.3	0
4428	1999	297	4320	4.9	12.8	1.0562	2.5	0
4428	1999	298	3888	3.5	13.8	1.0532	1.8	0.3
4428	1999	299	7776	5.1	18	1.197	1.3	0
4428	1999	300	10713.6	1.6	15.7	0.9524	1.8	0
4428	1999	301	8553.6	0.2	16.4	0.9301	1	17.1
4428	1999	302	2505.6	9.9	13.8	1.3458	2	0.7
4428	1999	303	7171.2	6.1	15.6	1.1817	2.4	1.5
4428	1999	304	8380.8	3.1	15	0.9554	2.9	1
4428	1999	305	9763.2	0.1	15.9	0.922	1.3	0.1
4428	1999	306	8208	2.1	16.7	1.0254	1.2	2.9
4428	1999	307	2332.8	8.5	12.1	1.1767	2.9	3.2
4428	1999	308	5702.4	6.5	11.3	0.9572	4.5	0.1
4428	1999	309	2246.4	6.3	9.6	1.0151	2	0
4428	1999	310	2246.4	4.9	8.2	0.9612	2.6	3.2
4428	1999	311	3628.8	4.1	8	0.8254	1.9	0.1
4428	1999	312	2160	4.8	7	0.9098	3.6	2.5
4428	1999	313	2073.6	4.5	5.8	0.8372	2.5	11.3
4428	1999	314	2073.6	2.6	4.8	0.7723	1.1	5.4
4428	1999	315	2937.6	1.5	5.4	0.6649	3.7	0
4428	1999	316	2592	-0.3	5.2	0.6413	2.5	0
4428	1999	317	1987.2	2.5	3.5	0.6971	1.5	0
4428	1999	318	1987.2	0.6	2.5	0.6765	2.7	1.9
4428	1999	319	1900.8	-1.9	1.6	0.5318	3.5	0.1
4428	1999	320	6393.6	-3.2	2.1	0.5224	3.2	0
4428	1999	321	1900.8	-0.9	1.3	0.6013	1.5	2.4
4428	1999	322	3283.2	-1.8	1.7	0.5479	4.1	0.9
4428	1999	323	1814.4	-2.8	-0.7	0.4999	1.2	0.4
4428	1999	324	5270.4	-6.1	0.5	0.4526	1	0
4428	1999	325	2505.6	-7.7	-3.2	0.3789	1.3	1.8
4428	1999	326	3283.2	-7.6	-1.7	0.3896	2.3	6.2
4428	1999	327	1728	-3.1	0.7	0.5541	4.6	6.4
4428	1999	328	1728	0.4	1.8	0.6484	3.2	0.2
4428	1999	329	3024	-0.9	5.1	0.6681	0.6	0
4428	1999	330	6393.6	-8.4	5.7	0.5038	0.8	0
4428	1999	331	6912	-8.4	2	0.4586	1.6	0
4428	1999	332	6739.2	-6.8	3.3	0.4892	1.6	0
4428	1999	333	1641.6	-5.7	-0.9	0.4743	1.9	0
4428	1999	334	1641.6	-5.7	-2.2	0.4472	1.4	0
4428	1999	335	2332.8	-8.8	5.5	0.4657	2.2	0.5
4428	1999	336	3888	3.2	9.3	0.8369	5.3	1.6
4428	1999	337	5356.8	-0.7	9.8	0.6	3	0.1
4428	1999	338	1728	-0.1	9	0.7889	3.6	14.1
4428	1999	339	4406.4	-1.5	1.4	0.5723	4.2	0.5
4428	1999	340	5011.2	-4.3	2.3	0.4828	2	0
4428	1999	341	6048	-1.7	5	0.5506	1.2	1.1
4428	1999	342	3974.4	-0.4	9.1	0.725	2.8	0
4428	1999	343	3888	-1.9	7.1	0.6555	1.3	0
4428	1999	344	1641.6	-2.4	5.5	0.6765	1.2	1.5
4428	1999	345	5270.4	-0.3	9	0.7	1.5	1.5
4428	1999	346	1641.6	3.3	9.1	0.8246	3.7	2.6
4428	1999	347	2505.6	0.5	7.3	0.6863	5.8	1.7
4428	1999	348	1641.6	-2.2	3.9	0.5978	3.2	9.8
4428	1999	349	4665.6	-2.7	2.8	0.5458	1.3	0
4428	1999	350	1900.8	-5.5	-1	0.4376	1.6	0
4428	1999	351	5875.2	-8.3	-0.2	0.3659	1.3	1.6
4428	1999	352	1555.2	-3	3.8	0.6164	1.7	30.5
4428	1999	353	1555.2	-7.6	3.1	0.5077	2.1	3.9
4428	1999	354	1555.2	-5.7	-2.4	0.4076	3.3	1
4428	1999	355	4060.8	-10.7	-1.5	0.3528	1.9	0
4428	1999	356	4752	-14.2	-3.9	0.2776	2.3	0
4428	1999	357	5184	-17.6	-5.6	0.2267	1.2	0
4428	1999	358	5184	-6	0.1	0.4229	2.9	0
4428	1999	359	1641.6	-7.2	2.3	0.4696	3.5	9.3
4428	1999	360	1641.6	-0.8	7.9	0.6696	5.6	4.5
4428	1999	361	3369.6	0	4.4	0.6013	5.4	1.5
4428	1999	362	1641.6	-0.1	2.2	0.6131	4.7	3.4
4428	1999	363	1641.6	-2.3	0.9	0.5516	3	1.7
4428	1999	364	2246.4	-6.1	0.3	0.4492	3.8	0.6
4428	1999	365	2419.2	-8	-1.7	0.3667	1	0
