*---------------------------------------------------------------------------*
* Station name: MUHLDORF                                
* Year: 2005
* Author: Pedro Alencar                                   -999.000: NIL VALUE
* Source: ECAD 
* Comments: 
* Longitude: 48.28, latitude: 48.28, altitude: 405 m.
*
* Column  Daily value
* 1       station number
* 2       year
* 3       day
* 4       irradiation                   (kJ m-2 d-1)
* 5       minimum temperature           (degrees Celsius)
* 6       maximum temperature           (degrees Celsius)
* 7       early morning vapour pressure (kPa)
* 8       mean wind speed (height: 2 m) (m s-1)
* 9       precipitation                 (mm d-1)
*
** WCCDESCRIPTION=GERMANY, MUHLDORF                                
** WCCFORMAT=2
** WCCYEARNR=2005
*---------------------------------------------------------------------------*
   48.28  12.5039    405.  -0.18 -0.55
4428	2005	1	1987.2	1.6	5.3	0.7197	1.7	1.2
4428	2005	2	1987.2	0.2	8	0.6715	4.4	3.1
4428	2005	3	1641.6	0.9	3.7	0.5551	6.8	0
4428	2005	4	2332.8	-3.1	6.5	0.5111	4.2	0
4428	2005	5	4752	-4.5	7.4	0.5563	1.5	2.5
4428	2005	6	3283.2	-0.4	8.4	0.6912	4.7	2
4428	2005	7	6220.8	-1.9	9.8	0.6968	1.1	0
4428	2005	8	6566.4	-3.4	12.7	0.6638	1.9	0.6
4428	2005	9	2073.6	1.5	8.6	0.7789	2	0.3
4428	2005	10	6566.4	-2.5	8.3	0.6772	1.5	0
4428	2005	11	6566.4	-4.2	10.8	0.6656	1.1	0
4428	2005	12	5788.8	-3	6	0.5651	1.4	2.3
4428	2005	13	4406.4	-0.6	6.8	0.6563	2.8	1
4428	2005	14	5011.2	-4.8	3.1	0.4939	2.4	0.3
4428	2005	15	6739.2	-6.7	3.9	0.4744	1.3	0
4428	2005	16	7084.8	-8.7	4.1	0.4439	1.2	0
4428	2005	17	7171.2	-9.3	4.3	0.4221	1.2	0
4428	2005	18	3888	-6.4	2.1	0.4436	2.7	0.4
4428	2005	19	3110.4	-2	2.6	0.5058	3.6	0.1
4428	2005	20	1987.2	-1.7	7.9	0.5952	7.2	15.2
4428	2005	21	4838.4	0.9	7.9	0.669	8.9	1.5
4428	2005	22	3110.4	-0.2	1.9	0.5393	6.9	0.3
4428	2005	23	3888	-3.2	1.6	0.4957	2.6	2.2
4428	2005	24	4060.8	-6.2	-1.6	0.3939	3.8	3.3
4428	2005	25	2678.4	-13.7	-2.8	0.2791	1.8	1.8
4428	2005	26	2160	-15.1	-4	0.2461	2.9	2.8
4428	2005	27	5356.8	-12.2	-7.6	0.2423	2.4	0.5
4428	2005	28	6912	-16.4	-7.1	0.2091	0.9	0
4428	2005	29	5529.6	-20.9	-4.6	0.1814	1.4	0
4428	2005	30	8035.2	-20.1	-6.2	0.1756	1.1	0
4428	2005	31	2332.8	-7.6	1.5	0.41	4.8	9
4428	2005	32	6652.8	-3.1	1.6	0.4917	5.5	2
4428	2005	33	2419.2	-1.7	1.4	0.556	5.9	15.3
4428	2005	34	2419.2	0.3	1.7	0.6043	5.1	3.7
4428	2005	35	7344	-8	2.1	0.4033	2.2	0
4428	2005	36	9417.6	-13.4	-0.8	0.2908	2.9	0
4428	2005	37	9158.4	-14.5	-0.5	0.2819	1.3	0
4428	2005	38	9676.8	-17.5	-0.4	0.2394	0.8	0
4428	2005	39	9504	-16.2	1.4	0.2666	1.3	0
4428	2005	40	6912	-12.2	1.6	0.3214	1.8	0
4428	2005	41	5961.6	-11.6	4.3	0.3827	2.4	7.1
4428	2005	42	2764.8	1.2	3.9	0.6679	3.1	11.5
4428	2005	43	2764.8	1.1	9.2	0.7579	5	9.2
4428	2005	44	5097.6	-0.1	4.4	0.5778	6.9	2.5
4428	2005	45	6480	-3.7	0.9	0.4633	5.2	6
4428	2005	46	3888	-3.4	-0.7	0.4469	3.4	2.9
4428	2005	47	2937.6	-5	-1.2	0.4328	3.2	5.8
4428	2005	48	3024	-4.7	-1.4	0.4393	2.1	0.1
4428	2005	49	3542.4	-4.2	0.3	0.4343	1.5	0
4428	2005	50	6480	-6.2	0.7	0.4043	1.2	1.3
4428	2005	51	3110.4	-8.1	1.2	0.4122	0.9	0.2
4428	2005	52	3196.8	-8.2	-1.5	0.371	3.8	5.6
4428	2005	53	4233.6	-9.1	-0.4	0.3738	2.2	2.8
4428	2005	54	9936	-14.9	0	0.3005	1.2	0
4428	2005	55	9590.4	-16.8	-0.8	0.2737	1.4	0
4428	2005	56	3369.6	-17.8	-0.9	0.247	1.3	0
4428	2005	57	9417.6	-5.6	-0.9	0.3751	1.3	0.5
4428	2005	58	3456	-13.5	-4.2	0.235	2.7	1.7
4428	2005	59	12182.4	-22.7	-7.3	0.1508	1.7	0
4428	2005	60	13564.8	-24.4	-3.5	0.152	0.8	0
4428	2005	61	14342.4	-22.3	-1.1	0.1774	0.9	0
4428	2005	62	12182.4	-19.4	1.6	0.2153	1.5	0
4428	2005	63	14083.2	-12.5	-1.9	0.2672	1.6	0
4428	2005	64	12268.8	-12.8	1.3	0.2947	1.4	0
4428	2005	65	12268.8	-14.4	-2	0.2505	2.8	0.7
4428	2005	66	10886.4	-14.4	-2.9	0.2483	3.9	1.5
4428	2005	67	3888	-3.8	1.3	0.4852	6.1	3.9
4428	2005	68	3888	0.4	1.7	0.5801	5.9	0.7
4428	2005	69	13132.8	-9.8	1.4	0.3314	2.8	0
4428	2005	70	10368	-11.7	3.6	0.3578	4.1	0
4428	2005	71	4060.8	-3.5	3.9	0.4774	7.4	5.9
4428	2005	72	14428.8	-7.4	3.9	0.387	4.5	0
4428	2005	73	15984	-9.5	7.1	0.4198	0.7	0.1
4428	2005	74	13737.6	-3.3	10	0.6214	1.6	0
4428	2005	75	17452.8	-3.1	15.8	0.7278	1.1	0
4428	2005	76	14774.4	-1.3	18.2	0.7517	4	0
4428	2005	77	14169.6	7.5	18.6	1.0057	4.9	0.2
4428	2005	78	4406.4	3.8	12.1	0.9296	3.9	4.8
4428	2005	79	10540.8	-1.1	7.1	0.5835	3.3	0
4428	2005	80	18576	-3.2	11.1	0.5429	2.2	0
4428	2005	81	17107.2	-2.6	13.4	0.5918	2.3	0
4428	2005	82	5875.2	3.6	14.4	0.9637	1.4	0.1
4428	2005	83	14515.2	4.2	18.3	1.0268	1.7	0
4428	2005	84	4752	3.2	11.1	0.9409	1.6	2.6
4428	2005	85	8640	3.3	12.8	0.9467	1.9	0
4428	2005	86	12096	1.6	14.1	0.9445	1.2	0
4428	2005	87	7516.8	7.4	13.8	1.1366	1.4	3
4428	2005	88	14428.8	5.9	17.3	1.0781	1.6	0
4428	2005	89	5011.2	6.3	12.8	0.9405	2.1	0
4428	2005	90	18921.6	3.7	13	0.6039	3.6	0
4428	2005	91	20995.2	0.2	11.8	0.4487	4.1	0
4428	2005	92	21254.4	-0.5	15.6	0.4575	4.2	0
4428	2005	93	21340.8	-3.1	18.3	0.5738	1.4	0
4428	2005	94	21600	-2.4	19.5	0.69	1	0
4428	2005	95	18489.6	-0.9	18.8	0.7089	2.4	0.1
4428	2005	96	17539.2	5.8	19	0.9638	1.1	0
4428	2005	97	14169.6	7	19.3	0.9972	2.4	0
4428	2005	98	5529.6	4.5	11.3	0.8838	2.3	8.2
4428	2005	99	5529.6	2.7	7	0.7594	2.8	8.7
4428	2005	100	8640	0.5	6.4	0.5945	2.4	0
4428	2005	101	18144	0.2	11.5	0.6476	2.8	0
4428	2005	102	15206.4	4.4	14.1	0.8051	3.7	0
4428	2005	103	13651.2	3.4	15.8	0.9078	1	0
4428	2005	104	20822.4	1.3	18.8	0.8864	1.9	0
4428	2005	105	23328	4.2	21.7	0.9395	2.3	0
4428	2005	106	18662.4	3.3	20.4	0.8047	3.3	0
4428	2005	107	17884.8	5.5	15	0.8858	3.1	3.7
4428	2005	108	6048	5.4	8.7	0.9144	3.1	9.7
4428	2005	109	6048	6.8	9.3	1.0005	2.3	23
4428	2005	110	6134.4	5.1	8.5	0.889	2.9	11.4
4428	2005	111	18662.4	-1.8	8.6	0.4911	1.9	0
4428	2005	112	25315.2	-3.3	12.8	0.5656	1	0
4428	2005	113	21081.6	-2.1	16.3	0.6352	1.2	0
4428	2005	114	12096	7.7	17.1	1.0069	1.7	0.7
4428	2005	115	6307.2	8.1	11.3	1.0823	3.6	34.3
4428	2005	116	8380.8	4.1	14.1	0.9702	4	0.8
4428	2005	117	10800	5.2	15.4	1.1016	2.9	3.6
4428	2005	118	24624	2.5	16.7	0.8481	1.4	0
4428	2005	119	7603.2	8.1	15.6	1.096	1.7	0.4
4428	2005	120	25056	7.8	22.9	1.2541	1.5	0
4428	2005	121	26092.8	9.5	26	1.3592	1.8	0
4428	2005	122	25660.8	8.7	29.2	1.3559	1.4	0
4428	2005	123	10454.4	10.2	19.8	1.3114	2.9	4.1
4428	2005	124	17712	9.5	18.4	1.2255	4.2	0.4
4428	2005	125	12009.6	7.1	14.7	1.1074	3.3	7.5
4428	2005	126	7776	5.7	9.9	0.9096	4.3	5.5
4428	2005	127	10886.4	5.4	13.2	0.9834	4.7	13.6
4428	2005	128	19094.4	2.4	10.3	0.7661	3.9	3.2
4428	2005	129	15897.6	2.3	10.7	0.8031	2.6	1.1
4428	2005	130	20995.2	-0.4	14.5	0.7536	1.7	0
4428	2005	131	26092.8	0.6	13.7	0.688	2.5	0
4428	2005	132	28944	-1	16.1	0.6031	3	0
4428	2005	133	25315.2	5.2	19.8	0.7674	3.6	0
4428	2005	134	22204.8	4.4	23.8	1.1571	2	8.6
4428	2005	135	19958.4	7.5	17.9	1.1003	3.4	0
4428	2005	136	19267.2	5.6	18.1	1.0405	2.7	4.6
4428	2005	137	19008	8.3	17.5	1.0851	2.5	3.7
4428	2005	138	7171.2	6.9	11.5	1.0349	3	18
4428	2005	139	21772.8	4.5	15.8	0.8799	1.5	0
4428	2005	140	28944	3.3	21.3	0.9146	1.6	0
4428	2005	141	25833.6	8.4	24.9	1.2679	2.1	4.5
4428	2005	142	20822.4	12.6	22.2	1.5081	2	9.6
4428	2005	143	9331.2	10.1	16.1	1.3252	3.1	6.7
4428	2005	144	23760	7.6	19.2	1.121	1.4	0
4428	2005	145	29635.2	5.5	23	1.0872	1.2	0
4428	2005	146	30153.6	7.6	26.2	1.192	1.9	0
4428	2005	147	30067.2	8.9	28.4	1.3522	1	0
4428	2005	148	30499.2	10.3	30.2	1.5408	1	0
4428	2005	149	30326.4	12.5	31.5	1.6097	1.1	0
4428	2005	150	25401.6	11.3	28.2	1.6548	3.9	17.8
4428	2005	151	21340.8	7.6	16.8	1.0506	2.9	0
4428	2005	152	28080	6.3	19.6	0.9991	1.7	0
4428	2005	153	29635.2	5.6	21.8	0.9865	1.1	0
4428	2005	154	29721.6	7.1	27	1.1646	1.7	1.8
4428	2005	155	10627.2	10.7	17.6	1.4027	2.6	9.2
4428	2005	156	21513.6	10.5	19	1.2234	3	0.1
4428	2005	157	14256	11.1	17.6	1.2739	2.5	2
4428	2005	158	15897.6	6.8	13	0.841	4.2	0.1
4428	2005	159	16588.8	4.9	14.2	0.8215	2.5	0
4428	2005	160	17107.2	6.4	13.9	0.8552	1.9	0.7
4428	2005	161	13564.8	7.5	17	0.9971	2.2	0
4428	2005	162	10195.2	7.9	17.4	1.0674	1.6	1.8
4428	2005	163	18316.8	9.2	17.4	1.1595	1.5	2.9
4428	2005	164	17712	9.1	23	1.5301	2.1	7.8
4428	2005	165	17107.2	9.7	24.1	1.5381	2.1	0.5
4428	2005	166	13996.8	14.3	22	1.7266	2.7	9.6
4428	2005	167	26870.4	13.1	25.4	1.582	1.4	0
4428	2005	168	15292.8	12.4	23.4	1.5359	2.4	1.3
4428	2005	169	21081.6	10.9	25.4	1.4978	2.5	0
4428	2005	170	31017.6	8.6	24.6	1.0941	1.4	0
4428	2005	171	30844.8	9.8	26.9	1.306	1.1	0
4428	2005	172	29635.2	11.2	29.6	1.5312	1.1	0
4428	2005	173	26697.6	13.5	28.9	1.7089	2.4	0
4428	2005	174	30412.8	12.4	27.9	1.4842	1.5	0
4428	2005	175	30412.8	12.3	30.8	1.5661	1.7	0
4428	2005	176	26611.2	15.7	31.1	1.8957	2.1	38.1
4428	2005	177	22896	16.4	27.7	2.0381	1.9	0
4428	2005	178	27907.2	16.3	28.4	1.9408	1.5	0
4428	2005	179	26697.6	15.3	30	2.0862	1.3	2.8
4428	2005	180	16070.4	16.3	26.3	2.0733	2.1	1.1
4428	2005	181	23414.4	12.9	24.5	1.5502	3.1	6.8
4428	2005	182	10195.2	13.3	17.8	1.5879	3.4	12.8
4428	2005	183	17712	12.8	21.7	1.5922	3.2	0
4428	2005	184	29462.4	11.3	25.7	1.4034	1.3	0
4428	2005	185	26092.8	10.8	28.4	1.6395	2.3	10.8
4428	2005	186	8553.6	8.3	14.4	1.2215	2.5	14.8
4428	2005	187	25056	6.2	22.1	1.1608	1.7	0.2
4428	2005	188	13219.2	10.8	19.1	1.3751	2.5	13
4428	2005	189	17366.4	9	19.4	1.2455	1.5	0
4428	2005	190	24364.8	7.6	21.9	1.1899	1.5	2.4
4428	2005	191	8121.6	13.7	19.9	1.7003	2	18.8
4428	2005	192	7689.6	14.5	20.2	1.6814	2.8	1.8
4428	2005	193	14947.2	12.4	23.7	1.6331	1.6	0
4428	2005	194	25747.2	10.4	26.6	1.5097	1.1	0
4428	2005	195	27475.2	10.8	28.7	1.5859	1	0
4428	2005	196	26611.2	12.1	30.9	1.7149	1.2	0
4428	2005	197	21513.6	16.2	29.8	2.0468	2.2	1.3
4428	2005	198	27907.2	13.9	28.6	1.7141	2.4	0
4428	2005	199	23500.8	11.9	29.8	1.8448	2	17.6
4428	2005	200	12960	14	22.2	1.7212	3.3	4.5
4428	2005	201	22204.8	12.9	24	1.4626	3.1	4.5
4428	2005	202	19094.4	12	22	1.4124	3.6	0
4428	2005	203	21081.6	11.3	21.8	1.3539	3	0.5
4428	2005	204	15638.4	12.2	21.7	1.4851	1.8	0.2
4428	2005	205	17712	12.7	24.7	1.5071	1.3	5.2
4428	2005	206	11750.4	15.5	22.1	1.8416	1.6	6.4
4428	2005	207	18057.6	14.4	25.1	1.7697	1.5	0
4428	2005	208	27820.8	12.8	30.9	1.8042	1.2	0
4428	2005	209	27820.8	15.2	33.7	1.9883	1.2	0
4428	2005	210	25056	16	33.8	2.1681	1.8	0
4428	2005	211	15724.8	16.1	25.5	1.9372	2.2	2.7
4428	2005	212	7171.2	13.8	19.4	1.6412	1.4	0.9
4428	2005	213	22291.2	11.8	25.5	1.481	1.9	3
4428	2005	214	19612.8	15.3	27.4	1.9022	2.1	6.2
4428	2005	215	5788.8	13.3	16.8	1.5207	3.1	2.4
4428	2005	216	16070.4	11.2	20	1.2744	3.3	0
4428	2005	217	22291.2	8.3	22.6	1.2096	1.5	6.5
4428	2005	218	16329.6	9	18.6	1.1978	3.2	7.5
4428	2005	219	13651.2	7.8	15.7	1.1302	2.3	3.9
4428	2005	220	15033.6	9.5	15.8	1.2137	2.5	2.5
4428	2005	221	23587.2	5.6	20.5	1.1107	2.1	0
4428	2005	222	22032	6.6	23	1.2106	2	0
4428	2005	223	24969.6	6.7	22.5	1.1121	2	0
4428	2005	224	25833.6	7.7	24.6	1.1916	1.1	0.3
4428	2005	225	18748.8	9.7	21.3	1.2486	2.4	0
4428	2005	226	15206.4	9.6	22.8	1.4345	2.1	0.8
4428	2005	227	7948.8	11.1	17	1.3456	3.4	12.1
4428	2005	228	5356.8	12.4	15.5	1.4642	2.8	18.3
4428	2005	229	5356.8	11.3	17.7	1.4842	1.4	0.6
4428	2005	230	22982.4	10.6	23.9	1.5136	3	0
4428	2005	231	24192	9.4	26	1.5369	1	5.2
4428	2005	232	5270.4	14.1	17.2	1.6336	1.5	2.4
4428	2005	233	6393.6	14.7	20	1.7605	1.9	1.2
4428	2005	234	6739.2	13.7	18.6	1.6499	1.9	10.6
4428	2005	235	5875.2	13.2	18.5	1.6726	2.3	9.5
4428	2005	236	13392	11.6	21	1.5547	1.8	0
4428	2005	237	8467.2	10.9	22.5	1.5567	1.5	0.3
4428	2005	238	12960	10.6	20.6	1.2744	1.6	0
4428	2005	239	19440	9.3	22.6	1.3394	1.6	0
4428	2005	240	14515.2	11.5	22.9	1.548	1.3	0
4428	2005	241	20217.6	9.6	25.6	1.5875	2.1	0
4428	2005	242	18835.2	10.3	26.1	1.6068	1.9	0
4428	2005	243	22550.4	12.5	27.1	1.6138	2.2	0
4428	2005	244	18576	11.6	28.7	1.8376	0.9	0
4428	2005	245	13651.2	13.9	26.9	2.0336	1.7	11.2
4428	2005	246	16243.2	14.7	24.3	1.833	2	0
4428	2005	247	19872	12	22.8	1.3891	2.5	0
4428	2005	248	21340.8	9.1	23.6	1.2997	2.5	0
4428	2005	249	21168	7.7	25.4	1.3163	1.7	0
4428	2005	250	20908.8	7.9	27.1	1.3978	1.3	0
4428	2005	251	20390.4	9.3	27.4	1.4535	1.7	0
4428	2005	252	17971.2	10.7	27.8	1.582	1.4	1
4428	2005	253	10972.8	16	23	1.833	2.5	0
4428	2005	254	10886.4	13.8	22.2	1.7104	1.4	0
4428	2005	255	11145.6	12	18.7	1.5677	1.7	17.9
4428	2005	256	4665.6	12.2	17.5	1.5518	1.4	3.2
4428	2005	257	8121.6	11.3	19	1.4961	1.5	0
4428	2005	258	7948.8	10.7	20.3	1.53	1.5	0
4428	2005	259	14342.4	10.4	24.3	1.5232	3.4	3.3
4428	2005	260	4492.8	8.5	10.9	1.0703	2.2	5.2
4428	2005	261	8640	8	13.2	1.0217	2.5	0
4428	2005	262	16848	5.8	15.1	0.8977	3.8	0
4428	2005	263	12873.6	3.3	16.9	0.9635	1	0
4428	2005	264	13651.2	6.3	17.7	1.0369	2.2	0
4428	2005	265	17539.2	4.2	20.1	1.0896	1.8	0
4428	2005	266	12528	7.9	20.2	1.3456	1	0
4428	2005	267	15120	7.6	22.5	1.4011	0.8	0
4428	2005	268	13996.8	7.3	21.4	1.3883	0.8	0
4428	2005	269	14342.4	7.6	22.7	1.4273	1.3	3.7
4428	2005	270	3974.4	10.7	15.5	1.3854	1.5	1.7
4428	2005	271	6393.6	9.9	20.1	1.4647	1.5	7.2
4428	2005	272	5097.6	8.4	15.8	1.2271	2.7	5
4428	2005	273	6739.2	3.8	13.4	0.938	2.1	0
4428	2005	274	4924.8	4.2	12.1	0.9531	2.1	9.7
4428	2005	275	3715.2	8.5	11.8	1.165	2	20.7
4428	2005	276	3628.8	8.2	13.6	1.2117	1.6	0.4
4428	2005	277	4492.8	13.2	18	1.4868	6	0.3
4428	2005	278	6652.8	13.6	18.9	1.4575	5.7	0.3
4428	2005	279	14256	10.3	20.1	1.1904	4.9	0
4428	2005	280	13564.8	4.9	20	1.068	3.1	0
4428	2005	281	13651.2	4.7	18.3	1.1523	1.2	0
4428	2005	282	8553.6	5	17.5	1.1868	1	0
4428	2005	283	11145.6	5	17.9	1.108	2.2	0
4428	2005	284	13564.8	1.2	19	0.8894	2.1	0
4428	2005	285	13392	0.4	18.2	0.8663	1.6	0
4428	2005	286	10886.4	-0.8	16	0.8868	0.9	0
4428	2005	287	10454.4	0.2	16.1	0.9207	0.8	0
4428	2005	288	10713.6	1	15.9	0.9285	1.3	0
4428	2005	289	11059.2	0	14.5	0.8353	1.4	0
4428	2005	290	12528	1.1	11.2	0.6706	4.3	0
4428	2005	291	12268.8	2	11.2	0.682	4.8	0
4428	2005	292	11318.4	-0.4	11.3	0.6929	2.4	0
4428	2005	293	6480	0.6	14	0.8484	1.2	0
4428	2005	294	9504	1.7	17.4	1.0239	1.6	0
4428	2005	295	8985.6	5.7	22.1	1.3167	1.6	0
4428	2005	296	6566.4	5.7	18.9	1.2147	2.3	2.4
4428	2005	297	7171.2	5	17.3	1.1524	0.9	0
4428	2005	298	6566.4	4	16.6	1.1141	1.2	0
4428	2005	299	3888	6.9	18.9	1.2337	1.3	0.3
4428	2005	300	10454.4	3.5	19.1	1.1506	1.6	0
4428	2005	301	6912	4.2	16.3	1.1603	1.1	0.1
4428	2005	302	2505.6	4.4	9.8	0.978	1.1	0
4428	2005	303	5702.4	0.5	11.1	0.8758	1.3	0
4428	2005	304	2419.2	-0.7	5.5	0.6971	2.2	0
4428	2005	305	2419.2	1.4	8.6	0.8372	1.4	4.4
4428	2005	306	2332.8	6.4	9.8	1.0579	1.9	0.1
4428	2005	307	6566.4	7.6	14.5	1.2369	2.4	1.6
4428	2005	308	2246.4	5.5	10.8	1.0398	2.3	0
4428	2005	309	2246.4	6.2	10.2	1.0325	1.5	3.4
4428	2005	310	2592	5.4	9.7	0.9566	2	0.3
4428	2005	311	5270.4	2.5	11.8	0.8903	1.1	0
4428	2005	312	6739.2	1.1	12.8	0.9181	1.8	0
4428	2005	313	2073.6	0.6	6.7	0.7696	1.3	0
4428	2005	314	2073.6	1.9	5.5	0.7723	1.4	0
4428	2005	315	2073.6	5.3	9	0.9308	1.6	0
4428	2005	316	6652.8	0	11.5	0.8085	1.7	0
4428	2005	317	1987.2	2	4.3	0.7046	3.5	0
4428	2005	318	1987.2	2.8	4	0.6548	2.5	0
4428	2005	319	5788.8	0.6	7.9	0.7034	1.1	0
4428	2005	320	3369.6	-1	8	0.6987	2.7	3.7
4428	2005	321	2246.4	-0.7	4.6	0.5977	3.2	1
4428	2005	322	2851.2	-0.9	3.1	0.602	3.2	4.2
4428	2005	323	5270.4	-4	1.2	0.4799	1.7	0
4428	2005	324	1814.4	-2.9	1.2	0.4996	3.5	10
4428	2005	325	1814.4	-1.7	1.2	0.564	3	5.4
4428	2005	326	1814.4	-6.2	-0.2	0.4441	2	1.1
4428	2005	327	7257.6	-7.9	-0.2	0.3714	2	0
4428	2005	328	3542.4	-9	-3.9	0.3095	1.3	0.3
4428	2005	329	2505.6	-9.6	0.3	0.381	1.3	0.9
4428	2005	330	1728	-10.1	-2.4	0.3449	1	0.2
4428	2005	331	4320	-8.4	0.7	0.423	0.7	0
4428	2005	332	2246.4	-5.1	1.8	0.4657	1.7	0.9
4428	2005	333	2419.2	-5.5	0.7	0.4406	0.9	0
4428	2005	334	1641.6	-9.7	-0.2	0.3893	0.6	0
4428	2005	335	4492.8	-10	-1	0.3815	1	0
4428	2005	336	4147.2	-9	-2.7	0.3675	1.4	0
4428	2005	337	1728	-6.6	0.3	0.4554	1.1	5.2
4428	2005	338	3110.4	-2.5	2	0.576	1.3	1.9
4428	2005	339	2332.8	-3.2	2.8	0.5721	1.1	0
4428	2005	340	1641.6	-2	2	0.5866	1.4	0.4
4428	2005	341	1987.2	-1.7	2.2	0.5724	1.6	1.1
4428	2005	342	5184	-2.6	3.9	0.57	0.9	0
4428	2005	343	2332.8	-2.8	2.4	0.554	0.7	0.1
4428	2005	344	4579.2	-6.7	1.1	0.4028	1.7	0
4428	2005	345	6048	-8.9	1.1	0.3756	1.2	0
4428	2005	346	5875.2	-11.9	-0.7	0.336	0.5	0
4428	2005	347	1641.6	-10.5	-0.9	0.3638	0.6	0.1
4428	2005	348	1641.6	-2.1	0.2	0.5245	0.5	0
4428	2005	349	1641.6	-1.1	2.5	0.5207	5.1	2.7
4428	2005	350	1555.2	-0.4	5.1	0.6295	10	17.8
4428	2005	351	3283.2	-4.1	0.4	0.4696	5.6	6.5
4428	2005	352	1555.2	-8.2	-1.1	0.3853	5.6	3
4428	2005	353	2505.6	-6.1	-0.2	0.4167	3.8	3.4
4428	2005	354	2592	-4.4	1.5	0.4726	5.1	0.5
4428	2005	355	1555.2	-6.2	0.5	0.4459	3.2	0
4428	2005	356	1555.2	-2.5	0.7	0.515	3.6	1.8
4428	2005	357	1555.2	0	1.3	0.602	2.1	3.7
4428	2005	358	1555.2	0	2.2	0.6153	1.7	0.1
4428	2005	359	2332.8	-0.2	2.6	0.6064	2	0.7
4428	2005	360	2160	-2.6	0.8	0.515	1	0.3
4428	2005	361	1641.6	-2.9	-1	0.4661	2	0.1
4428	2005	362	1641.6	-5.3	-2.7	0.4046	3	4.2
4428	2005	363	3715.2	-17.6	-4	0.2229	2.8	0
4428	2005	364	4752	-18.9	-7.3	0.1964	0.7	5.8
4428	2005	365	4492.8	-10.6	0.3	0.3835	1.2	6.6
