*---------------------------------------------------------------------------*
* Station name: SOLTAU                                  
* Year: 2008
* Author: Pedro Alencar                                   -999.000: NIL VALUE
* Source: ECAD 
* Comments: 
* Longitude: 52.9617, latitude: 52.9617, altitude: 76 m.
*
* Column  Daily value
* 1       station number
* 2       year
* 3       day
* 4       irradiation                   (kJ m-2 d-1)
* 5       minimum temperature           (degrees Celsius)
* 6       maximum temperature           (degrees Celsius)
* 7       early morning vapour pressure (kPa)
* 8       mean wind speed (height: 2 m) (m s-1)
* 9       precipitation                 (mm d-1)
*
** WCCDESCRIPTION=GERMANY, SOLTAU                                  
** WCCFORMAT=2
** WCCYEARNR=2008
*---------------------------------------------------------------------------*
   52.9617  9.7967    76.  -0.18 -0.55
4652	2008	1	1123.2	-0.6	0.5	0.5966	1.5	0.5
4652	2008	2	950.4	-1.1	0.4	0.548	3.2	0.2
4652	2008	3	950.4	-3.7	-1.1	0.4355	5.9	0
4652	2008	4	950.4	-5.3	-3	0.3641	5.3	0
4652	2008	5	950.4	-3.3	4.5	0.5616	4.4	3.3
4652	2008	6	950.4	1.1	4.1	0.7292	2.3	0.9
4652	2008	7	1382.4	0.3	6.9	0.7273	4.5	9.2
4652	2008	8	1555.2	2.4	6.4	0.7276	4.5	0
4652	2008	9	1209.6	2.5	6.4	0.7553	4	2
4652	2008	10	3283.2	2.1	7.6	0.7249	4.7	0.2
4652	2008	11	1036.8	7.4	10.8	0.8894	4.5	0.1
4652	2008	12	1468.8	3.3	9.9	0.7307	4.8	2
4652	2008	13	4320	0.4	6.8	0.6483	3.4	0
4652	2008	14	1382.4	-0.3	6.4	0.6312	3.7	0
4652	2008	15	1641.6	5.5	10	0.78	6	0.1
4652	2008	16	1814.4	3.2	9.8	0.745	5.1	0.6
4652	2008	17	1814.4	3.7	7.4	0.8336	3.3	5.6
4652	2008	18	1123.2	5.7	10.6	0.9856	4.8	12.3
4652	2008	19	1123.2	5.6	11.8	1.0793	5.7	12.7
4652	2008	20	1209.6	5.5	11.6	1.0906	4.9	19.4
4652	2008	21	1209.6	5.6	10.6	1.0579	5	33
4652	2008	22	3801.6	1.2	7.3	0.7531	4.6	0.7
4652	2008	23	1209.6	0.3	6.9	0.751	3.6	0.7
4652	2008	24	1296	4	8.7	0.9002	4.8	5.8
4652	2008	25	4406.4	2.3	7.9	0.7113	7.1	0
4652	2008	26	1296	6.1	9.3	0.8719	8.7	19.3
4652	2008	27	1296	5.3	8.4	0.9812	6.5	6.2
4652	2008	28	1382.4	6.5	7.8	0.9814	3.2	0
4652	2008	29	1382.4	4.5	6.5	0.7675	2.7	0
4652	2008	30	1382.4	1.3	5.2	0.7019	3.6	1.6
4652	2008	31	1468.8	0.5	4.3	0.6317	6.2	4.7
4652	2008	32	1900.8	1.9	6.2	0.6283	6.5	2
4652	2008	33	3801.6	0.1	4.2	0.6348	4.5	0.6
4652	2008	34	6220.8	-0.6	4.4	0.5185	4.2	0
4652	2008	35	1555.2	0.5	5.8	0.5897	3.4	1
4652	2008	36	2246.4	1.5	6.9	0.7504	4.5	6.5
4652	2008	37	1641.6	3.4	8	0.8423	5.3	5.4
4652	2008	38	6134.4	2.2	7.7	0.73	4.2	0.1
4652	2008	39	5616	0.9	9.9	0.7084	1.9	0
4652	2008	40	7171.2	-1	12.6	0.7375	1	0
4652	2008	41	7084.8	-1.6	12.7	0.7702	0.7	0
4652	2008	42	7516.8	-1.9	12	0.7701	1	0
4652	2008	43	1814.4	-0.6	5.1	0.6681	1.9	0
4652	2008	44	6566.4	-2.8	5.5	0.6197	1.5	0
4652	2008	45	1900.8	-1.3	3.6	0.6374	1.5	0
4652	2008	46	7948.8	-4.4	2.9	0.4223	2.5	0
4652	2008	47	8121.6	-6.5	2.7	0.404	1	0
4652	2008	48	7776	-5.8	4.4	0.389	3.5	0
4652	2008	49	2073.6	1.6	5	0.7508	5.2	0.3
4652	2008	50	2073.6	-1.8	5.5	0.6493	3	0
4652	2008	51	2678.4	-2.3	5.4	0.6355	1.4	0
4652	2008	52	2160	-0.1	8.2	0.7344	4.3	1.2
4652	2008	53	2160	7.5	11.1	1.0302	8.4	1.3
4652	2008	54	6739.2	4.6	9.7	0.7386	6.3	0
4652	2008	55	2246.4	7.5	9.9	0.8769	4	5.2
4652	2008	56	8035.2	3.1	9	0.7785	3.6	0
4652	2008	57	2332.8	4.3	12.8	0.946	5.2	4.9
4652	2008	58	3715.2	3.8	7.8	0.7375	6.7	0.2
4652	2008	59	6652.8	1.8	8.8	0.7569	3.2	0
4652	2008	60	6048	0.5	9.7	0.7377	2.8	25.5
4652	2008	61	2764.8	4.5	8.5	0.8224	9.6	12.1
4652	2008	62	4060.8	5	9.3	0.86	8.8	3
4652	2008	63	6048	0.6	7.5	0.7099	5.7	3.2
4652	2008	64	9417.6	-1.2	5.8	0.6128	5.6	1.2
4652	2008	65	11491.2	-2.3	5.7	0.4697	4	0
4652	2008	66	2937.6	3.2	7.2	0.787	6.4	0.1
4652	2008	67	3024	6	8.8	0.9365	3	0.1
4652	2008	68	11145.6	0.3	10	0.6874	2.7	0
4652	2008	69	3110.4	4.3	10.3	0.736	4.2	0
4652	2008	70	8726.4	4.3	12	0.7257	5.3	0.3
4652	2008	71	6825.6	5.7	9.2	0.8262	5.2	7.1
4652	2008	72	5529.6	0.8	8.6	0.7174	7.7	14.2
4652	2008	73	7862.4	2.2	9.5	0.7401	7.2	2.2
4652	2008	74	7430.4	1.6	9.1	0.7595	4.8	1.9
4652	2008	75	6652.8	0.3	10.8	0.752	1.6	0
4652	2008	76	3456	2.8	5.4	0.7534	2.8	7.1
4652	2008	77	10972.8	-0.5	6.3	0.632	5.8	2.6
4652	2008	78	11577.6	-0.7	6.7	0.6213	5	4.2
4652	2008	79	11923.2	-0.4	6.6	0.6181	4.4	0.1
4652	2008	80	4924.8	-1.9	5.7	0.6516	4.4	11.5
4652	2008	81	5356.8	1.5	5.7	0.751	4	7.1
4652	2008	82	3801.6	-2.4	2.8	0.5827	4	0.4
4652	2008	83	16156.8	-5.4	2.6	0.3806	2.5	0
4652	2008	84	6393.6	-3.4	2.5	0.5263	3.1	2.5
4652	2008	85	8726.4	-2.2	4.4	0.6153	4.9	0.9
4652	2008	86	9244.8	-1.2	5.3	0.6657	4.5	1.6
4652	2008	87	15465.6	-3	8	0.5631	2.1	0
4652	2008	88	8812.8	0.4	9.2	0.645	3.4	4.2
4652	2008	89	10800	4.4	10.7	0.8214	4.9	2.1
4652	2008	90	16416	5.2	18.7	0.7821	4.6	0
4652	2008	91	6393.6	2.7	13	0.8702	2.5	0
4652	2008	92	13737.6	0.3	15.2	0.8643	3.1	4.3
4652	2008	93	7084.8	5.8	9.8	0.973	5.1	10.8
4652	2008	94	8640	4.6	9.5	0.9244	4.1	0.2
4652	2008	95	4492.8	4.1	8	0.8536	3	0.4
4652	2008	96	5011.2	1.1	8.4	0.8142	2.7	0.9
4652	2008	97	9331.2	0.2	6.8	0.6987	2.1	0.1
4652	2008	98	7516.8	0.4	6.3	0.7146	1.9	1.8
4652	2008	99	16329.6	0.6	9.1	0.6904	1.8	0.2
4652	2008	100	9849.6	0.3	8.8	0.693	2.1	0.3
4652	2008	101	6220.8	-0.5	8.8	0.6985	2.1	0.1
4652	2008	102	4838.4	3	5.5	0.7696	2.6	1.1
4652	2008	103	16243.2	2	13.2	0.8034	2.8	0
4652	2008	104	14947.2	2.3	12.9	0.8451	2.3	0.1
4652	2008	105	5011.2	1.7	9.7	0.8606	1.5	3.2
4652	2008	106	14688	1.3	10.5	0.8169	2.6	1.1
4652	2008	107	17107.2	-0.7	8.9	0.6551	2.4	0
4652	2008	108	9417.6	-0.5	7.7	0.7115	2.5	0.8
4652	2008	109	5702.4	4.7	8.4	0.767	3.8	0
4652	2008	110	8121.6	2.1	9.3	0.6867	4.3	0
4652	2008	111	13219.2	5.5	13.2	0.7987	3.5	0
4652	2008	112	22809.6	3.7	16.3	0.7853	5	0
4652	2008	113	18403.2	5.4	16.4	0.7557	5.2	0
4652	2008	114	20563.2	2.7	18.8	0.7869	2	0
4652	2008	115	16156.8	6.9	18.5	0.9683	2.4	2
4652	2008	116	14774.4	4.8	14.9	0.9839	3.5	0.1
4652	2008	117	15552	2	17.6	0.8959	1.7	0
4652	2008	118	19612.8	5.4	21.3	0.9184	2.5	0
4652	2008	119	14947.2	9.2	20.7	1.2223	2.7	5.6
4652	2008	120	10195.2	6.9	14.1	1.1798	1.5	5.7
4652	2008	121	20563.2	4.3	19.3	1.0233	3.2	5.1
4652	2008	122	19526.4	5.3	16.9	0.9902	2.8	3.5
4652	2008	123	21168	2.7	16.2	0.9933	1.6	3
4652	2008	124	24796.8	2.4	17.9	0.8675	1.2	0
4652	2008	125	25401.6	3.8	18.4	0.7922	2.1	0
4652	2008	126	20476.8	4.9	20.2	0.9443	2.2	0
4652	2008	127	26092.8	6.6	20.6	0.8246	2	0
4652	2008	128	26006.4	6	22.7	0.9473	1.3	0
4652	2008	129	26352	6.1	23.5	0.9584	1.4	0
4652	2008	130	26524.8	8	24.6	0.9439	2.4	0
4652	2008	131	26265.6	7.7	24.5	0.9137	3	0
4652	2008	132	24537.6	9	25	0.9674	2.2	0
4652	2008	133	26697.6	8.7	25.2	1.0029	1.8	0
4652	2008	134	21859.2	9.2	21.6	1.1882	2.7	0
4652	2008	135	24364.8	5.9	22.2	0.9451	2.1	0
4652	2008	136	22377.6	7.3	23.2	1.1423	1.8	1.4
4652	2008	137	6307.2	7.6	18.2	1.3377	1.3	2.7
4652	2008	138	6307.2	7.5	12.3	1.17	2.3	7.1
4652	2008	139	17107.2	5.4	15.4	0.92	2.6	0
4652	2008	140	23760	3.5	14.7	0.8201	2.9	0
4652	2008	141	25488	0.2	15.7	0.6732	2.1	0
4652	2008	142	25660.8	1.5	17.9	0.7215	2.3	0
4652	2008	143	27993.6	5.9	20.1	0.8677	2.4	0
4652	2008	144	24624	6.8	20.5	0.9053	2.4	0
4652	2008	145	27993.6	7.8	21.1	0.8384	3.2	0
4652	2008	146	20304	8.4	20.6	1.1544	3.3	1.6
4652	2008	147	10454.4	10	17.5	1.2568	2.6	0.1
4652	2008	148	15552	9.9	18.3	1.2053	4.5	0
4652	2008	149	22982.4	12.6	25.1	1.2388	4.9	0
4652	2008	150	23414.4	14	26.7	1.0495	3.9	0
4652	2008	151	26179.2	15.1	29.7	1.3789	3.1	0
4652	2008	152	24796.8	15.3	30.1	1.5144	2.3	0
4652	2008	153	23155.2	14	28.1	1.743	1.7	0
4652	2008	154	20908.8	14.6	29.7	1.8907	1.3	1
4652	2008	155	21686.4	15.4	27.9	1.7824	2.5	9.9
4652	2008	156	21686.4	12.9	25	1.4434	2.3	0
4652	2008	157	25920	12.5	25	1.1663	3	0
4652	2008	158	21686.4	12.6	24.2	1.1199	2.8	0
4652	2008	159	21168	14.9	27	1.2374	2.2	0
4652	2008	160	29203.2	10	28	0.9214	2.4	0
4652	2008	161	27907.2	8.4	27.2	1.0989	2.2	0
4652	2008	162	22723.2	8.6	25.6	1.3046	3.6	0
4652	2008	163	19267.2	8.8	19.2	1.1496	4.4	0.1
4652	2008	164	15292.8	8.6	17	1.0632	3.4	0
4652	2008	165	17971.2	6.6	15.1	1.1167	3.1	4.4
4652	2008	166	20908.8	7.6	16.2	1.0996	2.9	1.7
4652	2008	167	15292.8	5.9	15.6	1.1222	2.5	2
4652	2008	168	22723.2	4.7	18.6	1.0406	2.6	1
4652	2008	169	26179.2	3.4	20.3	0.9434	1.3	0
4652	2008	170	22291.2	6.6	23.1	1.0121	2.4	0
4652	2008	171	13737.6	10.7	22.4	1.3163	3.2	1.8
4652	2008	172	22032	10.4	21	1.336	3.1	0.6
4652	2008	173	22204.8	9.7	22.9	1.1845	2.5	0
4652	2008	174	19008	13	29.8	1.908	3.1	11.4
4652	2008	175	21686.4	7	20.4	1.0805	5.4	0
4652	2008	176	27475.2	4.6	20.7	0.9358	1.7	0
4652	2008	177	20822.4	12.2	25.8	1.2943	3.4	0.1
4652	2008	178	24105.6	12.5	25	1.2743	3.5	0.2
4652	2008	179	14688	10.5	19.8	1.3413	3.8	4.3
4652	2008	180	12614.4	11.2	21.7	1.663	3.8	1.9
4652	2008	181	19699.2	11.5	24.6	1.5091	2.7	0
4652	2008	182	24451.2	10.4	23	1.215	3.2	0
4652	2008	183	26438.4	8.5	27.1	1.1803	1.6	0
4652	2008	184	29030.4	14.3	31.6	1.3138	3	2
4652	2008	185	18230.4	15.5	28.4	1.9205	2.4	21.2
4652	2008	186	7344	13.5	17.4	1.6479	4.5	7.7
4652	2008	187	21168	12.3	24.1	1.6277	2.1	0
4652	2008	188	15552	11.6	24.1	1.4698	1.9	0
4652	2008	189	16848	10.3	20.3	1.3716	2.6	7.6
4652	2008	190	15984	11.6	21.6	1.5657	3.8	4.4
4652	2008	191	15811.2	10.3	19.2	1.2737	4	2.5
4652	2008	192	6480	11.2	19.2	1.6561	2.1	14.8
4652	2008	193	13737.6	14.6	20.8	1.6987	2.6	0
4652	2008	194	18489.6	11	21.5	1.4021	3.7	0.1
4652	2008	195	21254.4	9.9	21	1.1921	2.6	0
4652	2008	196	15897.6	11.3	22.4	1.4183	3.2	0
4652	2008	197	10022.4	12.5	22.7	1.5674	3.8	1.9
4652	2008	198	11404.8	11.6	19.6	1.4691	3.6	1.8
4652	2008	199	9763.2	10.7	20.4	1.3761	2.8	0.1
4652	2008	200	8121.6	12.8	17.8	1.5974	2.8	7
4652	2008	201	9849.6	12.8	20.2	1.762	3	15.8
4652	2008	202	15897.6	11	18.5	1.3575	4	6.8
4652	2008	203	6307.2	10.3	14.7	1.3466	5.1	11.5
4652	2008	204	18057.6	12.1	20.4	1.5313	4.1	0
4652	2008	205	23328	9.3	23.5	1.3783	1.8	0
4652	2008	206	27129.6	11.2	26.9	1.3424	2.7	0
4652	2008	207	15379.2	16	28.6	1.8274	2.5	0
4652	2008	208	21600	16.9	31.1	1.9355	2.8	0
4652	2008	209	24969.6	17.6	31.6	1.821	2.2	0
4652	2008	210	26179.2	16.9	32.1	1.5954	2.7	0
4652	2008	211	22636.8	17.7	31.9	1.9053	3.3	2.4
4652	2008	212	20822.4	17.9	26.8	2.0756	1.8	0
4652	2008	213	25920	16.4	30.9	1.5745	3	0
4652	2008	214	16675.2	16.6	26.9	1.7933	2.7	0.4
4652	2008	215	18921.6	14.4	25.1	1.6088	2.3	1
4652	2008	216	15724.8	16.4	24	1.796	4	29.7
4652	2008	217	14083.2	14.5	19.2	1.6482	5.3	6.6
4652	2008	218	18748.8	13	21.6	1.5578	4.4	0.5
4652	2008	219	17625.6	13.1	25.2	1.8379	1.7	0.2
4652	2008	220	20736	16	29.9	2.0685	2.6	10.5
4652	2008	221	13305.6	12.9	21.6	1.6708	3.9	5.7
4652	2008	222	19526.4	11.4	19.9	1.2962	4	1.5
4652	2008	223	7776	13.3	18.8	1.5848	3.7	0.1
4652	2008	224	18748.8	13.6	21.7	1.5321	2.8	1.9
4652	2008	225	9158.4	13.9	21.9	1.7611	2.6	0.7
4652	2008	226	16588.8	13.1	19.9	1.4996	4.3	2.2
4652	2008	227	17452.8	9.4	20.9	1.1865	4.2	0
4652	2008	228	13478.4	7.9	20.2	1.2655	1.1	0
4652	2008	229	21600	7.4	21.6	1.2039	1.6	0
4652	2008	230	20476.8	6.8	22.7	1.1229	1.1	0.1
4652	2008	231	7344	14.3	19.2	1.6569	2	8.3
4652	2008	232	11923.2	12.5	22.5	1.6175	2.6	0.1
4652	2008	233	8294.4	13.7	19.2	1.663	3.7	6.8
4652	2008	234	12268.8	13.3	22.2	1.704	3.1	2.8
4652	2008	235	5616	12.3	18.8	1.6408	1.9	15.4
4652	2008	236	10627.2	11.7	15.6	1.436	4.9	4.8
4652	2008	237	13305.6	11.5	19.1	1.4237	4	0.1
4652	2008	238	11145.6	13.2	20.1	1.5896	2.1	0
4652	2008	239	4838.4	12.6	19.3	1.5928	2.5	0.1
4652	2008	240	4838.4	15.7	18.4	1.6304	3.6	0.2
4652	2008	241	6220.8	15.5	19.9	1.7796	3.7	0
4652	2008	242	9072	11.1	20.3	1.4963	4.2	0.8
4652	2008	243	18748.8	9.5	22	1.376	1.5	0
4652	2008	244	19872	9.4	24.9	1.211	2.8	0
4652	2008	245	7257.6	11.5	21	1.3837	2.6	0
4652	2008	246	9331.2	9.4	20.3	1.2988	2.8	2.1
4652	2008	247	7948.8	9.6	17.8	1.3467	3.6	8.9
4652	2008	248	15897.6	8.5	19.1	1.2294	3.3	0
4652	2008	249	13305.6	10.3	20.6	1.2972	2.8	2.5
4652	2008	250	8899.2	14.3	21.8	1.7571	3	1.4
4652	2008	251	12873.6	12.4	21	1.4428	2.8	0.1
4652	2008	252	8640	11.8	18.2	1.4306	2.9	3.2
4652	2008	253	16070.4	9.8	22.6	1.3977	1.6	0
4652	2008	254	12355.2	12.2	22.4	1.5972	2	0
4652	2008	255	15206.4	12.9	25.1	1.6672	2.2	0
4652	2008	256	16588.8	11.4	21	1.3425	5.2	0
4652	2008	257	16848	6.2	16.6	0.8081	4.3	0
4652	2008	258	11059.2	7.2	15.7	1.0675	3.1	0.5
4652	2008	259	12873.6	6.9	17	1.0614	2.5	0
4652	2008	260	5961.6	8.4	14.7	1.1426	1.7	0.4
4652	2008	261	11059.2	6.6	16.2	1.0101	1.6	0
4652	2008	262	6307.2	4.4	15.4	0.9872	1.1	0
4652	2008	263	11404.8	1.5	15.7	0.8822	1	0
4652	2008	264	14774.4	2.7	17.7	0.9202	1.1	0
4652	2008	265	7948.8	6.1	17.4	1.144	2.3	0
4652	2008	266	3369.6	7	13.5	1.1478	2.1	0.2
4652	2008	267	3369.6	9.9	12.8	1.302	3	6.5
4652	2008	268	7948.8	9.7	17.1	1.3053	3	0
4652	2008	269	11664	7.7	17	1.1757	2.8	0
4652	2008	270	9936	3.8	15.8	1.0896	1.6	0
4652	2008	271	11750.4	2.9	17.4	1.0534	1.2	0
4652	2008	272	10540.8	5	17.3	1.1524	1.9	2.4
4652	2008	273	4060.8	8.2	11.9	1.1818	1.9	1
4652	2008	274	3024	7.8	11.5	1.1506	4.3	13.6
4652	2008	275	5702.4	8.8	12.9	1.1687	5.4	8.4
4652	2008	276	6307.2	7.3	12.8	0.9603	5.5	6
4652	2008	277	8467.2	5.3	12.5	0.9572	3.7	1.6
4652	2008	278	8380.8	4.5	11.4	0.8869	3.7	2.4
4652	2008	279	2764.8	7.1	11.1	1.0626	4.6	21.9
4652	2008	280	2678.4	9.7	12.7	1.2626	1.4	0
4652	2008	281	6220.8	10.6	16.7	1.4516	2.2	0
4652	2008	282	6739.2	11.7	19.4	1.5349	2.4	1.1
4652	2008	283	7257.6	4.4	15.7	1.1203	1.8	0
4652	2008	284	10195.2	3.8	16.2	1.0675	1.9	0
4652	2008	285	10195.2	8.6	18.4	1.3602	2.6	0
4652	2008	286	5875.2	5.1	15.4	1.1603	2	0
4652	2008	287	7862.4	4.1	19.4	1.1853	2	0
4652	2008	288	5702.4	8.6	16.8	1.247	2.9	1.4
4652	2008	289	4924.8	8.7	16.5	1.3409	2.8	11.2
4652	2008	290	4406.4	6	13.2	1.099	4.2	13.3
4652	2008	291	5788.8	6.1	11.4	1.0153	4.5	4.8
4652	2008	292	4838.4	5.6	11.9	0.9927	2.8	0
4652	2008	293	2160	7.9	12.9	1.0838	3.3	0
4652	2008	294	8467.2	6.2	16.3	1.0401	3.7	0
4652	2008	295	2073.6	7.6	15.4	1.2066	3.3	1.6
4652	2008	296	1987.2	5.5	10.9	0.9347	2.3	0
4652	2008	297	8121.6	2.4	12.8	0.9077	2.8	0
4652	2008	298	4320	4.1	11.4	0.8749	3.1	0.2
4652	2008	299	6220.8	7.2	13	1.1117	2.6	0
4652	2008	300	1900.8	7.7	14	1.1167	4.4	9.9
4652	2008	301	3888	3.9	11.3	0.9494	3.1	0
4652	2008	302	6566.4	2	9.1	0.7792	2.8	0
4652	2008	303	4665.6	-0.5	6.8	0.7352	1	0
4652	2008	304	1728	1	4.1	0.7192	1.9	5
4652	2008	305	2073.6	0.7	5.7	0.7301	1.9	0
4652	2008	306	2332.8	3.8	7.3	0.7974	3.1	0.5
4652	2008	307	1641.6	4.3	6.9	0.882	2.4	0
4652	2008	308	1641.6	6.5	8.1	1.0222	3	0
4652	2008	309	1555.2	7.6	9.4	1.098	1.3	0
4652	2008	310	1555.2	8.5	9.3	1.1054	3.2	0.3
4652	2008	311	1555.2	8.7	10.9	1.2107	1.5	0.1
4652	2008	312	1468.8	4.5	10.7	1.012	1.6	0
4652	2008	313	1900.8	2.3	10.9	0.9548	1.5	0
4652	2008	314	2937.6	5.3	12.1	0.9444	4	1.2
4652	2008	315	2160	6.3	14.8	1.0438	5.4	0.6
4652	2008	316	2678.4	7.6	15.3	1.0404	6	4
4652	2008	317	4406.4	5.2	10.5	0.8596	4.4	0.4
4652	2008	318	2246.4	4.3	8.9	0.8866	2.6	1.2
4652	2008	319	1296	4.8	9.5	0.9814	4.5	1.9
4652	2008	320	1296	9.5	10.8	1.1774	5.5	1
4652	2008	321	2764.8	5	10.2	0.9181	5.4	1.1
4652	2008	322	4320	-0.2	7.8	0.7537	2.1	0
4652	2008	323	1209.6	2.9	7.4	0.8196	4.4	4
4652	2008	324	1209.6	4.5	9.1	0.8988	5.9	8.2
4652	2008	325	1209.6	4	9.2	0.8963	7.2	8.4
4652	2008	326	2160	-0.9	4.5	0.6679	4.2	11.1
4652	2008	327	3715.2	-1.8	1.5	0.5802	3.9	0
4652	2008	328	3024	-2.2	1.5	0.5659	3.5	0.1
4652	2008	329	3801.6	-1.6	1.8	0.5601	2.5	0
4652	2008	330	3369.6	-2	3.1	0.5723	2.4	0
4652	2008	331	1036.8	-0.4	5.3	0.6996	4.2	0.7
4652	2008	332	1036.8	5	6.7	0.8789	4.4	0.2
4652	2008	333	1555.2	-0.5	5.1	0.6056	2.6	0
4652	2008	334	1036.8	-0.8	1.7	0.6186	1.4	3.1
4652	2008	335	1036.8	-1.4	1	0.6022	2	0
4652	2008	336	950.4	-2	2.1	0.6071	1.9	0.1
4652	2008	337	950.4	1	4.9	0.7098	4.1	1.9
4652	2008	338	1296	0.2	1.9	0.6328	3.5	2.1
4652	2008	339	1123.2	0.4	4.4	0.6898	3.7	1.3
4652	2008	340	950.4	2.1	6.4	0.7779	2.5	1.3
4652	2008	341	950.4	2	5	0.7772	1.9	0.2
4652	2008	342	2160	1.9	6.2	0.7834	3.1	1.1
4652	2008	343	950.4	0.3	5.2	0.67	4	0
4652	2008	344	950.4	-1.8	0.9	0.5558	2.3	0.9
4652	2008	345	864	0.1	2.1	0.655	1.9	0
4652	2008	346	864	-0.5	1.5	0.6145	1.4	0
4652	2008	347	864	-1.4	0.9	0.594	1.6	0
4652	2008	348	864	-0.4	2.9	0.6286	4.2	0
4652	2008	349	3196.8	1.2	5.8	0.7065	3.8	0
4652	2008	350	864	2.2	3.5	0.6673	2.3	0
4652	2008	351	864	1.8	2.8	0.6849	0.8	0
4652	2008	352	864	1.3	2.4	0.6493	1.9	0.9
4652	2008	353	864	1.8	4.1	0.74	2.6	3.5
4652	2008	354	2332.8	2.2	6.2	0.7834	3.9	2.4
4652	2008	355	1900.8	3.4	7.9	0.7938	6.7	1
4652	2008	356	864	2.3	8.6	0.8458	4.6	1.9
4652	2008	357	2419.2	5.6	9.1	0.8718	6.9	0.3
4652	2008	358	1036.8	5.3	7	0.8973	3.5	0.1
4652	2008	359	864	4.6	7.2	0.8726	4.2	0.6
4652	2008	360	1900.8	-1.5	5.4	0.6188	2.9	0
4652	2008	361	3628.8	-3.1	0	0.4419	2.6	0
4652	2008	362	864	-2.1	0.7	0.4645	1.5	0
4652	2008	363	3456	-3.8	1.3	0.4629	3.1	0
4652	2008	364	1468.8	-6.5	-2.5	0.3984	3.7	0
4652	2008	365	3369.6	-7.7	-3.2	0.3789	2.3	0
4652	2008	366	3542.4	-9.2	-2	0.3746	1.1	0
