*---------------------------------------------------------------------------*
* Station name: SOLTAU                                  
* Year: 2007
* Author: Pedro Alencar                                   -999.000: NIL VALUE
* Source: ECAD 
* Comments: 
* Longitude: 52.9617, latitude: 52.9617, altitude: 76 m.
*
* Column  Daily value
* 1       station number
* 2       year
* 3       day
* 4       irradiation                   (kJ m-2 d-1)
* 5       minimum temperature           (degrees Celsius)
* 6       maximum temperature           (degrees Celsius)
* 7       early morning vapour pressure (kPa)
* 8       mean wind speed (height: 2 m) (m s-1)
* 9       precipitation                 (mm d-1)
*
** WCCDESCRIPTION=GERMANY, SOLTAU                                  
** WCCFORMAT=2
** WCCYEARNR=2007
*---------------------------------------------------------------------------*
   52.9617  9.7967    76.  -0.18 -0.55
4652	2007	1	1814.4	4.6	10.5	0.863	6.6	4.4
4652	2007	2	1296	3.1	5.9	0.7579	4.9	2.3
4652	2007	3	1814.4	3.3	6.9	0.8079	4.8	3.7
4652	2007	4	950.4	6.6	8.6	0.939	6.6	7.8
4652	2007	5	950.4	6	8.6	0.9404	5.2	3.3
4652	2007	6	1209.6	4.9	8.9	0.9249	2.9	7.7
4652	2007	7	1296	1.8	8	0.8054	3.6	0.9
4652	2007	8	950.4	5.3	8.8	0.8641	4	4.3
4652	2007	9	1036.8	6.9	13.3	0.9758	7.2	0.1
4652	2007	10	1209.6	5.8	13.6	0.9019	7.1	5.1
4652	2007	11	1036.8	3.9	8.4	0.7934	8.1	14.8
4652	2007	12	1555.2	4.4	11.5	0.8548	7.4	0.3
4652	2007	13	1382.4	9.6	12.3	1.0327	6.4	2.9
4652	2007	14	2332.8	3.9	10.5	0.7614	7.1	0
4652	2007	15	3542.4	1.9	7.7	0.731	4.3	0
4652	2007	16	1123.2	1.6	7.7	0.7744	4.2	3.5
4652	2007	17	1641.6	6.3	11.5	0.98	5.2	6.1
4652	2007	18	1123.2	4	12.1	0.9682	7.1	41.8
4652	2007	19	1123.2	5.2	8.6	0.8553	5.9	7.4
4652	2007	20	1209.6	6.1	11.9	0.9752	6.2	3.3
4652	2007	21	1555.2	2.9	6.6	0.7113	6.8	4.3
4652	2007	22	3456	-6	4.6	0.4645	4.9	0.1
4652	2007	23	4924.8	-9.6	-0.2	0.3526	1.1	0
4652	2007	24	3628.8	-9.1	-1	0.3864	2.1	0.3
4652	2007	25	4492.8	-8.3	-0.7	0.3546	2.6	0.2
4652	2007	26	1296	-7.3	2	0.4627	5.2	7.1
4652	2007	27	4665.6	-0.3	4.1	0.6096	3.9	1.2
4652	2007	28	1382.4	1.6	6.9	0.7613	6.2	14.8
4652	2007	29	3369.6	3	7.7	0.7417	4.4	1.3
4652	2007	30	1814.4	3.4	7.9	0.7755	3.9	0.2
4652	2007	31	1900.8	4.7	7.1	0.7612	6.1	3.4
4652	2007	32	1728	5.4	7.7	0.8835	3.1	2.2
4652	2007	33	1468.8	5.6	8.2	0.9548	4.1	1.7
4652	2007	34	2332.8	5.3	7.8	0.8544	4.3	0.3
4652	2007	35	2592	1.5	7	0.7365	3.3	0
4652	2007	36	1555.2	0	3.9	0.661	2.8	0.2
4652	2007	37	3283.2	-2.7	4.2	0.5806	2.7	0
4652	2007	38	6048	-4.9	4.4	0.546	1.5	0
4652	2007	39	1641.6	-6.6	0	0.4504	3	5.9
4652	2007	40	1728	-1.5	-0.1	0.5533	2.7	1.7
4652	2007	41	1728	-4	-1.5	0.4493	4.8	0.7
4652	2007	42	1814.4	-4	1.5	0.5298	4.2	3.5
4652	2007	43	1814.4	0.7	5.6	0.7505	2.3	6.8
4652	2007	44	1814.4	5.1	7.1	0.913	3.1	3.3
4652	2007	45	2246.4	3.1	7.5	0.8282	2.5	4.5
4652	2007	46	2505.6	1.4	7.1	0.7613	2.5	0
4652	2007	47	6825.6	0.5	6.4	0.6727	4.2	0
4652	2007	48	6652.8	1.1	8	0.6761	4.5	0
4652	2007	49	7516.8	-2.3	10.1	0.6944	2.3	0
4652	2007	50	2073.6	-2.2	6	0.5956	1.2	0
4652	2007	51	3196.8	-2.4	6.4	0.6069	1.4	0
4652	2007	52	2764.8	3.9	9.1	0.8128	3.1	7.2
4652	2007	53	3196.8	5.1	9.8	0.9088	2.7	0
4652	2007	54	2678.4	0.4	6.4	0.6704	4.2	5
4652	2007	55	3456	0.3	8.5	0.761	3.8	1.6
4652	2007	56	2764.8	4.4	9	0.8829	3.3	10.9
4652	2007	57	2332.8	3.4	7	0.8313	4.4	6.5
4652	2007	58	5702.4	2.2	6.7	0.6882	4	11.2
4652	2007	59	3628.8	4.3	10	0.9004	5.1	8.3
4652	2007	60	5702.4	5.1	10.1	0.8973	5.1	17.9
4652	2007	61	2764.8	1.3	6.4	0.7402	4.9	11.8
4652	2007	62	2764.8	0	4.2	0.661	2.9	0.7
4652	2007	63	5443.2	-0.4	10.8	0.787	2.1	0
4652	2007	64	5443.2	2.4	11.3	0.8226	3.9	4.2
4652	2007	65	3283.2	2.5	12.5	0.7772	3.9	2.3
4652	2007	66	3801.6	4.6	11.5	0.9144	2.9	3.6
4652	2007	67	3628.8	0.8	8.8	0.7826	2.6	0.7
4652	2007	68	6739.2	0.1	10	0.7964	3.2	3
4652	2007	69	8467.2	1.5	10	0.7534	3.2	0
4652	2007	70	13824	2.9	14.5	0.8769	3.7	0
4652	2007	71	14342.4	0.3	18.1	0.8605	2.1	0
4652	2007	72	13910.4	0.3	17.4	0.8859	2.3	0
4652	2007	73	11059.2	-0.2	13.1	0.7714	2.2	0
4652	2007	74	14256	-1	13	0.7478	1.8	0
4652	2007	75	5443.2	0.7	11	0.7863	3.2	2.1
4652	2007	76	5702.4	6.1	10.6	0.9113	5.5	6.7
4652	2007	77	5702.4	1.7	9.6	0.7847	7.4	10
4652	2007	78	8553.6	-0.6	7.4	0.6158	4.8	0
4652	2007	79	12787.2	-0.8	9.8	0.6569	2.7	1.5
4652	2007	80	3715.2	0.1	5.5	0.6724	3.5	11.3
4652	2007	81	3715.2	0.5	5.2	0.7272	4.7	7.5
4652	2007	82	11836.8	1.8	11.6	0.7455	5.4	2.1
4652	2007	83	14256	4.9	14.5	0.8538	4.8	0
4652	2007	84	16934.4	4.8	15.3	0.7017	4.8	0
4652	2007	85	17366.4	4.6	16.2	0.6679	4.2	0
4652	2007	86	17366.4	4.1	16.4	0.5864	4.1	0
4652	2007	87	17020.8	4.9	17.5	0.6512	3.4	0
4652	2007	88	17280	5.2	16	0.728	3.3	0
4652	2007	89	16848	3	14.7	0.7382	2.7	0
4652	2007	90	16848	3.4	16.6	0.7116	3.5	0
4652	2007	91	18144	4.2	17.8	0.6295	3.8	0
4652	2007	92	17798.4	2.7	18.4	0.7128	2.1	0
4652	2007	93	4838.4	1.6	9.5	0.7611	3.4	0.6
4652	2007	94	19094.4	-1.7	12.1	0.5748	1.9	0
4652	2007	95	8726.4	2	14.5	0.8833	4	0
4652	2007	96	5616	1.4	11.4	0.7495	2.8	0
4652	2007	97	17712	1.4	14.1	0.7589	2.6	0.1
4652	2007	98	9072	6.6	14.3	0.8598	4	0
4652	2007	99	6566.4	5.9	11.5	0.8207	3.9	0
4652	2007	100	7948.8	8.5	15	1.0888	3.7	0.1
4652	2007	101	10627.2	4.7	15.3	0.8957	2.8	0
4652	2007	102	18835.2	1.4	20.3	0.9349	2.2	0
4652	2007	103	19612.8	8.7	22.9	1.0398	3.4	0
4652	2007	104	21600	9.6	25.7	0.8668	3.7	0
4652	2007	105	21686.4	9.8	25.8	0.8344	3.4	0
4652	2007	106	21859.2	8.7	27.2	0.9861	2.4	0
4652	2007	107	13305.6	4.1	14.3	0.8024	3.2	0
4652	2007	108	19526.4	2	14	0.7183	3.8	0
4652	2007	109	18403.2	0.5	17.2	0.7609	4.8	0.1
4652	2007	110	7430.4	2.3	9.5	0.5756	3.3	0
4652	2007	111	15638.4	-0.3	12.6	0.6139	1.3	0
4652	2007	112	22982.4	2.1	20.5	0.6422	2.8	0
4652	2007	113	19440	2.4	23.4	0.8621	2	5.3
4652	2007	114	5961.6	11.9	17.3	1.4607	1.5	0.8
4652	2007	115	22896	11.2	24.6	1.3925	2.8	0
4652	2007	116	23760	9.6	26.7	1.0609	2.3	0
4652	2007	117	23846.4	6.9	26.6	0.9713	2.2	0
4652	2007	118	22896	8.5	25.5	1.0642	2.9	0
4652	2007	119	24278.4	4.4	16.9	0.5766	4	0
4652	2007	120	23846.4	0.3	19.2	0.6033	2.8	0
4652	2007	121	24710.4	2.7	18.2	0.5311	2.4	0
4652	2007	122	24796.8	0.5	20.8	0.6791	1.6	0
4652	2007	123	24624	3.9	22	0.8053	2.4	0
4652	2007	124	25142.4	4.4	22.6	0.6956	2.4	0
4652	2007	125	25488	4.1	23.7	0.7297	2.3	0
4652	2007	126	21945.6	4.3	22.5	0.8907	2.2	0.4
4652	2007	127	5961.6	9.3	12.7	1.2066	1.9	11.6
4652	2007	128	15638.4	8.2	15	1.1463	4.1	6.9
4652	2007	129	17452.8	7.9	16.4	1.1037	3.7	7.1
4652	2007	130	14083.2	8.5	18	1.1862	4.7	9.3
4652	2007	131	7862.4	7.3	13.6	1.1759	4.1	10
4652	2007	132	13737.6	6.8	15.3	1.1843	2.6	7.2
4652	2007	133	17712	8.7	20.7	1.2362	3.1	2.5
4652	2007	134	19180.8	12.1	20.3	1.2138	3.9	0.1
4652	2007	135	15984	7.2	16.2	0.9341	2.5	0.2
4652	2007	136	15897.6	6.6	15.5	1.0922	3.4	11.6
4652	2007	137	24537.6	3.8	14.4	0.8085	3.6	0
4652	2007	138	26611.2	1.3	20.1	0.8485	2.9	1.6
4652	2007	139	18230.4	8.6	20.5	1.2574	2.7	1
4652	2007	140	15984	7.9	22.1	1.2433	2.7	0.1
4652	2007	141	22032	14.6	28.1	1.75	2.1	0
4652	2007	142	17625.6	12.9	23	1.5818	2.4	0
4652	2007	143	26611.2	8.7	21.7	1.0696	2.1	0
4652	2007	144	24883.2	6.4	24.8	1.2213	1.4	0
4652	2007	145	18316.8	13.3	26	1.9644	1.8	22.7
4652	2007	146	9590.4	11.9	19.9	1.6418	2.1	6.6
4652	2007	147	15897.6	12.9	24.2	1.8984	2.6	18.4
4652	2007	148	9936	10.8	16.9	1.4231	1.9	4.1
4652	2007	149	6566.4	9.4	13.3	1.2886	4.2	8.2
4652	2007	150	24451.2	6.7	17.6	0.9764	3.1	0
4652	2007	151	22464	6.3	21.3	0.8984	2.4	0
4652	2007	152	22377.6	11.9	22.7	1.2029	2.8	0
4652	2007	153	10886.4	9.2	20.4	1.3115	2.7	0
4652	2007	154	9763.2	12.4	18.4	1.4504	2.3	0
4652	2007	155	10281.6	13.7	19.5	1.5846	2.1	0
4652	2007	156	13219.2	13.5	21.9	1.638	2.1	0
4652	2007	157	17798.4	14.7	24.3	1.7425	1.5	0
4652	2007	158	26524.8	14.9	29.1	1.9	2.8	0
4652	2007	159	27907.2	17.5	30.5	1.6973	2.9	0
4652	2007	160	24451.2	17.9	30.9	1.7079	2.7	0
4652	2007	161	27561.6	17.5	30.1	1.5593	2.3	0
4652	2007	162	26784	14	30.2	1.3275	1.5	0
4652	2007	163	24278.4	14.9	27	1.7819	2.1	0.4
4652	2007	164	18316.8	14.3	23.8	1.7385	2.7	2.4
4652	2007	165	18576	12	26.4	1.6659	1.9	7.7
4652	2007	166	13564.8	14.9	25.8	2.0512	2.5	12.3
4652	2007	167	16934.4	13.2	22.5	1.674	2.9	1.7
4652	2007	168	19440	11.9	21.5	1.4428	3.1	4.8
4652	2007	169	10368	12.3	19.4	1.6186	1.5	12.2
4652	2007	170	26352	12.9	24.8	1.5865	1.6	0
4652	2007	171	21772.8	13.5	28.5	1.7873	2.7	0
4652	2007	172	6739.2	13.9	16.3	1.5084	1.4	8.2
4652	2007	173	15379.2	13.2	21.8	1.6774	2.1	4
4652	2007	174	14688	12.7	18.6	1.5625	2.5	8.9
4652	2007	175	16502.4	14	22.5	1.5281	3	0
4652	2007	176	12268.8	11	22.9	1.4658	2.8	0.7
4652	2007	177	14860.8	10	16.3	1.254	5.7	8
4652	2007	178	16329.6	9.5	15.8	1.1259	6	3.1
4652	2007	179	17452.8	8.3	18.6	1.1093	3.8	0
4652	2007	180	10627.2	7.4	17.6	1.2163	3.6	4.8
4652	2007	181	17884.8	12.3	19.6	1.3756	3.3	0.3
4652	2007	182	13132.8	13.1	24.2	1.7171	2.2	2.4
4652	2007	183	12355.2	13.4	22.2	1.8112	2.1	6.8
4652	2007	184	14860.8	11	18.6	1.4964	2.7	11.5
4652	2007	185	16848	11.2	19.4	1.4758	2.3	1.3
4652	2007	186	17193.6	11.8	20.2	1.4163	3.3	0.1
4652	2007	187	13219.2	11.8	18.7	1.4711	5	4.2
4652	2007	188	13478.4	11.4	18.9	1.4101	4.6	1.5
4652	2007	189	23932.8	10.1	22.8	1.2893	2.9	4
4652	2007	190	6566.4	10.2	15.8	1.3615	1.1	4.8
4652	2007	191	20822.4	10.3	20.5	1.4154	1.8	1.4
4652	2007	192	6480	10.2	14.5	1.3191	3.7	11.3
4652	2007	193	9676.8	12.3	19.2	1.5547	3.2	16.8
4652	2007	194	16934.4	14.3	24.3	1.8328	2.7	2.9
4652	2007	195	26611.2	14.5	31	1.878	3.2	0
4652	2007	196	22896	15.1	31.3	2.0149	2	0
4652	2007	197	26870.4	18.7	34.6	1.9514	2.2	0
4652	2007	198	23500.8	13.8	25.9	1.3876	3.5	0
4652	2007	199	23328	12.5	26.4	1.5341	2.3	0
4652	2007	200	21600	10.3	24.2	1.3563	1.3	0
4652	2007	201	17107.2	15.9	26.3	1.8733	2.9	5.4
4652	2007	202	23241.6	14.8	24	1.5293	2.2	16.1
4652	2007	203	16416	11.9	21.9	1.6919	2	11.7
4652	2007	204	18230.4	10.6	20.8	1.3894	1.9	5.5
4652	2007	205	10368	12.7	19.1	1.6057	3.6	16.2
4652	2007	206	16848	12.4	22.3	1.5034	3.8	0
4652	2007	207	16243.2	12.5	25.4	1.5964	2.4	1.6
4652	2007	208	15984	14.1	21.4	1.4809	4.7	0.1
4652	2007	209	11145.6	11.2	19.7	1.4725	2.7	7.5
4652	2007	210	7776	10.5	14.4	1.3278	2.2	7.6
4652	2007	211	14428.8	9.1	15.7	1.2227	4.7	4.3
4652	2007	212	17539.2	9.5	18.9	1.2616	3.9	0.2
4652	2007	213	22982.4	8.7	21.9	1.1807	2.2	0
4652	2007	214	9590.4	11.8	18.2	1.4306	1.7	4.4
4652	2007	215	18662.4	9.9	20.7	1.3196	2.7	0
4652	2007	216	23760	9.4	25.8	1.4067	2	0
4652	2007	217	24105.6	12.1	28.2	1.4607	2.5	0
4652	2007	218	24969.6	15.1	28.8	1.3417	3.2	0
4652	2007	219	20822.4	13.7	27.5	1.7924	2.1	0
4652	2007	220	5702.4	15.3	19.5	1.8256	1.9	0
4652	2007	221	19180.8	16.7	27.1	2.072	3	0
4652	2007	222	7257.6	16.5	23.2	2.0582	2.8	15
4652	2007	223	7516.8	13.2	20.2	1.6516	3.4	0
4652	2007	224	17193.6	12.6	23.6	1.576	1.8	0
4652	2007	225	17798.4	11.6	23.4	1.5177	1.8	0.3
4652	2007	226	20736	11.1	24.6	1.3065	2.2	0.7
4652	2007	227	14256	16.9	26	1.9394	4.1	6
4652	2007	228	13910.4	11.8	20	1.4795	4.5	1.7
4652	2007	229	14515.2	9.4	19.4	1.2617	3.2	0.3
4652	2007	230	17539.2	9	19.8	1.3272	1.7	0
4652	2007	231	13392	10.1	23.5	1.4329	1.5	0
4652	2007	232	17193.6	10.1	23.5	1.6239	1.9	0
4652	2007	233	6134.4	11.7	19	1.6896	3.2	18.3
4652	2007	234	11577.6	14.7	21.1	1.925	2.3	4.1
4652	2007	235	12355.2	13.7	24.6	1.9043	1.3	0
4652	2007	236	13910.4	14.8	24.9	1.9426	1.9	0
4652	2007	237	12700.8	14.1	23.4	1.8142	2.9	0
4652	2007	238	14774.4	9.2	22.3	1.4296	3.8	0
4652	2007	239	7862.4	9.8	17.1	1.2479	3.6	2.8
4652	2007	240	16416	5.1	16.7	1.0814	2.5	0.3
4652	2007	241	11232	2.9	17.4	0.9915	1.8	0
4652	2007	242	9331.2	6.6	16.1	1.2081	3.8	4.7
4652	2007	243	5616	12.3	16.4	1.5679	4	9.6
4652	2007	244	10281.6	11.7	17.9	1.4796	3.4	0.1
4652	2007	245	7776	12	18	1.4817	3.6	18.6
4652	2007	246	14169.6	9.1	16.3	1.2763	3.8	9.4
4652	2007	247	16416	7.7	15.8	1.075	5	0
4652	2007	248	15897.6	5.9	17.7	1.0509	2.3	0.7
4652	2007	249	15292.8	11.4	18.9	1.4273	3.6	0.1
4652	2007	250	9072	13.3	18.8	1.5665	4.5	0.3
4652	2007	251	5443.2	12.7	17.3	1.5839	4.7	3.5
4652	2007	252	9936	11.8	18.2	1.4136	4.7	1.8
4652	2007	253	9072	11.2	15.4	1.4036	5	18.1
4652	2007	254	12355.2	11	17.3	1.4188	3.7	0.1
4652	2007	255	7344	10.6	15.8	1.349	3.3	0.5
4652	2007	256	5184	9.7	14.7	1.1358	2.2	0
4652	2007	257	13219.2	6.5	18.1	1.2004	3.2	1.4
4652	2007	258	13910.4	7.7	16.7	1.0932	4.4	0
4652	2007	259	14774.4	7.7	20.7	1.2455	2.8	0
4652	2007	260	9936	11.5	20	1.5368	3	5.2
4652	2007	261	10022.4	6.6	13.9	1.0605	4.3	1.1
4652	2007	262	13478.4	5.5	15.5	0.9895	3.7	0
4652	2007	263	6998.4	10	17.2	1.2291	4	0
4652	2007	264	8640	11.6	18.3	1.3072	3.1	0
4652	2007	265	5443.2	9.1	18.2	1.3579	1.8	0
4652	2007	266	14688	6.9	23.2	1.384	1.3	0
4652	2007	267	11664	11.4	22.7	1.4946	3.2	2.6
4652	2007	268	7948.8	7.7	15.8	1.2129	2.8	0.8
4652	2007	269	7862.4	7.1	14.6	1.1946	1.5	0
4652	2007	270	7344	7.2	16.1	1.2049	4.8	12.9
4652	2007	271	3715.2	12.5	15.4	1.5279	3.7	7.3
4652	2007	272	3628.8	11.2	14.3	1.4571	3.1	10.6
4652	2007	273	3542.4	8.9	14.6	1.3231	3.4	0.8
4652	2007	274	4665.6	5.6	14.6	1.1364	1	1
4652	2007	275	5356.8	8.2	15.3	1.2542	1.6	0.1
4652	2007	276	8208	4.9	15.6	1.1603	2.2	1
4652	2007	277	2851.2	9	16.1	1.3946	2.2	0
4652	2007	278	3542.4	6.5	14.2	1.2058	1.5	0
4652	2007	279	7862.4	4.8	14.8	1.1259	1.3	0
4652	2007	280	11664	2	15.6	0.9734	0.9	0
4652	2007	281	5875.2	2.2	13.3	0.9381	1.3	0
4652	2007	282	2592	6.1	11.9	0.9178	1.1	0
4652	2007	283	10800	3.7	15.4	1	1.7	0
4652	2007	284	6480	3.5	13.7	0.9603	1.8	0
4652	2007	285	4060.8	5	15.1	1.108	4.6	0
4652	2007	286	9331.2	1.9	12.7	0.8893	1.3	0
4652	2007	287	10627.2	0.3	14.9	0.8347	1.9	0
4652	2007	288	10368	0.4	16.6	0.8984	2.1	0
4652	2007	289	6652.8	10.3	17.1	1.2684	2.8	0
4652	2007	290	4752	8.5	16.5	1.3176	3.4	19.4
4652	2007	291	6220.8	6	10.1	0.9575	4.4	3.4
4652	2007	292	8553.6	0.9	10.3	0.7001	2.8	0
4652	2007	293	7257.6	-1.8	9.7	0.6806	1.6	3.1
4652	2007	294	6134.4	0.3	10.3	0.7658	2.4	0
4652	2007	295	7344	-1.4	7.9	0.6633	2.1	0
4652	2007	296	6134.4	-0.2	9.3	0.6761	2.8	0
4652	2007	297	2764.8	7.1	9.8	0.9064	3.5	0
4652	2007	298	1987.2	7	8.4	0.9244	2.5	0
4652	2007	299	1900.8	6.2	8.7	0.9294	2	0
4652	2007	300	2419.2	1.9	8.9	0.8698	1.5	1.1
4652	2007	301	5702.4	3.7	10.9	0.8688	3.2	0.5
4652	2007	302	1814.4	6.9	8.5	1.0084	2.2	23.6
4652	2007	303	5184	4.7	11.5	1.0255	2.3	1.9
4652	2007	304	5443.2	2	10.2	0.8377	2.5	0
4652	2007	305	1728	9.2	11.9	1.1583	3.4	0.2
4652	2007	306	1641.6	11.3	13.2	1.4244	2.5	0.9
4652	2007	307	1641.6	8.5	12.9	1.2085	4	1
4652	2007	308	6652.8	0.3	10.8	0.7792	3.2	0
4652	2007	309	1900.8	-1.1	8.2	0.7484	2.2	6.9
4652	2007	310	3024	2.8	8.6	0.824	5.3	9
4652	2007	311	2160	4.9	10.6	0.9592	6.6	6.1
4652	2007	312	3024	6.5	10.5	1.0204	4.8	4.7
4652	2007	313	1900.8	2.2	6.9	0.7606	6.4	19.4
4652	2007	314	3974.4	1.4	5.8	0.7352	4	13.6
4652	2007	315	2332.8	1.1	4.6	0.7272	3.9	10.3
4652	2007	316	4924.8	0.8	6.7	0.7111	4.9	1.9
4652	2007	317	1382.4	0	5.1	0.7192	3	5.4
4652	2007	318	5011.2	-0.4	3.2	0.6287	3.1	0
4652	2007	319	5011.2	-1.5	3.2	0.5848	2.3	0.1
4652	2007	320	1555.2	0.3	5.9	0.7097	3.3	0.2
4652	2007	321	1296	3.8	5.4	0.8311	2.6	0.7
4652	2007	322	1209.6	2.3	6	0.8053	2	0
4652	2007	323	1209.6	0.5	2.7	0.6309	3.8	0.6
4652	2007	324	2937.6	0.5	6	0.7481	2.3	0
4652	2007	325	1468.8	0.2	7.4	0.7216	3.1	0
4652	2007	326	3628.8	1.4	9.2	0.8282	2	0
4652	2007	327	1123.2	2.9	7.6	0.843	3	0
4652	2007	328	4838.4	-1.5	5.2	0.5725	3.8	5.6
4652	2007	329	2246.4	1	6.8	0.7509	5.9	8.8
4652	2007	330	2419.2	0.3	2.9	0.6515	5.6	0.2
4652	2007	331	3888	-1.7	4.4	0.6332	2.3	0
4652	2007	332	1036.8	-0.2	5	0.6753	2.8	0
4652	2007	333	1036.8	1.1	6.2	0.7299	4.4	3.9
4652	2007	334	1296	4.2	7.8	0.8787	4.9	7.6
4652	2007	335	2073.6	6.3	9.6	0.9082	5.5	1.2
4652	2007	336	950.4	6.3	10	0.9531	5.7	21.3
4652	2007	337	1209.6	3.9	8.4	0.85	7.7	9.6
4652	2007	338	3110.4	3.4	6.9	0.8107	4.8	0.9
4652	2007	339	950.4	5.3	12	1.0084	4.9	0.9
4652	2007	340	1123.2	8.1	10.6	1.0572	5.2	17.7
4652	2007	341	1728	6.2	12.7	1.0288	8.1	0.5
4652	2007	342	1987.2	3.4	6.6	0.7238	5.7	5
4652	2007	343	2246.4	2.8	8.2	0.8668	3.4	1.5
4652	2007	344	950.4	2.9	4.8	0.7966	2	5.3
4652	2007	345	864	3.6	5.3	0.8224	2.8	6.8
4652	2007	346	1900.8	2.3	5.2	0.7351	2.1	0
4652	2007	347	864	2	3.5	0.7295	0.9	0
4652	2007	348	864	1.7	3.1	0.6463	1.3	0
4652	2007	349	1641.6	-3.1	2.5	0.5201	2.1	0
4652	2007	350	1814.4	-5.1	-0.7	0.469	1.4	0
4652	2007	351	2678.4	-2.2	2.4	0.5293	2.9	0
4652	2007	352	864	-2.6	0.6	0.5169	2.7	0
4652	2007	353	864	-2.9	-1.8	0.5039	1.5	0.1
4652	2007	354	864	-4.7	-2.8	0.4633	1.3	0
4652	2007	355	1296	-5.9	-3.9	0.4248	1.6	0
4652	2007	356	2678.4	-7	-3.5	0.4137	0.9	0
4652	2007	357	864	-6.6	1.9	0.5142	1.5	2.2
4652	2007	358	864	-1.6	1.7	0.6132	2.2	0
4652	2007	359	864	-1	1.7	0.5954	3.7	0
4652	2007	360	864	0.7	2.5	0.6172	3.1	0
4652	2007	361	1209.6	2	5.1	0.709	3.8	0
4652	2007	362	2505.6	3.1	8	0.7974	4.3	0
4652	2007	363	864	1.9	6.3	0.7042	4.7	0.2
4652	2007	364	864	1.3	5.4	0.7301	3.1	1.8
4652	2007	365	3196.8	-0.3	4.7	0.6872	3	0
