*---------------------------------------------------------------------------*
* Station name: SOLTAU                                  
* Year: 2021
* Author: Pedro Alencar                                   -999.000: NIL VALUE
* Source: ECAD 
* Comments: 
* Longitude: 52.9617, latitude: 52.9617, altitude: 76 m.
*
* Column  Daily value
* 1       station number
* 2       year
* 3       day
* 4       irradiation                   (kJ m-2 d-1)
* 5       minimum temperature           (degrees Celsius)
* 6       maximum temperature           (degrees Celsius)
* 7       early morning vapour pressure (kPa)
* 8       mean wind speed (height: 2 m) (m s-1)
* 9       precipitation                 (mm d-1)
*
** WCCDESCRIPTION=GERMANY, SOLTAU                                  
** WCCFORMAT=2
** WCCYEARNR=2021
*---------------------------------------------------------------------------*
   52.9617  9.7967    76.  -0.18 -0.55
4652	2021	1	1036.8	-0.4	3	0.6376	2.1	0.2
4652	2021	2	2505.6	1.3	3.9	0.6923	2.2	0
4652	2021	3	1468.8	1.6	2.8	0.6371	4.5	1.1
4652	2021	4	1209.6	1.1	2.7	0.6446	4.2	2.5
4652	2021	5	691.2	0.9	3.2	0.6587	4	0.6
4652	2021	6	604.8	-0.2	2.5	0.6241	3.3	3.4
4652	2021	7	1036.8	-0.2	0.3	0.5948	2.8	2
4652	2021	8	1641.6	-0.6	0.8	0.5908	2.5	0.4
4652	2021	9	1296	-2.4	0.5	0.5359	2.6	0
4652	2021	10	1382.4	-2.3	2.5	0.5785	2.5	0.2
4652	2021	11	2764.8	0.5	3.6	0.6728	5	10.4
4652	2021	12	950.4	0.6	5.2	0.6772	4.9	3.6
4652	2021	13	2764.8	-0.2	4.1	0.6188	6.8	2.1
4652	2021	14	1641.6	-0.6	1	0.5517	3.4	0
4652	2021	15	1036.8	-2.3	-0.3	0.4612	2.5	0.1
4652	2021	16	1036.8	-4.6	-0.8	0.3808	1.8	0
4652	2021	17	3024	-2.1	0	0.4697	2.2	0
4652	2021	18	2246.4	-1.3	4	0.6466	4	4.9
4652	2021	19	777.6	2.8	8.7	0.8636	4.9	16
4652	2021	20	691.2	5.3	10.6	0.78	5.4	0
4652	2021	21	3024	4.6	10.4	0.715	6.2	3.6
4652	2021	22	3715.2	0.7	9.6	0.7402	4.9	0
4652	2021	23	2678.4	-1	5.1	0.6162	2	0
4652	2021	24	3196.8	-0.9	3.1	0.6087	1.8	0
4652	2021	25	2505.6	-2.6	1.9	0.5539	2	0
4652	2021	26	3801.6	-1.1	3.9	0.6152	2.6	0
4652	2021	27	3801.6	-0.4	3.9	0.6377	3.1	0.3
4652	2021	28	2937.6	-1.5	4.1	0.5973	2.6	0
4652	2021	29	2332.8	-2.1	-0.7	0.4799	4.3	11.4
4652	2021	30	1555.2	-10.4	0.5	0.3851	1.9	0
4652	2021	31	4752	-13.9	1.4	0.3449	0.8	0
4652	2021	32	7084.8	-8.7	-2.2	0.3626	2.5	0.2
4652	2021	33	3542.4	-2.3	0.4	0.5473	2.2	7.5
4652	2021	34	3628.8	0	3.4	0.6838	1.8	20
4652	2021	35	1987.2	0.1	0.5	0.612	2.3	0.7
4652	2021	36	1641.6	-0.7	0.4	0.5802	4.4	0.3
4652	2021	37	1987.2	-3.8	-0.7	0.3834	6	0
4652	2021	38	2505.6	-7.2	-3.6	0.2985	7.2	3.3
4652	2021	39	1382.4	-8.2	-4.9	0.2884	3.8	1.9
4652	2021	40	3628.8	-14	-4.7	0.241	1.8	0
4652	2021	41	8121.6	-9.4	-1.8	0.3222	2.9	0
4652	2021	42	5788.8	-15	-1.9	0.2619	1.9	0
4652	2021	43	9072	-14.2	-2.6	0.2434	2.3	0
4652	2021	44	10368	-18.2	0.9	0.261	0.7	0
4652	2021	45	10972.8	-16.5	0.3	0.2459	1.7	0
4652	2021	46	9417.6	-5.8	1.6	0.3562	1.7	6.6
4652	2021	47	2505.6	1.3	4.4	0.7347	2.5	1.6
4652	2021	48	3024	3.8	8.5	0.8878	3.7	0.2
4652	2021	49	4924.8	1.8	10.8	0.7825	3.3	3.5
4652	2021	50	7776	3.2	10	0.7989	3.4	0
4652	2021	51	9936	3.3	15.5	0.8839	2.7	0
4652	2021	52	10281.6	1.8	17.9	0.9596	1.3	0
4652	2021	53	10454.4	0.4	18.6	0.8068	1.9	0
4652	2021	54	10886.4	6	17.1	0.9521	2.8	0
4652	2021	55	8726.4	5.2	18.3	1.0061	2.9	0
4652	2021	56	11923.2	5.8	17.2	1.0168	3	1.7
4652	2021	57	11404.8	4.1	9.6	0.8226	3.7	0
4652	2021	58	6393.6	1.6	7.3	0.7637	2.9	0
4652	2021	59	3024	1.1	6.4	0.759	2.1	0
4652	2021	60	2937.6	-1.6	6.3	0.6584	1.4	0
4652	2021	61	6912	-2.8	12.3	0.737	1.6	0
4652	2021	62	13478.4	-2.2	13.3	0.743	2.5	0
4652	2021	63	10022.4	0.5	4.3	0.6608	3.4	0.1
4652	2021	64	3715.2	-3	5.7	0.4715	2.5	0.1
4652	2021	65	13478.4	-2.5	5.1	0.6041	2.8	1
4652	2021	66	5270.4	-0.7	4.8	0.5737	4.3	0.5
4652	2021	67	6134.4	-3.4	6.9	0.4506	1.8	0.5
4652	2021	68	13564.8	-0.9	1.5	0.562	2	3.1
4652	2021	69	3110.4	0.5	6.5	0.6673	2.8	10.6
4652	2021	70	7948.8	4.2	12.4	0.941	6.9	9.3
4652	2021	71	6134.4	3.3	8.5	0.7334	6	5.9
4652	2021	72	7776	2.6	8.2	0.7801	6.2	11.6
4652	2021	73	6480	2.9	8.4	0.7847	6.5	1.4
4652	2021	74	7603.2	2.6	7.5	0.7526	5.8	2.4
4652	2021	75	8121.6	0.9	7.6	0.662	4.8	0
4652	2021	76	8467.2	-1.1	7.8	0.6292	2.3	0.7
4652	2021	77	11491.2	-1.9	3.4	0.5935	1.9	0
4652	2021	78	5788.8	-3.3	5.5	0.483	3.5	0
4652	2021	79	10972.8	-4.4	4.7	0.4694	3.5	1
4652	2021	80	9331.2	3.5	8.1	0.7375	6.5	0
4652	2021	81	10281.6	2.2	9	0.7092	4	0
4652	2021	82	12182.4	1.6	9.1	0.7417	2.9	0
4652	2021	83	8208	0.7	14	0.8	2.4	0
4652	2021	84	15206.4	0.6	12.4	0.7547	1.6	0
4652	2021	85	11491.2	2.7	15.9	0.8195	3.4	3.1
4652	2021	86	15811.2	2.5	9.7	0.7624	4.9	4.2
4652	2021	87	8294.4	2.1	11.6	0.7334	3.8	1.3
4652	2021	88	10195.2	6.5	18.9	0.9242	4.3	0
4652	2021	89	18489.6	4.5	20.8	0.9505	2	0
4652	2021	90	21254.4	1.1	24.1	0.8745	1.5	0
4652	2021	91	20476.8	5.5	13.8	0.851	3.5	0
4652	2021	92	12960	1	8.6	0.688	4.5	0.1
4652	2021	93	9936	0.3	11.9	0.6589	3.9	0
4652	2021	94	17625.6	3.6	7.2	0.6994	4	2.4
4652	2021	95	5788.8	-1.3	5.6	0.592	6.9	4.7
4652	2021	96	10627.2	-1.9	4.8	0.5902	5.7	2.2
4652	2021	97	14083.2	-1.5	5.2	0.6353	5.4	5.9
4652	2021	98	7171.2	-0.1	6.2	0.5703	4.9	0
4652	2021	99	10195.2	1.3	11.2	0.6657	4.2	0.1
4652	2021	100	11145.6	2.5	8.9	0.7508	2.4	9.9
4652	2021	101	8985.6	2.6	10.5	0.8738	4.6	0.7
4652	2021	102	6912	0.1	8.5	0.6145	4.4	0.1
4652	2021	103	18748.8	-0.4	8.4	0.6343	4.4	0.1
4652	2021	104	18576	-0.8	8	0.6483	3	1.3
4652	2021	105	16761.6	-2.4	9.1	0.5049	2.2	0
4652	2021	106	15552	0.3	11.2	0.5145	3	0
4652	2021	107	20995.2	0.7	14	0.6257	2.6	0
4652	2021	108	17971.2	4.4	15.9	0.9171	2.4	2.7
4652	2021	109	19008	4	15.5	0.9653	2.3	0
4652	2021	110	17625.6	1.3	18.1	0.7336	1.9	0
4652	2021	111	25833.6	0.4	14.8	0.6573	4.1	0
4652	2021	112	20995.2	3.7	10.4	0.633	6.3	0
4652	2021	113	15984	0.7	13.3	0.6409	4.8	0
4652	2021	114	23328	0.7	13.3	0.6409	3.5	0
4652	2021	115	25401.6	-1.1	11.6	0.5147	3	0
4652	2021	116	2073.6	-3	11.7	0.45	1.6	0
4652	2021	117	18835.2	-0.2	13.3	0.4369	3.1	0
4652	2021	118	28166.4	2.2	18.4	0.5383	2.6	6.2
4652	2021	119	23414.4	6.5	11.8	1.0199	2.6	10.9
4652	2021	120	7084.8	6.4	10.1	0.9269	1.8	0
4652	2021	121	12700.8	4.6	12.8	0.9331	1.9	0.7
4652	2021	122	11232	2.8	10.1	0.8292	3.6	2
4652	2021	123	13910.4	1.9	9.6	0.8085	3.2	7.1
4652	2021	124	10800	5.8	11.4	0.8375	6.5	2.4
4652	2021	125	13132.8	4	9.7	0.7334	8.3	2.8
4652	2021	126	18403.2	2.9	10.5	0.6867	4.1	1
4652	2021	127	14860.8	3.1	10.7	0.7757	3.6	3.1
4652	2021	128	20304	0.4	14.6	0.715	3.3	2.1
4652	2021	129	25228.8	10.2	27.3	1.0583	4.8	0
4652	2021	130	13132.8	13.8	25.6	1.2831	3.5	25.2
4652	2021	131	6912	10.5	15.4	1.3272	2.9	3
4652	2021	132	6134.4	10	15	1.2018	3	0.2
4652	2021	133	6998.4	8.9	13.9	1.1043	2.6	5.4
4652	2021	134	12096	7.7	13.3	1.1671	2.5	6.2
4652	2021	135	12700.8	7.9	15.4	1.1638	1.9	0.9
4652	2021	136	16070.4	7.6	17.2	1.122	3.1	1.1
4652	2021	137	19267.2	6.8	16.5	1.109	2.6	1.7
4652	2021	138	10368	8.1	14.2	1.0995	2.7	2.2
4652	2021	139	19526.4	5	16.3	1.0379	2.4	0.1
4652	2021	140	21600	3.6	17.1	0.8792	2.9	0.4
4652	2021	141	17712	6.9	15.7	1.0302	3.5	2.7
4652	2021	142	12787.2	7.3	12.6	0.9783	5.2	3.1
4652	2021	143	19094.4	6.3	14	0.9543	3.1	0.4
4652	2021	144	21945.6	6.3	21.1	1.0022	4.2	1.7
4652	2021	145	15033.6	8.1	15.2	1.0954	4.2	5.6
4652	2021	146	15379.2	8.5	14.5	1.0981	4.5	1.5
4652	2021	147	9331.2	9.1	14.6	1.1654	5.1	1.4
4652	2021	148	14256	7.3	16.3	1.1339	3.8	0
4652	2021	149	18230.4	6.6	14.7	0.9867	2.6	0
4652	2021	150	28857.6	3.8	20.7	0.9971	2.4	0
4652	2021	151	29116.8	8	22.2	1.0285	2.4	0
4652	2021	152	23068.8	8	24.5	1.0885	1.8	0
4652	2021	153	24969.6	10.7	25.4	1.2197	3.5	0
4652	2021	154	15465.6	14.3	25.5	1.5311	2.9	0.2
4652	2021	155	25056	13.7	28.5	1.6984	1.5	0
4652	2021	156	12096	15.5	25	1.9201	1.8	6.4
4652	2021	157	6652.8	12.8	18.2	1.6355	2.6	0
4652	2021	158	6652.8	12.9	17	1.5958	2.2	0
4652	2021	159	15379.2	13.5	23.5	1.7011	2.1	0
4652	2021	160	23414.4	10.4	25.9	1.3313	1.4	0
4652	2021	161	26438.4	12.5	26.5	1.4257	1.9	0
4652	2021	162	25488	11.4	27	1.466	2.2	0.1
4652	2021	163	16934.4	10.8	20.4	1.3098	5	0.9
4652	2021	164	22464	9.4	21.2	1.1459	3.9	0
4652	2021	165	28166.4	7.3	27.1	1.1953	2.5	0
4652	2021	166	24451.2	10.3	23.2	1.2569	2.6	0
4652	2021	167	27820.8	8.1	28.9	1.3396	2.4	0
4652	2021	168	29030.4	17.7	34.4	1.6819	3	0
4652	2021	169	25315.2	18	34.3	2.1317	1.6	0
4652	2021	170	27043.2	19.7	30.9	2.0272	3	10
4652	2021	171	21772.8	16.7	26.6	1.8857	3.7	7.8
4652	2021	172	6739.2	11.8	18.4	1.5941	3.3	11.3
4652	2021	173	15638.4	9.8	19.1	1.2986	2.8	0
4652	2021	174	15033.6	8.8	19.3	1.2334	1.7	0
4652	2021	175	10368	11.7	20.3	1.3981	1.9	0
4652	2021	176	22809.6	9.9	23.1	1.3121	1.7	0
4652	2021	177	22032	9.2	25.7	1.3337	1.4	0
4652	2021	178	20563.2	12.3	27.5	1.6934	1.4	1
4652	2021	179	17798.4	14.4	30	1.8164	2	0
4652	2021	180	12614.4	13.2	24.5	1.8691	1.7	39.7
4652	2021	181	6652.8	13.5	18.1	1.7031	3	8
4652	2021	182	9590.4	13.1	19.3	1.7655	2.9	17.6
4652	2021	183	18144	12	19.9	1.5385	3.3	0
4652	2021	184	27561.6	10	23.9	1.4273	1.8	0
4652	2021	185	18230.4	11.6	26.3	1.6402	1.6	1.5
4652	2021	186	18489.6	15.7	21.5	1.7973	2.1	12.6
4652	2021	187	15120	16.4	24.1	1.8253	3.9	1.1
4652	2021	188	20217.6	12.8	24.8	1.5382	2.4	0.2
4652	2021	189	17280	13.3	26.1	1.833	1.6	3.9
4652	2021	190	6566.4	14.5	21	1.846	2.7	2.1
4652	2021	191	21168	12.4	23.2	1.5466	2.7	0
4652	2021	192	17020.8	15.3	26.5	1.9491	2	1.8
4652	2021	193	20131.2	13.8	26.4	1.8554	1.9	0
4652	2021	194	18576	16.7	27.8	1.9826	1.8	3.6
4652	2021	195	10281.6	16.7	24.7	2.2665	2.1	3
4652	2021	196	18489.6	15.7	26.5	1.9232	1.9	0
4652	2021	197	12700.8	17.3	24.7	2.0356	3.5	0
4652	2021	198	26524.8	16.1	26.2	1.8039	4.7	0
4652	2021	199	20217.6	14.3	26.8	1.811	4	0
4652	2021	200	8121.6	13	18.7	1.2949	2.8	0
4652	2021	201	10713.6	13.3	21.4	1.444	2.7	0
4652	2021	202	11059.2	14.5	21.6	1.6124	2.5	0.1
4652	2021	203	17539.2	10.3	22.2	1.4021	2	0.1
4652	2021	204	9072	8.5	19.5	1.3731	1.3	0.3
4652	2021	205	23587.2	9.5	29.3	1.5968	2.4	2.5
4652	2021	206	23241.6	15.5	27.5	1.9197	1.9	0
4652	2021	207	18057.6	14.6	27.8	1.8597	1.6	0.1
4652	2021	208	20390.4	16	25.4	1.8766	2.6	3.4
4652	2021	209	19267.2	14.7	23	1.63	3.2	1.9
4652	2021	210	18316.8	12.2	21.6	1.2497	4.5	0.9
4652	2021	211	21340.8	11.5	24.3	1.3516	3.2	0.2
4652	2021	212	13478.4	13.9	19.3	1.5091	4.6	3.9
4652	2021	213	13305.6	13.4	21.9	1.7337	3.3	6.3
4652	2021	214	15206.4	10.4	19.9	1.3757	3.5	0
4652	2021	215	15120	8.8	21.4	1.2513	1.3	0
4652	2021	216	14256	14.3	23.4	1.5865	2.2	0.3
4652	2021	217	10540.8	12.4	22.6	1.7573	1.6	5.1
4652	2021	218	17020.8	11.6	23.6	1.7483	2.6	7
4652	2021	219	15811.2	12.6	21.6	1.7135	1.9	16.1
4652	2021	220	9244.8	11.9	20.7	1.4806	3	0
4652	2021	221	14342.4	11.6	20.5	1.4937	2.7	0.8
4652	2021	222	13651.2	11.6	22.7	1.6603	2.8	0.7
4652	2021	223	18748.8	9.7	23.2	1.5509	1.5	0
4652	2021	224	18403.2	10.5	27.3	1.6569	1.5	0
4652	2021	225	17884.8	13.3	27.1	1.7015	2.6	0
4652	2021	226	18057.6	12.3	24	1.5394	3	0
4652	2021	227	16502.4	12.6	26.1	1.6143	2.6	5.8
4652	2021	228	9331.2	12	17.8	1.4722	4.1	17.2
4652	2021	229	9158.4	12.2	17.2	1.42	6.2	2.1
4652	2021	230	6307.2	13.1	19.5	1.5362	4.8	0.4
4652	2021	231	7603.2	14.6	18.9	1.6569	3.6	3.2
4652	2021	232	8726.4	13.7	20.4	1.7469	2.3	2.8
4652	2021	233	10540.8	12.5	22.3	1.6867	1.5	0
4652	2021	234	6048	15	18.9	1.7166	2.4	4.4
4652	2021	235	18316.8	10.5	22.5	1.3684	3.5	0
4652	2021	236	20908.8	9	21.4	1.2594	2	0
4652	2021	237	11664	7.4	20.3	1.344	3.8	2.5
4652	2021	238	10972.8	12.1	18.8	1.42	3.8	1.7
4652	2021	239	11491.2	11.4	18.6	1.4647	3.5	10.1
4652	2021	240	4838.4	12	17.2	1.5768	2.3	6.9
4652	2021	241	4752	13.4	17.9	1.6691	3	2.8
4652	2021	242	7344	12.4	18.9	1.527	2.9	0
4652	2021	243	19526.4	11	22.4	1.4998	2.9	0
4652	2021	244	13996.8	12.3	21.9	1.6356	2.5	0
4652	2021	245	12096	9.5	20.2	1.4506	1.4	0
4652	2021	246	17971.2	7.2	21.3	1.3469	2.5	0
4652	2021	247	11491.2	10	19.4	1.2696	1.9	0
4652	2021	248	15552	8.3	20.8	1.4063	1.7	0
4652	2021	249	15206.4	5.6	21.9	1.2254	1.2	0
4652	2021	250	17539.2	10.4	24.6	1.5776	0.9	0
4652	2021	251	18230.4	9.7	25.3	1.4578	1.6	0
4652	2021	252	17625.6	11.5	27.6	1.6798	1.5	1.8
4652	2021	253	10800	16.9	24.5	2.169	1.8	26.7
4652	2021	254	5529.6	16.4	20.6	1.9137	2.7	0.3
4652	2021	255	8899.2	12.9	21.4	1.6603	2.9	0
4652	2021	256	6393.6	10	18.5	1.4118	1.8	0
4652	2021	257	16329.6	9.2	22.9	1.4572	2	0
4652	2021	258	4406.4	15.5	19.4	1.8314	1.7	15.7
4652	2021	259	6048	13.8	18.9	1.6153	4	0.4
4652	2021	260	8035.2	9.4	18.1	1.3196	3.4	0.2
4652	2021	261	5529.6	9.2	17.4	1.3273	1.9	0
4652	2021	262	4752	10.2	15.1	1.1552	2.3	0
4652	2021	263	4147.2	7.2	14.8	1.0099	1.7	0
4652	2021	264	5097.6	6.3	16.5	1.1313	2.7	0.2
4652	2021	265	10886.4	10.7	18.8	1.4413	2.7	0
4652	2021	266	6566.4	10	16.6	1.2968	5.3	1.2
4652	2021	267	4233.6	10.6	18.2	1.4091	4.3	0.1
4652	2021	268	6825.6	15	21	1.8134	2.6	0.2
4652	2021	269	11491.2	13	24.1	1.7917	1.6	12.7
4652	2021	270	6912	13.5	21.6	1.8029	2.4	2.1
4652	2021	271	11318.4	9	17.7	1.3623	1.7	0
4652	2021	272	8121.6	8	18.1	1.3209	2.9	3.3
4652	2021	273	10800	8.6	15.5	1.0543	4.7	0
4652	2021	274	9072	8.7	18	1.0562	3.4	0.5
4652	2021	275	4752	11.1	16.2	1.2955	2.8	0.3
4652	2021	276	2851.2	11.9	20.8	1.2811	4.6	0.1
4652	2021	277	7430.4	7.3	16.8	1.1527	2.4	0
4652	2021	278	3974.4	7.3	13.8	1.1838	2	0.9
4652	2021	279	7862.4	7.6	14.8	1.0898	2.6	0
4652	2021	280	10108.8	4.6	17.6	1.1486	1	0
4652	2021	281	10108.8	3.3	17.6	1.1127	1.6	0
4652	2021	282	11577.6	4.1	15.4	0.905	2.2	0
4652	2021	283	10368	0.3	14.4	0.841	1.3	0.2
4652	2021	284	8121.6	3.6	15.2	1.0372	3.1	10.2
4652	2021	285	7862.4	4.5	12.8	0.9972	3	0.4
4652	2021	286	5184	2.8	12.6	0.9769	2.2	4.1
4652	2021	287	2419.2	9.3	13.4	1.2215	4	0.2
4652	2021	288	7257.6	6.6	13.2	1.0238	4	5.5
4652	2021	289	2332.8	6.1	11.1	0.938	2.2	0
4652	2021	290	2246.4	7.6	11.3	0.9106	2.5	0
4652	2021	291	4492.8	7	14.5	0.9803	2.1	0
4652	2021	292	2160	9	16.4	1.3203	3.1	1.5
4652	2021	293	3456	12.1	17.7	1.4215	4	17.2
4652	2021	294	2505.6	5.4	14.2	1.0533	6.4	6.8
4652	2021	295	3801.6	4.9	9.3	0.8469	6.4	6
4652	2021	296	6134.4	2.9	11.3	0.8671	3.1	0.1
4652	2021	297	8726.4	0.5	12.1	0.8016	2	0
4652	2021	298	6307.2	1.6	12.1	0.8127	2.6	1.3
4652	2021	299	3542.4	9.3	13.2	1.1601	3.1	0.1
4652	2021	300	1900.8	9.3	14.8	1.209	3.3	0
4652	2021	301	8121.6	5.9	16.6	1.1201	2.5	0
4652	2021	302	7084.8	3.6	15.8	0.95	3.1	0
4652	2021	303	3456	6.6	14	0.9514	2.7	0
4652	2021	304	4665.6	10.3	16.4	1.2398	3.5	0.3
4652	2021	305	3888	4.9	16	0.9989	3.1	0
4652	2021	306	3888	1.2	11.4	0.8875	1.1	0
4652	2021	307	2678.4	1.8	8.7	0.8519	1.1	3.7
4652	2021	308	1641.6	6.7	7.5	0.9679	3.5	5.5
4652	2021	309	3283.2	6.4	10.4	1.0025	3.9	0.6
4652	2021	310	1555.2	6.6	9.9	0.9378	4.2	2.9
4652	2021	311	3801.6	7.5	11	0.9801	6	2.2
4652	2021	312	3024	6.3	9.6	0.9616	4.1	0
4652	2021	313	5875.2	3.1	11.9	0.8912	2.3	0
4652	2021	314	5875.2	-0.1	10.4	0.7402	1.5	0
4652	2021	315	1382.4	6.6	9.4	0.9864	2	0
4652	2021	316	2505.6	4.2	9.2	0.9221	3	2.3
4652	2021	317	1382.4	4	6.7	0.8489	2	0.7
4652	2021	318	1296	5.7	7.8	0.9253	2.1	0
4652	2021	319	1296	4.9	5.9	0.7532	2.9	0
4652	2021	320	1296	3.4	5	0.7422	1.6	0.3
4652	2021	321	1296	3.3	7.5	0.8429	3.4	0.6
4652	2021	322	1641.6	5.2	10	0.939	5.3	1
4652	2021	323	1209.6	10	12.5	1.2134	5.6	0.1
4652	2021	324	1209.6	8.4	11	1.0943	4.6	4.8
4652	2021	325	2764.8	3	9.8	0.8937	3.2	1.3
4652	2021	326	4320	-0.4	6.2	0.6847	2.3	0.7
4652	2021	327	1900.8	3.4	8.5	0.9036	3	0.9
4652	2021	328	1123.2	4.6	7.2	0.8448	2.1	0.1
4652	2021	329	1900.8	2.7	5.4	0.7344	2.9	0.2
4652	2021	330	1123.2	2.1	4.3	0.7147	3.9	1.7
4652	2021	331	1036.8	2	3.6	0.7022	2.8	2
4652	2021	332	1036.8	1.1	3.3	0.6801	2.3	0.2
4652	2021	333	1036.8	0.7	3.1	0.6656	2.2	2.6
4652	2021	334	1296	1.5	6.9	0.7257	5.8	7.4
4652	2021	335	950.4	2.9	8.9	0.8169	7.3	4.4
4652	2021	336	2937.6	-1.3	3.2	0.589	4.2	0
4652	2021	337	950.4	-1.3	3	0.5978	4.5	1.8
4652	2021	338	950.4	0.2	3.6	0.6656	2.7	10.2
4652	2021	339	950.4	0.2	2.7	0.6649	1.7	2.1
4652	2021	340	950.4	-0.2	1.2	0.5765	3.2	0
4652	2021	341	950.4	0.1	2.7	0.6219	3.3	1.8
4652	2021	342	1209.6	0.4	2.9	0.647	3.8	0
4652	2021	343	950.4	0	2.3	0.6308	2.2	0
4652	2021	344	2332.8	1	3.7	0.644	2.1	0
4652	2021	345	1382.4	-0.4	3.8	0.6355	2.2	0
4652	2021	346	864	0.6	8.3	0.8224	3.4	5.3
4652	2021	347	1123.2	7.7	10.2	1.0977	2.8	0
4652	2021	348	864	7.1	8	0.9774	3	1.4
4652	2021	349	864	6.4	9.3	0.9976	3.5	0
4652	2021	350	864	7.2	9.1	0.9856	3	0
4652	2021	351	864	5.9	7.6	0.945	3.2	0.2
4652	2021	352	864	6.1	7.9	0.9513	4.1	0.4
4652	2021	353	864	-0.5	8	0.7031	5.6	0.3
4652	2021	354	3628.8	-3.8	3.6	0.5459	1.7	0
4652	2021	355	3542.4	-6	1.5	0.4818	1	0
4652	2021	356	864	-5.4	-2.9	0.4271	2.1	0
4652	2021	357	864	-4.4	3.6	0.5579	2.5	15.6
4652	2021	358	864	-4.3	5.6	0.5956	3.6	7.4
4652	2021	359	3628.8	-9.7	-2.5	0.3257	1.4	0
4652	2021	360	3715.2	-10.5	-3.2	0.2928	2.6	0
4652	2021	361	864	-5.6	1.8	0.4731	3.2	0
4652	2021	362	1123.2	1.7	6	0.7805	3.3	4.1
4652	2021	363	864	3.4	7.4	0.8967	2.2	1.6
4652	2021	364	864	7.3	12.7	1.1902	5.1	6
4652	2021	365	950.4	11.3	13.4	1.2904	6.4	6.1
