*---------------------------------------------------------------------------*
* Station name: SOLTAU                                  
* Year: 2013
* Author: Pedro Alencar                                   -999.000: NIL VALUE
* Source: ECAD 
* Comments: 
* Longitude: 52.9617, latitude: 52.9617, altitude: 76 m.
*
* Column  Daily value
* 1       station number
* 2       year
* 3       day
* 4       irradiation                   (kJ m-2 d-1)
* 5       minimum temperature           (degrees Celsius)
* 6       maximum temperature           (degrees Celsius)
* 7       early morning vapour pressure (kPa)
* 8       mean wind speed (height: 2 m) (m s-1)
* 9       precipitation                 (mm d-1)
*
** WCCDESCRIPTION=GERMANY, SOLTAU                                  
** WCCFORMAT=2
** WCCYEARNR=2013
*---------------------------------------------------------------------------*
   52.9617  9.7967    76.  -0.18 -0.55
4652	2013	1	950.4	3.4	9.2	0.8875	4.8	10.3
4652	2013	2	1382.4	3.7	6.3	0.8023	5.2	4.3
4652	2013	3	950.4	5.3	10	1.005	6.4	1.4
4652	2013	4	950.4	6.4	9.3	1.0188	7.1	8.2
4652	2013	5	950.4	5.9	8	0.988	5.4	3.4
4652	2013	6	950.4	5.4	7.8	0.9548	5.1	2.9
4652	2013	7	950.4	4.6	7	0.9035	2.2	0.6
4652	2013	8	950.4	5.9	7.1	0.9579	3.7	4.7
4652	2013	9	1036.8	4.1	7.1	0.882	3.9	4
4652	2013	10	1036.8	-0.7	4.4	0.6493	4.2	4.7
4652	2013	11	1036.8	-2.3	-0.3	0.5112	2.8	0
4652	2013	12	4147.2	-5.4	-0.3	0.4757	1.4	0
4652	2013	13	2073.6	-5.7	-1.4	0.4326	2.5	0.9
4652	2013	14	1036.8	-7.3	-3.8	0.3841	2.2	0
4652	2013	15	1123.2	-12.1	-3.8	0.3193	1.8	0
4652	2013	16	1123.2	-6.3	-4.3	0.3915	2.4	0
4652	2013	17	1728	-4.8	-0.7	0.4493	2.7	0.3
4652	2013	18	1123.2	-3.8	-1.6	0.4459	3.4	0
4652	2013	19	1123.2	-7.7	-3.8	0.3186	4.9	0
4652	2013	20	3801.6	-10.3	-2.8	0.3221	4.4	0.4
4652	2013	21	1209.6	-6.7	-3	0.388	5	2.2
4652	2013	22	1209.6	-9.3	-6	0.3131	3	0
4652	2013	23	5011.2	-11.4	-2.5	0.3341	1.5	0
4652	2013	24	1296	-7.3	-1	0.4271	2.3	0
4652	2013	25	5529.6	-13.2	-3.1	0.2945	2.1	0
4652	2013	26	3110.4	-10.4	-0.7	0.3679	3.9	0.6
4652	2013	27	1296	-0.7	3.3	0.6443	4.5	3.3
4652	2013	28	1814.4	0.7	4	0.6801	3.7	5.1
4652	2013	29	1641.6	1.3	10.6	0.8756	4.5	4.6
4652	2013	30	2073.6	4.6	11.6	0.9931	6.3	14.4
4652	2013	31	1468.8	5.3	7.5	0.7399	8.8	0.8
4652	2013	32	1468.8	0.5	6.9	0.6927	4.7	13.6
4652	2013	33	4147.2	0.1	3.5	0.64	3.9	3.4
4652	2013	34	1814.4	0.5	4.3	0.6753	4.9	3.4
4652	2013	35	3024	3.5	8.5	0.8039	5.7	3.8
4652	2013	36	2246.4	-0.5	4.8	0.642	5	4.7
4652	2013	37	6048	-2.1	3.6	0.5999	3.2	0.8
4652	2013	38	1641.6	-0.6	1.2	0.5995	3.1	0
4652	2013	39	1641.6	-1.6	-0.3	0.5188	2.9	0.2
4652	2013	40	1728	-5	-0.3	0.4677	1.9	0.9
4652	2013	41	5270.4	-7.3	1	0.4167	2.3	0
4652	2013	42	5961.6	-6	-0.2	0.3939	4.8	0
4652	2013	43	5011.2	-2.8	1.4	0.4819	2.7	0.5
4652	2013	44	5616	-4.6	1.3	0.4711	1.8	0
4652	2013	45	7257.6	-7	-0.7	0.4092	3.3	0
4652	2013	46	1900.8	-3.4	1	0.5206	2.4	1.3
4652	2013	47	1987.2	0.2	2.6	0.676	1.2	0.1
4652	2013	48	1987.2	0.1	2.7	0.6557	1.6	0
4652	2013	49	2073.6	-0.4	3.8	0.6355	1.7	2.6
4652	2013	50	2073.6	-1.8	1.6	0.5641	3.8	0.9
4652	2013	51	2678.4	-2.9	0.3	0.4779	3.5	0.3
4652	2013	52	2160	-2.5	-0.7	0.4674	3.8	2.3
4652	2013	53	4060.8	-5.7	-2.1	0.3802	3.3	0
4652	2013	54	2246.4	-6.4	0.2	0.4134	5.4	1.7
4652	2013	55	2246.4	-0.7	1.1	0.6075	4.5	0.2
4652	2013	56	2332.8	0.4	1.7	0.6394	3.9	0
4652	2013	57	2332.8	0.2	1.3	0.6258	3.3	0
4652	2013	58	2419.2	-2.4	2.8	0.5641	1.9	0
4652	2013	59	7344	-2.5	3.5	0.5955	2.6	0
4652	2013	60	5184	-1.7	5.4	0.5934	4.2	0
4652	2013	61	10195.2	-2.4	4.2	0.5608	3.7	0.3
4652	2013	62	7344	-2.4	6.6	0.6041	4.4	0
4652	2013	63	10281.6	-4.2	9	0.5954	2	0
4652	2013	64	12700.8	-0.9	13.6	0.6225	2.6	0
4652	2013	65	11750.4	-2.5	14.7	0.6777	1.7	0
4652	2013	66	5529.6	2	8.3	0.6521	4.5	0.1
4652	2013	67	3024	0.5	3.8	0.6134	5.6	1
4652	2013	68	3110.4	-1	0.6	0.566	4.4	11.4
4652	2013	69	3110.4	-4.3	-1	0.4878	3	0.5
4652	2013	70	4752	-5.8	-2.4	0.4016	2.7	0.5
4652	2013	71	10022.4	-11.5	-1.9	0.2962	2.4	0
4652	2013	72	10108.8	-14.4	-0.8	0.2832	1.6	0
4652	2013	73	7257.6	-7.9	-0.4	0.3776	2.1	0.5
4652	2013	74	14860.8	-12.6	0.9	0.2806	1.8	0
4652	2013	75	7430.4	-4.4	5	0.4059	4.5	0
4652	2013	76	4838.4	-1	2.3	0.4227	5.7	2.6
4652	2013	77	3542.4	-1.8	0.9	0.5499	4.6	0
4652	2013	78	4320	-2	1.2	0.5163	3.1	0.2
4652	2013	79	4406.4	-2.6	0.9	0.4537	3	0
4652	2013	80	8812.8	-2.9	2.5	0.4938	2.4	0.1
4652	2013	81	8208	-4.1	0.7	0.4262	4.2	0
4652	2013	82	15552	-6.8	-2.6	0.2286	7	0
4652	2013	83	16502.4	-8.3	0.7	0.24	6.2	0
4652	2013	84	17107.2	-5.1	0.9	0.33	5.9	0
4652	2013	85	16070.4	-5.2	2.3	0.3517	4.7	0
4652	2013	86	16588.8	-4.9	3.7	0.3743	4.3	0.1
4652	2013	87	4060.8	-2.7	-0.1	0.4633	3.2	0.1
4652	2013	88	4147.2	-1.7	0.6	0.5342	2.3	0.3
4652	2013	89	6480	-2.5	2.6	0.5396	2	0
4652	2013	90	10195.2	-4.1	3.3	0.4273	3.2	0
4652	2013	91	18489.6	-5.9	5.6	0.3808	2.7	0
4652	2013	92	18576	-5.4	5.7	0.3953	2.8	0
4652	2013	93	17107.2	-3	5.6	0.443	3.6	0
4652	2013	94	8294.4	-2.1	6	0.4993	4.2	0
4652	2013	95	4492.8	0.1	3.2	0.5919	3.9	0
4652	2013	96	12873.6	-1.3	8.7	0.5016	2.6	0
4652	2013	97	13910.4	-3.5	8.5	0.5631	2.1	0
4652	2013	98	12873.6	-4	8.6	0.5191	3.1	0
4652	2013	99	5529.6	1.7	7	0.6334	4.3	0.8
4652	2013	100	5616	2.6	10.3	0.8678	2.9	1.1
4652	2013	101	4752	4.8	11.2	1.0185	2.6	5.9
4652	2013	102	9158.4	6.1	13.5	1.0291	3.5	0.6
4652	2013	103	8035.2	2.3	10.1	0.8056	4.1	0.3
4652	2013	104	7084.8	2.8	17.4	0.9511	2.9	0
4652	2013	105	17280	10.3	23.3	1.3565	3.2	4.6
4652	2013	106	12873.6	9.8	19.5	1.2322	2.6	0
4652	2013	107	11750.4	8.6	17.8	1.1671	2.9	0
4652	2013	108	17539.2	9	18.1	0.7599	6.2	0
4652	2013	109	11491.2	1.7	12.4	0.7235	4.3	0.8
4652	2013	110	21254.4	-1.3	11.7	0.6102	2.6	0
4652	2013	111	18662.4	2.1	15.8	0.686	2.8	0
4652	2013	112	15897.6	6.4	15.4	0.7296	2.6	0
4652	2013	113	5356.8	5.1	13.2	0.7997	4.5	0
4652	2013	114	17366.4	2	20.1	0.8948	3.1	0
4652	2013	115	12441.6	11.3	21.7	1.3496	2.1	0
4652	2013	116	11577.6	4.9	16.2	1.1329	3.1	12.9
4652	2013	117	8121.6	0.9	9.7	0.7569	3.5	0
4652	2013	118	22291.2	-1.1	12.6	0.6523	2.2	0
4652	2013	119	16416	3.5	12.3	0.7028	4.7	0
4652	2013	120	18057.6	2.4	13.9	0.704	3.3	0
4652	2013	121	22550.4	1.3	16.3	0.7131	2.4	0
4652	2013	122	5702.4	7.9	15.1	0.8134	3.2	0
4652	2013	123	16416	5.5	18.1	0.7467	2.3	0
4652	2013	124	22896	3.2	21	0.9027	2.7	0
4652	2013	125	21686.4	4.5	20.1	0.9718	2	0
4652	2013	126	18921.6	6.6	23.6	1.0113	1.7	0
4652	2013	127	5961.6	6.9	17.7	1.229	2.3	10.7
4652	2013	128	16588.8	12.5	21	1.5236	2.8	0
4652	2013	129	17452.8	10.4	19.4	1.3538	2.6	0.9
4652	2013	130	16070.4	8.3	16.8	1.0024	3.5	0
4652	2013	131	16848	7.4	17.4	1.0789	3.3	1.5
4652	2013	132	15552	4.7	13.2	0.9376	3.3	1
4652	2013	133	8553.6	4	13.6	1.0413	3.5	2.8
4652	2013	134	14947.2	7.9	14.9	0.9427	3.4	0
4652	2013	135	18144	8.8	23.7	1.3652	3.2	15.5
4652	2013	136	15811.2	10.1	21.8	1.5747	2.4	0.7
4652	2013	137	20995.2	11.7	23.6	1.7337	2.9	10.8
4652	2013	138	6307.2	9.5	13.3	1.2929	3.6	5.4
4652	2013	139	8121.6	9.1	15.3	1.3061	1.7	0
4652	2013	140	6393.6	11.1	13.8	1.3711	1.9	1.6
4652	2013	141	7776	9.8	14.8	1.3005	2.8	25.8
4652	2013	142	7344	4.2	9.8	0.8612	6.8	6.8
4652	2013	143	12268.8	3.8	9.5	0.831	2.9	11.7
4652	2013	144	14342.4	4.3	12.1	0.8803	2.5	0
4652	2013	145	7862.4	5.8	11.2	1.0315	4.4	8.7
4652	2013	146	6480	8.5	12.9	1.2728	4.9	27.9
4652	2013	147	6566.4	6.5	12.1	1.1356	2.3	0.2
4652	2013	148	15897.6	6.7	19	1.2889	1.8	1.9
4652	2013	149	16070.4	10.1	17.9	1.3412	2.3	0
4652	2013	150	11491.2	10.8	18.4	1.4607	2.8	0.4
4652	2013	151	20390.4	12.8	22.5	1.4514	4.9	0.1
4652	2013	152	6566.4	9.6	13.8	1.305	6	0
4652	2013	153	16588.8	7.2	14.7	0.9542	7.4	0
4652	2013	154	26611.2	6	17.6	1.0371	5.4	0
4652	2013	155	24192	8.1	20.5	1.1722	3.5	0
4652	2013	156	23328	7.7	21.3	0.9895	1.7	0
4652	2013	157	28425.6	7.1	24.3	0.9441	2.1	0
4652	2013	158	26697.6	9.1	25.1	1.1293	1.9	0
4652	2013	159	28857.6	9.3	22.4	1.205	2.8	0
4652	2013	160	18921.6	8.2	20.2	1.2131	2.9	0
4652	2013	161	24796.8	7	21.6	1.1396	2.7	0
4652	2013	162	21513.6	9.5	20.8	1.2381	2.2	0
4652	2013	163	20563.2	7.4	24.8	1.2061	2.8	0
4652	2013	164	9676.8	11.7	24.7	1.7111	3.9	20.1
4652	2013	165	14515.2	9.3	18.8	1.2655	3.9	0
4652	2013	166	24105.6	7.7	21.1	1.2453	3.6	1.8
4652	2013	167	19008	10.7	20.1	1.1009	3.9	0
4652	2013	168	25056	10.3	24.5	1.3097	2.2	0
4652	2013	169	23673.6	14.5	28.5	1.7149	2.2	0
4652	2013	170	20563.2	17.9	32.5	2.2711	2.9	33.2
4652	2013	171	22204.8	17.6	27	2.2574	2.6	2.4
4652	2013	172	11059.2	15.1	21	1.7571	3.8	0.5
4652	2013	173	14860.8	13.7	21.8	1.562	3.9	0.4
4652	2013	174	15292.8	12.4	19.6	1.4344	4	1.4
4652	2013	175	14515.2	11.7	18.8	1.4538	3.4	1.2
4652	2013	176	9158.4	10.9	15.1	1.2268	4.9	0.3
4652	2013	177	13651.2	9.1	15.1	0.9591	5.7	0
4652	2013	178	18316.8	8.2	17.2	1.1003	3.6	0
4652	2013	179	7430.4	9.3	13.5	1.1986	3.2	9.4
4652	2013	180	14688	8.3	15	1.2186	4.7	1.2
4652	2013	181	13824	6.7	16.3	1.1117	3.6	0.9
4652	2013	182	16761.6	13	21.5	1.5529	3.4	0
4652	2013	183	23068.8	9.6	21.4	1.2311	1.8	3.6
4652	2013	184	13910.4	14	23.8	1.7877	2.7	0.2
4652	2013	185	9849.6	16.7	21.6	1.8157	2.5	0
4652	2013	186	16243.2	10.8	23.9	1.5034	2.6	0
4652	2013	187	28684.8	7.6	23.6	1.239	1.7	0
4652	2013	188	28684.8	9.4	26.1	1.2983	1.6	0
4652	2013	189	28339.2	11.6	25.7	1.481	2.4	0
4652	2013	190	28252.8	11.7	25.7	1.3995	2.1	0
4652	2013	191	16761.6	11.4	19.3	1.376	4	0
4652	2013	192	22204.8	10.1	22.1	1.3523	3.4	0
4652	2013	193	22377.6	11.1	21.9	1.3309	2.8	0
4652	2013	194	22982.4	9	21.7	1.3238	2.8	0
4652	2013	195	13651.2	10.1	18.8	1.3808	3.7	0.1
4652	2013	196	24019.2	9.2	23.5	1.3368	2.5	0
4652	2013	197	18921.6	8.3	24.6	1.4575	1.4	0
4652	2013	198	23500.8	11.1	26.2	1.5239	2	0
4652	2013	199	26697.6	11.8	26.8	1.5198	2.5	0
4652	2013	200	24710.4	13.7	23.7	1.6148	4.6	0
4652	2013	201	24364.8	14.9	27.6	1.462	2.5	0
4652	2013	202	27561.6	11.1	30.8	1.2869	1.5	0
4652	2013	203	27043.2	11.8	32	1.3376	1.4	0
4652	2013	204	27129.6	13.7	32.4	1.3218	2.3	0
4652	2013	205	20476.8	16.7	31	1.8296	3.1	1
4652	2013	206	20736	15.1	29	1.9587	1.5	0
4652	2013	207	18748.8	14.8	29.2	1.9791	1.3	0.4
4652	2013	208	20563.2	15.2	31.1	2.2351	1.6	0.9
4652	2013	209	17280	16.5	29.1	2.1607	3.1	1.1
4652	2013	210	13910.4	15.7	26.5	1.9982	1.7	0
4652	2013	211	19180.8	15.5	23.4	1.6243	3.8	4.7
4652	2013	212	12873.6	15.7	22.4	1.8045	3.9	1.2
4652	2013	213	21600	15.1	30	1.9645	1.9	0
4652	2013	214	25920	15.7	35.1	1.8127	2	0
4652	2013	215	17452.8	15.3	28.4	1.8042	3	1
4652	2013	216	16156.8	13	25.7	1.6367	1.3	0
4652	2013	217	23932.8	12.1	29.6	1.4758	2.8	1
4652	2013	218	21859.2	14.7	26.6	1.6036	3.8	0
4652	2013	219	15292.8	10.7	24.7	1.4965	2.8	1.3
4652	2013	220	12355.2	10.5	20.4	1.5076	3.2	0.2
4652	2013	221	21340.8	8.4	23.6	1.271	1.7	0
4652	2013	222	15292.8	11	23.8	1.3295	3.4	0.1
4652	2013	223	13996.8	11.9	20.7	1.2956	3.6	0.9
4652	2013	224	14601.6	10.7	20.2	1.3849	2.9	1.7
4652	2013	225	16761.6	10.6	18.8	1.3365	4.1	2.5
4652	2013	226	17452.8	7.5	19.9	1.2527	3.4	2.2
4652	2013	227	16675.2	4.5	22.2	1.1939	2	0.4
4652	2013	228	19440	12.4	27.2	1.5677	2.3	0.1
4652	2013	229	12268.8	13.8	23.9	1.7821	2.1	0.6
4652	2013	230	8035.2	13.8	21.2	1.7174	2.7	3.3
4652	2013	231	6566.4	12.8	17.8	1.6494	2.6	7.2
4652	2013	232	10108.8	9.9	19.1	1.3688	2.2	0
4652	2013	233	20044.8	7.8	22.4	1.2856	1.1	0
4652	2013	234	19094.4	10.6	24.5	1.2821	1.5	0
4652	2013	235	8380.8	14.8	23.7	1.3592	2.8	0
4652	2013	236	20390.4	12.4	25.1	1.2311	4.1	0
4652	2013	237	20044.8	13.8	25.4	1.1841	4.1	0
4652	2013	238	21427.2	11.5	23.3	1.0517	3.5	0
4652	2013	239	13305.6	8.7	22	1.1148	2.4	0
4652	2013	240	18576	10.3	24.9	1.2861	2.2	0
4652	2013	241	16329.6	7	23.6	1.2327	1.4	0
4652	2013	242	14256	8.3	23.1	1.2647	2	0
4652	2013	243	9849.6	8.7	18.7	1.284	3.2	0.4
4652	2013	244	11750.4	8.5	18.2	1.0715	4.6	0
4652	2013	245	4406.4	13.3	16.2	1.5084	6.1	2.4
4652	2013	246	4406.4	15.4	20.4	1.843	3.4	0
4652	2013	247	8899.2	14.4	22.2	1.8269	1.5	0
4652	2013	248	18662.4	13.5	26.9	1.7015	3.3	0
4652	2013	249	18489.6	13.7	29.4	1.4378	3.8	0
4652	2013	250	13737.6	15	27.4	1.7591	1.9	2
4652	2013	251	6393.6	10.6	18.8	1.3866	2.7	2.1
4652	2013	252	8467.2	7.7	14.9	1.271	2.1	23.9
4652	2013	253	4665.6	7.3	12.6	1.174	3	14.3
4652	2013	254	6393.6	9.7	14.4	1.3355	2	4.5
4652	2013	255	7776	10.3	17.7	1.421	1.8	0
4652	2013	256	6393.6	9.7	18	1.4389	1.6	0
4652	2013	257	7344	8	16.6	1.3719	2.5	2.2
4652	2013	258	8985.6	11.1	16.3	1.2684	3.4	4.9
4652	2013	259	11059.2	5.2	15.9	1.031	4.3	0.2
4652	2013	260	11836.8	4.6	15	0.9806	3.6	1.8
4652	2013	261	8035.2	8.1	13.5	1.1389	2.5	0
4652	2013	262	9849.6	7.7	16.6	1.1745	3.4	5
4652	2013	263	3542.4	9.8	15.3	1.351	3.4	5.4
4652	2013	264	8553.6	11	17.7	1.3719	2.4	0
4652	2013	265	4579.2	11	17.4	1.4396	3.4	0
4652	2013	266	3369.6	13.8	17.3	1.5702	4.5	0
4652	2013	267	3369.6	11.1	16.7	1.4912	2.9	1.5
4652	2013	268	3283.2	9.9	12.2	1.2764	2.1	4.3
4652	2013	269	7516.8	2.3	13.2	0.9486	2.6	0
4652	2013	270	12009.6	0.8	15.3	0.9252	1.1	0
4652	2013	271	12614.4	0.6	14.9	0.8643	1.6	0
4652	2013	272	13564.8	5.5	14.3	0.9141	4.3	0
4652	2013	273	13305.6	4.6	13.5	0.8288	3.9	0
4652	2013	274	13132.8	4	13.6	0.815	3.2	0
4652	2013	275	12960	2.6	14	0.7003	4.1	0
4652	2013	276	12441.6	1.8	13.8	0.6346	5.1	0
4652	2013	277	7084.8	3.8	13.2	0.7875	3.8	0.8
4652	2013	278	2764.8	8.1	16.7	1.3234	1.3	0
4652	2013	279	2764.8	10.7	15.5	1.4005	1.4	0.4
4652	2013	280	8640	7.1	17.6	1.2044	1.2	0
4652	2013	281	3628.8	7.6	16.9	1.225	1.4	0.7
4652	2013	282	2592	10.3	15.1	1.3497	3	3.6
4652	2013	283	6912	4.8	11.9	0.9662	2.1	4
4652	2013	284	2505.6	6.8	14	1.172	4.1	8.6
4652	2013	285	3196.8	8.9	12.2	1.2474	2.5	12.9
4652	2013	286	7948.8	2.4	11	0.8829	2.5	0
4652	2013	287	8121.6	1.4	13.8	0.9286	2.4	3.4
4652	2013	288	3024	6.9	12.1	1.1272	1.8	0.8
4652	2013	289	2332.8	7.7	11.7	1.1545	1.8	0.3
4652	2013	290	3110.4	9.2	14.2	1.2363	6.3	7.5
4652	2013	291	4406.4	1.8	12.3	0.9043	3	0.3
4652	2013	292	5616	2.5	14.9	0.9893	2.5	0.8
4652	2013	293	3542.4	13.2	17.9	1.5879	2.8	1.1
4652	2013	294	3196.8	11.9	16	1.3846	3.2	0
4652	2013	295	8121.6	10	20.7	1.3935	3.2	0.3
4652	2013	296	4147.2	13.3	19.2	1.4944	3.8	0
4652	2013	297	7084.8	2.7	14.7	0.9331	3.1	0
4652	2013	298	1987.2	2.4	14.5	1.017	2.9	1.9
4652	2013	299	5529.6	12.8	18.4	1.5753	3.4	0
4652	2013	300	5097.6	11.1	16.8	1.305	4.8	5.4
4652	2013	301	3283.2	11.4	17.3	1.2576	7	4.1
4652	2013	302	3110.4	8	12	0.9325	4.7	0.6
4652	2013	303	5875.2	4.7	11.5	0.9175	3.8	0.3
4652	2013	304	7257.6	3.6	11.8	0.8509	3.7	0.1
4652	2013	305	3542.4	6.6	11.9	0.9917	3.9	1.5
4652	2013	306	1641.6	6.1	10.7	1.0686	2.4	9.5
4652	2013	307	3110.4	5.1	10.9	0.922	5	3.1
4652	2013	308	1641.6	5.6	11.8	1.0343	5.2	12.3
4652	2013	309	4752	4.5	9.1	0.8692	4.3	6.8
4652	2013	310	3715.2	4.6	9.2	0.905	4.7	15.4
4652	2013	311	3456	8.2	13.2	1.1699	4.2	0.2
4652	2013	312	3196.8	6.9	10.5	1.0568	1.8	0.7
4652	2013	313	3196.8	5.8	10.3	0.8606	5.3	2.4
4652	2013	314	4406.4	3.6	7.6	0.8092	4.4	0
4652	2013	315	5616	-0.4	9.3	0.7301	2	0
4652	2013	316	1382.4	4	8.4	0.8056	3.3	0.3
4652	2013	317	5529.6	2.6	9.9	0.8654	2.9	0
4652	2013	318	4924.8	2	7.6	0.774	2.5	0
4652	2013	319	4665.6	-0.2	7.9	0.7402	1.1	0
4652	2013	320	1296	2.9	5.7	0.8221	2.7	0
4652	2013	321	1296	4.3	6.9	0.9001	1.7	0.6
4652	2013	322	1209.6	4.3	6.2	0.8519	2.5	0.2
4652	2013	323	1209.6	4.2	5.6	0.8054	2.5	0.5
4652	2013	324	2678.4	-2.4	5.9	0.6447	1.5	0
4652	2013	325	4233.6	-2.8	4.4	0.6021	1.8	0.1
4652	2013	326	1123.2	1.3	4.7	0.7123	2.9	1.1
4652	2013	327	1123.2	-0.5	6	0.6998	2.4	0.9
4652	2013	328	3888	-2.5	5.7	0.5829	2.9	0.6
4652	2013	329	4665.6	-3.1	3.4	0.5189	2.4	0
4652	2013	330	4579.2	-3.3	4.1	0.5724	1.5	0.3
4652	2013	331	1036.8	-1.6	6.7	0.7266	3.4	1.1
4652	2013	332	1036.8	5.8	8.2	0.8712	4.5	0
4652	2013	333	1036.8	3.3	6.5	0.7794	5	12.4
4652	2013	334	1987.2	3.5	5.2	0.775	4.1	1
4652	2013	335	950.4	1.8	7.7	0.8142	4.3	0.1
4652	2013	336	3369.6	-2.4	4.3	0.6479	0.9	0
4652	2013	337	2332.8	-2.3	2.7	0.6199	1.2	0
4652	2013	338	950.4	-1.2	5.2	0.6845	3.9	1.5
4652	2013	339	950.4	-0.2	4.3	0.6232	7.4	7.1
4652	2013	340	1641.6	-0.5	1.6	0.5913	8.7	2.2
4652	2013	341	950.4	-1	1.9	0.606	3.8	0.9
4652	2013	342	950.4	1.7	8.2	0.8256	5.1	11.8
4652	2013	343	950.4	7.9	8.8	1.076	5.7	7.1
4652	2013	344	950.4	4.6	8.4	0.9385	3	0
4652	2013	345	864	2.8	5.1	0.7941	2.4	0
4652	2013	346	864	0.1	3.4	0.6932	2.4	0
4652	2013	347	2073.6	-1.1	4.5	0.6631	2.3	0
4652	2013	348	864	-1.5	5.2	0.6842	3	0.2
4652	2013	349	864	3.3	7.2	0.8253	4.1	1.9
4652	2013	350	1814.4	3	10.6	0.7606	3.8	0
4652	2013	351	1555.2	4.2	8.4	0.7825	2.8	0
4652	2013	352	1814.4	3.3	8.3	0.7836	2.8	0
4652	2013	353	864	2.3	8.6	0.8098	3.9	2.7
4652	2013	354	1641.6	-0.5	5.2	0.6801	2.8	0.2
4652	2013	355	864	4	7.8	0.6313	5.8	0.1
4652	2013	356	864	5.5	9.7	0.8242	5.4	1.3
4652	2013	357	3283.2	4.2	10.4	0.8279	5.1	0
4652	2013	358	864	8.4	13.1	0.8385	8.3	0.3
4652	2013	359	1555.2	-0.1	12.3	0.7906	3.5	0
4652	2013	360	864	-0.6	5.9	0.7318	1.6	2.9
4652	2013	361	1728	2.5	9.5	0.7478	5.7	0.1
4652	2013	362	864	3.4	11.1	0.9372	3	5
4652	2013	363	1296	4.3	5.8	0.8051	3.5	0.1
4652	2013	364	3715.2	1.1	5.2	0.6433	4.6	0
4652	2013	365	3196.8	1.7	6.7	0.6267	3.6	0
