*---------------------------------------------------------------------------*
* Station name: SOLTAU                                  
* Year: 2001
* Author: Pedro Alencar                                   -999.000: NIL VALUE
* Source: ECAD 
* Comments: 
* Longitude: 52.9617, latitude: 52.9617, altitude: 76 m.
*
* Column  Daily value
* 1       station number
* 2       year
* 3       day
* 4       irradiation                   (kJ m-2 d-1)
* 5       minimum temperature           (degrees Celsius)
* 6       maximum temperature           (degrees Celsius)
* 7       early morning vapour pressure (kPa)
* 8       mean wind speed (height: 2 m) (m s-1)
* 9       precipitation                 (mm d-1)
*
** WCCDESCRIPTION=GERMANY, SOLTAU                                  
** WCCFORMAT=2
** WCCYEARNR=2001
*---------------------------------------------------------------------------*
   52.9617  9.7967    76.  -0.18 -0.55
4652	2001	1	950.4	-4	1.4	0.4779	4	6.8
4652	2001	2	1987.2	1.4	5.7	0.7248	2.6	0.1
4652	2001	3	950.4	0.6	6.4	0.7222	2.9	1
4652	2001	4	1296	-0.5	5.3	0.639	3.4	1.6
4652	2001	5	950.4	3.8	7.4	0.8365	3.8	13.4
4652	2001	6	2073.6	4.3	8.1	0.834	3.4	1.9
4652	2001	7	2937.6	2.4	8.3	0.7417	3.3	0.1
4652	2001	8	2160	1.7	5.1	0.6626	3.1	0.2
4652	2001	9	1036.8	3.8	5.2	0.7664	4.2	0.6
4652	2001	10	1036.8	0.7	3.8	0.6609	1.8	0
4652	2001	11	4233.6	-5.1	3	0.4471	1.7	0
4652	2001	12	1036.8	-3.9	-0.7	0.511	1.1	0
4652	2001	13	1036.8	-4.5	-2.7	0.4544	0.8	0
4652	2001	14	1036.8	-5.8	-1.1	0.4501	1.2	0
4652	2001	15	1123.2	-4.1	-2	0.4442	3.2	0
4652	2001	16	3974.4	-5.5	-0.4	0.4229	2.7	0
4652	2001	17	3628.8	-6.5	-2.6	0.3751	3	0
4652	2001	18	2505.6	-7.3	-0.9	0.3926	2.3	0
4652	2001	19	1987.2	-3.4	-1.2	0.4697	2.2	0
4652	2001	20	1209.6	-4	-1.4	0.4559	1.7	0.6
4652	2001	21	1209.6	-2.4	-0.2	0.5112	2.2	0.9
4652	2001	22	1209.6	-1.7	0.3	0.5458	3.9	2.2
4652	2001	23	1209.6	-0.1	5.8	0.7047	3	3.3
4652	2001	24	1296	4.1	10.7	0.9263	3.7	0
4652	2001	25	3628.8	1.3	8.5	0.7621	2.4	4.2
4652	2001	26	2332.8	1.7	7	0.775	2.4	2.5
4652	2001	27	1296	-0.3	3.9	0.6331	2.3	11.1
4652	2001	28	1382.4	0.3	2.3	0.6376	2	1.5
4652	2001	29	3715.2	-0.8	3.3	0.5818	1.5	0.5
4652	2001	30	1382.4	0.4	2.4	0.6355	1	0
4652	2001	31	1468.8	-0.4	3.3	0.6106	0.8	2.4
4652	2001	32	1468.8	-2.3	1.3	0.5243	2.4	0.2
4652	2001	33	1468.8	-5.3	-1	0.4312	2.2	0.1
4652	2001	34	3110.4	-8.9	-3.4	0.3013	3.4	1.8
4652	2001	35	1555.2	-5.2	-3.7	0.3911	4.6	17.1
4652	2001	36	1555.2	-5	5.6	0.5932	3.9	5.9
4652	2001	37	1641.6	4.9	10.1	0.9637	3.6	6.4
4652	2001	38	4752	6.4	12.2	0.9834	2.7	1.4
4652	2001	39	6048	6.3	13.8	0.8864	3.5	3.8
4652	2001	40	3456	-1.6	8.1	0.671	2.4	0.8
4652	2001	41	6739.2	-5	4.8	0.5035	1.7	0.4
4652	2001	42	1814.4	-0.4	11	0.7213	4.5	0.1
4652	2001	43	1814.4	5.5	13.5	0.9374	4.9	3.6
4652	2001	44	4147.2	3.3	7.2	0.7543	2.8	0
4652	2001	45	5356.8	0.5	7.7	0.7124	1.6	0
4652	2001	46	7689.6	-3.6	9.1	0.6402	0.9	0
4652	2001	47	6393.6	-3.6	9.4	0.617	1.8	8.1
4652	2001	48	3542.4	0.7	4.8	0.6328	2.5	0.1
4652	2001	49	2937.6	0.4	7.3	0.6839	3.7	0
4652	2001	50	2073.6	1.1	4.5	0.6649	3.9	0.8
4652	2001	51	3024	2.7	7.2	0.6952	4.6	1
4652	2001	52	3542.4	3.7	7.7	0.7141	6	0
4652	2001	53	3196.8	1	5.5	0.6633	5.6	7.7
4652	2001	54	5443.2	-4.8	2.1	0.465	2.8	0.8
4652	2001	55	8380.8	-11	-0.3	0.2889	1.8	0.1
4652	2001	56	3369.6	-2.5	2.5	0.5316	3.9	1.8
4652	2001	57	3024	-1.6	2.5	0.5492	2.4	0
4652	2001	58	9504	-4.2	4.3	0.4477	2.7	0
4652	2001	59	7948.8	-2.3	7	0.4775	2.2	0
4652	2001	60	3024	-2.5	1.6	0.544	0.9	2.4
4652	2001	61	4665.6	-1.6	1.3	0.55	1.5	0
4652	2001	62	2764.8	-2	0.5	0.4917	2.8	0.2
4652	2001	63	2851.2	-2.4	0.8	0.4957	3.3	0
4652	2001	64	5184	-3.6	4.4	0.5032	1.7	0
4652	2001	65	12441.6	-6.2	6	0.461	2.6	0
4652	2001	66	3801.6	-3.1	5.5	0.5064	3.4	0
4652	2001	67	3024	2.7	10.6	0.831	2.6	0
4652	2001	68	5616	6.9	13.5	0.9824	3.1	0.9
4652	2001	69	3110.4	7.8	12.1	1.0884	2.7	8.2
4652	2001	70	4752	9.1	13.7	1.1313	3.2	2.1
4652	2001	71	4492.8	3.1	12.2	0.7956	3.9	0.4
4652	2001	72	7344	-0.1	10.3	0.6938	3.7	5.9
4652	2001	73	5875.2	2.4	7.6	0.7326	5	0.7
4652	2001	74	7689.6	3	9	0.7478	2.4	0.7
4652	2001	75	7776	1.3	9.4	0.6702	1.7	0.5
4652	2001	76	3456	-0.5	4.4	0.5555	3.7	3.9
4652	2001	77	3542.4	0.3	2.3	0.6376	4.2	10
4652	2001	78	3542.4	-2.3	5.8	0.6308	5	2.6
4652	2001	79	15984	-4.9	3.6	0.3904	2.2	0
4652	2001	80	12182.4	-5	3.9	0.3816	4.1	0.4
4652	2001	81	3715.2	-0.5	1	0.5911	3	0.8
4652	2001	82	3801.6	-0.6	2.3	0.6108	3.6	10
4652	2001	83	3888	0.6	1.9	0.622	3.2	0.2
4652	2001	84	3888	0.1	1.8	0.504	4.7	0
4652	2001	85	8985.6	-0.7	6	0.3991	3.6	0
4652	2001	86	15811.2	-3.6	4.1	0.3795	3.6	0
4652	2001	87	11145.6	-3.4	4	0.4496	5.7	4.7
4652	2001	88	8121.6	0.9	11.3	0.8001	4.2	3.5
4652	2001	89	9244.8	0.3	11.3	0.7652	1.8	0.1
4652	2001	90	12787.2	3.8	13.7	0.722	3.1	0
4652	2001	91	9158.4	6.1	15.3	1.0157	2.9	0
4652	2001	92	17625.6	5.6	21.4	1.0202	2.5	0
4652	2001	93	11232	5.1	15.7	0.8821	3.6	0
4652	2001	94	9072	5	17.5	0.9868	4.2	2.8
4652	2001	95	9590.4	5.2	11.9	0.7568	5.3	3.1
4652	2001	96	5356.8	5.2	12.1	0.986	3.7	7.5
4652	2001	97	9849.6	4.4	12.7	0.9014	2.9	4.2
4652	2001	98	9676.8	0.1	12.9	0.7837	2.2	0.3
4652	2001	99	15811.2	-0.2	12.9	0.6416	2	0.2
4652	2001	100	6652.8	7.1	12.1	0.9795	1.9	5.2
4652	2001	101	6652.8	3.3	8.7	0.8039	2.8	0.6
4652	2001	102	14947.2	-0.5	7	0.5707	4.5	0.8
4652	2001	103	16848	-2.6	6.2	0.4244	3.8	0
4652	2001	104	15984	-3.5	5.8	0.3917	2.9	2.4
4652	2001	105	5875.2	-0.3	8.3	0.7481	2.3	5.5
4652	2001	106	5011.2	4.1	6.5	0.8103	2.7	2.3
4652	2001	107	7257.6	3.1	6.6	0.7249	3.2	2.9
4652	2001	108	5702.4	0.7	5.9	0.7043	3.6	5.8
4652	2001	109	11232	0.3	8.4	0.6834	4.2	0.2
4652	2001	110	11145.6	-0.3	8.3	0.6424	1.6	0.6
4652	2001	111	18921.6	-0.8	11.1	0.5904	3.5	0
4652	2001	112	17020.8	-1.8	12.3	0.6034	2.1	0
4652	2001	113	21686.4	-1.7	13.9	0.6024	2.3	0
4652	2001	114	20908.8	-0.9	16.7	0.575	2.2	1
4652	2001	115	5443.2	8.4	11.7	1.108	1.8	13.3
4652	2001	116	12960	5.3	14.6	1.0272	3.5	3.4
4652	2001	117	10713.6	4.2	12.4	0.952	2.3	2.5
4652	2001	118	8553.6	2.6	13	0.9201	2.8	2.4
4652	2001	119	16588.8	3.9	18.1	0.9181	2.4	1.8
4652	2001	120	19267.2	10.8	21.7	1.3099	2.1	0.8
4652	2001	121	22982.4	7.9	20.6	1.071	3.3	0
4652	2001	122	23760	4.8	20.8	0.7531	2.9	0
4652	2001	123	22464	11	27.1	1.2763	3.2	8.4
4652	2001	124	8467.2	6.2	12.7	0.9815	2.9	0
4652	2001	125	19440	5.3	13.7	0.8187	3.6	0
4652	2001	126	19008	5.6	15.2	0.8065	4.2	0
4652	2001	127	21340.8	4.3	15.5	0.78	2.6	0
4652	2001	128	18835.2	4.6	20.9	1.045	2.1	0
4652	2001	129	26524.8	5.6	23	0.8466	3.1	0
4652	2001	130	26524.8	9.6	25	0.9465	2.9	0
4652	2001	131	26784	6.9	23.2	0.9397	2.4	0
4652	2001	132	24364.8	6.1	23.2	0.9325	1.2	0
4652	2001	133	25660.8	6.2	23.7	0.9507	1.7	0
4652	2001	134	22118.4	8.7	25.3	1.0642	1.2	0
4652	2001	135	12355.2	7.9	18.9	1.0903	2.7	0
4652	2001	136	16502.4	6.8	20.9	1.1859	3.7	6.8
4652	2001	137	13132.8	8.5	20.3	1.2944	2.8	0.5
4652	2001	138	9331.2	5.4	14	0.9019	4.2	1.5
4652	2001	139	19180.8	4.3	15.6	0.9172	3.8	0.3
4652	2001	140	17625.6	3.6	15.5	0.8572	2.2	0
4652	2001	141	23932.8	5.5	16.1	0.906	2.5	0
4652	2001	142	24796.8	4.6	18.8	0.8517	1.9	0
4652	2001	143	28512	3.6	23.3	0.8011	1.5	0
4652	2001	144	28598.4	6.5	23.5	1.0389	2.2	0
4652	2001	145	26006.4	5.4	21.2	0.9764	2.3	0
4652	2001	146	23328	5.3	23.5	0.9176	1.5	0
4652	2001	147	16588.8	9.8	22.4	1.3888	3.1	5.1
4652	2001	148	6566.4	14.3	16.5	1.6251	4.3	9.2
4652	2001	149	19267.2	10.1	20.1	1.2342	5.4	0
4652	2001	150	17712	8.5	18.8	1.1394	2.2	0
4652	2001	151	18921.6	6.8	17.4	1.086	2.3	9.1
4652	2001	152	10886.4	7.6	16.4	1.1209	3.7	2.5
4652	2001	153	7257.6	6.5	14.5	1.1418	3.7	8
4652	2001	154	9763.2	6	11	0.9982	5.7	19
4652	2001	155	7776	7.5	11.3	1.0489	3.6	2.5
4652	2001	156	10713.6	8.6	17.1	1.1408	2.6	0
4652	2001	157	18576	8.5	20.2	1.1596	2.2	0.7
4652	2001	158	9331.2	9	15.6	1.1147	4.2	0
4652	2001	159	16416	5.9	15.8	0.9609	1.9	3.6
4652	2001	160	20217.6	4.6	16.4	0.9007	1.3	0
4652	2001	161	12614.4	4.7	15	1.0082	1.1	5.8
4652	2001	162	20908.8	3.3	15.9	0.8959	1.9	0.4
4652	2001	163	17798.4	4.7	16.3	0.9261	3.8	0.1
4652	2001	164	22204.8	2.1	18.9	0.8627	0.8	0
4652	2001	165	24624	8.2	19.1	1.077	2.2	0
4652	2001	166	22118.4	6.6	23.8	1.2594	2.4	7.3
4652	2001	167	15897.6	12	22.7	1.5232	2.3	1.3
4652	2001	168	16675.2	12.5	20.4	1.5696	1.3	6.1
4652	2001	169	14688	11.4	19	1.3801	3.3	0.7
4652	2001	170	7430.4	5.5	14.9	0.9326	2.6	0
4652	2001	171	22032	3.4	21.5	0.9237	1.8	0
4652	2001	172	14083.2	10.3	19.5	1.2184	2.3	0
4652	2001	173	11923.2	9.9	15.2	1.2639	3.3	12.5
4652	2001	174	15984	11.1	17.9	1.3853	3.3	0.2
4652	2001	175	18403.2	9.8	19	1.2289	2.3	0
4652	2001	176	26697.6	8.6	19.9	1.2171	2.6	0
4652	2001	177	26697.6	9.3	25.5	1.2898	1.5	0
4652	2001	178	25747.2	14.9	29.1	1.6097	3.2	3.8
4652	2001	179	12614.4	13.4	23.3	1.7905	2.2	1.9
4652	2001	180	21081.6	12.4	24.5	1.5898	1.9	0
4652	2001	181	12182.4	13	26	1.8104	1.7	26.7
4652	2001	182	21340.8	12.2	20.9	1.4291	3.3	0
4652	2001	183	21081.6	12	21.4	1.3669	2.6	0
4652	2001	184	23932.8	10.3	24.7	1.298	2	0
4652	2001	185	27561.6	12	27	1.3125	3.1	0
4652	2001	186	27043.2	16.8	29.8	1.6844	2.6	0
4652	2001	187	27388.8	16.2	30.5	1.4891	2.8	0
4652	2001	188	22809.6	18.4	29.3	1.6526	3.4	8.6
4652	2001	189	6566.4	16	20.8	1.8384	3.4	10.3
4652	2001	190	8380.8	15.4	20.8	1.7004	2.7	0
4652	2001	191	20908.8	12.8	24.4	1.455	2.9	2.4
4652	2001	192	19008	12.6	21.5	1.3975	4.8	2.2
4652	2001	193	17280	12.7	21.2	1.2151	4.5	2.8
4652	2001	194	16588.8	11.5	20.6	1.3297	3.1	0.6
4652	2001	195	12268.8	12.6	20.7	1.5896	2.5	3.8
4652	2001	196	12268.8	11.9	19.1	1.3366	2.7	0.9
4652	2001	197	7516.8	9.8	14.6	1.2635	1	4.1
4652	2001	198	20822.4	8.6	21.6	1.1827	1.3	0
4652	2001	199	18230.4	10.8	22.7	1.3712	2.6	2
4652	2001	200	19785.6	12.6	22.8	1.5167	3	4.4
4652	2001	201	18403.2	12	21.2	1.4148	2.4	0.2
4652	2001	202	20908.8	12.7	22.4	1.3422	2.7	0
4652	2001	203	14256	13.9	27	1.6319	1.7	0
4652	2001	204	15984	16.7	27.1	1.9933	1.8	12.5
4652	2001	205	19872	16.3	27.5	1.9933	1.7	0
4652	2001	206	21600	15.2	25.8	1.7814	2.4	0
4652	2001	207	25056	13.5	27.3	1.5791	1.5	0
4652	2001	208	26265.6	13.2	29.6	1.4755	1.8	0
4652	2001	209	21081.6	16.8	28.5	1.7294	2.1	0
4652	2001	210	24105.6	15	25.9	1.6559	2.2	0
4652	2001	211	20390.4	14.9	26.8	1.7218	2.7	0
4652	2001	212	12355.2	13.5	23.2	1.7694	1.6	7.9
4652	2001	213	16761.6	10.3	21.4	1.2949	1.9	0
4652	2001	214	22636.8	8.8	25.2	1.1996	3.1	0.1
4652	2001	215	15724.8	13.7	25.8	1.6548	3.6	0.1
4652	2001	216	11836.8	11.9	23.3	1.7081	2.4	15.1
4652	2001	217	14169.6	11.9	19	1.455	3.1	3.8
4652	2001	218	18057.6	9.8	21.1	1.3498	2.9	1.6
4652	2001	219	11145.6	15	20.3	1.653	3.9	3.3
4652	2001	220	14428.8	13.9	21.4	1.5321	5	0.6
4652	2001	221	15724.8	13.1	19.5	1.4806	3	3.8
4652	2001	222	11145.6	9.7	17.6	1.3267	2.8	1.7
4652	2001	223	14947.2	9.5	19.3	1.1798	2.8	0
4652	2001	224	6912	12.6	19.8	1.508	3.7	13
4652	2001	225	5529.6	14.6	18.3	1.719	4.2	0.3
4652	2001	226	18403.2	17.4	28	2.0926	1.9	0
4652	2001	227	23328	17.1	33.9	2.149	2	0
4652	2001	228	16675.2	17.4	28.5	1.9008	3.2	0
4652	2001	229	22377.6	12.7	24.5	1.3694	2	0
4652	2001	230	19526.4	12.5	25.1	1.3866	3.2	0
4652	2001	231	12182.4	17.7	26.6	1.944	2.5	0
4652	2001	232	11318.4	14.2	23.4	1.6466	1.7	0
4652	2001	233	18489.6	14.2	25.9	1.7092	1.3	0
4652	2001	234	20649.6	12.3	26.9	1.5712	1.7	0
4652	2001	235	17884.8	14.6	27.7	1.7537	1.9	0
4652	2001	236	17884.8	19	29.9	2.0801	1.5	0
4652	2001	237	20908.8	16	31.8	1.9239	1.3	0
4652	2001	238	19353.6	17.4	32.9	1.8497	2.4	6
4652	2001	239	12960	11.6	19.9	1.376	3.3	6.9
4652	2001	240	15897.6	10.3	18.8	1.1581	4.4	0
4652	2001	241	16243.2	9	21	1.2263	1.9	0
4652	2001	242	18835.2	10.1	23	1.1847	2.9	1.5
4652	2001	243	10800	10.9	21.3	1.3523	2.1	0.1
4652	2001	244	13219.2	9.6	19.7	1.3322	2.7	0
4652	2001	245	8640	9.3	17.2	1.2622	3.7	11
4652	2001	246	4406.4	12.4	17.8	1.577	2.7	25.2
4652	2001	247	10108.8	11.8	17.9	1.4	2.8	0.9
4652	2001	248	11836.8	9.4	20.2	1.4292	2.1	1.1
4652	2001	249	8467.2	8	13.3	1.1532	1.7	5
4652	2001	250	6912	10.6	16.6	1.4002	3.5	22.6
4652	2001	251	12096	7.9	14	1.1242	5.4	18.6
4652	2001	252	5097.6	8	12.8	1.1342	6.5	25.9
4652	2001	253	4665.6	10.7	14.2	1.3278	5.1	9.7
4652	2001	254	3974.4	9.9	12.4	1.2187	5.6	16.2
4652	2001	255	11923.2	10.1	17.1	1.2757	2.8	3.7
4652	2001	256	10108.8	7.8	17.6	1.2177	3.4	1.2
4652	2001	257	10195.2	7.5	17.4	1.1834	2.4	0
4652	2001	258	5011.2	8	14.5	1.1734	3.6	2.5
4652	2001	259	6048	7.2	14.3	1.1222	1.5	0.6
4652	2001	260	10454.4	4.8	15.5	1.0534	2	1
4652	2001	261	11318.4	2.5	15	0.9476	1.9	5.6
4652	2001	262	8208	8.2	16.9	1.1331	4.1	6.1
4652	2001	263	3542.4	10.1	13.2	1.2597	3.7	10.4
4652	2001	264	4060.8	11	13.8	1.3234	2.5	19.5
4652	2001	265	4320	9.1	14.4	1.2542	2.3	4.9
4652	2001	266	5875.2	9.6	15.3	1.2845	1.7	0
4652	2001	267	11232	8.3	17	1.1844	2.5	0
4652	2001	268	5702.4	7.3	16.1	1.1677	0.9	0.1
4652	2001	269	7430.4	7.8	16.8	1.2433	1.4	0.2
4652	2001	270	3196.8	8.2	13	1.1749	1.7	24.4
4652	2001	271	3110.4	10.5	14	1.3104	1.3	0.1
4652	2001	272	12096	9.9	20.7	1.4237	2.5	5.2
4652	2001	273	4492.8	9.7	16.8	1.3991	2.5	1.5
4652	2001	274	3801.6	10.2	18.1	1.4027	4.5	1.5
4652	2001	275	2937.6	14	19.6	1.6812	4.2	11.5
4652	2001	276	6307.2	11.8	16.9	1.4209	3.2	1.8
4652	2001	277	4060.8	11.3	16.4	1.3124	3.9	0
4652	2001	278	8467.2	8.4	17.7	1.2458	1.9	0
4652	2001	279	10108.8	7.3	19.9	1.3068	2.1	0
4652	2001	280	5097.6	11.1	17.6	1.4046	2.4	0.1
4652	2001	281	5443.2	9	17.3	1.2087	3.7	0.1
4652	2001	282	6566.4	9.3	17.3	1.1443	4.2	0
4652	2001	283	6566.4	11.7	16.1	1.1739	5.6	0.5
4652	2001	284	2505.6	12.2	14.6	1.3667	4.7	0.7
4652	2001	285	10713.6	8.2	20.4	1.2698	2.4	0
4652	2001	286	9590.4	7.3	21.6	1.3644	1.6	0
4652	2001	287	7516.8	10.7	23.5	1.5577	1.9	0.1
4652	2001	288	6480	10	20.9	1.5076	1.6	0
4652	2001	289	6566.4	5.7	18.2	1.215	1.8	0
4652	2001	290	3888	3.2	14.6	1.037	2.4	0
4652	2001	291	7689.6	9.5	16.8	1.2389	3.8	0
4652	2001	292	7603.2	9	18.4	1.2527	3.1	0
4652	2001	293	6739.2	7.3	14.9	1.109	3.6	0
4652	2001	294	2073.6	8	11.3	1.0547	2.6	6.6
4652	2001	295	4320	11	15.2	1.3403	1.8	0.7
4652	2001	296	1987.2	9.5	11.9	1.1442	3.1	0
4652	2001	297	1987.2	7.5	9.5	0.965	3	2.4
4652	2001	298	2505.6	8.1	13.7	1.2117	1.5	0
4652	2001	299	5529.6	8.6	15.6	1.2271	2.7	0.1
4652	2001	300	2246.4	8.4	13.9	1.2054	3.1	1.9
4652	2001	301	4320	9.1	14.3	1.1677	4	0
4652	2001	302	1814.4	8.5	11.5	1.0797	5.2	3.6
4652	2001	303	6825.6	11.4	18.1	1.1899	7	0
4652	2001	304	3974.4	6.7	16.2	1.0134	6.8	9.5
4652	2001	305	3801.6	5.7	9.7	0.9139	3.8	2.3
4652	2001	306	2851.2	7.3	12.8	1.0834	3	0.2
4652	2001	307	1641.6	9.5	11.4	1.0368	3.6	0
4652	2001	308	1641.6	8	10.1	0.99	4.3	1.5
4652	2001	309	5270.4	4	9.6	0.8198	3.5	3.3
4652	2001	310	2419.2	5	9.9	0.8984	5.5	3.4
4652	2001	311	1814.4	5.3	8.4	0.892	4.1	2
4652	2001	312	1468.8	-0.4	6.8	0.6917	3.2	10
4652	2001	313	5788.8	-3.3	4.8	0.5096	3.2	0
4652	2001	314	5961.6	-5.1	5.1	0.4582	3.2	0
4652	2001	315	1382.4	2.2	5.5	0.6517	3.8	1.1
4652	2001	316	1382.4	2.1	9	0.8517	3.5	2.8
4652	2001	317	5356.8	-2	6.9	0.6267	1.7	0
4652	2001	318	5184	-2.3	6.1	0.6166	1.6	0
4652	2001	319	3801.6	-2.6	5.4	0.5949	3.7	0.2
4652	2001	320	3974.4	1.9	9.4	0.8029	2.5	0.1
4652	2001	321	1296	2.3	8.6	0.8458	1.5	0.5
4652	2001	322	2073.6	6.3	9.5	0.9477	1.6	0
4652	2001	323	1209.6	-0.3	8.4	0.7426	1.7	0
4652	2001	324	1209.6	-1.4	6.5	0.6899	1.8	0
4652	2001	325	1209.6	5.8	9.2	0.8808	6.7	5.7
4652	2001	326	1123.2	-0.1	8.5	0.7422	5.3	7.1
4652	2001	327	4665.6	-2.2	4.4	0.569	2.6	0
4652	2001	328	1123.2	0.7	4.7	0.7047	2.1	1
4652	2001	329	1123.2	4.1	8.2	0.8973	1.9	4.2
4652	2001	330	1123.2	-1.2	9.1	0.7455	2.1	0
4652	2001	331	1036.8	-2.5	3	0.5973	1.3	3.5
4652	2001	332	2246.4	1.6	6.4	0.7481	3.5	2.1
4652	2001	333	1036.8	0.6	7	0.7537	2.7	6.3
4652	2001	334	1036.8	4.8	6.3	0.8155	4	0.4
4652	2001	335	950.4	4.6	6.5	0.8427	3.7	7.3
4652	2001	336	950.4	2.3	8.4	0.84	2.1	0
4652	2001	337	950.4	0	2.7	0.6332	3.2	0
4652	2001	338	950.4	-0.4	7.6	0.7431	4.2	13.3
4652	2001	339	950.4	5.1	7.3	0.8625	3.9	13.9
4652	2001	340	1123.2	-0.8	6.4	0.6873	3.4	0
4652	2001	341	2764.8	-3.4	4	0.5807	0.9	0
4652	2001	342	1468.8	-1.8	3	0.5743	1.8	0
4652	2001	343	1900.8	-3.4	0.6	0.4964	1.6	0
4652	2001	344	950.4	-2.2	3	0.5661	1.4	0
4652	2001	345	864	0.6	2.7	0.6607	1.7	0
4652	2001	346	864	-0.6	3.5	0.6445	1.7	0
4652	2001	347	3283.2	-7.9	2.3	0.373	3.2	0
4652	2001	348	2764.8	-9.7	-2.5	0.2869	1.3	0.1
4652	2001	349	864	-3.6	1.3	0.5056	1.9	0.2
4652	2001	350	3456	-3	1.8	0.5264	2.1	0
4652	2001	351	864	-0.8	1.5	0.5766	2.2	0
4652	2001	352	864	-1.5	3.4	0.6283	2.6	0.3
4652	2001	353	864	0.5	5	0.67	5	6.7
4652	2001	354	2937.6	-5.2	0.7	0.3989	3.8	2.4
4652	2001	355	864	-0.7	3.5	0.6219	7.1	15.9
4652	2001	356	864	-6.9	0.1	0.4328	2.1	0.9
4652	2001	357	3628.8	-9.6	-4.4	0.3111	3.9	0
4652	2001	358	864	-5.5	4.2	0.5186	7.6	15.6
4652	2001	359	2246.4	0.3	5.6	0.6871	5.8	3.7
4652	2001	360	864	0.1	1.5	0.5956	5.1	2.6
4652	2001	361	864	-0.8	2.2	0.5914	5.6	9.9
4652	2001	362	1123.2	0.8	5.3	0.6844	6.1	11
4652	2001	363	2505.6	-2.2	2	0.5277	3.4	0.1
4652	2001	364	864	-6.3	-0.1	0.4441	2.7	5.5
4652	2001	365	2764.8	-9.6	-1.5	0.3639	1.7	1.2
