*---------------------------------------------------------------------------*
* Station name: SOLTAU                                  
* Year: 1985
* Author: Pedro Alencar                                   -999.000: NIL VALUE
* Source: ECAD 
* Comments: 
* Longitude: 52.9617, latitude: 52.9617, altitude: 76 m.
*
* Column  Daily value
* 1       station number
* 2       year
* 3       day
* 4       irradiation                   (kJ m-2 d-1)
* 5       minimum temperature           (degrees Celsius)
* 6       maximum temperature           (degrees Celsius)
* 7       early morning vapour pressure (kPa)
* 8       mean wind speed (height: 2 m) (m s-1)
* 9       precipitation                 (mm d-1)
*
** WCCDESCRIPTION=GERMANY, SOLTAU                                  
** WCCFORMAT=2
** WCCYEARNR=1985
*---------------------------------------------------------------------------*
   52.9617  9.7967    76.  -0.18 -0.55
4652	1985	1	950.4	-3.1	0.3	0.5295	3.5	0.7
4652	1985	2	950.4	-5.9	-2.9	0.4014	2.7	1
4652	1985	3	2937.6	-9.3	-2.7	0.3321	2.6	0
4652	1985	4	2246.4	-11.2	-6	0.2684	4	0.3
4652	1985	5	2160	-12.7	-6.2	0.257	3	0
4652	1985	6	950.4	-16.5	-10.2	0.1858	1	3
4652	1985	7	2937.6	-18.6	-10.6	0.1618	1.7	0
4652	1985	8	1987.2	-15.2	-9.7	0.2117	1.2	2.2
4652	1985	9	1296	-12.3	-6.9	0.2658	1.6	1.4
4652	1985	10	1036.8	-14.1	-6.3	0.2563	0.5	0.2
4652	1985	11	1036.8	-12.1	-5.6	0.2914	1.6	3.8
4652	1985	12	2332.8	-8.8	-1.3	0.3906	2.9	0.2
4652	1985	13	3110.4	-14.8	-6.9	0.2354	1.5	0.2
4652	1985	14	1036.8	-16.3	-3.9	0.2499	2.6	0.6
4652	1985	15	1123.2	-13.6	-9.5	0.2175	2.9	0.7
4652	1985	16	1123.2	-10.9	-5.9	0.2759	3	0
4652	1985	17	2160	-12.6	-8.2	0.2163	2.4	1
4652	1985	18	3628.8	-11.1	-6.9	0.2539	1.4	0
4652	1985	19	1123.2	-15.2	-2.9	0.2838	0.7	0
4652	1985	20	1209.6	-5.8	-4	0.3738	2.4	0
4652	1985	21	1209.6	-5.6	1.1	0.4714	2.9	0.8
4652	1985	22	1209.6	1.1	5.7	0.7249	3.9	1.3
4652	1985	23	3715.2	-0.1	3.1	0.5651	4.9	0
4652	1985	24	3283.2	-1.2	1.5	0.5189	5.7	13.5
4652	1985	25	1296	-0.6	2.8	0.6417	3.6	9.6
4652	1985	26	1296	0.1	2	0.646	1.8	1.9
4652	1985	27	3974.4	-10.2	0.3	0.3512	3	0
4652	1985	28	5356.8	-10.5	-0.7	0.3303	3.1	0
4652	1985	29	1814.4	-5.9	4	0.5131	3.5	10.4
4652	1985	30	2505.6	2.4	5.6	0.7644	5.1	0
4652	1985	31	3024	3	8.1	0.752	6.3	4.3
4652	1985	32	1468.8	3.6	9.2	0.8744	6.8	7.8
4652	1985	33	1468.8	3.7	7.8	0.7717	7.4	3.2
4652	1985	34	6652.8	-4.1	3.7	0.4456	2.9	0
4652	1985	35	1555.2	-5.4	1.8	0.3481	2.2	0.4
4652	1985	36	1555.2	1	6.5	0.6871	2.7	0.8
4652	1985	37	1641.6	-0.1	5.2	0.6752	2.6	0.4
4652	1985	38	6393.6	-4.8	0.2	0.3871	2	0
4652	1985	39	1641.6	-7.7	-3.9	0.2737	4.5	0
4652	1985	40	6652.8	-7.9	-3.4	0.2688	5.1	0
4652	1985	41	4579.2	-10.4	-5.8	0.2824	2.8	0
4652	1985	42	7344	-11.3	-5.7	0.2351	2	0
4652	1985	43	7776	-14.5	-5.5	0.1688	2.8	0
4652	1985	44	7862.4	-13.6	-2.8	0.2011	2.5	0
4652	1985	45	7171.2	-15.3	-2.6	0.2425	2.6	0.1
4652	1985	46	6480	-14.6	-4.1	0.1928	4	0
4652	1985	47	1987.2	-8.2	1.6	0.4168	2.7	0
4652	1985	48	6912	-8.3	0.2	0.3533	3.7	0
4652	1985	49	8726.4	-12.4	-2.6	0.2402	2.5	0
4652	1985	50	9244.8	-17.4	-0.2	0.1919	1.5	0
4652	1985	51	3196.8	-16.2	-0.7	0.1746	2.7	0.2
4652	1985	52	2160	-2.2	1.9	0.55	3.7	0.4
4652	1985	53	2851.2	-3.1	0	0.4419	1.2	0
4652	1985	54	2246.4	-7.4	0.9	0.4184	2.8	3.7
4652	1985	55	2246.4	0.9	6.7	0.7457	3.4	0.1
4652	1985	56	4147.2	-0.2	7.5	0.7775	1.3	0
4652	1985	57	5356.8	2.5	8.9	0.7874	2.8	0
4652	1985	58	2419.2	-2.1	2.9	0.6164	1.4	0.4
4652	1985	59	2419.2	-0.8	0.2	0.5859	1.4	0.5
4652	1985	60	2678.4	-1.1	1.1	0.5988	2.1	1.1
4652	1985	61	5011.2	1	9.4	0.787	1.9	0.8
4652	1985	62	11750.4	0.2	11.1	0.7117	2.4	0
4652	1985	63	8208	2.9	9.7	0.7444	3.3	0.3
4652	1985	64	4665.6	1.5	9.8	0.7755	1.3	1.3
4652	1985	65	2937.6	3.1	7.8	0.7918	1.3	0.5
4652	1985	66	2937.6	2.1	4.7	0.7561	1.3	0.2
4652	1985	67	3024	0.7	3.7	0.6657	0.6	0.8
4652	1985	68	3110.4	0.2	1.8	0.532	1.3	0
4652	1985	69	8294.4	-1.4	4.3	0.4953	2	5.6
4652	1985	70	4752	-1.5	2.4	0.5871	1.6	1.7
4652	1985	71	11491.2	-5.9	5	0.5204	0.8	0
4652	1985	72	3974.4	-3.8	1.5	0.5506	1.1	1.3
4652	1985	73	3283.2	-0.6	1.5	0.6186	2.2	1.9
4652	1985	74	7689.6	0.4	4.4	0.6317	3	0.2
4652	1985	75	10195.2	-1	5.2	0.5544	2.2	0
4652	1985	76	11232	-2.1	2.8	0.5139	4.9	0
4652	1985	77	6739.2	-2.2	1.5	0.4467	4.8	0.5
4652	1985	78	3542.4	-1.3	1.5	0.5662	3.4	1.1
4652	1985	79	3628.8	0.9	2	0.6513	3	0.8
4652	1985	80	13046.4	0.1	9	0.6676	2.9	0
4652	1985	81	7776	-0.5	12.9	0.7393	1.9	0
4652	1985	82	12096	0.3	12.9	0.7209	2.3	0
4652	1985	83	12700.8	-1.2	11.6	0.734	2.1	0.1
4652	1985	84	8899.2	-0.9	10.2	0.6213	2.6	1.6
4652	1985	85	3974.4	4.8	8.3	0.8932	2.2	4
4652	1985	86	4752	-0.5	6.3	0.6621	3.9	2.5
4652	1985	87	12873.6	-1.3	5	0.5027	5.1	3.8
4652	1985	88	4147.2	-1.6	4.5	0.6445	4.8	11.6
4652	1985	89	4147.2	4.2	9.1	0.9092	6	5.8
4652	1985	90	4233.6	8.1	10	1.0936	4.3	8.8
4652	1985	91	4233.6	6.7	11.5	1.0857	3.6	8.6
4652	1985	92	5443.2	7.8	12.4	1.0005	6.4	2.7
4652	1985	93	6912	5.6	15.1	1.1304	2.7	0
4652	1985	94	17366.4	10	20.9	1.157	2.7	0
4652	1985	95	10108.8	8.6	21.4	1.1411	1.4	2.2
4652	1985	96	6134.4	9.2	14.6	1.2249	1.2	6.6
4652	1985	97	5097.6	7.8	11.1	1.0998	1.9	8.1
4652	1985	98	11145.6	8.4	13.4	1.0944	4.5	4.7
4652	1985	99	6307.2	6.8	10.7	0.9701	4	1.2
4652	1985	100	6652.8	5.9	9.3	0.9077	1.8	0.3
4652	1985	101	10281.6	5.1	13.2	0.8344	2.5	1.7
4652	1985	102	7603.2	5.2	9.1	0.7891	3.3	2.7
4652	1985	103	10713.6	4.6	10.7	0.9213	3.6	7.3
4652	1985	104	5443.2	3	8.4	0.8057	3.2	2.4
4652	1985	105	5011.2	4	6.7	0.8042	4.2	0.1
4652	1985	106	11836.8	4.2	10.3	0.8557	2.1	2.3
4652	1985	107	20304	-1.2	15.4	0.7058	1.3	0
4652	1985	108	13651.2	3	16.9	0.9172	1.5	0
4652	1985	109	20044.8	2.5	18.2	0.8164	2.3	0
4652	1985	110	12009.6	4.4	13	0.787	3.7	0
4652	1985	111	17625.6	0.7	15.2	0.6732	1.9	0
4652	1985	112	22291.2	3.2	15.9	0.7619	2.7	0
4652	1985	113	8467.2	0.4	8.1	0.6951	4.5	0.2
4652	1985	114	21081.6	-2.4	10.6	0.4831	4.1	4.4
4652	1985	115	14860.8	1.3	5.5	0.5768	4.7	0.8
4652	1985	116	18489.6	0.4	7.8	0.5486	4	3.5
4652	1985	117	10195.2	1.2	5.7	0.6727	5.2	10.6
4652	1985	118	16848	0.2	7.5	0.7161	5	13.1
4652	1985	119	12873.6	0.5	8.2	0.675	4.5	0.3
4652	1985	120	24105.6	3.8	11	0.6381	5.5	0
4652	1985	121	13737.6	0.2	10.8	0.6411	4.2	1.8
4652	1985	122	7084.8	3.3	5.8	0.7775	4.9	4.6
4652	1985	123	8121.6	2.8	8.5	0.7573	2.6	0
4652	1985	124	8208	1.5	8.7	0.7904	2.3	0.8
4652	1985	125	14342.4	4.6	14.5	0.9167	2.5	0
4652	1985	126	16848	8.2	18.5	0.7959	4.6	0
4652	1985	127	13392	12.5	23.7	1.2235	5.1	2.1
4652	1985	128	19267.2	11.2	19.6	1.328	4.1	1.8
4652	1985	129	19008	9.3	19.6	1.1836	2	0
4652	1985	130	6048	8.2	15	1.1463	2.1	0
4652	1985	131	13305.6	9.2	18.4	1.2136	2.4	3.6
4652	1985	132	20736	8.2	18.9	1.2406	4.7	0.1
4652	1985	133	12960	10.6	23.4	1.5479	3.3	0
4652	1985	134	25833.6	10.1	27.5	1.3649	3.4	0
4652	1985	135	26006.4	7.6	21.7	0.9825	2.2	0
4652	1985	136	27216	8.5	20.4	1.0192	2.6	0
4652	1985	137	26956.8	4.4	20.5	0.9814	2.4	0
4652	1985	138	20476.8	6.4	20.8	1.1513	2.1	0
4652	1985	139	24969.6	6.3	22.2	0.8925	2.9	0
4652	1985	140	20131.2	9.1	22.5	1.2191	3.2	0
4652	1985	141	24278.4	13.3	24.2	1.1231	2.7	0
4652	1985	142	19094.4	8.7	20.2	1.3315	2.2	11.9
4652	1985	143	6480	8.6	12.7	1.1917	3	1.6
4652	1985	144	17193.6	5.7	18.5	0.9873	2.1	0
4652	1985	145	27475.2	9.1	23.7	1.2293	1.8	0
4652	1985	146	28684.8	11.5	28.8	1.1308	2.4	0
4652	1985	147	26524.8	14.3	30.8	1.4461	2.5	1.5
4652	1985	148	6566.4	12.9	22.4	1.8748	2.5	12
4652	1985	149	18921.6	10.5	17.6	1.2334	3.8	0
4652	1985	150	25488	8	21	1.1214	3.4	0
4652	1985	151	25574.4	6.9	22.4	1.2489	2.2	0
4652	1985	152	29376	7.1	22.8	0.8828	2.6	0
4652	1985	153	29462.4	6.1	25.2	0.8701	2.8	0
4652	1985	154	29462.4	6.7	27	0.8625	1.6	0
4652	1985	155	28684.8	10.4	28.6	1.1089	2.2	0
4652	1985	156	20736	14.3	25.7	1.4939	3.3	0
4652	1985	157	9849.6	13.4	18.5	1.4299	2.4	0.1
4652	1985	158	14428.8	12.5	20.6	1.6172	2.8	4.1
4652	1985	159	19699.2	8.3	14.6	1.081	4	1.5
4652	1985	160	20390.4	4.2	15.1	0.9349	4.1	6.3
4652	1985	161	17712	8.9	15.5	1.2493	3.2	4.8
4652	1985	162	19612.8	7.4	15.8	1.1054	3.8	7.7
4652	1985	163	10368	8.3	14.2	1.2534	3.6	8.5
4652	1985	164	13824	7	15.4	1.143	4.4	3.2
4652	1985	165	14342.4	8.5	14.2	1.047	4	0
4652	1985	166	15292.8	4.4	10.7	0.9462	5.4	13.3
4652	1985	167	16502.4	5	14	0.878	3	2.2
4652	1985	168	12614.4	6.8	12.2	1.1035	2.5	15.6
4652	1985	169	24364.8	5.3	18.2	0.951	1.6	0
4652	1985	170	19699.2	7.2	21.2	1.0675	1.7	0.1
4652	1985	171	6739.2	11.9	16	1.321	2.6	4.6
4652	1985	172	10627.2	10.7	18.1	1.3764	1.7	1
4652	1985	173	8899.2	10.5	17	1.461	1.7	2.3
4652	1985	174	22636.8	8.4	19.4	1.2056	2	0
4652	1985	175	23673.6	6.3	22.2	1.0386	1	0.6
4652	1985	176	6739.2	11.9	15.9	1.5071	2.2	7.7
4652	1985	177	14169.6	7.7	17.3	1.3466	1.7	12.1
4652	1985	178	18316.8	10.7	18.1	1.3272	3.2	4.7
4652	1985	179	11232	10.1	17.2	1.3891	3.7	2.7
4652	1985	180	11404.8	10.2	16.1	1.2842	3.4	2.4
4652	1985	181	8208	12.2	18.6	1.6251	2	16.1
4652	1985	182	12009.6	10.4	17.3	1.3282	2.1	0
4652	1985	183	19008	8.5	18	1.2622	2.5	0
4652	1985	184	22723.2	6.9	22.1	1.2863	1	0
4652	1985	185	28166.4	9.6	26	1.16	3	0
4652	1985	186	29548.8	13.8	25.7	1.1722	3.6	0
4652	1985	187	21945.6	14	26.8	1.5791	3.4	0.3
4652	1985	188	24364.8	10.3	20.1	1.2076	2.9	0.6
4652	1985	189	8380.8	8	14.9	1.2837	3.1	4.5
4652	1985	190	8380.8	11.9	16.2	1.4577	2.2	4
4652	1985	191	11836.8	12.8	19.4	1.5715	1.7	0.2
4652	1985	192	16156.8	9.5	21.2	1.3412	1.7	0
4652	1985	193	16329.6	12.2	24	1.4309	1.8	0
4652	1985	194	20217.6	17	27.1	1.8793	1.2	0
4652	1985	195	23068.8	14	30	1.6361	2.5	3.6
4652	1985	196	20131.2	15.7	25.1	1.7465	3.6	0
4652	1985	197	13392	9.5	23.3	1.3783	1.5	1.4
4652	1985	198	21686.4	12.4	21.6	1.4124	2.5	0
4652	1985	199	23673.6	11.7	27	1.3004	2.1	2.5
4652	1985	200	18576	15.6	20.7	1.5186	3.1	0
4652	1985	201	13564.8	11.1	20.4	1.376	2.4	7.4
4652	1985	202	19094.4	9.8	18.3	1.2495	3.3	10.8
4652	1985	203	8035.2	7.2	15.6	1.2794	3.6	10.7
4652	1985	204	20476.8	13.1	19.9	1.4996	4.2	0
4652	1985	205	22896	7.8	24.4	1.3705	2.2	0
4652	1985	206	12009.6	13	21.5	1.7298	1	0
4652	1985	207	18921.6	12.6	24.2	1.458	3	4
4652	1985	208	18748.8	15.7	22.5	1.788	3.3	0
4652	1985	209	17366.4	11.5	24.1	1.3431	2.2	0
4652	1985	210	13132.8	14.2	20.7	1.8115	2.1	3.9
4652	1985	211	8812.8	13.3	17.7	1.4949	3.9	4.1
4652	1985	212	11059.2	13.3	18.7	1.616	3.8	2.5
4652	1985	213	15033.6	10.9	20.2	1.4467	2.4	5.3
4652	1985	214	10368	10.8	18.2	1.3853	2.9	0.1
4652	1985	215	14601.6	11	19	1.3284	3.3	5.7
4652	1985	216	18489.6	8.1	18.6	1.2092	3.3	7.1
4652	1985	217	14083.2	11.8	20.6	1.6184	5	12.3
4652	1985	218	20390.4	11.3	18.6	1.4091	3.7	0
4652	1985	219	19872	8.2	19	1.2446	2.2	0
4652	1985	220	13564.8	9.6	19.3	1.3644	1.8	0.9
4652	1985	221	23587.2	9.1	24.7	1.4228	1.7	4.5
4652	1985	222	14860.8	11.5	21.5	1.6683	3.4	3.3
4652	1985	223	23241.6	9.4	22.4	1.0825	3	0
4652	1985	224	15379.2	13.7	20.1	1.4035	3.2	0
4652	1985	225	23068.8	7.8	23.4	1.3629	1.6	0
4652	1985	226	22118.4	15	32	1.9938	2.5	3.9
4652	1985	227	18835.2	14.8	25	1.879	1.5	10.4
4652	1985	228	14601.6	14	22.6	1.7429	1	3
4652	1985	229	15638.4	11.4	20.6	1.5616	2	1
4652	1985	230	6307.2	12.1	15.6	1.5022	2.5	7.7
4652	1985	231	11318.4	11.3	21.1	1.5448	1.8	0.5
4652	1985	232	12873.6	14.3	20.4	1.5627	4.2	4
4652	1985	233	17971.2	13.9	21.4	1.6329	3.5	0
4652	1985	234	10281.6	8.8	17.7	1.4295	1.8	11
4652	1985	235	14688	10.6	19.8	1.4146	2.4	0
4652	1985	236	13132.8	9.9	22.7	1.4066	2.8	2.5
4652	1985	237	13046.4	12.1	19.2	1.4027	3.2	1.2
4652	1985	238	17971.2	9.1	18.8	1.305	2.9	0.3
4652	1985	239	15552	9.6	19	1.2698	2	0
4652	1985	240	21340.8	6.1	22.7	1.2289	1.4	0
4652	1985	241	15465.6	8.1	24.1	1.4071	0.7	0
4652	1985	242	20304	12.3	25.4	1.4561	1.9	0
4652	1985	243	17366.4	11.1	26.2	1.5668	1.8	11.4
4652	1985	244	15638.4	14.6	19.4	1.3931	3.8	0.3
4652	1985	245	12700.8	11.1	18.6	1.4169	4	1.1
4652	1985	246	8035.2	10.9	18.1	1.4348	2.9	5.3
4652	1985	247	12441.6	9.3	18	1.2487	3.5	0.5
4652	1985	248	4233.6	7	15.7	1.1812	4	2.7
4652	1985	249	16761.6	7.3	13.7	0.9768	7.2	5.6
4652	1985	250	12873.6	6	12.5	0.9801	5.5	3.6
4652	1985	251	11491.2	7	14.8	1.0032	3.5	0.4
4652	1985	252	15033.6	7.5	16.8	1.0896	3.8	0
4652	1985	253	7948.8	6.7	15.7	1.143	3.3	0
4652	1985	254	14515.2	9.9	18.1	1.2933	3.3	0
4652	1985	255	14428.8	5.6	19.7	1.1406	1.3	0
4652	1985	256	12614.4	9	22.7	1.4028	2.5	1.8
4652	1985	257	10368	7.4	16.1	1.1302	2.4	7.6
4652	1985	258	9936	10.6	16.1	1.2858	3.9	3.9
4652	1985	259	3715.2	8.8	14	1.1178	4.3	15.4
4652	1985	260	12528	10.7	18.6	1.3988	5.4	7.2
4652	1985	261	14688	8.2	19.4	1.2766	1.9	0
4652	1985	262	15292.8	10.3	25.7	1.5868	3.3	0
4652	1985	263	4147.2	12.1	17.7	1.523	2.6	0.6
4652	1985	264	5270.4	10.8	20.2	1.4773	3.1	2.9
4652	1985	265	3456	11.5	19.6	1.6937	3.9	4
4652	1985	266	7689.6	9.6	16	1.1518	1.6	0
4652	1985	267	4924.8	9.5	17.1	1.3579	2.1	0
4652	1985	268	3283.2	11.2	14.5	1.3482	2.6	0.3
4652	1985	269	12960	8.1	18	1.1858	0.6	0
4652	1985	270	8985.6	5	19.6	1.2004	1.5	0.1
4652	1985	271	11059.2	6.3	16.7	1.1388	2.8	0
4652	1985	272	10022.4	6	16.2	1.1618	1.2	0
4652	1985	273	12960	5.4	21.2	1.2358	1.5	0
4652	1985	274	12960	7.4	23.4	1.3979	1.4	0
4652	1985	275	10108.8	7.5	21.7	1.4772	1.8	0
4652	1985	276	10627.2	11.2	24.8	1.5249	2.5	0
4652	1985	277	8208	14.3	23.6	1.6839	1.9	0.1
4652	1985	278	6393.6	12.5	19.2	1.5467	1.1	0.8
4652	1985	279	10108.8	8.6	19.5	1.3616	0.9	0
4652	1985	280	3888	9.2	18.5	1.344	2.7	0.4
4652	1985	281	4492.8	9.2	15.1	1.2452	3.7	2.7
4652	1985	282	7603.2	7.3	15.2	1.1068	3.8	3.8
4652	1985	283	9072	10.2	15.2	1.2763	4.6	1.4
4652	1985	284	3024	10.4	16.2	1.3273	4.8	0.6
4652	1985	285	10195.2	6.7	13.9	0.9138	4	0
4652	1985	286	7862.4	5.3	13.7	0.9255	2.6	0
4652	1985	287	3283.2	8.9	13.9	1.1851	3.9	2.5
4652	1985	288	6739.2	7.5	14.8	1.1922	2.2	0.1
4652	1985	289	2332.8	7.1	12.4	1.1583	2.2	0.4
4652	1985	290	2246.4	10.5	12.3	1.2121	2.1	0
4652	1985	291	2246.4	9.6	11.2	1.172	2.5	1.1
4652	1985	292	8812.8	4.7	13.5	0.9818	2	0
4652	1985	293	2160	6.4	11.5	0.9262	0.3	0
4652	1985	294	9244.8	1.2	12.8	0.8211	2	0
4652	1985	295	7776	1.5	11.5	0.8128	2.3	0
4652	1985	296	8208	3.3	11.7	0.8704	2.8	0
4652	1985	297	4924.8	2.3	7.7	0.7936	2.5	0
4652	1985	298	7430.4	2.4	7.5	0.7561	3.3	0
4652	1985	299	3801.6	1.4	5	0.6994	2.3	0
4652	1985	300	1900.8	0	1.4	0.6171	0.7	0
4652	1985	301	2592	0.4	9.2	0.774	2.2	0
4652	1985	302	1814.4	3.7	6.9	0.8192	0.8	0
4652	1985	303	1814.4	2.9	5.9	0.7527	1.3	0
4652	1985	304	1728	-2.1	4.2	0.5801	0.7	0
4652	1985	305	1728	-2.2	3.8	0.5827	1.6	0.7
4652	1985	306	4579.2	1.1	6.7	0.7106	5.5	15.4
4652	1985	307	5788.8	1	7.8	0.6941	4.8	0
4652	1985	308	6998.4	-3	6.9	0.5907	2.2	0
4652	1985	309	1555.2	2.1	12.4	0.8659	4.5	13.3
4652	1985	310	3715.2	2.4	8.3	0.7327	7	0.7
4652	1985	311	3456	4	10.1	0.8943	6.5	5.3
4652	1985	312	5356.8	0.3	9.7	0.7849	2.6	0
4652	1985	313	4752	8.3	14.5	1.0101	4.9	8
4652	1985	314	3801.6	1.7	11.7	0.8436	6.6	5.4
4652	1985	315	1987.2	0.7	3.9	0.6633	7.2	2.8
4652	1985	316	1814.4	1.2	3.3	0.6322	4.3	0.5
4652	1985	317	1382.4	1.6	4.2	0.6696	0.7	0.3
4652	1985	318	1296	-0.4	3.5	0.656	0.5	0
4652	1985	319	1296	-0.7	0.8	0.5948	1.3	0
4652	1985	320	2678.4	-0.9	2.1	0.5552	2.7	0
4652	1985	321	1296	-2.2	-0.6	0.4964	2.8	0
4652	1985	322	3369.6	-4	1.1	0.3902	4.2	0
4652	1985	323	1209.6	-5.1	-2.7	0.3481	5.4	0.5
4652	1985	324	1209.6	-5.1	-3.7	0.3794	3.4	0.6
4652	1985	325	1209.6	-3.7	0.5	0.4946	3	1.6
4652	1985	326	1123.2	-3.4	0.2	0.5109	2	2.7
4652	1985	327	1123.2	-3.2	-1.2	0.4888	1.7	0
4652	1985	328	1123.2	-1.4	0.6	0.5816	0.9	0.2
4652	1985	329	1123.2	-2.3	0.1	0.5469	0.9	0
4652	1985	330	1123.2	-3.6	-0.5	0.489	2.9	1.1
4652	1985	331	1036.8	-0.6	0.3	0.5862	3.7	5
4652	1985	332	1036.8	-2.4	0.6	0.5321	4.1	6.6
4652	1985	333	1036.8	-2.5	0.5	0.5339	3.3	0.5
4652	1985	334	1728	-4.8	-0.1	0.4594	2.1	0
4652	1985	335	950.4	-5.3	3.6	0.5456	3.1	2.3
4652	1985	336	950.4	3.6	11.1	0.9436	3.8	1.5
4652	1985	337	950.4	8.1	13.3	1.0028	5.1	0.1
4652	1985	338	1296	10.3	12.2	1.2001	4.4	12.7
4652	1985	339	1728	9	12	1.0149	3.3	4.2
4652	1985	340	950.4	5.3	12.6	0.9719	7.9	7.4
4652	1985	341	1468.8	5.9	9.4	0.9317	4.8	1
4652	1985	342	1555.2	2	7.6	0.7912	1.9	0.2
4652	1985	343	950.4	1.5	7.4	0.814	2.7	3.2
4652	1985	344	950.4	2.5	6.8	0.7915	5.5	3.7
4652	1985	345	864	0.7	2.7	0.6286	2.1	0
4652	1985	346	3196.8	-0.9	3.7	0.6152	1.4	0
4652	1985	347	864	-0.1	3	0.6038	3.8	9.7
4652	1985	348	864	3	8.4	0.8972	4.2	0.1
4652	1985	349	864	8.4	10.9	1.0667	6.4	1
4652	1985	350	864	7.8	9.4	1.0497	6.3	4.9
4652	1985	351	864	4.3	8	0.8406	3.6	7.4
4652	1985	352	864	3.5	9.1	0.9352	3.6	7.3
4652	1985	353	1382.4	3.3	8.5	0.8169	5.9	3.9
4652	1985	354	1900.8	2.6	7	0.7482	5.2	5.4
4652	1985	355	864	4.8	8.1	0.7714	5.5	0
4652	1985	356	3801.6	0.9	8.8	0.63	3.3	0
4652	1985	357	864	-0.2	6.2	0.6213	2.5	0
4652	1985	358	1296	1.3	4.9	0.6487	2.7	0.6
4652	1985	359	864	4.4	7.7	0.863	2.6	7.6
4652	1985	360	864	1.5	7.1	0.7806	3.2	9
4652	1985	361	864	-5	1.5	0.4892	1.5	0
4652	1985	362	864	-5.9	-2.9	0.4103	1.4	0
4652	1985	363	864	-5.3	-2.8	0.3895	2.5	0.5
4652	1985	364	864	-6.4	-0.7	0.4185	2.5	0
4652	1985	365	3283.2	-7.6	-1.2	0.3617	2.1	0
