*---------------------------------------------------------------------------*
* Station name: SOLTAU                                  
* Year: 2009
* Author: Pedro Alencar                                   -999.000: NIL VALUE
* Source: ECAD 
* Comments: 
* Longitude: 52.9617, latitude: 52.9617, altitude: 76 m.
*
* Column  Daily value
* 1       station number
* 2       year
* 3       day
* 4       irradiation                   (kJ m-2 d-1)
* 5       minimum temperature           (degrees Celsius)
* 6       maximum temperature           (degrees Celsius)
* 7       early morning vapour pressure (kPa)
* 8       mean wind speed (height: 2 m) (m s-1)
* 9       precipitation                 (mm d-1)
*
** WCCDESCRIPTION=GERMANY, SOLTAU                                  
** WCCFORMAT=2
** WCCYEARNR=2009
*---------------------------------------------------------------------------*
   52.9617  9.7967    76.  -0.18 -0.55
4652	2009	1	950.4	-3.1	0.3	0.524	2.1	0.2
4652	2009	2	2592	-9.3	-0.2	0.4168	1.7	0.1
4652	2009	3	950.4	-9.8	2	0.4306	4	7.7
4652	2009	4	950.4	-0.4	2.6	0.655	4.4	7.2
4652	2009	5	2419.2	-9.1	-0.3	0.3407	3.3	0
4652	2009	6	3974.4	-10.9	-2.7	0.305	1.2	0.3
4652	2009	7	1296	-8.3	-1	0.4026	3.3	0.4
4652	2009	8	950.4	-9.7	-4.3	0.3546	1.6	0
4652	2009	9	1036.8	-6.3	-1.2	0.4216	1.6	0
4652	2009	10	3974.4	-4.6	3	0.4842	1.7	0
4652	2009	11	3542.4	-5.9	1.8	0.3417	3.2	0
4652	2009	12	4060.8	-3.7	5.6	0.3534	4.8	0.1
4652	2009	13	1036.8	1.7	4.8	0.6324	3.6	3.8
4652	2009	14	1036.8	1.1	3	0.6941	2.1	1.9
4652	2009	15	1123.2	1	2.8	0.7007	1.5	0
4652	2009	16	1123.2	0	2	0.624	3.9	0
4652	2009	17	1728	-0.7	3.9	0.6309	2.5	0.7
4652	2009	18	1123.2	2.1	4.8	0.7275	4.5	2.7
4652	2009	19	2332.8	0.4	5.6	0.6895	4.5	2.6
4652	2009	20	3456	-0.2	6.4	0.6105	3.3	0
4652	2009	21	4579.2	-3	4.1	0.585	1	0
4652	2009	22	3542.4	-2.7	3.9	0.5424	3.9	1
4652	2009	23	1209.6	-0.2	3	0.6287	4.4	8.7
4652	2009	24	2505.6	2.4	4.8	0.7589	4.2	0.4
4652	2009	25	5097.6	-2	5.1	0.6287	2	0
4652	2009	26	1296	-2.3	-0.4	0.5481	2.6	0
4652	2009	27	1296	-3.7	-1.3	0.5085	1.9	0
4652	2009	28	1382.4	-3.6	-2	0.4973	2.2	0
4652	2009	29	3024	-3.8	-0.2	0.5013	3.1	0
4652	2009	30	1382.4	-3.2	0.2	0.4928	3.6	0
4652	2009	31	1728	-0.5	1.8	0.5636	2.9	0.1
4652	2009	32	1468.8	-4.5	-0.3	0.3996	4.9	0.1
4652	2009	33	1468.8	-1.4	1.3	0.4992	6.6	0
4652	2009	34	1555.2	-0.2	2.4	0.5822	3	0
4652	2009	35	1555.2	-0.6	1.6	0.6082	1.4	1
4652	2009	36	2419.2	-0.5	4.7	0.661	2.3	0.5
4652	2009	37	5616	1.1	9.5	0.7658	2.1	0
4652	2009	38	1641.6	0.8	3.1	0.6891	1.9	4.9
4652	2009	39	3196.8	-0.8	4.2	0.6355	3.7	0.1
4652	2009	40	2073.6	-1.8	2.2	0.5827	2.8	4
4652	2009	41	1728	-0.2	3.3	0.6765	4	8.8
4652	2009	42	3974.4	-2.7	3.1	0.5703	4.4	0
4652	2009	43	6652.8	-4.5	1.8	0.4816	3.2	0
4652	2009	44	1814.4	-3.6	1.3	0.5562	2	7
4652	2009	45	2419.2	-6.5	-1.5	0.4365	1.7	0
4652	2009	46	1900.8	-4.2	0.7	0.516	3.3	3.3
4652	2009	47	1987.2	0.6	3.9	0.7184	2.5	3.8
4652	2009	48	6480	-4.5	2.3	0.4849	2.7	0
4652	2009	49	7689.6	-8.3	1	0.3874	1	0
4652	2009	50	3283.2	-2.7	1.4	0.507	3.1	2.3
4652	2009	51	2073.6	0.4	4	0.7159	3.1	1.2
4652	2009	52	2160	0.2	3.9	0.7082	2.3	5.3
4652	2009	53	2160	3.2	6.6	0.84	4.9	2.5
4652	2009	54	2246.4	2.8	5.2	0.7644	5.7	1.2
4652	2009	55	8985.6	-1.9	5.9	0.6069	2.2	0.4
4652	2009	56	2332.8	2.4	5.8	0.7534	4.5	1.6
4652	2009	57	2764.8	4.6	7.6	0.8565	6.4	12.6
4652	2009	58	2419.2	3.8	6.8	0.8282	4.2	1.7
4652	2009	59	2419.2	5.3	8.9	0.9881	1.5	4.3
4652	2009	60	2678.4	6.2	9.7	1.0364	2.2	0.1
4652	2009	61	2764.8	4.2	8.1	0.8878	3.3	0.1
4652	2009	62	7776	1.6	8.4	0.6889	2.8	0
4652	2009	63	10886.4	1.3	11.2	0.6847	4.2	0
4652	2009	64	2851.2	1.6	7.3	0.7805	2.8	1.3
4652	2009	65	2937.6	3	5.6	0.7972	2.6	8.1
4652	2009	66	5097.6	0.8	6.5	0.7378	3	0.2
4652	2009	67	5875.2	0	8	0.7481	3.3	3.3
4652	2009	68	4320	1.1	5.6	0.6913	4.7	4.9
4652	2009	69	3110.4	3.2	7.3	0.8075	3.1	5.1
4652	2009	70	7257.6	3.1	8.2	0.7938	4.3	0.2
4652	2009	71	3196.8	1.8	7.9	0.8371	3.4	6.7
4652	2009	72	6825.6	1.7	11.4	0.8544	3.5	0
4652	2009	73	4665.6	0.5	11.8	0.8312	2.2	3.4
4652	2009	74	3369.6	5.4	7.9	0.9385	4.6	1.3
4652	2009	75	3456	5.2	7.3	0.932	2.1	0
4652	2009	76	12268.8	1.7	10.9	0.7539	5.7	0
4652	2009	77	10972.8	0.7	10	0.7149	4.1	0
4652	2009	78	12960	0	8.9	0.5707	3.2	0
4652	2009	79	15811.2	-2.1	7.6	0.5062	1.7	0
4652	2009	80	15638.4	-3	9.9	0.5397	3	0.1
4652	2009	81	4752	4.2	8.4	0.8016	6.8	2.9
4652	2009	82	3801.6	0.5	6.6	0.7169	7.4	22.2
4652	2009	83	10281.6	-1.7	5.6	0.5766	4.6	0.2
4652	2009	84	3888	-1.7	0.8	0.5499	2.7	9.7
4652	2009	85	5011.2	0.5	7	0.767	3.4	7
4652	2009	86	9936	3.8	9.4	0.8086	4.1	1
4652	2009	87	5097.6	1.1	8.8	0.7821	3.7	3.6
4652	2009	88	8380.8	2.4	9.5	0.8011	3.3	0
4652	2009	89	17884.8	-1.4	10.4	0.64	1.9	0
4652	2009	90	17280	-2	13.3	0.6752	1.3	0
4652	2009	91	17280	-0.4	15.4	0.829	2.2	0
4652	2009	92	18057.6	5.4	16.5	0.915	3.8	0
4652	2009	93	19094.4	4.7	21.5	0.9036	2.4	0
4652	2009	94	11923.2	4.8	18.4	1.1054	3.1	0
4652	2009	95	7257.6	3.7	14.6	0.846	2.2	0
4652	2009	96	13996.8	4.3	18.7	0.9761	2.7	0
4652	2009	97	17193.6	6.9	23.3	1.1827	2.9	2.9
4652	2009	98	12614.4	8.4	17.1	1.1186	3.3	0
4652	2009	99	18748.8	8	17.6	1.078	1.9	0
4652	2009	100	20390.4	7.3	22.6	1.0865	3.6	0
4652	2009	101	20217.6	9.7	23	1.0954	3.3	0
4652	2009	102	20131.2	8.3	21.7	0.9197	2.9	0
4652	2009	103	20908.8	5.7	22.6	1.0157	1.9	0
4652	2009	104	20304	5	22.8	0.9994	1.4	0
4652	2009	105	20736	5.6	22.6	0.9803	2.7	0
4652	2009	106	21081.6	8.9	21.8	0.9058	4.8	0.6
4652	2009	107	20822.4	5.9	17.5	0.838	5.3	0
4652	2009	108	22377.6	4.6	18.2	0.6868	4.7	0
4652	2009	109	22550.4	2.8	16.9	0.7167	3	0
4652	2009	110	22896	2	19.4	0.6814	2	0
4652	2009	111	23068.8	2.3	20.5	0.7407	1.6	0
4652	2009	112	6566.4	4.7	11.5	0.9499	4.3	2.2
4652	2009	113	21168	4.9	16.9	0.8859	2.7	0
4652	2009	114	23587.2	2.4	20	0.6645	2.7	0
4652	2009	115	22032	7.8	22.4	0.8228	3.9	0
4652	2009	116	22204.8	8.7	25.1	1.0575	2.7	0
4652	2009	117	13132.8	10.7	18.5	1.1453	2.7	4.3
4652	2009	118	6825.6	9.7	16.1	1.308	2.8	5
4652	2009	119	5616	9.3	13	1.2982	2	3.5
4652	2009	120	16156.8	9.1	20.4	1.4413	2.2	0
4652	2009	121	24624	5.9	22.1	1.1017	2	0
4652	2009	122	23760	5.8	21.3	1.0545	2.2	0
4652	2009	123	5788.8	8.2	16.2	1.1642	2.5	1
4652	2009	124	17280	7	13.9	0.8472	4	1.9
4652	2009	125	6739.2	6.8	12.3	1.0239	4.1	6.8
4652	2009	126	16329.6	6	13.6	1.017	5.6	1.7
4652	2009	127	14601.6	7.8	17.1	1.169	3.1	0
4652	2009	128	13910.4	7	18.9	1.1781	3.7	0.9
4652	2009	129	22723.2	6.2	18.3	0.8831	3	0
4652	2009	130	24710.4	6.8	19.1	0.85	2.4	0
4652	2009	131	16588.8	5.1	16	0.9037	3.4	0
4652	2009	132	25056	1.5	17.4	0.7332	3.1	0
4652	2009	133	26956.8	4.9	18.4	0.6983	3.6	0
4652	2009	134	21340.8	7.3	18.8	0.7355	4.6	0
4652	2009	135	6220.8	9.6	15.6	0.8308	4.5	12
4652	2009	136	18576	9.7	16.8	1.1405	2.6	0
4652	2009	137	16848	6.8	18.4	1.2097	2.3	1.1
4652	2009	138	22291.2	7.3	20.5	1.1105	2.5	0
4652	2009	139	21686.4	5.5	21.5	0.9738	1.7	0.5
4652	2009	140	24624	11.1	21.7	1.2293	2	0
4652	2009	141	19008	8.3	23.9	1.2609	2.9	0
4652	2009	142	20563.2	5.8	18.7	1.168	2.9	4
4652	2009	143	26438.4	6.9	19.6	1.0645	2.6	0
4652	2009	144	26265.6	7.5	23.3	1.1009	3.2	0
4652	2009	145	24364.8	7.3	24.9	1.1147	1.8	0
4652	2009	146	19526.4	11.5	27.9	1.4664	5	0.5
4652	2009	147	19958.4	8.6	17.6	0.9337	5.3	2.2
4652	2009	148	23760	7.9	16.6	0.9686	6.6	0
4652	2009	149	28944	6	20.5	0.9276	4.6	0
4652	2009	150	23155.2	7.8	20.9	1.1106	4.2	0
4652	2009	151	22896	10.1	23.7	1.3458	3.1	4.7
4652	2009	152	28684.8	11.6	25.1	1.2007	3.3	0
4652	2009	153	21513.6	10	22.8	1.3224	5.4	0
4652	2009	154	17452.8	6.7	16.1	0.8081	7.1	0
4652	2009	155	15465.6	5.6	13.9	0.917	5.2	2.2
4652	2009	156	17884.8	4.3	14.6	0.8633	3.3	0
4652	2009	157	18230.4	4.4	16.1	0.8983	2.7	8
4652	2009	158	8121.6	8.9	12.9	1.1856	2.5	6
4652	2009	159	16416	9.2	16.8	1.1969	2.9	0.2
4652	2009	160	11577.6	9.5	20.1	1.4796	2.4	5.6
4652	2009	161	14774.4	12	18.5	1.3499	3.8	2.4
4652	2009	162	12614.4	8	14.7	1.1812	4.8	2
4652	2009	163	22550.4	8	14.3	1.0465	6.2	2.9
4652	2009	164	25660.8	7.2	18.3	1.045	4.8	0
4652	2009	165	18748.8	5.1	21.5	1.1443	2.5	0
4652	2009	166	7430.4	8.9	16.9	1.2634	1.9	0
4652	2009	167	17971.2	5.9	16.7	1.0034	2.5	0
4652	2009	168	27475.2	3.7	21.4	0.9007	1.9	0
4652	2009	169	16848	12.2	22	1.2267	3.7	0
4652	2009	170	17366.4	9.5	17.8	1.2018	3.3	3
4652	2009	171	19526.4	7.7	16.9	1.1718	3.5	5.8
4652	2009	172	14688	7.5	16.8	1.1886	1.7	1.4
4652	2009	173	25315.2	6.5	20.3	1.1364	2.7	0
4652	2009	174	28944	9.8	23.1	1.1585	4.1	0
4652	2009	175	29116.8	11.2	24.3	1.1157	4.3	0
4652	2009	176	16934.4	14.2	22.1	1.685	3.8	5.1
4652	2009	177	11491.2	16	24.1	2.0604	3.3	0
4652	2009	178	7430.4	14.6	20.2	1.647	2.5	0
4652	2009	179	17107.2	11.5	20.9	1.4896	2.2	0
4652	2009	180	25920	9.7	26.6	1.5186	1.7	0
4652	2009	181	23673.6	14.2	27.6	1.8504	1.9	0
4652	2009	182	16588.8	17.8	28	2.2016	1.9	3.6
4652	2009	183	26352	17	29.3	1.9239	2.3	0
4652	2009	184	24537.6	17.6	30.9	1.9647	2	0
4652	2009	185	18576	14.3	25.6	1.7685	3.8	0
4652	2009	186	25401.6	12	26.4	1.4882	2.6	0
4652	2009	187	18057.6	11.9	25.6	1.4687	2.6	0.1
4652	2009	188	23932.8	12.8	23.8	1.3229	3.9	0
4652	2009	189	11491.2	11.7	18.7	1.5009	3	14
4652	2009	190	15206.4	10.6	17.5	1.3616	4.4	3.9
4652	2009	191	7257.6	10	14.6	1.3005	4.6	17.1
4652	2009	192	16070.4	10.1	16.6	1.3317	3.2	9.2
4652	2009	193	9158.4	9.2	19.8	1.5172	2.1	3.7
4652	2009	194	24192	11.8	23.5	1.4918	2.5	0
4652	2009	195	20131.2	11.7	27.2	1.6469	1.9	2.6
4652	2009	196	22550.4	13.5	27.4	1.7039	2.5	0
4652	2009	197	26179.2	11.8	26.2	1.404	2.3	0
4652	2009	198	14601.6	14.2	23.8	1.6234	1.9	8.2
4652	2009	199	13305.6	13.9	20.6	1.6119	3.6	1.9
4652	2009	200	14256	12	19	1.4773	2.8	1.4
4652	2009	201	18144	11.5	19.9	1.4429	3.5	4.4
4652	2009	202	21600	9.5	24.8	1.3868	2	1.7
4652	2009	203	15033.6	16.4	25.8	2.0731	2.6	6.1
4652	2009	204	14256	14.6	22.5	1.8344	2.6	14.6
4652	2009	205	15206.4	12.4	21.8	1.6745	3.1	4.2
4652	2009	206	16156.8	11.4	18.5	1.4939	4.2	7
4652	2009	207	18316.8	10.6	21.6	1.4253	2.1	0
4652	2009	208	22550.4	14	28	1.5639	3.1	0.6
4652	2009	209	19353.6	11.2	22.4	1.3947	3	0
4652	2009	210	18921.6	9.7	25.5	1.266	1.9	2.2
4652	2009	211	19872	11.6	22.1	1.3608	4.4	2.3
4652	2009	212	23932.8	9.3	21.7	1.3014	2.3	0
4652	2009	213	20908.8	8.1	25.3	1.253	2.1	0.5
4652	2009	214	14688	13.4	25.6	1.6973	2.9	0.2
4652	2009	215	16070.4	14.1	22	1.5091	2.6	0
4652	2009	216	24796.8	9.4	23.4	1.2293	1.9	0
4652	2009	217	23932.8	8.1	26	1.3199	1.1	0
4652	2009	218	23500.8	13.1	28.4	1.4912	2	0
4652	2009	219	22636.8	16.6	29.2	1.7	2.7	0
4652	2009	220	13305.6	16	28.3	2.0239	1.7	20.9
4652	2009	221	7344	15.8	25.3	2.0525	1.5	2.4
4652	2009	222	10108.8	15.5	23.6	1.9749	1.6	6.4
4652	2009	223	9676.8	14.4	22.2	1.7429	2.5	0.5
4652	2009	224	12268.8	12.1	22.5	1.5972	3.4	0.3
4652	2009	225	18489.6	11.1	21.2	1.4299	3.5	0
4652	2009	226	16070.4	9.3	20.8	1.2815	1.8	0
4652	2009	227	21600	10.2	27.1	1.3522	2.7	0
4652	2009	228	20822.4	13.8	25.6	1.5351	3.2	0
4652	2009	229	14515.2	12	24.2	1.576	2.9	0
4652	2009	230	19353.6	11.3	22.6	1.408	3.1	0
4652	2009	231	22464	10	28.7	1.3228	2	0
4652	2009	232	19958.4	15.8	34	1.6339	2.9	7.6
4652	2009	233	9763.2	12.7	20.7	1.6896	2.2	0.2
4652	2009	234	17452.8	10.2	21.6	1.3892	1.8	0.6
4652	2009	235	20304	8.2	24.2	1.2322	1.5	0
4652	2009	236	21859.2	10	25.6	1.1193	3.2	0
4652	2009	237	10022.4	12.4	23.1	1.562	1.5	0.7
4652	2009	238	17971.2	13	23.8	1.5214	2.2	0
4652	2009	239	16934.4	10.5	27.5	1.4479	2.1	0
4652	2009	240	11491.2	11.9	21.6	1.3331	3.3	0
4652	2009	241	13132.8	9	19.9	1.2	3.8	1.1
4652	2009	242	13392	8.3	19.2	1.1783	3.2	0
4652	2009	243	19872	8.1	25.2	1.249	2.4	0
4652	2009	244	16156.8	11.5	30.9	1.6083	3.1	3.3
4652	2009	245	13910.4	12.2	21.4	1.4329	2.6	0.2
4652	2009	246	9676.8	11.9	18.8	1.3935	3.8	7.8
4652	2009	247	12268.8	11.6	18.7	1.1693	4.8	3.1
4652	2009	248	8208	11.2	17.8	1.4018	5.4	3.4
4652	2009	249	10108.8	11	18.6	1.3619	3.2	0
4652	2009	250	13564.8	9.8	21.9	1.4028	1.9	0
4652	2009	251	18057.6	7.9	26.6	1.376	1.6	0
4652	2009	252	14860.8	9.7	27.8	1.6198	2.2	2.7
4652	2009	253	10454.4	9.9	19.3	1.3113	2.8	0
4652	2009	254	12441.6	8.4	20	1.2778	2.5	0
4652	2009	255	12614.4	8.6	19.4	1.2773	2.4	1
4652	2009	256	10800	10.8	19.1	1.3751	3.4	1.2
4652	2009	257	7948.8	12.2	17.4	1.3451	3.7	0.4
4652	2009	258	7257.6	13.4	19.3	1.4296	3.7	0.6
4652	2009	259	13737.6	10.1	20.8	1.3674	3.3	0
4652	2009	260	14169.6	6	18.7	1.0753	1.8	0
4652	2009	261	15811.2	3.5	20.4	1.0334	1.5	0
4652	2009	262	15638.4	7.2	24	1.2567	1.9	0
4652	2009	263	13046.4	8.5	25.1	1.452	2	0
4652	2009	264	12182.4	5.7	20	1.1852	1.6	0
4652	2009	265	11750.4	4.7	22.3	1.0511	2.9	0
4652	2009	266	8294.4	12.3	20.6	1.3827	3.4	0.4
4652	2009	267	11664	8.7	19.5	1.2214	2.8	0
4652	2009	268	4838.4	7.4	17.7	1.1767	1.7	0
4652	2009	269	11664	5.7	19.6	1.1113	1.1	0
4652	2009	270	13824	3.6	21.6	1.1223	1.2	0
4652	2009	271	3110.4	6.9	17.1	1.191	3.6	0.1
4652	2009	272	3110.4	9.8	15.5	1.3307	3.4	3.7
4652	2009	273	9417.6	3.5	15.3	1.0136	2.1	4.8
4652	2009	274	8726.4	7.1	14	1.0438	4.4	2.5
4652	2009	275	4406.4	5	10.8	0.969	2.8	2.6
4652	2009	276	2851.2	6.9	14.7	1.0742	5.2	4.3
4652	2009	277	9763.2	7.8	15.1	0.9864	6.3	0
4652	2009	278	8985.6	4.7	14.1	0.8839	2.3	0.6
4652	2009	279	2764.8	8.2	16.1	1.3443	2.1	6.7
4652	2009	280	2678.4	11.2	18.1	1.5819	3.3	48
4652	2009	281	7171.2	7	13.5	1.1104	3	3.1
4652	2009	282	10540.8	2.8	12.3	0.8006	1.5	0
4652	2009	283	2592	2.9	8.5	0.8698	2.2	8.9
4652	2009	284	3283.2	7.6	12.1	1.154	3.3	11.7
4652	2009	285	7084.8	4.1	10.4	0.8659	4.2	0.4
4652	2009	286	7344	0.4	9.9	0.7138	2.7	0
4652	2009	287	10195.2	-0.4	8	0.6013	3.2	0
4652	2009	288	8467.2	-0.1	8.1	0.6586	3.9	2.9
4652	2009	289	3369.6	0.5	10.1	0.7836	5.4	5.4
4652	2009	290	3974.4	3.3	8.5	0.8169	3.8	0.8
4652	2009	291	8467.2	0.1	9.7	0.7448	1.8	0
4652	2009	292	2160	-0.2	9.7	0.7713	2.1	0
4652	2009	293	9331.2	-1	9.7	0.6667	3.2	0
4652	2009	294	2073.6	2.6	7.2	0.7275	4.7	0
4652	2009	295	2073.6	4.3	6.5	0.7981	3.9	9.5
4652	2009	296	1987.2	5.5	7.4	0.945	1.6	0
4652	2009	297	1987.2	5.9	9.7	1.0259	2.5	3
4652	2009	298	4752	8.9	15	1.2429	3.2	0
4652	2009	299	1900.8	9.3	12.8	1.1843	3.9	3.9
4652	2009	300	4233.6	8.9	12.7	1.1907	2.5	0
4652	2009	301	1814.4	7.5	11.7	1.1229	1.3	0.3
4652	2009	302	1814.4	7.4	12.7	1.1818	1.4	0.4
4652	2009	303	5961.6	1.3	9.9	0.7638	2.7	0
4652	2009	304	6393.6	-1.4	6.9	0.6551	2.7	0
4652	2009	305	1728	1.6	9.2	0.7981	3.7	19.8
4652	2009	306	1641.6	7.8	11.7	1.1825	2.4	4.4
4652	2009	307	3456	5.3	8.5	0.9448	2.4	6.4
4652	2009	308	1641.6	4.6	8.8	0.9417	2.6	6.2
4652	2009	309	1555.2	5.1	8.7	0.9448	3.1	9
4652	2009	310	1900.8	5.6	10.2	0.969	3	0.1
4652	2009	311	1987.2	6.2	8.7	0.9088	3.3	0.9
4652	2009	312	3110.4	3.7	10.2	0.9081	1.9	0
4652	2009	313	1468.8	4.3	7	0.8485	4	7.4
4652	2009	314	1468.8	4.9	5.5	0.8578	2.1	9.1
4652	2009	315	1382.4	5.1	7.5	0.9162	1.7	0.6
4652	2009	316	3456	3.9	7.8	0.8696	2.1	0.6
4652	2009	317	1382.4	6.1	11.4	1.0604	3.7	1.4
4652	2009	318	1296	10.1	14.4	1.1822	4.2	0.5
4652	2009	319	3369.6	8.5	12.1	1.0766	3.5	4.9
4652	2009	320	1296	4.1	11.1	1.0016	2.6	0.9
4652	2009	321	1296	8.4	11.7	1.0218	3.3	0
4652	2009	322	1209.6	8.2	11.2	1.0222	6.5	11.2
4652	2009	323	4579.2	6.1	12.5	0.9248	5.1	0
4652	2009	324	4838.4	5.7	15.8	0.9416	3.9	0.3
4652	2009	325	2419.2	6.9	13.7	1.1642	2.8	0.2
4652	2009	326	1814.4	8.4	13.6	1.023	4.3	0.8
4652	2009	327	1123.2	8.5	10	0.9334	6.4	6.2
4652	2009	328	1814.4	8.7	12.6	1.102	6.8	2.7
4652	2009	329	1555.2	8	13.2	0.9578	5.3	1.3
4652	2009	330	1555.2	7.3	10.3	0.8602	5.6	4
4652	2009	331	1036.8	4.8	7.7	0.8559	4.6	6.6
4652	2009	332	2073.6	4.3	8.3	0.8303	4.4	8.9
4652	2009	333	1382.4	6.8	10.1	0.9175	3.6	0
4652	2009	334	1036.8	1.3	8	0.7915	1.2	0.1
4652	2009	335	2419.2	-2.8	4.3	0.6129	2	0
4652	2009	336	3715.2	-5.2	2	0.5218	1.5	0.3
4652	2009	337	1987.2	1.8	8	0.7534	3.8	0.8
4652	2009	338	950.4	1	7.9	0.7637	2	1.4
4652	2009	339	950.4	1.1	4.6	0.6748	4.4	2.7
4652	2009	340	1468.8	4.5	9.9	0.9644	3.7	6
4652	2009	341	3542.4	2.2	8.4	0.8282	2.8	0.3
4652	2009	342	950.4	1.8	6.8	0.8138	2	0.2
4652	2009	343	1987.2	3.9	7.1	0.8759	2.6	0
4652	2009	344	950.4	4.2	6.5	0.8578	3.2	26.4
4652	2009	345	864	2.5	5.3	0.7671	2.6	0.9
4652	2009	346	864	0.4	3.1	0.6308	3.1	0.4
4652	2009	347	2246.4	-2	0.9	0.5401	2	0
4652	2009	348	864	-1.8	-0.3	0.532	1.3	0
4652	2009	349	864	-1	0.4	0.556	0.8	0
4652	2009	350	2592	-6.7	-0.7	0.4045	1.9	0
4652	2009	351	2764.8	-6.6	-1.2	0.3894	2	0.5
4652	2009	352	864	-14.3	-2	0.2945	3.5	1
4652	2009	353	2332.8	-16.8	-9.9	0.188	1.3	0
4652	2009	354	1468.8	-15.8	-3.1	0.263	3.7	1.3
4652	2009	355	2073.6	-5.2	-0.1	0.4375	3.8	1.9
4652	2009	356	864	-2.9	1.5	0.5574	3.7	2
4652	2009	357	2592	-6.1	1	0.4914	2.2	0
4652	2009	358	864	-8.8	0.2	0.4356	2.7	4.4
4652	2009	359	864	0.2	3.8	0.6704	6.2	11.9
4652	2009	360	2419.2	2	5.6	0.6976	5.8	0
4652	2009	361	1468.8	1.1	4.6	0.6373	4.4	1
4652	2009	362	2937.6	0	4.8	0.6826	4	0.7
4652	2009	363	864	-1.5	0	0.5727	3.3	2
4652	2009	364	864	-1.9	-0.7	0.539	4.2	1.9
4652	2009	365	950.4	-1.9	-0.9	0.5185	4.2	3.5
