*---------------------------------------------------------------------------*
* Station name: SOLTAU                                  
* Year: 1992
* Author: Pedro Alencar                                   -999.000: NIL VALUE
* Source: ECAD 
* Comments: 
* Longitude: 52.9617, latitude: 52.9617, altitude: 76 m.
*
* Column  Daily value
* 1       station number
* 2       year
* 3       day
* 4       irradiation                   (kJ m-2 d-1)
* 5       minimum temperature           (degrees Celsius)
* 6       maximum temperature           (degrees Celsius)
* 7       early morning vapour pressure (kPa)
* 8       mean wind speed (height: 2 m) (m s-1)
* 9       precipitation                 (mm d-1)
*
** WCCDESCRIPTION=GERMANY, SOLTAU                                  
** WCCFORMAT=2
** WCCYEARNR=1992
*---------------------------------------------------------------------------*
   52.9617  9.7967    76.  -0.18 -0.55
4652	1992	1	950.4	2.2	6.5	0.7417	6.4	0.3
4652	1992	2	950.4	6.5	7.2	0.7929	7.6	0
4652	1992	3	950.4	4	7.2	0.6637	7.8	1.2
4652	1992	4	950.4	3.5	7.6	0.7974	6.5	4.4
4652	1992	5	950.4	3.2	5.6	0.7694	3.5	14.9
4652	1992	6	950.4	3	9.6	0.9066	3.9	3.5
4652	1992	7	3110.4	3.3	9.2	0.7799	4.5	0
4652	1992	8	1296	0.6	9.5	0.6563	4	2.1
4652	1992	9	1036.8	2.6	9.8	0.8719	2.6	6.5
4652	1992	10	3801.6	-2.1	2.8	0.5452	2.5	0
4652	1992	11	3456	-6.4	0.6	0.4443	1.7	0.2
4652	1992	12	1036.8	-3.6	3.1	0.588	3.3	0.7
4652	1992	13	1036.8	-1.1	3.1	0.6437	1.6	2
4652	1992	14	1036.8	3	6.5	0.8227	4.6	2
4652	1992	15	1123.2	5.8	6.4	0.753	4.3	0
4652	1992	16	1123.2	3.5	6.1	0.7482	5.3	2
4652	1992	17	1900.8	2.6	5.8	0.635	3.8	0.7
4652	1992	18	1123.2	3.2	6.8	0.7936	4.7	1.9
4652	1992	19	1123.2	4.8	6.4	0.882	5.1	10.3
4652	1992	20	3110.4	-6.2	5.7	0.456	4.5	0
4652	1992	21	4406.4	-8.9	-2.1	0.3125	2.2	0
4652	1992	22	4752	-9.3	-3.4	0.2853	2.9	0
4652	1992	23	4924.8	-7.5	1	0.3607	3	0
4652	1992	24	3974.4	-7.5	-0.5	0.3955	1.4	0
4652	1992	25	1296	-7.5	-4.3	0.3701	1	0.1
4652	1992	26	2505.6	-5.6	3.4	0.5413	2.2	0
4652	1992	27	1296	-2.2	-0.1	0.5449	1.4	0
4652	1992	28	1382.4	-2.9	-0.4	0.5253	1.2	0.1
4652	1992	29	1382.4	-0.4	3.5	0.6697	1.7	0.3
4652	1992	30	1382.4	1.7	2.7	0.7015	1	0.1
4652	1992	31	1468.8	0	2	0.6371	1.7	0.5
4652	1992	32	1468.8	-0.8	1.5	0.6142	1.7	0.4
4652	1992	33	1468.8	-1.8	0	0.5607	3	3.3
4652	1992	34	3456	-2.2	5.6	0.5802	7	2.9
4652	1992	35	3801.6	0.7	4.9	0.6574	3.9	1.2
4652	1992	36	1555.2	-0.2	6.3	0.7376	3.7	7.2
4652	1992	37	1641.6	6	8.1	0.9445	4.2	0
4652	1992	38	1641.6	6	8.1	0.8039	3.9	0
4652	1992	39	3369.6	0.6	7.5	0.7099	2.6	0
4652	1992	40	6998.4	-2.4	9.8	0.621	2.2	0.3
4652	1992	41	2764.8	3.1	6.5	0.6794	4.4	1.7
4652	1992	42	1814.4	3.1	6.5	0.8256	3.2	6.3
4652	1992	43	1814.4	5.3	8.7	0.9613	2	2.4
4652	1992	44	1814.4	4.7	9.8	0.8862	2.9	2
4652	1992	45	1900.8	2.9	6	0.7553	4.6	13.6
4652	1992	46	1900.8	4.6	9.6	0.8369	6.6	2.9
4652	1992	47	1987.2	0.4	5.3	0.6972	5.2	14.7
4652	1992	48	6393.6	-4.3	0.5	0.4253	3.3	0.1
4652	1992	49	6393.6	-5.5	0.3	0.4291	2.2	0.1
4652	1992	50	3283.2	-0.7	2.7	0.5912	3.5	0.4
4652	1992	51	4838.4	-2.7	5.3	0.5772	2.1	0.6
4652	1992	52	2160	1.5	4.9	0.7301	3.4	0
4652	1992	53	2160	3	5.8	0.6607	5.2	3.6
4652	1992	54	6480	2.6	9.9	0.7608	6.7	1.5
4652	1992	55	2246.4	-0.8	6.6	0.7148	1.4	0.6
4652	1992	56	3196.8	3.4	8.2	0.7652	1	0
4652	1992	57	2332.8	1.5	8.8	0.7755	1.6	0
4652	1992	58	4233.6	0.9	11	0.7732	1.2	0
4652	1992	59	8640	-0.5	12.1	0.7928	1.9	0
4652	1992	60	9763.2	2.7	14.6	0.8964	2.3	0
4652	1992	61	11491.2	-0.4	16.3	0.7693	2.3	0
4652	1992	62	6220.8	4.2	8.4	0.7539	5	2.3
4652	1992	63	2851.2	4	7.8	0.8169	6.6	2
4652	1992	64	7257.6	4.4	11.4	0.8732	3.4	0
4652	1992	65	10368	2.4	15.5	0.7432	2.2	0.1
4652	1992	66	2937.6	3.5	9.9	0.8927	1.8	4.9
4652	1992	67	10108.8	-0.8	12	0.7274	1.5	0
4652	1992	68	11318.4	0.8	12.8	0.8001	1.7	0
4652	1992	69	9763.2	-0.7	11.3	0.7925	1.3	0
4652	1992	70	6739.2	2.7	12.9	0.7615	2.8	4.2
4652	1992	71	4320	0.6	9	0.7912	5.2	6.4
4652	1992	72	3283.2	0.8	8.6	0.7857	7	26.4
4652	1992	73	3283.2	0.5	6.6	0.7011	5.8	16
4652	1992	74	9763.2	-0.5	4.2	0.5725	5.4	1.3
4652	1992	75	10540.8	-0.6	5.1	0.5532	6	0.2
4652	1992	76	4406.4	1	5.3	0.5667	3.2	0
4652	1992	77	3974.4	2.5	9.3	0.8355	2.2	0.9
4652	1992	78	11404.8	4.3	14.6	0.9106	2.1	0.5
4652	1992	79	4406.4	4.9	8.9	0.7956	2.3	0.2
4652	1992	80	3715.2	6.2	9.5	0.9657	3.9	11.9
4652	1992	81	3715.2	3	11	0.8912	5.2	22.6
4652	1992	82	4579.2	2.3	6.1	0.7422	4.5	1.2
4652	1992	83	10972.8	2.6	9	0.756	3.7	0
4652	1992	84	4924.8	0.7	6.5	0.6641	4.2	0.3
4652	1992	85	3974.4	0.4	4.8	0.6113	3.2	0.1
4652	1992	86	4752	-0.4	8	0.5693	3.2	0
4652	1992	87	4060.8	1.7	8.5	0.6586	2.6	3
4652	1992	88	9158.4	0.2	6.1	0.6969	4.4	6.4
4652	1992	89	12009.6	-1.1	5	0.5696	2	0
4652	1992	90	4233.6	-2.5	5	0.5885	3.4	1.1
4652	1992	91	12960	1.1	13.3	0.6497	5.2	0
4652	1992	92	4838.4	3.3	9.3	0.8493	3.9	5.5
4652	1992	93	10195.2	2.7	12.3	0.7668	3.2	0.2
4652	1992	94	6825.6	1	10.4	0.7691	2	0
4652	1992	95	8553.6	2.6	7.2	0.7101	3	0
4652	1992	96	14169.6	0.3	9.3	0.6794	2.9	0.7
4652	1992	97	6998.4	1	9.8	0.7622	2	2.2
4652	1992	98	16416	3.7	14.1	0.6951	2.4	0
4652	1992	99	15206.4	2.5	13.9	0.6956	2.4	0
4652	1992	100	18662.4	0.1	14.3	0.7208	1.9	0
4652	1992	101	15897.6	1.2	15.4	0.7112	1.4	0
4652	1992	102	17366.4	3.5	17	0.786	1.7	0
4652	1992	103	11923.2	0.8	16.8	0.7357	2	2.5
4652	1992	104	14688	5.2	11.3	0.7852	5	14
4652	1992	105	11059.2	2.8	9.4	0.8377	4.5	3.5
4652	1992	106	9936	5.3	10.7	0.847	4	5.9
4652	1992	107	5097.6	1.9	5.3	0.6483	4.9	1.6
4652	1992	108	6307.2	-1.2	7.3	0.6464	3.2	0.6
4652	1992	109	5184	4.2	11	0.9807	4.3	8
4652	1992	110	15292.8	5.8	10.9	0.7576	6.5	0.3
4652	1992	111	20908.8	3	10.4	0.6474	3.9	0
4652	1992	112	13392	-3.1	12.6	0.4714	1.9	0
4652	1992	113	9417.6	0.4	14.7	0.7278	1.4	0.7
4652	1992	114	7171.2	6.8	11.6	0.9303	1.8	0.3
4652	1992	115	6998.4	6.5	16.7	0.9689	2.5	0
4652	1992	116	13219.2	8.8	17.7	1.1253	3.3	0
4652	1992	117	9504	7.8	17.9	1.1556	3	11.1
4652	1992	118	12960	9.1	13.7	0.9562	4.4	0
4652	1992	119	6566.4	6.9	12.1	1.056	2.2	19.3
4652	1992	120	11059.2	5.7	11.3	0.9428	2.9	0.6
4652	1992	121	22982.4	2.5	15	0.7671	2.4	0
4652	1992	122	5702.4	7.5	13.5	1.0276	4.6	5.3
4652	1992	123	16329.6	3.7	13.5	0.804	2.3	0.1
4652	1992	124	13219.2	4.2	12.8	0.8319	2.5	0
4652	1992	125	24796.8	-1.4	15	0.6321	1	0
4652	1992	126	25142.4	1.5	18.5	0.6626	1.6	0
4652	1992	127	13392	4.3	15.8	0.8495	2.9	0
4652	1992	128	5961.6	12	16.7	1.3556	4.5	1.7
4652	1992	129	7776	6	13.7	0.9718	4.7	3.1
4652	1992	130	11836.8	5	9.6	0.8893	3.9	16.9
4652	1992	131	18748.8	3	12.9	0.8014	3.7	3.1
4652	1992	132	12873.6	5.7	11.4	0.9126	1.7	0.2
4652	1992	133	11491.2	2.8	13.9	0.8125	4.7	0.1
4652	1992	134	11664	12	18.6	1.4237	3.1	0
4652	1992	135	26438.4	10.2	25.6	1.2697	3.5	0
4652	1992	136	26697.6	13.8	28.7	1.4116	2.4	0
4652	1992	137	25833.6	9.3	20.8	1.0593	4	0
4652	1992	138	23760	8.3	19.4	1.0278	2.6	0
4652	1992	139	27302.4	5.1	22	0.8064	2.7	0
4652	1992	140	27302.4	9.2	22.8	0.9624	2.9	0
4652	1992	141	27388.8	10.6	25.1	1.0207	3.1	0
4652	1992	142	27216	9.8	26.2	1.0098	3	0
4652	1992	143	25920	14.3	27.7	1.3653	2.6	0
4652	1992	144	26784	13	27.3	1.178	3.1	0
4652	1992	145	27734.4	15.6	26.5	1.1952	3.8	0
4652	1992	146	27907.2	12.6	25.1	0.9997	3.4	0
4652	1992	147	27216	10.5	22.6	0.771	4.6	0
4652	1992	148	26006.4	12.2	23.9	1.1576	3.9	0
4652	1992	149	28339.2	11.4	23.9	0.9878	3.7	0
4652	1992	150	25747.2	9.2	25.6	1.0716	3.4	0
4652	1992	151	27820.8	11.5	25	0.9839	3.7	0
4652	1992	152	25660.8	12	25.9	1.006	2.5	0
4652	1992	153	21772.8	14.4	25.9	1.1544	3.5	0
4652	1992	154	19094.4	19	28.6	1.324	4.2	1.5
4652	1992	155	12700.8	15.2	23	1.7659	2.5	3.6
4652	1992	156	15465.6	13.4	26.8	1.785	3.1	2.2
4652	1992	157	25142.4	14.3	27.8	1.4691	3.1	0
4652	1992	158	23414.4	16.6	26.6	1.2619	3.8	22.9
4652	1992	159	22377.6	14.2	23.5	1.3257	3.3	0
4652	1992	160	25142.4	14.8	23.8	1.1175	3.5	0
4652	1992	161	23932.8	14.8	26.1	1.3199	3.3	0
4652	1992	162	27561.6	10.6	22.5	0.9778	4	0
4652	1992	163	10108.8	9.3	18.4	1.1859	3.6	6.2
4652	1992	164	16675.2	10.5	20.4	1.3498	2.1	0
4652	1992	165	27734.4	10.6	24.8	1.1931	1.8	0
4652	1992	166	12787.2	12.9	24.6	1.3391	1.5	0
4652	1992	167	25747.2	14	27	1.4444	1.8	0
4652	1992	168	16934.4	13.9	22.4	1.3729	3.4	0
4652	1992	169	28339.2	7.6	24	1.1115	3	0
4652	1992	170	13392	7	16.2	1.119	2.1	3.5
4652	1992	171	11491.2	9	21.6	1.389	2.5	6.5
4652	1992	172	28080	13.2	25.6	1.1695	3.7	0
4652	1992	173	29030.4	10.6	23.4	1.277	2.4	0
4652	1992	174	24105.6	10.4	19.9	1.135	2.2	0
4652	1992	175	24451.2	7.1	21.4	1.0386	1.7	0
4652	1992	176	16675.2	10.7	22	1.2625	2.4	0
4652	1992	177	26092.8	9.5	24.6	0.9899	2.1	0
4652	1992	178	24969.6	15.3	26.6	1.0394	2.5	0
4652	1992	179	27820.8	10.5	27.6	0.9242	1.8	0
4652	1992	180	24796.8	10	30	0.8403	1	0
4652	1992	181	27043.2	12.1	30.6	1.1159	1.2	0
4652	1992	182	28252.8	12.5	32	1.1253	1.8	0
4652	1992	183	14601.6	17.4	26.8	1.5664	2.6	0
4652	1992	184	21168	14.6	23	1.2566	2.8	0
4652	1992	185	24105.6	8.2	25.3	1.0665	0.9	0
4652	1992	186	11577.6	15	21	1.731	1.5	1.7
4652	1992	187	6566.4	11	16.4	1.3467	2.8	6.3
4652	1992	188	16329.6	11.7	20.6	1.1183	4.3	0
4652	1992	189	23414.4	7.3	24.5	1.0645	2.5	0
4652	1992	190	26956.8	10.1	27.5	1.2349	1.6	0
4652	1992	191	20736	11	28.2	1.3435	1	0
4652	1992	192	18921.6	14.6	26	1.5218	2.3	6.1
4652	1992	193	9158.4	15.6	20.6	1.659	2	0
4652	1992	194	15984	12	22.5	1.4743	2.8	0.2
4652	1992	195	16761.6	12.5	21.7	1.4409	3.6	10.2
4652	1992	196	17020.8	14.6	20.4	1.4977	5	2
4652	1992	197	23500.8	11.1	20.6	1.169	3.1	0
4652	1992	198	11836.8	8.8	20.5	1.1323	0.9	0
4652	1992	199	11232	14.3	25.1	1.6955	2.9	7.4
4652	1992	200	19526.4	16.4	23.3	1.642	4.3	0
4652	1992	201	21945.6	13.7	28.3	1.4398	2.6	0
4652	1992	202	23846.4	15.5	30.6	1.603	1.5	0
4652	1992	203	21859.2	20.2	35.1	2.2907	2.8	14.1
4652	1992	204	20649.6	15.2	24.3	1.5169	2.2	0
4652	1992	205	26611.2	9.4	26	1.1931	1.2	0
4652	1992	206	23414.4	14.4	28.6	1.2286	3.2	0
4652	1992	207	16761.6	17.4	24.4	1.7271	2.3	0
4652	1992	208	14860.8	14.8	25.1	1.6289	2.1	0
4652	1992	209	15120	13.3	23.3	1.4069	2.8	1.5
4652	1992	210	23587.2	11	20.5	1.1973	4.3	0
4652	1992	211	25574.4	6.6	24.6	1.0266	1.4	0
4652	1992	212	21168	10.6	28.8	1.1914	2	0
4652	1992	213	19180.8	12	24.6	1.2389	2.2	0
4652	1992	214	20822.4	14	29.5	1.6373	2.4	18.9
4652	1992	215	19008	17.4	26.6	2.0319	3	0
4652	1992	216	18489.6	15.6	28.5	1.8263	2.2	3.6
4652	1992	217	21168	15.1	21.7	1.4158	3.9	0
4652	1992	218	21686.4	10	26.5	1.2351	2.5	0
4652	1992	219	22896	13	28.2	1.526	2.9	0
4652	1992	220	22809.6	9.3	26.2	1.3186	1.5	0
4652	1992	221	18921.6	14.9	28.7	1.4077	2.6	0
4652	1992	222	21686.4	17.6	38	2.0127	2.8	0
4652	1992	223	19180.8	18.6	27.5	1.828	4.2	0.4
4652	1992	224	15724.8	14.5	23.2	1.6952	3.5	6.1
4652	1992	225	18230.4	12.1	22.4	1.2973	3.4	7.3
4652	1992	226	15552	13.3	19.4	1.3182	5.1	10.3
4652	1992	227	9244.8	13.1	17.8	1.5953	2.7	4.1
4652	1992	228	15292.8	12.3	18.8	1.3409	2.5	0
4652	1992	229	13824	7.6	22	1.1097	1.8	1.4
4652	1992	230	5270.4	14	17.1	1.5702	2.6	0.1
4652	1992	231	10540.8	11.7	18.7	1.2594	1.7	0
4652	1992	232	15465.6	13.7	22.7	1.4399	2	0
4652	1992	233	13392	14.9	25.1	1.704	2.2	8
4652	1992	234	15897.6	14.7	21.3	1.5662	5.1	0
4652	1992	235	13824	10.6	22.6	1.4903	1.5	1.4
4652	1992	236	16329.6	13.5	20.1	1.3947	2.4	3.6
4652	1992	237	9417.6	10.4	20.6	1.3718	2.4	5.8
4652	1992	238	10540.8	13.6	22.1	1.8577	3.2	4.9
4652	1992	239	12960	16.1	22	1.7385	2.8	1.1
4652	1992	240	10281.6	16.5	23.3	1.7166	3.8	0
4652	1992	241	14342.4	18.3	26.7	2.0674	2.6	12.9
4652	1992	242	9072	13.6	20.6	1.7524	2.4	1.2
4652	1992	243	15465.6	11.4	22.5	1.4851	2.8	1.7
4652	1992	244	5788.8	13.1	16.2	1.3988	1.9	6.3
4652	1992	245	10627.2	9.6	14.8	1.2635	3.9	5.1
4652	1992	246	8553.6	7.7	17.4	1.1041	4.4	3.5
4652	1992	247	5356.8	11.9	17.5	1.3866	5.2	1.4
4652	1992	248	8812.8	9.5	14.2	1.1099	4.2	3.4
4652	1992	249	13305.6	10.1	16	1.3059	4.5	4.3
4652	1992	250	15897.6	8	16.9	1.1546	2.4	0
4652	1992	251	9158.4	8.6	20	1.2536	2.2	1.1
4652	1992	252	9504	7.4	16	1.0852	2.8	0
4652	1992	253	14256	7.2	18	1.1223	2.4	0
4652	1992	254	16675.2	5.7	20.9	1.0222	2	0
4652	1992	255	16761.6	11.1	24.6	1.4494	2.7	3.3
4652	1992	256	14601.6	10.2	18.2	1.2455	2.1	0
4652	1992	257	12441.6	8.6	20.4	1.1544	2.1	0.1
4652	1992	258	12268.8	10.4	17.1	1.1154	3.4	0
4652	1992	259	9504	10.2	17.6	1.2215	4.3	0
4652	1992	260	5788.8	12.2	16.5	1.1596	4.5	0.2
4652	1992	261	13392	8.3	17.5	1.1148	1.6	0
4652	1992	262	14515.2	6.8	20.6	0.8926	3.6	0
4652	1992	263	11923.2	8.8	20.5	1.0158	3.1	8.1
4652	1992	264	4924.8	10.7	16.5	1.4002	1.1	0
4652	1992	265	13737.6	7.4	19.2	1.19	2.5	0
4652	1992	266	11923.2	11.3	22.4	1.2841	4.1	0
4652	1992	267	5788.8	11.4	19.7	1.4114	2.2	0
4652	1992	268	13478.4	6.7	19.4	1.1858	1.7	0
4652	1992	269	13305.6	8	21.2	1.2449	2.1	0
4652	1992	270	10540.8	10.1	21	1.4996	1.7	0
4652	1992	271	10627.2	8.2	20.6	1.3764	1.9	0
4652	1992	272	13737.6	11	20.8	1.4073	2.9	0
4652	1992	273	11404.8	10.4	17.6	1.1496	3.1	0
4652	1992	274	7344	9.2	15.7	1.1113	2.6	0
4652	1992	275	2937.6	7.3	14	1.0764	2.1	2.4
4652	1992	276	2851.2	10.3	13.1	1.2226	1.7	0.4
4652	1992	277	9417.6	7.5	16.4	0.9497	4.3	0
4652	1992	278	12096	7.3	15.5	0.9427	5.3	0.2
4652	1992	279	2764.8	5.1	9	0.9244	4.3	5.5
4652	1992	280	2678.4	7.7	11	1.1276	3.5	17.3
4652	1992	281	4838.4	8.7	13.4	1.1711	2.3	0
4652	1992	282	2592	4	12.5	0.9378	2.8	0
4652	1992	283	5529.6	4.7	12.3	0.976	3.3	1
4652	1992	284	10800	0	13.4	0.7946	1.6	0
4652	1992	285	2505.6	1.6	11.7	0.7528	2.2	0.2
4652	1992	286	10713.6	-0.8	10.5	0.6559	2.1	0
4652	1992	287	10454.4	-4.5	10.7	0.5495	0.9	0
4652	1992	288	5011.2	-3	9.4	0.6302	3.2	7.5
4652	1992	289	7603.2	4.5	9.7	0.7461	5.8	1
4652	1992	290	2678.4	3.7	7.1	0.7443	4.3	0.2
4652	1992	291	8294.4	0.4	9	0.7088	2.6	0
4652	1992	292	6480	0.8	8.9	0.7077	2.6	0.2
4652	1992	293	6393.6	3.1	12.3	0.7983	2.8	0
4652	1992	294	8985.6	-1.1	12.4	0.7025	1.3	0
4652	1992	295	2073.6	1.3	7	0.7971	2	3.9
4652	1992	296	6220.8	1.1	6.7	0.654	2.8	7.7
4652	1992	297	1987.2	-0.6	6.6	0.735	1.8	3.4
4652	1992	298	4665.6	3.9	8.1	0.8319	3.8	2
4652	1992	299	1900.8	2.5	6.7	0.7717	3.5	14.6
4652	1992	300	1900.8	2.2	6.6	0.7861	2.8	3.2
4652	1992	301	3542.4	0.2	7.3	0.7031	2.7	8.1
4652	1992	302	4838.4	4	8.7	0.8619	2.7	2.7
4652	1992	303	1814.4	1.6	7	0.7806	2.7	2.7
4652	1992	304	4147.2	-1.8	6.3	0.625	2.7	0
4652	1992	305	5356.8	-3.7	5.4	0.5913	2.7	0
4652	1992	306	6220.8	-2	8.3	0.5897	2.9	0
4652	1992	307	3628.8	4.5	8.8	0.7625	4.8	4.3
4652	1992	308	5011.2	5.1	10.3	0.9454	5.3	1.8
4652	1992	309	2073.6	3.9	9.3	0.8671	4.6	6
4652	1992	310	1555.2	6.6	11.9	1.1317	3.8	1.4
4652	1992	311	1555.2	9.4	12	1.1314	5.6	0
4652	1992	312	1468.8	8.2	12.2	1.1689	5.9	3.5
4652	1992	313	4924.8	0.9	8.7	0.7138	2.2	0
4652	1992	314	5443.2	-0.9	7.9	0.6516	2.8	0.3
4652	1992	315	2851.2	3.2	10.4	0.9087	3.5	2.3
4652	1992	316	1382.4	5	10.4	0.9874	6.1	17.6
4652	1992	317	2160	1.7	6.2	0.7131	6.9	7.3
4652	1992	318	1900.8	1.7	4.1	0.6847	4.4	3.7
4652	1992	319	3715.2	1.3	5.9	0.7194	4.2	3.4
4652	1992	320	1296	-0.9	4.6	0.6284	2.8	3.2
4652	1992	321	1296	1.7	6.9	0.7972	3	5.6
4652	1992	322	1468.8	3.5	6.5	0.8023	2	4.3
4652	1992	323	2678.4	3.1	7	0.7876	5.3	7.1
4652	1992	324	2246.4	2.7	6.6	0.7234	6.8	4.5
4652	1992	325	3542.4	2.6	6	0.6561	7.2	4.9
4652	1992	326	3801.6	2.7	6.5	0.7378	4.4	5.5
4652	1992	327	1123.2	0.6	3.4	0.6704	2.5	4.3
4652	1992	328	1123.2	2.8	10.6	0.9417	3.1	3.6
4652	1992	329	1123.2	5.8	9.5	1.0155	2.8	1
4652	1992	330	2937.6	7.3	11.4	0.8927	4.9	6
4652	1992	331	2246.4	5.1	12.1	0.9603	6.9	7.2
4652	1992	332	3369.6	3.5	6.8	0.6874	4.5	9.6
4652	1992	333	2419.2	2.7	7.7	0.7959	4.4	0.7
4652	1992	334	1036.8	-0.4	2.9	0.6621	2.1	0.2
4652	1992	335	1641.6	0.8	9.7	0.8519	3.1	0.7
4652	1992	336	3456	5.3	9.3	0.7871	4.4	0
4652	1992	337	2246.4	3.3	10.9	0.8671	4.7	3.2
4652	1992	338	2937.6	4.7	12.7	0.8319	6	1.6
4652	1992	339	1641.6	1.7	6.4	0.6854	3.9	5.6
4652	1992	340	2160	1.7	5	0.6913	4	0
4652	1992	341	950.4	0.7	4.6	0.6578	3	0
4652	1992	342	950.4	-0.8	2.2	0.5849	4.4	3.7
4652	1992	343	950.4	1.2	1.8	0.6332	2.8	0
4652	1992	344	950.4	1.5	4	0.67	1.9	0
4652	1992	345	864	2.9	3.6	0.7019	1.5	0
4652	1992	346	864	2	3.7	0.6373	4.5	20.4
4652	1992	347	2073.6	2.8	5.7	0.7448	5.1	1
4652	1992	348	1468.8	2.6	4.8	0.7325	5	9.3
4652	1992	349	864	4.3	8.8	0.8641	5.4	0
4652	1992	350	2246.4	-0.9	8.1	0.672	2.6	0
4652	1992	351	3456	-0.9	7.3	0.684	2.3	0
4652	1992	352	864	1	5.2	0.725	2	0.1
4652	1992	353	3283.2	1.1	6.2	0.6823	3.6	3.5
4652	1992	354	864	2.6	7.6	0.8431	2.4	3.1
4652	1992	355	864	1.1	5.8	0.751	2.5	4.1
4652	1992	356	864	0.9	2.7	0.6331	3.3	0
4652	1992	357	864	0.3	1.8	0.6197	3.3	2
4652	1992	358	864	-0.8	0.4	0.5721	3.1	0
4652	1992	359	864	-2.5	-0.3	0.535	1.7	0
4652	1992	360	1468.8	-5.6	-1.2	0.4328	1.9	0
4652	1992	361	864	-8.3	-1.6	0.402	1.4	0
4652	1992	362	864	-1.8	0.7	0.5459	1.8	0
4652	1992	363	2678.4	-5.5	0.1	0.4509	1.4	0
4652	1992	364	864	-6.4	-3.1	0.3996	1.1	0
4652	1992	365	950.4	-3.2	0.7	0.4963	1	0
4652	1992	366	950.4	-2.9	0.4	0.4629	3.3	0
