*---------------------------------------------------------------------------*
* Station name: WITTENBERG                              
* Year: 2005
* Author: Pedro Alencar                                   -999.000: NIL VALUE
* Source: ECAD 
* Comments: 
* Longitude: 51.8903, latitude: 51.8903, altitude: 105 m.
*
* Column  Daily value
* 1       station number
* 2       year
* 3       day
* 4       irradiation                   (kJ m-2 d-1)
* 5       minimum temperature           (degrees Celsius)
* 6       maximum temperature           (degrees Celsius)
* 7       early morning vapour pressure (kPa)
* 8       mean wind speed (height: 2 m) (m s-1)
* 9       precipitation                 (mm d-1)
*
** WCCDESCRIPTION=GERMANY, WITTENBERG                              
** WCCFORMAT=2
** WCCYEARNR=2005
*---------------------------------------------------------------------------*
   51.8903  12.6464    105.  -0.18 -0.55
4776	2005	1	1036.8	4.5	6.5	0.8126	2.1	0.8
4776	2005	2	1468.8	3.3	8	0.6387	6.3	3.6
4776	2005	3	1296	0.9	6.3	0.6799	5.7	7.9
4776	2005	4	1036.8	5.2	8.1	0.7332	6.7	0.4
4776	2005	5	1382.4	3.2	6.6	0.7534	3.8	1.4
4776	2005	6	2332.8	2.5	7.8	0.7314	3.8	4.7
4776	2005	7	1123.2	4.6	10	0.7871	6.2	0
4776	2005	8	3888	5.2	12.4	0.7584	7.5	1.2
4776	2005	9	4320	3	9.4	0.6634	5	0
4776	2005	10	2246.4	5.6	12.6	0.9009	4.4	0.2
4776	2005	11	1555.2	4.6	9.7	0.8195	3.2	0.1
4776	2005	12	1209.6	3.7	9.6	0.8212	3	1
4776	2005	13	2851.2	1.4	6.2	0.6575	4.8	0.3
4776	2005	14	3024	1.4	4.8	0.6334	3.7	0
4776	2005	15	1209.6	-2.2	3.3	0.5214	0.9	0
4776	2005	16	5270.4	-4.6	4.8	0.5047	2	0
4776	2005	17	3888	-1.9	5.2	0.5506	2.1	0
4776	2005	18	1296	1.8	6.6	0.6597	3.7	1.7
4776	2005	19	3024	-0.6	6.1	0.6476	3.8	4.1
4776	2005	20	1296	1.8	6.9	0.725	6.6	14
4776	2005	21	3283.2	0.2	5.5	0.6223	7.3	5.8
4776	2005	22	4406.4	0	3.9	0.5977	4.3	0
4776	2005	23	3888	-1	3.1	0.5801	3.5	3.3
4776	2005	24	2419.2	-3	0.3	0.4927	3.7	0.1
4776	2005	25	1468.8	-3.8	-0.5	0.454	2.6	0
4776	2005	26	3542.4	-7.3	-2.9	0.364	2.2	0
4776	2005	27	1987.2	-8.2	-1.4	0.3767	1.5	1.7
4776	2005	28	2246.4	-6.1	0	0.454	0.9	0.1
4776	2005	29	2160	-8.7	-2.8	0.3703	1	0.1
4776	2005	30	1555.2	-5.5	2	0.4999	2.4	1.6
4776	2005	31	1555.2	1.2	5.2	0.7147	5.1	10.4
4776	2005	32	6739.2	-0.7	5	0.5635	3.8	0
4776	2005	33	1641.6	-0.6	3.9	0.6332	2.1	0.9
4776	2005	34	3196.8	-1.8	4.4	0.5839	1.8	0.1
4776	2005	35	1728	-1.2	3.6	0.5664	1	0
4776	2005	36	7344	-5	3	0.4317	3.1	0
4776	2005	37	7430.4	-6.6	3.1	0.4032	3.6	0
4776	2005	38	7516.8	-6.3	2.6	0.3202	3.8	0
4776	2005	39	6825.6	-6.4	2.4	0.3536	3	0
4776	2005	40	6393.6	-5.8	3.1	0.4429	1.3	0.2
4776	2005	41	1900.8	1.9	6	0.6806	4.1	6.2
4776	2005	42	6739.2	0.8	7.7	0.6951	1.5	3.4
4776	2005	43	2592	0.6	10.9	0.8177	5	13.8
4776	2005	44	2678.4	-0.3	4.9	0.5912	7.3	4
4776	2005	45	3888	-2.7	1.1	0.4842	4	0.8
4776	2005	46	2073.6	-2.1	0.1	0.5226	3.3	0.8
4776	2005	47	3974.4	-1.8	1.1	0.5063	3.8	0.9
4776	2005	48	2160	-5.3	-0.5	0.4245	2.1	0
4776	2005	49	6220.8	-5.4	-1.4	0.39	1.8	0.6
4776	2005	50	2246.4	-4.1	1.3	0.4854	2	0.7
4776	2005	51	3024	-1.5	3.8	0.5644	0.6	0.1
4776	2005	52	5011.2	-3.2	2.4	0.4985	3.1	0
4776	2005	53	4665.6	-4.4	-1.8	0.4037	3.9	0.1
4776	2005	54	2419.2	-3.3	0.8	0.5298	1.7	0.8
4776	2005	55	6048	-7.6	-0.3	0.3879	0.9	0.6
4776	2005	56	2505.6	-1.9	1.7	0.5641	0.6	1.1
4776	2005	57	2592	-6.5	1.7	0.4713	1.7	0.7
4776	2005	58	10195.2	-9	-2.5	0.3106	3.9	0
4776	2005	59	8726.4	-11.4	-1.6	0.2895	3.6	0.2
4776	2005	60	7862.4	-5.9	-1.6	0.315	4.8	0.4
4776	2005	61	11923.2	-6.5	1.4	0.2736	3.2	0
4776	2005	62	7084.8	-7.2	3.3	0.3761	0.7	0
4776	2005	63	5184	-6	1.1	0.4237	0.9	0
4776	2005	64	8035.2	-5.9	0.8	0.4003	1.9	0
4776	2005	65	8035.2	-5.7	-0.1	0.39	3.6	0
4776	2005	66	3024	-5.8	1.7	0.4206	3.6	0
4776	2005	67	6739.2	0.8	4.8	0.6126	3.3	0
4776	2005	68	4320	-5.3	2.6	0.465	2.3	0.1
4776	2005	69	13910.4	-7.6	2.6	0.356	1.8	0
4776	2005	70	3196.8	-1.6	2.8	0.5297	5.9	9.3
4776	2005	71	3283.2	0.5	3.9	0.5727	6.4	1.8
4776	2005	72	6998.4	0	6.5	0.6093	3.5	0.1
4776	2005	73	9244.8	-1.1	7.6	0.563	2.6	0
4776	2005	74	8294.4	-1	11	0.5756	2.3	0
4776	2005	75	11145.6	5.8	19.1	0.8804	4.6	0
4776	2005	76	5011.2	10.7	17	1.0752	6.3	0.5
4776	2005	77	3628.8	8.9	14.9	1.1832	6.3	0.7
4776	2005	78	10972.8	-2.4	8.9	0.5553	3	0
4776	2005	79	16156.8	-4.6	7.3	0.4109	1.8	0
4776	2005	80	12873.6	-3.1	8.3	0.3756	2.4	0
4776	2005	81	15811.2	-2.9	12.7	0.4503	3.3	0
4776	2005	82	4924.8	3.7	12.6	0.9207	0.8	2
4776	2005	83	13132.8	4.8	18.2	1.1117	1.4	0
4776	2005	84	13478.4	5.8	17.1	1.081	1.7	4.3
4776	2005	85	4579.2	9.1	13.2	1.1789	0.8	0
4776	2005	86	4060.8	6.6	11.2	1.037	2.5	0
4776	2005	87	12182.4	3.4	11.7	0.7798	2.6	0
4776	2005	88	11059.2	2.9	14.8	0.7041	3.8	0
4776	2005	89	17452.8	2.7	13.2	0.577	5.2	0
4776	2005	90	18489.6	-0.6	12.5	0.4751	3.9	0
4776	2005	91	18748.8	0.1	14	0.4522	3.4	0
4776	2005	92	19008	0.6	17.2	0.4558	3.1	0
4776	2005	93	19094.4	2.3	19.9	0.4885	3.2	0
4776	2005	94	19267.2	4.7	20.6	0.5849	2.2	0
4776	2005	95	10713.6	4.5	16.3	0.92	1.9	1.9
4776	2005	96	15811.2	0.5	16	0.7524	2.4	0.4
4776	2005	97	10022.4	7.3	14.3	0.9189	4.2	2.8
4776	2005	98	12268.8	1.6	13.3	0.7952	1.9	0.7
4776	2005	99	4752	2	5.7	0.6839	2.2	3.6
4776	2005	100	9072	-1.7	9	0.6664	1.5	0.8
4776	2005	101	13737.6	3.8	14.1	0.8919	1.4	0
4776	2005	102	12614.4	1.7	14.8	0.8724	0.4	0
4776	2005	103	11836.8	4.7	16.4	0.9928	0.9	0
4776	2005	104	16156.8	5.3	19.6	0.9237	1.3	0
4776	2005	105	17280	11.1	22.4	0.9903	2.9	0
4776	2005	106	19785.6	8.2	22.6	1.0135	3.1	0
4776	2005	107	14688	10.4	21.4	1.299	3.6	0
4776	2005	108	20649.6	7.1	20.5	1.1348	2	0
4776	2005	109	17971.2	5.8	16.7	0.8134	3.2	0
4776	2005	110	22896	-0.3	12.2	0.4471	4.3	0
4776	2005	111	22636.8	-2.1	11	0.4028	1.8	0
4776	2005	112	18403.2	-0.8	14.6	0.547	1.2	0
4776	2005	113	20995.2	1.8	16.3	0.5871	1.8	0
4776	2005	114	21772.8	2.7	17.4	0.5786	3.8	0
4776	2005	115	12268.8	6.1	17	0.6257	4.2	0
4776	2005	116	21168	6	19.3	0.6726	1.4	0
4776	2005	117	10108.8	6.6	15.3	1.098	1.7	3.6
4776	2005	118	19353.6	4.2	18.3	0.9067	2	0
4776	2005	119	14601.6	6.2	18.4	0.8432	2.2	0
4776	2005	120	22550.4	7.1	21.2	1.0641	0.9	0
4776	2005	121	23673.6	10.8	26.8	1.2999	1	0
4776	2005	122	22118.4	13	31.8	1.3789	2.5	0
4776	2005	123	17280	13.3	24.5	1.6133	1.8	0.3
4776	2005	124	17107.2	10.6	18.7	1.3488	2.7	9
4776	2005	125	17798.4	6.6	15.1	0.896	2.9	0.7
4776	2005	126	13996.8	5.7	14.3	1.0061	3.4	2.7
4776	2005	127	12441.6	4	8.6	0.8589	2.1	19.1
4776	2005	128	16329.6	3.6	13.6	0.8263	3.8	0.1
4776	2005	129	18403.2	3.5	13	0.8288	2.6	0.7
4776	2005	130	15033.6	1.2	11.4	0.8016	2.1	2.8
4776	2005	131	17539.2	2.1	13.2	0.8689	2.1	4.6
4776	2005	132	21081.6	2.5	13.4	0.8548	0.9	0
4776	2005	133	23328	1.6	18.6	0.7782	1.6	0
4776	2005	134	10972.8	9.2	16	1.1077	2.5	20.6
4776	2005	135	14688	7.1	15.6	1.1141	3.4	0.5
4776	2005	136	23932.8	6.4	18.8	0.9474	2.3	2.6
4776	2005	137	6220.8	6.1	9.5	0.9201	0.6	1.5
4776	2005	138	11577.6	4.2	13.3	0.8009	0.7	0
4776	2005	139	25920	1.9	17	0.6977	1.4	0
4776	2005	140	24105.6	5.5	21.1	0.9002	2.6	0
4776	2005	141	15811.2	10.6	22.1	1.2625	2	3.6
4776	2005	142	15033.6	13.8	21.9	1.6535	1.1	0
4776	2005	143	11145.6	12.1	20.1	1.5533	1	2.2
4776	2005	144	19958.4	11.2	21	1.2609	1.1	0
4776	2005	145	24192	10.5	24.1	1.2423	1.5	0
4776	2005	146	24883.2	11.6	27.4	1.4257	1.3	0
4776	2005	147	26438.4	14.2	31.2	1.597	1	0
4776	2005	148	26956.8	17	33.3	1.7222	1.6	0
4776	2005	149	26870.4	18.1	28.9	1.5604	0.9	7.5
4776	2005	150	9331.2	10.7	19	1.4675	2.1	0.6
4776	2005	151	17971.2	7.1	17.2	1.0896	3.3	1
4776	2005	152	16675.2	4.4	14.8	0.8601	1.8	0
4776	2005	153	12528	3.5	17.2	0.9797	1.3	0.1
4776	2005	154	21772.8	12.1	27.3	1.4893	1.5	0
4776	2005	155	17020.8	12.1	22.4	1.2973	3.2	0.6
4776	2005	156	14515.2	10.8	18.5	1.3655	3.2	4.3
4776	2005	157	10368	8	14.4	0.9702	2.2	0.1
4776	2005	158	12096	6.8	16.1	0.9053	2.7	0
4776	2005	159	18662.4	4.9	16.2	0.8656	0.6	0
4776	2005	160	19440	6.6	19.6	0.8283	0.8	0
4776	2005	161	11923.2	8	19.2	1.2291	1.4	2.4
4776	2005	162	14601.6	5.6	14.3	0.856	2.4	0
4776	2005	163	16761.6	4	15.1	0.881	1.5	0.2
4776	2005	164	24364.8	6.9	20.4	0.9521	2.2	0
4776	2005	165	20649.6	9.6	27.3	1.4414	1.6	0.7
4776	2005	166	15120	13.8	26.3	1.4751	0.4	0
4776	2005	167	24364.8	11.6	27.9	1.448	1.5	0
4776	2005	168	12009.6	14.9	24	1.6018	2.5	0
4776	2005	169	26784	12.1	23.5	1.16	2.1	0
4776	2005	170	26956.8	10.1	27.5	1.2566	0.5	0
4776	2005	171	28080	12.9	28.4	1.3606	1.1	0
4776	2005	172	27216	14.5	32.2	1.4604	1.8	9.7
4776	2005	173	22809.6	13.7	23.7	1.4641	1.2	0
4776	2005	174	28080	11.4	27.8	1.2752	0.6	0
4776	2005	175	24710.4	15.5	31.1	1.5988	1.5	0
4776	2005	176	20822.4	15.1	33	2.3295	1.1	23.9
4776	2005	177	25660.8	12.9	26	1.4664	0.5	0
4776	2005	178	26956.8	12	25.6	1.2349	0.9	0
4776	2005	179	27820.8	9.4	25	1.1757	1.4	0
4776	2005	180	24278.4	10.5	26.4	1.2294	0.5	0
4776	2005	181	16675.2	14.1	22.9	1.5522	1.6	1.8
4776	2005	182	11059.2	13.8	21.6	1.7593	1.1	0.4
4776	2005	183	15292.8	11.9	23.3	1.5474	0.4	0
4776	2005	184	22982.4	13.3	27.4	1.4788	1	0
4776	2005	185	26956.8	17.3	30.2	1.4373	3.1	2.8
4776	2005	186	6739.2	11	18.8	1.5061	1.9	9.5
4776	2005	187	6739.2	10.8	15.2	1.3315	1	0.6
4776	2005	188	9849.6	12.2	21.7	1.6201	1	2.1
4776	2005	189	9331.2	13.4	16.2	1.5469	0.3	7.7
4776	2005	190	10972.8	13.3	21.1	1.7831	0.2	1.6
4776	2005	191	24969.6	15.5	27.7	1.8027	1.1	0.1
4776	2005	192	26092.8	15.5	28.8	1.4913	1.4	0
4776	2005	193	24796.8	17.6	30.1	1.564	1	0
4776	2005	194	24537.6	15.5	30.7	1.5232	0.4	0
4776	2005	195	23587.2	16.6	29.5	1.7436	0.7	0
4776	2005	196	22723.2	14.8	32.9	1.9772	1.5	2.1
4776	2005	197	17107.2	13.5	24.5	1.4917	0.9	0
4776	2005	198	22377.6	12.3	23.9	1.2857	1.7	0
4776	2005	199	25142.4	10.8	28.5	1.3705	0.6	0.1
4776	2005	200	13564.8	16	24.7	1.6219	2.6	0.8
4776	2005	201	15379.2	12.4	23	1.274	3.8	1.7
4776	2005	202	8467.2	11.6	14.3	1.357	5.1	37.3
4776	2005	203	13132.8	12.6	20.4	1.6308	4.2	4.4
4776	2005	204	7776	12.1	16	1.3456	2.6	0
4776	2005	205	20044.8	12.8	24.3	1.4078	1.2	0.1
4776	2005	206	15292.8	16.2	26.5	1.9022	1.9	5.9
4776	2005	207	16070.4	14.8	24.1	1.7822	1.9	0
4776	2005	208	18748.8	14.5	27.1	1.692	0.7	8
4776	2005	209	20908.8	18.1	32.1	2.2894	1.4	0.6
4776	2005	210	17452.8	19.3	29.6	2.2942	1	42.3
4776	2005	211	18921.6	16.8	27	1.9409	2.6	0.1
4776	2005	212	22464	15.5	25.7	1.5502	2.5	0
4776	2005	213	21600	11.7	23	1.2858	1.9	0
4776	2005	214	17625.6	9.2	22.4	1.237	0.2	0.4
4776	2005	215	6048	14	16.3	1.5821	0.3	5.4
4776	2005	216	16588.8	12.1	21.3	1.4238	2.4	0
4776	2005	217	17884.8	10	22.5	1.3099	1.6	5.7
4776	2005	218	15465.6	11.4	19.5	1.455	2.6	1.8
4776	2005	219	15811.2	8.3	17.8	1.2008	1.6	3.5
4776	2005	220	15465.6	7.1	19.4	1.2014	1.1	1.6
4776	2005	221	9158.4	11.1	16.6	1.2175	3.4	0
4776	2005	222	11404.8	9.9	15.9	1.2634	3.3	4.6
4776	2005	223	7862.4	12.8	18.1	1.3148	3.9	0
4776	2005	224	21168	11.1	23	1.4363	1.4	3.8
4776	2005	225	6307.2	10.7	16.9	1.2924	1.9	0
4776	2005	226	5616	11.1	18.4	1.4246	1.4	2.8
4776	2005	227	8812.8	13.2	21.6	1.6272	0.4	0
4776	2005	228	21254.4	11.4	22.7	1.4751	0.7	0
4776	2005	229	16416	9.8	23.4	1.3959	0.3	0
4776	2005	230	23155.2	12.7	26.4	1.4982	1.9	0
4776	2005	231	21513.6	15.2	28.3	1.5854	2.1	0
4776	2005	232	10627.2	16.2	24.3	1.8016	0.8	0.9
4776	2005	233	22204.8	15.8	28.2	1.9	0.6	0
4776	2005	234	18057.6	15.7	27.4	1.5918	0.9	0.3
4776	2005	235	5184	15.4	19.1	1.7495	1.2	7.4
4776	2005	236	14169.6	14.2	22.1	1.6434	1.1	0
4776	2005	237	6912	12.8	21.1	1.6394	2.6	0.9
4776	2005	238	16675.2	8.8	20.3	1.1581	3.2	0
4776	2005	239	18662.4	9	22.1	1.1821	0.6	0
4776	2005	240	19612.8	9.3	24.3	1.28	0.5	0
4776	2005	241	21168	11.7	27.7	1.4664	0.9	0
4776	2005	242	20736	12	27.5	1.5169	0.5	0
4776	2005	243	20563.2	14.4	27.9	1.7287	2.8	0
4776	2005	244	19526.4	14.9	29.9	1.6223	2.8	0
4776	2005	245	14428.8	13.8	25.3	1.6344	0.9	0
4776	2005	246	5529.6	14.8	20.9	1.7148	0.3	0
4776	2005	247	17971.2	11.9	26.7	1.5198	0.8	0
4776	2005	248	18921.6	12.6	26.9	1.402	2.4	0
4776	2005	249	18748.8	11.8	27.6	1.3747	2.4	0
4776	2005	250	18489.6	13.1	28.7	1.4557	1.8	0
4776	2005	251	18144	12.9	30.6	1.6373	0.9	0
4776	2005	252	17971.2	15	29.8	1.6763	1.4	0
4776	2005	253	13651.2	15.5	28.6	1.9058	0.4	4.7
4776	2005	254	3974.4	16.6	19.7	1.9554	0.2	2.3
4776	2005	255	4665.6	11.5	18	1.5754	0.4	6.8
4776	2005	256	10454.4	8.9	19.7	1.335	0.2	0
4776	2005	257	13996.8	7.9	21.7	1.3283	2.2	0
4776	2005	258	11491.2	13.5	22.2	1.5719	2.4	11.2
4776	2005	259	3715.2	8.1	13.7	1.2377	0.9	3.8
4776	2005	260	10540.8	5.8	16.3	1.0659	0.3	0
4776	2005	261	14515.2	3.6	19.2	1.0101	0.1	0
4776	2005	262	15984	3.7	19.6	0.9174	0.8	0
4776	2005	263	15724.8	6.5	20.3	1.121	0.5	0
4776	2005	264	12614.4	8.6	20.3	1.2986	1	0
4776	2005	265	15292.8	8.2	21.3	1.1899	1.7	0
4776	2005	266	15120	8	23.3	1.2429	2.1	0
4776	2005	267	14601.6	9.5	24.1	1.3947	0.8	0
4776	2005	268	12873.6	10	24.4	1.5088	1.1	0
4776	2005	269	5529.6	10.8	17.5	1.451	1	5.4
4776	2005	270	11836.8	9.1	20.9	1.3795	1.5	0.9
4776	2005	271	5961.6	9.2	16.6	1.3377	1.1	5.8
4776	2005	272	7516.8	7.9	15.2	1.2242	2.2	4.5
4776	2005	273	8035.2	8	17	1.2018	1.9	0
4776	2005	274	5356.8	7	15.1	1.1843	2.6	7
4776	2005	275	4320	9	13.6	1.2308	0.4	0
4776	2005	276	5184	8.3	16	1.2735	0.4	0
4776	2005	277	11491.2	12.2	19.7	1.448	2.6	0
4776	2005	278	9676.8	10	19.4	1.42	2.9	0
4776	2005	279	8467.2	10.4	18.4	1.4911	2	0
4776	2005	280	10454.4	8.5	20	1.3631	2.6	0
4776	2005	281	11750.4	9.9	20.7	1.2501	2.7	0
4776	2005	282	10713.6	7.6	20.2	1.2215	1.4	0
4776	2005	283	10368	7.7	19.2	1.2479	1.8	0
4776	2005	284	11404.8	8.5	20.4	1.1014	3.5	0
4776	2005	285	11145.6	8.1	18.7	1.075	3	0
4776	2005	286	11059.2	6.4	18.5	1.0824	2	0
4776	2005	287	10627.2	4.6	18.3	1.0675	0.8	0
4776	2005	288	10627.2	3.8	17.2	1.0149	0.3	0
4776	2005	289	8640	2.8	12.5	0.7852	1.1	0
4776	2005	290	4320	6.4	14.1	1.0231	1.1	0
4776	2005	291	4752	4.2	11.1	0.8584	1.8	0
4776	2005	292	9676.8	1.3	14.1	0.7563	2.7	0
4776	2005	293	8294.4	3.7	17	0.9922	1.4	3.7
4776	2005	294	5443.2	8.6	17	1.2847	1.6	3.7
4776	2005	295	2160	10.2	17.2	1.2684	3.4	1.7
4776	2005	296	4579.2	8.7	16.1	1.2515	1.9	1.3
4776	2005	297	3888	8	13.3	1.1789	1.7	5.4
4776	2005	298	3024	11.5	17.1	1.3024	4.3	1.7
4776	2005	299	8208	9	17.5	1.1253	3.9	0
4776	2005	300	8380.8	6.6	20.4	1.3447	0.7	0
4776	2005	301	8640	8.6	19.7	1.2737	3	0
4776	2005	302	8208	6.7	17.3	1.0929	2.6	0
4776	2005	303	8121.6	6	18.3	1.1037	2.4	0
4776	2005	304	8035.2	4.5	13.7	0.9125	3.3	0
4776	2005	305	3283.2	4.3	12.7	0.965	1.7	0
4776	2005	306	5356.8	5.3	14.2	1.0739	1.4	0.1
4776	2005	307	5788.8	8.7	18.6	1.3735	2.3	0.8
4776	2005	308	3628.8	9.3	13.8	1.2242	2.2	4.7
4776	2005	309	3888	4.2	12.7	0.9949	1.6	3.1
4776	2005	310	7084.8	2.1	11.7	0.8851	1.2	0
4776	2005	311	6048	0.9	11.5	0.8246	1.8	0
4776	2005	312	6998.4	4.7	14.5	1.0273	1.9	0
4776	2005	313	6566.4	3.3	13.2	0.9487	2.1	0
4776	2005	314	2073.6	2.1	10.4	0.913	1.3	0
4776	2005	315	2160	8.2	11.7	1.0272	3.3	0
4776	2005	316	6220.8	2.6	12	0.8382	2.1	0
4776	2005	317	6134.4	0.8	11.5	0.85	0.7	0
4776	2005	318	1728	3.6	8.9	0.894	1.2	0
4776	2005	319	2419.2	2.8	6.3	0.769	4.8	7.8
4776	2005	320	2332.8	1.1	7	0.767	2.3	5
4776	2005	321	1296	-1.3	3.8	0.6487	1.7	0.5
4776	2005	322	2332.8	-0.1	2.7	0.6242	2	0
4776	2005	323	1296	-2	2	0.5743	2	0.1
4776	2005	324	1296	-0.2	5.2	0.6874	2.7	1.4
4776	2005	325	1296	0.9	5.4	0.6969	2	0.8
4776	2005	326	1209.6	-0.7	0.1	0.544	1	0
4776	2005	327	1209.6	-0.7	0.1	0.5799	0.5	1.1
4776	2005	328	1209.6	-1	2.8	0.613	2.6	0
4776	2005	329	1987.2	-1.6	2	0.5021	5	0.1
4776	2005	330	5270.4	-2.3	4.2	0.4647	4.1	0
4776	2005	331	4233.6	-3.5	3.1	0.4938	0.7	0
4776	2005	332	2246.4	-3.2	2.4	0.5401	2	0.2
4776	2005	333	2073.6	-3	4	0.5829	0.9	0.1
4776	2005	334	1123.2	-1.4	4	0.5906	2.2	0
4776	2005	335	4752	-3.1	4.9	0.5413	2.2	0
4776	2005	336	4147.2	-4.3	1.7	0.4834	3.4	0
4776	2005	337	1123.2	-2.8	1.2	0.5303	2.9	0.3
4776	2005	338	1123.2	-0.4	5.3	0.6996	2.2	3.5
4776	2005	339	2505.6	2.6	8.8	0.8332	2	0
4776	2005	340	4320	-0.3	7.3	0.7222	0.5	0
4776	2005	341	1036.8	-0.1	3.8	0.6702	1.1	1.8
4776	2005	342	1036.8	0.8	4.9	0.7272	2	0.9
4776	2005	343	2851.2	-1.1	4.6	0.6447	2.3	0
4776	2005	344	1555.2	-3.4	-0.4	0.5263	1.1	0
4776	2005	345	1036.8	-2.5	2.3	0.5944	2.9	0.5
4776	2005	346	1036.8	-1.5	5.5	0.6986	2.1	0.2
4776	2005	347	1036.8	-2.3	4.5	0.655	2.1	0
4776	2005	348	1036.8	3.1	5.2	0.8053	2.8	0.7
4776	2005	349	1641.6	3.9	6.9	0.7891	6.2	11.6
4776	2005	350	1728	-0.6	6.8	0.6563	7.4	9.3
4776	2005	351	1036.8	-2	0.6	0.5574	3.4	4.4
4776	2005	352	1036.8	-2.6	1.3	0.5478	4.8	2.1
4776	2005	353	1036.8	0.1	2.1	0.6417	3.5	3.9
4776	2005	354	1036.8	0.7	5.6	0.7352	5	5.6
4776	2005	355	1900.8	-2.4	3.3	0.6123	1.2	2
4776	2005	356	1209.6	2.6	6.5	0.7775	4.2	0
4776	2005	357	1036.8	3.8	6.1	0.8343	3.2	2.8
4776	2005	358	1036.8	4.5	8.1	0.8398	5.3	1.4
4776	2005	359	3801.6	-2.1	4.5	0.5931	2.6	0.1
4776	2005	360	1296	-2	0	0.5396	1.9	1.8
4776	2005	361	1036.8	-4.6	-1.6	0.4572	3.9	0
4776	2005	362	1036.8	-5.5	-2.1	0.42	4.2	0.4
4776	2005	363	1036.8	-5.4	-1.2	0.4312	4.5	3.6
4776	2005	364	4147.2	-9.4	-1.9	0.3411	1.9	0.1
4776	2005	365	1814.4	-9.9	4	0.4426	2.8	0.6
