*---------------------------------------------------------------------------*
* Station name: WITTENBERG                              
* Year: 2017
* Author: Pedro Alencar                                   -999.000: NIL VALUE
* Source: ECAD 
* Comments: 
* Longitude: 51.8903, latitude: 51.8903, altitude: 105 m.
*
* Column  Daily value
* 1       station number
* 2       year
* 3       day
* 4       irradiation                   (kJ m-2 d-1)
* 5       minimum temperature           (degrees Celsius)
* 6       maximum temperature           (degrees Celsius)
* 7       early morning vapour pressure (kPa)
* 8       mean wind speed (height: 2 m) (m s-1)
* 9       precipitation                 (mm d-1)
*
** WCCDESCRIPTION=GERMANY, WITTENBERG                              
** WCCFORMAT=2
** WCCYEARNR=2017
*---------------------------------------------------------------------------*
   51.8903  12.6464    105.  -0.18 -0.55
4776	2017	1	4147.2	-2.9	2.1	0.457	2.2	0.9
4776	2017	2	1036.8	-1.4	1.3	0.5844	3	1.7
4776	2017	3	1036.8	-1.2	3.1	0.6218	5.2	16.9
4776	2017	4	1900.8	-1.3	4.3	0.6264	6.1	6.5
4776	2017	5	3542.4	-8.8	-1.1	0.3555	4.3	0
4776	2017	6	4492.8	-12.2	-3.7	0.279	1.8	0
4776	2017	7	1123.2	-11.6	-2.7	0.2968	2.7	4.3
4776	2017	8	1123.2	-2.7	0.4	0.5618	1.1	0.2
4776	2017	9	1123.2	-1	0.3	0.5718	1.7	0
4776	2017	10	4579.2	-5.9	0.5	0.4058	3.1	0
4776	2017	11	1123.2	-6.2	3.6	0.4834	4.5	2.5
4776	2017	12	1555.2	1.8	3.9	0.6073	4.6	2.7
4776	2017	13	1209.6	-1.4	4	0.6376	4.9	5.1
4776	2017	14	2764.8	-1.1	1.8	0.5891	4	1.3
4776	2017	15	1209.6	-2.2	0.3	0.5416	3.7	2.4
4776	2017	16	1900.8	-4	-1.3	0.4627	3.1	0
4776	2017	17	4838.4	-10.4	0	0.3779	2.1	0
4776	2017	18	1728	-8.4	-3	0.3717	1.5	0
4776	2017	19	2764.8	-6	-3.1	0.3926	1.4	0
4776	2017	20	4060.8	-4.6	2.2	0.4534	1.1	0
4776	2017	21	1382.4	-2.3	1.8	0.522	1.1	0
4776	2017	22	5616	-9.4	1.1	0.3911	1.9	0
4776	2017	23	1382.4	-8.8	-3.5	0.3785	1.6	0
4776	2017	24	1382.4	-3.5	-1.1	0.511	1.5	0
4776	2017	25	1468.8	-1.5	0.8	0.5837	0.9	0
4776	2017	26	5702.4	-3	1.7	0.5012	3.1	0
4776	2017	27	6134.4	-5.4	1.1	0.381	2.7	0
4776	2017	28	6220.8	-7.9	-1.1	0.3546	2.8	0
4776	2017	29	5529.6	-5.4	5.4	0.4766	1.5	0
4776	2017	30	1555.2	-2.8	0.9	0.5359	3.5	11.5
4776	2017	31	1555.2	-0.9	1.2	0.6177	1.6	0.1
4776	2017	32	1641.6	-4.4	-0.4	0.4969	1.8	0.1
4776	2017	33	1641.6	-5.4	0.8	0.4955	2.7	0.1
4776	2017	34	1728	-0.6	4.3	0.6842	2.1	0.4
4776	2017	35	6393.6	0.6	9.8	0.7959	2.1	0
4776	2017	36	1728	0.2	2.6	0.676	1.6	0.2
4776	2017	37	1814.4	-3	1.3	0.5571	2.6	0.1
4776	2017	38	1814.4	-2.5	-0.8	0.4765	2.9	0
4776	2017	39	1814.4	-5.2	-2.5	0.354	2.8	0
4776	2017	40	5443.2	-5.9	-1	0.3601	3.1	0
4776	2017	41	4060.8	-5.9	0.1	0.39	3.7	0
4776	2017	42	1987.2	-2.2	-0.7	0.3957	3.2	0
4776	2017	43	4406.4	-3.5	2	0.4223	2.9	0
4776	2017	44	8294.4	-6.2	3.2	0.4216	2.8	0
4776	2017	45	8553.6	-7.1	5.6	0.4397	2.4	0
4776	2017	46	8726.4	-2.8	10.1	0.5633	1.5	0
4776	2017	47	8208	-1.2	13	0.7519	1.6	5.7
4776	2017	48	3024	2.5	7.6	0.8489	2.5	1.1
4776	2017	49	2246.4	1.9	4.5	0.7301	2	0
4776	2017	50	5788.8	-0.7	7.2	0.6941	2.6	1.6
4776	2017	51	2764.8	4.2	8.6	0.8937	4.3	6.3
4776	2017	52	4665.6	2.9	9.5	0.8151	4.6	0.6
4776	2017	53	2419.2	2.3	11.3	0.8791	5.4	15.5
4776	2017	54	2419.2	5.8	9.7	0.9065	4.7	8.3
4776	2017	55	5270.4	0.3	6.8	0.6775	5.4	3.3
4776	2017	56	7862.4	-0.8	7.2	0.6072	3.2	0
4776	2017	57	3542.4	6.3	10.9	0.7147	3.7	0.1
4776	2017	58	7171.2	6.3	14.2	0.811	3.4	0
4776	2017	59	6480	4.5	12	0.7415	5	2.3
4776	2017	60	5702.4	0.7	8.9	0.7396	3.9	5.8
4776	2017	61	3196.8	3.9	7.9	0.7612	5.1	2.1
4776	2017	62	10627.2	1.1	11.4	0.6657	2.9	0
4776	2017	63	11491.2	3.9	16.4	0.7808	3.3	1.4
4776	2017	64	6220.8	5	11	0.7934	3.5	0
4776	2017	65	3024	3.2	7.1	0.7667	1.9	1.6
4776	2017	66	3024	1.5	5.2	0.7224	2.9	0.2
4776	2017	67	8726.4	1.7	10.1	0.7798	3.5	4.5
4776	2017	68	8035.2	4.8	11.3	0.9359	3	5.1
4776	2017	69	5788.8	0.3	9.4	0.6818	4.1	0
4776	2017	70	6998.4	-0.4	8.9	0.7117	1.6	0
4776	2017	71	12355.2	-0.1	8	0.6806	2.9	0
4776	2017	72	10627.2	-1.5	9.9	0.6267	1.8	0
4776	2017	73	5356.8	0.4	11.6	0.7572	2.4	0
4776	2017	74	12009.6	4.6	13.1	0.7609	3.7	0
4776	2017	75	15033.6	2.6	14.1	0.7246	2.4	0
4776	2017	76	5875.2	2.8	12.3	0.7174	3.3	6.2
4776	2017	77	8467.2	3.1	12	0.8006	5.6	2.5
4776	2017	78	3628.8	-1	11.3	0.8107	3	10.8
4776	2017	79	5184	8.8	13.4	1.0562	4.6	0
4776	2017	80	5270.4	5	12	0.9317	3.4	3.2
4776	2017	81	10368	1.4	10.9	0.6706	2.5	0.1
4776	2017	82	4406.4	4.4	8	0.8435	2.6	1.5
4776	2017	83	17107.2	1.6	13.2	0.7101	3	0
4776	2017	84	14688	0.8	13.6	0.6396	2.4	0
4776	2017	85	17366.4	-0.3	13.3	0.687	1.6	0
4776	2017	86	17798.4	-0.2	17.1	0.6632	1.2	0
4776	2017	87	18057.6	2.6	21.2	0.7795	2	0
4776	2017	88	7344	6.8	14.3	1.0183	2.8	1.3
4776	2017	89	10454.4	9.2	18.6	1.3008	1.9	0.6
4776	2017	90	17107.2	8	23.1	1.2174	2.6	0
4776	2017	91	17798.4	7.6	23.2	1.1184	2.1	0.7
4776	2017	92	12614.4	7.6	17.6	1.2097	2.6	0
4776	2017	93	5356.8	6.9	10.2	0.9571	2.8	0
4776	2017	94	10022.4	5.9	11.7	0.9281	1.9	0
4776	2017	95	9158.4	4	14.2	0.8663	3	0
4776	2017	96	15465.6	4.4	12.9	0.6835	4.7	0
4776	2017	97	4579.2	5.8	12.6	0.907	4.8	0.2
4776	2017	98	5270.4	5.5	14	0.9532	2.2	0
4776	2017	99	18403.2	6.4	18.6	1.028	1.5	0
4776	2017	100	18576	5.2	21.6	1.0289	3.5	0
4776	2017	101	12009.6	3.9	11.1	0.6839	3.9	2.3
4776	2017	102	5443.2	7	13.8	0.983	4.4	4.9
4776	2017	103	11923.2	5.7	11.7	0.8432	4.3	0.3
4776	2017	104	14256	3.4	13	0.6956	3.2	0
4776	2017	105	6652.8	4.6	11.9	0.7852	3.7	2
4776	2017	106	12268.8	3.7	10.9	0.7462	4.1	1.1
4776	2017	107	13910.4	3.4	10.9	0.7588	2.6	1.9
4776	2017	108	8812.8	0.6	7.6	0.6797	3.8	0.9
4776	2017	109	16329.6	-0.7	7	0.4978	4.5	0
4776	2017	110	17971.2	-2.2	8.6	0.4458	2.3	0
4776	2017	111	6307.2	4	14	0.6769	4.3	0.3
4776	2017	112	11577.6	4.4	10.1	0.6927	4.8	0.3
4776	2017	113	12528	2.2	9.7	0.6428	4.3	0.3
4776	2017	114	20822.4	-1.3	15.1	0.5868	2.9	0
4776	2017	115	10368	0.9	11	0.6148	3	0.1
4776	2017	116	14947.2	0.2	12.4	0.6012	1.5	0
4776	2017	117	17020.8	-1.3	12.4	0.589	2	0
4776	2017	118	16761.6	1	12.6	0.5926	1.5	0.8
4776	2017	119	13132.8	1.3	12.2	0.6398	2.6	0
4776	2017	120	24710.4	0.6	15.4	0.6433	3.8	0
4776	2017	121	16416	4.2	16.4	0.701	4.4	0
4776	2017	122	7257.6	7.7	11.5	0.9437	4	5.4
4776	2017	123	14688	5.1	16.1	1.0089	3.3	0.7
4776	2017	124	5788.8	7.8	10.7	1.0734	3.3	0.4
4776	2017	125	5875.2	8.2	11.5	1.1175	1.6	0
4776	2017	126	14774.4	9.8	17.2	1.2675	2.7	0
4776	2017	127	18316.8	9.6	18.2	1.1263	2.7	0
4776	2017	128	7862.4	4.9	11.5	0.8912	3.4	0.2
4776	2017	129	12528	2.5	10.5	0.6579	1.7	0
4776	2017	130	21254.4	4.1	15.5	0.7627	2.4	0
4776	2017	131	26265.6	3.2	21.2	0.7524	2.7	0
4776	2017	132	20131.2	9.8	24.6	1.3716	2.7	4.7
4776	2017	133	12614.4	11.9	20.6	1.5497	1.4	0.4
4776	2017	134	20736	10.2	21.5	1.4028	1.9	0.3
4776	2017	135	20390.4	10	20.9	1.1921	2.4	0
4776	2017	136	15206.4	8.9	21.7	1.1286	1.5	0.2
4776	2017	137	26438.4	13.9	25.8	1.2719	2.6	0
4776	2017	138	27302.4	14.3	27.9	1.3987	3.4	0
4776	2017	139	25747.2	13.6	30	1.6684	3.1	0
4776	2017	140	20908.8	11.8	20.8	1.129	3.9	0
4776	2017	141	24969.6	9.2	22.4	0.9681	2.7	0
4776	2017	142	27648	10.1	22.9	0.8997	2.1	0
4776	2017	143	23155.2	8.5	26	1.0811	2.7	0
4776	2017	144	15638.4	8.3	18.1	0.9095	4.2	0
4776	2017	145	21513.6	6.2	19.3	1.045	2.4	0
4776	2017	146	23068.8	11.6	25.2	1.458	2.9	0
4776	2017	147	28684.8	13.7	27.5	1.2111	2.9	0
4776	2017	148	27216	13.8	31.8	1.3019	2.5	0
4776	2017	149	26438.4	16.2	31.3	1.672	1.6	0
4776	2017	150	21168	16.9	28.9	1.8951	3.2	3.2
4776	2017	151	26352	10.9	23.9	1.2502	3.9	0
4776	2017	152	28944	8.3	23.6	0.905	2.5	0
4776	2017	153	28857.6	7.6	27.3	0.8361	2	0
4776	2017	154	9590.4	14.4	24.6	1.3578	2.2	0.7
4776	2017	155	15724.8	11.1	19.3	1.4836	2.5	30.6
4776	2017	156	21945.6	11.4	22.5	1.4466	1.7	10.8
4776	2017	157	19008	12.8	25.3	1.7164	2.7	2.7
4776	2017	158	19008	10.2	18.1	1.048	4.7	0.1
4776	2017	159	20044.8	12	22.2	1.1683	3.1	0
4776	2017	160	22204.8	12.4	28	1.4888	3.1	0
4776	2017	161	20736	12	23.7	1.3065	2	0
4776	2017	162	25574.4	12.6	28	1.3791	2	0.3
4776	2017	163	20390.4	14.1	23.3	1.2703	4.3	0
4776	2017	164	12873.6	11.1	19.9	1.1255	3.7	0
4776	2017	165	28598.4	8.6	23.9	1.1623	2.3	0
4776	2017	166	25574.4	11.3	27.5	1.3269	2.2	5
4776	2017	167	16675.2	12.6	21.3	1.5044	3.7	1.4
4776	2017	168	20822.4	11.1	22.2	1.249	3.9	0
4776	2017	169	27907.2	10.6	26.8	1.421	1.9	0
4776	2017	170	29289.6	14.3	30.2	1.554	1.5	0
4776	2017	171	26179.2	15.8	30.3	1.5749	2.8	0
4776	2017	172	29116.8	13.1	26	1.135	2.5	0
4776	2017	173	21168	12.2	31.9	1.7205	2.7	20.2
4776	2017	174	16156.8	16.7	24.5	1.7197	3.9	0
4776	2017	175	15465.6	17	26	1.6381	3	0
4776	2017	176	12700.8	15.6	24.8	1.8433	2.9	6.6
4776	2017	177	14256	13.1	21.9	1.4977	2.3	0
4776	2017	178	22982.4	11.7	23.4	1.222	2.2	0
4776	2017	179	22982.4	14.7	27	1.9185	2.6	16.4
4776	2017	180	13046.4	14.9	22	1.8865	4	13.9
4776	2017	181	10454.4	15.2	20.8	1.5662	4.6	1
4776	2017	182	11318.4	13.6	19.5	1.5044	3.5	4
4776	2017	183	13737.6	12.2	20.5	1.5225	3.5	0.2
4776	2017	184	25228.8	11.1	23.5	1.2029	2.5	0.2
4776	2017	185	25488	11.6	21.9	1.2189	3.6	0
4776	2017	186	16070.4	11.1	21.7	1.3224	1.8	0
4776	2017	187	24019.2	13	26.7	1.4107	1.8	0
4776	2017	188	19180.8	17.5	29.4	1.7862	2.4	0.3
4776	2017	189	18576	16.2	26.2	1.7843	2.9	0
4776	2017	190	19612.8	15.1	25.2	1.7434	2.3	1.4
4776	2017	191	11577.6	16.1	24.1	1.9494	2.4	14.6
4776	2017	192	13824	15.2	26.2	1.9009	2.3	6.3
4776	2017	193	8467.2	12.1	20.8	1.6817	3.1	18.9
4776	2017	194	14428.8	9.9	18.9	1.1961	3.3	0
4776	2017	195	20304	9.3	22	1.1897	1.4	0
4776	2017	196	20390.4	13.1	22.2	1.391	2.9	0
4776	2017	197	16243.2	10.8	23.7	1.3367	2.2	0
4776	2017	198	15984	13.4	23.3	1.5377	2.4	0
4776	2017	199	27043.2	10.9	25.8	1.2849	2	0
4776	2017	200	27302.4	16	30.5	1.6224	2.6	0.8
4776	2017	201	20131.2	17.4	27.9	2.1137	2.3	0
4776	2017	202	24710.4	16.5	28.1	1.8274	1.9	0
4776	2017	203	14083.2	18	25.5	2.0792	2.5	3.4
4776	2017	204	16675.2	16.1	25.2	1.7493	2.8	0
4776	2017	205	14774.4	11.6	23.5	1.4423	1.4	12.7
4776	2017	206	6307.2	14.3	16	1.6336	2.2	8.7
4776	2017	207	6307.2	13.4	16.5	1.6467	3.2	14.4
4776	2017	208	13392	11.7	21.4	1.5984	2	0.2
4776	2017	209	22032	13.1	23.5	1.4279	2.7	0
4776	2017	210	17625.6	13.4	26.6	1.5639	2.7	0
4776	2017	211	22723.2	16.7	32.6	1.8264	3.6	0
4776	2017	212	20822.4	18.9	29.6	1.8135	2.4	4.7
4776	2017	213	16502.4	17.6	29.7	2.0702	2.6	0.1
4776	2017	214	14860.8	18	28	1.8785	1.7	0
4776	2017	215	15206.4	18.1	28.9	2.0227	3.3	0
4776	2017	216	18144	17	26.7	1.6212	2.7	0
4776	2017	217	16243.2	14	25.5	1.7238	2	4
4776	2017	218	23328	10.6	22.2	1.2666	2.7	0
4776	2017	219	23932.8	9	24.7	1.0924	2	0
4776	2017	220	23155.2	14.3	27.5	1.4063	3.8	0
4776	2017	221	22723.2	17.4	27	1.4958	2.7	5.2
4776	2017	222	7430.4	13.9	22.9	1.5637	3.4	21.1
4776	2017	223	5702.4	13.6	18	1.6493	2.6	1.5
4776	2017	224	8726.4	12	19.8	1.5336	3.7	0.1
4776	2017	225	12787.2	13.7	22.1	1.5564	2.2	0
4776	2017	226	23587.2	12.1	24.5	1.4069	2.3	0
4776	2017	227	20131.2	14.5	29.6	1.7205	2.6	0
4776	2017	228	12873.6	15.6	23.3	1.895	1.6	14.3
4776	2017	229	15811.2	14.9	26.3	1.8893	2.4	0
4776	2017	230	14601.6	16	27.5	2.0532	2.2	3.1
4776	2017	231	16588.8	12.7	21.6	1.4064	2.9	0
4776	2017	232	17107.2	10.2	20.7	1.4024	2.4	3.4
4776	2017	233	15120	11.7	19.8	1.3403	3.2	0
4776	2017	234	15206.4	8.9	18.8	1.2175	2.1	0
4776	2017	235	20822.4	7.4	21.7	1.1416	1.4	0
4776	2017	236	11059.2	11.5	22.3	1.5189	1.9	0
4776	2017	237	15120	12.5	23.9	1.5859	1.9	0
4776	2017	238	12355.2	15.7	24.8	1.7542	1.7	0
4776	2017	239	18144	13.8	23.1	1.5262	3.1	0
4776	2017	240	18835.2	9.8	23.2	1.2934	1.5	0
4776	2017	241	21254.4	11.7	27.7	1.4664	2.2	0
4776	2017	242	18230.4	14.9	30.9	1.6721	2.9	0.2
4776	2017	243	12009.6	14.5	25.8	1.8376	2.8	1.1
4776	2017	244	9072	10	17.6	1.2924	2.4	0
4776	2017	245	15120	10.1	20.6	1.289	2.1	0
4776	2017	246	17366.4	8.3	20.3	1.1722	2	0
4776	2017	247	17366.4	6.8	21.7	1.1359	2.2	0
4776	2017	248	17798.4	7.3	24.1	1.1757	1.6	0
4776	2017	249	8812.8	12.3	22.8	1.6426	3.2	4.1
4776	2017	250	10281.6	9.5	19.1	1.2047	3.8	0.1
4776	2017	251	6134.4	9.7	19	1.2413	3.2	0.6
4776	2017	252	4060.8	14	18.2	1.3705	3.3	0.8
4776	2017	253	14774.4	10.9	21.4	1.3199	2	0
4776	2017	254	10368	9.8	18.2	1.2135	3.3	1.5
4776	2017	255	11318.4	8.7	18.4	1.1785	2.9	1.6
4776	2017	256	10108.8	9.1	19.5	1.2536	4.8	2.9
4776	2017	257	7430.4	9.8	14.6	1.1642	4.4	5.8
4776	2017	258	12700.8	7.9	17.7	1.1518	3.3	0.3
4776	2017	259	15206.4	5.6	18	1.0786	1.7	0
4776	2017	260	12787.2	4.9	18.2	1.0745	1.3	0
4776	2017	261	11577.6	5.2	17.2	1.0765	1.7	0
4776	2017	262	13564.8	4.9	18.2	1.1017	1.5	0
4776	2017	263	11059.2	6.2	17.4	1.1339	1.8	0.9
4776	2017	264	3456	9	17.1	1.2158	1.4	0
4776	2017	265	7862.4	9.2	18.5	1.2808	1.3	0
4776	2017	266	10713.6	6.8	17.6	1.1642	1.8	0.9
4776	2017	267	3369.6	11.5	15.2	1.5001	1.4	2.6
4776	2017	268	3283.2	12.8	16.1	1.5452	2	0
4776	2017	269	12096	11.8	19.3	1.4996	3	0
4776	2017	270	10368	11.8	18.6	1.5354	2.6	0
4776	2017	271	8380.8	11.8	20.1	1.5385	2.2	0
4776	2017	272	13392	12.4	22.6	1.5376	2.5	0
4776	2017	273	12787.2	10.3	21	1.2252	3.4	0.2
4776	2017	274	3628.8	9.6	14.5	1.2793	2	5.1
4776	2017	275	4924.8	8.8	15.7	1.3104	3.2	15.9
4776	2017	276	8380.8	10.6	16.5	1.3181	3.5	0.1
4776	2017	277	5356.8	9.3	14.3	1.0648	4.2	2.6
4776	2017	278	4838.4	8.9	14.8	1.1515	5.6	9.7
4776	2017	279	3628.8	8.4	12.4	1.0712	4.8	3.5
4776	2017	280	3628.8	8.8	13	1.1595	4.6	7.9
4776	2017	281	8208	4	13.3	0.9524	3.4	2
4776	2017	282	6307.2	2.8	13.1	0.9296	2.3	1.5
4776	2017	283	2592	9.6	13.2	1.2929	2.8	1.7
4776	2017	284	5270.4	12.8	17.7	1.4019	3.8	0.2
4776	2017	285	7689.6	10.1	17.3	1.1118	4.4	0
4776	2017	286	7257.6	9.2	16.8	1.2119	2.4	0
4776	2017	287	9590.4	11.3	21.9	1.6035	2.1	0
4776	2017	288	10454.4	10.3	22.4	1.5782	1.6	0
4776	2017	289	10108.8	9.9	22	1.4842	1.6	0
4776	2017	290	10195.2	10.5	22.9	1.5187	1.5	0
4776	2017	291	9072	8.4	19.3	1.4389	1.5	0
4776	2017	292	6825.6	8.2	18.2	1.3945	1.6	0
4776	2017	293	4233.6	8.9	16.4	1.2137	2.3	0.3
4776	2017	294	2851.2	8.4	14.6	1.2066	1.5	2.7
4776	2017	295	6134.4	8.7	13.7	1.143	3.3	0.3
4776	2017	296	2073.6	7.5	11.9	1.1304	2.1	1.6
4776	2017	297	3974.4	9.6	14.6	1.2694	2.7	1.1
4776	2017	298	3888	12	17.9	1.46	3.8	0
4776	2017	299	4665.6	11.1	15.8	1.3096	2.9	0.5
4776	2017	300	3801.6	8.1	12.4	1.048	3.9	0.2
4776	2017	301	1900.8	8.2	10.8	0.973	6.2	10.7
4776	2017	302	4492.8	4.1	12.3	0.8586	7	4.1
4776	2017	303	7776	1.8	9.1	0.6839	3.3	0
4776	2017	304	1814.4	2.1	9	0.7883	2.8	0.6
4776	2017	305	1728	7	10.9	1.0862	3.2	2.1
4776	2017	306	1728	6.4	12.1	1.0384	3	0
4776	2017	307	6048	4.7	13.5	1.028	1.7	0
4776	2017	308	5011.2	3.3	13	0.964	2.4	0
4776	2017	309	2678.4	6.3	12.8	1.1072	2.8	7.6
4776	2017	310	5616	1.4	10.4	0.8355	2.3	0
4776	2017	311	2160	1.4	7.7	0.8113	2.5	0
4776	2017	312	3196.8	5.2	7.8	0.8611	2.5	0
4776	2017	313	1555.2	4.5	7.7	0.8848	1.7	0.8
4776	2017	314	1468.8	4.5	7.7	0.8659	4.3	4.9
4776	2017	315	2160	3.4	7	0.7694	4.3	1.5
4776	2017	316	2073.6	0.5	5.4	0.7098	2.1	1.1
4776	2017	317	2937.6	-1.6	6.3	0.6801	2.5	0
4776	2017	318	3974.4	-1.3	8.4	0.6933	2.8	0.2
4776	2017	319	1382.4	5.6	8.7	0.9308	2.2	0
4776	2017	320	1382.4	3.9	8.8	0.9002	1.8	0.8
4776	2017	321	4838.4	-1	9.1	0.7344	1.8	0
4776	2017	322	1296	-1	5.5	0.6322	3.7	1.9
4776	2017	323	1728	1.5	6	0.6951	5.1	1.8
4776	2017	324	1296	2.5	5.1	0.7457	3.9	3.8
4776	2017	325	1209.6	2.7	9	0.9251	1.8	8.9
4776	2017	326	1209.6	3.4	10.5	0.8782	3.5	0
4776	2017	327	2592	3.4	13.5	0.8401	2.6	0
4776	2017	328	2592	6	14.4	1.0445	2.9	6.1
4776	2017	329	1209.6	1.9	6.4	0.8053	2.9	7.4
4776	2017	330	4060.8	0.4	5.5	0.6645	3.7	0.3
4776	2017	331	2764.8	1.5	6	0.6791	4.6	3.2
4776	2017	332	2419.2	1.5	6.8	0.6656	3.9	0
4776	2017	333	4492.8	-0.4	5.4	0.6436	1.4	0.1
4776	2017	334	1123.2	-0.8	2.5	0.6433	0.9	0.1
4776	2017	335	1555.2	-2.5	1.2	0.5769	1	0
4776	2017	336	1123.2	-1.7	1.7	0.5988	1	0
4776	2017	337	2505.6	-3.5	1.6	0.5473	2.9	1.2
4776	2017	338	2332.8	1.6	5.7	0.7299	3.6	3.3
4776	2017	339	1123.2	3.8	7.1	0.8188	4.9	0.3
4776	2017	340	1036.8	6.2	7.2	0.7357	5.5	0
4776	2017	341	4320	3.3	6.9	0.6323	4.6	4
4776	2017	342	3024	-0.1	5.7	0.65	4.3	2.2
4776	2017	343	1036.8	-0.6	2.1	0.5677	4.4	2.2
4776	2017	344	1728	-2.1	4.5	0.5398	4.4	4.3
4776	2017	345	1036.8	1.4	7.5	0.7385	3.2	1.7
4776	2017	346	1296	2	7.9	0.6779	5.7	0.3
4776	2017	347	3628.8	-0.3	4.7	0.5727	4.4	1.4
4776	2017	348	1555.2	0.1	5	0.6385	4.4	6.3
4776	2017	349	1036.8	-2	3	0.6209	1.6	2.4
4776	2017	350	1468.8	-1.5	2.7	0.6126	2.3	0.4
4776	2017	351	1641.6	0.4	2.4	0.6017	2.5	0.5
4776	2017	352	3888	-2.8	3	0.5724	1.8	0
4776	2017	353	1036.8	-1.4	3.3	0.6348	1.6	3.1
4776	2017	354	1036.8	2.2	4.5	0.7612	1.5	0.1
4776	2017	355	1036.8	4.2	7.6	0.9005	3.1	0.5
4776	2017	356	1036.8	3.5	6.1	0.7912	2.7	0
4776	2017	357	1036.8	3.7	9.1	0.8264	5.3	0
4776	2017	358	1036.8	7.6	10.3	0.9376	5.6	0
4776	2017	359	1036.8	2.2	8.9	0.7339	4.3	0
4776	2017	360	3024	1.3	10.6	0.7452	3.5	0
4776	2017	361	1900.8	0.1	4.7	0.6245	2.6	0.1
4776	2017	362	1036.8	0.4	4.1	0.6035	2.9	0
4776	2017	363	3456	-1.7	3.7	0.5123	3.9	0
4776	2017	364	1382.4	-1	9.4	0.7174	3.9	2.9
4776	2017	365	1382.4	6.9	13.1	1.0184	4.3	3
