*---------------------------------------------------------------------------*
* Station name: WITTENBERG                              
* Year: 2000
* Author: Pedro Alencar                                   -999.000: NIL VALUE
* Source: ECAD 
* Comments: 
* Longitude: 51.8903, latitude: 51.8903, altitude: 105 m.
*
* Column  Daily value
* 1       station number
* 2       year
* 3       day
* 4       irradiation                   (kJ m-2 d-1)
* 5       minimum temperature           (degrees Celsius)
* 6       maximum temperature           (degrees Celsius)
* 7       early morning vapour pressure (kPa)
* 8       mean wind speed (height: 2 m) (m s-1)
* 9       precipitation                 (mm d-1)
*
** WCCDESCRIPTION=GERMANY, WITTENBERG                              
** WCCFORMAT=2
** WCCYEARNR=2000
*---------------------------------------------------------------------------*
   51.8903  12.6464    105.  -0.18 -0.55
4776	2000	1	1036.8	-1	3.1	0.6263	1.8	1.4
4776	2000	2	2764.8	1.6	6.1	0.7241	2.8	0
4776	2000	3	1036.8	2.5	6.1	0.7142	4.3	0
4776	2000	4	1036.8	4.5	5.5	0.8198	4.3	5.5
4776	2000	5	3888	-0.4	6.7	0.6127	4.3	0
4776	2000	6	4320	-1.8	6.6	0.639	2.5	0.8
4776	2000	7	2419.2	2.2	7.6	0.7967	2.3	0
4776	2000	8	3542.4	1.3	7	0.6821	2.8	0.3
4776	2000	9	1123.2	2.5	5.7	0.7943	1.2	0
4776	2000	10	1123.2	-0.3	2.5	0.6417	1.2	0
4776	2000	11	2332.8	-2.5	0.8	0.5341	1.9	0
4776	2000	12	4579.2	-4.6	2.5	0.515	2.1	0
4776	2000	13	4752	-5.8	-0.4	0.3939	3.3	0
4776	2000	14	1209.6	-4.5	-0.4	0.4441	1.7	0
4776	2000	15	1209.6	-3.1	-0.2	0.4928	1.7	0
4776	2000	16	1209.6	-2.5	3.5	0.6145	3.6	1.3
4776	2000	17	1296	3.5	7.4	0.8368	7.7	1.5
4776	2000	18	3974.4	2	7.3	0.6298	7.2	2
4776	2000	19	5097.6	-1.5	3	0.4903	4.6	0
4776	2000	20	1296	-3.2	3.7	0.6035	6.4	6.3
4776	2000	21	3715.2	-1.6	4.1	0.4414	5.5	0.7
4776	2000	22	1382.4	-2.7	0.7	0.551	2	5.1
4776	2000	23	5616	-8.8	-1.8	0.3297	2.7	0
4776	2000	24	2246.4	-9.4	-2.6	0.336	1.9	0
4776	2000	25	6048	-12.5	-1.9	0.2779	2.4	0
4776	2000	26	1468.8	-6.7	1.8	0.49	3.9	0.5
4776	2000	27	1468.8	1.1	2.6	0.6702	5.5	0
4776	2000	28	3456	-0.2	1.9	0.4483	6	1.1
4776	2000	29	1555.2	1.7	7.2	0.8056	8	9.6
4776	2000	30	5097.6	3.9	7.4	0.6204	7.2	3.4
4776	2000	31	4233.6	3.6	10.9	0.7233	7.6	4.3
4776	2000	32	1641.6	6.3	9.5	0.8732	5	1.2
4776	2000	33	1641.6	5.2	7.9	0.8835	5	2.5
4776	2000	34	4579.2	2.3	7.2	0.7113	5.2	0
4776	2000	35	3456	-0.7	7	0.7352	5	1.7
4776	2000	36	4838.4	6.9	12.1	1.0441	5	0
4776	2000	37	4838.4	5.1	13.8	0.816	2.2	0
4776	2000	38	2851.2	4.8	10.1	0.7539	4.8	0.1
4776	2000	39	2246.4	6.4	10.3	0.8564	6.9	3.8
4776	2000	40	3974.4	2.4	10.2	0.7253	8.4	0.6
4776	2000	41	5961.6	4.9	9.1	0.701	5.5	3.9
4776	2000	42	5616	0.1	8.5	0.6893	3.1	0
4776	2000	43	8294.4	-3.1	6.8	0.5585	3.6	0.5
4776	2000	44	3283.2	0.3	6.5	0.7639	4.1	12.5
4776	2000	45	4838.4	0.9	4.8	0.6823	4.1	0.8
4776	2000	46	4838.4	1.1	9.7	0.7353	3.9	0.3
4776	2000	47	5184	0.3	6.1	0.6379	4.8	0.8
4776	2000	48	5443.2	-1.2	3.9	0.5793	3.2	0.2
4776	2000	49	5443.2	-1.6	4.4	0.5881	3.4	0.3
4776	2000	50	2246.4	0.3	5.1	0.727	1.2	1.9
4776	2000	51	3369.6	0.3	3.5	0.6516	3.1	0
4776	2000	52	5702.4	-4.8	2.5	0.5	1	0
4776	2000	53	3110.4	-3.9	3.7	0.5944	2.1	3.5
4776	2000	54	4233.6	0.1	6	0.6844	1.5	0
4776	2000	55	2505.6	-1.6	6.4	0.7189	3.4	10
4776	2000	56	3283.2	0.3	5.9	0.7479	3	3.3
4776	2000	57	3024	0.9	6.4	0.7299	3.3	0
4776	2000	58	10540.8	-1.4	10.3	0.6294	3.4	0
4776	2000	59	10022.4	5.8	16.7	0.9467	6	1.8
4776	2000	60	6566.4	3	9.5	0.7513	4.7	1.8
4776	2000	61	5270.4	3.6	8.9	0.8274	5.2	2
4776	2000	62	8035.2	1.4	6.7	0.5875	5.4	4.2
4776	2000	63	2937.6	2.7	9.8	0.8369	8.6	1.3
4776	2000	64	9244.8	-0.6	5.2	0.6633	5.9	0.4
4776	2000	65	5616	-0.5	3.4	0.5156	5.5	0.1
4776	2000	66	6739.2	-0.1	9.5	0.5807	5.9	0
4776	2000	67	5270.4	5	12.2	0.8933	6.7	3.4
4776	2000	68	3110.4	7.9	12.2	1.2065	6.6	8.6
4776	2000	69	4752	5.4	12.7	1.0936	7.9	20.3
4776	2000	70	8899.2	0.1	7.2	0.5554	3.4	3
4776	2000	71	6912	2.5	10.3	0.8264	6.2	6.4
4776	2000	72	3369.6	1.7	5.1	0.5768	1.7	1.5
4776	2000	73	8208	3.2	10.9	0.834	2.3	0.6
4776	2000	74	3456	4.7	10	0.9641	4.8	10.4
4776	2000	75	9504	0.8	6	0.5846	6.6	7
4776	2000	76	7776	0.8	6.3	0.646	3.9	10.6
4776	2000	77	8121.6	0.2	6.2	0.5995	3.2	0.6
4776	2000	78	14860.8	-1.4	8.3	0.5241	1.8	0
4776	2000	79	13564.8	-1.2	8.9	0.531	3.4	0
4776	2000	80	5097.6	0	7.6	0.6895	2.7	0
4776	2000	81	6912	3.9	11	0.8365	2.3	0
4776	2000	82	14169.6	-1.1	15.2	0.7536	1.7	0
4776	2000	83	13910.4	2.6	13.7	0.8232	2.2	0
4776	2000	84	4492.8	3.1	10.4	0.6694	4.1	0
4776	2000	85	6912	6	13.9	1.015	2.4	0.2
4776	2000	86	8640	4.9	13.6	0.9334	2.4	2.9
4776	2000	87	4147.2	4.8	7.1	0.8291	2.6	0.6
4776	2000	88	4147.2	2.7	5	0.7885	1.9	9.3
4776	2000	89	4233.6	4.7	7.8	0.9225	4.4	0
4776	2000	90	4233.6	4.7	8.1	0.8744	4.9	1.7
4776	2000	91	5529.6	4.6	8	0.8303	2.8	0.7
4776	2000	92	9158.4	4.2	11.7	0.8548	1.4	0
4776	2000	93	13651.2	2.6	13.5	0.7961	2.1	0
4776	2000	94	19440	3.7	16.8	0.786	4.3	0
4776	2000	95	9763.2	6	14.6	1.1141	2.2	0.2
4776	2000	96	5529.6	0.4	9.5	0.7126	3.7	0
4776	2000	97	19785.6	-1.8	9.9	0.4978	3.8	0
4776	2000	98	9244.8	0.1	8	0.7099	3.6	0
4776	2000	99	9763.2	2	12.3	0.7993	2.4	2.7
4776	2000	100	8380.8	2.6	9.5	0.6847	2.8	0
4776	2000	101	16416	-0.5	12.9	0.616	2.5	0
4776	2000	102	16675.2	2.1	13.4	0.7273	2.1	0
4776	2000	103	6220.8	2.7	10.2	0.8196	3.4	3.1
4776	2000	104	16070.4	2.6	13.7	0.7365	5.1	0.9
4776	2000	105	8380.8	6.2	10.2	0.8912	3.9	2.7
4776	2000	106	15897.6	3.2	20.2	1.0715	3.3	14.4
4776	2000	107	19440	5.8	15.7	0.7998	3.7	0
4776	2000	108	18144	6.3	20.5	0.8907	4	0
4776	2000	109	15638.4	9.4	18.6	1.0857	1.8	3.1
4776	2000	110	13651.2	9.2	17.6	1.29	2.9	0.1
4776	2000	111	19267.2	7	20.7	1.012	1.5	0
4776	2000	112	20822.4	10.4	24.4	1.2898	2.2	0
4776	2000	113	22118.4	12	25.9	1.3121	3.3	0
4776	2000	114	20736	13.6	28.2	1.3076	2.6	0
4776	2000	115	11664	10.3	20.4	1.5677	3.6	0.1
4776	2000	116	15638.4	8.5	14.9	1.1402	2.4	0
4776	2000	117	21686.4	7.1	22.5	1.2442	3.2	0
4776	2000	118	19785.6	11.7	24.6	1.2897	3.4	0
4776	2000	119	8640	16.7	24	1.3595	5.5	0
4776	2000	120	22377.6	14.7	25.2	1.3264	4.3	0
4776	2000	121	21168	11.1	27.8	1.4438	2.2	0
4776	2000	122	21686.4	13.2	27	1.5501	1.8	0.4
4776	2000	123	24796.8	13.3	24.1	1.0765	4.1	0
4776	2000	124	24451.2	6.8	22.4	0.6971	2.9	0
4776	2000	125	24710.4	8.5	24.1	0.6663	2.2	0
4776	2000	126	25488	9.9	25.9	0.7577	2.9	0
4776	2000	127	25574.4	10.2	27	0.9414	2.9	0
4776	2000	128	25488	12.3	28	1.0366	4	0
4776	2000	129	21513.6	13.6	28	1.2996	2.7	0
4776	2000	130	15465.6	14.6	26.9	1.369	1.4	0.2
4776	2000	131	22809.6	12.7	27.1	1.6007	1	0
4776	2000	132	25833.6	12.8	28.4	1.2595	1.4	0
4776	2000	133	26179.2	11.1	21.7	0.7078	4	0
4776	2000	134	26265.6	7.1	22.4	0.7039	3	0
4776	2000	135	26352	7	26.5	0.7618	1.8	0
4776	2000	136	26438.4	10.8	29.1	0.9773	1.7	0
4776	2000	137	26438.4	11.4	30.9	1.0272	1.2	0
4776	2000	138	23932.8	14.1	30.6	1.5095	2.8	0.3
4776	2000	139	12873.6	11.7	19.6	1.1897	2.2	0.4
4776	2000	140	15897.6	5.2	17.4	0.99	1.9	0.3
4776	2000	141	11059.2	7.9	13.1	1.1545	2.4	2.6
4776	2000	142	18748.8	5.7	18.5	0.945	1.7	4.4
4776	2000	143	6393.6	10.1	13.6	1.2625	1.4	1.6
4776	2000	144	22291.2	6.5	19.8	1.0123	1.9	0
4776	2000	145	17280	9.3	22.6	1.1946	2.5	0
4776	2000	146	9244.8	13.2	22.4	1.3635	3.5	0.1
4776	2000	147	25920	8.4	20.4	0.8848	2.6	0
4776	2000	148	17452.8	11.4	22	1.4998	3.3	1.8
4776	2000	149	19872	6.9	20.2	0.9614	4.2	0
4776	2000	150	23932.8	7.7	17.7	1.0416	4.4	0.5
4776	2000	151	20304	5.7	16.7	0.917	2.7	0.8
4776	2000	152	22636.8	6.4	19.5	0.85	1.6	0
4776	2000	153	20044.8	6.8	22.4	0.9627	2.6	0
4776	2000	154	27648	14.2	29.8	1.3458	3	0
4776	2000	155	26956.8	15.1	29.5	1.4781	1.6	5.2
4776	2000	156	17884.8	15.1	27.9	1.9965	2.2	0
4776	2000	157	18576	16.6	27.7	1.9706	1.6	1.1
4776	2000	158	12614.4	14.1	20.4	1.4939	4.1	0
4776	2000	159	15379.2	9.8	17.6	1.2527	3.4	1.1
4776	2000	160	24364.8	6.5	22.1	0.9931	1.6	0
4776	2000	161	28425.6	11.6	28.4	1.0971	3.6	0
4776	2000	162	26697.6	15.7	32.7	1.6273	2.8	0
4776	2000	163	22118.4	17.6	29	2.0841	2.3	8.7
4776	2000	164	25660.8	14.4	24.1	1.3814	2.3	0
4776	2000	165	28339.2	12.1	30.1	1.3488	1.8	0
4776	2000	166	18057.6	15.1	25.4	1.5882	2	0.9
4776	2000	167	11750.4	12.5	19.8	1.5032	2.8	1.6
4776	2000	168	20044.8	8.4	16.7	0.8571	4	0
4776	2000	169	26524.8	6	21.3	0.8272	2.1	0
4776	2000	170	25747.2	7.9	27.2	0.9615	1.7	0
4776	2000	171	28598.4	13.3	33.1	1.1919	1.1	0
4776	2000	172	28512	16.7	35.5	1.417	1.5	0
4776	2000	173	27561.6	18.5	36.4	1.4608	2.3	0
4776	2000	174	20822.4	17.8	30.1	1.9594	2.6	0
4776	2000	175	18316.8	13.2	23.1	1.2897	2.5	0.2
4776	2000	176	14256	12.3	17.4	1.3832	2.4	5.8
4776	2000	177	13824	11.5	17.9	1.1193	3.9	0.3
4776	2000	178	13737.6	8.6	16.2	0.9926	4.6	1.1
4776	2000	179	13219.2	8.5	16	0.8974	4.7	0
4776	2000	180	11750.4	7.8	16.6	0.8944	3.3	0
4776	2000	181	7516.8	9.6	15.6	0.9765	3.3	0
4776	2000	182	16243.2	7.9	17.8	0.963	3.5	0
4776	2000	183	22377.6	7	24.2	1.1151	2.1	0
4776	2000	184	19008	14.7	25.4	1.4517	1.6	0
4776	2000	185	12960	15.7	25.1	1.7465	2.3	0
4776	2000	186	11836.8	14.3	24.6	1.6018	1.6	0
4776	2000	187	10368	14.5	21.2	1.7148	4.7	1
4776	2000	188	13824	12	22.5	1.5725	2.5	0.3
4776	2000	189	7862.4	10	19.7	1.2145	1.1	1.3
4776	2000	190	6739.2	10.8	16.8	1.2294	2.7	0
4776	2000	191	15292.8	10.2	20	1.1656	3.6	0.5
4776	2000	192	15465.6	13.6	21.9	1.4403	4.6	3.7
4776	2000	193	17798.4	13.8	22.4	1.3479	3.9	0
4776	2000	194	6652.8	11.2	17.6	1.2125	4.4	0
4776	2000	195	18316.8	8.4	20.3	1.1106	3.8	0.7
4776	2000	196	9936	12.4	19.2	1.7569	2.4	3.9
4776	2000	197	15811.2	10.1	19.6	1.0964	1.7	0
4776	2000	198	16502.4	7.1	20.7	0.9994	1.7	0
4776	2000	199	13737.6	12.9	20.7	1.3374	3.4	0
4776	2000	200	9331.2	13.3	18.3	1.3087	3.4	0
4776	2000	201	6480	11.1	14.8	1.2228	3.8	1.1
4776	2000	202	10627.2	13.1	20.3	1.234	4.3	0.8
4776	2000	203	6393.6	11.4	16.7	1.4577	3	0
4776	2000	204	10281.6	12.6	18.7	1.7401	1.8	11.5
4776	2000	205	16416	10.2	24.4	1.5381	1	0
4776	2000	206	15120	12	25.1	1.4718	2.2	0.7
4776	2000	207	18662.4	15.4	25.6	1.9018	4.1	0
4776	2000	208	16675.2	15.4	25.8	1.7197	3	0
4776	2000	209	11318.4	15.8	24.4	1.5971	2.1	1.9
4776	2000	210	14601.6	15.2	22.3	1.8142	3.8	6
4776	2000	211	6134.4	13.3	17	1.7024	3.9	9.5
4776	2000	212	10022.4	13.6	19.5	1.6172	2.3	0.5
4776	2000	213	16934.4	13.4	22.4	1.5359	1.8	0
4776	2000	214	24883.2	9.7	27.8	1.2095	1.6	0
4776	2000	215	12960	15.7	23.4	1.8841	2.4	6.6
4776	2000	216	18403.2	11.9	25.2	1.4504	1.8	0
4776	2000	217	21168	13.4	25.8	1.685	1.6	0
4776	2000	218	19526.4	12.3	25.3	1.5166	1	0
4776	2000	219	24364.8	13.3	26.1	1.4206	1.3	0.2
4776	2000	220	18748.8	13.5	22	1.3592	2.6	0
4776	2000	221	15552	10.2	21.2	1.2647	1.8	0
4776	2000	222	21945.6	10.6	21.3	1.2308	2.2	0
4776	2000	223	12441.6	10.2	27.7	1.5964	1.7	1
4776	2000	224	6998.4	15.2	22.1	1.6742	2.1	0
4776	2000	225	17625.6	14	26.7	1.4788	1.2	0
4776	2000	226	23155.2	13.5	31.1	1.3706	1.6	0
4776	2000	227	23673.6	15.9	32.6	1.3602	1.7	0
4776	2000	228	17798.4	16.5	31.1	2.1184	1.7	17.6
4776	2000	229	18748.8	17.1	27	1.9058	1.9	0
4776	2000	230	18230.4	16	27.6	2.1898	1.2	12.8
4776	2000	231	14688	16.1	25	1.7386	1.4	0.1
4776	2000	232	10281.6	16.8	27	2.2294	2	4.8
4776	2000	233	15292.8	16.6	27.6	2.1505	2.4	20.4
4776	2000	234	14774.4	14.6	24.1	1.9057	2.9	1.9
4776	2000	235	14428.8	13	21.8	1.4883	1.1	0
4776	2000	236	18576	12.1	21.7	1.3651	1	0
4776	2000	237	20217.6	7.3	23.1	1.0351	2.4	0
4776	2000	238	15811.2	13.4	21.3	1.4242	2.6	0
4776	2000	239	21686.4	10.5	23.5	1.0835	4.1	0
4776	2000	240	20390.4	12	26.1	1.1663	4.6	0.4
4776	2000	241	5529.6	14.7	19.1	1.7881	1.5	4
4776	2000	242	17193.6	10.9	24.5	1.456	1.1	0
4776	2000	243	13910.4	14.1	22.4	1.4234	0.9	2.8
4776	2000	244	15292.8	13.5	22.3	1.5564	2	0
4776	2000	245	14428.8	12.2	23.3	1.6026	1.9	2.7
4776	2000	246	12873.6	13.8	19.8	1.5475	3.6	0.1
4776	2000	247	5097.6	11.2	15.3	1.3839	4.9	9.2
4776	2000	248	6566.4	9.6	15.8	1.247	2.8	0
4776	2000	249	8035.2	7.7	16.5	1.2553	1.7	0.4
4776	2000	250	14860.8	7.9	19.6	1.1625	2.8	5.4
4776	2000	251	10022.4	11.5	19.1	1.5626	1.2	1.1
4776	2000	252	5184	9.7	20.1	1.4045	2.7	0
4776	2000	253	9590.4	15.7	24.5	1.8554	1.5	0
4776	2000	254	8121.6	13.8	23.3	1.8557	0.9	0
4776	2000	255	10281.6	12.8	21.9	1.7012	1.5	0
4776	2000	256	14428.8	10.6	25.4	1.628	2.1	17.4
4776	2000	257	10195.2	14.8	22.9	1.8039	1.8	1.4
4776	2000	258	9331.2	12.2	19.7	1.5747	1.6	0
4776	2000	259	9849.6	11.6	20.1	1.4568	2.9	0.6
4776	2000	260	8294.4	12.2	20	1.5167	3.2	13.1
4776	2000	261	11318.4	9.9	18.9	1.4583	1.5	0
4776	2000	262	11059.2	9.3	16.4	1.1852	3.4	0
4776	2000	263	15811.2	5.1	15.9	0.9768	4.7	0
4776	2000	264	9417.6	6.1	13.1	0.9437	5.5	0
4776	2000	265	11145.6	7.6	16.1	1.0683	4.5	0
4776	2000	266	12355.2	6.6	18.3	1.1546	2.5	0
4776	2000	267	14947.2	7.7	18.6	1.0576	3.2	0
4776	2000	268	14774.4	5.2	17	0.8978	3.7	0
4776	2000	269	11836.8	5.2	19.3	1.1822	2.3	0
4776	2000	270	9504	8.6	20.3	1.2986	1.7	0
4776	2000	271	12355.2	9.9	24.6	1.5922	2	0.5
4776	2000	272	10972.8	13.4	23.6	1.7861	2.3	0
4776	2000	273	13651.2	12.3	23.3	1.2617	3.7	0
4776	2000	274	13478.4	11.1	23.6	1.2462	3.6	0
4776	2000	275	11491.2	10.4	23.7	1.4946	2.7	10.7
4776	2000	276	8640	11.9	19.8	1.5647	2.2	0
4776	2000	277	12873.6	8.4	20.3	1.3556	1	0
4776	2000	278	6307.2	12.1	18.6	1.5677	1.2	0
4776	2000	279	3369.6	9	19.1	1.4417	0.8	5.4
4776	2000	280	2764.8	9.7	14.8	1.3389	1.9	2.2
4776	2000	281	2678.4	7.6	9.8	1.113	2.2	10.1
4776	2000	282	6566.4	7.4	13.1	1.0855	1.8	1.4
4776	2000	283	3456	8.2	10.8	1.1628	1.7	0.9
4776	2000	284	2592	5.7	12	0.9654	4.1	0.4
4776	2000	285	5011.2	5.3	16.2	1.0061	4	0.4
4776	2000	286	5788.8	9.3	15.1	1.2352	2.2	0
4776	2000	287	6566.4	10.5	17.5	1.3572	1.2	0
4776	2000	288	8640	9.4	18.3	1.4073	1.4	0
4776	2000	289	2332.8	12.3	16.2	1.5416	3.9	0
4776	2000	290	6480	12	20.5	1.5866	3.1	0
4776	2000	291	5097.6	9	17.5	1.323	1.6	0
4776	2000	292	6307.2	7.1	14.7	1.1986	1.4	0
4776	2000	293	5616	8.9	15.1	1.233	1.8	0
4776	2000	294	7257.6	6.2	15.9	1.1711	2.8	0
4776	2000	295	8899.2	7.2	16.8	1.0929	3.3	0
4776	2000	296	9331.2	5.4	19.1	1.168	1.7	0
4776	2000	297	9072	5.2	17.4	1.1372	2.4	0.6
4776	2000	298	5443.2	8	16	1.1209	3.8	0
4776	2000	299	2851.2	10	15.2	1.0931	5.1	0
4776	2000	300	3801.6	6.8	14.6	0.9899	3.9	0.1
4776	2000	301	5270.4	5.7	12.6	0.9619	3.6	3.3
4776	2000	302	2246.4	9.5	13.8	1.3007	3.2	0.4
4776	2000	303	5875.2	9	15.9	1.0247	4.6	0
4776	2000	304	1814.4	8.2	16.2	0.8376	7.5	0
4776	2000	305	1728	9	15.9	1.0968	5.2	0
4776	2000	306	5875.2	6	13.4	0.8899	4.6	0
4776	2000	307	6566.4	3.9	13.8	0.9086	3.2	0
4776	2000	308	2592	5	10.4	0.9769	2.1	2.1
4776	2000	309	5011.2	3.4	11.9	0.9631	2	0
4776	2000	310	5961.6	1.1	10.8	0.8291	2.3	0
4776	2000	311	2592	1.8	8.8	0.748	4.4	0
4776	2000	312	6739.2	6.3	14.3	0.9639	2.2	0
4776	2000	313	5616	4.4	12.3	0.8125	4	0
4776	2000	314	5356.8	4.3	11.8	0.8499	3.6	0
4776	2000	315	6307.2	4.1	10.6	0.7692	4.1	0
4776	2000	316	6307.2	2	10.2	0.7153	3.4	0
4776	2000	317	4492.8	0.6	12.4	0.6966	3.5	0
4776	2000	318	1382.4	6.4	11.9	0.8692	3.2	0
4776	2000	319	2160	6.3	11.9	1.1204	0.9	11.1
4776	2000	320	4579.2	4.6	11.4	0.9113	2.5	0.1
4776	2000	321	5702.4	3.1	9.6	0.8044	2.4	0
4776	2000	322	1296	1.3	4.9	0.7555	1.4	3.9
4776	2000	323	4320	2.6	7.1	0.7163	3.6	0
4776	2000	324	5616	1.9	8.1	0.6453	4.5	0.9
4776	2000	325	3888	1.3	9.8	0.8064	2.4	0
4776	2000	326	1209.6	2.2	6.8	0.8422	1.5	4.2
4776	2000	327	3628.8	1	10.3	0.7847	2.8	0
4776	2000	328	3974.4	4.9	10.6	0.9486	2.6	0
4776	2000	329	3024	1.9	8.6	0.8253	2.1	0
4776	2000	330	1123.2	2.7	6.3	0.8422	0.9	0
4776	2000	331	3283.2	1	5.7	0.7457	2	0
4776	2000	332	3456	3.5	9.1	0.8398	3	0
4776	2000	333	1123.2	1.2	8.7	0.8691	2.5	1.4
4776	2000	334	3628.8	6.2	13.8	1.1288	2.5	0
4776	2000	335	2851.2	4.9	11.7	1.0504	1.4	0
4776	2000	336	4147.2	2	9.1	0.8427	2.6	0
4776	2000	337	1123.2	2.2	10.3	0.894	1.7	0
4776	2000	338	3888	1.8	11.3	0.8544	2.6	0
4776	2000	339	3369.6	0.9	9.3	0.7904	1.8	0
4776	2000	340	3974.4	3.9	11.1	0.9533	1.9	0
4776	2000	341	3974.4	0.8	7.7	0.7613	3	0
4776	2000	342	3888	0.6	8.6	0.7717	2.6	0.1
4776	2000	343	1036.8	3.3	9.6	0.9064	2.6	1.8
4776	2000	344	3715.2	4.4	12.1	0.9596	2	0
4776	2000	345	1296	3.5	9.2	0.881	3.5	5.2
4776	2000	346	1468.8	6.3	10.6	0.9175	3.8	2.3
4776	2000	347	1036.8	7.3	13.6	1.1759	4.1	1.6
4776	2000	348	3715.2	8.7	14	0.8322	6.4	0
4776	2000	349	3024	6.1	9.9	0.9006	5	2.4
4776	2000	350	2764.8	3.4	7	0.8313	5.4	8.4
4776	2000	351	1036.8	1.6	5.1	0.6214	7.7	2.1
4776	2000	352	1036.8	1.8	3.9	0.6523	4.5	0
4776	2000	353	3110.4	0.1	3.9	0.6351	1.9	0
4776	2000	354	1382.4	-2.8	1.2	0.5706	1.3	0
4776	2000	355	1814.4	-3	0.6	0.5262	3.3	0
4776	2000	356	3974.4	-5	-0.4	0.4108	3.9	0
4776	2000	357	3283.2	-7	-2.1	0.3664	2.9	0
4776	2000	358	4147.2	-7.1	0.3	0.3567	1.6	0
4776	2000	359	1036.8	-3.1	0.2	0.4946	1.4	3.3
4776	2000	360	1036.8	-1.9	-0.6	0.5521	1.8	1.6
4776	2000	361	1036.8	-2.3	-0.9	0.5326	2.7	2.3
4776	2000	362	2592	-0.9	2.9	0.6174	2.2	0.2
4776	2000	363	1036.8	-0.2	3.4	0.6446	2.3	0
4776	2000	364	1036.8	-4.9	1.4	0.4838	1.4	0
4776	2000	365	3715.2	-4	2.5	0.5149	1.8	0.1
4776	2000	366	3456	-3.5	0.8	0.4816	3.2	0
