*---------------------------------------------------------------------------*
* Station name: BRAUNSCHWEIG                            
* Year: 2008
* Author: Pedro Alencar                                   -999.000: NIL VALUE
* Source: ECAD 
* Comments: 
* Longitude: 52.2903, latitude: 52.2903, altitude: 81 m.
*
* Column  Daily value
* 1       station number
* 2       year
* 3       day
* 4       irradiation                   (kJ m-2 d-1)
* 5       minimum temperature           (degrees Celsius)
* 6       maximum temperature           (degrees Celsius)
* 7       early morning vapour pressure (kPa)
* 8       mean wind speed (height: 2 m) (m s-1)
* 9       precipitation                 (mm d-1)
*
** WCCDESCRIPTION=GERMANY, BRAUNSCHWEIG                            
** WCCFORMAT=2
** WCCYEARNR=2008
*---------------------------------------------------------------------------*
   52.2903  10.4483    81.  -0.18 -0.55
4882	2008	1	1123.2	-1.1	0.9	0.5884	1.8	2
4882	2008	2	1641.6	-1.3	0.1	0.5381	3	0.1
4882	2008	3	1123.2	-3.5	-1.3	0.4355	6.9	0
4882	2008	4	2937.6	-5.4	-2.5	0.3696	5.3	0
4882	2008	5	864	-2.4	7.6	0.5819	4.2	2.4
4882	2008	6	864	1	5.4	0.7071	2.6	3.1
4882	2008	7	2073.6	0.5	8.2	0.6834	4.5	14
4882	2008	8	3110.4	3.3	7.3	0.7124	4.6	0
4882	2008	9	2419.2	1.3	6.9	0.6633	3.5	0.2
4882	2008	10	2851.2	2.4	9.4	0.7148	4.8	0
4882	2008	11	3283.2	8.4	12.4	0.8947	4.3	0
4882	2008	12	2160	3.5	11.8	0.7119	5	0
4882	2008	13	4492.8	0.4	7.1	0.6072	2.8	0
4882	2008	14	2332.8	-1.2	7.2	0.5759	3.8	0
4882	2008	15	2160	6.2	10.7	0.7517	5.3	0
4882	2008	16	1209.6	3.7	10.5	0.7461	4.1	0.5
4882	2008	17	2937.6	3.5	8.9	0.7582	3.1	3.6
4882	2008	18	2419.2	5.4	9.9	0.8794	4.8	6.8
4882	2008	19	777.6	8.2	12.7	1.1633	5.3	19.8
4882	2008	20	691.2	7.9	12.2	1.1572	5	13.5
4882	2008	21	518.4	7.5	11	1.0267	6.9	6.8
4882	2008	22	4406.4	2.5	9.3	0.7519	5.8	0
4882	2008	23	3024	0.4	6.4	0.6236	4.3	0
4882	2008	24	777.6	4.5	8.2	0.7757	4.6	3.6
4882	2008	25	5011.2	2.1	7.9	0.6279	6.5	0
4882	2008	26	3542.4	6.9	9.8	0.8454	8	12
4882	2008	27	777.6	6.5	8.3	0.9674	6.9	1.6
4882	2008	28	1209.6	6.6	8.3	0.9501	3.2	0.1
4882	2008	29	1555.2	4.8	7.2	0.7104	2.3	0
4882	2008	30	1036.8	1.6	4.9	0.6479	3.3	2.1
4882	2008	31	2332.8	1	3.9	0.5538	5.7	0.2
4882	2008	32	3196.8	3.5	6.9	0.6544	7.2	0.6
4882	2008	33	5356.8	0.4	6.3	0.6136	5.1	1.7
4882	2008	34	5961.6	0.4	5.2	0.508	3.7	0
4882	2008	35	2678.4	-0.1	8	0.5834	3.2	0
4882	2008	36	1555.2	2.6	8.7	0.7117	4.7	5.6
4882	2008	37	2160	4.5	9.7	0.8671	5.4	4.7
4882	2008	38	6220.8	3.2	7.4	0.7124	4.1	0
4882	2008	39	6825.6	3.4	11.4	0.6998	2.2	0
4882	2008	40	7603.2	0.6	11.5	0.7223	1.1	0
4882	2008	41	7344	1.1	12.4	0.7875	1.2	0
4882	2008	42	7776	-0.7	11.8	0.743	1.2	0
4882	2008	43	1382.4	1.7	5.6	0.7378	1.7	0.1
4882	2008	44	5788.8	0.4	5.7	0.5931	1.5	0
4882	2008	45	1036.8	0.1	2.9	0.6196	1.3	0
4882	2008	46	8812.8	-4.1	3.1	0.4242	2.7	0
4882	2008	47	9158.4	-6.1	1.7	0.3536	1.2	0
4882	2008	48	8380.8	-5.2	4.5	0.3514	3.5	0
4882	2008	49	1036.8	0.9	4	0.6631	5	0
4882	2008	50	3283.2	-0.7	6.3	0.6425	2.6	0
4882	2008	51	4233.6	-1.8	6.9	0.6092	2.2	0
4882	2008	52	4579.2	2	9.5	0.7534	4.3	0.1
4882	2008	53	950.4	6.9	11.1	0.9408	7.8	1.6
4882	2008	54	7603.2	5.8	10.5	0.7365	5.6	0
4882	2008	55	2851.2	6.9	9.4	0.8557	3.4	2.2
4882	2008	56	8985.6	3	9.6	0.7157	3.8	0
4882	2008	57	2678.4	3	13.1	0.8391	5.1	2.1
4882	2008	58	5788.8	3.7	9.6	0.6843	6.3	0
4882	2008	59	6566.4	3.4	9.3	0.6991	3.3	0
4882	2008	60	5788.8	3	10	0.7353	3.2	15.9
4882	2008	61	2937.6	2.1	9.7	0.7427	9.5	6.4
4882	2008	62	5270.4	5.5	9.9	0.7983	8.4	2
4882	2008	63	6566.4	1.3	8.8	0.6563	5.6	0.8
4882	2008	64	8726.4	-0.4	7	0.5573	5.3	0
4882	2008	65	13305.6	-1.7	5.1	0.4282	4.3	0
4882	2008	66	2764.8	0.8	6.3	0.5908	5.6	0.5
4882	2008	67	3024	5.8	8.7	0.8964	2.9	1.4
4882	2008	68	10108.8	5.4	10.8	0.8204	2.5	0
4882	2008	69	6998.4	4.7	12	0.7136	4.2	0
4882	2008	70	10540.8	5.9	13.4	0.7311	4.3	0.1
4882	2008	71	7603.2	6.5	11.2	0.7609	5.6	2.5
4882	2008	72	7689.6	1.2	10.2	0.6775	8.3	11.3
4882	2008	73	7689.6	2.3	9.7	0.6543	7.1	0.5
4882	2008	74	6739.2	2.2	10.1	0.7178	4.3	1.9
4882	2008	75	12268.8	0.8	12.3	0.6699	2.3	0
4882	2008	76	2505.6	3.3	6.7	0.7936	2.5	11.9
4882	2008	77	9590.4	0.2	6.5	0.5903	6.3	0.6
4882	2008	78	7430.4	-0.4	5.7	0.5987	5.1	4.5
4882	2008	79	11491.2	0.7	7.1	0.6217	4.4	0.6
4882	2008	80	7084.8	-0.5	6	0.6253	4.6	2.5
4882	2008	81	6825.6	0.9	7.1	0.7156	4.7	13.7
4882	2008	82	2937.6	-1.9	4	0.6197	4.7	2.3
4882	2008	83	14083.2	-3.7	1.9	0.4234	2.5	0
4882	2008	84	10454.4	-4.5	3.5	0.4537	3.3	0.4
4882	2008	85	8812.8	-1.2	4.5	0.5712	5.1	0.5
4882	2008	86	7689.6	-0.8	5.3	0.6178	4.3	2.8
4882	2008	87	12096	-2	7.7	0.5698	2.6	0
4882	2008	88	10713.6	-0.4	10.7	0.6081	3.2	1.1
4882	2008	89	11404.8	4.9	11.8	0.7246	5.4	0.1
4882	2008	90	16156.8	4.5	19.6	0.6467	4.5	0
4882	2008	91	9676.8	6	14.2	0.8646	2.4	0
4882	2008	92	15465.6	3	16.7	0.8989	3.1	0.8
4882	2008	93	5529.6	6	10.2	0.8851	4.9	5.2
4882	2008	94	8121.6	5.3	10.2	0.9276	4.7	1
4882	2008	95	6998.4	5	9.6	0.8586	2.9	0.2
4882	2008	96	2937.6	3.1	7.8	0.8188	3	14.1
4882	2008	97	12787.2	2.3	8.4	0.7149	2.7	4.9
4882	2008	98	5788.8	0.2	6.9	0.7248	2.4	9.4
4882	2008	99	13564.8	1	9.4	0.6455	1.9	0
4882	2008	100	7776	2.6	7.2	0.7015	2.6	1.7
4882	2008	101	2851.2	3.3	5.1	0.7669	2.8	0.8
4882	2008	102	3110.4	3.3	7.1	0.8224	3.1	0.8
4882	2008	103	18662.4	3.7	14.5	0.797	3.2	0.2
4882	2008	104	11232	5.2	13.7	0.9224	2.8	11.6
4882	2008	105	5097.6	5.8	9.4	0.9599	2.3	5.9
4882	2008	106	9331.2	4.7	10.5	0.8347	3.4	0
4882	2008	107	16329.6	1.7	9.5	0.7001	2.7	0.8
4882	2008	108	13305.6	0	9.1	0.7099	2.7	0.1
4882	2008	109	4579.2	4.6	8.1	0.8236	4.3	0
4882	2008	110	9676.8	3.6	8.7	0.7273	5.4	0
4882	2008	111	18403.2	5.3	13.2	0.7584	3.8	0
4882	2008	112	21340.8	4.6	16.3	0.8219	5.9	0
4882	2008	113	18921.6	6.5	16.3	0.7946	6	0
4882	2008	114	18316.8	2.9	17.3	0.7535	2.2	0
4882	2008	115	16675.2	7.6	18.8	0.8791	2.2	3
4882	2008	116	15897.6	7.5	15.7	1.0372	3.9	0.1
4882	2008	117	21427.2	5.5	17.7	0.9007	2	0
4882	2008	118	20822.4	8.7	20.6	0.9325	3.1	0
4882	2008	119	18144	10.4	21.5	1.2127	3.4	18.9
4882	2008	120	9244.8	9.2	14.3	1.2267	2	2.9
4882	2008	121	19008	7.6	18.1	1.0223	4.5	2.3
4882	2008	122	18662.4	7.2	16.5	1.0128	2.6	1
4882	2008	123	15638.4	6	15.8	1.0553	2.2	6.2
4882	2008	124	24278.4	4.6	17.4	0.9312	1.2	0
4882	2008	125	22464	4.8	17.6	0.8373	1.8	0
4882	2008	126	23328	5.3	20.1	1.0563	2.2	0
4882	2008	127	25574.4	8.3	20.3	1.0094	2.3	0
4882	2008	128	24364.8	7.2	21.8	1.039	1.1	0
4882	2008	129	26006.4	7.7	22.4	0.9568	1.5	0
4882	2008	130	26265.6	7.6	23.2	0.9261	2.9	0
4882	2008	131	26611.2	8.1	22.9	0.9848	2.7	0
4882	2008	132	25401.6	8.9	23.4	1.0083	2.3	0
4882	2008	133	26524.8	9.5	24.1	1.0317	1.8	0
4882	2008	134	24192	9.6	20.2	1.1676	3.5	0
4882	2008	135	26352	7	21.7	0.98	2.4	0
4882	2008	136	13737.6	8.7	19.8	1.2171	1.5	0.9
4882	2008	137	7084.8	11.2	17.5	1.4863	1.7	3.1
4882	2008	138	4665.6	9	15.8	1.3809	2.5	10
4882	2008	139	18144	7.1	15.3	0.9835	2.3	0.1
4882	2008	140	21945.6	5.3	16.1	0.8999	2.4	0
4882	2008	141	21168	5.6	16.3	0.8105	2.1	0
4882	2008	142	26092.8	4.1	17.6	0.7402	2.4	0
4882	2008	143	27907.2	6.6	19	0.8417	2.2	0
4882	2008	144	19958.4	8.6	19.5	0.9932	2.4	0
4882	2008	145	28166.4	7.1	20.3	0.8456	3.5	0
4882	2008	146	16329.6	8.3	19.6	1.0981	3.9	0.1
4882	2008	147	9763.2	13.4	19.1	1.3837	3	0.5
4882	2008	148	14860.8	11.5	19.4	1.3148	5.1	0
4882	2008	149	22377.6	13.1	24.7	1.3517	5.6	0
4882	2008	150	23846.4	13	26.1	1.1804	4.2	0
4882	2008	151	25488	14.4	28.7	1.4891	3.3	0
4882	2008	152	23846.4	15.4	29.4	1.9467	2.2	5.7
4882	2008	153	20131.2	16.2	26.4	2.0481	1.3	0
4882	2008	154	23155.2	15.9	28.7	1.8274	2	0
4882	2008	155	21168	14.9	25.6	1.6356	2.5	2.4
4882	2008	156	20649.6	13.9	24.9	1.6643	2.1	0
4882	2008	157	26352	12.7	24.4	1.1731	3.6	0
4882	2008	158	25574.4	11.6	23.8	1.1122	3.3	0
4882	2008	159	23760	12.1	26.3	1.2661	2.2	0
4882	2008	160	28080	12	27.2	1.0702	2.2	0
4882	2008	161	28857.6	11.6	28	1.0375	1.7	0
4882	2008	162	25574.4	12.6	26.6	1.3663	3.5	0
4882	2008	163	15379.2	10.9	18.5	1.0525	4	0.1
4882	2008	164	13651.2	9.2	16.2	1.0416	3.1	5.8
4882	2008	165	17971.2	8.9	16.8	1.1852	3.7	1.3
4882	2008	166	18748.8	8.8	15.9	1.147	2.9	2.1
4882	2008	167	20736	7.8	17.2	1.1439	2.8	5.9
4882	2008	168	26352	8.4	18.5	1.0477	2.7	0
4882	2008	169	26956.8	6.5	20.4	1.0014	1.3	0
4882	2008	170	25315.2	11	23.7	1.1275	2.5	0
4882	2008	171	18057.6	13.8	24.7	1.4483	3.7	5.2
4882	2008	172	22118.4	12.6	21	1.2991	3.5	0.1
4882	2008	173	19785.6	13.1	21.5	1.3014	2.6	0
4882	2008	174	21340.8	15.1	29.4	1.9023	3.8	19.4
4882	2008	175	26956.8	10.7	21	1.187	4.8	0
4882	2008	176	30240	8.1	21.2	0.9991	1.7	0
4882	2008	177	15811.2	13.3	24.2	1.3391	3.1	0
4882	2008	178	26265.6	14.3	23.2	1.2959	3.2	0
4882	2008	179	12873.6	12.4	20.2	1.203	4.6	0.2
4882	2008	180	10972.8	12.5	21.5	1.5285	4	0.4
4882	2008	181	25488	14.3	23.8	1.4744	3	0
4882	2008	182	23846.4	11.7	23.3	1.1982	3	0
4882	2008	183	28684.8	9.7	27.1	1.2044	1.5	0
4882	2008	184	28080	12.4	31	1.3473	2.5	0
4882	2008	185	19699.2	16.4	29.9	2.0088	2.3	10.7
4882	2008	186	13219.2	13.3	19.3	1.5732	4.5	1
4882	2008	187	22377.6	13.3	23.1	1.5233	2.2	0
4882	2008	188	16416	14.9	25.4	1.7434	1.9	7.6
4882	2008	189	20304	13.5	22.2	1.4494	2.9	2.4
4882	2008	190	18403.2	12.7	21.1	1.442	4.5	3
4882	2008	191	15033.6	11.9	20	1.2851	4.1	5.2
4882	2008	192	7862.4	13.5	20	1.695	2.5	3
4882	2008	193	10454.4	15.9	21.2	1.8344	2.3	0.8
4882	2008	194	19440	12	21.9	1.408	3.5	0.6
4882	2008	195	17020.8	10.8	20.9	1.2409	1.5	0
4882	2008	196	22636.8	10.8	21.6	1.2873	3.7	0
4882	2008	197	15552	13	24.5	1.4039	3.6	0
4882	2008	198	5702.4	11.6	18.4	1.4988	3	6.8
4882	2008	199	14256	9.7	19.1	1.2125	3	0.4
4882	2008	200	5788.8	12.9	17.6	1.4538	2.8	0.2
4882	2008	201	12182.4	12.9	23.3	1.6797	3.3	2
4882	2008	202	9849.6	10.4	17.8	1.3339	3.6	2.8
4882	2008	203	6134.4	10.5	14.6	1.2348	5.2	9.8
4882	2008	204	15292.8	12.8	19.7	1.4575	4.6	0
4882	2008	205	26784	10.4	23.1	1.3331	1.8	0
4882	2008	206	26524.8	10.3	25.6	1.2942	2.5	0
4882	2008	207	18316.8	16.4	28.5	1.8713	2.4	0.9
4882	2008	208	22550.4	17.9	30.8	2.0677	2.9	0
4882	2008	209	24796.8	17.2	31.1	1.7727	2.4	0
4882	2008	210	25488	15.1	32.3	1.4623	2.9	0
4882	2008	211	20649.6	15.2	33	1.7075	3.2	1.3
4882	2008	212	21772.8	16.9	28.3	1.9705	2.1	0
4882	2008	213	23846.4	15.9	31.8	1.505	3.3	0
4882	2008	214	15120	17.9	29.1	1.936	2.8	16.3
4882	2008	215	19612.8	17	25.1	1.6683	1.9	0
4882	2008	216	18057.6	17.5	24.4	1.6829	3.7	5.5
4882	2008	217	18921.6	14.7	21.9	1.4489	5.6	0
4882	2008	218	18921.6	12.7	22.5	1.3464	4.4	0
4882	2008	219	16329.6	13.3	27.8	1.6662	2	0.1
4882	2008	220	22118.4	18.1	32.4	1.7324	3.5	0.4
4882	2008	221	17193.6	13.5	23.5	1.5522	4.1	0.4
4882	2008	222	17798.4	11.8	20.1	1.1946	4	0.6
4882	2008	223	5702.4	14	19.7	1.6099	2.9	3.9
4882	2008	224	18576	14.5	23.4	1.4871	3	3.5
4882	2008	225	6048	14.8	22.1	1.8441	2.5	10.9
4882	2008	226	17107.2	12.5	22.3	1.4684	4	4.5
4882	2008	227	21945.6	11.7	21.9	1.1654	3.5	0
4882	2008	228	9331.2	11.1	20	1.3585	1.2	0
4882	2008	229	20908.8	9.7	21.7	1.2825	1.8	0
4882	2008	230	20131.2	7.4	23.6	1.1431	1.4	0.6
4882	2008	231	8985.6	14.3	23.4	1.63	2	2.7
4882	2008	232	13737.6	16	24	1.6806	3.1	0
4882	2008	233	10108.8	15.4	20.5	1.5407	4.1	0.9
4882	2008	234	17971.2	14.2	24.1	1.4172	3.4	0.3
4882	2008	235	8640	13.9	20.9	1.7066	1.8	18.7
4882	2008	236	13478.4	11.9	17.4	1.3988	4.6	8.2
4882	2008	237	16502.4	11.7	19.7	1.4072	4.1	0.9
4882	2008	238	10195.2	12.5	20.1	1.5547	2.5	0
4882	2008	239	6825.6	13.5	19	1.5497	2.8	0
4882	2008	240	7948.8	16.3	20.2	1.6328	3.4	0
4882	2008	241	6134.4	15.7	20.1	1.6997	3.4	0.4
4882	2008	242	10627.2	13.3	21.8	1.5625	4	0
4882	2008	243	14428.8	11.2	22	1.4337	1.8	0
4882	2008	244	19180.8	10.4	25.6	1.1334	3.8	0
4882	2008	245	8294.4	12.9	21.7	1.3803	3	0.2
4882	2008	246	13392	11.5	23	1.2777	3.3	0.8
4882	2008	247	11059.2	10.4	20.6	1.319	3.4	0.5
4882	2008	248	15897.6	9.8	18.9	1.1596	3.3	0
4882	2008	249	13564.8	11.6	21.6	1.3205	2.5	10.2
4882	2008	250	6480	15.9	20.9	1.6904	3.4	0.5
4882	2008	251	16156.8	14.4	21	1.3953	3.5	0
4882	2008	252	9849.6	10.7	19.2	1.3072	2.9	0.4
4882	2008	253	18230.4	10.8	24	1.3097	2.2	0
4882	2008	254	12009.6	13.5	23.2	1.5588	2.4	0
4882	2008	255	14169.6	14.2	24.7	1.6694	2.3	0.2
4882	2008	256	15724.8	11.8	21.6	1.4048	4.9	0
4882	2008	257	17884.8	7	16	0.7727	4.9	0
4882	2008	258	9590.4	5.6	15.6	0.9961	2.8	0.1
4882	2008	259	6998.4	6.9	15.7	1.0435	2.3	0.1
4882	2008	260	11232	8	14	0.9968	2.1	0.1
4882	2008	261	10540.8	5.9	14.8	0.9671	1.2	0
4882	2008	262	10022.4	4.9	15.1	0.908	1.3	0
4882	2008	263	12096	2.2	15.8	0.8604	1.1	0
4882	2008	264	13132.8	5.3	17.5	0.9831	1.3	0
4882	2008	265	8035.2	8.3	17.9	1.2499	2.2	0.5
4882	2008	266	8294.4	9.5	16.5	1.2567	2.8	2.6
4882	2008	267	1814.4	10.4	12.9	1.3007	3.5	12.4
4882	2008	268	6220.8	7.6	16.4	1.177	2.8	0
4882	2008	269	8812.8	5.8	16.3	1.1317	2.2	0
4882	2008	270	5097.6	4.3	12.7	1.0537	1.1	0
4882	2008	271	13651.2	3.8	17.6	1.0928	1.5	0
4882	2008	272	13046.4	7.7	17.4	1.1331	2.8	0
4882	2008	273	5184	9.7	14	1.207	2.2	0.6
4882	2008	274	4665.6	8	11.3	1.0547	4.6	6.3
4882	2008	275	3542.4	9	15	1.205	5.6	16.7
4882	2008	276	9244.8	6.6	13.5	0.8864	5.3	0.5
4882	2008	277	10886.4	4.6	13.1	0.8518	3.5	0.5
4882	2008	278	7948.8	4.3	11.5	0.8199	3.5	0.3
4882	2008	279	3456	7.1	12.1	0.9317	5.7	8
4882	2008	280	4838.4	9.7	14.5	1.2835	0.9	0
4882	2008	281	6048	11	17.1	1.3936	2.5	0.1
4882	2008	282	9676.8	12	20.4	1.5264	2.5	0.1
4882	2008	283	5702.4	6.7	15.7	1.1563	2.3	0
4882	2008	284	10454.4	5.9	16.2	1.079	2.2	0
4882	2008	285	10454.4	10.1	18.7	1.3764	2.7	0
4882	2008	286	6307.2	6.7	16	1.1678	2.6	0
4882	2008	287	10022.4	6.2	19.9	1.2308	2.3	0.1
4882	2008	288	5184	10.1	16.6	1.2551	3	0
4882	2008	289	5529.6	10.1	16.3	1.2126	3	2.3
4882	2008	290	3628.8	6.5	13.9	1.0445	4.2	2.7
4882	2008	291	7516.8	6.1	12.3	0.9419	4.9	0.4
4882	2008	292	6825.6	6	12.6	0.9365	3	0
4882	2008	293	5788.8	7.1	13.5	0.9889	3.8	0
4882	2008	294	10195.2	7.8	16.2	0.9528	3.8	0
4882	2008	295	1728	9	16.9	1.2526	3.8	3.9
4882	2008	296	4320	5.9	11.2	0.9348	1.9	0
4882	2008	297	8467.2	4.5	12.1	0.8863	3	0
4882	2008	298	8121.6	4.2	12.6	0.7932	2.7	0
4882	2008	299	4147.2	8.6	13.2	1.1465	1.9	0
4882	2008	300	4147.2	9.1	14.8	0.9776	4.8	2.4
4882	2008	301	1728	4.3	11.6	0.9723	2.6	2.3
4882	2008	302	4838.4	3.3	8.7	0.7945	2.3	0
4882	2008	303	4924.8	1.6	7.6	0.7548	1	0.8
4882	2008	304	777.6	2.7	3.8	0.7173	2.9	14.4
4882	2008	305	3456	2.7	7	0.7508	2.4	0.1
4882	2008	306	2419.2	4.5	7.2	0.8048	2.9	0
4882	2008	307	2764.8	5	7.9	0.916	2.6	0
4882	2008	308	864	6.1	8.2	1.0016	3.1	0
4882	2008	309	1555.2	7.9	9.2	1.0795	1.4	0
4882	2008	310	691.2	8.9	9.9	1.1314	3.5	0.4
4882	2008	311	1728	9.8	12.4	1.2278	1.7	0.2
4882	2008	312	1468.8	6.3	12	1.0662	1.6	0
4882	2008	313	3888	4.6	11.8	0.9564	2.2	0
4882	2008	314	1468.8	4.5	11.9	0.8586	3.5	0.2
4882	2008	315	3715.2	8.9	15.6	0.9971	6.1	0
4882	2008	316	3542.4	8	16	0.9248	5.8	0.2
4882	2008	317	4492.8	6.3	11.1	0.8319	3.6	0
4882	2008	318	2419.2	4.4	9.5	0.8283	2.3	0
4882	2008	319	1296	3.7	9.4	0.7961	4.1	0.1
4882	2008	320	691.2	9	11	1.0675	5	0.5
4882	2008	321	2505.6	5.8	10.6	0.8694	5.2	0.3
4882	2008	322	5356.8	1.5	7.8	0.7234	2.8	0
4882	2008	323	1555.2	1.3	7.7	0.699	4.1	2.3
4882	2008	324	1814.4	5.2	9.5	0.8308	6.1	0.9
4882	2008	325	1123.2	4	9.4	0.8338	7.6	11.1
4882	2008	326	1468.8	-0.5	5.8	0.6505	5.1	5.2
4882	2008	327	2419.2	-0.9	1.4	0.56	5.5	0
4882	2008	328	2073.6	-0.6	2	0.5399	4.3	0.5
4882	2008	329	2764.8	-3.2	0.8	0.5094	2.8	0.4
4882	2008	330	3369.6	-1.5	2.2	0.5515	3.1	0
4882	2008	331	1728	-1.6	5.3	0.6144	4.5	0.4
4882	2008	332	2419.2	4.2	6.4	0.748	4.7	0
4882	2008	333	2764.8	0.1	5.3	0.5193	2.8	0
4882	2008	334	1382.4	-0.7	2.3	0.5827	1.7	2.9
4882	2008	335	1900.8	-2	2.5	0.5786	1.7	0
4882	2008	336	1728	-2.3	2.9	0.562	2.7	5.6
4882	2008	337	3369.6	1.6	5.9	0.6871	4.4	0
4882	2008	338	1036.8	0.9	2.9	0.5675	3.9	0.8
4882	2008	339	864	0.7	5.6	0.628	3.6	0.9
4882	2008	340	1641.6	1.7	7.4	0.7014	2.4	0.5
4882	2008	341	950.4	1.9	5.5	0.7245	2	0.5
4882	2008	342	1555.2	3.2	5.6	0.7443	3.4	0.4
4882	2008	343	2332.8	1.4	5.3	0.6447	3.9	0
4882	2008	344	2332.8	-1.5	1.8	0.5189	2.9	0
4882	2008	345	864	0.5	3	0.6377	2	0
4882	2008	346	777.6	-0.1	2	0.6087	1.7	2.1
4882	2008	347	1900.8	-0.9	1.7	0.5724	1.6	0
4882	2008	348	518.4	-0.5	2.2	0.5913	4.8	0
4882	2008	349	2937.6	1.7	5.5	0.6799	4.4	0
4882	2008	350	1123.2	2.3	4.2	0.6787	2.9	0
4882	2008	351	604.8	2.1	3.7	0.6772	1.2	0
4882	2008	352	777.6	0.8	3.5	0.6206	1.9	0.2
4882	2008	353	3283.2	1	5.2	0.6868	2.7	0.6
4882	2008	354	1641.6	2.4	6.6	0.7327	4.6	3.2
4882	2008	355	1382.4	2.9	9	0.7545	6.3	0.3
4882	2008	356	691.2	2.8	8.9	0.8141	4.4	1.1
4882	2008	357	2160	5.6	9.6	0.8347	6.9	0
4882	2008	358	1382.4	5.3	6.3	0.8482	3.9	0.5
4882	2008	359	604.8	4.9	6.7	0.8482	4.2	0.3
4882	2008	360	3196.8	-1	5.1	0.5949	3.7	0
4882	2008	361	3801.6	-4.1	-0.2	0.4019	4	0
4882	2008	362	3110.4	-4.7	0.9	0.4147	2.6	0
4882	2008	363	2851.2	-5.4	-1.4	0.4137	3.6	0
4882	2008	364	1296	-6.5	-3.3	0.3781	3.9	0
4882	2008	365	4060.8	-8.8	-2.5	0.3611	1.2	0
4882	2008	366	4320	-9.3	-0.4	0.3752	1.2	0
