*---------------------------------------------------------------------------*
* Station name: BRAUNSCHWEIG                            
* Year: 1996
* Author: Pedro Alencar                                   -999.000: NIL VALUE
* Source: ECAD 
* Comments: 
* Longitude: 52.2903, latitude: 52.2903, altitude: 81 m.
*
* Column  Daily value
* 1       station number
* 2       year
* 3       day
* 4       irradiation                   (kJ m-2 d-1)
* 5       minimum temperature           (degrees Celsius)
* 6       maximum temperature           (degrees Celsius)
* 7       early morning vapour pressure (kPa)
* 8       mean wind speed (height: 2 m) (m s-1)
* 9       precipitation                 (mm d-1)
*
** WCCDESCRIPTION=GERMANY, BRAUNSCHWEIG                            
** WCCFORMAT=2
** WCCYEARNR=1996
*---------------------------------------------------------------------------*
   52.2903  10.4483    81.  -0.18 -0.55
4882	1996	1	1036.8	-8.2	-6.2	0.3242	4.9	0.1
4882	1996	2	1555.2	-6.6	-5.5	0.3503	3.1	0
4882	1996	3	864	-6.6	-2.3	0.4175	0.7	0
4882	1996	4	1728	-4.8	-2.2	0.439	3.2	0
4882	1996	5	3715.2	-8.6	-4.6	0.3171	4	0
4882	1996	6	1641.6	-7	-3.8	0.3517	5.7	0
4882	1996	7	1209.6	-5.1	4	0.5048	3.5	0
4882	1996	8	3283.2	0.6	6.7	0.7299	2.2	0
4882	1996	9	2937.6	-1	3.3	0.6042	3.3	0
4882	1996	10	2764.8	-0.8	1.8	0.6082	1.4	0
4882	1996	11	2246.4	-0.6	2.4	0.6456	1.6	0
4882	1996	12	2505.6	-0.5	9.4	0.6965	2	0
4882	1996	13	3628.8	-0.2	8.8	0.7225	1.6	0
4882	1996	14	1987.2	-2.1	2.1	0.6049	2.3	0
4882	1996	15	1036.8	-1.3	0.5	0.5697	3.1	0
4882	1996	16	1123.2	-1.6	-0.5	0.5433	2.1	0
4882	1996	17	1036.8	-1.7	-0.5	0.5582	1.2	0
4882	1996	18	1036.8	-3.6	-1.7	0.4828	2.4	0
4882	1996	19	777.6	-3.8	-1.1	0.4645	3.9	0
4882	1996	20	1209.6	-5.1	-0.7	0.3949	6.5	0
4882	1996	21	2505.6	-7	-3.4	0.3571	5.7	0
4882	1996	22	3542.4	-8.8	-6	0.3052	5.6	0
4882	1996	23	2505.6	-8.5	-5.5	0.2967	6.9	0
4882	1996	24	4579.2	-9.7	-5.4	0.2531	6.4	0
4882	1996	25	5270.4	-13.5	-7	0.1852	6.3	0
4882	1996	26	1641.6	-13.1	-9.2	0.2115	6.1	4.7
4882	1996	27	3196.8	-10.5	-8.3	0.2581	4.8	0
4882	1996	28	5788.8	-14.2	-3.2	0.2568	3.8	0
4882	1996	29	4147.2	-10.1	-3.2	0.2862	4.6	0
4882	1996	30	6134.4	-10.1	-2	0.3152	3.9	0
4882	1996	31	5961.6	-9.4	-2.5	0.3294	3.1	0
4882	1996	32	6393.6	-11.3	-4	0.2959	2.2	0
4882	1996	33	4752	-12.5	-1.5	0.2822	0.7	1.7
4882	1996	34	1382.4	-4.3	-3	0.4341	2.5	0.7
4882	1996	35	3542.4	-5.4	-2.3	0.4138	2.5	0.3
4882	1996	36	5270.4	-7.9	-1.8	0.3795	2.7	0
4882	1996	37	6393.6	-12.2	-5.9	0.2437	4.2	0
4882	1996	38	7257.6	-12.5	-7.2	0.2027	5.6	0
4882	1996	39	5875.2	-15	-8.8	0.1918	2.7	0
4882	1996	40	6134.4	-16.3	-5.6	0.2017	3.7	0
4882	1996	41	2592	-10	-3.8	0.3026	4.3	0
4882	1996	42	5616	-6.2	4.7	0.5206	2.8	1.6
4882	1996	43	4579.2	1.7	5	0.6292	5.3	2.9
4882	1996	44	864	-0.9	1.7	0.6038	4	2.3
4882	1996	45	1296	-1.5	0.3	0.5264	4.3	0
4882	1996	46	4838.4	-2	-0.2	0.4624	3.8	1
4882	1996	47	1036.8	-1	5.1	0.6587	6.8	7.4
4882	1996	48	2592	0.8	4.5	0.6061	7.2	3.8
4882	1996	49	1382.4	1.4	4	0.6454	4.1	3.1
4882	1996	50	4233.6	1.3	4.8	0.6844	2.9	3.1
4882	1996	51	3283.2	-4.1	1.4	0.5093	6	0.3
4882	1996	52	5184	-6.9	-4.1	0.3572	3.7	1.6
4882	1996	53	6134.4	-7.2	-4.7	0.353	2.9	0.5
4882	1996	54	9072	-9.4	-0.5	0.3724	2	0.3
4882	1996	55	10972.8	-11.5	2	0.348	2.7	0
4882	1996	56	6566.4	-2.6	7.9	0.4878	3.9	0
4882	1996	57	10540.8	3	12.5	0.6746	2.9	0
4882	1996	58	8640	-0.4	8.8	0.7174	1.8	0
4882	1996	59	3196.8	0.1	2.4	0.642	2.6	0
4882	1996	60	3715.2	-0.9	4.1	0.6035	3.4	0.1
4882	1996	61	9158.4	-0.4	4.3	0.4641	5.8	0.1
4882	1996	62	9158.4	-3	4.3	0.4868	3.6	0
4882	1996	63	7084.8	-4	0.6	0.4262	1.5	0
4882	1996	64	12787.2	-5.9	2.2	0.3949	1.4	0
4882	1996	65	2160	0.5	2.9	0.5733	2.8	0
4882	1996	66	2937.6	-0.7	3.7	0.6468	3.4	3.5
4882	1996	67	6566.4	0.2	5.3	0.5732	5.1	0
4882	1996	68	12700.8	-2.4	3.8	0.4435	5.9	0
4882	1996	69	12960	-3	4	0.4245	5.7	0
4882	1996	70	13478.4	-3.7	3.3	0.3974	5.3	0
4882	1996	71	8899.2	-4.1	-1.5	0.3879	4.9	0.1
4882	1996	72	8467.2	-6	-1	0.354	4.9	0
4882	1996	73	5788.8	-4.9	-1.7	0.3785	4.2	0
4882	1996	74	4233.6	-2.5	1.5	0.4772	4.1	0
4882	1996	75	9590.4	-0.6	4.8	0.5117	5.6	0
4882	1996	76	3283.2	0.5	2.4	0.5902	5.5	0
4882	1996	77	3715.2	0.6	3.5	0.5878	3.8	0
4882	1996	78	2332.8	-0.2	2	0.5934	2.9	0
4882	1996	79	7344	-1.8	4.7	0.5835	1.9	0
4882	1996	80	6912	-1.8	3.4	0.6086	2	0
4882	1996	81	10713.6	-1.7	6	0.6134	2.2	0
4882	1996	82	5616	-0.6	8	0.6847	1.1	0
4882	1996	83	7084.8	-0.6	10.7	0.7789	1.6	5.5
4882	1996	84	3110.4	4.5	8.7	0.8963	3.5	0
4882	1996	85	5184	2	5.2	0.7273	3.7	0
4882	1996	86	3888	0.6	3.2	0.6376	3.7	0
4882	1996	87	19094.4	-3.2	6.5	0.3785	3.6	0
4882	1996	88	10281.6	-2.5	7.4	0.4227	2.8	0.3
4882	1996	89	4752	0.5	5	0.6328	4	2.6
4882	1996	90	10368	-1	3.7	0.5321	4.8	0.6
4882	1996	91	12096	-2.4	3	0.5058	3.2	0.8
4882	1996	92	10972.8	-2	3.6	0.5503	1.7	0
4882	1996	93	11059.2	-4.5	4.3	0.4853	1.9	0
4882	1996	94	11923.2	-3	6.5	0.506	4.6	0
4882	1996	95	15724.8	-0.3	9.4	0.5155	5.9	0
4882	1996	96	4665.6	-1	6.3	0.6283	4.3	0
4882	1996	97	4665.6	2.9	7.4	0.8107	2.4	0
4882	1996	98	16416	0.7	16.7	0.8207	1.1	0
4882	1996	99	16502.4	4.1	14	0.8634	3.2	0
4882	1996	100	4320	4.5	9	0.7875	1.5	0
4882	1996	101	14428.8	1.2	13.5	0.7487	1.3	2.1
4882	1996	102	2332.8	1	9.5	0.7543	4	9.2
4882	1996	103	13392	-4	3	0.4242	3.5	0
4882	1996	104	7862.4	0.6	7.6	0.6223	4.1	0
4882	1996	105	14947.2	0.5	11.2	0.5643	2.4	0
4882	1996	106	22550.4	-1.8	14.8	0.5031	1.2	0
4882	1996	107	21686.4	1.6	16.8	0.5116	1.7	0
4882	1996	108	23155.2	5	18.1	0.4897	4.6	0
4882	1996	109	19008	5.1	18.8	0.81	2.5	0
4882	1996	110	21168	6	21.8	0.7615	2.2	0
4882	1996	111	20131.2	9.9	24.9	0.7739	2.7	0
4882	1996	112	22204.8	12.7	26.9	0.7608	2.9	0
4882	1996	113	21600	12.3	28.1	0.8271	2.2	0
4882	1996	114	18835.2	14.4	25.7	1.1005	3.7	18.9
4882	1996	115	16156.8	10.2	19.2	1.2529	3.2	0
4882	1996	116	15897.6	8	16	0.8967	3.5	0
4882	1996	117	12268.8	5.9	14.6	0.9607	3.7	0
4882	1996	118	11923.2	9.7	18.2	1.2096	1.2	0
4882	1996	119	14515.2	7.4	16.6	0.9948	2.6	0
4882	1996	120	14947.2	3.7	11.3	0.7461	2.5	1.3
4882	1996	121	14601.6	5.7	13	0.9045	2.3	0
4882	1996	122	19094.4	5.4	16.9	0.9273	2.5	0
4882	1996	123	8035.2	7.3	16.4	1.1931	2.6	4.5
4882	1996	124	8553.6	6.3	14.5	1.0586	1.7	0.5
4882	1996	125	11232	6.3	11.8	0.7482	4.9	0
4882	1996	126	15206.4	2.4	10	0.6445	3.6	0
4882	1996	127	18489.6	-0.7	12.7	0.5422	1.2	0
4882	1996	128	15292.8	3.9	12.2	0.7531	3.2	0
4882	1996	129	5097.6	7.5	10.5	0.8375	4	2
4882	1996	130	4579.2	3.7	8.1	0.8633	5	10.5
4882	1996	131	3024	3.7	6.4	0.8226	2.5	0.6
4882	1996	132	6048	5.2	9.5	0.9026	0.9	0
4882	1996	133	6998.4	7.8	12.2	1.0307	2	0
4882	1996	134	4060.8	8.8	13.4	1.2146	3.7	0.1
4882	1996	135	6307.2	7.9	12.3	1.087	3.8	0
4882	1996	136	6220.8	6.8	11.8	0.9717	3.3	1.6
4882	1996	137	25142.4	4.2	13.3	0.7558	2.4	0
4882	1996	138	19785.6	8.9	21	1.2053	3.3	0.3
4882	1996	139	19440	12.9	21.4	1.465	2.3	3.1
4882	1996	140	18144	11.1	21.3	1.3977	2.6	18.7
4882	1996	141	21513.6	8.9	15.8	1.061	4	0
4882	1996	142	16588.8	5.2	17	1.0958	1.9	4.2
4882	1996	143	13824	8.4	15.5	1.0474	2.5	2.5
4882	1996	144	9331.2	8.9	16	1.2123	3.1	1.1
4882	1996	145	16243.2	10.8	21.6	1.3793	2.7	1.7
4882	1996	146	10368	11	17.1	1.3456	3.4	11
4882	1996	147	15379.2	9	16.7	1.1408	3.4	2.9
4882	1996	148	12960	9.1	16.4	1.2069	4.6	4.4
4882	1996	149	19872	5.5	12.6	0.8058	5.9	0
4882	1996	150	21513.6	5.6	20.2	0.9513	3.2	0
4882	1996	151	22809.6	13.8	25	1.4169	2.3	0
4882	1996	152	27993.6	14.8	29.3	1.6146	3.4	0
4882	1996	153	6134.4	11.7	18.5	1.5084	1.8	2.2
4882	1996	154	2764.8	8.3	12.5	1.1972	2.4	10.5
4882	1996	155	5616	10.3	13	1.2323	2	0
4882	1996	156	25747.2	7.1	21.5	1.2047	2.3	0
4882	1996	157	28771.2	9.7	24	1.2458	2.2	0
4882	1996	158	29030.4	12.8	29	1.579	1.6	0
4882	1996	159	27907.2	16.5	31.7	1.7973	1.6	0
4882	1996	160	22291.2	19.9	30.7	1.995	2.9	0
4882	1996	161	15033.6	16	23.8	2.0182	1.9	1.5
4882	1996	162	26006.4	13.7	25.6	1.6217	1.7	0
4882	1996	163	24019.2	14.8	28.6	1.8137	1.8	2.5
4882	1996	164	20217.6	13.4	23.4	1.5425	4.2	0
4882	1996	165	22032	8.9	17.4	0.982	4.3	0
4882	1996	166	25920	8.3	16.6	1.0102	4.8	0
4882	1996	167	26006.4	6	19.4	1.0123	3.3	0
4882	1996	168	22204.8	9.8	18.3	1.1854	2.7	0
4882	1996	169	29635.2	6.7	23.2	1.0695	2.1	0
4882	1996	170	20563.2	12.4	18.7	1.0762	4	0.3
4882	1996	171	10281.6	9.7	14.8	1.1538	4.4	2.3
4882	1996	172	15465.6	9	15.2	0.9873	3.7	0
4882	1996	173	13824	9.2	14.2	0.9479	3.9	0
4882	1996	174	15638.4	7.8	15.5	1.0132	3.1	0.1
4882	1996	175	10108.8	9.9	14.2	1.0965	3.9	0
4882	1996	176	9244.8	8.7	14.2	1.0675	3.3	0.1
4882	1996	177	18662.4	10.9	17	1.2096	2.1	0
4882	1996	178	22032	6.6	19.7	1.0878	1.2	0
4882	1996	179	11923.2	9.8	19	1.3272	3.1	0
4882	1996	180	24019.2	6.7	19.6	0.9367	1.9	0.4
4882	1996	181	11145.6	11.6	18.4	1.4136	3.7	4.4
4882	1996	182	7603.2	10.7	15.1	1.3675	4	3.2
4882	1996	183	13392	11.7	17.5	1.4441	3.6	3.4
4882	1996	184	17798.4	9.8	17	1.2132	3.9	4
4882	1996	185	19872	8.8	21	1.1338	3.4	0
4882	1996	186	14601.6	14.8	22.5	1.6098	4	3.8
4882	1996	187	11923.2	12.7	21	1.5333	2.5	18.2
4882	1996	188	10800	11.8	16.6	1.4719	2.2	2.2
4882	1996	189	26524.8	9.3	19.3	1.1396	1.9	0
4882	1996	190	10627.2	10.1	16.6	1.148	3.8	5
4882	1996	191	10540.8	10.5	16.9	1.2058	5.8	0
4882	1996	192	25401.6	11.5	19.9	1.1935	4.2	0.1
4882	1996	193	13219.2	12	19.3	1.5448	2.9	1.1
4882	1996	194	12960	13.9	21.6	1.7446	2.4	5.8
4882	1996	195	16243.2	15.2	23.8	1.7651	2.5	0
4882	1996	196	20476.8	15.1	22.6	1.7169	3.6	0
4882	1996	197	18748.8	13	19	1.271	3.2	0
4882	1996	198	19440	10	19.2	1.1619	4.1	0
4882	1996	199	15811.2	8.1	16.4	1.054	3.9	0
4882	1996	200	12268.8	11.4	17	1.2616	4.5	0
4882	1996	201	23587.2	10.1	20.7	1.2057	1.5	0
4882	1996	202	26870.4	8.8	21.5	0.9286	2.1	0
4882	1996	203	28944	10.9	23	1.0415	2	0
4882	1996	204	28080	11.8	25.7	1.0367	2.8	0
4882	1996	205	20476.8	13.8	27	1.3398	3.5	0
4882	1996	206	10195.2	15.3	21.6	1.7593	3.9	2.6
4882	1996	207	10800	13.2	22.3	1.7243	4.3	1.5
4882	1996	208	16588.8	12.6	21	1.4138	3.1	0
4882	1996	209	21513.6	11.3	25.1	1.4399	2	0
4882	1996	210	10368	14.8	19.6	1.6068	1.6	0
4882	1996	211	21427.2	10	24.5	1.4153	1.3	4.4
4882	1996	212	13219.2	14.4	22	1.732	2.3	11.4
4882	1996	213	18576	15.6	23.2	1.6867	2.8	0
4882	1996	214	20563.2	15.7	25.5	1.5744	3.1	0
4882	1996	215	22204.8	12.8	23	1.3925	2.4	0
4882	1996	216	18748.8	11.7	20.4	1.2387	2.1	0
4882	1996	217	23068.8	9	21.1	1.196	1.9	0
4882	1996	218	21513.6	8.6	23	1.0577	2.9	0
4882	1996	219	24278.4	9.8	23.5	1.1165	4.2	0
4882	1996	220	8380.8	15.4	20.7	1.6538	2.2	0.1
4882	1996	221	20390.4	10.6	23.7	1.3868	1.2	0
4882	1996	222	21081.6	11.3	27.2	1.3814	2.9	0
4882	1996	223	19267.2	17	28.5	1.4361	4.7	0
4882	1996	224	10454.4	17.1	23	1.7326	3	0.2
4882	1996	225	15292.8	15.7	23.8	1.9076	3.3	12.1
4882	1996	226	5875.2	14.7	17.8	1.6789	2.3	7.9
4882	1996	227	9763.2	14.6	20.4	1.6574	1.8	3.2
4882	1996	228	11664	14.8	20.9	1.7352	3.2	3.6
4882	1996	229	9763.2	15.4	22	1.744	4.3	0
4882	1996	230	11577.6	13.5	22.1	1.7094	1.8	0
4882	1996	231	19958.4	11.6	25.5	1.5357	1.7	0
4882	1996	232	22204.8	13.3	28.6	1.4354	3	0
4882	1996	233	22118.4	14.5	29.9	1.2554	3.4	0
4882	1996	234	20390.4	14.8	29.8	1.4512	3	0.3
4882	1996	235	13824	16.5	25.7	1.8982	1.2	0
4882	1996	236	15984	16.6	27	2.0073	1.7	0
4882	1996	237	8380.8	16.9	21.9	1.6867	2	0.9
4882	1996	238	17712	13.3	24	1.4595	2.5	1.1
4882	1996	239	19699.2	12.9	22.5	1.456	1.5	0
4882	1996	240	11318.4	9.6	22.4	1.3255	1.5	1.9
4882	1996	241	3110.4	13.8	18	1.6238	1.8	8.2
4882	1996	242	11059.2	12.2	20.3	1.1992	4.3	0.2
4882	1996	243	6220.8	14	17.1	1.3938	4.8	1.5
4882	1996	244	8640	12.6	17.1	1.4844	3.1	5.7
4882	1996	245	16156.8	7.9	18.2	1.1258	2.6	0
4882	1996	246	18921.6	6.5	18.4	1.0824	1.3	0
4882	1996	247	19526.4	8	21.3	1.2156	1.4	0
4882	1996	248	13478.4	8	19	1.252	1.6	0
4882	1996	249	14083.2	8.2	18.4	1.0375	2.6	0
4882	1996	250	11404.8	6	15.6	1.0613	2.9	5.7
4882	1996	251	16675.2	4.8	16.6	0.9257	3.4	0
4882	1996	252	11577.6	8.1	16.6	1.1183	2.3	0
4882	1996	253	13651.2	4.9	19.1	0.9248	2.6	0.2
4882	1996	254	7516.8	10	15.9	1.2377	3.8	0.6
4882	1996	255	5184	9.5	14.4	1.229	2.3	2.9
4882	1996	256	6912	9.2	15.7	1.2123	4.2	9.2
4882	1996	257	8121.6	6.8	11.7	1.0617	2.9	1.1
4882	1996	258	7689.6	8.9	15.5	1.2352	2.3	1.8
4882	1996	259	7948.8	7.8	14.9	1.141	2.4	0.6
4882	1996	260	13737.6	5.5	16.6	1.0264	2.2	0
4882	1996	261	10195.2	1.9	14	0.8975	2.4	0
4882	1996	262	9676.8	8.6	14.5	0.9657	4.7	0
4882	1996	263	13651.2	6.3	16.1	0.9702	5.1	0
4882	1996	264	10454.4	5.5	14.7	0.9141	4.9	0
4882	1996	265	4147.2	5.9	10.1	0.9328	3.8	12.5
4882	1996	266	4406.4	6.9	13.3	0.9635	3.5	0
4882	1996	267	4838.4	6.1	12.1	0.9471	3.2	0
4882	1996	268	5702.4	8.3	13.1	1.0799	0.8	0
4882	1996	269	9072	7	14.2	1.06	1.6	0
4882	1996	270	7948.8	8.3	17	1.1698	1.8	0
4882	1996	271	3456	8.6	14.9	1.2404	3.5	4.6
4882	1996	272	8985.6	10.5	16.2	1.2551	3.4	0
4882	1996	273	2851.2	10.8	13.8	1.1861	4.6	2.9
4882	1996	274	3456	13.8	18	1.6238	3.5	11.1
4882	1996	275	2937.6	9.4	15.7	1.3655	2.7	25.5
4882	1996	276	6480	8.3	13.3	1.126	2.7	1.4
4882	1996	277	12182.4	5.7	15	0.9922	3.2	0
4882	1996	278	2419.2	7.9	12	1.0761	3.5	0.5
4882	1996	279	11318.4	5.3	14.4	0.9839	2.2	0
4882	1996	280	9244.8	4.7	13.1	1.037	1	0
4882	1996	281	12182.4	2.1	15.6	0.9767	1.2	0
4882	1996	282	3110.4	6.7	12.4	1.0596	0.7	0
4882	1996	283	8553.6	9.4	15.5	1.2412	1.7	2.8
4882	1996	284	4579.2	9.4	12.6	1.2066	1.3	0
4882	1996	285	8035.2	4.1	13.8	1.0176	2.2	0
4882	1996	286	6998.4	6.4	15.4	1.1595	1.6	0
4882	1996	287	10108.8	5.9	19.5	1.1443	2.1	0
4882	1996	288	9158.4	4.9	15.2	1.071	1.8	0
4882	1996	289	8380.8	4.1	20	1.0965	1.5	3.8
4882	1996	290	691.2	9.9	13.1	1.315	3.5	25.5
4882	1996	291	4060.8	9.2	12.2	1.1057	2.4	0
4882	1996	292	4924.8	7.4	13.3	1.055	1.8	0
4882	1996	293	3283.2	6.7	13.9	1.014	2.9	1
4882	1996	294	3542.4	6.9	11.2	1.036	3	8
4882	1996	295	1296	9	13.6	1.2175	3.9	13.7
4882	1996	296	7689.6	8	13.1	1.0438	3.7	0
4882	1996	297	5443.2	4.2	10.2	0.9441	1.6	0
4882	1996	298	7603.2	3.8	10.8	0.8075	4.7	0
4882	1996	299	8640	4	10.7	0.759	5	0.4
4882	1996	300	5529.6	5.4	14.7	1.0587	2.6	0.4
4882	1996	301	3456	5.4	11.8	0.9827	3.8	12.5
4882	1996	302	2160	9.8	15.4	1.1514	4.8	0.1
4882	1996	303	1555.2	9	13.9	0.9999	7.1	3.5
4882	1996	304	3024	7.2	10.1	0.8515	6.5	0.8
4882	1996	305	2073.6	7.9	10.2	0.8749	4.3	0.9
4882	1996	306	1814.4	7.5	13.5	1.0783	4.7	1.3
4882	1996	307	691.2	7.9	13.9	1.1205	5.6	3.1
4882	1996	308	691.2	12.7	14.6	1.3579	4.6	0.7
4882	1996	309	4320	11.5	14.8	1.1633	4.5	0.5
4882	1996	310	3801.6	7.8	14.1	0.9935	5.8	0.8
4882	1996	311	2851.2	7.2	12.5	0.8989	7.1	0.9
4882	1996	312	1382.4	6.1	12.4	0.9917	5	13.4
4882	1996	313	6566.4	2.8	9.3	0.7692	3.5	0.7
4882	1996	314	3110.4	2.1	10	0.7598	4.2	0.8
4882	1996	315	1814.4	2.9	7.4	0.7667	3.7	0.2
4882	1996	316	1814.4	5.9	9.8	0.8914	3.4	2.1
4882	1996	317	1296	7.3	10.3	1.03	2.2	4.6
4882	1996	318	2505.6	4	10	0.8812	3.4	0.2
4882	1996	319	1468.8	0.9	4.4	0.6948	1.9	0
4882	1996	320	3456	-1.1	3.8	0.613	2.3	0
4882	1996	321	864	2.8	4.5	0.7061	1.3	0
4882	1996	322	777.6	3.8	5.3	0.7775	1.4	0
4882	1996	323	864	2.7	4.5	0.672	2.7	20.3
4882	1996	324	3456	0	4.1	0.6232	3.9	2.7
4882	1996	325	4233.6	2.6	10	0.6967	3.6	1.1
4882	1996	326	1382.4	2.4	6.1	0.7034	6.1	2.5
4882	1996	327	4492.8	2.1	6.2	0.5917	5.5	0.2
4882	1996	328	2505.6	0.8	3.9	0.5427	3.1	1
4882	1996	329	3024	-0.5	2.4	0.5825	3.1	0
4882	1996	330	1123.2	0	2	0.5977	4.8	3.4
4882	1996	331	777.6	0.2	1.8	0.6371	2.5	11.5
4882	1996	332	1296	-2.8	0.2	0.5279	2.1	0.3
4882	1996	333	1987.2	-3.2	0.5	0.5204	2.9	1.8
4882	1996	334	2073.6	-1.2	2.2	0.5765	4.1	4.9
4882	1996	335	1728	1.1	3.5	0.6705	4.4	1.8
4882	1996	336	1987.2	0.7	3.9	0.6128	4.3	5.3
4882	1996	337	1814.4	3.5	6.4	0.7387	5.2	1.1
4882	1996	338	3024	4.3	6.2	0.6833	4.5	0.8
4882	1996	339	1468.8	4.5	9.2	0.783	4	0
4882	1996	340	2246.4	2.1	9.3	0.7965	1.2	0
4882	1996	341	1641.6	0.3	4.2	0.6969	1	0
4882	1996	342	2937.6	0	4.1	0.6232	2.2	0
4882	1996	343	1123.2	-0.6	0.5	0.5418	4.2	0
4882	1996	344	604.8	-0.9	0.3	0.5321	4.3	0
4882	1996	345	777.6	-1.4	0.6	0.5579	2.7	0
4882	1996	346	432	-1.3	0.8	0.564	2.2	0
4882	1996	347	345.6	-0.5	0.7	0.5539	2.3	0
4882	1996	348	864	-0.2	1.2	0.6082	1.8	0
4882	1996	349	3283.2	-2.9	1	0.4618	3	0.1
4882	1996	350	864	-0.9	6.4	0.6625	6	3.1
4882	1996	351	1641.6	0.4	5	0.6899	1.8	0.5
4882	1996	352	950.4	0.5	3.5	0.6563	1.6	0
4882	1996	353	864	2.4	5.2	0.7457	2.2	6.1
4882	1996	354	345.6	-0.9	5.1	0.6894	4.9	5.2
4882	1996	355	1900.8	-5	-0.8	0.3801	5.5	0
4882	1996	356	3456	-9.7	-4.9	0.3111	2.3	0
4882	1996	357	3542.4	-12.3	-3.6	0.2655	1.2	0
4882	1996	358	2332.8	-11.3	-3.4	0.2993	4.9	0
4882	1996	359	3369.6	-11.5	-3.9	0.305	1.2	0
4882	1996	360	2160	-12.8	-2.1	0.311	1.6	0
4882	1996	361	3801.6	-10.8	-4	0.3192	0.9	0
4882	1996	362	1900.8	-11.9	-6.1	0.2508	2	0
4882	1996	363	3628.8	-15.3	-8.1	0.2049	1.9	0
4882	1996	364	1296	-16.4	-6.2	0.2116	2.2	3.4
4882	1996	365	2505.6	-12.4	-4.3	0.2932	2.7	0
4882	1996	366	2851.2	-17.5	-12.4	0.1687	3	0
