*---------------------------------------------------------------------------*
* Station name: BRAUNSCHWEIG                            
* Year: 2018
* Author: Pedro Alencar                                   -999.000: NIL VALUE
* Source: ECAD 
* Comments: 
* Longitude: 52.2903, latitude: 52.2903, altitude: 81 m.
*
* Column  Daily value
* 1       station number
* 2       year
* 3       day
* 4       irradiation                   (kJ m-2 d-1)
* 5       minimum temperature           (degrees Celsius)
* 6       maximum temperature           (degrees Celsius)
* 7       early morning vapour pressure (kPa)
* 8       mean wind speed (height: 2 m) (m s-1)
* 9       precipitation                 (mm d-1)
*
** WCCDESCRIPTION=GERMANY, BRAUNSCHWEIG                            
** WCCFORMAT=2
** WCCYEARNR=2018
*---------------------------------------------------------------------------*
   52.2903  10.4483    81.  -0.18 -0.55
4882	2018	1	2505.6	4.3	10.3	0.736	5.7	9.9
4882	2018	2	1468.8	3.3	6.4	0.7508	3.5	4.8
4882	2018	3	1555.2	5.5	8.2	0.783	8	6.5
4882	2018	4	864	5.6	9.1	0.8513	5.2	3.7
4882	2018	5	1468.8	4.6	8.9	0.7481	4.9	0.4
4882	2018	6	2332.8	3.2	7.3	0.7365	2.5	0
4882	2018	7	1900.8	-2.3	3.3	0.5068	4.8	0
4882	2018	8	3801.6	-3.1	1.4	0.402	5.5	0
4882	2018	9	1987.2	-1.6	4.3	0.5321	4.9	0.2
4882	2018	10	3369.6	-1.4	9.1	0.7	2.3	0
4882	2018	11	2246.4	-2.1	4.4	0.6374	1.3	0
4882	2018	12	777.6	1.3	3	0.6848	2.1	0
4882	2018	13	691.2	-0.2	2.4	0.569	4.3	0
4882	2018	14	4320	-1.8	1.4	0.4516	5.7	0
4882	2018	15	2073.6	-1.6	5.9	0.535	4.5	1.2
4882	2018	16	1555.2	1.2	5.1	0.6663	4.5	10.9
4882	2018	17	1468.8	0.1	2.6	0.5793	5	2.1
4882	2018	18	1123.2	2.1	7.4	0.7027	7.4	3.1
4882	2018	19	1641.6	0.7	3.2	0.6118	3.4	0.3
4882	2018	20	2592	-0.9	3.1	0.5822	2.5	0.1
4882	2018	21	1641.6	-1.5	1.4	0.5844	1.6	0
4882	2018	22	1382.4	-0.4	5.5	0.6752	3.5	1.8
4882	2018	23	2505.6	5.2	8.2	0.824	3.9	1.3
4882	2018	24	2505.6	7.3	12.2	0.9653	6	0.9
4882	2018	25	1641.6	6.5	11.5	0.9752	2.7	5.1
4882	2018	26	2592	3.2	8.2	0.8606	1.5	0
4882	2018	27	3110.4	4	7.2	0.7638	2.9	0.1
4882	2018	28	1814.4	5.6	10.1	0.8702	7.1	1.7
4882	2018	29	1641.6	5.3	10.7	0.8792	8.1	2.6
4882	2018	30	3110.4	1.2	6	0.6245	4.5	0
4882	2018	31	1468.8	1.3	10.1	0.7599	4.8	2.8
4882	2018	32	6393.6	0.7	6	0.5748	4.4	0
4882	2018	33	1728	2.1	3.8	0.6192	3.9	0.1
4882	2018	34	2419.2	-0.7	3	0.5843	2.8	2.1
4882	2018	35	2937.6	-1.5	0.8	0.5122	2.1	0.1
4882	2018	36	2505.6	-3.4	1.2	0.468	3.3	0.1
4882	2018	37	6739.2	-7	-0.7	0.3356	2.9	0
4882	2018	38	4752	-4.2	0.4	0.3934	2	0
4882	2018	39	6739.2	-6.3	0.9	0.4058	1.4	0
4882	2018	40	6825.6	-5.9	1.4	0.4041	2.8	0
4882	2018	41	3369.6	-3.4	2.9	0.516	2	0
4882	2018	42	2592	0.5	4.2	0.5644	4.9	0.5
4882	2018	43	5702.4	-2	3.9	0.5432	4.5	1
4882	2018	44	8899.2	-3.5	4.6	0.4896	2.6	0
4882	2018	45	9072	-4	4.6	0.4184	3.6	0
4882	2018	46	2160	-1.1	3.1	0.5189	4.1	1.7
4882	2018	47	7776	0.1	5.9	0.6213	3.7	0
4882	2018	48	5443.2	-3	4.5	0.5096	1.6	0
4882	2018	49	8812.8	-3.2	6.2	0.4834	1.7	0
4882	2018	50	4147.2	-1.7	3.9	0.5094	1.9	0
4882	2018	51	8121.6	-3.7	2.9	0.4926	2.2	0
4882	2018	52	7862.4	-5.9	3.4	0.4238	2.5	0
4882	2018	53	6739.2	-4.8	3.1	0.4594	3	0
4882	2018	54	9244.8	-4.7	1	0.3628	4.1	0
4882	2018	55	8035.2	-6.3	1.2	0.3141	4.7	0
4882	2018	56	8208	-8.5	-1.7	0.2929	3.3	0.1
4882	2018	57	7689.6	-8.8	-1.6	0.3156	4.3	0
4882	2018	58	6825.6	-10.9	-3.5	0.2814	2.4	0
4882	2018	59	7516.8	-11.8	-7	0.198	5.4	0
4882	2018	60	12096	-10.9	-3.5	0.2102	6.6	0
4882	2018	61	11232	-12	-2.8	0.214	5.6	0
4882	2018	62	12268.8	-10.6	-0.8	0.2199	5.2	0
4882	2018	63	8294.4	-5.5	6.4	0.3661	5	1.3
4882	2018	64	11145.6	0.2	12	0.7059	2.8	0
4882	2018	65	8812.8	-2.9	4.8	0.5301	2.2	0
4882	2018	66	4579.2	0.4	6.1	0.671	1.6	0.2
4882	2018	67	10454.4	2.4	10.1	0.7133	4.8	1.3
4882	2018	68	8294.4	3.6	9.2	0.6823	4.5	1.4
4882	2018	69	5961.6	3.1	15.3	0.9419	2.7	0.5
4882	2018	70	8208	7.7	15.5	1.0917	2.9	0.1
4882	2018	71	2246.4	6.6	10.7	1.0756	2	9.5
4882	2018	72	3110.4	4.1	10.3	0.8528	4.2	0.6
4882	2018	73	4579.2	2.7	5.6	0.6245	3.2	0
4882	2018	74	9504	1.1	7.6	0.6334	6.5	0
4882	2018	75	2851.2	-3.8	3.4	0.5179	6.4	4.8
4882	2018	76	11318.4	-5.3	-2.2	0.2826	8.4	0
4882	2018	77	15638.4	-5.7	-0.1	0.2271	7.9	0
4882	2018	78	17193.6	-6.8	2.5	0.2505	3.6	0.3
4882	2018	79	9849.6	-4.4	5.2	0.4466	4.6	0.1
4882	2018	80	15724.8	-4.5	6.3	0.45	3.2	0.3
4882	2018	81	2246.4	1.1	5.7	0.6782	4.5	1
4882	2018	82	8640	2.3	8.5	0.7174	1.9	0
4882	2018	83	10022.4	0.9	10.6	0.6431	3	0
4882	2018	84	13046.4	-1.1	10.7	0.602	1.7	0
4882	2018	85	13824	0.9	10.1	0.6772	3.2	0
4882	2018	86	16934.4	-2.1	9.8	0.5793	2.9	1.1
4882	2018	87	3024	3.4	7.2	0.8014	4.5	8.2
4882	2018	88	7084.8	0.8	8.1	0.663	5.5	0.6
4882	2018	89	16675.2	-1.1	12.4	0.6569	4.2	1.2
4882	2018	90	3024	1	6.4	0.6767	4.2	2.4
4882	2018	91	5875.2	0.6	5.5	0.5931	4.9	0
4882	2018	92	10800	-0.1	10.4	0.6081	2.7	0.2
4882	2018	93	14083.2	7.5	18.2	0.9185	4	0
4882	2018	94	14256	8.7	20.2	1.0849	2.8	1.7
4882	2018	95	8985.6	2.2	12.7	0.7435	6	0.2
4882	2018	96	20822.4	-0.6	13.3	0.565	3.7	0
4882	2018	97	20736	5	19.8	0.6761	5.4	0
4882	2018	98	20390.4	8.4	21.7	0.9568	4	0
4882	2018	99	15465.6	7.9	20.6	0.9899	2.8	0
4882	2018	100	19353.6	7.9	22.7	1.1112	4.6	0
4882	2018	101	11145.6	7.1	16.7	1.1553	5.2	11.5
4882	2018	102	11404.8	6.4	20.3	1.1939	4.8	1.2
4882	2018	103	6998.4	11.4	17.7	1.4394	2.8	6.1
4882	2018	104	13996.8	7	16.4	1.099	4.2	0
4882	2018	105	13392	7.2	17.2	1.2068	1.9	1.8
4882	2018	106	10540.8	10.4	18.8	1.4109	1.9	2.1
4882	2018	107	21340.8	7.1	20.1	1.0735	1.7	0
4882	2018	108	21945.6	8.3	23.5	1.1547	1.7	0
4882	2018	109	22550.4	8.8	25.3	1.1646	2.8	0
4882	2018	110	22723.2	10.4	27.3	1.2605	2.5	0
4882	2018	111	22550.4	10.1	21.5	1.1294	2.4	0
4882	2018	112	18403.2	6	24.1	1.1789	2.7	6.2
4882	2018	113	16416	9.2	18.9	1.1373	4.2	0
4882	2018	114	10627.2	8.5	14.4	0.9999	3.9	0
4882	2018	115	15033.6	5.8	16.5	0.9935	5.2	3
4882	2018	116	12009.6	5.7	12.1	0.9458	3.7	9.1
4882	2018	117	20044.8	4.7	16.6	0.8329	2.6	0
4882	2018	118	23414.4	7	18.7	0.963	2.9	0
4882	2018	119	20822.4	9.5	22.3	1.1547	3.4	0
4882	2018	120	11404.8	10.4	18.1	1.0061	4.7	0
4882	2018	121	15120	3.7	13.4	0.6232	6	0
4882	2018	122	18057.6	3.6	15.2	0.7189	3.4	0
4882	2018	123	25142.4	5	16.6	0.8024	3.1	0
4882	2018	124	25747.2	2.6	17.4	0.7362	2.1	0
4882	2018	125	26697.6	3.7	19.2	0.7297	3.2	0
4882	2018	126	26611.2	5.9	22.4	0.9512	2.8	0
4882	2018	127	27129.6	6.1	23.7	0.9815	3.1	0
4882	2018	128	27043.2	9.3	24.3	1.0508	3.4	0
4882	2018	129	23846.4	10.5	25.9	1.2312	2.9	0
4882	2018	130	13737.6	10.8	24.4	1.5273	3.2	2.4
4882	2018	131	16416	10.5	18.3	1.2125	2	0
4882	2018	132	20649.6	12.4	21.3	1.3799	3.7	0
4882	2018	133	24624	12.8	26.4	1.4118	4	0
4882	2018	134	26265.6	11.1	26.2	1.0302	4.5	0
4882	2018	135	21427.2	8.9	23.7	1.1475	3.3	6.1
4882	2018	136	7776	9.8	17.9	1.4389	2.3	1
4882	2018	137	22464	9.6	16.8	1.1217	6.1	0
4882	2018	138	6652.8	8.5	12.2	0.9922	3.3	0
4882	2018	139	12441.6	8.7	16.9	1.1518	1.4	0
4882	2018	140	28684.8	7	21.9	0.9041	3.5	0
4882	2018	141	28771.2	9.1	23.4	0.8856	4.5	0
4882	2018	142	26611.2	10.9	24.6	1.0143	3	0
4882	2018	143	25488	12	25	1.0419	4.3	0
4882	2018	144	20822.4	11.6	25.2	1.1199	4.6	0
4882	2018	145	26352	13.9	26.9	1.1963	4.4	0
4882	2018	146	28512	12.7	27.6	1.2486	2.5	0
4882	2018	147	25228.8	12.7	27.1	1.4615	2.8	0
4882	2018	148	26092.8	15.8	30.6	1.7027	2.8	0
4882	2018	149	24883.2	17.2	31.7	1.713	4.1	7.1
4882	2018	150	20649.6	16.7	26.9	2.0594	2.1	1.8
4882	2018	151	23241.6	15.1	28.7	1.8622	1.9	0
4882	2018	152	15811.2	17.6	25	2.1239	1.9	0.9
4882	2018	153	7084.8	16.6	19.9	1.8212	3.3	0
4882	2018	154	18921.6	14.7	23.9	1.7881	2.2	0
4882	2018	155	26611.2	13.3	25.1	1.7103	2.8	0
4882	2018	156	22377.6	14.5	24.3	1.5518	2.5	0
4882	2018	157	29548.8	13	25.3	1.1072	3.8	0
4882	2018	158	27993.6	12.2	28.7	1.2719	2.5	0
4882	2018	159	25228.8	16.1	30.4	1.7078	1.9	0
4882	2018	160	23500.8	14.1	30	1.7999	1	18.5
4882	2018	161	18403.2	15.1	23.3	1.7103	1	0
4882	2018	162	25056	13	23.1	1.4264	3	0
4882	2018	163	12355.2	11.3	17.9	1.1619	3.4	0.1
4882	2018	164	9331.2	10.6	16.6	1.1513	3.6	0
4882	2018	165	24451.2	7.8	22.5	1.135	2.7	0.7
4882	2018	166	15552	14.2	22.1	1.5394	1.6	0
4882	2018	167	21772.8	12.2	26.2	1.3327	2.4	0.1
4882	2018	168	22118.4	14.7	22	1.3481	3.9	0
4882	2018	169	18144	12.6	22.5	1.3422	3.3	0.3
4882	2018	170	12787.2	14.5	22.2	1.6009	3.4	0
4882	2018	171	21945.6	17.4	26.6	1.7944	2.8	0
4882	2018	172	18057.6	10	21	1.2662	5.4	4
4882	2018	173	19440	9.8	18	1.1105	6.1	0.8
4882	2018	174	8294.4	10	15.6	1.1075	5.5	0
4882	2018	175	7603.2	9.4	15	1.2068	3.9	0.6
4882	2018	176	13392	12.2	18.6	1.3805	3.8	0
4882	2018	177	20736	12.1	22.2	1.504	2.8	0
4882	2018	178	26006.4	12.2	25.5	1.3909	2.6	0
4882	2018	179	28425.6	11.8	27.6	1.306	3.4	0
4882	2018	180	29289.6	11	28.7	1.2257	3.2	0
4882	2018	181	31363.2	10.9	23.8	0.9297	4	0
4882	2018	182	31449.6	10.1	23.2	0.8137	3.8	0
4882	2018	183	31190.4	8.8	24.3	0.865	2.6	0
4882	2018	184	28684.8	8.5	26.9	0.9505	1.7	0
4882	2018	185	27648	10.5	29.6	1.3112	1.5	0
4882	2018	186	28252.8	13.6	28.7	1.4531	3.4	0
4882	2018	187	14947.2	11.7	23.1	1.27	4.5	0
4882	2018	188	29289.6	10.2	23.5	1.1691	5	0
4882	2018	189	26006.4	12.2	26.3	1.3814	3.9	0
4882	2018	190	19180.8	11.6	22.3	1.3501	4.7	0
4882	2018	191	9590.4	11.8	16.9	1.3556	2.4	9.1
4882	2018	192	19180.8	11.3	20.6	1.4842	2.5	0.5
4882	2018	193	16588.8	11.8	26.1	1.6183	3.1	1.1
4882	2018	194	15379.2	13.3	22.5	1.5768	3.8	0
4882	2018	195	24105.6	11.6	23.3	1.4532	2.6	0
4882	2018	196	29116.8	9.6	25.3	1.2541	1.7	0
4882	2018	197	27734.4	11.3	28.1	1.306	1.5	0
4882	2018	198	27216	12.1	29.9	1.3157	2.7	0
4882	2018	199	24537.6	13.8	25.2	1.3578	4.6	0
4882	2018	200	28339.2	11.8	26.4	1.2362	2.8	0
4882	2018	201	20908.8	12.5	27.8	1.2251	2	0
4882	2018	202	21513.6	14.6	29.8	1.1753	3.2	0
4882	2018	203	14774.4	16.5	28	1.7683	2.7	6.7
4882	2018	204	25660.8	13.6	28.2	1.6037	1.7	0
4882	2018	205	27302.4	14.8	32.6	1.5793	1.5	0
4882	2018	206	26092.8	17.5	34.3	1.6671	1.9	0
4882	2018	207	26092.8	18	33.6	1.5909	3	0
4882	2018	208	24537.6	18.5	33.3	1.6671	3	0
4882	2018	209	17798.4	16.3	33.2	2.2111	3.2	19.7
4882	2018	210	22809.6	15.5	28.9	1.6828	3.3	0
4882	2018	211	26265.6	19.8	33.8	1.6523	2.2	0
4882	2018	212	24278.4	21.3	34.8	1.664	3.3	3.5
4882	2018	213	20131.2	16.9	29.8	1.6609	2.5	0.5
4882	2018	214	23587.2	18.3	29.5	1.8943	2.3	0
4882	2018	215	25401.6	17.4	32.7	1.7437	2	0
4882	2018	216	23155.2	18.6	31.3	1.8909	3	0
4882	2018	217	22377.6	14.2	25.3	1.4709	3.5	0
4882	2018	218	26265.6	11.6	30.5	1.2699	2.3	0
4882	2018	219	24624	19.7	36.4	1.248	2.2	0
4882	2018	220	19353.6	19.1	31.6	1.5814	3.6	0
4882	2018	221	17280	15.7	33.2	2.0801	3.4	7.7
4882	2018	222	19785.6	14.6	23.9	1.2032	4.4	0.1
4882	2018	223	17971.2	11.3	21.3	1.1475	4	1
4882	2018	224	22723.2	11	26.4	1.0981	2.2	0
4882	2018	225	12700.8	15.1	27.6	1.3949	3.2	0.1
4882	2018	226	11750.4	15.3	21.1	1.6485	3.8	4.3
4882	2018	227	13737.6	14.4	23.4	1.5479	2.6	0
4882	2018	228	23241.6	15.2	29.3	1.5272	2.6	0
4882	2018	229	19699.2	14.9	26.8	1.7218	3.2	0
4882	2018	230	22464	13.6	26.2	1.3687	2	0
4882	2018	231	22118.4	12.4	29.5	1.4106	2.3	0
4882	2018	232	6912	17.7	22.5	1.6675	3.2	0
4882	2018	233	6912	16.2	25.3	1.5401	1.6	0
4882	2018	234	21859.2	13.8	30.2	0.8972	2.6	0
4882	2018	235	20736	16.4	29.7	1.5749	3	2.7
4882	2018	236	12960	13.5	20.8	1.2501	3.6	0.1
4882	2018	237	10972.8	10.3	17.5	1.047	4	0
4882	2018	238	18921.6	8.6	20.5	0.9596	3.4	0.4
4882	2018	239	6652.8	14.2	21	1.266	4.5	0.1
4882	2018	240	13219.2	12.2	21.7	1.2537	2.3	0
4882	2018	241	19699.2	9.6	29.6	1.1841	2.6	0.4
4882	2018	242	4665.6	11.9	20.3	1.4984	4.2	1.9
4882	2018	243	14774.4	9.6	19.9	1.1899	3	0
4882	2018	244	17280	8.4	22.7	1.1997	2.3	0
4882	2018	245	12096	7.7	21.8	1.1732	2.7	0
4882	2018	246	16329.6	14	29.1	1.6945	3.4	0
4882	2018	247	16761.6	13.6	26.1	1.642	2.4	0
4882	2018	248	17452.8	11.3	24.8	1.447	2.5	0
4882	2018	249	15292.8	11.4	27.5	1.6469	2.5	3.3
4882	2018	250	12960	9.9	21.9	1.3351	3.2	0
4882	2018	251	15552	9.7	20.9	0.9723	3.2	0
4882	2018	252	16329.6	12.4	23.8	1.1613	2.2	0
4882	2018	253	7862.4	13	22.8	1.2287	2.8	0
4882	2018	254	16502.4	16.3	26.5	1.3738	4.5	0
4882	2018	255	12182.4	13.7	25.2	1.489	4.2	5.7
4882	2018	256	3801.6	10.6	13.7	1.3018	1.9	1.4
4882	2018	257	14083.2	10.1	19.4	1.324	1.7	0
4882	2018	258	12873.6	11.2	19.9	1.2526	3.6	0.1
4882	2018	259	15724.8	10	22.3	1.1732	2.3	0
4882	2018	260	14860.8	11.3	25.9	1.2196	2.1	0
4882	2018	261	16848	14.2	31	1.2315	3.6	0
4882	2018	262	15379.2	15.4	28.5	1.4996	2.9	0
4882	2018	263	12182.4	15.2	26.5	1.4266	2.8	0
4882	2018	264	5356.8	10.9	25.9	1.2256	5.2	1.9
4882	2018	265	9763.2	9.1	17.1	1.0843	5.3	1.1
4882	2018	266	2073.6	8.1	11.4	1.0859	3.2	15.6
4882	2018	267	8985.6	6.3	12.4	0.9514	5	2.3
4882	2018	268	12700.8	5.3	14.9	0.9388	2.6	0
4882	2018	269	12009.6	4.7	17.3	0.7607	3.9	0
4882	2018	270	13219.2	11.6	22.9	1.0418	3.4	0.1
4882	2018	271	10972.8	6.2	16.1	0.8213	4	0
4882	2018	272	14947.2	3.3	15	0.8112	1.7	0
4882	2018	273	14774.4	2.5	17.7	0.7658	2.2	0
4882	2018	274	5443.2	5.7	12.8	0.9217	3.8	2
4882	2018	275	2937.6	4.4	12.1	0.9378	5.4	1.4
4882	2018	276	7516.8	8.1	14.2	0.9537	5.5	0.2
4882	2018	277	5097.6	6.5	14.3	1.0208	3.2	0.1
4882	2018	278	12960	5.8	20.6	1.1065	2	0
4882	2018	279	12182.4	7.2	23.6	1.2057	2.5	0.1
4882	2018	280	9936	3	15.7	0.9162	3.2	0
4882	2018	281	11750.4	0.3	16.5	0.8703	1.4	0
4882	2018	282	10108.8	5	20.3	1.1552	1.8	0
4882	2018	283	11491.2	6.1	22.8	1.2	3.1	0
4882	2018	284	11750.4	12.9	24.2	1.2158	4.1	0
4882	2018	285	11232	11.2	25.6	1.2256	2.8	0
4882	2018	286	11232	14.2	27.6	1.357	3.7	0
4882	2018	287	11059.2	11.1	25.1	1.1613	3.8	0
4882	2018	288	10627.2	9.2	25.9	1.1218	2.1	0
4882	2018	289	9590.4	8	23.3	1.3495	1.6	0
4882	2018	290	9763.2	8.9	21.9	1.4504	1	0
4882	2018	291	3715.2	8.3	15.6	1.1871	2.8	0
4882	2018	292	10368	3.8	14.4	0.9009	1.5	0
4882	2018	293	8553.6	1.9	13.9	0.8199	2	0
4882	2018	294	6220.8	6.3	15.6	1.0457	1.9	0
4882	2018	295	3542.4	4.6	12.7	0.8852	3.2	2.3
4882	2018	296	1296	4.6	11.9	0.9051	7.5	7.2
4882	2018	297	4492.8	9.7	12.1	1.1205	6.1	1.5
4882	2018	298	2937.6	9.8	12.6	1.1297	5.6	0.9
4882	2018	299	2678.4	8.4	11.8	1.0499	3.9	0.2
4882	2018	300	4579.2	1.4	9	0.6898	4	0
4882	2018	301	3456	-0.5	6	0.6625	4.1	0
4882	2018	302	1036.8	3.7	5.4	0.7521	5.4	0
4882	2018	303	3801.6	3.9	11.4	0.8584	5.5	0
4882	2018	304	7344	6.9	12.2	0.7738	4.1	0
4882	2018	305	3974.4	3.9	11.2	0.8214	2.4	0
4882	2018	306	3110.4	4.7	12.5	0.8822	2.9	0
4882	2018	307	7171.2	2	11	0.8128	1.4	0
4882	2018	308	3369.6	2.7	11.1	0.8752	2.3	0
4882	2018	309	1900.8	5.2	12.5	1.0562	2.8	0
4882	2018	310	5011.2	2.9	15.9	1.0489	1.7	0
4882	2018	311	6652.8	5.5	17.8	1.109	2.2	0
4882	2018	312	4147.2	6.8	14.3	1.0692	2	0.4
4882	2018	313	4320	8	12.8	1.1342	3	0
4882	2018	314	2332.8	8.9	15.2	1.0684	3.1	0.9
4882	2018	315	3283.2	10.9	14.9	1.0999	3.4	1.9
4882	2018	316	3456	10.3	19.2	1.3072	2.9	2.4
4882	2018	317	3369.6	7.3	13.6	1.0874	3.2	2.3
4882	2018	318	5702.4	5	12.8	0.9686	2.6	0
4882	2018	319	3196.8	1	6.4	0.7643	1.5	0
4882	2018	320	5788.8	0.2	9.2	0.7174	2.9	0
4882	2018	321	5270.4	-2.6	4.6	0.5517	3.2	0
4882	2018	322	4233.6	-4.9	4.9	0.5194	2.9	0.3
4882	2018	323	2073.6	2.4	5.4	0.654	6.3	0
4882	2018	324	1036.8	0.7	3.1	0.5535	7	0.1
4882	2018	325	1123.2	0.7	2.1	0.5611	4.4	0.1
4882	2018	326	777.6	0.3	2.2	0.5885	3.6	0
4882	2018	327	1900.8	-0.5	4.6	0.6374	2.6	0
4882	2018	328	864	-0.6	1.9	0.6277	2	1.7
4882	2018	329	864	1.9	4.2	0.7452	2.7	1.2
4882	2018	330	1036.8	1.3	4.2	0.6551	3.8	0
4882	2018	331	3110.4	-2.7	2.4	0.5137	2.6	0
4882	2018	332	3888	-5.1	1.5	0.4231	4.9	0.1
4882	2018	333	1641.6	0.8	6.7	0.5912	3.4	0.2
4882	2018	334	1123.2	5	8.4	0.7357	3	1.1
4882	2018	335	3888	5.2	9.5	0.8103	3.5	0
4882	2018	336	864	8.4	12	1.0694	4.5	7.6
4882	2018	337	2505.6	9.3	12.7	1.1279	3.5	4.5
4882	2018	338	3974.4	0.8	10.6	0.7141	4.6	0
4882	2018	339	3801.6	-1	5.7	0.5788	3.1	1
4882	2018	340	1036.8	3.2	10.8	0.8812	3.8	1.2
4882	2018	341	777.6	7.3	12	1.0307	4.9	3.8
4882	2018	342	1296	5.6	8.6	0.7764	6.6	1.7
4882	2018	343	1382.4	5.3	8.9	0.8268	6.8	5.9
4882	2018	344	3110.4	2.8	5.5	0.6492	7.2	2.5
4882	2018	345	2505.6	3.1	5.8	0.6798	5.7	0
4882	2018	346	1123.2	1	4.3	0.6505	3.1	0.1
4882	2018	347	777.6	1	2.7	0.6144	3.6	0
4882	2018	348	1900.8	-0.5	1.4	0.5176	3.4	0
4882	2018	349	950.4	-1.5	0.2	0.4545	3.8	0
4882	2018	350	1382.4	-1.4	0.4	0.4831	4	0.2
4882	2018	351	1209.6	0.4	5.1	0.6476	2.8	0.6
4882	2018	352	2764.8	1.2	6.4	0.6895	3.2	0
4882	2018	353	864	1.6	6.5	0.661	3.8	0.1
4882	2018	354	1382.4	4.4	7.6	0.7852	2.7	1.5
4882	2018	355	432	5.9	12.2	0.9785	5.2	11.9
4882	2018	356	777.6	6.1	8.6	0.9128	4.6	12
4882	2018	357	1036.8	5.2	8.2	0.8633	3.4	8.6
4882	2018	358	1382.4	1.2	5.4	0.6811	4.1	0.2
4882	2018	359	1123.2	3.6	6.2	0.6755	4.6	0.1
4882	2018	360	432	3.2	5.2	0.7587	5	0
4882	2018	361	1468.8	2.9	5.5	0.6267	3.6	0
4882	2018	362	604.8	4.3	5.6	0.7908	3.5	0.3
4882	2018	363	1296	4.3	7.8	0.863	4.7	8.1
4882	2018	364	1468.8	6.2	7.9	0.844	6.2	0
4882	2018	365	1036.8	6.1	8.9	0.9741	2.8	0.2
