*---------------------------------------------------------------------------*
* Station name: BREMERHAVEN                             
* Year: 2000
* Author: Pedro Alencar                                   -999.000: NIL VALUE
* Source: ECAD 
* Comments: 
* Longitude: 53.5344, latitude: 53.5344, altitude: 7 m.
*
* Column  Daily value
* 1       station number
* 2       year
* 3       day
* 4       irradiation                   (kJ m-2 d-1)
* 5       minimum temperature           (degrees Celsius)
* 6       maximum temperature           (degrees Celsius)
* 7       early morning vapour pressure (kPa)
* 8       mean wind speed (height: 2 m) (m s-1)
* 9       precipitation                 (mm d-1)
*
** WCCDESCRIPTION=GERMANY, BREMERHAVEN                             
** WCCFORMAT=2
** WCCYEARNR=2000
*---------------------------------------------------------------------------*
   53.5344  8.5769    7.  -0.18 -0.55
4885	2000	1	1728	3.3	6.5	0.84	5.2	1.9
4885	2000	2	864	0.6	7.5	0.8078	5.6	0
4885	2000	3	864	6	8	0.9813	7.8	7.9
4885	2000	4	864	2.7	8.4	0.8608	5.5	2.7
4885	2000	5	3283.2	3.5	7.6	0.7883	6.5	0
4885	2000	6	1900.8	3.4	8.4	0.8355	6.5	3.8
4885	2000	7	1555.2	5.5	7.7	0.8866	6.3	0
4885	2000	8	950.4	4.5	6.5	0.8488	7.2	1.3
4885	2000	9	2332.8	2.3	5.4	0.7885	4.9	0
4885	2000	10	950.4	-1.7	2.7	0.6336	3.8	0
4885	2000	11	1555.2	0.2	4.2	0.6443	7.3	0
4885	2000	12	2160	0.3	3.8	0.5524	7.5	0
4885	2000	13	950.4	-0.1	1.9	0.5347	5.3	0
4885	2000	14	1036.8	0.3	3.1	0.5733	2.6	0
4885	2000	15	3283.2	1.3	3.8	0.5871	3.4	0.5
4885	2000	16	1209.6	2.5	6.3	0.8363	8.6	0.7
4885	2000	17	1036.8	5.5	6.7	0.9036	12.5	0
4885	2000	18	3974.4	3.7	6.8	0.7277	11.8	0
4885	2000	19	4665.6	1.7	4.5	0.6105	4.1	0
4885	2000	20	1123.2	2.4	6.1	0.7613	11.1	1.2
4885	2000	21	1123.2	1.7	5.9	0.4891	6.9	6.4
4885	2000	22	1123.2	0.5	4.8	0.7022	5.3	4.8
4885	2000	23	4752	-2.8	0.9	0.3421	3.4	0
4885	2000	24	5270.4	-3.2	0.4	0.4302	3	0
4885	2000	25	4752	-3.7	2.2	0.5149	5.4	0.5
4885	2000	26	1209.6	1.8	5.1	0.7822	7.5	0.6
4885	2000	27	1296	3	4.4	0.7723	8.1	0.7
4885	2000	28	1296	2.5	4.2	0.7146	10.6	2.1
4885	2000	29	1296	3.3	9.3	0.8493	13.4	10.4
4885	2000	30	4406.4	4.7	7.2	0.7639	10.7	3.7
4885	2000	31	4838.4	5.4	9.8	0.8764	11.5	0.5
4885	2000	32	1382.4	6.6	9.1	0.9233	9.4	1.5
4885	2000	33	3283.2	5.6	7.9	0.8662	9.2	0.6
4885	2000	34	5702.4	4.1	6.3	0.7782	7.9	0.7
4885	2000	35	1468.8	2.9	8.3	0.891	9.5	2.7
4885	2000	36	1468.8	6.6	8.7	0.9527	7.2	0
4885	2000	37	3456	5.1	8.2	0.8701	5.6	2.4
4885	2000	38	4838.4	6	8.2	0.8671	9.4	1.1
4885	2000	39	1641.6	6.3	9.4	0.849	10.9	6.9
4885	2000	40	2246.4	2	7.7	0.6904	12.5	0.4
4885	2000	41	3369.6	4.6	8.5	0.8253	9.1	5.2
4885	2000	42	5443.2	3.6	7.4	0.7675	6.5	0
4885	2000	43	4320	1.7	7	0.7084	9	7.6
4885	2000	44	5875.2	2.8	6.7	0.7285	8.7	1.1
4885	2000	45	7084.8	2.4	7.1	0.6599	6.1	1.3
4885	2000	46	3974.4	3.1	7.7	0.807	6.1	1.2
4885	2000	47	2160	1.2	4.8	0.6517	6.8	7.3
4885	2000	48	5702.4	-0.2	6.2	0.6668	4	0.1
4885	2000	49	1987.2	1.1	5.1	0.725	5.1	4.7
4885	2000	50	1987.2	2.9	5.7	0.7806	4	0.7
4885	2000	51	8553.6	1.1	3.9	0.607	3.9	0
4885	2000	52	7430.4	-2.4	4.6	0.5359	2.4	0.1
4885	2000	53	5616	1.3	5.5	0.7405	3.6	0
4885	2000	54	2160	-1.7	3.3	0.641	3.4	1.3
4885	2000	55	4406.4	1.2	8.2	0.7515	7.2	2.4
4885	2000	56	7257.6	2.8	6.9	0.7508	7.4	0.2
4885	2000	57	7171.2	2.7	8.8	0.7901	5.4	0
4885	2000	58	7603.2	1.2	9.4	0.6144	5.8	0
4885	2000	59	2332.8	5.4	11.5	0.9285	8.4	4.8
4885	2000	60	7516.8	3.2	9.2	0.7772	8.6	4.6
4885	2000	61	7257.6	3.9	7.5	0.7782	8.9	2.5
4885	2000	62	6825.6	1.8	6.3	0.6936	9.7	15.9
4885	2000	63	6048	3.8	8.7	0.8179	12.2	3.3
4885	2000	64	5184	-0.1	4.8	0.5427	10.8	3.8
4885	2000	65	6048	-0.1	4.9	0.6099	7.6	0.3
4885	2000	66	3024	1.3	7.9	0.7717	10.1	0.6
4885	2000	67	4320	7.5	11.1	1.1239	10.7	16.2
4885	2000	68	3110.4	7.6	12.1	1.154	10.8	9
4885	2000	69	3542.4	5.5	12.5	0.9981	13.1	0.4
4885	2000	70	6220.8	4.4	6.1	0.6744	5.5	5.3
4885	2000	71	3283.2	4.5	8.5	0.8321	10.2	0.7
4885	2000	72	4838.4	3.6	7.9	0.836	3	5.5
4885	2000	73	3369.6	5.8	8	0.8951	5.1	2.9
4885	2000	74	3369.6	3.6	8.6	0.8377	9.6	4.6
4885	2000	75	7776	1.4	7.3	0.7	13	3.6
4885	2000	76	6912	4.7	7.2	0.7452	9.7	0.1
4885	2000	77	3542.4	5.9	7.4	0.9776	8.8	0.5
4885	2000	78	3628.8	5.3	6.5	0.9098	6.1	0.7
4885	2000	79	15120	2.2	6.3	0.7448	4	0
4885	2000	80	8899.2	3.4	7.3	0.8757	4.6	0
4885	2000	81	8985.6	4.8	8.5	0.9092	2.3	0
4885	2000	82	14169.6	5.6	9.7	0.8899	2.5	0
4885	2000	83	9936	3.8	9.4	0.8671	3	0
4885	2000	84	5529.6	3.4	9.1	0.7228	5.8	3.4
4885	2000	85	7171.2	6	12.2	1.0511	3.5	5.2
4885	2000	86	8467.2	4.9	8.9	0.8951	2.3	1.3
4885	2000	87	11923.2	1.3	8.8	0.7526	4.1	0
4885	2000	88	4147.2	2.3	6	0.7231	6.7	0
4885	2000	89	6220.8	3	7	0.7674	7.1	0
4885	2000	90	4233.6	4.4	7	0.7874	5.4	0
4885	2000	91	4320	4.5	6	0.7365	2.3	0
4885	2000	92	13305.6	2	11.1	0.8058	2	3.8
4885	2000	93	5702.4	3.9	11.3	0.8347	2.5	0
4885	2000	94	16588.8	6	18.7	0.7456	4.6	0
4885	2000	95	6220.8	6.1	14.3	1.0818	4.9	0
4885	2000	96	10281.6	2.6	6.3	0.5035	6.7	0
4885	2000	97	17625.6	3	7.6	0.7658	4.6	0
4885	2000	98	16675.2	4	8.1	0.8348	7.5	0
4885	2000	99	7430.4	3.4	9.1	0.7133	2.7	0
4885	2000	100	19699.2	3.1	10.7	0.5868	4.7	0
4885	2000	101	14342.4	0.6	8.2	0.5352	3.7	0
4885	2000	102	12873.6	1.5	13.2	0.5641	4.2	0
4885	2000	103	7344	5.5	10.3	0.8838	4.1	2.3
4885	2000	104	12873.6	2.7	10.1	0.7976	6	3.4
4885	2000	105	15033.6	5.4	11.3	0.8893	6.4	0
4885	2000	106	6739.2	3.2	11.3	0.9575	3.1	0.3
4885	2000	107	10022.4	6.6	11.2	0.8091	6.1	0
4885	2000	108	8985.6	6.1	14.2	0.8304	5.3	0
4885	2000	109	14083.2	7.5	15.1	0.883	4.7	0.8
4885	2000	110	8208	9.2	12.9	1.3027	2	2.6
4885	2000	111	21945.6	8	19.9	1.0027	4	0
4885	2000	112	17884.8	11.4	17.9	1.2988	4.3	0
4885	2000	113	12268.8	9.3	21.4	1.1496	4.2	9
4885	2000	114	8899.2	11.6	15.8	1.472	2.4	2.6
4885	2000	115	12009.6	8.8	14	1.3333	5.7	2.9
4885	2000	116	21340.8	2	17.4	0.8177	2.9	0
4885	2000	117	23500.8	8.5	23.1	1.2549	5.2	0.7
4885	2000	118	17107.2	10.9	22.3	1.4337	3.8	0
4885	2000	119	17539.2	15.2	23.2	1.3327	4.7	0
4885	2000	120	18921.6	12.8	24.2	1.6373	4	1.7
4885	2000	121	5788.8	10.8	13.4	1.4104	3.6	0
4885	2000	122	13392	10.3	13.8	1.4058	4.2	0
4885	2000	123	13392	11	18.4	1.5703	3.5	3.3
4885	2000	124	22204.8	11.7	21.5	1.4337	3	0
4885	2000	125	22118.4	13.5	21.3	1.3692	3.1	0
4885	2000	126	25920	9.5	22.4	1.0136	4.5	0
4885	2000	127	26092.8	11.1	22.4	0.9141	5.9	0
4885	2000	128	25747.2	9.5	24.4	1.273	6.2	0
4885	2000	129	23760	11.3	23.9	1.1253	5.4	0
4885	2000	130	24710.4	11.3	26.1	1.2057	2.9	0
4885	2000	131	26524.8	12.7	24.5	1.1126	3.3	0
4885	2000	132	26956.8	13.9	19.5	1.4618	4.4	0
4885	2000	133	26956.8	10.2	19.5	0.8097	6.3	0
4885	2000	134	27561.6	8.3	23.1	0.7303	3.9	0
4885	2000	135	27820.8	11.9	26.7	0.8717	2.8	0
4885	2000	136	27648	14.5	27.7	0.9491	2.7	0
4885	2000	137	26092.8	17.3	29	1.1034	3.4	2.5
4885	2000	138	11232	13.2	24	1.6261	5.7	3
4885	2000	139	17452.8	10.3	15.6	1.1781	6.3	0.9
4885	2000	140	14774.4	8.5	14.2	1.1275	5.1	1.4
4885	2000	141	20476.8	8.9	13.4	1.073	4.5	3.2
4885	2000	142	19008	9.4	15.9	1.0821	3.3	0
4885	2000	143	23500.8	10.6	14.3	0.967	3.4	0
4885	2000	144	20476.8	9.6	19.8	1.2362	5.4	7.5
4885	2000	145	16675.2	11.8	16	1.3008	6.1	3.8
4885	2000	146	15379.2	9.7	17	1.2398	8.4	2.4
4885	2000	147	22723.2	9.8	18.6	0.9705	5.5	0.3
4885	2000	148	17366.4	11.5	17.1	1.0745	9.2	0.6
4885	2000	149	11664	9.3	16.8	1.1708	10.5	3.2
4885	2000	150	12614.4	8.7	13.5	1.0826	9.4	10.7
4885	2000	151	20908.8	8.4	14.6	1.0032	4.1	2.2
4885	2000	152	28684.8	7.3	15.4	0.8054	2.9	0
4885	2000	153	7257.6	10.6	19.1	1.3157	4.3	0.8
4885	2000	154	20217.6	14	19.4	1.7466	6	0
4885	2000	155	17107.2	12.9	19.4	1.3932	3.6	4.3
4885	2000	156	15552	11.1	21.4	1.642	4.8	0
4885	2000	157	15897.6	11.5	18.3	1.4722	2.8	11.6
4885	2000	158	9072	11.4	14.5	1.3421	6.4	3.8
4885	2000	159	22204.8	10.2	14	1.1424	7.5	0
4885	2000	160	24624	10.3	19	1.0657	3.3	0
4885	2000	161	29116.8	12.1	28.6	1.121	5.6	0
4885	2000	162	23673.6	14.7	24.1	1.9566	5.1	0
4885	2000	163	22464	12.9	21.8	1.4242	4.3	0
4885	2000	164	22377.6	11.4	20.4	1.4614	6.5	0
4885	2000	165	19353.6	14.5	20.7	1.8086	5.9	0
4885	2000	166	6739.2	13.6	17.1	1.5328	3.4	7.1
4885	2000	167	20649.6	11.4	16.3	1.1701	7.7	0
4885	2000	168	19180.8	11.6	13.6	0.9765	10.3	0.2
4885	2000	169	23500.8	10.7	16.2	1.0939	4	0
4885	2000	170	26956.8	12.2	24.8	1.5735	3.7	0
4885	2000	171	29203.2	15.1	32.9	1.4293	3.6	0
4885	2000	172	27561.6	20.8	32.4	1.8415	2.7	0
4885	2000	173	24019.2	17.3	27.2	1.8755	4.4	9.3
4885	2000	174	13996.8	15.2	20.8	1.4837	5.6	0.3
4885	2000	175	14428.8	14.2	19.5	1.6099	7.1	16.3
4885	2000	176	11577.6	12.6	17.4	1.618	6.4	14.8
4885	2000	177	6739.2	12.5	14.5	1.2829	9.7	1.8
4885	2000	178	13651.2	11.4	14.5	1.1781	12.5	1.3
4885	2000	179	12873.6	11.1	13.8	1.0391	11.3	0.6
4885	2000	180	8208	11.5	13.5	1.0425	9.8	0.2
4885	2000	181	6739.2	10.2	13.9	1.2652	7.5	3.4
4885	2000	182	11923.2	10.8	14.6	1.2617	7.1	0.9
4885	2000	183	15033.6	11.1	15.6	1.2092	4.4	0
4885	2000	184	18835.2	11.9	21.6	1.3903	2.9	0.6
4885	2000	185	6652.8	14.2	23.6	1.6351	3.4	0.6
4885	2000	186	16588.8	15.2	23.6	1.7317	2.7	0
4885	2000	187	6652.8	15.1	20.9	1.8341	3.3	0.5
4885	2000	188	11491.2	14.3	16	1.3069	5.5	0
4885	2000	189	13737.6	12.8	15.1	0.9867	4.1	2.1
4885	2000	190	13219.2	12	15.6	1.4658	5.5	4.6
4885	2000	191	6566.4	12.1	15.2	1.4984	6.3	4.4
4885	2000	192	17366.4	12.5	19.1	1.5776	6.8	2.1
4885	2000	193	11750.4	12.6	17.5	1.5036	6.7	1
4885	2000	194	10454.4	11.8	14.2	1.3764	8.6	15.9
4885	2000	195	15552	9.8	18.1	1.4483	5.9	5.3
4885	2000	196	15638.4	13.3	15.8	1.3732	6.7	0.5
4885	2000	197	22636.8	11.8	15.3	1.3026	5	0
4885	2000	198	19526.4	11.4	17.5	1.3973	3.7	0
4885	2000	199	7084.8	12.9	16.9	1.4722	5.5	0.5
4885	2000	200	7084.8	11.9	15.2	1.3646	6.5	1.2
4885	2000	201	6393.6	12.5	15.3	1.4753	11.1	1
4885	2000	202	8380.8	13.6	16	1.446	10	0
4885	2000	203	6307.2	14	15.2	1.4938	8.6	0
4885	2000	204	17712	14.4	19.7	1.8439	5.1	0
4885	2000	205	21600	13.8	21.3	1.7829	2.6	0
4885	2000	206	20131.2	13.5	24.1	1.6249	3.3	6.3
4885	2000	207	9590.4	16	20.9	2.0349	3.5	20.4
4885	2000	208	14515.2	15	19.9	1.8314	4.2	0
4885	2000	209	10195.2	13.7	20.4	1.6692	3.2	9.3
4885	2000	210	6048	14.7	17	1.6006	4.4	3.7
4885	2000	211	13737.6	14.3	18	1.6132	4.9	0
4885	2000	212	6048	15.4	17.2	1.5732	5	0
4885	2000	213	18489.6	15.1	19.5	1.6367	3.6	0
4885	2000	214	13737.6	16.2	24.1	1.9083	3.6	15.7
4885	2000	215	12614.4	16.3	21.5	2.0929	3.7	1.9
4885	2000	216	18748.8	14	20.7	1.721	4.4	3.1
4885	2000	217	20044.8	15.2	20.2	1.82	3.1	0
4885	2000	218	9676.8	14.4	18.9	1.6464	3.1	0
4885	2000	219	11232	14.3	21.3	1.8926	4.7	0
4885	2000	220	17280	15.4	17.9	1.3247	7.8	0
4885	2000	221	13392	13.5	16.9	1.5181	5.9	0.2
4885	2000	222	12268.8	12.4	19.5	1.4299	3.6	0.3
4885	2000	223	7689.6	14.7	20.4	1.843	4.8	2
4885	2000	224	8812.8	15.9	19	1.7319	4.9	0.3
4885	2000	225	22896	15.5	20.6	1.7365	2.7	0
4885	2000	226	23241.6	12.9	24	1.505	2.5	0
4885	2000	227	16502.4	17.4	28.5	1.9847	2.9	0
4885	2000	228	12182.4	17.9	23.1	2.2147	5.3	0
4885	2000	229	14342.4	15.6	22.3	1.9245	5.1	0
4885	2000	230	15811.2	15.2	22.9	1.6944	4.4	0
4885	2000	231	20563.2	12.9	22.8	1.3473	4.3	0
4885	2000	232	11577.6	16.9	22.6	1.6778	2.8	1.1
4885	2000	233	19180.8	16.1	20.6	1.7905	4.3	4.4
4885	2000	234	12355.2	12.9	17.3	1.3027	3	0.4
4885	2000	235	12787.2	13	19.1	1.3662	2.8	0
4885	2000	236	20908.8	11.5	17.3	1.1634	3.7	0
4885	2000	237	17020.8	10.8	20.2	1.2486	6.1	0.1
4885	2000	238	6825.6	15.5	17.7	1.4714	4.9	0
4885	2000	239	20822.4	11.2	23	1.1683	5.6	0
4885	2000	240	11145.6	14.4	20.6	1.5177	4.1	7.2
4885	2000	241	13219.2	15.2	20.4	1.6484	4.5	3.8
4885	2000	242	14083.2	12	20.1	1.3844	3.8	2.6
4885	2000	243	15897.6	11.2	18.4	1.3787	3.4	0.1
4885	2000	244	17280	13.2	18.8	1.3255	2.8	0
4885	2000	245	9244.8	11.4	20.8	1.4802	3.7	7.5
4885	2000	246	12528	12.2	17.6	1.4553	4.6	13.5
4885	2000	247	12096	13.6	17.2	1.2931	8.8	0
4885	2000	248	18662.4	11.7	16.8	1.0872	4.4	0
4885	2000	249	7603.2	12.7	17	1.282	3.5	0.4
4885	2000	250	4147.2	13.2	16	1.3943	5.6	8.2
4885	2000	251	13305.6	12.2	17.5	1.3832	4.4	2.5
4885	2000	252	4060.8	13	17.9	1.6479	6.3	8.2
4885	2000	253	8035.2	13.8	19.5	1.495	2.3	0.4
4885	2000	254	7689.6	12.6	20.3	1.6069	2.6	0
4885	2000	255	16502.4	13.1	19.4	1.4021	2.8	0
4885	2000	256	12009.6	12.8	23.9	1.6641	4.5	0
4885	2000	257	3801.6	14.2	17.5	1.6006	6.5	0.4
4885	2000	258	4924.8	15	18	1.5746	3.7	1.1
4885	2000	259	5270.4	14.4	19.4	1.5766	4.3	0.8
4885	2000	260	7516.8	13.5	17.7	1.5576	3.9	1.6
4885	2000	261	3628.8	12.4	15.9	1.4672	2.3	1.2
4885	2000	262	3542.4	13	16.6	1.4964	4.2	0
4885	2000	263	15120	8.9	16.6	1.045	6.9	0
4885	2000	264	11145.6	8	14.4	0.9303	7.3	0
4885	2000	265	8726.4	9.9	16.9	1.0442	3.9	0
4885	2000	266	14256	9.8	18	1.1422	3.9	0
4885	2000	267	14169.6	8.6	19.2	1.047	4.4	0
4885	2000	268	14428.8	7.4	16.8	0.9168	5.4	0
4885	2000	269	4838.4	6.6	11.5	1.0245	2.9	3.8
4885	2000	270	3196.8	9.5	14.3	1.3224	2.9	10.6
4885	2000	271	6480	13.1	17.5	1.5105	3.6	7.8
4885	2000	272	4060.8	12.4	18.7	1.4114	4.3	0.6
4885	2000	273	12960	14.4	24.6	1.6294	3.4	0
4885	2000	274	12528	12.2	20.9	1.3727	3.9	0
4885	2000	275	8812.8	11.3	18	1.4487	2	10
4885	2000	276	9763.2	13	17.9	1.42	4.5	0
4885	2000	277	6307.2	9.9	17.4	1.3267	4.4	0
4885	2000	278	8294.4	9.7	16.6	1.2087	4.2	0
4885	2000	279	3974.4	12.2	15.2	1.3937	3.3	6.3
4885	2000	280	8726.4	7.9	13.8	1.0908	6.2	3.3
4885	2000	281	3024	6.4	11.2	0.9508	3.1	0
4885	2000	282	9417.6	4.4	13.6	0.9063	4.1	5
4885	2000	283	6912	8.6	14.3	1.0269	3.8	1.2
4885	2000	284	4320	7.6	12.2	0.9385	7.2	5.1
4885	2000	285	5875.2	6.6	14.1	0.9294	7.1	1.1
4885	2000	286	9936	8.2	15.6	0.9744	5	1.5
4885	2000	287	3888	10.1	15	1.2203	3.8	1.2
4885	2000	288	9417.6	6.4	14.9	1.1276	3.1	0
4885	2000	289	7084.8	7.6	14.6	1.1618	4.9	0
4885	2000	290	5702.4	12.2	18	1.3027	4.9	0
4885	2000	291	3974.4	8.6	15.3	1.1452	4.8	0.6
4885	2000	292	7948.8	4.6	14.3	0.8633	3.9	0
4885	2000	293	2073.6	6.7	11.8	0.9917	3.9	1.5
4885	2000	294	2073.6	7.3	13.3	1.1141	2.8	0
4885	2000	295	3283.2	9.6	16.5	1.2308	4.2	0
4885	2000	296	6220.8	12	17.4	1.3866	3.4	0
4885	2000	297	5788.8	10.9	17.2	1.2655	4.7	5.6
4885	2000	298	4320	11.6	15	1.2663	9.4	2.4
4885	2000	299	1900.8	10	13.6	1.1892	9.8	1.2
4885	2000	300	4406.4	8.9	12.4	1.0251	8.7	2.4
4885	2000	301	2332.8	8.3	11.7	1.1043	7.9	2.3
4885	2000	302	1814.4	11.1	13.5	1.2862	6.6	1.1
4885	2000	303	5184	8	13.1	0.9674	10.6	2.1
4885	2000	304	1728	8.2	13.7	0.9673	13.9	2.1
4885	2000	305	2332.8	7.6	11.8	0.8899	10.7	0.1
4885	2000	306	3974.4	6.3	11.3	0.8942	7.9	3.7
4885	2000	307	5702.4	4.9	11.3	0.842	6.8	1.3
4885	2000	308	2246.4	6.4	11.1	0.8799	4.8	0
4885	2000	309	6134.4	5.3	11	0.8773	5.5	0
4885	2000	310	3456	4.2	9	0.8184	5.3	0
4885	2000	311	1468.8	4.1	6.8	0.7109	7.4	3.3
4885	2000	312	4320	6.1	12.1	0.9356	4.5	0
4885	2000	313	3110.4	7.7	11	0.881	6.3	2.4
4885	2000	314	1382.4	7.4	9.6	0.9206	8.4	0
4885	2000	315	1382.4	7.5	8.6	0.9467	8.7	1.2
4885	2000	316	1382.4	5.6	9.5	0.8422	7.3	2.8
4885	2000	317	1296	6.3	10.7	0.8651	6.5	4.2
4885	2000	318	3715.2	7.6	11.2	0.9782	4.3	0
4885	2000	319	2332.8	5.6	8.7	0.9207	2.8	0
4885	2000	320	4060.8	3.1	9	0.7879	3.9	0.6
4885	2000	321	3628.8	5.6	8.8	0.7918	5.8	0.7
4885	2000	322	3024	4.1	8.2	0.8312	4.1	0
4885	2000	323	2160	3.2	7.3	0.7188	7.7	0.3
4885	2000	324	1123.2	6.5	8.5	0.8704	7.5	1.4
4885	2000	325	2073.6	4.8	8.3	0.8058	5	0
4885	2000	326	3974.4	2.1	8.2	0.705	4	0.9
4885	2000	327	3110.4	3.2	10.5	0.8028	5.9	0.7
4885	2000	328	1123.2	4	9.2	0.8671	5.1	1.3
4885	2000	329	1036.8	5.7	8.8	0.8862	5.5	0
4885	2000	330	4320	2.2	7.2	0.6747	4.6	0.3
4885	2000	331	2764.8	3.8	9	0.7976	6	0
4885	2000	332	2073.6	4.3	8.1	0.853	6.1	0.1
4885	2000	333	1036.8	4.3	11.4	0.9551	5.1	4.4
4885	2000	334	2246.4	10.4	13.2	1.0924	4.4	0.2
4885	2000	335	2592	7.5	11.5	1.0323	4.4	0
4885	2000	336	1900.8	7.3	12.7	1.0061	4.3	2
4885	2000	337	2246.4	8.7	12	1.0927	4.1	0
4885	2000	338	1036.8	6.8	10.7	1.004	5.1	0.4
4885	2000	339	2419.2	4.2	8.7	0.781	4.8	0.5
4885	2000	340	3110.4	6.7	10.6	0.9076	5.1	0
4885	2000	341	864	8.6	11.1	1.0082	3.7	1.9
4885	2000	342	2851.2	7.1	11.2	0.9851	4.6	2
4885	2000	343	1123.2	8.8	13.5	1.0332	5.8	0
4885	2000	344	2160	7.9	10.7	0.9131	6.3	0
4885	2000	345	1382.4	7.5	9.7	0.9603	6.4	4.3
4885	2000	346	864	8.1	11.8	1.0639	8.4	19.1
4885	2000	347	864	9.9	12.9	1.239	7.3	5.5
4885	2000	348	1296	8.7	12.7	0.9899	13.6	5.9
4885	2000	349	2678.4	6	9.6	0.8567	10.4	0.1
4885	2000	350	777.6	4.3	8.2	0.7894	11.1	10.4
4885	2000	351	1123.2	2.7	6.8	0.7113	10.1	5.6
4885	2000	352	2160	2.7	6	0.7417	6.1	0.1
4885	2000	353	777.6	1.4	4.6	0.6744	3.4	0
4885	2000	354	777.6	-2.1	2.5	0.5641	3.3	0
4885	2000	355	2160	-0.7	1.9	0.5297	5.5	0
4885	2000	356	3024	-3.1	-0.4	0.4193	6.2	0
4885	2000	357	3456	-5.4	-1.6	0.3634	3.7	0
4885	2000	358	3024	-6.7	-2.5	0.3781	2.7	0
4885	2000	359	864	-3.6	1	0.489	3.4	0
4885	2000	360	2419.2	-2.6	1.1	0.4628	3.6	0
4885	2000	361	1728	-4.9	-1	0.4279	3.1	0
4885	2000	362	864	-1.3	-0.2	0.5033	3.7	0.3
4885	2000	363	864	-0.7	1.7	0.5892	5.2	0.9
4885	2000	364	2246.4	-0.5	2	0.5483	9.9	0
4885	2000	365	864	-0.8	2.4	0.5892	4.9	0.3
4885	2000	366	3024	-3	2.9	0.554	3.9	0
