*---------------------------------------------------------------------------*
* Station name: BREMERHAVEN                             
* Year: 2006
* Author: Pedro Alencar                                   -999.000: NIL VALUE
* Source: ECAD 
* Comments: 
* Longitude: 53.5344, latitude: 53.5344, altitude: 7 m.
*
* Column  Daily value
* 1       station number
* 2       year
* 3       day
* 4       irradiation                   (kJ m-2 d-1)
* 5       minimum temperature           (degrees Celsius)
* 6       maximum temperature           (degrees Celsius)
* 7       early morning vapour pressure (kPa)
* 8       mean wind speed (height: 2 m) (m s-1)
* 9       precipitation                 (mm d-1)
*
** WCCDESCRIPTION=GERMANY, BREMERHAVEN                             
** WCCFORMAT=2
** WCCYEARNR=2006
*---------------------------------------------------------------------------*
   53.5344  8.5769    7.  -0.18 -0.55
4885	2006	1	864	3.4	4.9	0.7889	4.2	0.3
4885	2006	2	1036.8	-2.4	3.9	0.6322	2.5	0
4885	2006	3	864	-2.7	1.2	0.5785	2.2	0
4885	2006	4	864	-1.1	0.7	0.5841	2.8	0
4885	2006	5	864	0.2	2.1	0.6042	4.6	0
4885	2006	6	864	-1.6	0.7	0.5381	5.1	0
4885	2006	7	950.4	-1.3	0.2	0.5283	4.1	0
4885	2006	8	950.4	-2.6	-0.7	0.482	4.3	0
4885	2006	9	3801.6	-5.8	-0.8	0.4264	3.1	0
4885	2006	10	950.4	-5.4	2.4	0.5202	5.5	0
4885	2006	11	950.4	2.2	4.8	0.7144	7.9	1.5
4885	2006	12	950.4	0.1	2.9	0.6741	4	0
4885	2006	13	1641.6	-1.6	1.6	0.5743	4.1	0
4885	2006	14	4320	-2.1	3.9	0.5478	3.6	0
4885	2006	15	4406.4	-5	1.7	0.4495	3.3	0
4885	2006	16	4406.4	-5.6	2.5	0.4473	3.7	0
4885	2006	17	1036.8	-1.2	4.1	0.6038	4.9	3.4
4885	2006	18	2332.8	0.5	3.5	0.6492	3.3	0.2
4885	2006	19	1123.2	0.1	4.5	0.6633	0	4
4885	2006	20	1123.2	4	7.9	0.885	3.8	4.9
4885	2006	21	2419.2	-1.4	5.9	0.6394	6.7	0
4885	2006	22	5097.6	-6.7	-1	0.3173	4.6	0
4885	2006	23	5011.2	-9	-3.6	0.2596	4.4	0
4885	2006	24	3196.8	-9.7	-1	0.2997	3.4	0
4885	2006	25	1209.6	-3.1	2.9	0.552	5.4	1.3
4885	2006	26	1209.6	-0.3	1.2	0.5303	5.7	0
4885	2006	27	4147.2	-5.9	0.5	0.3908	3.5	0
4885	2006	28	5529.6	-7.7	-0.8	0.3569	2.6	0
4885	2006	29	1296	-7.4	1.3	0.4637	1.7	0
4885	2006	30	2160	0.9	5.1	0.7123	3.5	0
4885	2006	31	1382.4	1.5	2.5	0.6634	5.1	0
4885	2006	32	1382.4	-1.6	2.3	0.6016	2.5	0
4885	2006	33	1382.4	-1.8	1.3	0.576	5.1	0
4885	2006	34	1468.8	1.1	3.4	0.6538	3.8	0.4
4885	2006	35	1468.8	-2	1.9	0.5479	3.8	0.4
4885	2006	36	3974.4	-3.3	1.1	0.4849	2.3	0
4885	2006	37	1555.2	-3.8	4.4	0.612	5.6	3.6
4885	2006	38	1555.2	4.3	6.8	0.897	8.7	6.3
4885	2006	39	2505.6	2.6	5.8	0.7422	10.5	4.4
4885	2006	40	2246.4	1.1	4	0.6385	10.5	1.7
4885	2006	41	2419.2	1.6	3.1	0.6367	4.9	0
4885	2006	42	4060.8	-0.5	3.4	0.5902	1.4	0
4885	2006	43	3628.8	-2	3.9	0.5956	3.5	0
4885	2006	44	7171.2	-0.5	5.3	0.5591	2.9	0
4885	2006	45	4147.2	-2.7	4.3	0.5309	4	0.3
4885	2006	46	1814.4	3.2	5.9	0.7944	5.8	3.6
4885	2006	47	1900.8	3.9	7	0.8638	3.6	4.6
4885	2006	48	1900.8	2.5	6.6	0.7944	4	1.8
4885	2006	49	2937.6	3	7.6	0.8014	3	0
4885	2006	50	4147.2	1.1	4.7	0.7373	2.3	0
4885	2006	51	2073.6	1.5	3.4	0.6558	4.7	0
4885	2006	52	2073.6	1.7	2.9	0.62	6.4	0
4885	2006	53	2073.6	-0.2	2	0.4695	4.4	0
4885	2006	54	2160	-0.6	1.6	0.5259	2.1	0.1
4885	2006	55	9244.8	-1.6	3.7	0.501	5.8	0
4885	2006	56	2246.4	-1.4	0.8	0.4842	5.7	0
4885	2006	57	8208	-2.2	3.3	0.515	4	0.8
4885	2006	58	5443.2	-6.8	2.2	0.4387	2.5	1.1
4885	2006	59	2332.8	0.4	3.2	0.6679	5.3	3
4885	2006	60	6825.6	-1.1	2.9	0.6	7.3	0.7
4885	2006	61	6652.8	-0.8	3.1	0.5909	9.6	0.2
4885	2006	62	9763.2	-1.5	3.5	0.5846	6.4	2
4885	2006	63	7776	-3.2	2.5	0.5361	6.9	2.4
4885	2006	64	6480	-3.5	3.3	0.552	5.7	0.2
4885	2006	65	8985.6	-3.8	4.5	0.5703	6.3	1.4
4885	2006	66	4406.4	-2.2	1.5	0.4765	2.8	0
4885	2006	67	3974.4	-2.9	4	0.496	5.3	0.9
4885	2006	68	4060.8	-0.9	1.8	0.5555	3.8	1.2
4885	2006	69	3110.4	-2	0.1	0.5587	5.2	4.9
4885	2006	70	9590.4	-5.2	-1.7	0.398	6.2	0
4885	2006	71	13824	-6	-0.8	0.3662	3	0
4885	2006	72	14342.4	-9.6	-0.3	0.3216	3	0
4885	2006	73	13737.6	-8.3	-0.5	0.3353	3.7	0
4885	2006	74	3801.6	-6.5	1.5	0.4272	4.1	0
4885	2006	75	3456	0.4	1.5	0.5694	5.4	0
4885	2006	76	5875.2	-0.3	2.1	0.5413	4.8	0
4885	2006	77	3542.4	-2.1	0.1	0.5112	2.6	0
4885	2006	78	3628.8	-1.2	4.6	0.6631	5.9	0.1
4885	2006	79	9936	0.7	3.9	0.6056	6.3	0
4885	2006	80	12528	0.1	3.9	0.5646	3.5	0.5
4885	2006	81	15292.8	-0.9	3	0.5274	4.1	0
4885	2006	82	16761.6	-2.7	6.5	0.4624	2.3	0
4885	2006	83	13305.6	0.2	9.3	0.4799	5.1	0
4885	2006	84	3974.4	2.2	5.3	0.759	4.1	10
4885	2006	85	6393.6	4.8	13.9	1.0689	5.5	9
4885	2006	86	8812.8	9.5	15.5	1.3032	6	11.9
4885	2006	87	9763.2	6.9	12.1	0.9136	8.4	0.5
4885	2006	88	4147.2	4.4	7.7	0.8348	7.4	5.1
4885	2006	89	4233.6	4	12.7	0.9552	6.4	7.9
4885	2006	90	4233.6	7	10.8	1.0598	8	5.1
4885	2006	91	8640	6.2	13.7	1.0761	6.2	1.2
4885	2006	92	7862.4	5.7	10.4	0.9575	5.3	7.8
4885	2006	93	12268.8	4.3	8.5	0.8264	7.3	3.4
4885	2006	94	12441.6	2.7	7.4	0.7351	9.3	1
4885	2006	95	10713.6	1.6	5.7	0.6426	8	0.8
4885	2006	96	10022.4	2.7	8.6	0.7482	7.4	2
4885	2006	97	11664	5.7	11	0.8454	5.9	0.1
4885	2006	98	10368	3.2	10.1	0.7821	7.1	3.7
4885	2006	99	16243.2	3.6	9.7	0.7919	8.9	0
4885	2006	100	14256	4.9	6.9	0.7427	7.6	0
4885	2006	101	11318.4	2.3	7.6	0.6518	5.8	2.3
4885	2006	102	7862.4	4.3	9.4	0.9217	5.5	3
4885	2006	103	6307.2	4.8	11.4	0.9283	7.3	2
4885	2006	104	13564.8	5.2	9.8	0.8912	7.4	0
4885	2006	105	17107.2	2.6	13.3	0.7479	3.3	1.1
4885	2006	106	10281.6	6.9	10.5	0.9781	4.7	2.1
4885	2006	107	14601.6	5.7	12.9	0.9717	6.6	1.3
4885	2006	108	13132.8	5.1	10.7	0.9264	6.4	5.5
4885	2006	109	11404.8	5.1	14.8	1.0028	5.1	2.2
4885	2006	110	5788.8	7.2	12.2	1.0462	3.1	0.1
4885	2006	111	6480	9.5	17.1	1.1595	2.3	2.2
4885	2006	112	5443.2	8.3	12.5	1.109	3.1	1.4
4885	2006	113	5443.2	6.9	9.4	0.964	2.6	0
4885	2006	114	12355.2	6.7	15.3	1.0886	2.2	0
4885	2006	115	18576	7.7	21.8	1.1899	3	0.1
4885	2006	116	6134.4	10.2	13.7	1.2848	3.4	0
4885	2006	117	20995.2	8.5	12	1.0855	5.6	0
4885	2006	118	17884.8	7.3	9.4	0.8783	5.7	4.1
4885	2006	119	10108.8	5	9.5	0.8455	5.1	16.4
4885	2006	120	11145.6	3.3	9.8	0.8447	4	2.7
4885	2006	121	18921.6	2.8	14.1	0.7959	4.7	0.5
4885	2006	122	17625.6	9.5	17.4	1.0939	3.9	0
4885	2006	123	24969.6	11.2	24.4	1.0175	4.5	0
4885	2006	124	24710.4	13.9	24.2	1.0563	5.2	0
4885	2006	125	25574.4	13.7	23.4	0.9598	5.4	0
4885	2006	126	23760	12.5	23.2	0.8778	5.1	0
4885	2006	127	23932.8	11.1	23.8	0.9953	5.1	0
4885	2006	128	24969.6	10.3	22.6	1.0277	5.9	0
4885	2006	129	26179.2	9.6	22.5	1.0383	5.8	0
4885	2006	130	26611.2	9.3	22.5	0.8841	4.4	0
4885	2006	131	24710.4	12.8	18.3	1.235	3.4	0
4885	2006	132	22377.6	12.4	22.1	1.1401	2.7	0
4885	2006	133	21513.6	10.3	18.9	1.0955	3.1	0.1
4885	2006	134	24278.4	8.4	11.3	0.8382	5.4	0
4885	2006	135	17452.8	6.8	17	0.8909	2.8	1.8
4885	2006	136	15206.4	11.8	17.7	1.4246	7.8	0
4885	2006	137	16761.6	11.6	19.2	1.3106	4	6.5
4885	2006	138	14860.8	12.7	18.2	1.3674	6.5	5.6
4885	2006	139	9244.8	11.3	14.7	1.3315	8.9	6.5
4885	2006	140	9763.2	10.6	15	1.2847	7.5	4.9
4885	2006	141	9849.6	11.2	16.1	1.2955	6.9	2.3
4885	2006	142	15638.4	11.7	20	1.4028	7.1	5.5
4885	2006	143	8812.8	6.4	13.8	1.0623	8.6	5.3
4885	2006	144	16848	6.2	14.2	1.0445	8.3	7.4
4885	2006	145	12441.6	7.1	13.1	1.0499	5.6	0.8
4885	2006	146	17539.2	7.7	15.5	1.119	4.3	2.4
4885	2006	147	8899.2	10.8	16.6	1.3937	4.5	3.6
4885	2006	148	12355.2	10.9	13.5	1.1926	10.3	0.7
4885	2006	149	20649.6	8.9	13.3	1.0694	7.4	1.9
4885	2006	150	14256	9.4	11.7	1.0183	11.1	1.1
4885	2006	151	10627.2	10.1	12	1.079	10.3	0.1
4885	2006	152	13046.4	8.8	12.8	1.0613	9.8	10.1
4885	2006	153	25920	10.4	13.9	1.1886	4.7	0.1
4885	2006	154	10627.2	10.7	14	1.233	6.2	0
4885	2006	155	12009.6	10.3	11.7	0.9836	10.3	0
4885	2006	156	17020.8	10.2	13.1	1.0817	7.5	0
4885	2006	157	25488	10.6	17.4	1.1656	5.1	0
4885	2006	158	26956.8	10.4	14.8	1.1806	3.8	0
4885	2006	159	29116.8	10	18.5	1.2171	3.3	0
4885	2006	160	28512	11.9	20.1	1.3618	3	0
4885	2006	161	29376	12.2	25.6	1.4825	3.1	0
4885	2006	162	29808	16.6	27.6	1.2478	3.9	0
4885	2006	163	29808	16.6	28.9	1.2704	4	0
4885	2006	164	28944	19.3	31.3	1.641	3.3	0
4885	2006	165	18230.4	14.9	20	1.5328	4.8	0
4885	2006	166	14947.2	14.4	24	1.6881	3.9	0
4885	2006	167	6739.2	13.7	16.8	1.4019	3.9	0.2
4885	2006	168	14947.2	12.1	17	1.4229	5.3	1
4885	2006	169	27388.8	11.7	25.5	1.4336	2.9	0
4885	2006	170	17712	16.2	28.4	2.0424	3.8	6.5
4885	2006	171	22896	14.2	23.7	1.7277	4.6	0
4885	2006	172	8553.6	14	18.6	1.4806	6.9	3.1
4885	2006	173	14601.6	12.4	18.6	1.3542	8.1	1
4885	2006	174	15552	12.9	19.1	1.3981	4.7	0
4885	2006	175	24192	13.6	24.4	1.2943	2.4	0
4885	2006	176	18921.6	16.3	27.7	1.7152	3.2	10.3
4885	2006	177	7430.4	16.9	21.1	1.9305	6	0.4
4885	2006	178	10800	12.7	17.7	1.5526	5.4	0.1
4885	2006	179	12182.4	12.6	16.1	1.1596	3.8	0
4885	2006	180	24537.6	11.8	19.4	1.1505	3	0
4885	2006	181	28944	11.8	23	1.3295	3.5	0
4885	2006	182	29376	13.2	26	1.4801	3.4	0
4885	2006	183	29376	17.4	28.3	1.4448	4.1	0
4885	2006	184	29548.8	17.5	29	1.3378	4.4	0
4885	2006	185	29548.8	17.6	30.2	1.2727	4.2	0
4885	2006	186	26352	19.4	32	1.6475	3.9	0
4885	2006	187	19785.6	19.9	25.9	2.2574	3.5	8.1
4885	2006	188	22464	18.2	26.8	2.149	3.9	1
4885	2006	189	16502.4	16.9	21.9	1.6867	3.5	0.2
4885	2006	190	15292.8	16.5	27.1	1.903	4.1	5.1
4885	2006	191	21254.4	17	22.6	1.7522	5.2	0
4885	2006	192	16156.8	16.7	23.5	1.9024	4.7	8.9
4885	2006	193	26784	15.4	22.4	1.5479	3.1	0
4885	2006	194	27475.2	15.6	22	1.6032	4.7	0
4885	2006	195	22550.4	13.6	19	1.277	5.2	0
4885	2006	196	28771.2	14.5	24.4	1.3085	3.8	0
4885	2006	197	28684.8	15	26.2	1.1869	3.7	0
4885	2006	198	28598.4	16.6	27	1.3034	3.1	0
4885	2006	199	28598.4	19.1	24.5	1.7987	3.2	0
4885	2006	200	28080	17.9	30.2	2.1504	3.3	0
4885	2006	201	20476.8	19.6	32.5	2.2201	4	6.8
4885	2006	202	26697.6	19.8	23.7	2.0792	4.7	0
4885	2006	203	22204.8	18.6	29.5	2.2101	2.7	0
4885	2006	204	20908.8	19.7	24.2	2.131	4.5	0
4885	2006	205	25574.4	19	23.7	2.0797	3.6	0
4885	2006	206	27302.4	17.9	26.7	1.8274	4	0
4885	2006	207	26352	17.8	30	1.9239	4.4	0
4885	2006	208	19008	21.3	30.4	2.194	2.9	1.8
4885	2006	209	13737.6	21.1	26.2	2.3035	3.7	0
4885	2006	210	21254.4	20.9	24.7	2.2161	4.6	0
4885	2006	211	14515.2	18.3	28	2.122	3	22.9
4885	2006	212	17193.6	17.8	23.4	1.8651	5.1	0.3
4885	2006	213	17366.4	15.4	25.2	1.7834	5.5	8.7
4885	2006	214	14169.6	14.3	20.2	1.6708	7.3	4.6
4885	2006	215	15033.6	14.2	20.9	1.6827	4.6	0.8
4885	2006	216	22291.2	16.4	22.6	1.7199	3.1	0
4885	2006	217	22896	17.9	23.9	1.8751	4.9	0
4885	2006	218	23673.6	19.1	23.6	1.8261	6.1	0
4885	2006	219	15638.4	18.5	21.6	1.8965	7.2	0
4885	2006	220	12873.6	17	19.6	1.4909	8.5	1.1
4885	2006	221	9158.4	15.4	20	1.6785	5.2	7.3
4885	2006	222	15552	13.3	19.8	1.5044	4.8	0.7
4885	2006	223	10972.8	13.1	18.6	1.4208	3.1	0
4885	2006	224	15033.6	13.1	19	1.4755	2.5	6.2
4885	2006	225	15552	11.4	20.4	1.4253	3	14.8
4885	2006	226	5443.2	14.7	17.6	1.7232	8.7	23.8
4885	2006	227	10368	15.2	18.9	1.6498	7.9	0.5
4885	2006	228	11750.4	14.1	22.4	1.7374	2.7	0.4
4885	2006	229	16588.8	13.9	23.2	1.6424	2.6	0
4885	2006	230	8640	16.5	20.3	1.8384	3	2.1
4885	2006	231	19526.4	15.5	25.6	1.7869	3.6	0
4885	2006	232	13651.2	16.3	21.3	1.8199	5.3	8.2
4885	2006	233	11836.8	15.4	19.7	1.7829	6.3	9.7
4885	2006	234	12614.4	14.4	19.2	1.7195	8.1	25.6
4885	2006	235	12096	14.6	20.3	1.6323	4.5	0.1
4885	2006	236	13305.6	14.5	23.2	1.6735	2.8	13.5
4885	2006	237	11404.8	14.7	19.1	1.6727	2	1.1
4885	2006	238	11577.6	14.7	19.5	1.6551	2.2	17.7
4885	2006	239	9158.4	14.4	19.4	1.6919	6.1	2.4
4885	2006	240	12355.2	12.9	18.3	1.5576	6.5	20.5
4885	2006	241	13564.8	12.6	17.4	1.4136	7.2	3.2
4885	2006	242	13046.4	13.1	17.6	1.4806	8.5	2.1
4885	2006	243	12528	13.6	19.1	1.5596	7.2	1.1
4885	2006	244	8899.2	17.2	20.3	1.8358	6.3	0
4885	2006	245	9849.6	15.9	21.9	1.7441	4.9	0.1
4885	2006	246	8294.4	17.7	22.1	1.9718	9.7	3.2
4885	2006	247	10972.8	15.1	19	1.5722	8.7	0.1
4885	2006	248	8899.2	14.2	18.5	1.5596	5.3	0
4885	2006	249	14083.2	17	23.3	1.9554	5.2	1.4
4885	2006	250	11491.2	14.9	18.9	1.5766	7.7	9.2
4885	2006	251	13824	15.2	17.1	1.2832	9.3	0
4885	2006	252	4060.8	13.1	17	1.3498	2.9	0
4885	2006	253	17712	10.9	22.6	1.4283	3.7	0
4885	2006	254	17452.8	12.7	25.6	1.4172	3.6	0
4885	2006	255	16675.2	15.4	27.4	1.6282	3.2	0
4885	2006	256	16502.4	15.9	28.4	1.6511	3.2	0
4885	2006	257	16329.6	16.3	26.8	1.5661	3.7	0
4885	2006	258	15811.2	14.9	25.3	1.5501	5.7	0
4885	2006	259	12268.8	16.3	25.3	1.5939	4.6	0
4885	2006	260	15120	16.3	25.6	1.7076	2.9	0
4885	2006	261	3628.8	16.3	18.8	1.8029	3.9	0
4885	2006	262	9417.6	14.4	18.7	1.6548	6.1	0.8
4885	2006	263	15292.8	11.2	20.4	1.3625	5.1	0
4885	2006	264	15206.4	11.3	24.7	1.3601	3.9	0
4885	2006	265	14774.4	15	26.8	1.4557	4.9	0
4885	2006	266	13824	14.6	25.2	1.4615	3	0
4885	2006	267	14256	13.9	24.4	1.395	3.1	0
4885	2006	268	12960	12.6	24.4	1.531	3.2	0.1
4885	2006	269	3196.8	16.6	19.9	1.8212	4.2	9.2
4885	2006	270	9072	14	19.5	1.5997	4	0
4885	2006	271	6480	13.8	20.5	1.5626	3.6	0
4885	2006	272	6393.6	14.2	21.9	1.6124	2.9	0.1
4885	2006	273	8035.2	14.3	20.4	1.6418	3.2	0.1
4885	2006	274	6393.6	12.6	20.2	1.6018	3.7	3.6
4885	2006	275	6825.6	13.2	19.2	1.4528	9.6	1.1
4885	2006	276	4147.2	11.8	17.4	1.4441	6.1	0.3
4885	2006	277	7948.8	11.8	16.9	1.4536	5.7	4.1
4885	2006	278	5875.2	9.2	15.7	1.27	5.8	5.1
4885	2006	279	2764.8	12.6	16.5	1.5221	9.5	2.5
4885	2006	280	6825.6	12.9	15.7	1.3512	9.8	1.8
4885	2006	281	3283.2	11	15.8	1.29	6.4	0
4885	2006	282	10281.6	8.6	17.7	1.2238	3.2	0.6
4885	2006	283	5011.2	14.6	18.4	1.6683	1.7	0
4885	2006	284	9936	11.7	18.5	1.457	4.3	0
4885	2006	285	2419.2	11.2	15.9	1.4422	2.7	0
4885	2006	286	2419.2	13.3	16.1	1.5035	2.7	0
4885	2006	287	2764.8	10	14.6	1.229	3.4	0
4885	2006	288	2332.8	7.2	12.4	1.0775	3	0
4885	2006	289	8380.8	7.8	16.5	1.1462	3.6	0
4885	2006	290	9590.4	7.1	15.5	1.0168	3.7	0
4885	2006	291	5961.6	8.3	16.3	1.1861	3.5	0.6
4885	2006	292	7344	11.5	17.8	1.3655	3.2	1
4885	2006	293	4579.2	12.8	17	1.4722	4	3.1
4885	2006	294	3542.4	13.1	17.2	1.4961	5.4	0
4885	2006	295	5875.2	12.6	16.7	1.3655	6.3	3.1
4885	2006	296	5443.2	14.2	18	1.5715	6.2	6.8
4885	2006	297	3542.4	12.3	16.2	1.4442	7.3	11.2
4885	2006	298	7603.2	9.6	16.1	1.2148	5	0.1
4885	2006	299	5011.2	12.6	21.2	1.4228	6.6	0
4885	2006	300	1814.4	11.5	15.9	1.2371	8.2	0.2
4885	2006	301	1814.4	10	15.3	1.3599	6.4	3.3
4885	2006	302	4406.4	10.1	15.6	1.2741	7.3	0.5
4885	2006	303	1728	9.5	13.7	1.1873	5	0
4885	2006	304	3110.4	8.1	14.4	1.1334	11.3	7.4
4885	2006	305	2937.6	3	10.7	0.6938	9.6	2.5
4885	2006	306	4060.8	2.1	7.6	0.7249	4.8	3.5
4885	2006	307	2073.6	3.7	7.1	0.7263	3.4	1.1
4885	2006	308	2246.4	5	10.5	0.9697	6.4	3.2
4885	2006	309	1555.2	9.8	12.4	1.175	8.3	0
4885	2006	310	1468.8	10.5	12.9	1.2226	7.2	0
4885	2006	311	3283.2	5.4	11.6	0.9539	5.4	0
4885	2006	312	1468.8	4	12.2	1.0147	7.3	1.8
4885	2006	313	4492.8	8	12	0.9448	10.9	6.4
4885	2006	314	3542.4	6.6	10.3	0.8511	6	3
4885	2006	315	2937.6	5.4	11.2	0.9629	9.1	20
4885	2006	316	3283.2	6.4	9.9	0.8123	11.2	3.6
4885	2006	317	1296	6	12	1.044	8.8	5.9
4885	2006	318	1641.6	8.8	11.8	1.1141	7.3	4.7
4885	2006	319	2073.6	10.5	13.5	1.247	5.1	0
4885	2006	320	4492.8	9.6	15.9	1.1039	5.6	0.6
4885	2006	321	2160	9.1	14.7	1.2806	3.7	5.4
4885	2006	322	1641.6	4.9	10.8	0.9021	5.2	0.1
4885	2006	323	1209.6	3.1	6	0.7775	2.7	3.5
4885	2006	324	1123.2	2.7	7.8	0.8164	6.8	4.5
4885	2006	325	2332.8	3.3	9.8	0.8932	5.3	3
4885	2006	326	1468.8	2.3	7.3	0.7826	6.2	1.5
4885	2006	327	1123.2	5	11.4	0.9999	6.4	8
4885	2006	328	2505.6	7.8	11.5	1.0427	5.5	0
4885	2006	329	1036.8	10.8	16.5	1.2018	7.4	1.9
4885	2006	330	2073.6	7.6	11.9	1.0015	4.7	0
4885	2006	331	1987.2	6.2	12.1	1.0083	3.3	0
4885	2006	332	4233.6	7.8	12.8	1.0641	3.7	0
4885	2006	333	1641.6	5.2	10.7	0.983	4.4	0
4885	2006	334	950.4	3.6	7	0.8638	4.6	0
4885	2006	335	1468.8	4.3	9.2	0.8367	5.3	0
4885	2006	336	950.4	8.4	10.4	0.9664	5.8	0.6
4885	2006	337	2592	6.6	12.4	1.0204	6.9	1
4885	2006	338	1728	7.1	9	0.9359	8.8	2.5
4885	2006	339	1036.8	8.6	13.7	1.1524	10.7	4.9
4885	2006	340	1641.6	7.7	10.7	1	10	1.3
4885	2006	341	864	6	10	0.9113	9.8	8.4
4885	2006	342	864	8	11.7	0.9961	8.1	2.3
4885	2006	343	3456	4.7	8.3	0.8708	7.2	0
4885	2006	344	3628.8	3.5	7.5	0.8126	6	0.1
4885	2006	345	864	4.4	8.4	0.8648	10.2	6.4
4885	2006	346	3283.2	5.1	8.4	0.8761	8.6	0.9
4885	2006	347	864	7.6	11.2	1.0372	8.9	0.7
4885	2006	348	864	9.7	11.2	1.0621	11.8	0
4885	2006	349	864	5.9	10.1	0.9328	9	0
4885	2006	350	777.6	4.9	7.6	0.8464	7	5.8
4885	2006	351	1296	3	6.1	0.786	7.1	6.3
4885	2006	352	2592	2	7.3	0.7915	2.5	0.1
4885	2006	353	2073.6	2	6.8	0.7527	3.5	0
4885	2006	354	1036.8	5.5	8.6	0.9144	5.6	0.1
4885	2006	355	777.6	7	8.5	0.9592	2.2	0.1
4885	2006	356	777.6	5.3	7.3	0.8112	3.4	0
4885	2006	357	777.6	4.6	7.3	0.885	1.7	0.2
4885	2006	358	777.6	6.3	8	0.9105	2.6	0
4885	2006	359	864	5.1	8	0.8932	1.8	0
4885	2006	360	864	1.9	5.2	0.6696	1.7	0
4885	2006	361	864	0.1	2.1	0.6087	3.5	0.4
4885	2006	362	864	0.1	6.7	0.7561	5.2	7.9
4885	2006	363	1036.8	3.6	6.2	0.7967	4	0
4885	2006	364	864	6.1	10	0.8499	8.3	8.1
4885	2006	365	2246.4	7.7	10.3	0.9752	10.8	5.4
