*---------------------------------------------------------------------------*
* Station name: BREMERHAVEN                             
* Year: 1993
* Author: Pedro Alencar                                   -999.000: NIL VALUE
* Source: ECAD 
* Comments: 
* Longitude: 53.5344, latitude: 53.5344, altitude: 7 m.
*
* Column  Daily value
* 1       station number
* 2       year
* 3       day
* 4       irradiation                   (kJ m-2 d-1)
* 5       minimum temperature           (degrees Celsius)
* 6       maximum temperature           (degrees Celsius)
* 7       early morning vapour pressure (kPa)
* 8       mean wind speed (height: 2 m) (m s-1)
* 9       precipitation                 (mm d-1)
*
** WCCDESCRIPTION=GERMANY, BREMERHAVEN                             
** WCCFORMAT=2
** WCCYEARNR=1993
*---------------------------------------------------------------------------*
   53.5344  8.5769    7.  -0.18 -0.55
4885	1993	1	2419.2	-5.1	-1.8	0.4311	3.4	0
4885	1993	2	3456	-8.1	-3.9	0.3008	4.4	0
4885	1993	3	3456	-11.6	-5.8	0.2409	4.8	0
4885	1993	4	1296	-11.5	-4.5	0.231	4.7	0
4885	1993	5	864	-8.5	2.5	0.4116	6.2	8.8
4885	1993	6	864	1.5	5.7	0.7827	5.3	9
4885	1993	7	2678.4	0.8	6.3	0.772	4.5	1.9
4885	1993	8	3369.6	0.7	8.1	0.7108	7.8	0
4885	1993	9	950.4	0.3	8.9	0.7802	8.3	3.9
4885	1993	10	950.4	5.2	10.6	1.001	9.4	5.3
4885	1993	11	950.4	5.2	10.2	0.8614	10.8	3.1
4885	1993	12	2678.4	3.1	6.7	0.6755	10.8	0
4885	1993	13	950.4	4.1	11.6	0.8596	10.9	2.2
4885	1993	14	2764.8	4.4	13	0.8095	12.1	0
4885	1993	15	1036.8	2	10.4	0.7582	9.2	0
4885	1993	16	1555.2	8.3	12.7	1.0403	12	0.1
4885	1993	17	3369.6	7.5	11	0.8751	9.9	0
4885	1993	18	3628.8	2.7	7.5	0.7201	8.2	0
4885	1993	19	1123.2	2.3	6.2	0.72	9.4	3.9
4885	1993	20	1123.2	4.4	10	0.9441	10.1	3.2
4885	1993	21	2678.4	6.3	10.2	0.8397	11.4	1.1
4885	1993	22	1123.2	5	11.7	0.8015	15	1.1
4885	1993	23	1555.2	4.6	6.6	0.7638	11.1	4.3
4885	1993	24	1209.6	4.6	11.3	0.7907	16.9	3.3
4885	1993	25	2160	1	6.5	0.5912	13.9	0.9
4885	1993	26	1209.6	2.4	5	0.6927	12.3	14.1
4885	1993	27	3110.4	0.8	5.4	0.5952	5.6	0
4885	1993	28	1296	0.4	2.3	0.6399	4.1	3.6
4885	1993	29	5097.6	-3.1	0.5	0.4723	5	0
4885	1993	30	5443.2	-4.9	-0.7	0.4028	4.7	0
4885	1993	31	5356.8	-6.5	2	0.4041	2.1	0
4885	1993	32	5875.2	-2.2	2.5	0.5003	2.8	0
4885	1993	33	1382.4	-4.7	2.5	0.5526	5.2	0
4885	1993	34	1468.8	0.9	2.8	0.6982	5.8	0
4885	1993	35	1468.8	0.9	2.8	0.6912	6.2	0.1
4885	1993	36	1468.8	2	4.6	0.7353	7.9	1.4
4885	1993	37	1555.2	3.9	6.6	0.8696	7.6	1.9
4885	1993	38	1555.2	2.6	5	0.7376	2.7	0.1
4885	1993	39	1641.6	3.2	5.6	0.8196	2.9	0.6
4885	1993	40	1641.6	1.9	4.7	0.7663	2.3	0.2
4885	1993	41	1641.6	0.5	2.4	0.6649	3.6	0
4885	1993	42	2160	0.3	3	0.647	4.1	0
4885	1993	43	1728	-0.1	1.4	0.602	1.7	0
4885	1993	44	1814.4	-1.1	1.6	0.6035	2	0
4885	1993	45	1814.4	-1.7	-0.6	0.5506	3.6	0
4885	1993	46	1814.4	-1.5	0.4	0.5635	4.8	0.3
4885	1993	47	2160	0.1	5.8	0.7022	5.5	5.2
4885	1993	48	1900.8	4.2	7	0.8456	8.9	0.1
4885	1993	49	1987.2	2.6	6.2	0.8028	7.1	2.9
4885	1993	50	4924.8	2.4	6.3	0.6584	12.7	2
4885	1993	51	4233.6	2.4	6	0.7174	10.6	9.3
4885	1993	52	7257.6	-0.1	4.5	0.4868	10.6	0
4885	1993	53	8899.2	-2.4	3	0.3684	3	0
4885	1993	54	8726.4	-3	1.6	0.3774	3.2	0
4885	1993	55	8985.6	-3.3	-0.2	0.3924	2.3	0
4885	1993	56	8467.2	-4.7	2.6	0.4301	2.9	0
4885	1993	57	2246.4	-0.6	2.9	0.5843	4	0.6
4885	1993	58	4579.2	-1.1	3	0.4909	7.2	0.2
4885	1993	59	3888	-1.7	1.7	0.5804	7.2	0.5
4885	1993	60	9417.6	-1.9	4.5	0.5235	7.4	0
4885	1993	61	9504	-1.7	3.2	0.4838	8.2	0
4885	1993	62	10972.8	-4.5	2.6	0.4219	6	0
4885	1993	63	2851.2	-1	2.6	0.5568	4	0
4885	1993	64	2851.2	0.6	4.3	0.6704	6.1	1.1
4885	1993	65	2937.6	3.1	4.7	0.7913	8.4	0.2
4885	1993	66	6393.6	2.9	6.7	0.688	3.4	0
4885	1993	67	12268.8	-1.6	6.2	0.4831	4.1	0
4885	1993	68	12614.4	-1.5	8.1	0.4876	3.5	0
4885	1993	69	5529.6	-0.6	7.4	0.647	4.9	0
4885	1993	70	3196.8	-1.4	3.1	0.6303	2.2	0
4885	1993	71	4233.6	-0.4	12.4	0.7759	1.7	0
4885	1993	72	7430.4	2.7	15.4	0.7713	2.4	0
4885	1993	73	11664	4.3	14.3	0.8078	1.9	0
4885	1993	74	12700.8	5.7	15.7	0.9899	2.5	0
4885	1993	75	3456	6.8	9.7	0.916	7.6	0.4
4885	1993	76	3542.4	7	11.1	1.059	9.9	0.3
4885	1993	77	3542.4	6	10.5	0.9269	9.5	1.9
4885	1993	78	12700.8	4	7.9	0.7452	8.9	0
4885	1993	79	9158.4	4	9.5	0.7579	6.9	0
4885	1993	80	6134.4	1.4	13.4	0.7925	4.5	0.3
4885	1993	81	3801.6	6.9	13.1	1.0429	5.3	2.8
4885	1993	82	12182.4	4.5	9.7	0.7259	8.7	0
4885	1993	83	13564.8	2.6	7.6	0.764	7.2	2.2
4885	1993	84	12528	2.6	6.7	0.6893	10.2	0.3
4885	1993	85	15811.2	2.5	6.8	0.6213	4.3	0
4885	1993	86	12787.2	0.7	5.5	0.4579	2.9	0
4885	1993	87	13737.6	-2.3	5.5	0.5212	3.6	0
4885	1993	88	13737.6	-0.5	4.8	0.4422	3.1	0
4885	1993	89	17366.4	-0.9	7.5	0.4644	1.9	0
4885	1993	90	6652.8	2.2	12.2	0.5787	3.8	0.7
4885	1993	91	12355.2	6.4	19	0.8949	5.5	0
4885	1993	92	4406.4	6	12.9	0.9815	2.9	0
4885	1993	93	12009.6	1.3	9.7	0.6953	3.4	0
4885	1993	94	4492.8	4	10.3	0.8498	3.3	0.7
4885	1993	95	14428.8	2	12.5	0.7436	6.8	3.2
4885	1993	96	5616	6.3	8.3	0.9097	6.7	12.1
4885	1993	97	9763.2	5.6	7.5	0.8156	7.9	0
4885	1993	98	5184	5.5	7	0.7608	4.4	0
4885	1993	99	11664	4.7	9.3	0.6709	4.8	0
4885	1993	100	6134.4	0.6	8.1	0.4583	5.9	0
4885	1993	101	15292.8	-0.3	10.2	0.4867	6.3	0
4885	1993	102	17280	-0.1	10.2	0.5426	5.7	0
4885	1993	103	12787.2	2.1	12.4	0.6418	5.4	2
4885	1993	104	9158.4	2.9	11.7	0.7462	4.9	0.2
4885	1993	105	17625.6	3.7	13.7	0.7757	4.6	0
4885	1993	106	18835.2	4.1	14.7	0.8722	2.1	0
4885	1993	107	5702.4	6.8	11.5	0.9851	6.7	2
4885	1993	108	5184	6.3	10.5	0.9915	6.8	6.1
4885	1993	109	18316.8	5.4	7.9	0.7625	6.2	0
4885	1993	110	14083.2	5.8	16.5	1.0465	3.9	0
4885	1993	111	18921.6	9.6	20.6	1.2342	5.1	0
4885	1993	112	15379.2	8.2	20.4	1.2698	3.1	8.1
4885	1993	113	20304	8.4	18.7	1.0855	5	0
4885	1993	114	18144	12.8	24.7	1.2743	4.2	0.4
4885	1993	115	17798.4	13.3	25.3	1.3187	4	0
4885	1993	116	16675.2	13.3	25.2	1.3592	3.7	0
4885	1993	117	23068.8	11	22.4	1.177	3.8	0
4885	1993	118	23068.8	14.2	26	1.1274	5.3	0
4885	1993	119	23155.2	12.5	23.2	1.2657	6	0
4885	1993	120	23155.2	10.9	26.2	1.1518	4.8	0
4885	1993	121	23500.8	13.3	25.2	1.0695	4.3	0
4885	1993	122	17625.6	10.5	18.7	1.3113	4.5	0
4885	1993	123	17971.2	8.2	10.7	0.8633	8.5	0
4885	1993	124	23328	6.3	10.5	0.7491	4.6	0
4885	1993	125	22118.4	5	10.5	0.6957	3.6	0
4885	1993	126	22723.2	4	14.2	0.7277	4.3	0
4885	1993	127	6825.6	9.2	14.9	1.1246	4.9	0
4885	1993	128	19267.2	8.2	18.4	1.0222	6.2	0
4885	1993	129	20822.4	10	23.3	1.2111	5.9	5.5
4885	1993	130	23155.2	13.4	24.6	1.3162	5.8	0
4885	1993	131	24192	9.2	24.3	1.1808	6.7	0
4885	1993	132	22723.2	9.5	24.5	1.0835	4.9	0
4885	1993	133	22032	12.8	23.3	1.7158	4.6	0
4885	1993	134	7862.4	11.2	14.7	1.2526	4.2	0.8
4885	1993	135	17884.8	10.4	18.3	1.3393	4	1.5
4885	1993	136	23328	7.4	17.3	0.8029	4.7	0
4885	1993	137	26870.4	9.4	22.6	0.8352	5.3	0
4885	1993	138	25488	14.3	27.4	1.0331	5.3	0
4885	1993	139	19872	13.7	23.4	1.2371	3.6	0
4885	1993	140	22204.8	14.7	27.2	1.4849	3	0.7
4885	1993	141	8726.4	13.4	20.3	1.6291	4.4	7.7
4885	1993	142	7344	11.5	13.7	1.268	6.4	0
4885	1993	143	15984	11.8	14.7	1.2622	3.8	0
4885	1993	144	13651.2	12.8	20	1.6391	2.6	0
4885	1993	145	24192	12.3	16.8	1.3567	4.2	0
4885	1993	146	14601.6	11.2	19	1.1999	4.3	0.2
4885	1993	147	6652.8	8.7	12.8	1.1093	4.7	14.5
4885	1993	148	8985.6	9.8	14.6	1.2635	8.1	2.5
4885	1993	149	18489.6	8.8	17	1.2931	5.8	0.9
4885	1993	150	13392	9.6	21.9	1.2866	3.8	4.9
4885	1993	151	21081.6	11.6	16.9	1.1359	8.9	2.6
4885	1993	152	18921.6	12.6	18	1.4064	6.6	0
4885	1993	153	19872	10.3	21.5	1.3351	3.7	7.8
4885	1993	154	8726.4	12.3	17.4	1.2313	4.1	0
4885	1993	155	28252.8	10.5	21.2	1.133	3.5	0
4885	1993	156	17798.4	12.4	22.4	1.1906	3	0
4885	1993	157	24192	12.8	18	1.2931	3.4	0
4885	1993	158	18576	12.3	21	1.4761	3.5	0
4885	1993	159	19353.6	12.9	15.9	1.3436	3.7	0
4885	1993	160	27561.6	11.1	26.2	1.2234	3.4	0
4885	1993	161	27475.2	15	29	1.293	4.3	0
4885	1993	162	20217.6	17.4	25.3	1.8261	3.7	2.6
4885	1993	163	6739.2	13.5	19.9	1.6706	3	15.8
4885	1993	164	12355.2	13	15.6	1.2861	6.5	0.2
4885	1993	165	15120	11.9	15.1	1.082	6.1	0
4885	1993	166	19699.2	12.1	14.3	1.0004	8.4	0.3
4885	1993	167	6739.2	11.1	15.2	1.39	6.6	12.2
4885	1993	168	17712	12.5	16.3	1.36	7.4	1.2
4885	1993	169	7430.4	12.4	16.9	1.4987	7.3	1.7
4885	1993	170	8553.6	14.5	18.4	1.5322	6.6	0
4885	1993	171	25833.6	12.7	16.5	1.3113	7.8	0.3
4885	1993	172	18144	12.2	15.7	1.2096	4.9	0
4885	1993	173	20649.6	11.9	15.5	1.0961	3.8	0
4885	1993	174	15552	11.2	16.1	1.2487	4.1	1.1
4885	1993	175	22464	9.6	14.3	1.0195	9.6	2.3
4885	1993	176	21686.4	10.4	13.9	0.9764	9.3	0.1
4885	1993	177	8208	10.1	15.4	1.1333	5.4	0.6
4885	1993	178	16588.8	12.3	15.7	1.2614	9.5	0.2
4885	1993	179	23846.4	11.4	16.1	1.3825	8.3	0
4885	1993	180	23155.2	11.3	18.8	1.4182	3.7	0
4885	1993	181	26352	10.9	18	1.3973	4.3	0
4885	1993	182	29203.2	12.4	25.1	1.2743	3	0
4885	1993	183	28339.2	12.1	18.2	1.3585	4.8	0
4885	1993	184	11145.6	12	23	1.5376	6.4	0
4885	1993	185	16761.6	16.9	19.7	1.7639	5.5	0.6
4885	1993	186	7776	13.5	17.5	1.3366	5.1	0.7
4885	1993	187	14169.6	12.6	15.9	1.282	9	4.3
4885	1993	188	20131.2	12	15	1.1747	11.2	0
4885	1993	189	10368	12	19.1	1.3761	5.9	0
4885	1993	190	20649.6	14.5	21.7	1.3479	6.7	3.7
4885	1993	191	15379.2	12.2	18.5	1.376	4.7	1.8
4885	1993	192	21081.6	9.3	18.4	1.1859	4.4	3.6
4885	1993	193	20304	11.4	16.3	1.2334	7	5
4885	1993	194	17452.8	10.5	16.5	1.2211	6.5	0.2
4885	1993	195	7603.2	11.1	15.5	1.3121	3.3	5.4
4885	1993	196	13219.2	13.4	18.6	1.4708	2.8	0
4885	1993	197	6480	12.8	18.2	1.5652	2.9	2.5
4885	1993	198	16416	16.9	21.2	1.9145	5.5	0.5
4885	1993	199	22982.4	14.6	18.7	1.5139	5.5	0
4885	1993	200	8380.8	12.7	18.6	1.4738	2.6	11
4885	1993	201	9158.4	12.8	16.5	1.5486	3.6	16.2
4885	1993	202	13651.2	12.8	16.3	1.3236	9.3	2.4
4885	1993	203	13996.8	13	16.8	1.3876	5.8	3.2
4885	1993	204	9936	12.7	17.8	1.4884	6.4	9
4885	1993	205	18057.6	16.9	21.5	1.8658	6.4	23
4885	1993	206	13305.6	12.4	18.8	1.5222	6.2	8
4885	1993	207	18316.8	12.3	17.5	1.303	9.4	0.1
4885	1993	208	12700.8	11.5	16.6	1.4577	6.9	30.2
4885	1993	209	12787.2	14.6	19.9	1.6905	7	5
4885	1993	210	7776	12.4	20.6	1.6683	3.9	1.3
4885	1993	211	7084.8	16.4	20.3	1.9169	3.4	14.7
4885	1993	212	11836.8	13.7	18.5	1.535	4.9	0.8
4885	1993	213	18835.2	11.5	19.5	1.3366	4.7	0
4885	1993	214	23155.2	12.4	24.5	1.4202	2.9	3.9
4885	1993	215	13392	15	19.1	1.611	4.6	2.4
4885	1993	216	11923.2	13.8	20.7	1.5529	3	0
4885	1993	217	12614.4	14.8	22	1.6059	3.6	14.8
4885	1993	218	12096	13.5	17.7	1.5045	10.7	4.8
4885	1993	219	12009.6	12.5	19.1	1.488	4.6	0.4
4885	1993	220	13046.4	13.8	21.4	1.6478	2.3	0.2
4885	1993	221	13564.8	12.1	18	1.4352	6.5	5.9
4885	1993	222	17366.4	12.5	17.3	1.4045	7.7	1.4
4885	1993	223	13824	10.9	17.9	1.2289	7.5	4.9
4885	1993	224	7430.4	14.6	19.1	1.6099	8.3	2.8
4885	1993	225	22118.4	12	18.8	1.2232	6	0
4885	1993	226	20995.2	10	24.2	1.1877	4.5	0
4885	1993	227	10195.2	15.2	22.7	1.9245	2.5	1.5
4885	1993	228	8121.6	15.5	20.6	1.6124	5.3	0.3
4885	1993	229	22723.2	13.8	16.5	1.2037	5.6	0
4885	1993	230	21945.6	12.4	16.9	1.2822	4.3	0
4885	1993	231	22377.6	12.6	18.1	1.3412	2.4	0
4885	1993	232	5184	13.5	18.3	1.5697	4.6	0.2
4885	1993	233	11318.4	13.9	18	1.4842	5.7	0.3
4885	1993	234	5097.6	11.3	14.2	1.2511	2.8	13.9
4885	1993	235	15465.6	10.7	16.1	1.2592	5.8	3.7
4885	1993	236	17366.4	11.4	16.2	1.2766	7.4	3.3
4885	1993	237	7948.8	11.8	15.5	1.3423	4.6	1.5
4885	1993	238	16070.4	10.6	16.5	1.2096	3	0.9
4885	1993	239	12528	11.6	16.6	1.1892	2.6	0.6
4885	1993	240	20995.2	11	16.8	1.1105	4.1	0
4885	1993	241	10195.2	11	17.4	1.2778	5.2	2.8
4885	1993	242	10540.8	13.4	15.5	1.3315	9.8	1.9
4885	1993	243	10022.4	12.5	15.6	1.3295	5	0
4885	1993	244	17798.4	12.3	16.2	1.2657	2.6	0.5
4885	1993	245	5961.6	13.2	15.7	1.4959	6.6	5.9
4885	1993	246	7862.4	12.5	15.7	1.2856	5.9	1.7
4885	1993	247	12528	11.3	14.8	1.2308	5.5	5.5
4885	1993	248	18576	9.9	15	1.068	4.8	0
4885	1993	249	5443.2	11	14.7	1.2741	5.5	0.1
4885	1993	250	16502.4	8.1	18	1.0957	2.6	0
4885	1993	251	7603.2	8.8	16.2	1.3176	4	18.6
4885	1993	252	6134.4	12.8	20.2	1.6683	1.9	3.1
4885	1993	253	8467.2	12.2	18.8	1.5652	3.3	4.1
4885	1993	254	10540.8	11.8	18.3	1.4182	4.8	0
4885	1993	255	11923.2	11	17.4	1.4072	2.5	0
4885	1993	256	3888	9.7	13.9	1.1339	6.2	14.4
4885	1993	257	7862.4	9.5	16.8	1.254	3.6	5.5
4885	1993	258	4320	12.5	15.6	1.4257	4.7	16.9
4885	1993	259	3715.2	9.6	12.6	1.0958	4.6	1.5
4885	1993	260	12960	7.6	11.9	0.9653	3.6	0.4
4885	1993	261	11836.8	6	13	0.8424	1.7	0
4885	1993	262	14947.2	5	15.8	0.9073	3.9	0
4885	1993	263	12787.2	7.3	19.9	1.1668	4.6	0
4885	1993	264	8467.2	13.7	19.8	1.5997	5.2	0
4885	1993	265	3369.6	11.8	15	1.3667	4.4	27.2
4885	1993	266	3369.6	11.8	15.2	1.3138	4	0.2
4885	1993	267	3283.2	10.3	12.4	1.1678	3.9	8.9
4885	1993	268	3283.2	11.4	12.5	1.2988	4	24.8
4885	1993	269	3196.8	10.4	12.9	1.2049	5.7	2.6
4885	1993	270	3196.8	10.4	12.5	1.2161	3.4	1.3
4885	1993	271	11577.6	10.1	16.4	1.1101	3.3	0
4885	1993	272	9244.8	6.7	14.2	1.0621	4	0
4885	1993	273	9504	6	13.2	0.8601	6	0.2
4885	1993	274	9244.8	6	14.1	0.911	6.8	0
4885	1993	275	5443.2	8.7	13.4	1.0922	4.2	0.1
4885	1993	276	2851.2	11.3	12.5	1.2667	4	17.4
4885	1993	277	4752	11.5	14.5	1.3016	7.4	0
4885	1993	278	7689.6	10.7	18.3	1.4348	3.4	6.5
4885	1993	279	3628.8	11.3	15.4	1.4082	3.5	0.8
4885	1993	280	9331.2	10.4	16.4	1.2132	3.9	0
4885	1993	281	2592	8.6	14.2	1.1582	3.6	13.8
4885	1993	282	5443.2	9.9	14.2	1.1949	5.1	0
4885	1993	283	9849.6	8.2	15.5	1.0683	5.1	0
4885	1993	284	3110.4	8.4	14.9	1.2323	3.2	7.6
4885	1993	285	3801.6	10.4	18.4	1.2617	8.2	1.1
4885	1993	286	3715.2	11.1	16.5	1.2766	5.1	2.7
4885	1993	287	2332.8	6.7	13.5	1.0376	5.1	17.5
4885	1993	288	7948.8	4.5	10.4	0.7539	4	0.2
4885	1993	289	6566.4	4.6	8.5	0.7767	6.3	1
4885	1993	290	9244.8	2.6	10.1	0.6512	4.1	0.3
4885	1993	291	9676.8	0.5	8.6	0.5831	2.6	0
4885	1993	292	9504	-0.1	9	0.5707	3.4	0
4885	1993	293	5616	-0.6	6.5	0.6116	3.8	2.9
4885	1993	294	4665.6	4.9	10	0.8984	3.9	0.7
4885	1993	295	3024	5.2	7.6	0.7207	4.9	0
4885	1993	296	3888	4.9	7.9	0.7783	5.9	0
4885	1993	297	6825.6	2.9	7.4	0.7402	4.2	0
4885	1993	298	6480	5.8	10.1	0.9082	3.4	0
4885	1993	299	3283.2	7.5	10.7	0.9587	3.7	0
4885	1993	300	3456	7.7	10	0.9313	2.2	0
4885	1993	301	1814.4	7.7	9	0.8454	2.2	0
4885	1993	302	1814.4	5	7.9	0.8003	4.5	0
4885	1993	303	4320	2.9	6.5	0.7088	3	0
4885	1993	304	7257.6	0	8	0.683	3.2	0
4885	1993	305	1641.6	-1.4	3.9	0.642	2.9	0
4885	1993	306	3456	0.6	7.3	0.6725	3.4	0
4885	1993	307	1641.6	1.7	3.8	0.67	3.6	0
4885	1993	308	1555.2	2.4	7.4	0.7621	3.6	0
4885	1993	309	1555.2	1.2	5	0.7173	4.2	0
4885	1993	310	1468.8	3.7	8.5	0.7624	6.9	0
4885	1993	311	1468.8	4.4	7.9	0.8406	4.7	0
4885	1993	312	1468.8	5.4	6.8	0.8283	3.9	0
4885	1993	313	1382.4	5.4	8.5	0.8882	3.4	0
4885	1993	314	1641.6	6.1	9	0.811	4.8	4.7
4885	1993	315	1382.4	5.6	9.5	0.8422	6.9	0.5
4885	1993	316	5184	4	8.6	0.8112	6	0
4885	1993	317	1296	3.7	8.7	0.7487	6	0
4885	1993	318	1296	4.1	8.1	0.8095	5.8	14.8
4885	1993	319	2160	3.7	6.8	0.6389	6.1	0
4885	1993	320	3196.8	1	3.9	0.4955	1.9	0
4885	1993	321	5097.6	-1.4	4.8	0.518	2.2	0
4885	1993	322	5011.2	-2	2.5	0.4791	3.3	0
4885	1993	323	4665.6	-4.4	1.8	0.4112	2.8	0
4885	1993	324	1123.2	-3.2	2.3	0.479	5.3	0.1
4885	1993	325	1123.2	-6.4	-3	0.3062	5.3	0
4885	1993	326	2678.4	-6.6	-2.8	0.3623	3	0
4885	1993	327	3283.2	-5.4	-1.6	0.4012	5.9	0
4885	1993	328	4147.2	-5.5	0.5	0.3763	3.6	0
4885	1993	329	3283.2	-7.6	0.6	0.3823	3	0
4885	1993	330	3542.4	-6.1	-0.3	0.4151	2.4	0
4885	1993	331	1036.8	-6.1	-1.2	0.4107	3.9	0
4885	1993	332	1555.2	-2	2	0.4766	2.6	0
4885	1993	333	1900.8	-1.6	1.1	0.456	3.9	0
4885	1993	334	3369.6	-6	-1.4	0.3627	4.9	0
4885	1993	335	950.4	-6.4	-3.1	0.3695	3.9	0.5
4885	1993	336	950.4	-3.2	8.4	0.6776	7.8	1.6
4885	1993	337	950.4	6.6	8.6	0.9807	8.5	0.9
4885	1993	338	864	5.2	9	0.8873	9.4	1
4885	1993	339	864	2.6	6.6	0.7633	8	0
4885	1993	340	864	5.7	7	0.8906	6.7	0
4885	1993	341	864	3.9	6.6	0.7632	8.6	3.4
4885	1993	342	1123.2	1.9	4	0.6947	7.5	17.3
4885	1993	343	864	3.4	9.6	0.8515	14.2	6.9
4885	1993	344	864	3.2	7	0.7728	7.6	1.9
4885	1993	345	1036.8	2.6	6	0.7142	10.4	10.7
4885	1993	346	2764.8	2.4	5.2	0.7296	5.9	6.7
4885	1993	347	864	0.5	3.2	0.6702	5.3	14.2
4885	1993	348	3369.6	-1.4	2	0.512	4.5	0
4885	1993	349	864	-1.2	2.4	0.5552	6.4	2.3
4885	1993	350	777.6	2	6.5	0.7117	10	12.4
4885	1993	351	2073.6	3	5.6	0.681	9.3	0.5
4885	1993	352	777.6	2.1	10	0.8536	6.8	1.9
4885	1993	353	777.6	7.3	12.1	1.0102	14.1	7.3
4885	1993	354	777.6	1.6	7.6	0.7548	5.8	0.1
4885	1993	355	777.6	0.7	3.3	0.5857	3.4	2.8
4885	1993	356	777.6	0.6	3.6	0.6681	7.7	7.6
4885	1993	357	1555.2	2.1	5.1	0.672	7.7	0.2
4885	1993	358	777.6	1.3	3.1	0.6586	4.7	0.2
4885	1993	359	1123.2	0.1	3	0.6082	6.3	2.8
4885	1993	360	864	0.6	2.6	0.6309	5.5	1.6
4885	1993	361	864	0.8	2.6	0.6493	3.6	0.5
4885	1993	362	864	0	1.6	0.5956	3	0
4885	1993	363	864	0.1	5.2	0.68	5.6	6.1
4885	1993	364	864	4.2	6.3	0.8075	6.1	9.6
4885	1993	365	1296	2.4	6	0.7422	5.7	3.4
