*---------------------------------------------------------------------------*
* Station name: BREMERHAVEN                             
* Year: 1988
* Author: Pedro Alencar                                   -999.000: NIL VALUE
* Source: ECAD 
* Comments: 
* Longitude: 53.5344, latitude: 53.5344, altitude: 7 m.
*
* Column  Daily value
* 1       station number
* 2       year
* 3       day
* 4       irradiation                   (kJ m-2 d-1)
* 5       minimum temperature           (degrees Celsius)
* 6       maximum temperature           (degrees Celsius)
* 7       early morning vapour pressure (kPa)
* 8       mean wind speed (height: 2 m) (m s-1)
* 9       precipitation                 (mm d-1)
*
** WCCDESCRIPTION=GERMANY, BREMERHAVEN                             
** WCCFORMAT=2
** WCCYEARNR=1988
*---------------------------------------------------------------------------*
   53.5344  8.5769    7.  -0.18 -0.55
4885	1988	1	1382.4	6.9	8.5	0.8929	10.3	6.4
4885	1988	2	864	6.7	12.2	0.9697	12.4	1.2
4885	1988	3	1728	5.7	9.2	0.8468	12.6	4.3
4885	1988	4	864	5	8.8	0.8851	10.6	14.9
4885	1988	5	864	5.1	10.5	0.9625	6.1	17.4
4885	1988	6	1641.6	7.7	10.2	0.9033	7.1	5.7
4885	1988	7	950.4	5.6	9	0.8382	12.1	2.5
4885	1988	8	1728	2.5	6.9	0.7259	3.6	0.4
4885	1988	9	2419.2	0.7	6.4	0.6539	4.8	0.1
4885	1988	10	950.4	6.1	8.1	0.978	3.2	12
4885	1988	11	2505.6	3.6	8	0.7836	7.9	3.3
4885	1988	12	950.4	1.7	4.5	0.7402	5.9	0
4885	1988	13	2073.6	0.4	5.4	0.5718	4.8	0
4885	1988	14	1728	2.4	6	0.6267	3.7	0.1
4885	1988	15	1036.8	0.6	4.6	0.7144	2.7	1
4885	1988	16	1036.8	2.9	3.9	0.7483	2.3	2.5
4885	1988	17	1036.8	2.7	5.2	0.786	3.8	1.1
4885	1988	18	1296	3.2	4.9	0.7099	3.6	0
4885	1988	19	1555.2	1.8	4.7	0.6864	3.2	0
4885	1988	20	2505.6	1.7	6.5	0.7124	4	0
4885	1988	21	1641.6	3.1	6.2	0.7234	5.3	0
4885	1988	22	1123.2	1	4.5	0.6849	4.2	4
4885	1988	23	2937.6	0.8	5.1	0.6796	4.6	1.3
4885	1988	24	1209.6	1	7.3	0.7642	5.4	10.1
4885	1988	25	1555.2	4.5	9.7	0.8772	7.3	8.3
4885	1988	26	1468.8	5.6	8	0.8988	5	1.6
4885	1988	27	1296	3.4	6.2	0.774	5.6	0
4885	1988	28	1296	-0.4	7.3	0.751	3.6	9.1
4885	1988	29	2073.6	6	9.8	0.9051	5.1	2.5
4885	1988	30	2678.4	5.1	8	0.8253	4.2	0
4885	1988	31	1641.6	3	6.2	0.7633	6.7	0.1
4885	1988	32	1382.4	1.5	6.8	0.7067	6.7	8.2
4885	1988	33	2246.4	4.5	7.8	0.7839	11.3	0.9
4885	1988	34	4147.2	2.8	6.8	0.6966	9.2	0.5
4885	1988	35	2332.8	4.4	8.5	0.7714	6.7	0.5
4885	1988	36	3628.8	5.2	7.8	0.745	8.5	4.9
4885	1988	37	3283.2	2.8	7.6	0.7075	8.3	0.8
4885	1988	38	3888	1.6	6.7	0.6821	7.9	6.7
4885	1988	39	2073.6	0.6	5	0.6873	10.2	7.5
4885	1988	40	2678.4	2.3	7.1	0.7174	9	2.2
4885	1988	41	1641.6	2.7	5.7	0.6597	14.2	0.4
4885	1988	42	4492.8	1.6	5.8	0.6767	7.4	0.5
4885	1988	43	1728	0.3	5.1	0.6676	4.7	0.1
4885	1988	44	7257.6	0.4	6.6	0.6202	4.7	0
4885	1988	45	2332.8	3.1	7.4	0.5324	5.1	0
4885	1988	46	7257.6	0.3	7.9	0.5732	4	0
4885	1988	47	4492.8	-0.3	5.5	0.6408	6.4	1.4
4885	1988	48	3110.4	2.7	6.2	0.7217	10.6	0.6
4885	1988	49	1987.2	2.7	6.2	0.7553	6.1	3.8
4885	1988	50	4665.6	4	5.8	0.7448	7.8	0.2
4885	1988	51	5788.8	2	6.1	0.6038	3	0.5
4885	1988	52	2073.6	2.1	7.2	0.8	6.1	0.6
4885	1988	53	3801.6	3.7	7.2	0.7738	7.1	6.4
4885	1988	54	3801.6	1.9	5.1	0.6908	7.5	2.6
4885	1988	55	3974.4	0.4	3.6	0.5928	5	0
4885	1988	56	2246.4	0.4	1.8	0.5822	4.9	0.4
4885	1988	57	2246.4	-0.3	1.6	0.5956	6.4	0.6
4885	1988	58	2332.8	0.3	2.4	0.5456	4.1	2.3
4885	1988	59	5616	0.2	5.2	0.6454	10.9	0.6
4885	1988	60	5702.4	1.2	4.2	0.6231	8.4	1
4885	1988	61	5961.6	-1.1	2	0.5366	4.7	0.1
4885	1988	62	6480	-1	3.6	0.5504	3.2	1.1
4885	1988	63	2851.2	1.2	3.7	0.634	8.3	1.9
4885	1988	64	9936	1.1	5.6	0.6369	7.6	0
4885	1988	65	8121.6	0	3.1	0.6218	7.6	1.8
4885	1988	66	5443.2	0.5	4.7	0.6702	7	9.3
4885	1988	67	8985.6	1.9	4.4	0.5897	7.6	0
4885	1988	68	12355.2	0.3	2.9	0.4663	4.3	0
4885	1988	69	9331.2	-0.5	4.9	0.5297	4.2	0.5
4885	1988	70	3196.8	3.5	4.9	0.7834	4	4.7
4885	1988	71	4579.2	2.1	6.4	0.7282	8.5	4.9
4885	1988	72	8812.8	1.3	4	0.5839	8.9	1.1
4885	1988	73	5184	0	2.3	0.5976	6.9	1.4
4885	1988	74	12355.2	-0.7	4.8	0.5807	6.9	0.2
4885	1988	75	3456	0	7.5	0.751	5.2	10.4
4885	1988	76	6739.2	5	8.5	0.8761	8.4	6.7
4885	1988	77	11318.4	1.5	5.1	0.5573	8.9	1.8
4885	1988	78	13910.4	0.5	4.5	0.5265	3.6	0
4885	1988	79	5356.8	-0.6	6.8	0.5723	5.1	9.3
4885	1988	80	3715.2	3.4	9.2	0.9066	4.9	1.8
4885	1988	81	3801.6	4.7	8.8	0.945	3.6	9.4
4885	1988	82	3801.6	1.8	5	0.7327	4	10.1
4885	1988	83	3888	2	7.6	0.7998	2.5	6.5
4885	1988	84	8035.2	4.2	9.7	0.8383	6.7	11.2
4885	1988	85	6566.4	3.8	8.7	0.8369	6.4	4.3
4885	1988	86	6134.4	4.1	7.8	0.7732	7.1	7.6
4885	1988	87	4838.4	4.9	7	0.8477	8	0.7
4885	1988	88	6652.8	4.2	7.4	0.7283	4.4	1.6
4885	1988	89	4233.6	5	7.7	0.8906	4.2	1.1
4885	1988	90	8812.8	4.8	11.6	0.826	3.8	0.4
4885	1988	91	8553.6	6	10.3	0.8773	3.1	0
4885	1988	92	4406.4	5.1	7.1	0.8754	4.7	0
4885	1988	93	16329.6	3.1	8.6	0.8604	2.6	0
4885	1988	94	9331.2	3.6	6.8	0.7782	2.4	0
4885	1988	95	12009.6	3.6	8.4	0.7665	3.2	0
4885	1988	96	8985.6	3.3	10	0.7723	3.5	0
4885	1988	97	14774.4	0.6	11.8	0.7866	4.4	0
4885	1988	98	16588.8	3	15.3	0.846	5.3	0
4885	1988	99	9763.2	4.3	10.2	0.8149	6.1	0
4885	1988	100	14428.8	1.8	4.8	0.6347	8	0.7
4885	1988	101	7257.6	0.7	8	0.6084	9.3	0.1
4885	1988	102	12528	5.6	11.1	0.8893	6.9	0
4885	1988	103	13737.6	1.6	9.6	0.791	3.6	0
4885	1988	104	20908.8	2.9	6.8	0.5868	7.3	0
4885	1988	105	19008	0	11.5	0.5053	2.2	0
4885	1988	106	21427.2	3.2	17	0.4694	4.6	0
4885	1988	107	7862.4	6.7	18.7	0.9096	3	0.3
4885	1988	108	11836.8	10.9	15.3	1.3101	2.6	0.7
4885	1988	109	19267.2	7.9	16.8	1.1614	2.2	0
4885	1988	110	17020.8	9.5	22.6	1.2387	2.5	0
4885	1988	111	14774.4	10.2	18.5	1.1759	6.8	0
4885	1988	112	11491.2	7.6	14	1.0613	8	0.4
4885	1988	113	16675.2	4.3	7.6	0.5869	7.9	0
4885	1988	114	21945.6	1.2	6	0.4111	4.8	0
4885	1988	115	23500.8	0.2	6.3	0.4396	3.7	0.1
4885	1988	116	18057.6	3.4	7.5	0.6029	4	0
4885	1988	117	23328	1.5	10.2	0.4811	3.2	0
4885	1988	118	23068.8	0.5	12	0.5041	5.2	0
4885	1988	119	10713.6	2.3	9.3	0.7099	5	3.2
4885	1988	120	17366.4	5.4	15.6	0.888	3.2	0
4885	1988	121	19008	7.7	19.2	0.8628	2.4	0
4885	1988	122	19526.4	9.3	22.1	0.9797	2.8	0.1
4885	1988	123	14947.2	12.1	17.8	1.2563	3.3	0
4885	1988	124	12096	9.8	17.2	1.1283	4	0
4885	1988	125	13305.6	10.6	15.1	1.1852	4.9	4.4
4885	1988	126	17452.8	9.6	14.3	1.229	7	0
4885	1988	127	20044.8	8.8	13.1	1.0065	3.6	0
4885	1988	128	23846.4	5.4	19.2	0.9432	4.8	0
4885	1988	129	10627.2	10.8	17.7	0.8438	6.2	0
4885	1988	130	18576	11.6	22.2	0.9805	5.5	0
4885	1988	131	26006.4	8.9	18.4	0.8116	6.5	0
4885	1988	132	25660.8	4.7	18.2	0.8513	5.6	0
4885	1988	133	26092.8	9.6	23.8	1.0821	6.4	0
4885	1988	134	26438.4	11.8	22.6	0.9405	6.2	0
4885	1988	135	26438.4	10.1	23.5	0.9744	6.5	0
4885	1988	136	26956.8	10.3	23.2	0.9332	6.5	0
4885	1988	137	26784	8	24.2	0.9137	5.1	0
4885	1988	138	22118.4	9	18.5	1.1625	5.2	0
4885	1988	139	21686.4	8.2	11	0.8362	5	0
4885	1988	140	17452.8	7.4	12.9	0.8799	2.7	9.6
4885	1988	141	15984	6.6	9.8	0.8803	6.2	2.3
4885	1988	142	23587.2	7.3	11.3	0.8429	7.4	0
4885	1988	143	21772.8	8.5	13.8	0.9935	4	0
4885	1988	144	27648	6.5	18.2	0.7742	3.9	0
4885	1988	145	19526.4	9.8	18.2	1.1815	4	0.1
4885	1988	146	23846.4	10.8	24.9	1.3473	3.1	0
4885	1988	147	25401.6	14.2	27.3	1.2223	4.5	0
4885	1988	148	23673.6	17.3	27.6	1.6272	4.5	1.6
4885	1988	149	23241.6	15.5	26.5	1.9611	3	15.4
4885	1988	150	16848	13	21.7	1.444	4.1	0.2
4885	1988	151	23155.2	10.5	21	1.1437	4	0.9
4885	1988	152	15552	11	16.2	1.2913	8.5	26.4
4885	1988	153	11232	10.2	15.5	1.2445	7.4	7
4885	1988	154	14601.6	10.4	16.2	1.2816	4.9	4.3
4885	1988	155	19094.4	13.4	18	1.3716	5.7	0
4885	1988	156	14774.4	11.6	16.7	1.2576	4.5	3.8
4885	1988	157	23932.8	10.4	14.2	1.0004	3.9	0
4885	1988	158	13219.2	10.8	14.7	1.0745	3.6	6.2
4885	1988	159	6652.8	12	15.3	1.4672	2	3.1
4885	1988	160	6739.2	14.1	17	1.6761	2.1	0.5
4885	1988	161	6739.2	14.8	17.5	1.7232	2.9	0.1
4885	1988	162	14083.2	14	18.3	1.6865	4.7	0
4885	1988	163	20044.8	12.4	16.8	1.1453	6.6	0
4885	1988	164	29980.8	8	19.6	0.7092	5.6	0
4885	1988	165	26870.4	10.7	17.7	1.1484	4.6	0
4885	1988	166	8812.8	13.2	15.7	1.3315	5.4	0
4885	1988	167	9417.6	13.6	16	1.3619	3.4	0
4885	1988	168	9676.8	13.4	14.8	1.0767	3.2	0
4885	1988	169	26179.2	14.2	19	1.5091	4.4	0
4885	1988	170	11836.8	13.7	15.3	1.2369	5.1	0
4885	1988	171	9936	13.3	14.7	1.1656	7.6	0
4885	1988	172	11836.8	13.4	15.9	1.2988	6.1	0
4885	1988	173	18921.6	11.5	17.3	1.3764	4.4	1.9
4885	1988	174	12182.4	10.4	15.7	1.3209	7.6	10
4885	1988	175	13478.4	10.4	15.2	1.1223	10	0
4885	1988	176	7430.4	13.5	15	1.3469	6.2	0
4885	1988	177	6739.2	12.8	15	1.4595	3.3	0.7
4885	1988	178	13651.2	13.8	20.5	1.6798	1.9	0
4885	1988	179	12528	15.4	18.7	1.7663	2.5	0
4885	1988	180	16070.4	14.4	22.6	1.6585	2.9	0
4885	1988	181	14688	16	20.4	1.7111	3	0
4885	1988	182	15638.4	15	22.8	1.7441	2.7	0
4885	1988	183	12700.8	16.6	23.2	1.9254	4.1	1.9
4885	1988	184	21600	12	20.6	1.203	5.9	3.9
4885	1988	185	19440	12.4	19.8	1.2609	5.6	0.3
4885	1988	186	24710.4	16.1	23.9	1.4238	5.7	0
4885	1988	187	12441.6	15.8	23.2	1.6973	5.1	0.9
4885	1988	188	23068.8	12.3	21.7	1.5479	5.2	5.2
4885	1988	189	14083.2	14.5	20.2	1.721	4.1	3.2
4885	1988	190	13219.2	13.4	19	1.508	4.3	3.3
4885	1988	191	16416	12.9	16.9	1.4384	4.9	2.4
4885	1988	192	17539.2	11.5	22.8	1.2501	5.2	0
4885	1988	193	11491.2	15.4	21.3	1.7484	4.7	12
4885	1988	194	21340.8	12.4	20.5	1.4575	3.5	0
4885	1988	195	13392	12.9	22.1	1.6574	2.7	5.6
4885	1988	196	14515.2	14.4	18.5	1.5883	5.7	3.9
4885	1988	197	11404.8	14.1	17.8	1.5928	6.7	11.8
4885	1988	198	6393.6	12.8	17.2	1.5669	4.4	19.3
4885	1988	199	18144	13.4	18.2	1.5597	3.2	0
4885	1988	200	10540.8	13.7	18.2	1.6109	4.8	0.8
4885	1988	201	21081.6	13	18.4	1.3894	4.7	0
4885	1988	202	10800	14	19.5	1.7331	4.5	1.4
4885	1988	203	6307.2	14.3	18	1.6499	2.1	4.8
4885	1988	204	6307.2	16.2	20.6	1.9651	5.2	25.5
4885	1988	205	16243.2	17	25.8	2.2641	4.6	0.6
4885	1988	206	8726.4	16.4	22	1.888	4.7	1
4885	1988	207	23587.2	12.5	23.5	1.3189	6	0.7
4885	1988	208	6134.4	14.1	20.2	1.758	4.3	4.8
4885	1988	209	19353.6	12.7	20.3	1.4059	4.7	1
4885	1988	210	18316.8	11.7	21.2	1.1959	3.9	1.4
4885	1988	211	20563.2	14.1	18.7	1.3411	7.3	0
4885	1988	212	20390.4	12.6	19	1.2728	8	0
4885	1988	213	12700.8	12	18.7	1.4109	6	6.8
4885	1988	214	12787.2	13.2	21.2	1.548	2.1	0
4885	1988	215	24710.4	12.9	17.2	1.2131	4.1	0.3
4885	1988	216	23846.4	12.5	16.2	1.0943	4.5	0.1
4885	1988	217	7171.2	11.7	17.9	1.3955	6.4	0
4885	1988	218	16848	12.6	20	1.3326	5.7	0
4885	1988	219	18576	16.4	23.5	1.9081	4.6	0
4885	1988	220	22982.4	15.6	20.7	1.685	3.3	0
4885	1988	221	22550.4	13.9	22.5	1.6485	3.2	0
4885	1988	222	19353.6	15.2	24.5	1.827	3	0
4885	1988	223	15811.2	16.8	22.5	1.8045	2.8	15.5
4885	1988	224	9331.2	16.6	20.4	1.7436	3.9	0
4885	1988	225	7862.4	14.1	21.8	1.4996	5.6	0.2
4885	1988	226	17625.6	14.9	19.6	1.5136	7.3	0
4885	1988	227	16416	13	25.2	1.4348	3.6	0
4885	1988	228	15379.2	14.4	21	1.5571	6.4	0
4885	1988	229	19008	11.1	18.5	1.3115	5.6	0
4885	1988	230	20304	13.2	17.7	1.2972	5.4	0
4885	1988	231	20563.2	10.8	23.2	1.2383	2.3	0.1
4885	1988	232	7689.6	15.3	20.8	1.6951	4.7	15.1
4885	1988	233	17971.2	13.4	19.8	1.5657	7	1
4885	1988	234	10800	12.8	18	1.4504	7.2	0.3
4885	1988	235	12009.6	13.7	17.4	1.4644	5.2	0.2
4885	1988	236	7603.2	12.6	16	1.3187	4.2	0.6
4885	1988	237	13305.6	12.2	18.7	1.3849	5.3	2
4885	1988	238	11059.2	13	17.2	1.457	5.8	2.5
4885	1988	239	12355.2	12.1	16.5	1.4164	8.2	8.1
4885	1988	240	11664	9.6	18.4	1.3891	4	0.6
4885	1988	241	16934.4	16.7	24.5	2.0104	4.9	7
4885	1988	242	16243.2	13.2	18.8	1.3981	5.4	0
4885	1988	243	12873.6	10.6	18.2	1.3436	4.9	0.3
4885	1988	244	12700.8	13.3	21.4	1.3847	3.1	0.8
4885	1988	245	8121.6	11.9	21.3	1.4714	4	2
4885	1988	246	8899.2	13.6	18.4	1.3618	7	0
4885	1988	247	11750.4	10.8	17.3	1.2815	6.1	0.3
4885	1988	248	15033.6	10.9	18.1	1.2699	4.5	0
4885	1988	249	7257.6	11	18	1.3193	3	0.1
4885	1988	250	16934.4	12.5	16.9	1.3532	5.2	0
4885	1988	251	17280	9.2	20.3	1.1564	2.1	0
4885	1988	252	15379.2	11.6	20.6	1.1512	3.2	0
4885	1988	253	16848	10.1	22.2	1.1732	2.9	0
4885	1988	254	13651.2	12.1	17.4	1.3743	2.9	1.7
4885	1988	255	6825.6	13.4	18.8	1.5167	6.1	1
4885	1988	256	8553.6	10.6	15.6	1.265	8.2	4.2
4885	1988	257	10195.2	10.2	15.6	1.2188	7.3	4.7
4885	1988	258	6307.2	10.4	15.5	1.2526	4.4	5.4
4885	1988	259	9504	10.7	15.5	1.2951	3.8	1.5
4885	1988	260	5961.6	12.9	15.8	1.4536	6.2	3.6
4885	1988	261	5184	13.9	15.6	1.4078	7.1	0.1
4885	1988	262	11836.8	13.8	15.9	1.4675	9.1	0.1
4885	1988	263	5788.8	13.9	16.5	1.4319	5.9	0
4885	1988	264	3456	13.4	15	1.3425	4.4	0
4885	1988	265	3369.6	12.4	14	1.2581	3.1	0
4885	1988	266	10108.8	10.3	17.8	1.2174	3.5	0
4885	1988	267	7603.2	11.3	16.5	1.2215	8.5	6.2
4885	1988	268	9072	11.2	14.9	1.1558	11.5	2.2
4885	1988	269	12268.8	9.6	16	1.1666	5.5	0.2
4885	1988	270	3196.8	12.9	17	1.4939	9.1	2.4
4885	1988	271	3110.4	12	16.3	1.5317	6.4	4.6
4885	1988	272	6048	14.4	17	1.425	9.2	2
4885	1988	273	11836.8	9.7	14.5	1.1988	9.5	0.1
4885	1988	274	11923.2	8.2	13.3	1.0448	5.1	0
4885	1988	275	10368	6.7	14.7	0.9257	1.7	0
4885	1988	276	11836.8	5.5	15.9	0.8871	3.5	0
4885	1988	277	11232	5.4	16.5	1.0327	3.1	0
4885	1988	278	2764.8	11	14	1.2308	1.8	0
4885	1988	279	5011.2	9.8	14.6	1.2352	3.8	0.2
4885	1988	280	3369.6	9.3	13.4	1.2349	8	8.9
4885	1988	281	7344	7.4	12.9	0.9915	12.1	13.2
4885	1988	282	6048	8.5	12	1.0231	11.7	19.3
4885	1988	283	2505.6	9.4	13.8	1.2555	11.2	6.5
4885	1988	284	6652.8	8.2	13.1	1.0635	7.7	0
4885	1988	285	7776	4.4	11.9	0.8773	3.5	0.1
4885	1988	286	2419.2	9.5	10.9	1.1316	3.3	9
4885	1988	287	6393.6	9.6	16.2	1.308	2.3	0
4885	1988	288	2332.8	9.6	13	1.2442	2.9	0
4885	1988	289	2246.4	10.6	13	1.286	3.6	0
4885	1988	290	2246.4	9.4	11.4	1.0838	3.2	0
4885	1988	291	3888	8	12.5	1.1478	2.5	0
4885	1988	292	4233.6	6.5	13	1.098	3.5	0
4885	1988	293	2073.6	8.1	10.6	0.9749	5.4	2.1
4885	1988	294	3110.4	7.9	11.2	0.9048	5.4	0.3
4885	1988	295	2073.6	9.5	11.4	1.138	3	0
4885	1988	296	4060.8	9.2	13.4	1.2442	1.3	1
4885	1988	297	1987.2	10.5	11.8	1.2849	1.6	0
4885	1988	298	1900.8	7.5	11.4	0.9579	2.6	0
4885	1988	299	1900.8	3.9	9	0.7328	4.2	0
4885	1988	300	1814.4	1.9	10.2	0.7035	5.1	0
4885	1988	301	5184	9.3	17.6	1.1247	7.9	0
4885	1988	302	4752	8.6	13.8	1.0367	8.6	1.1
4885	1988	303	4838.4	5	10.3	0.8584	6.1	2.9
4885	1988	304	4406.4	3.7	7.3	0.7133	3.3	1.5
4885	1988	305	4752	4.6	9.8	0.8122	5.2	0.5
4885	1988	306	2073.6	6.4	10	0.9129	8.6	4.9
4885	1988	307	5961.6	2.3	9.7	0.645	5.7	0
4885	1988	308	6652.8	0.2	3.4	0.487	1.9	0
4885	1988	309	6566.4	-2.2	5.3	0.4647	3.3	0
4885	1988	310	4579.2	-2.3	3.5	0.4978	3.9	0
4885	1988	311	2851.2	2	7.9	0.7821	5	0
4885	1988	312	1468.8	4.4	8.2	0.8971	2.5	0.1
4885	1988	313	3196.8	2.3	7.2	0.677	4.3	0
4885	1988	314	4406.4	0	6	0.538	6.3	10.1
4885	1988	315	1382.4	3.7	10.5	0.8671	3.6	2.3
4885	1988	316	1382.4	9.4	12.3	1.2726	3.1	0.5
4885	1988	317	1296	8.1	10.6	1.1394	1	1.9
4885	1988	318	3369.6	7.2	8.8	0.9435	7.1	6.3
4885	1988	319	1296	6.6	9.4	1.0293	6.8	5
4885	1988	320	2592	8.4	10	1.0931	5.4	0.3
4885	1988	321	1900.8	6.6	10	0.9957	4.5	0
4885	1988	322	4147.2	5.1	11.1	0.8744	4.8	1.4
4885	1988	323	1209.6	5.5	10.3	0.9371	7.2	4.5
4885	1988	324	2419.2	1.4	5.7	0.6933	2.8	6.5
4885	1988	325	3974.4	-0.6	2.8	0.569	2.8	0
4885	1988	326	4924.8	-1.9	0.8	0.3933	3.1	0.1
4885	1988	327	1123.2	-3.3	3.7	0.5827	5.6	8.1
4885	1988	328	1814.4	3.5	7.2	0.8132	4.4	1
4885	1988	329	1036.8	6.5	8.5	0.9015	6.9	0.2
4885	1988	330	1296	7.2	9	0.9715	7.3	0.3
4885	1988	331	1555.2	6.6	8.2	0.8645	5.7	2.1
4885	1988	332	1900.8	5	7	0.7759	3.6	0.4
4885	1988	333	1036.8	4.2	7.5	0.8419	9.9	2.8
4885	1988	334	2332.8	1.3	9.1	0.6544	9.2	0.1
4885	1988	335	950.4	-2.8	1.7	0.4813	6.9	6.4
4885	1988	336	950.4	-3	-1.5	0.4144	7.5	0.8
4885	1988	337	950.4	-3.4	-2	0.3958	5.3	0
4885	1988	338	864	-2.9	0.5	0.4982	3.5	5.4
4885	1988	339	1036.8	-0.8	6.2	0.6899	6.4	6.7
4885	1988	340	2246.4	4.3	7	0.7664	9.9	1
4885	1988	341	1728	3.2	6.4	0.7224	7.1	3
4885	1988	342	3542.4	2.5	5.8	0.6821	4	0
4885	1988	343	864	2.2	7.2	0.8113	6.7	3.8
4885	1988	344	2160	4	7.2	0.8092	5.2	2.5
4885	1988	345	864	4.7	8.9	0.9285	8.3	0.3
4885	1988	346	864	7.6	9	0.952	9.6	1.9
4885	1988	347	864	5.2	9	0.8772	7.5	0.2
4885	1988	348	1209.6	4.6	7.8	0.8625	6.8	0.2
4885	1988	349	864	4.6	6.9	0.7625	7	0
4885	1988	350	1814.4	1.7	5.1	0.5067	1.5	0.1
4885	1988	351	777.6	0.8	3.7	0.6466	5.6	1.9
4885	1988	352	2592	2.4	6.5	0.7637	5.5	2.3
4885	1988	353	777.6	4.7	9.2	0.9181	8.2	11.2
4885	1988	354	1123.2	6	9.1	0.8838	8.7	0.6
4885	1988	355	2332.8	0.6	6	0.6502	3.7	0.3
4885	1988	356	777.6	1.6	8.6	0.8518	6.9	0.9
4885	1988	357	777.6	8	9.3	0.986	8.7	5.4
4885	1988	358	777.6	7.9	9.7	0.9621	10.6	1.5
4885	1988	359	2505.6	5.6	9	0.7871	12.2	0.1
4885	1988	360	864	2.9	9.1	0.8787	5.7	0.4
4885	1988	361	1123.2	8.6	9.7	1.0083	7	0
4885	1988	362	2332.8	6	10.1	0.9467	8.5	2
4885	1988	363	864	4.8	9.4	0.9578	5.6	0
4885	1988	364	864	6.4	9.7	0.9682	6.7	0
4885	1988	365	864	5.5	7.2	0.8906	6.4	0.1
4885	1988	366	2678.4	5	7.5	0.913	3.1	0.5
