*---------------------------------------------------------------------------*
* Station name: BREMERHAVEN                             
* Year: 2010
* Author: Pedro Alencar                                   -999.000: NIL VALUE
* Source: ECAD 
* Comments: 
* Longitude: 53.5344, latitude: 53.5344, altitude: 7 m.
*
* Column  Daily value
* 1       station number
* 2       year
* 3       day
* 4       irradiation                   (kJ m-2 d-1)
* 5       minimum temperature           (degrees Celsius)
* 6       maximum temperature           (degrees Celsius)
* 7       early morning vapour pressure (kPa)
* 8       mean wind speed (height: 2 m) (m s-1)
* 9       precipitation                 (mm d-1)
*
** WCCDESCRIPTION=GERMANY, BREMERHAVEN                             
** WCCFORMAT=2
** WCCYEARNR=2010
*---------------------------------------------------------------------------*
   53.5344  8.5769    7.  -0.18 -0.55
4885	2010	1	864	-3.8	-0.1	0.4131	4.4	0
4885	2010	2	864	-7.8	-2.3	0.3654	2.2	0.3
4885	2010	3	864	-9.8	-2.4	0.3489	2.3	0
4885	2010	4	864	-7	-1.9	0.4219	6.1	0.5
4885	2010	5	864	-3	-0.6	0.5088	5.5	0.8
4885	2010	6	864	-5	-0.7	0.4608	3.6	0.4
4885	2010	7	1987.2	-5.4	-2.4	0.4031	2.6	0.1
4885	2010	8	2592	-6.1	-2	0.4031	4.8	0
4885	2010	9	950.4	-5.4	0.2	0.4341	8.3	0.4
4885	2010	10	950.4	-0.5	1	0.5786	7.5	0.3
4885	2010	11	950.4	-1.4	0.6	0.5163	5.9	0.1
4885	2010	12	950.4	-5.2	-0.1	0.4174	4.1	0
4885	2010	13	950.4	-5.4	-0.9	0.4167	6.7	0
4885	2010	14	1036.8	-0.9	0	0.4908	4.8	0
4885	2010	15	1036.8	-1.9	-0.1	0.5055	3.4	0
4885	2010	16	1036.8	-1.2	-0.1	0.5012	5.8	0.6
4885	2010	17	1036.8	-2.3	0.2	0.5263	3.5	0.7
4885	2010	18	1036.8	-0.6	2.7	0.6526	2.8	3.3
4885	2010	19	1123.2	-0.2	2.6	0.6464	4.2	0.3
4885	2010	20	1123.2	-0.7	1	0.5806	4.1	0
4885	2010	21	1123.2	-6.3	-0.7	0.439	4.6	0
4885	2010	22	3110.4	-6.9	-3.2	0.3654	4.6	0
4885	2010	23	1209.6	-8.6	-4.4	0.3234	5	0
4885	2010	24	1209.6	-9	-6.9	0.2756	5.3	0
4885	2010	25	3110.4	-10.1	-5.6	0.2608	4.7	0
4885	2010	26	5356.8	-11.3	-2.8	0.2307	2.7	0
4885	2010	27	1296	-7.6	3.2	0.4056	7.9	3.3
4885	2010	28	2592	-0.5	2.3	0.6	9.1	3.3
4885	2010	29	1296	-1	0.5	0.576	5.1	3.4
4885	2010	30	2332.8	-6.1	-0.6	0.4105	4.7	2.5
4885	2010	31	1382.4	-2.6	1.2	0.5632	7.5	1.2
4885	2010	32	1382.4	-4.3	1.1	0.5	6.2	0.7
4885	2010	33	1382.4	-3.3	1.5	0.5321	8.6	8.1
4885	2010	34	4924.8	-1.5	2.7	0.568	8.1	0.4
4885	2010	35	1728	-1.6	3.2	0.628	3.4	0.7
4885	2010	36	1814.4	0.4	3.2	0.6122	5.3	0
4885	2010	37	1555.2	-2.5	0.5	0.4885	4.7	0
4885	2010	38	1555.2	-7.7	-2.5	0.3682	4.8	0
4885	2010	39	1641.6	-9	-3.7	0.3233	3.8	0
4885	2010	40	1641.6	-5.2	-3.5	0.372	3.7	0.1
4885	2010	41	1641.6	-4.8	-1.6	0.4586	4.9	1.3
4885	2010	42	6998.4	-5.1	-1.5	0.4025	5.5	0
4885	2010	43	4233.6	-5.5	-1.4	0.398	4.7	0
4885	2010	44	1814.4	-3.7	-1.4	0.4357	3.7	0.2
4885	2010	45	2332.8	-6.3	-1.2	0.4077	2.1	0
4885	2010	46	5184	-10.4	-3	0.3332	2.7	0
4885	2010	47	6998.4	-4.6	0.4	0.4191	4.3	0
4885	2010	48	7257.6	-7.9	-0.5	0.3583	4.6	0
4885	2010	49	1987.2	-0.7	2	0.57	4.3	0.6
4885	2010	50	2937.6	1.4	5.7	0.6775	4.7	0.9
4885	2010	51	2851.2	-1	2.4	0.5592	9.6	0.4
4885	2010	52	5097.6	-1.9	3	0.5786	4.5	2.2
4885	2010	53	2073.6	0.4	4.3	0.6946	3.6	8.4
4885	2010	54	2160	-1.7	1.2	0.546	4.4	0.2
4885	2010	55	2160	-2.1	3	0.5997	5.1	2.1
4885	2010	56	2592	3	7.2	0.8343	5.2	3.2
4885	2010	57	4492.8	3.9	11.1	0.9326	5.3	3.5
4885	2010	58	5270.4	4.1	6.6	0.7595	8.7	0.6
4885	2010	59	2764.8	1.2	8.1	0.7319	5.1	13.7
4885	2010	60	7603.2	1.3	5.2	0.6864	10.6	1.4
4885	2010	61	7776	1.3	4.6	0.6796	8.3	0.5
4885	2010	62	7430.4	0.2	4.4	0.6417	7	0
4885	2010	63	11059.2	-1.6	3.1	0.4903	4.9	0.1
4885	2010	64	9244.8	-1.9	3.5	0.4921	5.4	5.4
4885	2010	65	11750.4	-4	0.9	0.3982	5.7	0
4885	2010	66	9936	-4.8	1.7	0.4201	4	1.1
4885	2010	67	3024	-2.2	1.7	0.522	2.9	0
4885	2010	68	10454.4	-6.2	1.5	0.4834	2	0
4885	2010	69	3110.4	-4.7	1	0.4749	2.9	0
4885	2010	70	3974.4	-1.4	4.6	0.6446	4.6	0.3
4885	2010	71	3283.2	3.3	5.2	0.7613	8.1	1.9
4885	2010	72	6739.2	2.3	5.7	0.7562	12.2	1.4
4885	2010	73	4752	1.9	5.8	0.7322	12	0.7
4885	2010	74	3801.6	0.8	4.6	0.6973	6.4	8.1
4885	2010	75	7862.4	0.6	4.7	0.68	5	0.1
4885	2010	76	9676.8	3.9	10.4	0.8296	5.9	0
4885	2010	77	12182.4	4.4	13.7	0.8518	4.7	0
4885	2010	78	6566.4	8.3	12.8	1.0438	6.6	4.2
4885	2010	79	3715.2	9	12.5	1.2383	6.3	9.2
4885	2010	80	12614.4	4.9	11.5	0.9999	6.5	0.3
4885	2010	81	10713.6	2.7	12	0.841	4	0.3
4885	2010	82	13305.6	5.6	10.9	0.8833	5.5	0
4885	2010	83	12873.6	5.6	15.9	0.8514	4.8	0
4885	2010	84	14688	8.2	20.3	0.9736	4.3	0.1
4885	2010	85	5702.4	6.1	15.4	1.0319	4.5	11.4
4885	2010	86	4752	6	10.6	0.9848	6.3	0.8
4885	2010	87	9158.4	4.8	10.8	0.8567	7.4	0.5
4885	2010	88	11664	5.3	9.3	0.8688	4.5	0
4885	2010	89	11923.2	6.7	16.2	1.0675	4.9	4.9
4885	2010	90	15465.6	4.8	13	0.7521	7.2	0.5
4885	2010	91	8553.6	2.8	7.4	0.7465	9.9	1.8
4885	2010	92	17366.4	3	12.6	0.6029	6.1	0
4885	2010	93	8553.6	5.5	12.8	0.8344	4.4	5.6
4885	2010	94	8467.2	6.5	11.9	0.9884	3.7	7.2
4885	2010	95	7516.8	5.1	10.9	0.8899	5.1	0.4
4885	2010	96	15897.6	6.4	15.1	0.8127	4	0
4885	2010	97	18316.8	7.4	17.9	0.775	5.1	0
4885	2010	98	7430.4	5.7	12.2	0.9948	5.1	0.8
4885	2010	99	15552	5.4	10.4	0.9477	5.4	0
4885	2010	100	15206.4	6	8.6	0.8382	7	0
4885	2010	101	8121.6	5.1	8.4	0.7875	5.2	0
4885	2010	102	20649.6	5	13.8	0.825	6.3	0
4885	2010	103	20649.6	4.3	12.1	0.8912	4.9	0
4885	2010	104	19958.4	4.4	13	0.7195	5.3	0
4885	2010	105	21168	4.5	11.8	0.7907	5.6	0
4885	2010	106	15811.2	6.2	8.1	0.7993	9.2	0
4885	2010	107	21772.8	3	14	0.8651	6.1	0
4885	2010	108	22204.8	4.7	15.4	0.9726	4.3	0
4885	2010	109	20995.2	4	8.2	0.6495	4.1	0
4885	2010	110	10108.8	3.8	10.9	0.7692	6.8	4.2
4885	2010	111	15379.2	3.1	8.1	0.7183	12.1	2.1
4885	2010	112	19440	3.4	8.3	0.7216	6.4	0
4885	2010	113	23155.2	2.8	12.3	0.759	4	0
4885	2010	114	20131.2	6.8	14.4	0.8174	3	0
4885	2010	115	21859.2	6.7	23	0.8097	4.7	0.1
4885	2010	116	8812.8	9.3	16.3	1.2847	5.9	5.2
4885	2010	117	20995.2	8.4	13.2	1.1389	4.7	0
4885	2010	118	21513.6	7.4	20	1.0805	2.7	0
4885	2010	119	20217.6	13.6	21.4	1.2581	3.8	4.1
4885	2010	120	9936	8.6	15.8	1.1784	6.4	0
4885	2010	121	12009.6	7.5	12.8	1.0906	6.2	6
4885	2010	122	15552	5.7	12.3	0.7916	3.6	3.7
4885	2010	123	5875.2	6.2	9.2	0.8509	5.5	0
4885	2010	124	17971.2	6.5	8.9	0.7563	7.2	0.1
4885	2010	125	24624	5.3	11.6	0.7185	3.8	0
4885	2010	126	12873.6	3.9	11.4	0.8061	6.8	4.3
4885	2010	127	6048	5.2	7.9	0.9126	5.5	1.2
4885	2010	128	6134.4	6.7	9.7	1.0325	3.2	0.8
4885	2010	129	9763.2	7.1	9.5	0.9301	4.1	0
4885	2010	130	18489.6	6.2	9.6	0.7135	4.3	0.1
4885	2010	131	12009.6	5.7	10.2	0.6945	3.7	3.9
4885	2010	132	6220.8	5.7	8.3	0.9113	4.3	2.1
4885	2010	133	9763.2	7.3	9.3	0.9082	5	0.1
4885	2010	134	23500.8	6.9	9.8	0.8564	4.7	0
4885	2010	135	17712	7.8	10.9	0.9045	9.3	0
4885	2010	136	24019.2	8.5	13	0.9416	9.5	0
4885	2010	137	22550.4	7	12.9	1.0272	5.7	0
4885	2010	138	16416	9.3	10.8	1.0095	10.9	0
4885	2010	139	6480	9.2	10.9	1.0957	10.6	0
4885	2010	140	22550.4	9.2	13.2	1.0367	7.4	0
4885	2010	141	23500.8	6.6	14	1.1392	6.5	0
4885	2010	142	18748.8	9.8	13.6	1.3188	7.3	0
4885	2010	143	20217.6	10.4	16.5	1.4636	6.3	0
4885	2010	144	12441.6	10.7	17.2	1.4483	6.8	0
4885	2010	145	24451.2	8.7	12	0.9169	9.1	0
4885	2010	146	18748.8	7.9	13.1	0.8373	4.1	0
4885	2010	147	14256	8.1	15.1	0.9143	2.9	0.4
4885	2010	148	23241.6	9.2	17	1.1294	5.4	0.3
4885	2010	149	24969.6	5.9	19.1	0.7964	4	0
4885	2010	150	9590.4	11	17.8	1.3928	5.3	12.4
4885	2010	151	14083.2	11.3	17.4	1.3719	5.4	0
4885	2010	152	25315.2	12.4	18	1.2939	5.2	0
4885	2010	153	21772.8	10.7	18.9	1.2274	4.7	0
4885	2010	154	28339.2	12.2	18.1	1.2897	6.1	0
4885	2010	155	24364.8	11.4	13.9	1.1844	4.9	0
4885	2010	156	25488	10.7	17.8	1.2657	3.1	0
4885	2010	157	23846.4	10.4	25.6	1.257	3.3	0.3
4885	2010	158	8726.4	13.3	18.2	1.5726	6.9	2.1
4885	2010	159	13910.4	11.7	22.1	1.5573	2.8	9.7
4885	2010	160	8467.2	16	19.6	1.8112	2.6	2.2
4885	2010	161	11750.4	16.8	21.4	1.9867	3.1	7
4885	2010	162	14774.4	13.1	22.5	1.7908	7.2	3.5
4885	2010	163	24019.2	12.3	16.9	1.3445	9.3	0.4
4885	2010	164	12528	12.2	14.6	1.1057	6	0.1
4885	2010	165	13824	11.5	17.4	1.2	3.5	0
4885	2010	166	14947.2	11.5	13.7	1.0931	6.6	0
4885	2010	167	29462.4	11.6	20.2	1.2088	3.6	0
4885	2010	168	29289.6	10.5	21	1.2688	4.5	0
4885	2010	169	10108.8	10.2	14.7	1.1834	8.6	1.7
4885	2010	170	10108.8	10.3	13.5	1.1136	10.2	1.3
4885	2010	171	16156.8	10.9	15.1	1.1969	7.7	0
4885	2010	172	25747.2	10.4	15.9	1.1633	4.8	0
4885	2010	173	28944	10.4	16.7	1.2096	3.3	0
4885	2010	174	25228.8	10.9	20.6	1.233	2.4	0
4885	2010	175	27388.8	13.7	22.8	1.4025	3	0
4885	2010	176	26438.4	14.6	17.9	1.5497	5.8	0
4885	2010	177	28339.2	13.3	19.2	1.3283	3.8	0
4885	2010	178	29462.4	11.3	24.3	1.4245	3.8	0
4885	2010	179	29289.6	16.3	28.2	1.4736	3.6	0
4885	2010	180	25660.8	17	22.6	1.7061	4.2	0
4885	2010	181	21945.6	14.8	20.7	1.5215	4.1	0
4885	2010	182	19785.6	13.1	27.7	1.5312	3.2	0
4885	2010	183	24796.8	19.7	33	1.8146	3.4	0
4885	2010	184	25315.2	19.1	34.1	2.1194	5	1
4885	2010	185	27302.4	18.4	22.9	1.7007	5.5	0
4885	2010	186	17452.8	15.4	23.3	1.6591	5.3	0
4885	2010	187	22032	14.2	19.3	1.4855	7.3	1.1
4885	2010	188	26956.8	12.2	25.1	1.202	3.4	0
4885	2010	189	20649.6	18.9	29.8	1.642	3	0
4885	2010	190	24969.6	19.2	33.3	1.9401	2.7	0
4885	2010	191	27648	20.6	30.8	2.2405	3.6	4.2
4885	2010	192	20044.8	20	28.3	2.1933	4.1	0
4885	2010	193	24105.6	20.4	33.7	2.6399	4.6	2.4
4885	2010	194	25401.6	17.4	25.1	1.7897	5.5	0
4885	2010	195	22809.6	20	31.4	1.8452	4.5	2.7
4885	2010	196	22032	17.7	24.5	1.5985	8	0
4885	2010	197	26179.2	16.7	29.3	1.5701	5.5	11.8
4885	2010	198	20563.2	15.6	23.9	1.7697	4.5	0.1
4885	2010	199	24969.6	14.7	23.2	1.3996	3.9	0
4885	2010	200	27302.4	15.7	27.5	1.3649	3.5	0
4885	2010	201	26179.2	17.7	29.7	1.2868	3.6	0
4885	2010	202	23241.6	19.2	32	1.8998	4.7	5.5
4885	2010	203	11923.2	17.6	23.3	1.7999	4.1	0
4885	2010	204	13996.8	17	22.1	1.6798	3.1	0
4885	2010	205	20217.6	16	18.2	1.3825	8.7	0.1
4885	2010	206	24364.8	15.2	19	1.2851	6.7	0
4885	2010	207	15552	14.6	20	1.4986	4	2.1
4885	2010	208	23414.4	16.5	21	1.5551	3.4	3.1
4885	2010	209	18057.6	15.6	19.2	1.6272	6.2	5.5
4885	2010	210	15638.4	14.9	18.7	1.5475	7.9	3.1
4885	2010	211	16156.8	14.1	19.3	1.4428	5.9	0
4885	2010	212	11145.6	13.6	21.7	1.5724	5.3	2
4885	2010	213	13824	17.6	24.4	1.9859	4.2	0
4885	2010	214	11232	15.9	22.4	1.7493	2.9	1.3
4885	2010	215	13478.4	15.1	19.1	1.5577	4.4	0.2
4885	2010	216	9417.6	13.7	22.2	1.6229	4.8	1.4
4885	2010	217	13564.8	13.3	21.7	1.5975	4.4	0
4885	2010	218	23587.2	14	23.3	1.5454	3.1	0
4885	2010	219	21859.2	13.4	25.6	1.471	3.1	0.7
4885	2010	220	13046.4	17.1	22.2	1.8045	2.7	0.3
4885	2010	221	6998.4	16.1	20.4	1.6956	2.5	1.4
4885	2010	222	18835.2	14.2	25.8	1.6573	4.3	1.4
4885	2010	223	13651.2	15.9	21.1	1.7223	5.5	0.3
4885	2010	224	18662.4	15.2	20.4	1.567	3.9	0
4885	2010	225	22118.4	12.9	23.2	1.4264	3.4	0.3
4885	2010	226	16848	16.3	23	1.5989	3.4	0
4885	2010	227	11318.4	16.1	22.5	1.6763	4.7	8.2
4885	2010	228	6307.2	15.5	19	1.6708	2.8	0.8
4885	2010	229	12787.2	14.6	23.1	1.8473	4.1	16.9
4885	2010	230	12700.8	14	21.3	1.6127	8	0.1
4885	2010	231	16329.6	12.7	21	1.4949	6.4	0.4
4885	2010	232	13651.2	14.3	26	1.5313	4.1	0
4885	2010	233	12009.6	17.3	24.4	1.9185	5.2	0
4885	2010	234	9244.8	17.2	23.5	2.0274	6.2	0.6
4885	2010	235	8812.8	16.3	22.4	1.9057	6.7	5.2
4885	2010	236	17452.8	12.6	20	1.3696	11.3	2.6
4885	2010	237	14342.4	13.6	19.3	1.4761	8.2	0.6
4885	2010	238	4924.8	12.9	16.4	1.3655	3.1	3.7
4885	2010	239	7603.2	12.8	16.5	1.4321	5.5	12.7
4885	2010	240	10540.8	11.9	16.5	1.294	7.2	11.1
4885	2010	241	10800	9.3	18	1.3735	7.3	3.8
4885	2010	242	11836.8	9.1	18.1	1.2135	4.6	4.7
4885	2010	243	16848	12.3	16.9	1.2615	5.3	3.1
4885	2010	244	10713.6	13.9	16.5	1.3801	6.2	0.6
4885	2010	245	13651.2	13	17.1	1.384	5.4	0.1
4885	2010	246	14688	10.8	19	1.1169	2.7	0
4885	2010	247	17193.6	10.6	17.9	1.1197	3.2	0
4885	2010	248	18230.4	9.3	18.3	1.0875	4.1	0
4885	2010	249	18230.4	8.6	17.6	0.9638	4.9	0
4885	2010	250	10972.8	9.5	16.7	1.024	6.1	0
4885	2010	251	4147.2	12.7	15.6	1.2898	5.7	16.7
4885	2010	252	4665.6	13.4	16.6	1.5669	3	0.2
4885	2010	253	8467.2	13.2	18.7	1.629	5.6	2.1
4885	2010	254	11577.6	14.3	22.2	1.6537	5.5	0
4885	2010	255	3888	13.8	19	1.6577	3.7	4.8
4885	2010	256	8812.8	12.8	17.3	1.4352	5.4	18.1
4885	2010	257	3801.6	12.6	17.2	1.6076	8.9	12.4
4885	2010	258	12873.6	11.9	16.5	1.294	10.9	3.5
4885	2010	259	8812.8	10.9	16.2	1.3336	8.5	6.8
4885	2010	260	8985.6	10.6	15.2	1.2634	9.3	1.6
4885	2010	261	10368	9.7	14.6	1.2169	7.6	4.7
4885	2010	262	5097.6	8.7	14.6	1.2323	7.9	4.6
4885	2010	263	4320	12.1	15.7	1.4753	7.9	20.5
4885	2010	264	12528	10.3	15.4	1.2297	4.4	0
4885	2010	265	13996.8	8.8	21.1	1.3242	3.1	0
4885	2010	266	12268.8	12.6	22.3	1.5726	3.1	0
4885	2010	267	3283.2	13.6	16.9	1.5922	3.3	5.2
4885	2010	268	11750.4	11.1	15.6	1.0715	5.2	0
4885	2010	269	3196.8	10.7	12.5	1.2555	3.2	28.1
4885	2010	270	3196.8	12.5	14	1.4295	4.3	0.1
4885	2010	271	6566.4	8.2	13.6	1.0162	3.3	0
4885	2010	272	9676.8	6.3	13.2	0.8808	3.1	0
4885	2010	273	11836.8	6.4	13.8	0.9141	4.6	0
4885	2010	274	4147.2	7.5	11.7	0.8959	4.7	0.1
4885	2010	275	2937.6	9.2	13.8	1.1795	5.6	0.3
4885	2010	276	6739.2	13.2	19.7	1.5509	6.2	0
4885	2010	277	5356.8	11.5	18.7	1.3713	5	0
4885	2010	278	10108.8	10.3	19.4	1.4	4.3	0
4885	2010	279	6566.4	13.1	19.3	1.5816	4.1	0.3
4885	2010	280	8380.8	12.9	17	1.5279	2.6	0
4885	2010	281	8812.8	10.1	16.8	1.3096	4.4	0
4885	2010	282	10886.4	8	17.2	1.0785	5.4	0
4885	2010	283	11145.6	5.1	15.2	0.8799	4.8	0
4885	2010	284	7603.2	3.5	11.9	0.9454	3.3	0
4885	2010	285	6652.8	1.9	12.5	0.8832	2	0
4885	2010	286	10368	7.9	12.9	0.92	2.1	0.1
4885	2010	287	2332.8	8.3	13.1	1.0799	6.5	1.6
4885	2010	288	2332.8	9.1	13	1.1843	4.2	9.9
4885	2010	289	6307.2	4.9	9.7	0.7973	6	0.2
4885	2010	290	9072	3.8	10.2	0.741	3.2	0
4885	2010	291	6912	1.5	10.5	0.7665	5.7	3.3
4885	2010	292	7084.8	6.8	12	1.0489	7.6	21.7
4885	2010	293	5961.6	4.2	10.3	0.7946	9.3	9.3
4885	2010	294	5097.6	4.6	10	0.8791	10.3	9.8
4885	2010	295	2073.6	7.8	10.8	1.0419	9.3	7.2
4885	2010	296	4665.6	6.4	9.3	0.8596	8.3	9.5
4885	2010	297	2937.6	6.5	10.1	0.8863	11.6	10.5
4885	2010	298	6825.6	6.3	10.3	0.8535	7.2	5.6
4885	2010	299	3369.6	7.2	9.8	0.9095	5.1	0.6
4885	2010	300	1814.4	6.2	10	0.9715	8.6	2.2
4885	2010	301	1814.4	8.1	11.2	1.1386	8.2	1.9
4885	2010	302	6220.8	7.9	12.3	1.0252	5.5	0
4885	2010	303	2419.2	10.3	14	1.132	4.7	1.6
4885	2010	304	1728	7.4	10.5	1.0977	3.3	1.6
4885	2010	305	1641.6	8.8	9.9	1.0807	2.4	0
4885	2010	306	1641.6	7.9	11.5	1.1184	7.1	1.9
4885	2010	307	2246.4	10.2	12.5	1.1544	9.6	7.5
4885	2010	308	1555.2	9.8	14.1	1.3407	8.7	25.1
4885	2010	309	2332.8	8.5	13.9	1.1828	8.4	11
4885	2010	310	3801.6	5.7	10.6	0.9423	5.4	4.3
4885	2010	311	5011.2	0.9	7.1	0.6586	2.5	0
4885	2010	312	3715.2	-0.3	4.6	0.6063	4.8	0.3
4885	2010	313	1382.4	2.9	5.7	0.764	3.3	0.3
4885	2010	314	1382.4	4.3	6.2	0.772	3.9	0.3
4885	2010	315	3283.2	3.1	8.6	0.8048	8.6	6.8
4885	2010	316	2073.6	7.9	10.4	0.9503	12.9	1.3
4885	2010	317	1728	8	10.4	1.0349	7.2	5.6
4885	2010	318	1296	8	12.5	1.1728	5.2	7.9
4885	2010	319	4233.6	4.9	11.3	0.9391	6.2	0
4885	2010	320	2851.2	2.5	8.8	0.8485	1.8	0
4885	2010	321	1555.2	4.7	6	0.7506	3.8	0.1
4885	2010	322	1209.6	4.4	5.3	0.794	2.6	6
4885	2010	323	1209.6	4.9	6.6	0.8544	3.3	0.1
4885	2010	324	1123.2	1.4	6.6	0.7969	2	0
4885	2010	325	1123.2	5.6	6.3	0.8663	4.2	0
4885	2010	326	2764.8	3.8	6.8	0.7747	5.2	0
4885	2010	327	1296	1.6	4.5	0.6768	6.5	5.1
4885	2010	328	3628.8	0.4	3.2	0.5287	3.5	0
4885	2010	329	1036.8	-2.3	1.2	0.4931	2.6	0
4885	2010	330	1814.4	-2	0.3	0.4996	2	0
4885	2010	331	3110.4	-3.9	-1.5	0.461	2.4	0
4885	2010	332	3456	-5.3	-0.8	0.4296	3.5	0
4885	2010	333	1209.6	-3.2	1.3	0.4903	5.5	0.3
4885	2010	334	2851.2	-5.2	-1.1	0.4167	5.6	0
4885	2010	335	3283.2	-7.5	-4.8	0.251	7.6	0
4885	2010	336	950.4	-4.8	-1.8	0.3977	4.1	3.6
4885	2010	337	950.4	-6.6	-1.9	0.4149	4.7	0.2
4885	2010	338	2592	-6	-0.3	0.4264	7.3	5.1
4885	2010	339	864	-0.9	2.5	0.6151	7.2	2.1
4885	2010	340	864	-1.9	1.1	0.5875	3.5	0.1
4885	2010	341	864	-4.3	-0.9	0.4997	2.1	0.1
4885	2010	342	864	-4.7	-0.8	0.4942	2.2	6.9
4885	2010	343	1382.4	-0.9	3.1	0.602	5.8	5.3
4885	2010	344	1036.8	-2.9	3.5	0.5682	5.5	12.1
4885	2010	345	864	3.3	6.8	0.8139	11.8	2.2
4885	2010	346	1468.8	-3.2	4.6	0.4949	5.9	0
4885	2010	347	1814.4	-4.5	0.3	0.4714	4.5	1.9
4885	2010	348	2851.2	-4	-2	0.4116	3.9	0
4885	2010	349	3456	-7.9	-1.7	0.3681	3.4	0
4885	2010	350	777.6	-7.8	0.4	0.4557	5.7	7.3
4885	2010	351	777.6	-6	-2.6	0.44	2.1	0.5
4885	2010	352	2419.2	-10.1	-3.2	0.3605	1.8	1.4
4885	2010	353	950.4	-11.4	-7.3	0.2862	2.9	0.4
4885	2010	354	1382.4	-7.9	-3.1	0.3937	3.2	0
4885	2010	355	3283.2	-10.4	-5.9	0.3144	2.2	0
4885	2010	356	777.6	-7	-2	0.4247	3.4	3.5
4885	2010	357	777.6	-2	-0.4	0.5373	4.9	0.2
4885	2010	358	777.6	-5.9	-1.5	0.4045	6	0
4885	2010	359	3024	-7.7	-5.5	0.3246	3.5	0.9
4885	2010	360	864	-6.2	-0.7	0.4548	3.4	0.4
4885	2010	361	864	-5.9	0.8	0.4914	3.7	1.5
4885	2010	362	2937.6	-7.7	-1.9	0.3895	4.6	0
4885	2010	363	864	-7.8	-6.8	0.3358	3.9	0.4
4885	2010	364	864	-7.4	1.2	0.4717	2.3	1.6
4885	2010	365	1814.4	0.1	2.7	0.6625	6.3	0.9
