*---------------------------------------------------------------------------*
* Station name: BREMERHAVEN                             
* Year: 1980
* Author: Pedro Alencar                                   -999.000: NIL VALUE
* Source: ECAD 
* Comments: 
* Longitude: 53.5344, latitude: 53.5344, altitude: 7 m.
*
* Column  Daily value
* 1       station number
* 2       year
* 3       day
* 4       irradiation                   (kJ m-2 d-1)
* 5       minimum temperature           (degrees Celsius)
* 6       maximum temperature           (degrees Celsius)
* 7       early morning vapour pressure (kPa)
* 8       mean wind speed (height: 2 m) (m s-1)
* 9       precipitation                 (mm d-1)
*
** WCCDESCRIPTION=GERMANY, BREMERHAVEN                             
** WCCFORMAT=2
** WCCYEARNR=1980
*---------------------------------------------------------------------------*
   53.5344  8.5769    7.  -0.18 -0.55
4885	1980	1	1814.4	-0.4	2	0.6215	5.5	8.9
4885	1980	2	3196.8	-0.9	1.4	0.5164	4	0
4885	1980	3	3024	-5.8	-0.4	0.4523	2.5	0
4885	1980	4	864	-5.8	1.8	0.5013	5.4	7.1
4885	1980	5	864	0.6	3.2	0.6937	2.8	0.4
4885	1980	6	864	1.9	3.8	0.7122	3.5	5.8
4885	1980	7	950.4	-0.2	3.8	0.6818	4.2	0.2
4885	1980	8	950.4	-4	-0.2	0.44	2.9	0
4885	1980	9	950.4	-5	-3.1	0.385	3.4	0
4885	1980	10	950.4	-4.9	-1.4	0.4361	2.8	0
4885	1980	11	2851.2	-5.7	-1.7	0.3952	2.9	0
4885	1980	12	3542.4	-8	-4.6	0.3093	3.8	0
4885	1980	13	3888	-8.4	-4.2	0.3284	2.7	0
4885	1980	14	2419.2	-8.4	-2.5	0.3707	3.9	0
4885	1980	15	1036.8	-5.3	-2	0.4341	2.8	0.2
4885	1980	16	1036.8	-5.4	-1.1	0.4761	1.4	0
4885	1980	17	4060.8	-8.6	-2.7	0.3812	1.4	0
4885	1980	18	1036.8	-8	-4.8	0.3675	3.2	0
4885	1980	19	1123.2	-6.5	-4.3	0.4008	3.5	0
4885	1980	20	2851.2	-4.4	-0.2	0.48	4	0
4885	1980	21	3110.4	-5.3	3.6	0.4939	5.5	3.1
4885	1980	22	1123.2	0.3	4.6	0.6194	4.9	0.3
4885	1980	23	1209.6	2.3	3.9	0.6944	3.5	0.7
4885	1980	24	2332.8	1.5	4.7	0.6944	2.6	2
4885	1980	25	1209.6	-1.2	2.4	0.6126	2.9	2.6
4885	1980	26	4147.2	-4.3	-0.8	0.4712	4.3	2.3
4885	1980	27	5356.8	-4	2.4	0.4381	4.4	0
4885	1980	28	1296	-7.1	-0.7	0.3985	2.9	0.2
4885	1980	29	1296	-1.5	1	0.582	3	5.2
4885	1980	30	1382.4	0.6	6.4	0.7458	9.1	0.9
4885	1980	31	1382.4	2.2	6.3	0.8027	5.1	8.5
4885	1980	32	5616	-1	4.6	0.5913	8.2	0.8
4885	1980	33	1382.4	-2	4.5	0.642	4.5	11.5
4885	1980	34	1987.2	-0.6	3.3	0.6062	5.7	5.9
4885	1980	35	1987.2	-1.3	0	0.5245	6.1	5.5
4885	1980	36	1468.8	-1.8	0.3	0.5554	6.3	6.8
4885	1980	37	1555.2	-2.1	-0.4	0.5075	4.5	2.2
4885	1980	38	1555.2	-0.6	3	0.6464	3.9	3.4
4885	1980	39	1641.6	2.5	5.1	0.7777	4.9	7.8
4885	1980	40	2246.4	4.9	7.3	0.8283	3.5	0
4885	1980	41	1987.2	4.2	7.3	0.836	5.4	0.8
4885	1980	42	1728	3.1	6.4	0.8227	6	0.8
4885	1980	43	1728	3.3	5.4	0.8	3.6	0.6
4885	1980	44	1814.4	2.3	4	0.7352	3.8	2.6
4885	1980	45	3369.6	0.9	6.3	0.7352	2.2	0
4885	1980	46	1814.4	1.8	6.2	0.7156	2.8	0.3
4885	1980	47	1900.8	-0.1	5.1	0.724	3.7	0
4885	1980	48	2246.4	-0.1	5	0.6631	3.7	0
4885	1980	49	4060.8	1	4	0.607	3.6	0
4885	1980	50	7948.8	-1.4	4.3	0.5156	4.5	0
4885	1980	51	8294.4	-0.8	7.2	0.5841	4.7	0
4885	1980	52	8553.6	-0.1	8.6	0.6207	4.4	0
4885	1980	53	8467.2	-0.8	7	0.6105	4.2	0
4885	1980	54	8640	-0.5	9.5	0.6064	4	0
4885	1980	55	2160	-1.5	2.1	0.562	4.4	0
4885	1980	56	2246.4	-2.1	0.8	0.5594	3.3	0
4885	1980	57	2246.4	-1.5	0.1	0.5632	3.7	0
4885	1980	58	2332.8	-0.7	2.3	0.5568	2.9	0
4885	1980	59	2332.8	1.9	4.6	0.7096	5.3	0
4885	1980	60	2419.2	3.4	5.2	0.7889	7.7	0.3
4885	1980	61	10368	3.9	6.4	0.7667	10.6	0
4885	1980	62	2764.8	0.2	5.6	0.6019	9.3	2.9
4885	1980	63	9849.6	-0.8	3.8	0.4902	8.3	0.1
4885	1980	64	6048	-1.4	2.4	0.5639	2.8	1.7
4885	1980	65	9331.2	-1.2	5	0.5395	3.6	0
4885	1980	66	4406.4	-0.8	7.1	0.6433	5	2.9
4885	1980	67	5184	5	9	0.8011	4.7	0.6
4885	1980	68	12009.6	2.4	11.5	0.7784	4.1	0
4885	1980	69	4320	2.5	4.4	0.6884	4.7	0
4885	1980	70	3196.8	2.7	6	0.675	2.5	0
4885	1980	71	5875.2	1.5	4.9	0.5918	4.2	0
4885	1980	72	6220.8	1.7	8.5	0.7377	4.8	4.9
4885	1980	73	3369.6	4.8	6.4	0.8183	5.1	5.5
4885	1980	74	3369.6	0.8	6	0.6548	6.1	0
4885	1980	75	10627.2	0.1	6.7	0.647	5.5	0
4885	1980	76	7171.2	-0.5	7	0.6402	5	0
4885	1980	77	3542.4	1.5	5.1	0.6502	4.4	0
4885	1980	78	5529.6	-1	5.1	0.4674	8	0
4885	1980	79	11923.2	-2.3	2.1	0.4003	7.5	0
4885	1980	80	14342.4	-5.1	2.2	0.3242	5.4	0
4885	1980	81	14169.6	-5.7	3.4	0.3202	6	0
4885	1980	82	3801.6	-1.9	1.7	0.4671	4.9	0.4
4885	1980	83	8208	0.8	8.1	0.5371	3.9	0
4885	1980	84	12096	-1.7	7.2	0.5211	4.7	0
4885	1980	85	9936	0.1	7.2	0.5792	5.5	0.5
4885	1980	86	4752	1	6.9	0.7293	4.3	2.3
4885	1980	87	4147.2	2.3	9.6	0.8104	5.3	0.4
4885	1980	88	7430.4	8	12.5	1.0979	4	2.4
4885	1980	89	6912	5	10.4	0.9034	7.8	3.5
4885	1980	90	6480	4.4	6.5	0.7828	10.6	0.3
4885	1980	91	13046.4	2.9	10.2	0.7573	4.1	0
4885	1980	92	4406.4	3.7	10	0.9118	3.5	9.6
4885	1980	93	4406.4	4.6	8.8	0.8731	11.5	3.1
4885	1980	94	4492.8	3.4	5.3	0.7	10.4	0
4885	1980	95	15465.6	2.8	8.3	0.7249	5.7	0
4885	1980	96	19180.8	2.4	7.9	0.7314	3.3	0
4885	1980	97	18230.4	0.4	10.4	0.7891	2.5	0
4885	1980	98	5529.6	-0.1	7.6	0.7351	5.4	1.3
4885	1980	99	12009.6	3.7	6.3	0.7151	10.6	0.6
4885	1980	100	17884.8	4.1	7.4	0.7258	7.7	1.7
4885	1980	101	10627.2	2.4	7.3	0.7681	8.6	0
4885	1980	102	15724.8	5.2	9.7	0.8675	5.1	0
4885	1980	103	11232	7	13.1	0.751	2.4	0
4885	1980	104	19958.4	4.9	17.5	0.7044	3.9	0
4885	1980	105	20563.2	6	20.2	0.8283	2.9	0
4885	1980	106	20217.6	7.7	20.9	0.8466	3.9	0
4885	1980	107	20390.4	7.8	21.6	0.852	3.4	0
4885	1980	108	18403.2	6.4	14.2	1.0015	6.3	0
4885	1980	109	5270.4	5.9	8.7	0.9404	9.6	2.2
4885	1980	110	15292.8	3.9	8.4	0.7367	17.2	0.6
4885	1980	111	19267.2	2.4	6.2	0.5813	8.2	0
4885	1980	112	19094.4	4	8.5	0.7608	5.4	0
4885	1980	113	12268.8	5.2	7.6	0.7976	5.2	0
4885	1980	114	22550.4	4.7	10.2	0.8778	7.7	0
4885	1980	115	9676.8	4.6	8.6	0.8379	9.3	1.7
4885	1980	116	8380.8	6.2	9.3	0.9803	4.5	0.1
4885	1980	117	19872	3	12.1	0.8422	4.4	0
4885	1980	118	14342.4	7.2	10.4	1.0074	6.9	12.4
4885	1980	119	7689.6	5.6	8.4	0.9012	5	3.6
4885	1980	120	9590.4	5.4	11.4	0.9144	2.9	0.2
4885	1980	121	17971.2	5.1	16	0.9292	4.3	0
4885	1980	122	21513.6	6.6	15.9	0.9601	6	0
4885	1980	123	25315.2	4.3	11	0.6909	6.2	0
4885	1980	124	25920	1.2	10.8	0.6076	5.7	0
4885	1980	125	16588.8	2.9	10.2	0.5437	3.8	0
4885	1980	126	15206.4	2.1	11.6	0.6244	3.4	0
4885	1980	127	22204.8	4.5	15.8	0.6692	4.2	0.1
4885	1980	128	10713.6	7	14.8	1.1074	3.6	1.6
4885	1980	129	10800	7.4	9.8	0.9045	7.5	0
4885	1980	130	25488	6	9.5	0.7062	6.6	0
4885	1980	131	26265.6	3.9	13.9	0.7977	3.9	0
4885	1980	132	26179.2	5.1	17.8	0.6756	3.9	0
4885	1980	133	26784	7.1	19.5	0.7781	4.6	0
4885	1980	134	27216	5.5	18.1	0.6914	5.8	0
4885	1980	135	27388.8	3.5	15.5	0.5577	5.4	0
4885	1980	136	25401.6	4.2	13.9	0.6907	4.1	0
4885	1980	137	12096	5.4	14.5	0.8805	3.1	0
4885	1980	138	19180.8	8.7	14.4	1.0201	2.8	0
4885	1980	139	24019.2	10.5	20.9	1.1935	3.8	0
4885	1980	140	27129.6	11.5	19.2	1.2715	3.4	0
4885	1980	141	22291.2	9.2	15	1.2271	3.9	0
4885	1980	142	27129.6	6.9	16.2	0.9113	5.5	0
4885	1980	143	27907.2	2.1	11.6	0.5253	4.1	0
4885	1980	144	12614.4	6.1	11.6	0.9426	6.3	0.2
4885	1980	145	6652.8	9.6	12	1.1001	6.3	0.7
4885	1980	146	9763.2	8.8	12	1.1342	7.2	0.5
4885	1980	147	10454.4	9.6	16.3	1.1483	3.2	0
4885	1980	148	21859.2	10.1	21.6	1.4028	2.5	7.9
4885	1980	149	12441.6	12.3	18.3	1.5974	2.8	0.6
4885	1980	150	22204.8	10.1	15.3	1.3057	3.5	0
4885	1980	151	8726.4	8.8	12.8	1.126	6.6	5.2
4885	1980	152	25142.4	6	16.5	0.8934	2.4	0
4885	1980	153	26870.4	7.7	15.9	0.9956	6.2	0
4885	1980	154	25056	10.2	14.4	1.1433	10.8	0
4885	1980	155	27043.2	9.6	16.7	1.1936	6.6	0
4885	1980	156	8121.6	12	15.6	1.45	4.8	0
4885	1980	157	19094.4	12	17.7	1.5856	3.3	0
4885	1980	158	28166.4	14.8	26.7	1.4668	2.5	0
4885	1980	159	27734.4	13.4	25.4	1.192	3	0.3
4885	1980	160	16502.4	14.6	18.8	1.6137	3.8	0
4885	1980	161	15465.6	10.6	20.5	1.3938	3.9	0.2
4885	1980	162	17366.4	14.6	20.7	1.8546	2.7	5.4
4885	1980	163	6739.2	15.9	19.4	1.8546	3	7.9
4885	1980	164	17020.8	14.5	18.8	1.5707	3.7	0
4885	1980	165	16761.6	11.3	23.4	1.6418	2.7	0.1
4885	1980	166	18144	15.8	28.5	1.8907	4	12.9
4885	1980	167	18576	15.5	20.5	1.5868	5	0
4885	1980	168	20390.4	13.2	22.5	1.674	2.7	2
4885	1980	169	16934.4	13.6	20.6	1.4214	3.1	0
4885	1980	170	11232	14	17.7	1.3668	3.5	0
4885	1980	171	17712	12.1	18.8	1.4725	5.1	0.9
4885	1980	172	14342.4	11.5	15.8	1.2174	7.4	3.5
4885	1980	173	13651.2	10.8	16.3	1.3026	4.9	4.3
4885	1980	174	15897.6	11	17.8	1.3108	2.8	1.1
4885	1980	175	15984	9	16.8	1.1891	2.7	8.7
4885	1980	176	19958.4	10.9	18.1	1.3193	4.3	8.5
4885	1980	177	16416	11	15.3	1.3446	4.1	5.5
4885	1980	178	20908.8	10.1	16.8	1.2325	4.9	0.9
4885	1980	179	21168	10.7	15.6	1.2238	6.7	10.6
4885	1980	180	17971.2	10.2	17.6	1.3801	4.8	10.8
4885	1980	181	11404.8	11.6	14.6	1.3403	6.3	17.6
4885	1980	182	6739.2	11.5	13.3	1.3234	8.6	10.7
4885	1980	183	6652.8	9.3	13.9	1.2555	3.9	5.9
4885	1980	184	11145.6	12.7	16.5	1.3943	4.5	2.1
4885	1980	185	15552	13.2	16.7	1.4091	7.6	0
4885	1980	186	9244.8	12.6	17.5	1.3327	3.3	2.9
4885	1980	187	8985.6	10.8	17.2	1.453	3.4	5.4
4885	1980	188	17366.4	10.3	19.2	1.3743	2.5	3.3
4885	1980	189	10800	11.6	19	1.5279	3.2	6.8
4885	1980	190	6566.4	12	17.1	1.5056	2.8	2.8
4885	1980	191	9158.4	13.3	18.6	1.5566	1.5	1.6
4885	1980	192	14169.6	13.4	19.2	1.6102	2.9	0
4885	1980	193	6566.4	13.4	17.1	1.4711	6.8	0
4885	1980	194	7171.2	11.8	16.1	1.3528	4.9	0.7
4885	1980	195	21168	9.8	16.3	1.2458	4.9	0
4885	1980	196	12009.6	9.4	17.4	1.3821	2.9	2.8
4885	1980	197	15379.2	13.4	16.3	1.3326	5.8	1.4
4885	1980	198	6393.6	11.9	13.8	1.3778	10	5.7
4885	1980	199	16848	11.3	15.5	1.1671	6.9	3.8
4885	1980	200	8380.8	11.6	16.9	1.4605	6	1.2
4885	1980	201	6393.6	13.6	15.7	1.5819	4	12.7
4885	1980	202	12787.2	14.4	20.2	1.7944	4	37.8
4885	1980	203	7344	12.4	15.6	1.3412	12	2.1
4885	1980	204	24451.2	13.1	17.2	1.2037	6.6	0
4885	1980	205	26179.2	11.3	22.5	0.9998	2.2	0
4885	1980	206	25142.4	13.2	19.5	1.4296	3.7	0
4885	1980	207	22982.4	14.2	24.9	1.4528	2.2	0
4885	1980	208	26092.8	14.2	26.7	1.6799	4.6	0
4885	1980	209	19958.4	15.8	26.3	1.992	3.2	0
4885	1980	210	14083.2	17.2	24.3	1.9557	3.4	0
4885	1980	211	10972.8	16.3	24	1.9318	4.4	0
4885	1980	212	11491.2	16.8	24.3	1.8835	4.5	12.9
4885	1980	213	21427.2	15.7	20.3	1.628	4.4	0
4885	1980	214	21254.4	13.3	24.6	1.2903	2.2	0
4885	1980	215	21168	16.1	26.6	1.7754	3.3	0
4885	1980	216	13132.8	18.2	25.2	2.1765	3.4	5.5
4885	1980	217	13996.8	15.7	23.8	1.8157	3.9	0.2
4885	1980	218	12096	17.4	21.8	1.685	7	0
4885	1980	219	12355.2	16.1	19.9	1.6486	8.9	1.2
4885	1980	220	5702.4	15.6	17.9	1.6188	4.8	1.2
4885	1980	221	8553.6	12.4	16	1.3587	4.3	11.1
4885	1980	222	13564.8	13.4	16.7	1.2985	5.5	0
4885	1980	223	20476.8	12.4	17	1.1861	3.4	0
4885	1980	224	19612.8	11	23	1.2383	2	13.7
4885	1980	225	12528	14.8	19.6	1.7439	5.5	1.6
4885	1980	226	10281.6	12.6	18.6	1.416	3.4	0
4885	1980	227	22291.2	13.4	23.6	1.4459	3.3	0
4885	1980	228	22550.4	14.5	23.4	1.5746	4.7	0
4885	1980	229	17539.2	15.3	27.4	1.9275	3.5	0
4885	1980	230	5270.4	17	21.6	2.101	2.2	0
4885	1980	231	7516.8	15.8	23.8	1.9827	2.2	0.7
4885	1980	232	16502.4	16.4	19.2	1.6077	5.3	0.6
4885	1980	233	6652.8	14.2	19.4	1.6812	8.3	9.1
4885	1980	234	13305.6	13.2	18.6	1.5155	12.2	5.3
4885	1980	235	16588.8	12.3	15.7	1.2933	13.3	3.1
4885	1980	236	10022.4	10	15	1.1149	12	2.9
4885	1980	237	13564.8	11.1	14.3	1.0709	10.2	0.3
4885	1980	238	17452.8	11.2	14.6	1.0702	6.2	0
4885	1980	239	20131.2	8.8	19.6	1.1484	1.7	0
4885	1980	240	20131.2	10.1	23.2	1.1922	2.9	0
4885	1980	241	7689.6	13.5	23.3	1.6482	2.7	2.1
4885	1980	242	13824	16.1	21.6	1.8473	4	2.8
4885	1980	243	8208	14.5	19.8	1.7189	6.2	10.5
4885	1980	244	7084.8	12.1	17	1.4394	5.5	0.6
4885	1980	245	16502.4	12.6	17.9	1.1423	4.1	0
4885	1980	246	17366.4	9.2	20.5	1.1639	1.2	0
4885	1980	247	18057.6	10.3	22	1.1366	1.4	0
4885	1980	248	14860.8	11.5	21.8	1.6464	2.7	0
4885	1980	249	7603.2	13.1	19.6	1.4296	2	0
4885	1980	250	8726.4	13.5	17.8	1.5981	4.6	1.7
4885	1980	251	16934.4	11.9	23	1.493	3.2	0
4885	1980	252	16070.4	12.9	24	1.5686	4.1	8.3
4885	1980	253	8985.6	12.2	17.2	1.3197	5.8	10.9
4885	1980	254	10972.8	9.2	16.5	1.2297	5	8.7
4885	1980	255	11145.6	12	15.9	1.2891	10.3	4.7
4885	1980	256	8640	10.6	18.8	1.42	6	0.6
4885	1980	257	12268.8	12.2	15.4	1.3239	10.4	11.9
4885	1980	258	7862.4	12	16	1.4051	9.2	8.9
4885	1980	259	10972.8	12.1	15.3	1.1744	4.8	0
4885	1980	260	4752	11.4	19.4	1.4154	2.3	0
4885	1980	261	8899.2	13.3	17.4	1.4457	5.3	9.4
4885	1980	262	11923.2	9.8	19.3	1.307	2.9	0
4885	1980	263	13564.8	11.8	22	1.442	4.1	0
4885	1980	264	13132.8	12.9	24.7	1.7332	3.1	0
4885	1980	265	11750.4	14.5	25.2	1.7807	2.3	0
4885	1980	266	5011.2	13.9	21.9	1.7611	1.9	0.4
4885	1980	267	7084.8	15	19.4	1.7831	1.9	0
4885	1980	268	6134.4	11.3	19.4	1.5677	2.8	1.6
4885	1980	269	7948.8	11.9	15.7	1.2924	3.5	0
4885	1980	270	12441.6	9.5	16.5	1.1969	1.7	0
4885	1980	271	12614.4	7.7	18.1	1.0851	2.7	0
4885	1980	272	11404.8	8.7	18.4	1.07	3.9	0
4885	1980	273	4406.4	12.7	16.5	1.4441	2.5	0.6
4885	1980	274	8899.2	13.1	15.7	1.2453	8.3	0
4885	1980	275	8985.6	10.5	16.5	1.252	6.5	0
4885	1980	276	7344	11.2	15	1.1144	10.6	0.1
4885	1980	277	8121.6	11	14.8	1.0553	3.7	0
4885	1980	278	4060.8	6.2	13.8	0.9693	5.5	0.5
4885	1980	279	6652.8	9.6	13.7	1.1227	5.8	0.4
4885	1980	280	4060.8	9.2	14.1	1.2323	6.6	9.9
4885	1980	281	7257.6	7.7	14.4	1.0264	8.7	6.7
4885	1980	282	6825.6	7.3	12.2	1.0136	8.3	0.3
4885	1980	283	8294.4	5.4	12.2	0.9847	5.1	0
4885	1980	284	8899.2	7	13.1	0.9849	5.3	0
4885	1980	285	4838.4	2.9	11.4	0.8296	4	0
4885	1980	286	8467.2	7.2	12.2	0.9741	3.2	0
4885	1980	287	7257.6	6.6	10.8	0.8544	2.7	0
4885	1980	288	2937.6	7.8	10.5	0.8924	3.9	0
4885	1980	289	7171.2	5.5	11.2	0.9332	1.9	0.4
4885	1980	290	5616	1	10.4	0.7782	4	0.3
4885	1980	291	2160	9.4	13.4	1.2121	3.5	2.3
4885	1980	292	3456	7.8	11	1.0136	7.2	0.5
4885	1980	293	6566.4	5.8	10.8	0.8425	8.4	4.5
4885	1980	294	6480	5	8.8	0.8652	6.2	2
4885	1980	295	2073.6	4.6	10.2	0.9674	4.3	2.8
4885	1980	296	3369.6	6	12.5	0.9917	2.7	2.3
4885	1980	297	1987.2	9.5	12.9	1.1563	4.2	2.6
4885	1980	298	5616	9	12	1.0403	7.5	2.8
4885	1980	299	4665.6	8.8	10.7	0.917	7.7	1
4885	1980	300	1814.4	6.1	9.6	0.849	3.2	9.7
4885	1980	301	1814.4	6.6	16	1.2175	7.3	8.5
4885	1980	302	2073.6	11.8	16.4	1.4303	8.7	15.5
4885	1980	303	3628.8	9.2	11.9	1.0438	10.8	1.7
4885	1980	304	2592	6	10.4	0.8042	9.9	0.7
4885	1980	305	4233.6	1.3	6.3	0.6414	3.6	0
4885	1980	306	7084.8	0	5.3	0.5174	4.4	0
4885	1980	307	6825.6	-3	1.1	0.4162	3.7	0
4885	1980	308	5097.6	-3.8	-0.7	0.3937	3.4	0.4
4885	1980	309	3456	-2.6	1.7	0.4553	2.9	0.4
4885	1980	310	4752	-0.9	3.9	0.5175	4	0
4885	1980	311	4579.2	-0.5	5.4	0.5101	6	0
4885	1980	312	1468.8	1	4.2	0.5745	4.5	0
4885	1980	313	1382.4	-0.8	1.2	0.5641	2.5	0.1
4885	1980	314	5616	0.2	7.2	0.621	3.2	0
4885	1980	315	1641.6	-2.1	2.3	0.597	2.3	0.2
4885	1980	316	1382.4	-0.9	5.4	0.6609	7.3	2.3
4885	1980	317	3801.6	3.1	6.7	0.7708	6.4	2.9
4885	1980	318	2678.4	1.5	7.1	0.7474	7.4	2.3
4885	1980	319	1296	5	7.7	0.8427	8.1	4.4
4885	1980	320	1209.6	5	10.8	1.001	8.2	15.5
4885	1980	321	1209.6	10.3	12.4	1.2215	8.9	3.1
4885	1980	322	1209.6	9.9	13	1.162	7.2	3.4
4885	1980	323	1382.4	6.8	12.9	0.9596	12.1	2.7
4885	1980	324	3196.8	4.6	8	0.8303	5.4	2.8
4885	1980	325	1987.2	5	11.6	0.941	4.2	0.5
4885	1980	326	1123.2	9.6	11.7	1.0764	8.8	0.8
4885	1980	327	1123.2	10	12.1	1.2369	8.2	2.6
4885	1980	328	1123.2	11	12.3	1.3281	8.7	5.3
4885	1980	329	1036.8	10	13.1	1.2514	6.2	4.1
4885	1980	330	2851.2	7.7	13.2	1.0748	7.1	0.8
4885	1980	331	3369.6	2.4	7.7	0.6826	6.2	2.7
4885	1980	332	1036.8	1.4	5	0.6917	7.9	2.1
4885	1980	333	1036.8	2	4.9	0.7275	3.3	1.2
4885	1980	334	1296	-0.6	3.5	0.5699	7.2	0.1
4885	1980	335	3369.6	-1.5	0.1	0.4238	5	0
4885	1980	336	950.4	-2.7	0.8	0.496	3.7	0.9
4885	1980	337	950.4	-0.8	4.9	0.6374	7.1	4
4885	1980	338	3024	-2.4	5.2	0.5543	6.7	1.8
4885	1980	339	2592	-3.5	1	0.4796	3.2	1.2
4885	1980	340	864	-8	2.4	0.4625	2.9	5.9
4885	1980	341	2937.6	-3.8	2.9	0.4849	4.5	0.1
4885	1980	342	2505.6	-6.6	-1.1	0.3908	2.2	0
4885	1980	343	864	-7.6	0.5	0.4373	4.4	0
4885	1980	344	864	-0.9	3	0.5603	11.5	0
4885	1980	345	864	0.7	3.2	0.6047	11.6	0.9
4885	1980	346	864	3	8.1	0.8517	10.8	1.1
4885	1980	347	864	5	7.2	0.9036	6.1	0.1
4885	1980	348	864	5.4	10.1	0.8959	8.5	1.2
4885	1980	349	864	5.4	9.4	0.9365	8.5	1.6
4885	1980	350	2851.2	4.7	10.2	0.8262	9.4	2
4885	1980	351	1987.2	3	6.3	0.6979	7.1	1.4
4885	1980	352	1641.6	1.2	4.7	0.5889	6.2	11.3
4885	1980	353	777.6	0.6	4.9	0.6998	4.7	1.6
4885	1980	354	777.6	0.7	3.3	0.614	4.8	0
4885	1980	355	777.6	-0.9	1.3	0.5579	4.6	1.2
4885	1980	356	777.6	0.7	2.8	0.6308	3.5	3.4
4885	1980	357	2419.2	1.6	5.2	0.7093	5.7	5.4
4885	1980	358	777.6	5.2	10.1	0.9422	9	1.9
4885	1980	359	1641.6	5	10.8	0.9051	8.5	0.5
4885	1980	360	864	3.8	9.1	0.8582	8.6	5.7
4885	1980	361	864	2.2	4.3	0.7173	6.9	1.7
4885	1980	362	3024	0.2	4.3	0.6538	2.2	0
4885	1980	363	864	-1.3	3.4	0.6131	7.8	0.6
4885	1980	364	864	3.4	7.6	0.8397	8.5	0.1
4885	1980	365	864	7.3	8.2	0.9065	8.9	0
4885	1980	366	864	6.3	8.3	0.9097	13.1	3.3
