*---------------------------------------------------------------------------*
* Station name: GREIFSWALD                              
* Year: 2002
* Author: Pedro Alencar                                   -999.000: NIL VALUE
* Source: ECAD 
* Comments: 
* Longitude: 54.0978, latitude: 54.0978, altitude: 2 m.
*
* Column  Daily value
* 1       station number
* 2       year
* 3       day
* 4       irradiation                   (kJ m-2 d-1)
* 5       minimum temperature           (degrees Celsius)
* 6       maximum temperature           (degrees Celsius)
* 7       early morning vapour pressure (kPa)
* 8       mean wind speed (height: 2 m) (m s-1)
* 9       precipitation                 (mm d-1)
*
** WCCDESCRIPTION=GERMANY, GREIFSWALD                              
** WCCFORMAT=2
** WCCYEARNR=2002
*---------------------------------------------------------------------------*
   54.0978  13.4075    2.  -0.18 -0.55
11748	2002	1	864	-5.6	4.9	0.548	7.4	7.2
11748	2002	2	1900.8	-2.2	4.5	0.4913	7.4	0
11748	2002	3	1641.6	-6.4	-0.7	0.3715	2	0
11748	2002	4	3456	-8.3	-2.6	0.2852	2.9	0
11748	2002	5	3542.4	-7.1	0.8	0.3198	3	0
11748	2002	6	864	-0.2	3.5	0.6745	4.9	0.1
11748	2002	7	864	-0.7	2.1	0.6364	2.9	0
11748	2002	8	950.4	-0.3	2.7	0.6331	3.1	0
11748	2002	9	950.4	-1.3	1.9	0.612	2.9	0
11748	2002	10	950.4	-0.8	1	0.6031	2.2	0
11748	2002	11	950.4	-2.2	0.6	0.5476	2.9	0.1
11748	2002	12	950.4	-1.9	1.2	0.5897	2	0
11748	2002	13	950.4	0.1	0.9	0.6019	3.3	0
11748	2002	14	3196.8	-2.9	1	0.5245	3.9	0
11748	2002	15	4060.8	-3.9	0	0.4661	3.7	0
11748	2002	16	1036.8	-5.2	0.4	0.4918	2.9	0
11748	2002	17	1036.8	0.1	2.3	0.6264	4.2	0
11748	2002	18	1036.8	1.1	2.8	0.661	4.1	1.7
11748	2002	19	1123.2	0.9	4.6	0.7221	4.3	1.3
11748	2002	20	2246.4	3.7	6.6	0.8196	5.3	5.5
11748	2002	21	1641.6	6.6	9.6	0.9823	6.6	1.8
11748	2002	22	3196.8	6.2	9.5	0.9127	5.3	0
11748	2002	23	1468.8	5.7	8.3	0.8011	5.6	0
11748	2002	24	1641.6	3.5	10.8	0.8094	6.3	2
11748	2002	25	2851.2	2	4.1	0.5779	8.2	3.9
11748	2002	26	1209.6	1.1	9.9	0.7765	6.9	9.1
11748	2002	27	1555.2	4	9.9	0.8882	6	1.8
11748	2002	28	1555.2	4.7	12	0.9442	7	10.3
11748	2002	29	1900.8	7.3	9.5	0.9034	9.9	1.1
11748	2002	30	4060.8	6.9	10.5	0.9106	6.5	0.4
11748	2002	31	1814.4	6.2	10.1	0.9098	6.5	4.2
11748	2002	32	2937.6	5.9	10.5	0.8912	5.2	1.7
11748	2002	33	4579.2	9.9	14.9	0.9782	5.5	0
11748	2002	34	6134.4	7	13.1	0.8495	3.2	0
11748	2002	35	3196.8	6.5	10.5	0.732	5.2	0.8
11748	2002	36	1555.2	6.4	11.3	0.9086	5.2	0.3
11748	2002	37	3456	5.5	11.2	0.8893	3.7	0
11748	2002	38	2073.6	4.7	8	0.7852	4.7	3.9
11748	2002	39	3283.2	4.4	9.3	0.8623	7	4.3
11748	2002	40	1641.6	7.4	12.5	1.0639	6.7	4.3
11748	2002	41	3369.6	5.5	8.6	0.834	5.7	1.7
11748	2002	42	1728	5.6	11.4	1.0204	9.5	12.2
11748	2002	43	4060.8	5.1	11.2	0.8882	9.5	1.3
11748	2002	44	6048	1.4	5.3	0.5981	5.3	0
11748	2002	45	7776	-1.7	4.1	0.5131	3.3	0
11748	2002	46	7862.4	-2.5	4.3	0.5021	2.8	0
11748	2002	47	3369.6	-2.7	3.7	0.5955	2.1	0
11748	2002	48	7862.4	-4.4	6.1	0.5653	1	0
11748	2002	49	3456	-0.3	4.9	0.6489	4.1	0.9
11748	2002	50	3456	0.2	4.7	0.6267	7.4	3.2
11748	2002	51	3196.8	0	5.6	0.7022	3.8	8.5
11748	2002	52	6739.2	-2.7	2	0.4467	7.2	0
11748	2002	53	2160	-2.6	4.3	0.5458	6.8	8.2
11748	2002	54	6825.6	0.2	3.5	0.6004	6.1	4.2
11748	2002	55	7430.4	-0.6	4.4	0.5535	6.1	0.1
11748	2002	56	7862.4	-0.4	5.1	0.5933	3.5	5.5
11748	2002	57	3542.4	0.6	10.9	0.8085	7	9.4
11748	2002	58	7171.2	2.2	7.8	0.6366	9	3.2
11748	2002	59	5356.8	2.1	6.2	0.6903	5.6	0.5
11748	2002	60	5097.6	-1.1	5.6	0.5891	4.4	0.4
11748	2002	61	9417.6	-1.5	5	0.5476	5.1	1.2
11748	2002	62	8208	-2.4	5	0.5571	5.3	2.6
11748	2002	63	2851.2	5	7.7	0.9385	4.9	0.4
11748	2002	64	4147.2	6	9	0.8808	3.7	0
11748	2002	65	2937.6	5.3	9	0.8701	6.8	9.6
11748	2002	66	4406.4	4.3	9.2	0.7973	10.1	3.7
11748	2002	67	10540.8	3.6	8.9	0.6943	6.3	0
11748	2002	68	8985.6	4.1	10.1	0.736	5.1	8.6
11748	2002	69	7344	2.2	8.6	0.6815	6	0
11748	2002	70	11836.8	6.1	13.4	0.736	4.7	0
11748	2002	71	7257.6	4.7	13.7	0.907	2.4	2.5
11748	2002	72	3715.2	2.8	6.9	0.7594	2.4	4.3
11748	2002	73	3369.6	1.4	2.9	0.592	8.8	0.7
11748	2002	74	10108.8	0.9	4.3	0.4419	8.4	0
11748	2002	75	3456	2	4.3	0.5897	3.9	1
11748	2002	76	6998.4	2.9	8.3	0.791	2.5	0
11748	2002	77	10022.4	7	16.5	1.0888	2.7	1.5
11748	2002	78	4924.8	5	11.6	0.941	7.1	3.8
11748	2002	79	10800	3.3	8.7	0.6917	6.1	0
11748	2002	80	10108.8	1.9	6.8	0.6417	5.6	0
11748	2002	81	8726.4	0.8	5.6	0.6148	6.1	3.6
11748	2002	82	3801.6	2	4.5	0.617	7.3	0.3
11748	2002	83	7603.2	0.5	3.1	0.5218	6.7	0
11748	2002	84	9417.6	-2.6	3.4	0.4529	3.1	0
11748	2002	85	3974.4	-2.8	3.2	0.5207	0.9	0
11748	2002	86	16934.4	-3.4	7.2	0.5395	1.5	0
11748	2002	87	13392	-0.4	11.3	0.7019	2.1	0
11748	2002	88	16934.4	-1.3	12.9	0.7099	1.8	0
11748	2002	89	16329.6	-0.4	18.2	0.7293	2	0
11748	2002	90	4320	5.8	12.2	0.7801	2.1	0
11748	2002	91	17193.6	5.5	16.9	0.6778	2.8	0
11748	2002	92	18057.6	2.9	17.6	0.7112	3.8	0
11748	2002	93	18230.4	2.9	12	0.7332	5.7	0
11748	2002	94	18662.4	0.8	9.5	0.564	5.9	0
11748	2002	95	12700.8	2	5.5	0.5433	9.4	0
11748	2002	96	16070.4	-1.6	6.2	0.4542	4.3	0
11748	2002	97	19353.6	-2.9	7.5	0.5479	2.9	0
11748	2002	98	18403.2	-2.7	8	0.5839	4	0
11748	2002	99	19094.4	-0.7	7.2	0.6324	4.9	0
11748	2002	100	19180.8	2.4	7.1	0.7542	5.7	0
11748	2002	101	5443.2	4.6	11.1	0.8384	4	0
11748	2002	102	6998.4	6.7	12.7	0.9861	2.5	2.4
11748	2002	103	5529.6	7	11	1.0899	2	0
11748	2002	104	5011.2	5.9	7.6	0.9745	4.3	0.6
11748	2002	105	5097.6	4.9	6.1	0.8939	7.6	14.7
11748	2002	106	5184	4.5	5.3	0.866	5.9	3.2
11748	2002	107	11491.2	4.9	9.3	0.9478	1.7	2
11748	2002	108	7257.6	5.4	11.1	0.9924	2.1	0
11748	2002	109	13737.6	5.1	10.6	1.0188	3.8	0
11748	2002	110	5356.8	4	6.6	0.8905	4.1	0
11748	2002	111	18748.8	2.8	12.5	0.9108	1.7	0
11748	2002	112	22636.8	1.6	16.2	0.7977	1.9	0
11748	2002	113	10972.8	9.3	16.1	1.0563	4.2	0
11748	2002	114	5529.6	8.6	12.1	1.0802	2.7	0
11748	2002	115	10281.6	6.3	15.7	1.2066	1.8	0.3
11748	2002	116	6912	6.3	14	1.1154	2.2	5.7
11748	2002	117	10800	4.2	10.7	0.9088	5.6	6.6
11748	2002	118	14947.2	2.4	12	0.9238	4	3.2
11748	2002	119	13478.4	7.3	13.9	1.0217	4.3	2.3
11748	2002	120	14774.4	7.2	14.9	0.908	4.2	0
11748	2002	121	13737.6	9.7	17.6	1.0614	3.8	0
11748	2002	122	10627.2	8.4	13.2	1.1907	3.1	0.3
11748	2002	123	17452.8	8.2	13.7	1.2157	3.8	6.8
11748	2002	124	6048	8.4	11.3	1.2026	5	13.4
11748	2002	125	6998.4	7.2	12.7	1.1984	4	0.7
11748	2002	126	6134.4	7.1	8.8	1.0151	6.3	0
11748	2002	127	6134.4	7.5	9.1	1.0067	4.3	0
11748	2002	128	19267.2	8.3	13.1	1.2085	4	0
11748	2002	129	25833.6	8.6	18	1.3121	5.1	0
11748	2002	130	26006.4	9.3	15.3	1.229	6.5	0
11748	2002	131	21859.2	9.8	20.7	1.4884	3.4	1.8
11748	2002	132	13651.2	12	19.6	1.5238	3	0
11748	2002	133	22636.8	9.5	16.7	1.1897	3.2	0
11748	2002	134	19785.6	9.5	21.9	1.3894	3.6	0.1
11748	2002	135	22550.4	9.8	17	1.1978	4.1	2.6
11748	2002	136	17280	11.5	21.5	1.4059	4	0
11748	2002	137	18230.4	7.9	14.7	1.0435	3.9	0
11748	2002	138	26179.2	6.3	18.7	1.0715	2.1	0
11748	2002	139	6566.4	10.3	14.4	1.2044	1.3	1
11748	2002	140	26697.6	8.5	18	1.171	3.7	0
11748	2002	141	26956.8	7.9	21	1.1836	4	0
11748	2002	142	26352	12.2	26.3	1.5374	4.2	0
11748	2002	143	21945.6	13.7	24.8	1.8048	2.9	2.4
11748	2002	144	11577.6	13.8	17.2	1.5124	3.8	5.4
11748	2002	145	18403.2	12.7	21.1	1.4228	3	0.9
11748	2002	146	6739.2	11	13.3	1.3302	3.2	13
11748	2002	147	22291.2	8.9	19.3	1.3821	2.5	0
11748	2002	148	23414.4	11.6	18.6	1.5084	2.7	0
11748	2002	149	17280	12.1	19.6	1.5287	3.7	1.7
11748	2002	150	25142.4	11	18.5	1.1899	3.3	0.1
11748	2002	151	19699.2	9.3	18.8	1.2815	2.6	10.5
11748	2002	152	23673.6	8.2	17.1	1.1259	4.4	0
11748	2002	153	29030.4	8.5	20	1.2171	2.3	0
11748	2002	154	29203.2	9.8	19.9	1.2482	4.1	0
11748	2002	155	26438.4	13.5	22.6	1.4884	4.4	0
11748	2002	156	28166.4	14.2	25	1.5712	5.6	0
11748	2002	157	28425.6	16.2	23.6	1.6239	7.3	0.4
11748	2002	158	16588.8	14.4	20	1.4108	6.8	0
11748	2002	159	24710.4	12.7	18.5	1.3983	5	0
11748	2002	160	12700.8	14.4	19.4	1.5573	3.8	0
11748	2002	161	8985.6	12.8	20.3	1.6548	2.8	7.4
11748	2002	162	20649.6	10.8	19	1.3876	3.3	5.5
11748	2002	163	9072	11.4	17	1.3749	3	0.3
11748	2002	164	17280	11.4	16.1	1.2725	4.6	1.1
11748	2002	165	22118.4	11	19.7	1.289	6	0.1
11748	2002	166	17193.6	11.7	24	1.7352	4.5	11
11748	2002	167	20304	12.5	21.9	1.4696	5	0
11748	2002	168	21772.8	16	25.7	1.9431	3.7	0
11748	2002	169	28339.2	17	30.9	1.9891	3.5	0
11748	2002	170	24624	15.5	22.7	1.5673	3.5	0
11748	2002	171	16588.8	15	21.3	1.7266	3.7	1.9
11748	2002	172	23587.2	15.4	20.5	1.4996	4	1.2
11748	2002	173	20563.2	14.1	21.3	1.5369	3	12
11748	2002	174	22204.8	12.2	21.1	1.3815	6.2	0
11748	2002	175	24019.2	11.2	19.9	1.2526	5.5	0
11748	2002	176	18403.2	11.2	19.7	1.3498	4	0.6
11748	2002	177	12960	12.5	20.5	1.3871	3.3	0
11748	2002	178	18662.4	11.2	19.6	1.2232	4.4	0.1
11748	2002	179	16934.4	10	17.4	1.2371	5.2	6.7
11748	2002	180	13046.4	10.6	16.8	1.1901	7	0.7
11748	2002	181	8467.2	10.6	17.1	1.344	4.8	13.9
11748	2002	182	8121.6	13.1	17.5	1.5279	4.5	1
11748	2002	183	13737.6	12.2	19	1.3806	4.2	0.8
11748	2002	184	10195.2	11.8	18.7	1.4192	3.2	1.4
11748	2002	185	14774.4	12.7	19.1	1.5155	4.7	0.7
11748	2002	186	23241.6	10.5	22.1	1.3511	3.7	0
11748	2002	187	6480	14.9	21.8	1.622	1.9	0
11748	2002	188	17625.6	13.3	20.6	1.4851	2.8	0
11748	2002	189	26092.8	12	26.7	1.5694	2.6	0
11748	2002	190	28339.2	19	31.8	1.9098	4	0
11748	2002	191	26092.8	15.2	29.6	2.0008	3.4	1.5
11748	2002	192	21254.4	13.5	22.3	1.4949	3.7	0
11748	2002	193	26611.2	13.1	21.7	1.528	3.4	0
11748	2002	194	26179.2	15.8	23.4	1.685	6.2	0
11748	2002	195	12182.4	17.4	20.6	1.755	6.6	0
11748	2002	196	16070.4	17.2	21.5	1.6591	5	0
11748	2002	197	27388.8	17.7	21.4	1.7252	6.5	0
11748	2002	198	18921.6	18.3	22.4	2.0989	6.6	2
11748	2002	199	11664	16.6	24.6	2.0346	3.7	0
11748	2002	200	8035.2	16.7	21	1.9343	2.8	1.5
11748	2002	201	6220.8	15.7	18.4	1.7081	4.1	0
11748	2002	202	19785.6	13	21.7	1.7012	2.7	11.5
11748	2002	203	7603.2	12.9	16.9	1.4722	6.1	5.8
11748	2002	204	13824	12.5	21.6	1.5528	4.8	2.4
11748	2002	205	16070.4	12.5	19.9	1.4712	5.9	5.7
11748	2002	206	12441.6	12.2	18.8	1.3542	5.6	0.2
11748	2002	207	6048	13	18.4	1.4963	3.6	0
11748	2002	208	16675.2	15.3	23.7	1.9009	2.3	0
11748	2002	209	27043.2	15.1	27.8	1.9394	3.7	0
11748	2002	210	26956.8	15.7	24.9	1.9736	3.4	0
11748	2002	211	26092.8	18.1	25.3	2.1765	4.3	0
11748	2002	212	21513.6	18.8	24.4	2.2662	4.6	1.5
11748	2002	213	21945.6	19.7	28	2.5969	3.9	0
11748	2002	214	5788.8	17.5	22.3	2.1806	2.9	8.5
11748	2002	215	8035.2	17.1	21	2.0245	2.7	0
11748	2002	216	7430.4	18.2	20.5	2.0851	4.1	1.4
11748	2002	217	7430.4	17.3	20.8	2.0465	4.3	36.5
11748	2002	218	9849.6	17.4	21.3	2.1299	3.2	33.3
11748	2002	219	18835.2	17.3	21.5	1.9566	5.2	0
11748	2002	220	19872	15.3	22.3	1.7549	4.6	0
11748	2002	221	13651.2	15.9	23.3	1.9128	2.6	0
11748	2002	222	16243.2	15.5	23.9	1.9476	3.6	0
11748	2002	223	19180.8	16.6	25.4	2.2094	2.8	0.6
11748	2002	224	5356.8	18.8	21.3	2.2009	4.9	3.8
11748	2002	225	10454.4	16.6	20.8	1.8086	7.5	0
11748	2002	226	16243.2	16.5	23.6	1.8731	5.1	0
11748	2002	227	20995.2	15.2	22.9	1.8265	3.4	0
11748	2002	228	13046.4	16	24.5	2.1097	2.1	0
11748	2002	229	16329.6	17.4	23.6	2.1906	3.9	0
11748	2002	230	20995.2	16.7	23.2	2.0012	4.8	0
11748	2002	231	22291.2	15.5	28.7	1.885	3.5	0
11748	2002	232	22291.2	15.5	27.5	1.6637	3.7	0
11748	2002	233	21081.6	14.1	27.7	1.9244	3.5	0
11748	2002	234	21427.2	15.5	24.2	1.9889	3.9	0
11748	2002	235	20649.6	17	25.9	2.0414	4.2	0
11748	2002	236	18057.6	16.7	25.8	1.8401	4.5	0
11748	2002	237	17971.2	15.9	26.5	1.6586	3.1	0
11748	2002	238	12009.6	15.2	27.2	2.0356	2	0
11748	2002	239	19526.4	14.5	29	2.0272	1.7	0
11748	2002	240	18489.6	14.8	26.4	1.8893	1.6	0
11748	2002	241	15292.8	15.7	24.3	1.9841	1.8	0
11748	2002	242	15465.6	15	25.2	1.8319	2.2	0
11748	2002	243	16243.2	15.2	26	1.7924	4.1	0
11748	2002	244	15638.4	12.2	20.8	1.2934	3.8	0
11748	2002	245	18316.8	11.1	21.4	1.4206	2.4	0
11748	2002	246	18489.6	10.1	22.8	1.4388	4.2	0
11748	2002	247	16243.2	16.1	27.8	1.789	3.2	0
11748	2002	248	13737.6	15	25	1.844	1.8	0
11748	2002	249	15724.8	13.1	23.6	1.4956	2.3	0
11748	2002	250	14947.2	12.8	24.6	1.5502	2.2	0
11748	2002	251	17107.2	13.4	25.8	1.6167	3.6	0
11748	2002	252	16761.6	14.7	23.1	1.9185	5.2	0
11748	2002	253	15033.6	14.7	21.8	1.9468	4.5	0
11748	2002	254	9936	14.6	21	1.7094	5.7	0.2
11748	2002	255	16588.8	10.3	20.6	1.455	2.4	0
11748	2002	256	14947.2	10.4	22.3	1.6339	2.5	0
11748	2002	257	8899.2	14	19.2	1.5091	4.7	0.1
11748	2002	258	13046.4	9	16.8	1.0702	4.9	0
11748	2002	259	7948.8	8.5	17.2	1.1556	2.3	0.7
11748	2002	260	12873.6	11.6	20.1	1.4747	3.2	0.2
11748	2002	261	12700.8	11.4	20.2	1.4342	4.8	0
11748	2002	262	10454.4	10.4	18.8	1.3445	1.8	0
11748	2002	263	6393.6	11.6	17	1.3024	3.5	0.6
11748	2002	264	5097.6	10.2	15	1.3409	2.1	8.6
11748	2002	265	3974.4	10.4	13.3	1.2625	4.1	1.3
11748	2002	266	9331.2	6.5	13.3	0.841	8	1.3
11748	2002	267	13996.8	5.5	15	0.9357	2.2	0
11748	2002	268	5356.8	8.9	15.3	1.1706	3.5	3.2
11748	2002	269	5443.2	9.9	16.3	1.3854	4.4	5.9
11748	2002	270	8985.6	4.7	13.3	0.9063	4.2	1.9
11748	2002	271	7257.6	3.7	13.9	0.9621	2.6	0
11748	2002	272	3024	11.8	16	1.396	2.9	0
11748	2002	273	9590.4	11	18.7	1.2651	2.9	0
11748	2002	274	9676.8	9.5	18.4	1.321	1.6	0
11748	2002	275	11404.8	6.4	19.7	1.2909	1.1	0
11748	2002	276	10540.8	7.2	19.9	1.3336	1.2	1.3
11748	2002	277	8380.8	11.1	16.3	1.2684	6.2	0
11748	2002	278	8985.6	11.1	16.3	1.2997	5.5	9.3
11748	2002	279	3715.2	6.1	11.3	0.9556	8.4	6.9
11748	2002	280	9072	3.3	8.8	0.6754	4.7	0.9
11748	2002	281	2592	5.9	11.4	0.9972	6.6	2.2
11748	2002	282	7171.2	6.1	11.1	0.9045	4.1	0.7
11748	2002	283	10454.4	3.5	10.6	0.7737	3.7	2
11748	2002	284	6393.6	2.5	10.3	0.7783	3.5	0
11748	2002	285	3369.6	3.8	5.8	0.5676	6.6	0
11748	2002	286	2332.8	2	4.5	0.6402	4.8	3.2
11748	2002	287	2332.8	1.4	4.7	0.6996	2.2	4
11748	2002	288	2246.4	4.6	7.6	0.913	2.1	0
11748	2002	289	2937.6	6.2	12.5	1.1276	2.2	4.3
11748	2002	290	2592	9.1	12.8	1.0719	5.2	1.1
11748	2002	291	3888	4.4	9.2	0.889	4.2	4.3
11748	2002	292	6048	0	8.1	0.7018	4	2
11748	2002	293	6134.4	-0.4	9.1	0.725	3	0
11748	2002	294	1987.2	1.3	4.7	0.7199	3.4	10.2
11748	2002	295	1987.2	4.6	12.3	1.1054	2.2	0.5
11748	2002	296	2332.8	7	14.3	1.1532	4.3	1.3
11748	2002	297	4838.4	3.4	8.7	0.7692	4.7	0
11748	2002	298	4233.6	2.6	10.6	0.8379	4.4	7.8
11748	2002	299	2246.4	7.3	11	1.043	5.8	0.7
11748	2002	300	1814.4	6.4	12.3	1.0689	5.5	8.7
11748	2002	301	5184	5.3	10.4	0.8278	10.4	0.6
11748	2002	302	6393.6	4.2	10.2	0.8934	3.5	3.6
11748	2002	303	3974.4	3.1	9.6	0.9002	2.2	0.7
11748	2002	304	2505.6	0.1	8.3	0.7752	2.3	0
11748	2002	305	1641.6	5.7	9.7	0.9664	3.1	4.6
11748	2002	306	4579.2	0.2	7.7	0.6806	4.9	0
11748	2002	307	3542.4	-0.6	5.5	0.6267	4.5	0
11748	2002	308	5961.6	-3.1	5.6	0.5216	4.2	0
11748	2002	309	1814.4	-3.6	3.3	0.4895	1	0
11748	2002	310	6307.2	-2.6	2	0.4484	3.9	0
11748	2002	311	4147.2	-4	1.4	0.4667	3.1	0.6
11748	2002	312	3456	0.4	8.3	0.7667	3.1	6.8
11748	2002	313	1382.4	0.7	5.7	0.7071	5.6	9.7
11748	2002	314	2160	-2.1	4.6	0.6019	2.1	0
11748	2002	315	1296	-2.5	3	0.5973	2	0
11748	2002	316	1296	0.7	7.6	0.7971	3.6	1
11748	2002	317	3888	6	10.7	0.9772	3.4	0.2
11748	2002	318	3024	5.5	9.7	0.939	2.5	0.5
11748	2002	319	1209.6	3.3	7.8	0.897	1	0.2
11748	2002	320	1209.6	4.4	7.8	0.9224	3.2	5.3
11748	2002	321	1123.2	5.4	7.8	0.945	5	9.5
11748	2002	322	2851.2	3.9	9.5	0.9319	1.7	0
11748	2002	323	3888	0.7	6.1	0.6548	4	0
11748	2002	324	1123.2	-2.5	1.9	0.4244	2.2	0
11748	2002	325	4233.6	-4.7	3	0.5054	3.6	0
11748	2002	326	1036.8	1.4	4.2	0.6873	4.7	0.2
11748	2002	327	1036.8	2.7	4	0.769	1.2	8.8
11748	2002	328	1036.8	2.4	5.5	0.8022	2.4	0
11748	2002	329	1036.8	2.9	6.3	0.8311	2.9	0
11748	2002	330	950.4	4.9	9.1	0.8912	4.1	0
11748	2002	331	950.4	1.5	7.1	0.7059	2.3	0
11748	2002	332	950.4	4.2	5.8	0.7849	4.3	0
11748	2002	333	950.4	5.6	7.1	0.948	3.6	0.1
11748	2002	334	950.4	1.5	5.6	0.7405	4.4	3.1
11748	2002	335	950.4	0.5	2.7	0.6721	1.7	0.1
11748	2002	336	950.4	2.7	5.4	0.767	3.9	0.2
11748	2002	337	864	1.6	5.4	0.7379	3.8	0
11748	2002	338	864	0.7	2	0.6197	3.2	0
11748	2002	339	864	-1.3	1.8	0.5537	4.9	0
11748	2002	340	864	-1.1	1.5	0.5083	6	0
11748	2002	341	3196.8	-4.4	0	0.3692	9	0
11748	2002	342	3283.2	-4.8	1.5	0.4332	6.5	0
11748	2002	343	2937.6	-10.8	-4.8	0.2891	3.8	0
11748	2002	344	3369.6	-12	-4.2	0.2724	1.3	0
11748	2002	345	1036.8	-6.8	0.4	0.3379	1	0
11748	2002	346	3369.6	-9.7	-1.4	0.3437	1.9	0
11748	2002	347	1728	-10.6	-3.3	0.316	1.5	0
11748	2002	348	2505.6	-9.2	0.1	0.3795	3	0
11748	2002	349	777.6	-4.2	-1.1	0.3923	5.5	0
11748	2002	350	777.6	-3.4	-2	0.4008	4.7	0.4
11748	2002	351	777.6	-2.4	1.1	0.5245	2.9	0
11748	2002	352	777.6	-3.4	2.8	0.55	3.3	0.4
11748	2002	353	777.6	-5.8	-0.9	0.4535	2	0
11748	2002	354	777.6	-2.9	-0.4	0.482	3.3	0
11748	2002	355	777.6	-2.7	1	0.5341	3.7	0.4
11748	2002	356	777.6	-7.7	-0.7	0.4031	3.2	0
11748	2002	357	3024	-5	-0.1	0.3445	4.9	0
11748	2002	358	777.6	-6.3	-3.7	0.2192	6.8	0
11748	2002	359	1987.2	-5.2	-2.7	0.251	4.5	0
11748	2002	360	777.6	-3.3	1.3	0.443	3.2	0.7
11748	2002	361	777.6	-0.2	2.7	0.6487	3	4.4
11748	2002	362	864	2.6	6.4	0.8085	3.6	2
11748	2002	363	864	0.1	6.4	0.7327	3.9	1.2
11748	2002	364	864	-2.2	0.4	0.515	5.7	0.3
11748	2002	365	2419.2	-11.4	-2.1	0.3061	3.2	0.1
