*---------------------------------------------------------------------------*
* Station name: GREIFSWALD                              
* Year: 1987
* Author: Pedro Alencar                                   -999.000: NIL VALUE
* Source: ECAD 
* Comments: 
* Longitude: 54.0978, latitude: 54.0978, altitude: 2 m.
*
* Column  Daily value
* 1       station number
* 2       year
* 3       day
* 4       irradiation                   (kJ m-2 d-1)
* 5       minimum temperature           (degrees Celsius)
* 6       maximum temperature           (degrees Celsius)
* 7       early morning vapour pressure (kPa)
* 8       mean wind speed (height: 2 m) (m s-1)
* 9       precipitation                 (mm d-1)
*
** WCCDESCRIPTION=GERMANY, GREIFSWALD                              
** WCCFORMAT=2
** WCCYEARNR=1987
*---------------------------------------------------------------------------*
   54.0978  13.4075    2.  -0.18 -0.55
11748	1987	1	1468.8	-0.2	4.1	0.6399	4	0.8
11748	1987	2	864	-4	-0.2	0.3562	4.1	0
11748	1987	3	1468.8	-6.1	0.6	0.3993	4.3	1.3
11748	1987	4	2073.6	-7	-1.6	0.3334	3.3	7.2
11748	1987	5	1555.2	-3.5	2.6	0.5322	5.5	0.9
11748	1987	6	864	-2.6	1.8	0.4688	7.6	1.6
11748	1987	7	2592	-8.1	-2.6	0.3284	3.8	0.1
11748	1987	8	950.4	-10.4	-1.7	0.3113	5.1	3
11748	1987	9	1468.8	-8.7	0	0.3631	7.2	0.7
11748	1987	10	950.4	-10	-6	0.2679	5.4	7.4
11748	1987	11	1900.8	-14.6	-8.5	0.1922	3.2	11.6
11748	1987	12	950.4	-15	-4.9	0.2471	6.9	8.5
11748	1987	13	1641.6	-15.5	-4.9	0.2141	0.8	0
11748	1987	14	1036.8	-16.7	-12.8	0.1423	0.9	0
11748	1987	15	2592	-17.6	-6	0.1909	4.2	0
11748	1987	16	3369.6	-10.4	-6	0.2769	3.5	0
11748	1987	17	3628.8	-19	-8.1	0.1893	0.8	0
11748	1987	18	3715.2	-18.8	-8.1	0.1887	1.6	0
11748	1987	19	1900.8	-12.5	-6.9	0.2344	2.2	0
11748	1987	20	3715.2	-16.1	-9.6	0.2004	1.6	0
11748	1987	21	1123.2	-16.1	-6	0.2475	2.4	0.7
11748	1987	22	1123.2	-6	1.1	0.5002	2	1.6
11748	1987	23	1209.6	0.2	1.7	0.6348	1.7	2.6
11748	1987	24	1209.6	-0.7	1.1	0.5393	3.2	0.4
11748	1987	25	1209.6	-0.3	4.2	0.5766	10.8	0.3
11748	1987	26	4665.6	-2	2.8	0.4466	6.6	0
11748	1987	27	2419.2	-8.2	0.7	0.3521	4.8	3.5
11748	1987	28	4838.4	-10.4	0.9	0.3738	2.6	0
11748	1987	29	4406.4	-11.3	-6.9	0.2489	3.6	0.8
11748	1987	30	2160	-16.7	-6.8	0.1767	5.8	0
11748	1987	31	1382.4	-7.5	1.9	0.4078	6.3	0
11748	1987	32	5529.6	-5.1	0.9	0.3824	3.5	0
11748	1987	33	5356.8	-10.7	0	0.2874	1.6	0
11748	1987	34	5616	-10	-1.2	0.3021	2.8	0
11748	1987	35	1468.8	-6.1	1.3	0.5021	2.8	0
11748	1987	36	1555.2	1.1	3.5	0.6561	4.5	0
11748	1987	37	1555.2	3.2	5.6	0.7359	7.3	5.4
11748	1987	38	3801.6	-1.9	6.3	0.5942	7.4	1.3
11748	1987	39	1641.6	-2.3	1.7	0.5141	4.5	1.8
11748	1987	40	1641.6	0.6	2.9	0.6793	2.5	0.5
11748	1987	41	1728	2.2	5	0.7589	3.6	2.2
11748	1987	42	6652.8	1.5	6.6	0.6691	4	0
11748	1987	43	1728	0.7	3.2	0.6821	1.4	0
11748	1987	44	1814.4	0.1	2.7	0.6625	2.7	1.2
11748	1987	45	1814.4	-0.5	2.7	0.655	2	0
11748	1987	46	1900.8	-0.6	0.5	0.5905	4.6	8.6
11748	1987	47	1900.8	-0.9	0	0.5558	5.9	6.8
11748	1987	48	1987.2	-1.8	-0.8	0.489	3.3	0.5
11748	1987	49	1987.2	-1.5	0	0.5149	2.9	0.9
11748	1987	50	2073.6	-2.4	-0.8	0.4457	5.1	0
11748	1987	51	5875.2	-5.1	-0.6	0.3964	3.9	0
11748	1987	52	8294.4	-9.5	0.1	0.3709	1.4	0
11748	1987	53	5443.2	-7.7	3	0.4114	5.2	0
11748	1987	54	8899.2	-4.5	0.8	0.3308	4.3	0
11748	1987	55	7430.4	-7.1	1.3	0.39	3.9	0
11748	1987	56	5011.2	-6.2	2	0.4557	2.5	0
11748	1987	57	8985.6	-5.6	0.1	0.3594	3.3	0
11748	1987	58	2419.2	-7	0.8	0.3939	4.5	2.6
11748	1987	59	2419.2	-1.9	1	0.5085	4.6	0.3
11748	1987	60	9072	-5.6	-1.8	0.3208	2.8	0.2
11748	1987	61	10022.4	-9.4	-5.6	0.2263	5.7	0.6
11748	1987	62	8467.2	-11	-5.9	0.2392	4.4	0
11748	1987	63	10022.4	-9.5	-3.4	0.2793	2.9	1.7
11748	1987	64	4406.4	-6.8	-1.6	0.3807	1.8	0.9
11748	1987	65	10627.2	-15.2	-4.5	0.2375	1.7	0
11748	1987	66	5443.2	-13.5	-5.3	0.2461	4.8	0.6
11748	1987	67	3024	-5.3	-0.8	0.4149	2.3	0
11748	1987	68	11750.4	-10.1	0.5	0.3638	3.4	0
11748	1987	69	11577.6	-10	0.3	0.3795	3.1	0
11748	1987	70	12009.6	-11.9	-0.1	0.3282	1.9	0
11748	1987	71	11750.4	-15.2	-2.3	0.2747	0.7	0
11748	1987	72	12787.2	-14.1	-0.9	0.2645	1.9	0
11748	1987	73	10713.6	-11.4	-0.3	0.3438	1.1	0
11748	1987	74	8985.6	-11.9	2.6	0.329	3.2	1
11748	1987	75	3456	-1.2	1.6	0.5579	3.5	0
11748	1987	76	10022.4	-2.3	2.4	0.4722	3.1	2.7
11748	1987	77	3542.4	-0.7	3.7	0.6128	5.1	3.3
11748	1987	78	4060.8	0.3	3.3	0.5426	5.3	0.8
11748	1987	79	8899.2	0.1	4.2	0.5492	2.6	0
11748	1987	80	10454.4	-3.1	4.4	0.538	3.2	0.4
11748	1987	81	5356.8	-0.8	5.1	0.5778	3.8	1.2
11748	1987	82	12614.4	-0.9	7.4	0.5785	3.2	0
11748	1987	83	3888	0.8	5.1	0.6947	1.7	0.2
11748	1987	84	3974.4	1.5	5.4	0.7744	2.1	4.1
11748	1987	85	10368	3.9	8.7	0.773	4.8	1.2
11748	1987	86	7171.2	5	12.8	0.7293	6.9	2.5
11748	1987	87	15292.8	6.8	12.1	0.7095	8	0.9
11748	1987	88	5184	3.3	9.6	0.7135	6.7	0.2
11748	1987	89	12268.8	2.7	6.9	0.5676	6	0
11748	1987	90	17193.6	-0.3	9.6	0.6468	2.8	0
11748	1987	91	4320	-1.8	3.4	0.6215	2.8	0.7
11748	1987	92	4406.4	1.2	4.8	0.7199	1.7	0.4
11748	1987	93	14860.8	1.9	9.7	0.7191	3.3	0
11748	1987	94	10195.2	1.9	9.6	0.7442	4	0
11748	1987	95	4579.2	2.3	7.2	0.7456	3.5	1.4
11748	1987	96	14601.6	1.9	11.9	0.8056	4.8	0
11748	1987	97	13737.6	3.7	12	0.8914	2.7	0.6
11748	1987	98	8985.6	3.1	13.1	0.8959	3	0
11748	1987	99	6652.8	3.2	9.6	0.884	3.5	2.5
11748	1987	100	4838.4	4.2	6.9	0.8427	2	19.8
11748	1987	101	18144	4.1	12.1	0.7664	4	0
11748	1987	102	8035.2	4.6	9.3	0.8283	2.1	0
11748	1987	103	6393.6	3.9	8.8	0.7852	1.3	0
11748	1987	104	16156.8	0.3	10.5	0.7353	1.4	0
11748	1987	105	5097.6	5.4	8.7	0.7737	3.4	0
11748	1987	106	19872	3.9	12.2	0.7208	5.6	0
11748	1987	107	18057.6	3.9	10.5	0.7005	7.3	0
11748	1987	108	21427.2	3.3	11	0.6273	2.9	0
11748	1987	109	18489.6	3.7	16.8	0.6238	3	7.2
11748	1987	110	13219.2	8	13.6	0.9577	4.8	2.6
11748	1987	111	5443.2	4.8	10.8	0.9413	2.8	1.1
11748	1987	112	9417.6	2.9	11.2	0.7637	2.2	0
11748	1987	113	14342.4	8.2	16.5	0.9893	3.5	0
11748	1987	114	18057.6	5.9	18.5	0.9512	2.1	0
11748	1987	115	22118.4	6.7	17.5	0.9591	2.8	0
11748	1987	116	17625.6	4.5	13.9	0.8489	4.7	0
11748	1987	117	21340.8	-2.1	11.8	0.5782	1.1	0
11748	1987	118	23155.2	3.9	18.6	0.6801	2.5	0
11748	1987	119	23155.2	5.4	24	0.8019	3.5	0
11748	1987	120	21945.6	11.7	26.6	1.2179	2.9	0.3
11748	1987	121	15552	12.8	19	1.4253	2	0.5
11748	1987	122	12614.4	11	18.8	1.4215	3.1	3.5
11748	1987	123	19612.8	6.9	12.1	0.8543	3.5	8.5
11748	1987	124	6048	5.5	9.3	0.988	8	0.5
11748	1987	125	15206.4	5.4	11.1	0.8942	3.7	0.9
11748	1987	126	10022.4	5.6	11.5	0.9237	2.8	0.4
11748	1987	127	25315.2	6.3	15	0.8713	3.6	0
11748	1987	128	24710.4	3.2	15.5	0.7987	4	0
11748	1987	129	21686.4	7.9	18.2	1.0507	4.6	0
11748	1987	130	14774.4	7.4	17	1.0222	4.4	0.5
11748	1987	131	16934.4	5.3	11.3	0.8316	5.7	7
11748	1987	132	6307.2	6.9	11.8	1.0219	5.5	1.6
11748	1987	133	19872	6.2	12.2	0.8372	5.2	0.9
11748	1987	134	19699.2	3.9	13.1	0.8208	3.4	0.4
11748	1987	135	12441.6	4.8	13.5	0.9503	3.2	5
11748	1987	136	17884.8	8	14.2	1.0034	3	0
11748	1987	137	19958.4	5.7	12.5	0.8778	4.1	0.3
11748	1987	138	18489.6	5.2	16.2	0.8614	1.8	0
11748	1987	139	24883.2	3.2	15.7	0.816	2.6	1.5
11748	1987	140	22636.8	6.7	13	0.8625	4.5	3.5
11748	1987	141	12700.8	5.8	11.4	0.938	2.9	0.6
11748	1987	142	11059.2	7	10.9	0.9605	5.5	0
11748	1987	143	27561.6	6.7	15.2	0.8105	3.8	0
11748	1987	144	27216	7.7	15.3	0.949	4.7	0
11748	1987	145	27561.6	5	11.3	0.8015	3.4	0
11748	1987	146	27129.6	1.6	18.1	0.8017	1.5	0
11748	1987	147	23500.8	4.7	20.9	0.9598	2.1	1.2
11748	1987	148	10972.8	8.4	14.1	1.0401	5	0.3
11748	1987	149	6825.6	7	10.3	0.9636	1.6	0
11748	1987	150	20736	4.5	14.1	0.8897	1.5	0
11748	1987	151	20563.2	2.7	16	0.8457	2.3	0.3
11748	1987	152	7948.8	9	12.5	1.1738	1.5	4.7
11748	1987	153	12873.6	10.1	13.9	1.163	4.6	0
11748	1987	154	14601.6	6.6	16.3	1.0539	2.2	0.1
11748	1987	155	11491.2	11	19.2	1.5084	0.9	27.4
11748	1987	156	19353.6	10.6	18.3	1.4137	1.3	0.9
11748	1987	157	16848	9.3	19.9	1.3113	2.4	0.8
11748	1987	158	20908.8	10.1	21.3	1.2647	3.1	0
11748	1987	159	12873.6	10.1	19.7	1.2692	5.5	1.5
11748	1987	160	24451.2	9.5	19.6	1.1085	3.9	0.1
11748	1987	161	23673.6	8.2	19	1.2135	2.1	0.7
11748	1987	162	21254.4	10	22.3	1.3566	3	3.4
11748	1987	163	16243.2	11.8	15.3	1.1941	3.5	0
11748	1987	164	20131.2	6.7	16.4	1.0473	2.4	0.6
11748	1987	165	18403.2	10.8	18.8	1.3619	3.5	0
11748	1987	166	6566.4	6.6	16.2	1.2525	3.1	17.2
11748	1987	167	6566.4	8.5	13.2	1.1557	6.7	2.9
11748	1987	168	24105.6	8.8	15.4	1.0155	7.1	1.3
11748	1987	169	7344	8	13.4	1.1571	5.7	6.4
11748	1987	170	17884.8	9	16.8	1.1742	3.7	0.1
11748	1987	171	13824	8.3	21.5	1.4553	1.2	0.5
11748	1987	172	20476.8	8.3	19.7	1.3412	3.1	0
11748	1987	173	15379.2	9.1	17.2	1.2087	2	0.1
11748	1987	174	13478.4	11.6	16.6	1.366	2.5	16.2
11748	1987	175	22118.4	11.2	17.9	1.1747	3.6	0
11748	1987	176	17539.2	9.3	16.5	1.0405	3.4	0
11748	1987	177	11404.8	10.9	19.8	1.3935	3.9	1.4
11748	1987	178	19008	8.1	18.5	1.19	2.8	10.2
11748	1987	179	22204.8	11.4	20.4	1.4614	1.1	0.5
11748	1987	180	10713.6	15.7	26	2.0169	2.8	0
11748	1987	181	22291.2	19.5	31.6	2.482	2.2	0.1
11748	1987	182	20217.6	16.1	25.7	1.8751	2.4	0.9
11748	1987	183	22377.6	11.9	21.1	1.3121	2.3	0
11748	1987	184	22291.2	9.5	21.8	1.3495	0.9	0
11748	1987	185	25401.6	9.6	19.9	1.257	2.4	0
11748	1987	186	27302.4	9.4	21.4	1.328	1.3	0
11748	1987	187	26956.8	9.9	24.2	1.2616	1.7	0
11748	1987	188	26611.2	14.7	29	1.5166	2.5	0
11748	1987	189	16934.4	16.2	27.2	1.9174	2.6	0
11748	1987	190	20822.4	11.3	18	1.2655	4	6.3
11748	1987	191	22636.8	9.7	17.5	1.1202	5.7	2.8
11748	1987	192	6393.6	11.1	18.1	1.5436	1.6	20.1
11748	1987	193	16588.8	14.4	19.8	1.5772	4.1	7.1
11748	1987	194	24019.2	12.6	18.6	1.2213	6	0
11748	1987	195	24019.2	9.1	19.6	1.3393	2	0
11748	1987	196	23414.4	11.4	23.6	1.4178	3.3	1.3
11748	1987	197	23587.2	14.9	23.3	1.6777	3.6	0
11748	1987	198	12268.8	16	21.3	1.6956	4.1	0
11748	1987	199	6220.8	15.8	20.8	1.8899	1.3	74.6
11748	1987	200	18403.2	13.1	22	1.7628	2.3	4.2
11748	1987	201	18835.2	14.4	21.7	1.7985	2	20.8
11748	1987	202	6134.4	14.3	19.1	1.7845	1.1	3.9
11748	1987	203	16675.2	15.5	20.5	1.9371	0.8	2
11748	1987	204	10108.8	13.4	20.1	1.7711	1.1	0.4
11748	1987	205	12960	14.4	19.6	1.6833	3.8	4
11748	1987	206	21340.8	11.9	17.5	1.2863	5.1	3.4
11748	1987	207	21340.8	9.2	16.5	1.0963	5.5	0.3
11748	1987	208	11836.8	9.6	15.8	1.2177	4.5	0
11748	1987	209	12787.2	10.3	17.2	1.2725	4.5	0.3
11748	1987	210	12873.6	11.5	17.3	1.2289	3.4	0
11748	1987	211	9590.4	13.5	20.8	1.7189	2.5	1.9
11748	1987	212	11836.8	11.4	17.1	1.4118	4.1	3.6
11748	1987	213	17366.4	12.8	18.7	1.4475	6.2	1.2
11748	1987	214	21340.8	10.2	17	1.2446	5.5	7.1
11748	1987	215	13305.6	10	17.1	1.2871	4	5.4
11748	1987	216	15638.4	10.3	16.5	1.29	3.9	7.4
11748	1987	217	10800	11.3	17.2	1.3144	5.5	5.7
11748	1987	218	10800	11.4	16	1.2371	4.5	0
11748	1987	219	21945.6	7	18.4	0.9976	3.8	0
11748	1987	220	11923.2	10.1	16.6	1.148	3.6	0
11748	1987	221	9849.6	11	18.2	1.3777	1.4	2.8
11748	1987	222	9244.8	10.8	17	1.4436	0.6	16.3
11748	1987	223	21427.2	11.2	17.6	1.2289	3.8	0
11748	1987	224	16934.4	8.9	18	1.2171	1.3	0
11748	1987	225	20736	7.4	21.2	1.1396	1.3	3.1
11748	1987	226	9417.6	13	20.2	1.6412	3.1	1.1
11748	1987	227	13564.8	12.1	17.2	1.4487	5.8	3.6
11748	1987	228	16416	10.6	18.8	1.3365	1.8	0
11748	1987	229	5184	13.1	19.9	1.6683	2.5	7.2
11748	1987	230	5097.6	15.4	19.4	1.8058	1.5	0.6
11748	1987	231	12096	13.3	21.2	1.6512	1.6	0
11748	1987	232	16243.2	11	19	1.4136	1.3	0
11748	1987	233	20908.8	8.6	24.6	1.4525	2	0
11748	1987	234	20476.8	15.8	28.2	1.768	3.3	0
11748	1987	235	19008	16.1	27.4	1.9492	2.1	0.1
11748	1987	236	10454.4	17.9	24	2.1778	1.8	0
11748	1987	237	15033.6	16.1	25.1	1.962	2.7	2.5
11748	1987	238	9849.6	14.8	23.6	1.7325	4.1	0.3
11748	1987	239	11145.6	12.7	20.4	1.4855	2.7	4.2
11748	1987	240	12096	12.3	18.1	1.3974	5.7	0.2
11748	1987	241	18662.4	10.2	17.8	1.1656	4.5	0
11748	1987	242	9331.2	9.9	17.4	1.1862	3.9	0.5
11748	1987	243	16588.8	12.6	19.8	1.4712	2.9	0
11748	1987	244	18403.2	6.3	19.5	1.204	1.5	0
11748	1987	245	13564.8	10.5	20.5	1.4597	2	0
11748	1987	246	13651.2	11.9	20.6	1.642	1.1	0
11748	1987	247	8640	9.7	20.7	1.4836	1.2	0
11748	1987	248	13824	14	23.1	1.5997	2.3	0.6
11748	1987	249	10454.4	15.5	21	1.6328	2.7	1.5
11748	1987	250	11836.8	12.7	17.6	1.3413	5.5	3.3
11748	1987	251	15724.8	10.1	18.1	1.2214	4.6	0.1
11748	1987	252	13651.2	9.3	18	1.1862	3.7	0
11748	1987	253	10713.6	9.9	21.2	1.3232	4.2	7.4
11748	1987	254	13564.8	10.6	17.7	1.1931	4.7	1.3
11748	1987	255	3801.6	10.4	18.9	1.3322	4.8	4.9
11748	1987	256	13564.8	13.5	19.6	1.2787	4.8	4
11748	1987	257	12700.8	11.6	17.7	1.2489	3	0.2
11748	1987	258	13824	11.9	17.7	1.1265	7	0
11748	1987	259	5184	8.2	15.7	1.0893	2	0
11748	1987	260	3628.8	6.6	14.9	1.0835	2.5	5.3
11748	1987	261	7776	12.3	17.6	1.3921	4.5	0.2
11748	1987	262	12096	7.2	15.1	0.9405	3.7	2.2
11748	1987	263	6220.8	7.9	13.6	1.0706	1.4	4.3
11748	1987	264	12009.6	5.6	16.9	1.0534	3.1	1.7
11748	1987	265	8294.4	12.2	24.9	1.7277	3.4	0
11748	1987	266	4233.6	14	20.1	1.7275	1.6	6
11748	1987	267	6307.2	12.2	16.1	1.3543	2.8	1.3
11748	1987	268	11318.4	10	14.8	1.1076	4.5	0.8
11748	1987	269	12182.4	7.2	14.6	1.0032	3.4	1.6
11748	1987	270	9763.2	6.6	12.6	0.9556	5.5	3.5
11748	1987	271	10540.8	6.1	12.8	0.9815	4.2	1.1
11748	1987	272	11059.2	4.3	13	0.9748	1.7	0
11748	1987	273	10540.8	5.2	13.8	0.9374	1.6	0
11748	1987	274	8640	2.5	12.4	0.8158	1.3	0
11748	1987	275	12182.4	3	13.2	0.7988	2.5	0
11748	1987	276	11664	2.6	14	0.7988	2.8	0
11748	1987	277	11232	3.2	15.1	0.7765	3.1	0
11748	1987	278	10368	5.7	15.4	0.9037	4	0
11748	1987	279	8899.2	9.8	18.9	1.2413	4.3	0
11748	1987	280	10108.8	9.8	18.4	1.1249	4.5	0
11748	1987	281	5529.6	8.4	17.4	1.1148	6.3	0.3
11748	1987	282	9072	7.9	13.9	0.899	5.4	0.1
11748	1987	283	10540.8	6.5	17.5	0.9528	4.8	0
11748	1987	284	7603.2	11	17.2	1.2696	3.3	0
11748	1987	285	3110.4	9.1	18.9	1.3252	4.6	0
11748	1987	286	8812.8	7.2	15.5	1.0336	3.3	0
11748	1987	287	6566.4	6.6	14.5	1.0438	3	0.2
11748	1987	288	4320	7.3	15.6	1.0134	5.9	3.8
11748	1987	289	3456	13	19.2	1.3157	4.9	0.1
11748	1987	290	3628.8	11.2	17.1	1.3059	1.6	0.5
11748	1987	291	8294.4	7.3	16.2	1.2404	0.8	0
11748	1987	292	2073.6	3.4	11.5	0.9914	0.7	0
11748	1987	293	2073.6	6.7	11.8	1.0734	2.3	0
11748	1987	294	8035.2	6.3	12.1	0.9884	3.8	0
11748	1987	295	5702.4	4.7	12.5	0.9938	1.7	0.3
11748	1987	296	3628.8	5.5	12	1.0265	1.3	3
11748	1987	297	1900.8	7.1	11.1	1.1088	1.8	1.5
11748	1987	298	5270.4	5.3	10.1	0.9874	2.5	1.2
11748	1987	299	4060.8	-0.8	7	0.7479	2.1	0
11748	1987	300	6048	2	9.9	0.7918	5.5	0
11748	1987	301	6480	2.3	9.4	0.6938	6.5	0
11748	1987	302	6480	1.3	7.7	0.6232	4.4	0
11748	1987	303	6739.2	0.5	8	0.5545	3.7	0
11748	1987	304	5788.8	-0.5	6	0.5285	4.2	0
11748	1987	305	1641.6	2.7	7.5	0.7377	1.6	0
11748	1987	306	1555.2	5.2	7.5	0.8906	1.8	0
11748	1987	307	1555.2	5.5	8.4	0.9181	1.5	0
11748	1987	308	1468.8	3	9.2	0.8848	1.3	0
11748	1987	309	1468.8	4.3	9	0.8407	3.5	0.2
11748	1987	310	1468.8	7.6	9.5	0.8903	5.9	0
11748	1987	311	1382.4	7	8.7	0.9021	3.6	0.7
11748	1987	312	2419.2	5.4	9.4	0.8954	3.3	0
11748	1987	313	1382.4	1.9	6.5	0.7834	1.4	0
11748	1987	314	4665.6	0.4	7.4	0.6702	1.9	0
11748	1987	315	1296	-0.8	6.6	0.6997	3.1	2.4
11748	1987	316	1296	5.2	9.3	0.8964	6.5	2.1
11748	1987	317	4838.4	4.3	8.7	0.7934	4.6	5.2
11748	1987	318	2419.2	3.1	8.7	0.8541	3.7	0.3
11748	1987	319	1209.6	3.2	6.4	0.774	3.6	0.1
11748	1987	320	1209.6	3.5	8.4	0.8011	4.3	1.8
11748	1987	321	1123.2	8.1	9.9	1.0211	5.3	3.6
11748	1987	322	1123.2	8.3	9.4	0.9881	5	3.8
11748	1987	323	1123.2	7.3	10	1.0644	3.8	19.8
11748	1987	324	2937.6	6	9.3	0.9422	3	2.9
11748	1987	325	1036.8	2.8	7.1	0.7821	2.2	3.3
11748	1987	326	1555.2	4.5	7.5	0.8693	3.3	0.8
11748	1987	327	1036.8	3.1	6.1	0.7378	3.7	0
11748	1987	328	1036.8	0.8	3.1	0.5555	4.6	2.1
11748	1987	329	1036.8	1.6	4.2	0.7148	5.5	6.6
11748	1987	330	3110.4	2	5.8	0.7348	3	0
11748	1987	331	1814.4	-2.6	4.1	0.5999	2	0
11748	1987	332	950.4	2	5	0.7301	4	3.7
11748	1987	333	950.4	2.8	4.2	0.6987	2.7	0.7
11748	1987	334	1728	1.3	4.6	0.6569	1.4	0
11748	1987	335	2592	1.7	5.5	0.6878	2.5	1.2
11748	1987	336	950.4	0.6	4.6	0.6923	3.3	1.4
11748	1987	337	864	-0.5	1.3	0.5975	2	0
11748	1987	338	864	-2.1	1.1	0.542	3.3	0
11748	1987	339	864	-0.6	1.1	0.5662	1.7	0
11748	1987	340	864	0.1	1.7	0.5478	1.6	0.3
11748	1987	341	3024	-4.3	2.1	0.4116	5.1	1.3
11748	1987	342	3024	-6.7	0.1	0.3929	2.8	0
11748	1987	343	864	-6.5	-2.1	0.3778	5.4	0
11748	1987	344	864	-2.1	6.6	0.6394	6.9	0.2
11748	1987	345	2937.6	-0.3	6.4	0.5855	4.1	0
11748	1987	346	864	-3.4	0.7	0.4816	1.3	0
11748	1987	347	2851.2	-6	-1.9	0.4107	2.6	0
11748	1987	348	777.6	-6.6	-4	0.3874	2	0
11748	1987	349	777.6	-4.1	-3	0.4232	3.9	0
11748	1987	350	777.6	-5.8	-3.1	0.3999	2.6	0
11748	1987	351	777.6	-3.1	0.3	0.4909	3.3	0
11748	1987	352	777.6	-0.1	11.1	0.8397	6.1	6
11748	1987	353	777.6	6.8	9.4	1.0147	6.3	2.1
11748	1987	354	777.6	6.1	8.6	0.9641	5.8	6.8
11748	1987	355	2419.2	6.3	9.3	0.9307	7.2	1
11748	1987	356	1728	5.6	7.9	0.8859	5.6	1.2
11748	1987	357	2937.6	2	6.5	0.7282	4.3	0
11748	1987	358	777.6	-0.3	2	0.6238	3	0
11748	1987	359	1641.6	-1	1.6	0.562	3.4	0.5
11748	1987	360	777.6	1.5	7.2	0.7584	4.7	3.1
11748	1987	361	777.6	6.1	9.2	0.9945	5.6	6.1
11748	1987	362	864	7.8	10.4	1.0164	6.4	7.4
11748	1987	363	864	8.8	11	1.0847	6.1	2.2
11748	1987	364	1900.8	7.2	11.3	0.9684	7.7	0
11748	1987	365	1468.8	3.1	7.2	0.8196	4.2	0
