*---------------------------------------------------------------------------*
* Station name: SALZBURG-FLUGHAFEN                      
* Year: 1999
* Author: Pedro Alencar                                   -999.000: NIL VALUE
* Source: ECAD 
* Comments: 
* Longitude: 47.7892, latitude: 47.7892, altitude: 430 m.
*
* Column  Daily value
* 1       station number
* 2       year
* 3       day
* 4       irradiation                   (kJ m-2 d-1)
* 5       minimum temperature           (degrees Celsius)
* 6       maximum temperature           (degrees Celsius)
* 7       early morning vapour pressure (kPa)
* 8       mean wind speed (height: 2 m) (m s-1)
* 9       precipitation                 (mm d-1)
*
** WCCDESCRIPTION=GERMANY, SALZBURG-FLUGHAFEN                      
** WCCFORMAT=2
** WCCYEARNR=1999
*---------------------------------------------------------------------------*
   47.7892  13.0081    430.  -0.18 -0.55
24043	1999	1	3024	-3.9	5	0.4832	0.6	0
24043	1999	2	2764.8	-5	-0.1	0.456	1	0
24043	1999	3	3283.2	-2.1	6	0.5766	1.5	3.6
24043	1999	4	1296	3.2	9.2	0.7772	1.5	3.4
24043	1999	5	4579.2	4.4	10.3	0.841	1.5	0
24043	1999	6	6220.8	0.1	11.1	0.6365	0.6	0
24043	1999	7	5097.6	1.2	11.5	0.6033	1	7.5
24043	1999	8	950.4	3.5	10.3	0.9249	1	18.6
24043	1999	9	2332.8	0.5	4.5	0.6728	1	0.1
24043	1999	10	5097.6	-0.5	4.5	0.5928	1	0
24043	1999	11	6134.4	-0.6	13.4	0.5477	2.6	0.1
24043	1999	12	2160	-1.3	3.4	0.468	2.1	0
24043	1999	13	1036.8	-4.7	1.6	0.4473	0.6	0.4
24043	1999	14	1468.8	-1.4	4.2	0.5205	2.1	2.8
24043	1999	15	4320	-0.7	6.2	0.5881	1	0
24043	1999	16	5356.8	-1.8	8.7	0.485	1	0
24043	1999	17	7171.2	-1.9	8.7	0.4755	1	0
24043	1999	18	5616	-1.9	2.7	0.5787	2.1	0
24043	1999	19	6566.4	-4.3	5.9	0.5374	0.2	0
24043	1999	20	6825.6	-4.6	4.5	0.5357	1.5	0
24043	1999	21	5702.4	-4.3	1.1	0.5	1.5	0
24043	1999	22	6652.8	-4.8	2.4	0.487	1.5	0
24043	1999	23	6480	-4.7	1.6	0.4746	1.5	0
24043	1999	24	7171.2	-6.7	8.1	0.4371	1	0
24043	1999	25	5356.8	-2	8.9	0.4537	0.2	0
24043	1999	26	5616	-0.9	9.8	0.6042	1.5	1.9
24043	1999	27	1987.2	0.4	6.6	0.6594	2.1	5.9
24043	1999	28	2505.6	0.2	2.5	0.5928	1.5	29.5
24043	1999	29	2246.4	-4.7	0.7	0.4591	2.1	1.8
24043	1999	30	4233.6	-7.6	-4.6	0.3218	2.1	2.4
24043	1999	31	8985.6	-8.2	-3.4	0.3213	1	0.2
24043	1999	32	6393.6	-14.4	-5.1	0.2306	1.5	0.2
24043	1999	33	3024	-6.2	-0.5	0.4153	1	0.6
24043	1999	34	2764.8	-1.9	1.1	0.5579	1	10.1
24043	1999	35	2505.6	0.3	7.3	0.6494	1.5	1.8
24043	1999	36	1555.2	0.1	9.7	0.6495	3.2	11.4
24043	1999	37	2764.8	-0.5	1.8	0.4868	3.2	1.9
24043	1999	38	1382.4	-0.9	1.6	0.5766	1.5	4.9
24043	1999	39	3369.6	-2.7	0.1	0.4001	1.5	0
24043	1999	40	3542.4	-8.2	-1.4	0.351	0.6	6
24043	1999	41	3715.2	-4.3	-2.1	0.4055	0.6	0.8
24043	1999	42	4838.4	-5.4	-3	0.3628	1.5	0.7
24043	1999	43	6652.8	-13.1	-4.6	0.2569	1.5	2.3
24043	1999	44	5961.6	-7	-2.9	0.3428	1	5.2
24043	1999	45	4147.2	-5.5	-1.5	0.4201	1	3.9
24043	1999	46	10627.2	-4.9	1.7	0.4457	1	0
24043	1999	47	3715.2	-7	4.2	0.3861	1.5	3
24043	1999	48	1555.2	-2.6	4.1	0.5677	2.1	8.1
24043	1999	49	6307.2	-2.6	1.9	0.4408	1.5	5.8
24043	1999	50	1641.6	-1.2	2.3	0.6168	1	47.4
24043	1999	51	1728	1.7	4	0.7347	1	28.5
24043	1999	52	1209.6	0.8	3.8	0.6921	1	34
24043	1999	53	4665.6	-0.3	3.8	0.5268	2.1	6.4
24043	1999	54	2851.2	-1	2.1	0.426	3.8	2.3
24043	1999	55	4320	-0.9	3.4	0.5283	1.5	8.6
24043	1999	56	12873.6	-6.9	2.8	0.4469	1	0
24043	1999	57	9072	-5.2	6.7	0.4322	1.5	0
24043	1999	58	13478.4	-3.2	12.8	0.6106	1	0
24043	1999	59	10627.2	-0.9	10.4	0.6685	0.6	0
24043	1999	60	12614.4	1.6	13.2	0.6793	0.6	6.5
24043	1999	61	3110.4	3.6	7.8	0.8789	1	4.1
24043	1999	62	11491.2	4.2	14.2	0.8605	1.5	0
24043	1999	63	8035.2	3.9	16.3	0.4323	3.8	1.7
24043	1999	64	4147.2	3.1	12.4	0.9276	1	3.6
24043	1999	65	11836.8	-0.1	8.6	0.5213	1	13.2
24043	1999	66	2764.8	0.2	5.8	0.7274	1	8.3
24043	1999	67	12787.2	-2.8	7.1	0.4422	2.1	6.7
24043	1999	68	7430.4	2	10.1	0.741	1.5	2.7
24043	1999	69	13824	3.6	17.3	0.7081	1	0.1
24043	1999	70	4924.8	3.2	10.8	0.8412	1.5	0.1
24043	1999	71	13651.2	-0.3	13.5	0.7599	1	0
24043	1999	72	14083.2	0.8	18.1	0.816	1.5	0
24043	1999	73	13564.8	1.5	16.8	0.8112	1	0
24043	1999	74	4060.8	5.5	11.6	0.946	1	0.1
24043	1999	75	10454.4	4	9.5	0.6595	2.6	0
24043	1999	76	13996.8	-2.1	6.6	0.4741	1.5	0
24043	1999	77	15984	-4.4	7.3	0.4478	1	0
24043	1999	78	14428.8	-3.4	9.8	0.5534	2.1	5.3
24043	1999	79	4838.4	0.5	4.7	0.685	1	4.8
24043	1999	80	14256	0.5	10.4	0.6209	1	0
24043	1999	81	7689.6	3	10.2	0.7112	0.6	1.8
24043	1999	82	6048	3.1	6.9	0.7326	1.5	14.5
24043	1999	83	14947.2	2.5	15.3	0.7863	1.5	0.2
24043	1999	84	18144	5	21.4	0.6215	2.1	0
24043	1999	85	11836.8	7.9	18.3	0.6777	2.6	0
24043	1999	86	13824	7	19.9	0.7241	2.6	0
24043	1999	87	6652.8	7.3	13.1	0.858	2.1	7
24043	1999	88	2246.4	5.2	8.8	0.9413	0.2	7.1
24043	1999	89	7171.2	5.2	10.6	0.8519	1	0.1
24043	1999	90	16588.8	2.4	16	0.721	1	0
24043	1999	91	16243.2	2	17.7	0.6924	1.5	0
24043	1999	92	19440	2.4	17.5	0.6114	1	0
24043	1999	93	17884.8	4.5	17.6	0.7764	1	0
24043	1999	94	9936	6.5	16.7	1.0099	1	37.3
24043	1999	95	8208	7.3	13.4	0.9043	1	0
24043	1999	96	17539.2	7.4	21.1	0.9412	1	0.2
24043	1999	97	4233.6	7.7	16	1.1654	0.2	22.8
24043	1999	98	3456	4.9	8.8	0.9217	1	7.3
24043	1999	99	8467.2	5.8	11.2	0.8208	1	0
24043	1999	100	21513.6	1.4	15.8	0.6588	0.6	0
24043	1999	101	3542.4	8.1	12.5	1.0015	2.6	3.3
24043	1999	102	19440	5.5	13.9	0.8177	1	9.5
24043	1999	103	7430.4	5.1	11.3	0.7499	2.1	2.6
24043	1999	104	20217.6	3.2	15.8	0.5933	2.1	0
24043	1999	105	9676.8	6.8	13.3	0.7879	1.5	0.5
24043	1999	106	4233.6	2.5	6.8	0.7574	2.1	6
24043	1999	107	11318.4	1.3	8.5	0.5802	1.5	0.2
24043	1999	108	9590.4	3.7	9.6	0.743	1.5	1.9
24043	1999	109	8467.2	3.6	8.3	0.7918	1	3.5
24043	1999	110	22896	2.1	13	0.5927	1.5	0
24043	1999	111	9417.6	6.3	17	0.89	1.5	13.2
24043	1999	112	10972.8	8.9	14.9	0.8909	2.1	0
24043	1999	113	21254.4	5.5	19	0.8404	1	0
24043	1999	114	15724.8	6.2	17.8	1.0649	1.5	17.3
24043	1999	115	18489.6	9.2	18.1	1.0145	1.5	0.3
24043	1999	116	24019.2	5.4	20.7	0.8406	2.1	0
24043	1999	117	15984	6	18.9	1.0102	1.5	2.7
24043	1999	118	17193.6	10.3	19.5	1.083	2.1	0
24043	1999	119	23587.2	6.3	22.5	0.9667	2.1	0.2
24043	1999	120	7171.2	11.3	18.7	1.4306	1.5	2.6
24043	1999	121	15984	8.9	21.3	1.2342	1	1.9
24043	1999	122	17020.8	10.9	22.7	1.2036	1	0
24043	1999	123	23673.6	8.5	24.6	1.0907	2.1	0
24043	1999	124	6825.6	10.6	20.2	1.1184	1	0.4
24043	1999	125	6566.4	10.3	18.1	1.4881	1	8.4
24043	1999	126	2160	8.4	10.7	1.1429	1	20.5
24043	1999	127	24278.4	9.1	21.8	1.1395	2.1	0
24043	1999	128	11750.4	10.5	20.9	1.4785	1	26.4
24043	1999	129	21772.8	11.6	20.2	1.0645	1.5	0
24043	1999	130	24105.6	9.4	25.7	0.9615	1.5	8
24043	1999	131	9504	12.5	21.1	1.5666	0.6	38.8
24043	1999	132	9849.6	12.4	17	1.2696	1	15.1
24043	1999	133	13046.4	11.3	18	1.2322	1.5	6.8
24043	1999	134	5529.6	12.1	15.7	1.4595	0.6	4.5
24043	1999	135	8812.8	10.8	15.1	1.193	1	3.7
24043	1999	136	19353.6	7	15.4	0.731	1	0
24043	1999	137	26179.2	3.8	22.1	0.8947	1.5	0
24043	1999	138	25833.6	8.2	23	1.1328	1	0
24043	1999	139	27907.2	9.1	26.2	0.7862	3.2	0
24043	1999	140	18662.4	11.6	24.3	1.4585	2.1	67.7
24043	1999	141	2419.2	9.2	13.8	1.2608	1.5	24.4
24043	1999	142	5529.6	8.9	14.2	1.2242	1	19.2
24043	1999	143	12528	9.8	15.5	1.009	1	0
24043	1999	144	28425.6	8.1	22.8	1.0168	2.1	0
24043	1999	145	15984	10.1	23.9	1.1996	1.5	7.7
24043	1999	146	27907.2	10.9	24.8	1.1024	2.6	0
24043	1999	147	27043.2	12	28	1.2605	1.5	0
24043	1999	148	27388.8	14.4	28.2	1.5677	2.1	1.1
24043	1999	149	26179.2	14.4	28.4	1.3992	2.1	0
24043	1999	150	26352	14.9	30.5	1.4593	2.1	0.8
24043	1999	151	20390.4	16.7	28.1	1.6763	1.5	16.6
24043	1999	152	25747.2	15.1	27.6	1.471	1.5	0
24043	1999	153	19872	16.7	29.6	1.7259	0.6	2.7
24043	1999	154	29030.4	13.3	25.9	1.2296	2.6	7.9
24043	1999	155	10108.8	13.4	22.9	1.6226	1.5	2.5
24043	1999	156	28684.8	10.2	27.5	0.9997	1.5	0
24043	1999	157	12441.6	12	23.3	1.4313	2.1	0
24043	1999	158	8985.6	12.2	16.5	1.2249	1.5	0
24043	1999	159	7603.2	10	17.5	1.3511	2.1	10.4
24043	1999	160	29980.8	6.6	22.1	0.931	2.1	0
24043	1999	161	23587.2	10.3	24.3	1.2226	1	1.7
24043	1999	162	4924.8	13.6	21.2	1.6669	1.5	6.5
24043	1999	163	17884.8	12.5	21.2	1.2649	1.5	0.1
24043	1999	164	19353.6	10.2	21.8	1.1439	1.5	0
24043	1999	165	20304	13.7	22.9	1.5119	1.5	0.4
24043	1999	166	8899.2	15.1	19.8	1.5726	2.1	0.9
24043	1999	167	8553.6	15.2	19.6	1.5677	1	1.2
24043	1999	168	11318.4	14.4	20.3	1.7605	1	17.8
24043	1999	169	9331.2	12.4	16.7	1.3732	1	20.8
24043	1999	170	21427.2	7.8	18.1	0.9395	1	0
24043	1999	171	23846.4	8.2	20.9	1.0092	1	1.6
24043	1999	172	4665.6	10	17.8	1.4753	1	19.5
24043	1999	173	9417.6	9.4	13.8	1.0917	2.1	5.7
24043	1999	174	26265.6	7.4	19	0.8034	1.5	0
24043	1999	175	26092.8	7.8	21.3	0.8272	1	0
24043	1999	176	28944	8.5	24.7	0.8489	2.1	0
24043	1999	177	27475.2	10.8	29.3	1.1005	1.5	3.4
24043	1999	178	11491.2	15.8	24.8	2.0211	1	4.9
24043	1999	179	7862.4	14.3	17.7	1.4526	1	2
24043	1999	180	24192	10.2	24.9	1.1819	1	0
24043	1999	181	16329.6	14.2	24.6	1.6193	1	5.4
24043	1999	182	19267.2	15.1	23.8	1.5115	1	0
24043	1999	183	22982.4	13.6	26.9	1.3512	1.5	0
24043	1999	184	28512	14.4	31.3	1.417	1.5	0
24043	1999	185	26870.4	16.3	34.5	1.5537	2.1	0
24043	1999	186	27388.8	18.8	34.8	1.6523	1	0
24043	1999	187	12614.4	15.9	28.6	2.2774	2.1	9.5
24043	1999	188	10454.4	13.5	21.6	1.8229	1	26
24043	1999	189	4838.4	13.8	15.9	1.5687	1.5	29.5
24043	1999	190	4060.8	12.4	15.1	1.4767	1	18.4
24043	1999	191	8985.6	14	19.5	1.6569	0.2	3.1
24043	1999	192	11232	15.6	22.5	1.8045	1	1.2
24043	1999	193	16675.2	15	24.4	1.558	1	0.1
24043	1999	194	18662.4	17	26.3	1.6532	2.1	0.9
24043	1999	195	10540.8	16.8	24	1.5551	2.1	16.4
24043	1999	196	8121.6	13.4	19.7	1.5608	1	4
24043	1999	197	15292.8	12.6	21.6	1.4603	1.5	2.4
24043	1999	198	27475.2	12.5	26.1	1.2963	2.1	0
24043	1999	199	27907.2	12.7	29	1.3528	1.5	0
24043	1999	200	27129.6	13.5	30.5	1.3194	1.5	0
24043	1999	201	24278.4	15.5	28.9	1.6828	1.5	0.6
24043	1999	202	17193.6	18.4	26.7	2.1009	1	5.9
24043	1999	203	3024	14.2	20.7	1.8513	0.6	38.9
24043	1999	204	8294.4	10.9	16.8	1.2334	1.5	38.7
24043	1999	205	11232	11	17.8	1.2781	1	1
24043	1999	206	26611.2	8.4	23.9	1.2649	1.5	0
24043	1999	207	24796.8	13	27	1.5406	1	0
24043	1999	208	24883.2	15.1	28.2	1.4982	2.1	0
24043	1999	209	12182.4	16.3	24.6	1.7279	1.5	0
24043	1999	210	17107.2	15	25.1	1.358	1.5	0
24043	1999	211	26697.6	11.1	25.1	1.0576	2.6	0
24043	1999	212	26006.4	10.5	26.1	1.0289	2.1	0
24043	1999	213	26092.8	11.8	27	1.1245	1.5	0
24043	1999	214	24969.6	12	27.2	1.1841	2.6	0
24043	1999	215	22377.6	11.9	26.8	1.1883	1	0
24043	1999	216	24624	14.1	28.8	1.378	1.5	0
24043	1999	217	16934.4	16	28.1	1.694	1	0
24043	1999	218	20908.8	17.9	30	1.8109	0.6	0
24043	1999	219	12614.4	18.3	26.7	2.0946	2.1	1.3
24043	1999	220	17280	15.2	28.9	1.5881	1.5	0
24043	1999	221	20217.6	16.7	27.4	1.7469	1	27.5
24043	1999	222	7344	16.6	23.8	2.1032	1	13.6
24043	1999	223	11836.8	14.4	22.2	1.8269	1.5	4.2
24043	1999	224	11145.6	14.3	19.4	1.4374	1.5	1.2
24043	1999	225	12787.2	12.9	18.9	1.299	1.5	0
24043	1999	226	18403.2	10.6	23.2	1.2305	1	2.5
24043	1999	227	7948.8	14.8	18.8	1.6239	1	4.9
24043	1999	228	5097.6	14.7	17.5	1.6629	1	10.7
24043	1999	229	9849.6	13.9	19.4	1.5139	1	0
24043	1999	230	13392	13.3	21.8	1.5225	1	11.5
24043	1999	231	13478.4	14.4	22.2	1.6169	1.5	21.7
24043	1999	232	4579.2	13.5	16.6	1.5378	1	2.8
24043	1999	233	20390.4	10.4	22.2	1.2956	1.5	0
24043	1999	234	19094.4	11.3	21.7	0.9372	1	0
24043	1999	235	21340.8	9.5	23	0.9409	1	0
24043	1999	236	13564.8	11.3	21.8	1.2035	1	0
24043	1999	237	18576	13.5	26.3	1.4383	1	0
24043	1999	238	15638.4	13.5	26.8	1.7198	1	34.3
24043	1999	239	6739.2	17.2	22	2.0038	1	0.4
24043	1999	240	15292.8	16.1	25.8	2.1036	0.6	18.5
24043	1999	241	7084.8	15.4	19.4	1.8256	0.6	11.2
24043	1999	242	4665.6	14.1	17.9	1.6523	1	2.8
24043	1999	243	8035.2	12.6	20.6	1.6223	1	0.1
24043	1999	244	3974.4	14.8	17.3	1.603	1.5	3.7
24043	1999	245	7862.4	10.3	15.4	1.3186	1	5.5
24043	1999	246	17020.8	8.9	21	1.3581	1	0
24043	1999	247	19180.8	11.3	24.5	1.5564	1	0
24043	1999	248	20390.4	9.4	24	1.4808	1	0
24043	1999	249	18057.6	13.3	25.9	1.6623	1	4.6
24043	1999	250	8121.6	15.2	20.1	1.7941	1	16.8
24043	1999	251	13132.8	12.6	22.1	1.721	1	0
24043	1999	252	17971.2	11.2	25.1	1.581	1.5	0
24043	1999	253	17539.2	12.5	25.2	1.5431	1	0
24043	1999	254	18921.6	10.7	26.2	1.6746	1	0
24043	1999	255	18230.4	12.4	26.9	1.8045	0.6	0
24043	1999	256	18662.4	12.6	27.1	1.8732	0.6	0
24043	1999	257	18489.6	11.3	26.8	1.7385	0.6	0
24043	1999	258	17280	11.7	26.9	1.7434	1	0
24043	1999	259	12096	13.4	21.5	1.6522	1	0.1
24043	1999	260	10108.8	15.2	21.7	1.8653	1	2.5
24043	1999	261	12528	14.8	21.9	1.8537	1.5	3.1
24043	1999	262	15811.2	11.3	26.2	1.4471	1	0
24043	1999	263	6912	16	26.3	1.3779	2.6	5.8
24043	1999	264	10022.4	13.7	22.8	1.7584	1	1.7
24043	1999	265	15465.6	12.1	25.5	1.5599	1.5	0
24043	1999	266	14688	11.7	25.7	1.7009	1	5.8
24043	1999	267	13305.6	13.3	23.7	1.7648	2.1	0
24043	1999	268	11145.6	13.3	22.7	1.7516	1.5	0.3
24043	1999	269	3542.4	14.4	17.8	1.736	1.5	16.7
24043	1999	270	12268.8	11.1	20.9	1.5434	0.6	0.1
24043	1999	271	4060.8	11.5	15.4	1.4482	0.6	4.7
24043	1999	272	8294.4	10.9	19.3	1.4056	1.5	0.4
24043	1999	273	12614.4	13.4	23.5	1.6322	1	11.1
24043	1999	274	6739.2	10.2	16.2	1.1975	1.5	0.2
24043	1999	275	14428.8	8	21.5	1.3743	1	0
24043	1999	276	8380.8	9.4	19.1	1.428	0.6	20.7
24043	1999	277	7516.8	7	12.6	1.0291	1	12.4
24043	1999	278	3628.8	7.2	10.1	1.0084	1	1.1
24043	1999	279	4752	6.4	9.9	0.9856	1	11.4
24043	1999	280	11836.8	6	13.2	1.0153	1	0
24043	1999	281	11923.2	2.6	14.9	0.8799	1.5	2
24043	1999	282	3628.8	8.9	15	1.1871	1	2.3
24043	1999	283	5529.6	11.1	16.7	1.4277	1	1.4
24043	1999	284	6307.2	11.4	16.9	1.4027	0.6	0
24043	1999	285	10627.2	10.4	18.3	1.3719	0.2	0
24043	1999	286	6825.6	5.7	13.7	1.0943	1	0
24043	1999	287	6307.2	8.7	14.4	1.1289	1.5	0
24043	1999	288	10195.2	8.6	14.6	1.0917	1	0
24043	1999	289	9331.2	3.8	12.2	0.8577	1.5	0
24043	1999	290	11491.2	-0.7	10.7	0.7064	1.5	0
24043	1999	291	11059.2	-1.9	9.8	0.6077	1	0
24043	1999	292	11750.4	-2.5	11.1	0.6394	1	0
24043	1999	293	10108.8	-1.2	12.9	0.7401	0.6	0
24043	1999	294	7344	2.5	13.8	0.9423	0.6	0
24043	1999	295	10368	4.3	16.7	1.091	0.2	0
24043	1999	296	2851.2	4.4	14.2	1.0302	1	1.4
24043	1999	297	7257.6	6.8	17.1	1.1312	1.5	0
24043	1999	298	7603.2	7.9	16.6	1.1395	2.1	0
24043	1999	299	7084.8	10.8	18.9	1.3494	0.6	0
24043	1999	300	8899.2	9.5	17	1.2318	1	0
24043	1999	301	9590.4	4.7	19	1.0683	0.6	5.2
24043	1999	302	4665.6	11.2	16.6	1.4119	0.2	6
24043	1999	303	6825.6	6.9	20.3	1.2913	1	0
24043	1999	304	5616	10.2	17	1.1513	2.6	0.1
24043	1999	305	9849.6	2.5	17.7	1.0376	1.5	0
24043	1999	306	8812.8	6	18.9	1.1113	0.6	4.6
24043	1999	307	1036.8	9.5	12	1.2383	1	11.1
24043	1999	308	4492.8	7.1	11.6	1.0924	1	0.3
24043	1999	309	7948.8	6.7	13.7	1.0818	1	0
24043	1999	310	2073.6	3.9	10	0.9481	1	7.3
24043	1999	311	1036.8	5	6.3	0.8303	1	2.8
24043	1999	312	604.8	4	6.1	0.8226	1	19.4
24043	1999	313	777.6	3	6.1	0.8113	0.6	19.7
24043	1999	314	1382.4	0.4	3.7	0.6941	1	4
24043	1999	315	5443.2	-0.4	6	0.6574	0.6	0
24043	1999	316	7689.6	-1.2	7.3	0.6692	0.6	0
24043	1999	317	1555.2	2.2	3.9	0.6692	1	0
24043	1999	318	1036.8	1.7	3.1	0.668	1	10.6
24043	1999	319	1123.2	0.3	1.8	0.6328	1	0.1
24043	1999	320	6134.4	-4.3	1.8	0.5075	2.1	0.2
24043	1999	321	2332.8	-0.3	2.4	0.5801	1.5	3.8
24043	1999	322	2851.2	-1.1	1.7	0.5807	0.6	1.1
24043	1999	323	1382.4	-1.9	-0.4	0.5449	1.5	10.3
24043	1999	324	4406.4	-7	0.3	0.4392	1	0
24043	1999	325	2851.2	-10.9	-4.8	0.3218	0.2	1.8
24043	1999	326	3801.6	-5	-1.2	0.4182	1	13
24043	1999	327	691.2	-3.4	0.8	0.5445	0.6	21.7
24043	1999	328	604.8	0.6	2.8	0.67	1	5.7
24043	1999	329	3801.6	0.6	5	0.6574	1	0
24043	1999	330	6652.8	-2.9	5.1	0.5756	0.6	0
24043	1999	331	6739.2	-4.1	5.2	0.5214	1	0
24043	1999	332	6739.2	-3.8	5.7	0.517	1	0
24043	1999	333	6652.8	-6.3	6.4	0.5212	1	0
24043	1999	334	6480	-7.2	3.1	0.4416	0.6	0
24043	1999	335	3628.8	-3.2	4.9	0.4613	0.6	1.4
24043	1999	336	1814.4	2	8.6	0.8103	0.6	8.2
24043	1999	337	5184	2.1	7.3	0.6661	2.1	0
24043	1999	338	3888	1.1	8.2	0.6979	1	4.7
24043	1999	339	1641.6	0.3	3.7	0.5716	1	1.6
24043	1999	340	5616	-0.8	3	0.4763	1.5	0
24043	1999	341	4838.4	-1.6	4.9	0.4818	2.1	1.4
24043	1999	342	3715.2	1.9	9.2	0.7974	1	0.2
24043	1999	343	5356.8	1.4	9.1	0.6301	1.5	0
24043	1999	344	2073.6	-0.6	5.9	0.6652	0.6	10.4
24043	1999	345	5616	1.3	6.2	0.6472	2.6	0
24043	1999	346	1555.2	3.8	8.6	0.7108	2.1	0.6
24043	1999	347	1123.2	3	7.6	0.6144	2.1	0.2
24043	1999	348	1209.6	0.8	4.6	0.5638	1.5	7
24043	1999	349	1987.2	0.1	1.6	0.5913	0.6	0.5
24043	1999	350	1814.4	-2	0.3	0.5169	1.5	0
24043	1999	351	5788.8	-6	-0.5	0.3703	2.6	0
24043	1999	352	1555.2	-2.3	2.8	0.5102	2.1	15.4
24043	1999	353	777.6	-1	4.1	0.6628	1.5	9.5
24043	1999	354	1987.2	-3	-0.9	0.4873	1.5	3.9
24043	1999	355	2246.4	-5.2	-0.5	0.4608	1	0.3
24043	1999	356	5961.6	-11.6	-2.6	0.3088	1	0
24043	1999	357	5702.4	-10.4	-0.5	0.3178	1	0
24043	1999	358	5184	-4.4	4.1	0.5016	0.6	0
24043	1999	359	2332.8	-4.8	4.5	0.5077	1.5	10.5
24043	1999	360	1123.2	1.2	10	0.7183	2.1	9.2
24043	1999	361	1468.8	1.7	7.8	0.7199	2.6	8.6
24043	1999	362	432	0.1	3	0.6423	3.2	7.4
24043	1999	363	1382.4	0	1.3	0.6277	1	6.8
24043	1999	364	1641.6	-1.5	0.8	0.548	0.6	0.2
24043	1999	365	4492.8	-6.1	-1	0.3715	2.1	0
