*---------------------------------------------------------------------------*
* Station name: SALZBURG-FLUGHAFEN                      
* Year: 2003
* Author: Pedro Alencar                                   -999.000: NIL VALUE
* Source: ECAD 
* Comments: 
* Longitude: 47.7892, latitude: 47.7892, altitude: 430 m.
*
* Column  Daily value
* 1       station number
* 2       year
* 3       day
* 4       irradiation                   (kJ m-2 d-1)
* 5       minimum temperature           (degrees Celsius)
* 6       maximum temperature           (degrees Celsius)
* 7       early morning vapour pressure (kPa)
* 8       mean wind speed (height: 2 m) (m s-1)
* 9       precipitation                 (mm d-1)
*
** WCCDESCRIPTION=GERMANY, SALZBURG-FLUGHAFEN                      
** WCCFORMAT=2
** WCCYEARNR=2003
*---------------------------------------------------------------------------*
   47.7892  13.0081    430.  -0.18 -0.55
24043	2003	1	3024	0	7.9	0.7293	0.6	1.8
24043	2003	2	864	4.5	9.2	0.7632	1.5	3
24043	2003	3	2764.8	4.5	11.4	0.6304	1.5	4
24043	2003	4	3024	3.6	7.4	0.8217	0.6	9.8
24043	2003	5	864	-2.8	4.6	0.5804	2.1	0.4
24043	2003	6	1382.4	-3.6	-2.5	0.4052	2.1	1.4
24043	2003	7	1987.2	-6.4	-3.3	0.3795	1	1
24043	2003	8	5702.4	-14.1	-5.3	0.255	0.6	0
24043	2003	9	1468.8	-13.3	-8.8	0.2317	0.6	3.9
24043	2003	10	3110.4	-9.4	-6.4	0.2936	0.6	1.2
24043	2003	11	5011.2	-16	-6.7	0.2236	0.2	0
24043	2003	12	5961.6	-16.7	-7.1	0.2139	0.2	0
24043	2003	13	2592	-17.9	-3.5	0.2355	1.5	11.2
24043	2003	14	1555.2	-3.5	2.1	0.569	0.2	4.3
24043	2003	15	6220.8	-1.4	5.5	0.6303	1	0
24043	2003	16	950.4	-5.1	2	0.5182	0.2	0.1
24043	2003	17	6393.6	-5.6	4.7	0.5085	1	0
24043	2003	18	4406.4	-4	4	0.4644	0.6	0
24043	2003	19	6912	-7.2	5.5	0.4422	0.6	0.2
24043	2003	20	6134.4	-3.9	6.2	0.498	1	0
24043	2003	21	4233.6	-4.1	5.4	0.5252	1	2.8
24043	2003	22	2419.2	-1.9	3.7	0.6326	0.6	6.4
24043	2003	23	1123.2	1	4.1	0.6825	0.6	7.4
24043	2003	24	777.6	0.2	4	0.6965	0.6	22.7
24043	2003	25	2937.6	0.2	2.5	0.6197	0.6	0
24043	2003	26	1123.2	-1.4	1.2	0.5762	0	1.3
24043	2003	27	1123.2	-1.2	1.6	0.5889	0.2	26.9
24043	2003	28	2246.4	1.2	10.1	0.739	1.5	1.3
24043	2003	29	4924.8	0.1	4.5	0.5696	1.5	6.6
24043	2003	30	5184	-1.2	1.8	0.5745	1.5	2.1
24043	2003	31	3628.8	-2.9	0.4	0.4629	1	0.2
24043	2003	32	6998.4	-7.6	-1.8	0.3191	1	0
24043	2003	33	1382.4	-10.3	-2.8	0.3034	1	0.1
24043	2003	34	5443.2	-2.9	5.2	0.4449	1	2.7
24043	2003	35	1987.2	-0.8	3	0.602	1.5	3
24043	2003	36	1987.2	-2.5	0.2	0.4663	1.5	3.2
24043	2003	37	1468.8	-1.9	-0.4	0.5	1.5	4.4
24043	2003	38	7344	-5	2.2	0.364	1.5	2.9
24043	2003	39	1468.8	-2	0.8	0.5732	0.6	17.4
24043	2003	40	7084.8	-3.2	0.8	0.5206	1	0
24043	2003	41	3369.6	-4.7	-1.8	0.4184	1.5	0
24043	2003	42	2764.8	-4.6	-2.5	0.4232	1	0
24043	2003	43	10368	-6.8	-1.3	0.385	1.5	0
24043	2003	44	8812.8	-12.4	-2.9	0.2959	1.5	0
24043	2003	45	4665.6	-11.5	-3.9	0.305	0.2	0
24043	2003	46	7862.4	-14.9	-3.2	0.2591	1.5	0
24043	2003	47	9676.8	-6.7	-0.4	0.3715	1	0
24043	2003	48	10627.2	-14.3	0.5	0.299	1	0
24043	2003	49	10886.4	-14.5	-0.6	0.2739	1.5	0
24043	2003	50	11145.6	-15	0.3	0.2888	1.5	0
24043	2003	51	11232	-12.7	2.7	0.3457	0.6	0
24043	2003	52	9158.4	-11	2.4	0.3867	0.2	0
24043	2003	53	10195.2	-9.1	3.4	0.4311	0.6	0
24043	2003	54	12355.2	-10.2	6.1	0.4101	1	0
24043	2003	55	12873.6	-10	7	0.4106	1.5	0
24043	2003	56	13046.4	-10.2	9.4	0.4392	1	0
24043	2003	57	13478.4	-6	11.5	0.5062	1	0
24043	2003	58	13392	-6.9	10.3	0.4766	1	0
24043	2003	59	12700.8	-3.3	12.5	0.5682	0.6	0
24043	2003	60	5011.2	-0.8	9	0.606	0.2	5.1
24043	2003	61	5616	-0.4	7.9	0.7271	0.2	1.5
24043	2003	62	3715.2	2.2	6.4	0.6727	0.6	2.2
24043	2003	63	14169.6	0.3	10.4	0.6613	1	0
24043	2003	64	9072	-2.2	10.7	0.6041	0.6	0
24043	2003	65	9936	-3.5	6.6	0.5535	0.6	11.3
24043	2003	66	3628.8	2.3	6.1	0.7339	0.6	1.6
24043	2003	67	6825.6	-2.5	9.1	0.6734	0.6	0
24043	2003	68	6998.4	-1	11.7	0.5719	0.6	0
24043	2003	69	15552	0.6	18.5	0.7143	1.5	0
24043	2003	70	12009.6	4.6	20.6	0.787	1	0
24043	2003	71	2332.8	4.6	15.1	1.0811	1.5	15.9
24043	2003	72	3024	2	5.9	0.6806	2.1	1.5
24043	2003	73	5616	-1	3	0.4729	1	0.4
24043	2003	74	11059.2	-0.3	5.5	0.5229	1.5	0
24043	2003	75	10108.8	0.2	6	0.5495	1.5	0
24043	2003	76	16243.2	-1.6	10.9	0.5362	1	0
24043	2003	77	15984	-1.6	11	0.5893	1.5	0
24043	2003	78	16416	-1.6	12.6	0.605	1.5	0
24043	2003	79	16761.6	2.3	14.4	0.6588	1.5	0
24043	2003	80	15206.4	-1.8	9.2	0.5812	1	0
24043	2003	81	18057.6	-4	9.6	0.4482	2.1	0
24043	2003	82	18489.6	-4.4	14.4	0.532	1.5	0
24043	2003	83	17971.2	-1.2	18.1	0.6632	1.5	0
24043	2003	84	17798.4	1.4	18.5	0.7215	1.5	0
24043	2003	85	16675.2	2.1	18.7	0.8317	1.5	0
24043	2003	86	16761.6	2.8	20.6	0.8105	1.5	0
24043	2003	87	17280	4.8	20.8	0.886	1.5	0
24043	2003	88	7603.2	8.3	17.2	1.0745	0.6	0.1
24043	2003	89	13824	8.9	19.3	1.1892	0.6	8.2
24043	2003	90	8380.8	9.2	15.2	1.0506	1	8.4
24043	2003	91	20217.6	0.4	18	0.721	0.6	0
24043	2003	92	3542.4	4	12.1	0.8391	0.6	9.1
24043	2003	93	4924.8	2.6	5.7	0.7807	1	6.9
24043	2003	94	9331.2	1.4	8.7	0.6826	0.6	0.6
24043	2003	95	2073.6	0.7	7.7	0.6515	2.1	5.3
24043	2003	96	10972.8	-1.4	7.2	0.6245	2.1	1.9
24043	2003	97	7257.6	-3.9	0	0.4502	1.5	3.6
24043	2003	98	20476.8	-3	6	0.4358	1	1.6
24043	2003	99	11232	-1.4	4.6	0.5486	1	1.2
24043	2003	100	10022.4	-0.6	8.4	0.5814	1	0.2
24043	2003	101	17798.4	1.1	9.9	0.5869	1	0
24043	2003	102	13651.2	-0.7	12.5	0.6127	1.5	0
24043	2003	103	18144	5.1	16.7	0.8338	1	0
24043	2003	104	23155.2	0.9	21.2	0.7632	1.5	0
24043	2003	105	22982.4	8.6	20.4	0.8576	1.5	0
24043	2003	106	22550.4	4.4	21.8	0.8584	1	0
24043	2003	107	22204.8	3.8	18.9	0.8054	1	0
24043	2003	108	16502.4	3	16.1	0.7024	1.5	6.1
24043	2003	109	8640	3.8	12.9	0.9223	1	0.9
24043	2003	110	20908.8	4.5	21.8	0.6497	2.6	0
24043	2003	111	16848	9.8	19.5	0.8326	1	3.4
24043	2003	112	13046.4	8.8	16.3	1.1331	1.5	3.9
24043	2003	113	19267.2	5.4	18.1	0.9372	1.5	0.5
24043	2003	114	22204.8	6.5	18.6	0.8426	1	0
24043	2003	115	23068.8	4.9	21.9	0.86	1.5	0
24043	2003	116	20736	9.4	26.7	1.0336	1	4.5
24043	2003	117	12700.8	10.1	22.2	1.1916	2.6	0
24043	2003	118	20736	8.5	24	1.0332	1.5	0
24043	2003	119	22464	13.3	23.9	1.2196	2.1	0
24043	2003	120	16243.2	11.7	30.6	1.4531	1	7.4
24043	2003	121	17712	10.4	21.7	1.1658	0.6	0
24043	2003	122	16675.2	7.8	23.5	1.1719	0.6	9
24043	2003	123	15638.4	9.7	18.4	1.0732	1	0.6
24043	2003	124	26784	5.3	25.5	1.0834	1	0
24043	2003	125	26179.2	10.7	33.4	1.4823	1	0
24043	2003	126	24019.2	17.6	31.7	1.5788	1.5	0
24043	2003	127	24451.2	12.6	27.9	1.5882	1.5	0
24043	2003	128	20736	14.4	29.2	1.5381	1	0.2
24043	2003	129	16588.8	11.6	25.5	1.7064	1.5	8.6
24043	2003	130	20044.8	12.3	22.4	1.4836	1	32.9
24043	2003	131	15724.8	13	20.9	1.5237	0.6	5.3
24043	2003	132	13824	11.7	19.3	1.319	1	0
24043	2003	133	11577.6	9.5	20	1.5419	1	35.3
24043	2003	134	12873.6	5.2	12.3	0.9363	1	1.8
24043	2003	135	14256	5.5	12	0.8912	1	0.8
24043	2003	136	27820.8	2.3	19.3	0.7895	1	0
24043	2003	137	24451.2	8.7	23.1	0.9743	2.1	17.3
24043	2003	138	18748.8	10.9	19.7	1.2675	1	0
24043	2003	139	25228.8	13.3	27.8	1.4488	1.5	4
24043	2003	140	4838.4	9.8	23.1	1.719	1.5	25
24043	2003	141	15033.6	8.3	14.7	1.2066	1	9
24043	2003	142	13824	8.4	17.2	1.078	1	2.1
24043	2003	143	18662.4	10.6	22.1	1.3925	1	0.1
24043	2003	144	29203.2	10.2	29.2	1.1914	1	0
24043	2003	145	24710.4	15.2	24.8	1.6339	2.1	0
24043	2003	146	8640	14.5	20.2	1.6418	1.5	0.7
24043	2003	147	16588.8	16.1	23.9	1.7506	1.5	0
24043	2003	148	21600	12.7	24.8	1.6414	1	0
24043	2003	149	23328	11.6	26.2	1.6133	1	0
24043	2003	150	28598.4	12.9	27.8	1.4311	1	0
24043	2003	151	21081.6	14.5	28.3	1.8826	1.5	17.6
24043	2003	152	27907.2	14.4	26.1	1.5645	1	0
24043	2003	153	28598.4	12.2	26.9	1.362	1	0
24043	2003	154	28252.8	13.6	28.3	1.5591	1	0
24043	2003	155	27648	15.3	31.3	1.7986	0.6	0
24043	2003	156	21340.8	18.4	32.5	2.4349	1.5	7.3
24043	2003	157	21254.4	17.1	26.2	1.989	1.5	0.4
24043	2003	158	18230.4	17	26.6	1.8248	1	0
24043	2003	159	28339.2	17.1	31.1	1.7973	1.5	13.6
24043	2003	160	16243.2	17.3	27.3	2.1499	0.6	3.5
24043	2003	161	28512	15.3	31.3	1.7415	1	0.1
24043	2003	162	24796.8	19.6	30	2.1864	1.5	0.1
24043	2003	163	28339.2	18.4	34.1	1.9741	1	0.1
24043	2003	164	24364.8	20	30	2.1494	2.6	0.3
24043	2003	165	27043.2	18	30.7	1.9765	1.5	10.5
24043	2003	166	18576	17.1	27.4	1.9559	1	0
24043	2003	167	21600	16.6	25.6	1.5735	1.5	0
24043	2003	168	28080	13.8	27.8	1.4713	1	5.5
24043	2003	169	9676.8	16.3	25.1	2.0715	1	12.1
24043	2003	170	7948.8	16.5	21.2	1.7169	1	0.2
24043	2003	171	10454.4	16.8	24.6	2.1203	1	5.6
24043	2003	172	28598.4	15.5	23.1	1.2069	2.6	0
24043	2003	173	29808	11.3	27.7	1.3352	1.5	0
24043	2003	174	27388.8	14	34.8	1.6774	1.5	0
24043	2003	175	23155.2	18	29.7	1.8886	2.1	0
24043	2003	176	18144	18.8	27.1	1.9008	1.5	0
24043	2003	177	22464	17.4	27.2	1.7199	1.5	3.2
24043	2003	178	13824	16	24.3	2.1203	2.1	9.4
24043	2003	179	22896	15.3	25.9	1.6471	1	0
24043	2003	180	28080	15.4	29.2	1.5856	1	0
24043	2003	181	26697.6	17.7	33.1	1.8774	1.5	0
24043	2003	182	23932.8	14.3	27.4	2.1153	1.5	30.9
24043	2003	183	24796.8	12	24.4	1.2521	1.5	2.5
24043	2003	184	9417.6	13.9	21.6	1.6229	2.1	4.5
24043	2003	185	10108.8	11.2	17.3	1.3793	1	9.5
24043	2003	186	7689.6	12.5	18.9	1.4963	0.6	4.4
24043	2003	187	17712	13.6	22.2	1.413	2.1	0
24043	2003	188	29030.4	12.7	25.4	1.3424	1.5	0
24043	2003	189	21686.4	14.9	25.1	1.4939	1.5	0
24043	2003	190	22464	13.7	26.3	1.7273	1.5	0.4
24043	2003	191	22636.8	14.9	26.2	1.5213	1.5	0
24043	2003	192	25574.4	15	26.3	1.4821	2.1	0
24043	2003	193	17107.2	15.4	28.2	1.9812	1.5	1
24043	2003	194	26006.4	17.1	25.4	1.462	2.1	0
24043	2003	195	29203.2	11.1	27.3	1.2661	2.1	0
24043	2003	196	28512	11.6	30.1	1.402	1.5	0
24043	2003	197	26352	14.6	33.7	1.6525	1.5	7.6
24043	2003	198	18144	16.5	29.3	2.2574	1.5	15.8
24043	2003	199	18403.2	14.1	24.9	1.5162	1	0
24043	2003	200	28425.6	12.8	29	1.431	0.6	0
24043	2003	201	27907.2	13.9	31.8	1.5837	1.5	0
24043	2003	202	22032	17.1	33.3	2.1751	2.1	3.3
24043	2003	203	26697.6	17.9	32.2	1.8071	1	3.1
24043	2003	204	19958.4	17	28.9	1.9567	1	0
24043	2003	205	18403.2	15.9	29.5	2.1201	1.5	14.1
24043	2003	206	21945.6	15	25.9	1.6079	1	0
24043	2003	207	24192	15.8	30.6	1.6176	1	0
24043	2003	208	25747.2	17.5	35.7	2.1194	2.1	12.2
24043	2003	209	9331.2	17.5	25.9	2.2542	0.6	19
24043	2003	210	19353.6	13.9	23.5	1.3995	1	0.8
24043	2003	211	24537.6	13.8	25.9	1.4338	0.6	0
24043	2003	212	14515.2	13.4	23.8	1.5833	0.6	21.1
24043	2003	213	15033.6	15.2	24.4	1.8444	1	0.5
24043	2003	214	24796.8	16.9	30.1	1.9071	1.5	0
24043	2003	215	25660.8	17.4	32.8	2.0032	1	0
24043	2003	216	24883.2	18.2	34.4	2.253	0.6	0
24043	2003	217	24192	19.1	34.6	2.2566	0.6	0
24043	2003	218	20476.8	19.7	32.4	2.321	0.6	0
24043	2003	219	24019.2	19.4	31.3	2.0655	1	0
24043	2003	220	23328	18.5	33.6	1.951	1	0
24043	2003	221	23241.6	18.2	33.4	1.9887	1	0
24043	2003	222	20908.8	19.4	34.8	2.433	1	0.5
24043	2003	223	23241.6	17.7	31.9	1.999	1.5	0
24043	2003	224	22550.4	17.4	33.8	2.0308	0.6	0
24043	2003	225	23328	20	37.1	1.9855	1	0
24043	2003	226	17020.8	20.6	32.5	2.1825	1.5	6.1
24043	2003	227	7084.8	17.1	23	2.1307	1.5	12.4
24043	2003	228	22118.4	14.6	28.2	1.7554	1	0
24043	2003	229	19440	18.2	31.4	2.1552	1	0
24043	2003	230	16761.6	18.1	30.9	2.3931	1	10.6
24043	2003	231	15638.4	16.4	25.7	1.8426	0.6	0.3
24043	2003	232	20649.6	15.8	29.3	1.7462	1	0
24043	2003	233	21945.6	15.7	29	1.7791	0.6	0
24043	2003	234	18489.6	18.3	29	1.9536	0.6	0
24043	2003	235	22204.8	16.1	30.2	1.6976	1.5	0
24043	2003	236	22377.6	13.8	28.6	1.5832	1.5	0
24043	2003	237	20044.8	13.4	26.5	1.4893	1	0
24043	2003	238	21686.4	11.5	28.5	1.4005	1.5	0
24043	2003	239	19353.6	14.8	28.3	1.4891	1.5	0
24043	2003	240	19612.8	14.4	29.6	1.7416	1	0.9
24043	2003	241	9936	16.4	29	2.2302	1	20.9
24043	2003	242	7862.4	12.9	21.9	1.6669	0.6	18.6
24043	2003	243	4924.8	11.7	15.2	1.4636	1	15.2
24043	2003	244	11923.2	9.2	17.2	1.0914	1	2.8
24043	2003	245	9158.4	9.9	15.4	1.1991	1.5	4
24043	2003	246	21427.2	5.5	18.4	0.9078	0.6	0
24043	2003	247	21427.2	5.6	21.9	0.974	1.5	0
24043	2003	248	21254.4	6.8	24.1	1.2271	0.2	0
24043	2003	249	16070.4	9	22.4	1.3004	0.6	0
24043	2003	250	15033.6	11.7	23.7	1.5773	0.2	0
24043	2003	251	8985.6	13.6	19.6	1.4337	1	1.1
24043	2003	252	6998.4	14.4	18.6	1.6308	0.6	22.9
24043	2003	253	8380.8	13	19	1.3073	1	1.9
24043	2003	254	3628.8	9.9	15.5	1.247	0.6	18
24043	2003	255	1728	10.1	12.2	1.2452	2.1	24.9
24043	2003	256	3974.4	11.2	15	1.4005	1	10.9
24043	2003	257	13910.4	10.2	18.3	1.282	0.6	0
24043	2003	258	19008	5.1	20.4	1.1628	0.6	0
24043	2003	259	16934.4	7.2	21.3	1.3144	0.6	0
24043	2003	260	17625.6	8.7	23.8	1.4206	1	0
24043	2003	261	17798.4	9.3	25.8	1.5625	0.6	0
24043	2003	262	17452.8	11.5	27.7	1.7078	1	0
24043	2003	263	17107.2	11.9	27.7	1.8213	0.6	0
24043	2003	264	16070.4	13	27.2	1.738	1	0
24043	2003	265	15984	12.2	26.9	1.6798	1	0
24043	2003	266	7084.8	11.7	21.2	1.5696	1	27.4
24043	2003	267	5788.8	9.3	13.7	1.193	1	0.1
24043	2003	268	17971.2	3.5	18.3	1.0293	1	0
24043	2003	269	17366.4	4.8	22.6	1.1744	1	0
24043	2003	270	13651.2	10.6	21.9	1.4575	0.6	0
24043	2003	271	15465.6	8.5	23.2	1.4388	0.2	2.5
24043	2003	272	2246.4	10.8	16	1.4589	1	7.9
24043	2003	273	16070.4	5.2	18.8	1.163	1	0
24043	2003	274	10713.6	5.5	18.7	1.2271	0.6	0.2
24043	2003	275	10195.2	10.8	23.6	1.5284	1	0
24043	2003	276	8380.8	10.3	21.7	1.6342	1.5	11.8
24043	2003	277	3888	12.3	16.7	1.4842	1	29
24043	2003	278	2073.6	4.8	13.5	1.0894	2.1	42.1
24043	2003	279	9504	4.5	12.3	0.8593	1	1
24043	2003	280	2246.4	5.2	8.9	0.8943	1	17.9
24043	2003	281	950.4	2.7	7.9	0.6768	3.2	7.9
24043	2003	282	5011.2	4.5	11.9	0.8694	3.2	20
24043	2003	283	5788.8	7.7	15.3	1.1388	1.5	0.2
24043	2003	284	12787.2	9.6	18	1.2766	1.5	0
24043	2003	285	2073.6	9.3	11.4	1.1555	0.6	0.3
24043	2003	286	6307.2	7.6	12.8	1.0818	1	0
24043	2003	287	6307.2	3.6	11.4	0.7668	1.5	0
24043	2003	288	13392	-1	12.8	0.7334	1.5	0
24043	2003	289	12873.6	-1.2	10.7	0.6599	1.5	0
24043	2003	290	13046.4	-2.5	11.6	0.6761	1	0
24043	2003	291	12787.2	-3.3	14.4	0.7158	1.5	0
24043	2003	292	11232	-1.1	13.8	0.7661	1.5	0.1
24043	2003	293	5529.6	3	9.5	0.875	1	1.2
24043	2003	294	2332.8	6	9.6	0.8673	1	1.1
24043	2003	295	2937.6	4.2	7.7	0.8104	1	0.1
24043	2003	296	1987.2	1.4	5.6	0.6908	1.5	6.6
24043	2003	297	6480	-1.2	1.4	0.5416	1.5	0
24043	2003	298	11577.6	-4.6	5.5	0.5176	1	0
24043	2003	299	9331.2	-3.4	6.7	0.5231	0.6	0
24043	2003	300	10972.8	-3.9	8.4	0.5891	1	0
24043	2003	301	11318.4	-3.5	10.3	0.5924	1	0
24043	2003	302	9504	-1.3	13.2	0.6893	1	3
24043	2003	303	2678.4	3.8	8.4	0.8942	0.6	0.9
24043	2003	304	6134.4	0.8	15.3	0.6347	2.6	0
24043	2003	305	1728	7.1	15.8	1.1485	2.6	13.5
24043	2003	306	6652.8	5	11.9	0.9617	1	0
24043	2003	307	7862.4	1.6	15.3	0.818	0.6	0
24043	2003	308	9331.2	3.2	14.8	0.9063	0.2	0
24043	2003	309	9072	0.4	12.8	0.8281	0.6	0
24043	2003	310	3110.4	-1	5.5	0.625	2.1	0
24043	2003	311	8640	-1.9	9.5	0.6575	0.6	0
24043	2003	312	5788.8	-0.9	16.1	0.7512	1	0
24043	2003	313	8380.8	-0.9	14.4	0.8367	0.2	0
24043	2003	314	1900.8	1.2	5.3	0.7173	1	0
24043	2003	315	8467.2	1.2	6.9	0.6936	1	0
24043	2003	316	7862.4	-0.7	7.3	0.6656	1	0.1
24043	2003	317	604.8	0.3	4.6	0.685	1	4
24043	2003	318	2764.8	2.2	7.1	0.7659	0.6	0.1
24043	2003	319	6912	3.5	11.6	0.8838	0.6	0.1
24043	2003	320	6998.4	0.5	10.1	0.7925	1.5	7.6
24043	2003	321	1814.4	1.3	6.8	0.6854	2.1	1.4
24043	2003	322	2505.6	-0.1	8	0.6239	1.5	0
24043	2003	323	7171.2	3.7	14	0.9767	0.2	0
24043	2003	324	3024	0.8	7	0.7832	0.6	0
24043	2003	325	4406.4	0.6	12.6	0.7891	0.6	0
24043	2003	326	5875.2	0.9	13.8	0.8923	1	0
24043	2003	327	5616	2	15.8	0.8775	0.6	0
24043	2003	328	2851.2	5.2	11.7	0.9396	0.6	0
24043	2003	329	5270.4	1.6	11.5	0.8447	0.6	0
24043	2003	330	2764.8	1.9	5.7	0.7537	1	0
24043	2003	331	1728	2.2	4.8	0.7458	0.6	0
24043	2003	332	864	2.3	6.2	0.7531	2.1	8.6
24043	2003	333	4147.2	2.5	6.7	0.7548	0.6	0
24043	2003	334	4579.2	-2.3	9.6	0.6585	0.6	0
24043	2003	335	6220.8	-1.2	13.6	0.7677	0.6	0
24043	2003	336	3715.2	1	14.4	0.7353	0.6	0
24043	2003	337	4320	0.4	12.7	0.9029	0.6	0
24043	2003	338	2505.6	2.1	4.1	0.6944	1	0
24043	2003	339	3456	1.7	4.6	0.6893	1	0
24043	2003	340	2246.4	0.9	6	0.7275	1.5	9.4
24043	2003	341	6134.4	-2.7	1.9	0.4985	1.5	0
24043	2003	342	6480	-6.5	3.2	0.417	1	0
24043	2003	343	5961.6	-6.5	5.8	0.5063	1	0
24043	2003	344	6134.4	-4.7	12.2	0.3595	2.1	0
24043	2003	345	2937.6	-2.5	6.4	0.6118	0.6	0
24043	2003	346	345.6	-1.6	6	0.6729	1	1.2
24043	2003	347	2332.8	1.4	7.6	0.5895	2.6	3.3
24043	2003	348	604.8	3.4	11.4	0.8748	2.1	11.5
24043	2003	349	2160	-0.7	5.9	0.545	3.2	6
24043	2003	350	1296	-0.8	1.4	0.5245	3.8	2.7
24043	2003	351	2505.6	0	3.4	0.6424	0.6	0.1
24043	2003	352	5529.6	-5	1	0.5013	1.5	0
24043	2003	353	5616	-5.8	4	0.4864	1	0
24043	2003	354	4579.2	1.4	7.7	0.6676	1	0
24043	2003	355	1555.2	0.4	8.9	0.5617	2.6	2.7
24043	2003	356	2073.6	-0.3	6.5	0.6181	2.6	5.7
24043	2003	357	4406.4	-9.5	0.2	0.3507	1.5	0
24043	2003	358	6566.4	-12.7	-5	0.2319	1.5	0
24043	2003	359	5356.8	-12.4	-1	0.2666	1	0
24043	2003	360	4320	-8.7	2.9	0.4048	1	0
24043	2003	361	2592	-4.6	3.5	0.4813	0.6	0
24043	2003	362	1814.4	-3.7	11.6	0.4862	2.6	3.1
24043	2003	363	3110.4	-0.1	11	0.8548	1	2
24043	2003	364	1296	-2.3	1.6	0.5301	1	2.8
24043	2003	365	1641.6	0.1	1.5	0.6215	1	5.5
