*---------------------------------------------------------------------------*
* Station name: SALZBURG-FLUGHAFEN                      
* Year: 1985
* Author: Pedro Alencar                                   -999.000: NIL VALUE
* Source: ECAD 
* Comments: 
* Longitude: 47.7892, latitude: 47.7892, altitude: 430 m.
*
* Column  Daily value
* 1       station number
* 2       year
* 3       day
* 4       irradiation                   (kJ m-2 d-1)
* 5       minimum temperature           (degrees Celsius)
* 6       maximum temperature           (degrees Celsius)
* 7       early morning vapour pressure (kPa)
* 8       mean wind speed (height: 2 m) (m s-1)
* 9       precipitation                 (mm d-1)
*
** WCCDESCRIPTION=GERMANY, SALZBURG-FLUGHAFEN                      
** WCCFORMAT=2
** WCCYEARNR=1985
*---------------------------------------------------------------------------*
   47.7892  13.0081    430.  -0.18 -0.55
24043	1985	1	1728	-12.1	-3.3	0.3119	2.1	0.1
24043	1985	2	1641.6	-4.4	-1.2	0.4526	2.6	4.2
24043	1985	3	2160	-7.8	-2	0.3611	3.2	1.9
24043	1985	4	1468.8	-15.6	-4.6	0.2584	1.5	6
24043	1985	5	2419.2	-19.4	-10.2	0.1689	1	0.8
24043	1985	6	4147.2	-16.5	-9.2	0.1845	1	0.2
24043	1985	7	5788.8	-23.4	-14.2	0.1178	1.5	0
24043	1985	8	3196.8	-25.4	-16	0.1047	0.6	1.7
24043	1985	9	4924.8	-18.9	-11.1	0.1604	0.2	0
24043	1985	10	4665.6	-23.1	-10.5	0.1397	0.6	0.8
24043	1985	11	2160	-14	-6.5	0.2581	0	0.6
24043	1985	12	4665.6	-20.1	-8.7	0.1826	1	3.1
24043	1985	13	2505.6	-10.5	-7.2	0.2883	1	1.2
24043	1985	14	3110.4	-12.7	-7.5	0.247	1.5	0
24043	1985	15	5875.2	-15.6	-3.6	0.2511	0	0
24043	1985	16	2160	-8.9	-4.3	0.3582	0	0
24043	1985	17	3974.4	-8.2	-3.8	0.3516	1	0
24043	1985	18	5616	-12.7	-3.8	0.3021	0.6	0
24043	1985	19	2592	-10.8	-1.8	0.3513	0.2	1
24043	1985	20	4320	-4.1	1.6	0.5354	0	0
24043	1985	21	6912	-2.5	5.8	0.5506	1.5	0
24043	1985	22	5702.4	-3.3	6.4	0.5877	2.1	1.8
24043	1985	23	2246.4	-1.1	5.3	0.6823	0.6	12.7
24043	1985	24	2160	-1.2	4.6	0.594	1	4.6
24043	1985	25	4147.2	-6.1	0.3	0.3455	3.8	0
24043	1985	26	3369.6	-2.3	4	0.4873	2.1	0.5
24043	1985	27	1209.6	-2	2.8	0.5787	2.6	2.3
24043	1985	28	6652.8	-9	-0.3	0.368	1	0
24043	1985	29	6134.4	-4.7	7.5	0.5408	1	0
24043	1985	30	1382.4	-2.4	2	0.554	3.2	3.6
24043	1985	31	7171.2	1.2	7.8	0.6737	3.8	15
24043	1985	32	864	1.9	10.4	0.8028	2.1	6.9
24043	1985	33	691.2	5	10.3	0.9422	5.2	22.3
24043	1985	34	1555.2	1.4	8.1	0.6342	4.5	6
24043	1985	35	9072	-4.7	4	0.3574	2.1	0
24043	1985	36	9331.2	-2.1	9.9	0.5006	2.1	0
24043	1985	37	777.6	-0.1	9.1	0.6737	2.6	10.7
24043	1985	38	864	-1.4	6.6	0.7144	2.1	8.2
24043	1985	39	3888	-3.7	-0.8	0.4662	0.6	8.9
24043	1985	40	3024	-3	5.8	0.649	2.1	16.6
24043	1985	41	1382.4	-6.9	4.5	0.4982	3.2	1.9
24043	1985	42	6739.2	-11.2	-6.1	0.2451	2.6	0.1
24043	1985	43	9072	-14.2	-6.9	0.1945	2.1	0
24043	1985	44	9331.2	-17.6	-4.4	0.1956	0.6	0
24043	1985	45	3715.2	-12.6	0.8	0.3582	1.5	13
24043	1985	46	3283.2	-12.5	0.2	0.3476	2.6	2.6
24043	1985	47	10972.8	-18.3	1.1	0.2588	1	0
24043	1985	48	9072	-19.6	-1.9	0.2265	0.6	0
24043	1985	49	11145.6	-12.8	-5.4	0.2151	2.6	0
24043	1985	50	7516.8	-18	-6.1	0.1846	0.6	0
24043	1985	51	11577.6	-16.4	-2.6	0.2173	1	0
24043	1985	52	6393.6	-15.7	-0.1	0.243	1	2.5
24043	1985	53	5616	-5.2	0.6	0.4748	1.5	1.3
24043	1985	54	9849.6	-3.7	3.3	0.5058	2.1	1.5
24043	1985	55	1900.8	-4.3	3.4	0.5795	2.1	7.5
24043	1985	56	10886.4	-1	10.9	0.7474	1.5	0
24043	1985	57	10195.2	-3.4	6.8	0.594	1.5	0
24043	1985	58	7430.4	0.1	6	0.6844	1.5	0
24043	1985	59	4492.8	-0.6	4.2	0.64	0	0
24043	1985	60	9676.8	0.2	11.8	0.6917	1.5	0
24043	1985	61	5443.2	-0.9	5.3	0.6371	1.5	5.7
24043	1985	62	5529.6	0.4	6.9	0.7299	1	2.3
24043	1985	63	9849.6	-3.6	7.4	0.6166	1.5	0
24043	1985	64	5443.2	-0.2	4.4	0.661	1.5	0
24043	1985	65	2678.4	0.7	4	0.6657	0.6	0
24043	1985	66	2937.6	1.9	4.7	0.6889	0.6	0
24043	1985	67	2592	1.3	4.5	0.6395	1.5	0
24043	1985	68	3628.8	1.1	4.1	0.6555	1	2.2
24043	1985	69	2592	-1.1	2	0.5934	1	3.6
24043	1985	70	9763.2	-3.7	2.7	0.4949	2.6	0.4
24043	1985	71	9936	-3.2	4.8	0.5633	0.2	0
24043	1985	72	3283.2	-1	5.1	0.5666	1	0
24043	1985	73	3715.2	1.1	4.9	0.5001	1.5	2
24043	1985	74	6912	0.4	4.1	0.5819	2.1	1.4
24043	1985	75	10800	-3.1	8.1	0.4168	1.5	0.2
24043	1985	76	4924.8	-1.1	4.5	0.6078	1.5	6.1
24043	1985	77	1987.2	-1.6	0.2	0.5574	2.6	7.5
24043	1985	78	9676.8	-2.5	1.6	0.4612	1	0
24043	1985	79	15811.2	-6.3	4.9	0.4529	1.5	0
24043	1985	80	16156.8	-5.1	14.3	0.5088	3.2	0
24043	1985	81	14774.4	-0.6	15.9	0.7224	3.2	0
24043	1985	82	4406.4	-2.3	7.8	0.7072	1.5	5
24043	1985	83	11836.8	3	9.9	0.646	3.2	0
24043	1985	84	16848	0.2	14.3	0.6214	2.6	0
24043	1985	85	16502.4	1.6	16.4	0.608	1.5	0
24043	1985	86	8899.2	3.1	13.5	0.7988	3.8	3.3
24043	1985	87	12614.4	0	5.1	0.6385	3.8	1.2
24043	1985	88	16243.2	-0.6	10.6	0.5145	1.5	0
24043	1985	89	17452.8	2.3	18.3	0.4757	2.1	0
24043	1985	90	13219.2	7.6	19.9	0.597	3.8	0
24043	1985	91	10972.8	5.6	16.4	0.682	2.1	0
24043	1985	92	10368	8	19.3	0.7492	3.8	0
24043	1985	93	16416	8.7	17.6	0.8159	2.1	0
24043	1985	94	19267.2	5.7	23.6	0.766	2.1	0
24043	1985	95	15724.8	8	24.3	0.7516	2.6	0
24043	1985	96	15638.4	7.9	19.5	0.9239	3.8	0.3
24043	1985	97	18835.2	7.7	17	0.6882	2.1	0
24043	1985	98	4492.8	7.1	13.4	0.8609	2.6	6
24043	1985	99	14342.4	6.1	17.7	0.9883	3.8	15.1
24043	1985	100	3024	5.6	9	0.9199	1.5	7.7
24043	1985	101	17539.2	4.9	14.9	0.7069	1.5	1
24043	1985	102	5788.8	4.7	11.4	0.7961	1.5	0.6
24043	1985	103	10195.2	3.9	13	0.6853	2.6	4.6
24043	1985	104	11145.6	3.4	10.8	0.6453	2.6	0.1
24043	1985	105	9331.2	4.6	10.5	0.7798	3.2	2
24043	1985	106	6566.4	4	9.4	0.7259	2.1	2.3
24043	1985	107	12182.4	4.2	9.1	0.5963	2.6	0
24043	1985	108	11923.2	3	11.4	0.6294	2.1	0
24043	1985	109	22204.8	0.1	16.3	0.6086	2.1	0
24043	1985	110	23500.8	3.7	21.5	0.6121	1.5	0
24043	1985	111	23155.2	7.6	23.5	0.6704	3.2	0
24043	1985	112	20822.4	7.9	22.6	0.7961	2.1	0
24043	1985	113	12182.4	8.5	18.3	1.0135	3.8	12.7
24043	1985	114	7171.2	0	12.1	0.6754	5.2	1.4
24043	1985	115	21772.8	-1.2	14.6	0.4414	4.5	0
24043	1985	116	7171.2	0.9	14.5	0.8299	1.5	0
24043	1985	117	14342.4	0.9	12.6	0.5808	2.1	1.5
24043	1985	118	9072	0.1	10	0.7701	3.8	3.5
24043	1985	119	12528	0.2	6.2	0.5918	3.8	4.8
24043	1985	120	4233.6	1.9	6.8	0.7334	3.8	21.9
24043	1985	121	5702.4	3.8	13.7	0.8799	3.2	8.5
24043	1985	122	4579.2	4.9	9.7	0.8791	3.2	2.8
24043	1985	123	6480	2.4	5.8	0.6469	3.2	4.6
24043	1985	124	24192	0.1	15.4	0.6113	3.2	0
24043	1985	125	21600	4.8	18.3	0.7345	0.6	0
24043	1985	126	18662.4	4.2	21.9	0.6905	2.6	0
24043	1985	127	8380.8	13.3	19.4	0.8726	5.2	0
24043	1985	128	15120	8.3	18.8	0.8374	5.2	0
24043	1985	129	15638.4	6.5	17.4	1.0893	2.1	0.9
24043	1985	130	18662.4	8.3	19.2	1.0212	3.2	0
24043	1985	131	25401.6	3.5	23.2	0.7194	1.5	0
24043	1985	132	17971.2	11.4	26.1	0.8423	2.6	0
24043	1985	133	18921.6	14.8	27.2	0.8688	3.2	0
24043	1985	134	24019.2	11.8	24.8	1.0709	1.5	0
24043	1985	135	15379.2	10.4	21.6	1.1984	1.5	0
24043	1985	136	20995.2	9.9	25	1.3138	2.6	0
24043	1985	137	21600	9.8	23.5	1.1733	1.5	0
24043	1985	138	17971.2	9.4	23.5	1.4201	2.1	51.4
24043	1985	139	20131.2	12.1	21.5	1.2036	2.6	0
24043	1985	140	16502.4	9.8	20.1	1.3581	2.1	6.5
24043	1985	141	7171.2	12.6	17.7	1.135	2.6	0
24043	1985	142	3369.6	8.9	16	1.2412	2.6	5.6
24043	1985	143	20044.8	7.2	19.1	0.982	2.1	6.5
24043	1985	144	27734.4	7.2	23	0.8913	2.6	0
24043	1985	145	25142.4	10.6	25.4	0.9273	2.6	0
24043	1985	146	26438.4	11.8	27.7	1.0802	2.6	0
24043	1985	147	26784	14.7	29.2	0.9208	3.2	0
24043	1985	148	22291.2	14.2	26	1.6206	2.6	22
24043	1985	149	9331.2	12.8	19.8	1.4621	1.5	5.1
24043	1985	150	9676.8	13	18.4	1.3894	1	5.9
24043	1985	151	17366.4	13.3	23.2	1.4025	2.6	5
24043	1985	152	19094.4	13.1	21.9	1.318	1	0
24043	1985	153	17280	9.7	20.7	1.3284	1	0.7
24043	1985	154	21513.6	12.2	22.8	1.2181	2.6	0
24043	1985	155	27648	8.1	27.3	0.9909	1.5	0
24043	1985	156	23932.8	15.2	27.9	1.5918	3.8	7.2
24043	1985	157	24537.6	15	28.1	1.3607	2.1	17.2
24043	1985	158	10022.4	14.7	22.9	1.7116	2.6	11.7
24043	1985	159	4147.2	9.2	16.4	1.2552	2.6	17.7
24043	1985	160	12787.2	6.7	15.7	0.6114	1.5	0
24043	1985	161	19612.8	8	19.5	1.0212	3.2	4.4
24043	1985	162	13132.8	8.7	17.9	0.9307	1.5	0.6
24043	1985	163	15897.6	9.7	19	0.931	2.1	4.5
24043	1985	164	11318.4	11.2	19.7	0.9992	2.6	0.9
24043	1985	165	24537.6	7	22.7	1.0121	2.1	13.4
24043	1985	166	6220.8	10.9	18.9	1.0661	2.6	5
24043	1985	167	25833.6	7.4	18.7	0.7205	2.1	2.4
24043	1985	168	10540.8	8.7	16	1.0323	1.5	1.1
24043	1985	169	15292.8	8.4	16.7	0.9007	2.1	0.2
24043	1985	170	24364.8	6.1	22.3	0.7926	2.1	9.9
24043	1985	171	9676.8	11.7	19.1	1.031	2.6	4
24043	1985	172	14083.2	9.8	18	1.0311	0.6	0.4
24043	1985	173	5184	9.7	17.8	1.2568	2.1	31.8
24043	1985	174	7084.8	8.6	14.9	1.0888	2.1	9.4
24043	1985	175	12960	9.6	17.4	1.0356	2.1	3.8
24043	1985	176	17798.4	10.8	19.7	0.9519	2.6	1.1
24043	1985	177	20304	11.4	22.7	1.281	2.1	6.3
24043	1985	178	17193.6	10.9	19.2	1.1619	2.1	3.9
24043	1985	179	10886.4	9.7	17.2	1.0631	1.5	5.4
24043	1985	180	21686.4	10.8	22.7	0.9713	2.1	0
24043	1985	181	26265.6	12	25.6	1.1049	2.1	0
24043	1985	182	9417.6	15.4	24.8	1.8319	2.6	26.4
24043	1985	183	9676.8	13	18.9	1.2851	1.5	2.6
24043	1985	184	23673.6	10.2	23.7	1.0029	2.1	0
24043	1985	185	27043.2	9	26.6	1.0989	2.6	0
24043	1985	186	24883.2	10.8	25.5	1.2065	1.5	0
24043	1985	187	21168	16	23.6	1.5447	2.1	2.8
24043	1985	188	13132.8	15.2	22.7	1.4652	2.1	0.4
24043	1985	189	20822.4	11.4	23.4	1.1509	2.1	1.7
24043	1985	190	19526.4	12.5	22.2	1.1077	2.1	7.6
24043	1985	191	16761.6	12.6	21.7	1.3868	2.6	0.6
24043	1985	192	22982.4	12.1	22.6	1.1077	1.5	0
24043	1985	193	24883.2	11	26.5	1.1447	1.5	0
24043	1985	194	25660.8	14	28.1	1.2201	1.5	0
24043	1985	195	25920	14.4	31.2	1.3296	2.1	0
24043	1985	196	11577.6	19	28.9	1.9297	1	1.6
24043	1985	197	15811.2	15.4	27.5	1.4035	2.1	17.8
24043	1985	198	20131.2	15.3	24.1	1.2373	1.5	0.1
24043	1985	199	26352	13.8	29.2	1.2286	2.6	0.3
24043	1985	200	12700.8	16.9	27.5	1.4958	1	0
24043	1985	201	14428.8	18.6	28.5	2.3186	2.6	38.6
24043	1985	202	11059.2	11.4	19.5	1.1921	2.6	1.2
24043	1985	203	26006.4	11.6	23.9	1.0752	1.5	0
24043	1985	204	17280	15.1	27.7	1.2974	2.6	0
24043	1985	205	25056	13.2	27	1.3152	2.1	0
24043	1985	206	24883.2	12.3	27.9	1.3152	1	0
24043	1985	207	24019.2	16.4	31.3	1.4165	2.6	0.8
24043	1985	208	15897.6	19	29.4	1.9889	1.5	0.2
24043	1985	209	23241.6	16.4	30.9	1.6911	2.1	0
24043	1985	210	22291.2	16.4	33.3	1.723	2.1	3.2
24043	1985	211	8294.4	14.9	21.7	1.6589	2.1	24.5
24043	1985	212	16848	11.1	21.2	1.0816	2.6	1
24043	1985	213	22032	14	24.5	1.3369	1.5	21.9
24043	1985	214	12787.2	13.3	21.4	1.266	2.1	0.8
24043	1985	215	23414.4	11.9	27.3	1.2979	2.6	16.8
24043	1985	216	13046.4	14.3	21.8	1.2403	1.5	0.4
24043	1985	217	23673.6	14.4	31.8	1.6643	3.8	33.5
24043	1985	218	1641.6	8.8	18.6	1.331	3.2	88.8
24043	1985	219	3715.2	8	12.3	1.0411	3.2	19
24043	1985	220	7257.6	9.8	17.8	0.8669	2.1	0.1
24043	1985	221	18576	11.9	23.4	1.1894	1.5	0
24043	1985	222	17280	13.1	28	1.4247	1.5	2.5
24043	1985	223	18316.8	13.2	23.9	1.3651	2.6	0
24043	1985	224	22377.6	14	30.2	1.4602	2.6	0
24043	1985	225	21600	17.6	30.6	1.8572	0.6	0
24043	1985	226	22377.6	17.4	32.1	1.5259	2.6	0
24043	1985	227	21254.4	17.7	31.3	1.8102	2.1	0
24043	1985	228	19612.8	17.1	28.8	1.789	3.2	15.6
24043	1985	229	8121.6	13.3	20.7	1.6253	1.5	30.5
24043	1985	230	13478.4	11.5	20	1.233	1	0.1
24043	1985	231	18835.2	11.1	25.1	1.2857	1.5	7.8
24043	1985	232	13305.6	15.8	22.1	1.3559	2.1	0
24043	1985	233	21859.2	11.3	26.5	1.3735	2.6	0
24043	1985	234	21168	13.6	29.3	1.48	2.1	28.1
24043	1985	235	18230.4	16.8	26.5	1.834	2.6	2.5
24043	1985	236	19526.4	15.1	30.7	1.7557	2.1	0
24043	1985	237	5356.8	14.6	25.3	1.7918	2.6	31.6
24043	1985	238	3974.4	11.2	15	1.3101	1.5	51.5
24043	1985	239	3974.4	9.2	14.2	1.1402	2.1	3.7
24043	1985	240	9849.6	10.5	16.5	1.0356	1.5	0
24043	1985	241	18230.4	7.1	20.8	1.0663	1	0
24043	1985	242	17971.2	7.9	24	1.1946	1.5	0
24043	1985	243	19353.6	11.2	25.9	1.3651	1.5	0
24043	1985	244	8467.2	13.7	21.5	1.3665	2.1	15.1
24043	1985	245	15292.8	12.2	22	1.4409	0.6	0
24043	1985	246	12009.6	11.4	26	1.3995	2.6	26.5
24043	1985	247	6825.6	11.6	18.5	1.0252	2.6	0.5
24043	1985	248	9504	11.1	18.5	1.1601	2.1	10.1
24043	1985	249	10800	10.8	17.3	1.0252	3.2	0.8
24043	1985	250	17798.4	8.1	15.6	0.6798	3.2	0
24043	1985	251	4665.6	7.6	12.4	0.9939	0.6	10.9
24043	1985	252	1382.4	8	11.5	1.0497	1	14.4
24043	1985	253	18144	4.7	16.6	0.9482	2.1	0
24043	1985	254	18057.6	4.7	21.6	0.9518	1.5	0
24043	1985	255	17193.6	8	22.1	1.1277	1.5	0
24043	1985	256	17020.8	6.2	22.8	1.2039	1	0
24043	1985	257	14860.8	7.6	21.7	1.2655	1	0
24043	1985	258	6220.8	9	20.4	1.3532	1	4.6
24043	1985	259	8640	9.5	15.9	1.115	1	0
24043	1985	260	3801.6	8.9	18.3	1.1513	1.5	0.7
24043	1985	261	15033.6	14.3	25	1.6903	1.5	0
24043	1985	262	16329.6	12.5	27.8	1.39	2.1	0
24043	1985	263	14688	13.9	26.6	1.5645	2.6	0
24043	1985	264	14083.2	14.6	26.4	1.5888	2.1	0
24043	1985	265	12700.8	15.1	25.9	1.4925	3.8	0
24043	1985	266	13305.6	13.8	25.7	1.5629	1	0
24043	1985	267	13219.2	13.7	24.7	1.5993	1.5	0
24043	1985	268	9331.2	14.1	22.4	1.5281	0.6	0
24043	1985	269	12355.2	12.4	21.9	1.4259	1	0
24043	1985	270	13996.8	7.1	22.8	1.2563	1.5	0
24043	1985	271	13478.4	9.1	23.1	1.3157	1.5	0
24043	1985	272	12355.2	8.2	21.5	1.2482	1.5	0
24043	1985	273	13564.8	6.6	22.3	1.1836	0.6	0
24043	1985	274	11750.4	6.2	22.5	1.2739	1.5	0
24043	1985	275	8467.2	12.8	24.9	1.2171	2.1	0
24043	1985	276	12441.6	12.3	26	1.395	2.1	0
24043	1985	277	12182.4	11.5	25.7	1.3908	0.6	0
24043	1985	278	11750.4	9.8	24.6	1.3324	1	0
24043	1985	279	6825.6	10.3	19.8	1.3327	1	0
24043	1985	280	6566.4	11.5	17.9	1.4701	0.6	0
24043	1985	281	4406.4	10.2	16.2	1.3642	1.5	11
24043	1985	282	2764.8	8.9	11	1.0272	0.6	19.3
24043	1985	283	2332.8	7.4	14.1	0.9416	2.1	0.3
24043	1985	284	10540.8	7.4	17.9	1.1113	1	0
24043	1985	285	3024	8	14.5	1.1334	1.5	16.5
24043	1985	286	7603.2	4.5	13.1	0.8829	2.1	0
24043	1985	287	2419.2	6	9.4	0.8824	1.5	3.8
24043	1985	288	950.4	6	10.9	0.9838	2.1	4.9
24043	1985	289	9504	4.4	11.9	0.834	0.6	0
24043	1985	290	10713.6	2.9	14.5	0.8207	1	0
24043	1985	291	9936	0.9	12.6	0.8072	1.5	0
24043	1985	292	2419.2	5.4	8.7	0.8943	0	1.1
24043	1985	293	8121.6	4.8	12.3	0.8792	1	0
24043	1985	294	8467.2	-0.7	11.9	0.7183	0.6	0
24043	1985	295	5011.2	-1.3	6.5	0.6702	2.1	0
24043	1985	296	7948.8	3.6	10.9	0.7538	1.5	0
24043	1985	297	9504	-3.3	11.9	0.6062	1.5	0
24043	1985	298	10281.6	-3.6	12.3	0.575	0.6	0
24043	1985	299	10022.4	-3.1	12.7	0.6278	1	0
24043	1985	300	9676.8	-3.3	11.8	0.6207	0.6	0
24043	1985	301	4320	-1.2	4.1	0.6242	1.5	0.7
24043	1985	302	1468.8	0.3	2.8	0.6013	1.5	0.5
24043	1985	303	2073.6	0.5	2.9	0.594	0.2	0
24043	1985	304	2592	0.8	8.6	0.7515	1.5	1.2
24043	1985	305	4924.8	2.1	12.3	0.8731	1.5	6.1
24043	1985	306	3024	3.8	9.6	0.5886	1.5	0
24043	1985	307	5788.8	2.3	7.9	0.6762	1	0
24043	1985	308	7776	-3.2	7	0.6026	1	0
24043	1985	309	4320	-1.2	15.9	0.4821	5.2	3.1
24043	1985	310	3283.2	3.8	17.2	0.7485	4.5	2
24043	1985	311	6998.4	1	9.6	0.5343	2.6	0
24043	1985	312	3283.2	4	9.5	0.6103	3.2	2.5
24043	1985	313	3715.2	7.5	16.9	1.0222	3.2	0
24043	1985	314	259.2	3.9	12.4	0.9315	3.2	13.4
24043	1985	315	1468.8	1.1	9.8	0.6029	2.1	0
24043	1985	316	3974.4	-0.6	6	0.4747	1	12.3
24043	1985	317	2851.2	-0.6	3.6	0.6128	2.1	2.4
24043	1985	318	2505.6	-0.9	0.9	0.4521	1.5	0
24043	1985	319	5529.6	-3.2	2.5	0.4586	2.1	0
24043	1985	320	2332.8	-8.4	-2.4	0.364	0.6	0
24043	1985	321	5788.8	-3.1	1.8	0.4196	1	0
24043	1985	322	2937.6	-6.2	-2.7	0.334	0.6	0
24043	1985	323	3283.2	-5.7	-1.3	0.3634	0.6	0
24043	1985	324	1468.8	-3.4	0.5	0.4671	0.6	4.8
24043	1985	325	2851.2	-1.5	1.1	0.5119	1	1.4
24043	1985	326	3196.8	-2.2	4	0.5478	1.5	0.8
24043	1985	327	1900.8	-2.4	-0.2	0.4723	0.6	0
24043	1985	328	3801.6	-2	0.7	0.5303	0.6	0.9
24043	1985	329	2332.8	-2	0.4	0.5187	0.2	2.9
24043	1985	330	2419.2	-2.5	0.9	0.5015	0.6	0.7
24043	1985	331	2073.6	-6.3	-0.5	0.4137	0.2	0.1
24043	1985	332	4579.2	-10.8	3	0.3527	5.9	7.4
24043	1985	333	3456	-7	0.1	0.398	2.6	6.3
24043	1985	334	2851.2	-1.5	4.2	0.5456	2.1	23.8
24043	1985	335	3283.2	2	7.2	0.7633	1.5	0.3
24043	1985	336	4752	-0.6	9.5	0.6714	3.2	0
24043	1985	337	5011.2	3.7	13	0.6697	4.5	0
24043	1985	338	4579.2	6.1	13.4	0.6998	3.8	0
24043	1985	339	5011.2	6	13.8	0.646	3.8	0
24043	1985	340	4492.8	1.5	13.3	0.6072	2.6	0
24043	1985	341	2937.6	3.2	10.7	0.6986	2.1	0
24043	1985	342	3196.8	2	10.1	0.7129	0.6	0
24043	1985	343	4233.6	-0.2	10.8	0.6679	0.6	0.9
24043	1985	344	950.4	-1	4.4	0.6355	1	12.1
24043	1985	345	1987.2	-0.3	3.4	0.6218	1	1.6
24043	1985	346	1296	0.6	2.5	0.6218	1.5	0.9
24043	1985	347	4233.6	0.1	4.6	0.615	0.6	0.1
24043	1985	348	691.2	-0.4	3.9	0.6308	1.5	4.3
24043	1985	349	864	2.9	9.9	0.7783	3.2	3.9
24043	1985	350	691.2	7.2	10.3	0.9024	2.6	0.8
24043	1985	351	4579.2	2.3	10.9	0.643	4.5	0
24043	1985	352	604.8	4.8	7.4	0.7624	2.6	17.1
24043	1985	353	1641.6	4.7	7.8	0.5231	3.8	4.7
24043	1985	354	1555.2	0.8	7.5	0.567	3.8	6.2
24043	1985	355	4406.4	2	7.8	0.6235	4.5	0
24043	1985	356	4924.8	2.7	8.9	0.4517	5.2	0
24043	1985	357	3456	-2.7	5.5	0.5476	0.6	0
24043	1985	358	3196.8	-5.4	0.5	0.4798	0.2	0
24043	1985	359	4060.8	-6.5	5.1	0.4877	0.6	1.1
24043	1985	360	1555.2	-2.1	5.6	0.5615	3.8	0
24043	1985	361	2592	1.9	6	0.6482	3.2	0
24043	1985	362	2332.8	-0.4	5.2	0.5373	1.5	2.4
24043	1985	363	259.2	-1.3	4.9	0.64	1	18.2
24043	1985	364	4665.6	-5.7	-0.6	0.4118	1	1.9
24043	1985	365	2505.6	-4.6	-2.2	0.3947	2.1	0
