*---------------------------------------------------------------------------*
* Station name: SALZBURG-FLUGHAFEN                      
* Year: 2002
* Author: Pedro Alencar                                   -999.000: NIL VALUE
* Source: ECAD 
* Comments: 
* Longitude: 47.7892, latitude: 47.7892, altitude: 430 m.
*
* Column  Daily value
* 1       station number
* 2       year
* 3       day
* 4       irradiation                   (kJ m-2 d-1)
* 5       minimum temperature           (degrees Celsius)
* 6       maximum temperature           (degrees Celsius)
* 7       early morning vapour pressure (kPa)
* 8       mean wind speed (height: 2 m) (m s-1)
* 9       precipitation                 (mm d-1)
*
** WCCDESCRIPTION=GERMANY, SALZBURG-FLUGHAFEN                      
** WCCFORMAT=2
** WCCYEARNR=2002
*---------------------------------------------------------------------------*
   47.7892  13.0081    430.  -0.18 -0.55
24043	2002	1	2246.4	-9.4	-2.4	0.3228	1	0
24043	2002	2	3456	-7.6	2.5	0.3597	1.5	0.8
24043	2002	3	4924.8	-8.9	-0.6	0.3523	1	0
24043	2002	4	5443.2	-15.8	-4.8	0.2375	1	0
24043	2002	5	5184	-13.8	-1.6	0.2742	1	0
24043	2002	6	5616	-13.5	-1.3	0.2841	1	0
24043	2002	7	4147.2	-9	0.8	0.3835	1	0
24043	2002	8	5097.6	-10.3	-1.9	0.3489	1	0
24043	2002	9	4060.8	-9.9	-4.4	0.3469	1	0
24043	2002	10	5270.4	-11.4	-2.8	0.3267	1	0
24043	2002	11	5356.8	-12.7	-2.6	0.3097	1	0
24043	2002	12	1036.8	-8.8	0.3	0.3837	1	0.2
24043	2002	13	864	-3	0.3	0.537	1	2.2
24043	2002	14	5875.2	-10.3	-0.6	0.3626	1	0
24043	2002	15	5875.2	-11.5	-2.3	0.3281	1	0
24043	2002	16	3801.6	-10.4	-4.3	0.3275	0.6	0
24043	2002	17	4320	-6.9	0.9	0.441	0.6	0
24043	2002	18	5270.4	-10.3	-2.8	0.3596	1	0
24043	2002	19	4665.6	-8.5	3.4	0.3648	1	2
24043	2002	20	2419.2	0.4	3.5	0.654	1	4.1
24043	2002	21	691.2	0.5	4	0.704	0.6	8.5
24043	2002	22	6912	-1.9	8.1	0.6487	1	0
24043	2002	23	6652.8	-0.9	8	0.646	1	0
24043	2002	24	3283.2	1.1	6.7	0.646	1	0
24043	2002	25	1987.2	2.2	9.5	0.7031	2.6	1.3
24043	2002	26	4060.8	-1.1	8.6	0.6631	1	0.6
24043	2002	27	777.6	0.9	6.4	0.6902	1	15.3
24043	2002	28	5616	4.3	12.7	0.9317	0.2	0
24043	2002	29	8380.8	0.4	12.5	0.675	1	0
24043	2002	30	7257.6	-1.8	12.2	0.5925	1	0
24043	2002	31	6480	0.6	15.6	0.734	1	0.9
24043	2002	32	3369.6	2.1	11.1	0.7891	1	0.3
24043	2002	33	8208	1.6	14.1	0.7429	1	0
24043	2002	34	9072	-0.9	16.1	0.6886	1	0
24043	2002	35	7603.2	-0.3	13.3	0.687	1	0
24043	2002	36	8467.2	0.5	14.3	0.6587	1	0
24043	2002	37	3196.8	3.6	9.6	0.7697	1	3.9
24043	2002	38	2073.6	3.4	8	0.8606	1	6.6
24043	2002	39	2678.4	0.4	8	0.7174	1	3.2
24043	2002	40	5356.8	3.9	12.2	0.9252	0.6	3.7
24043	2002	41	4924.8	5.3	9.6	0.7435	3.8	1.6
24043	2002	42	4147.2	3.5	10.4	0.8083	0.6	0
24043	2002	43	4060.8	5.1	14.3	0.7817	1	0
24043	2002	44	4060.8	7.5	15.2	0.8591	2.1	0
24043	2002	45	3283.2	3.7	9	0.8427	1	0.1
24043	2002	46	5616	-1.7	8	0.6203	1	0
24043	2002	47	6739.2	-1.7	12.7	0.6411	1.5	0
24043	2002	48	8294.4	-1.7	8.5	0.6236	1.5	0
24043	2002	49	9331.2	1.7	9.7	0.705	1	3.1
24043	2002	50	6220.8	2.4	7.6	0.6541	2.1	2
24043	2002	51	3110.4	2.5	8.3	0.7622	0.6	7.6
24043	2002	52	1728	-0.9	6.4	0.6774	2.6	3.9
24043	2002	53	8294.4	-5.1	4.4	0.4289	2.1	0.9
24043	2002	54	1900.8	2.2	8.7	0.7918	1	7.5
24043	2002	55	3369.6	-0.9	6.9	0.6138	3.2	1.4
24043	2002	56	1728	-0.7	2.6	0.6479	1.5	9.5
24043	2002	57	5702.4	2	9.8	0.7427	0.6	0.4
24043	2002	58	2505.6	3.9	11	0.8778	1.5	11.9
24043	2002	59	2937.6	2.8	5.9	0.7584	1	3.1
24043	2002	60	12355.2	1.1	12.3	0.6867	0.6	2
24043	2002	61	2246.4	4.5	7.8	0.85	0.6	3.5
24043	2002	62	5184	2.1	6	0.661	1	0
24043	2002	63	14083.2	-2.3	10.6	0.6245	1	0
24043	2002	64	13132.8	-2.1	13.4	0.7117	0.6	0
24043	2002	65	12441.6	-0.2	15.5	0.7852	1	0
24043	2002	66	6566.4	5.1	14.9	0.8466	2.1	1.2
24043	2002	67	12182.4	5.7	12.5	0.7739	0.6	0
24043	2002	68	13910.4	0.3	16.1	0.7282	1	0.5
24043	2002	69	9849.6	5.7	11.6	0.7395	1	0
24043	2002	70	16156.8	0.1	19.9	0.7239	1	0
24043	2002	71	15465.6	1	20	0.8119	0.6	0
24043	2002	72	15033.6	3.1	20.1	0.8188	1	0
24043	2002	73	15638.4	3.1	21.3	0.8376	1	0
24043	2002	74	11750.4	6.5	16.1	1.0569	2.1	1
24043	2002	75	13910.4	4.5	16.4	0.9862	1	0.1
24043	2002	76	15984	2.2	16.6	0.9193	1	0
24043	2002	77	15897.6	2.8	19	0.8338	1	0
24043	2002	78	1987.2	5.8	12.7	1.0617	0.2	56.4
24043	2002	79	1123.2	3.2	13.6	0.9805	1.5	27.7
24043	2002	80	2937.6	8	15.2	1.0917	1.5	46.5
24043	2002	81	1728	3.7	9.8	0.9154	0.2	14.8
24043	2002	82	3024	0.4	4.8	0.685	3.8	5.3
24043	2002	83	5443.2	0.3	1.9	0.6153	1.5	3.7
24043	2002	84	11664	-0.5	4.6	0.5383	1	0
24043	2002	85	9936	-3.2	4.2	0.4752	1	0
24043	2002	86	11750.4	-1.1	6.2	0.5211	1	0
24043	2002	87	19526.4	-3.1	10.7	0.5532	0.6	0
24043	2002	88	20217.6	-2	16.5	0.6825	1.5	0
24043	2002	89	20217.6	1	18.6	0.7264	1	0
24043	2002	90	15724.8	1.4	15.6	0.7986	0.6	2.5
24043	2002	91	18403.2	4.6	17.8	0.8639	0.6	0
24043	2002	92	18662.4	2.7	18.4	0.8401	0.6	0
24043	2002	93	19267.2	2.2	19.3	0.7869	1	0
24043	2002	94	18921.6	1.9	16.1	0.7457	1	0
24043	2002	95	17798.4	-0.7	12	0.5748	1.5	0
24043	2002	96	20908.8	-0.9	9	0.4651	1.5	0
24043	2002	97	21427.2	-3.2	11.3	0.5141	1.5	0
24043	2002	98	12182.4	-1	11	0.6105	1.5	0
24043	2002	99	10368	1.6	9.9	0.6523	0.6	0
24043	2002	100	16070.4	1.3	11	0.7178	1	0
24043	2002	101	20822.4	-1.6	18.5	0.7074	1.5	0
24043	2002	102	8899.2	12.1	17.9	1.0219	2.1	0
24043	2002	103	9849.6	4.2	13.3	0.925	0.2	0
24043	2002	104	3628.8	8.2	12	0.9635	1	0.5
24043	2002	105	5702.4	4.8	8.6	0.8142	0.6	0.9
24043	2002	106	8899.2	4.1	9.9	0.731	0.6	0
24043	2002	107	12182.4	3.8	12.2	0.7076	1	0
24043	2002	108	12268.8	3.4	14.5	0.8004	1	0
24043	2002	109	13651.2	3.7	15.6	0.851	0.6	12.8
24043	2002	110	4752	4.8	10.4	0.9912	0.2	5.4
24043	2002	111	8467.2	6.4	11.8	0.9933	0	0.1
24043	2002	112	19699.2	4.5	17	0.8771	0.6	0
24043	2002	113	17884.8	7.7	18.8	0.9276	0.6	27.5
24043	2002	114	3974.4	7.4	16.3	1.2209	1	16.2
24043	2002	115	15724.8	7.7	17.5	1.166	0.6	4.4
24043	2002	116	14947.2	9.5	21.4	1.157	1.5	12.2
24043	2002	117	13305.6	6.1	16.1	0.8846	2.1	0.3
24043	2002	118	22809.6	3.6	21	0.8146	0.6	0
24043	2002	119	19267.2	8.8	20	1.1961	2.1	8.4
24043	2002	120	24019.2	4.6	20.6	0.9182	0.6	0
24043	2002	121	25574.4	8.2	25.5	0.9774	2.1	0
24043	2002	122	14947.2	9.5	19.7	1.3445	0.6	0
24043	2002	123	15897.6	8.7	24.7	1.196	1.5	0
24043	2002	124	10540.8	11.4	19.9	1.4915	1.5	0.4
24043	2002	125	14256	7.8	14.3	0.9343	1	0.8
24043	2002	126	20822.4	9.1	18.1	1.0579	1.5	0
24043	2002	127	25488	5.8	23	1.0323	0.2	0
24043	2002	128	21340.8	12.5	24.8	1.0732	2.1	0
24043	2002	129	25488	14.7	26.1	1.2441	2.6	0
24043	2002	130	17712	12.2	22	1.5382	0.6	1.9
24043	2002	131	20649.6	9	21.7	1.289	1	5.1
24043	2002	132	18921.6	11.6	20.4	1.3073	0.6	4.9
24043	2002	133	21513.6	12.2	22.8	1.3978	0.2	0.9
24043	2002	134	8294.4	10.6	20.1	1.3064	1.5	1.5
24043	2002	135	26006.4	9.4	22.2	1.0936	0.2	0
24043	2002	136	27561.6	8	27	1.1582	0.6	0
24043	2002	137	26784	11.5	28.7	1.2918	1	0
24043	2002	138	25920	13.2	28.6	1.4803	1	23.1
24043	2002	139	4838.4	12.5	25	2.0518	0.6	6.2
24043	2002	140	7084.8	11.3	14.3	1.3881	0.2	3.5
24043	2002	141	27475.2	8.5	23.9	1.2322	1	0
24043	2002	142	27129.6	14.2	28.2	1.4576	1.5	0
24043	2002	143	15984	14.5	25.7	1.6206	1	0
24043	2002	144	10281.6	12.1	21.6	1.4374	1	0
24043	2002	145	12960	9.9	20.3	1.3027	1.5	7.9
24043	2002	146	11664	9.1	15.5	1.1861	0.2	0.4
24043	2002	147	7516.8	11.3	16	1.3267	1	13.9
24043	2002	148	3542.4	8.8	14.5	1.3281	0.6	13.6
24043	2002	149	17193.6	9.4	19.3	1.2739	0.6	1.3
24043	2002	150	28080	11.3	21.5	1.0989	2.1	0
24043	2002	151	24105.6	10.4	22.7	1.1471	1	0
24043	2002	152	28080	10.3	23.3	1.1654	1	0
24043	2002	153	30067.2	9.7	22.3	0.9987	2.1	0
24043	2002	154	27648	6.8	24.8	1.0039	1.5	0.1
24043	2002	155	18748.8	13.6	24.7	1.6165	0.6	1
24043	2002	156	17712	14.3	29.3	1.4338	2.6	0
24043	2002	157	5356.8	14.9	24.7	1.9827	2.1	20.1
24043	2002	158	1641.6	12	17.1	1.4394	1.5	17.4
24043	2002	159	21859.2	11.8	22.3	1.4169	1.5	0.6
24043	2002	160	8294.4	12.5	17	1.4916	1.5	9.7
24043	2002	161	3628.8	12.4	14.6	1.4375	0.6	8.4
24043	2002	162	29116.8	8.4	21.6	1.0559	1	0
24043	2002	163	28771.2	12.1	24.8	1.3778	0.6	0
24043	2002	164	24883.2	14.3	28.5	1.5264	1	0
24043	2002	165	27993.6	15.3	29.1	1.6294	1	0
24043	2002	166	26870.4	15.3	33	1.7727	1	0.1
24043	2002	167	14688	18.8	26.5	2.196	1.5	8
24043	2002	168	28425.6	15	31	1.7383	1	0
24043	2002	169	27734.4	17.1	33.8	2.1102	1	0
24043	2002	170	27388.8	17.8	34	2.0671	1	0
24043	2002	171	23241.6	19.1	33.4	2.5528	1.5	9.3
24043	2002	172	21340.8	17.3	31.4	2.4022	1	1.6
24043	2002	173	28166.4	16.2	30.2	1.9013	1	0
24043	2002	174	25056	18.9	32.4	2.1682	1.5	4.8
24043	2002	175	8899.2	17.5	28.1	2.4931	1	6.7
24043	2002	176	20217.6	15.4	23.8	1.5029	1.5	0
24043	2002	177	29635.2	11.7	26.6	1.3064	1	0
24043	2002	178	23760	14.3	28.2	1.7393	1.5	13.9
24043	2002	179	5011.2	14	22	1.8753	1.5	12.3
24043	2002	180	16070.4	10.5	17.6	1.2815	1	0.5
24043	2002	181	28339.2	7.6	23.7	1.1364	1	0
24043	2002	182	27561.6	12.7	26.2	1.3536	1.5	0
24043	2002	183	15897.6	14.4	24	1.7548	1.5	1.5
24043	2002	184	24969.6	14.5	27.2	1.8202	1.5	23.1
24043	2002	185	13564.8	12.2	19.3	1.3045	2.1	1.4
24043	2002	186	29894.4	8.9	26.8	1.2861	1	0
24043	2002	187	14083.2	12.9	24.1	1.8074	1.5	20.5
24043	2002	188	16848	14.5	22.8	1.5883	1	0.3
24043	2002	189	28944	12.2	30.1	1.5283	1	0
24043	2002	190	27907.2	15.6	32.4	1.8462	1	16.1
24043	2002	191	21427.2	16.7	30.9	2.1478	0.6	7.2
24043	2002	192	6739.2	13.4	19.1	1.5128	1	1.3
24043	2002	193	23846.4	14.7	26	1.6935	1.5	0.6
24043	2002	194	14860.8	16.5	23.7	1.9259	1.5	9.2
24043	2002	195	11232	15.2	20.5	1.6535	0.6	2.7
24043	2002	196	19958.4	16.1	25.8	1.9056	1.5	3.7
24043	2002	197	17539.2	17.4	25.9	2.0665	1.5	5.6
24043	2002	198	5184	17.4	22.4	2.1342	1	6.4
24043	2002	199	7171.2	15	18.7	1.5333	1.5	0.2
24043	2002	200	19526.4	13.3	21.9	1.4469	1.5	0
24043	2002	201	27561.6	11.4	26.5	1.4215	1	0
24043	2002	202	19180.8	13.6	29.7	1.9374	2.1	15.6
24043	2002	203	23328	15.4	22.7	1.4304	0.6	0
24043	2002	204	26870.4	11.2	25.7	1.3778	1	0
24043	2002	205	7948.8	14.8	23.1	1.7933	1	5.2
24043	2002	206	7603.2	14.2	16.9	1.6232	1	6
24043	2002	207	6048	12	17.3	1.4321	1	12.7
24043	2002	208	13478.4	12.9	22.2	1.7428	1	2.5
24043	2002	209	26956.8	11.1	28.5	1.5677	0.6	0
24043	2002	210	22377.6	15.1	29.6	1.8869	1.5	0
24043	2002	211	25920	15.1	29.7	1.7304	0.6	0
24043	2002	212	24883.2	15.1	29.3	1.8431	1	0
24043	2002	213	12528	19.4	25	2.0301	1	5
24043	2002	214	25488	15.9	24.6	1.5882	1	0
24043	2002	215	25056	13.8	27.7	1.7112	1.5	15.1
24043	2002	216	13392	15.8	23.9	1.827	1	6.2
24043	2002	217	16243.2	14	22.9	1.5898	1	0
24043	2002	218	4492.8	15.3	20	1.8949	2.1	135
24043	2002	219	3888	13.9	15.6	1.5922	1.5	20.8
24043	2002	220	10886.4	14	19.7	1.6674	1	2.5
24043	2002	221	22377.6	12.4	24.3	1.7062	1.5	1.4
24043	2002	222	17798.4	14.7	23.5	1.7659	1.5	1.2
24043	2002	223	3196.8	14	20.7	1.8792	2.1	87.7
24043	2002	224	2332.8	13.8	16.1	1.46	2.6	20
24043	2002	225	7776	14.2	20.1	1.3868	2.6	0
24043	2002	226	13910.4	13.7	21.9	1.4652	1	0
24043	2002	227	15292.8	12.9	22.5	1.5369	1	0
24043	2002	228	16502.4	14.5	24.3	1.7092	1	0
24043	2002	229	16761.6	14.4	25.5	1.9314	1	1.3
24043	2002	230	20649.6	13.2	27.6	1.7705	1	0.3
24043	2002	231	23241.6	14.1	29.4	1.8453	1	0
24043	2002	232	22809.6	14.1	29.1	1.8542	0.6	0.1
24043	2002	233	4752	16	22.9	2.1432	1	33.3
24043	2002	234	14601.6	13.2	22	1.6679	0.6	0
24043	2002	235	22291.2	11.4	25.8	1.6475	1	0
24043	2002	236	16848	15.1	25.6	1.9558	1	0.1
24043	2002	237	20995.2	15.2	28	1.983	1	0
24043	2002	238	21600	14.5	29.9	1.8698	0.6	0
24043	2002	239	9676.8	15.3	23.9	2.0949	1.5	26.1
24043	2002	240	17539.2	14.2	24.7	1.8274	0.6	0.9
24043	2002	241	14342.4	15.2	23.8	1.9688	1	4.5
24043	2002	242	18835.2	14.3	25.8	1.8263	0.6	0
24043	2002	243	20304	13.9	26.2	1.7561	1.5	18.1
24043	2002	244	4924.8	15	22.3	1.9746	2.1	8.6
24043	2002	245	12182.4	13.7	21.4	1.5425	1	16.1
24043	2002	246	16156.8	12.6	24.7	1.5883	1.5	0.5
24043	2002	247	19872	10.6	25.9	1.549	0.6	0.2
24043	2002	248	12787.2	15.1	21.2	1.7058	1	1.6
24043	2002	249	19958.4	10.7	23.5	1.4993	0.6	0
24043	2002	250	19526.4	11.5	24.6	1.6331	0.6	0
24043	2002	251	19353.6	13.3	25.7	1.7199	1	0
24043	2002	252	19267.2	12.3	27.8	1.7561	0.6	20.4
24043	2002	253	1987.2	13.5	21.3	1.905	0.6	15.2
24043	2002	254	13996.8	12.5	20.1	1.4436	1	0
24043	2002	255	16416	12	19.8	1.299	1.5	0
24043	2002	256	18403.2	5.8	17.6	1.0166	1.5	0
24043	2002	257	17971.2	6	19	1.1004	0.6	5
24043	2002	258	8380.8	10.1	15.2	1.2283	1.5	1.6
24043	2002	259	13392	8.5	16.7	1.1514	0.6	0
24043	2002	260	16416	6.5	18.1	1.1433	0.2	0
24043	2002	261	17539.2	6.4	21.3	1.2808	0.6	0
24043	2002	262	5184	9.3	16.4	1.3778	0.2	23.5
24043	2002	263	3542.4	13.9	17.8	1.6546	1.5	13.2
24043	2002	264	6566.4	13.3	17	1.5305	0.6	4.4
24043	2002	265	8294.4	11.5	15.7	1.3068	1	0.3
24043	2002	266	2419.2	8.5	12.4	1.2012	1	43.9
24043	2002	267	1296	6.3	8.9	0.9599	2.1	8.3
24043	2002	268	4406.4	4.3	6.7	0.7585	1	6.7
24043	2002	269	2246.4	4.8	7.6	0.9193	1	22
24043	2002	270	1209.6	7.1	9	1.0328	0.2	23.4
24043	2002	271	8121.6	4.6	11	0.8884	0.6	0
24043	2002	272	15206.4	1.3	14.4	0.8384	0.6	0
24043	2002	273	15638.4	1.5	16.5	0.9293	1	0
24043	2002	274	15465.6	2.4	18.4	1.0082	1	0
24043	2002	275	13910.4	3.5	18.4	1.085	0.6	0
24043	2002	276	10454.4	6.2	18.6	1.1508	0.6	8.2
24043	2002	277	2764.8	10.6	13.5	1.3495	1	14.7
24043	2002	278	13046.4	8.5	15.4	1.1452	1	2
24043	2002	279	1728	8.4	10.8	1.1348	0.6	9.9
24043	2002	280	8640	6.7	11.1	0.8888	0.6	0
24043	2002	281	11750.4	2.4	13.5	0.8762	0.6	0
24043	2002	282	13219.2	0.7	14.1	0.8748	0.6	0
24043	2002	283	10022.4	3.4	13	0.9347	1	0.1
24043	2002	284	1900.8	8.1	9.8	1.0291	1	4.9
24043	2002	285	1382.4	5.1	8.3	0.9515	1	27.4
24043	2002	286	3110.4	4.9	10	0.9914	0.2	2.3
24043	2002	287	4406.4	4.4	12.7	1.035	0.2	5.2
24043	2002	288	5011.2	9	16.1	1.3074	0.2	0.3
24043	2002	289	11664	9.8	21.5	1.456	0.2	0.6
24043	2002	290	3974.4	9.7	15.7	1.3203	1	29.5
24043	2002	291	5702.4	5.8	10.3	0.8929	0.6	0.1
24043	2002	292	3456	4.4	9.1	0.8761	0.6	1.5
24043	2002	293	8640	0.7	10.5	0.7456	0.2	0
24043	2002	294	7257.6	5.2	16.7	1.0065	0.6	0.1
24043	2002	295	5270.4	8.7	16.3	1.1873	1	0
24043	2002	296	9849.6	6.4	18.8	1.1223	1	12.8
24043	2002	297	6566.4	6	12.7	0.8927	1	0
24043	2002	298	5011.2	4.3	14.6	0.9815	0.2	1.7
24043	2002	299	9590.4	7.6	17.1	0.8603	2.6	0
24043	2002	300	5961.6	5.8	18.9	0.8603	2.1	1.2
24043	2002	301	4752	9.6	19.1	0.931	3.2	0
24043	2002	302	7948.8	5.1	13.2	0.8692	0	0
24043	2002	303	2764.8	3.8	16.4	1.0252	0.6	1.1
24043	2002	304	1036.8	7.5	10.6	1.1166	0	20.5
24043	2002	305	5875.2	9.8	15.3	1.2929	0.6	1.4
24043	2002	306	604.8	9.2	11.4	1.1892	0.2	5.9
24043	2002	307	1728	7.8	11.3	1.0953	0.2	14.6
24043	2002	308	864	5.2	11.4	0.9957	1	39
24043	2002	309	1641.6	2.9	6.5	0.6576	1	0.1
24043	2002	310	4147.2	1.5	5.5	0.6594	0.6	0
24043	2002	311	2073.6	-2.5	3.3	0.5724	0.6	2.2
24043	2002	312	1382.4	0.9	5.7	0.6889	1	0.2
24043	2002	313	1123.2	-0.2	7.5	0.6347	2.6	6.2
24043	2002	314	3283.2	4.2	6.7	0.6929	1.5	7.4
24043	2002	315	1296	4.3	9.5	0.8851	1	7.7
24043	2002	316	7862.4	4.5	13.1	0.9055	0.6	0
24043	2002	317	5356.8	1.6	12.4	0.751	1	0
24043	2002	318	4838.4	0.7	18.7	0.8538	1	0
24043	2002	319	6652.8	1.8	13.8	0.8884	1	0
24043	2002	320	5788.8	2.2	24.2	1.1217	2.6	3.5
24043	2002	321	7084.8	5.4	14.6	0.9939	0.2	0.1
24043	2002	322	3542.4	4.6	10.9	0.9908	0.6	1.6
24043	2002	323	1036.8	6.9	8.4	0.8899	1	1.6
24043	2002	324	6480	3.1	11.4	0.8862	1	0
24043	2002	325	1296	1.7	15.5	0.8263	0.6	0
24043	2002	326	604.8	5.2	15.4	1.039	1.5	27.6
24043	2002	327	6307.2	4.2	10.7	0.8055	1.5	0
24043	2002	328	2505.6	2.1	14.7	0.7712	0.6	0
24043	2002	329	4924.8	12.6	19.7	1.0449	2.6	0
24043	2002	330	2764.8	3.6	12.6	0.9283	1	0
24043	2002	331	1555.2	6.8	10.2	1.0093	0.2	0
24043	2002	332	2505.6	2.1	7.3	0.8113	0.6	0
24043	2002	333	691.2	3.5	7.5	0.8126	0.6	6.2
24043	2002	334	1555.2	5.1	7.6	0.8714	0.6	1.3
24043	2002	335	4406.4	2.2	8.8	0.7856	0.2	0.2
24043	2002	336	1728	0.3	4.3	0.6489	0.6	14.5
24043	2002	337	1555.2	1.7	4	0.6598	0.2	0.1
24043	2002	338	1123.2	2.7	4	0.6835	1	0.1
24043	2002	339	604.8	2.3	3.7	0.7199	0.2	2.8
24043	2002	340	604.8	2.7	3.9	0.7198	1	0.5
24043	2002	341	1209.6	1.9	3.4	0.6505	1	0
24043	2002	342	2851.2	-0.6	2	0.5335	0.6	0
24043	2002	343	3801.6	-4.8	-0.2	0.4119	1.5	0
24043	2002	344	5011.2	-8.6	-1	0.351	0.6	0
24043	2002	345	4752	-9	-2.8	0.3346	0.6	0
24043	2002	346	4665.6	-8.8	-0.2	0.3765	1	0
24043	2002	347	3110.4	-7.4	-2.2	0.3895	0.6	0
24043	2002	348	1900.8	-6.2	-1	0.4591	0	0
24043	2002	349	1641.6	-2.3	0.1	0.5131	0.2	4.4
24043	2002	350	2505.6	0	6.8	0.7327	0.2	13.9
24043	2002	351	1296	1.3	4	0.7096	0	5.5
24043	2002	352	432	0.4	3.4	0.6586	1	0.9
24043	2002	353	5270.4	-2	3.2	0.5424	0.2	0
24043	2002	354	4752	-5	4.1	0.4435	1	3.3
24043	2002	355	345.6	1.6	4.1	0.7197	0	30.5
24043	2002	356	2678.4	3.7	8.7	0.853	1	15.4
24043	2002	357	777.6	6.1	12.2	1.0894	1.5	2.5
24043	2002	358	345.6	2.1	6.3	0.7669	1	1.4
24043	2002	359	1296	1.1	3.1	0.6681	1.5	0
24043	2002	360	2678.4	0.4	3	0.6286	1	0
24043	2002	361	2246.4	0.9	8.3	0.6361	0.6	0
24043	2002	362	777.6	2.7	13.2	0.8334	1	24.5
24043	2002	363	2419.2	4	8	0.7478	1	3.6
24043	2002	364	432	4.9	8.4	0.9189	0	1.2
24043	2002	365	950.4	6.7	8.7	0.9349	1	7.8
