*---------------------------------------------------------------------------*
* Station name: SONNBLICK (TAWES)                       
* Year: 1986
* Author: Pedro Alencar                                   -999.000: NIL VALUE
* Source: ECAD 
* Comments: 
* Longitude: 47.0542, latitude: 47.0542, altitude: 3109 m.
*
* Column  Daily value
* 1       station number
* 2       year
* 3       day
* 4       irradiation                   (kJ m-2 d-1)
* 5       minimum temperature           (degrees Celsius)
* 6       maximum temperature           (degrees Celsius)
* 7       early morning vapour pressure (kPa)
* 8       mean wind speed (height: 2 m) (m s-1)
* 9       precipitation                 (mm d-1)
*
** WCCDESCRIPTION=GERMANY, SONNBLICK (TAWES)                       
** WCCFORMAT=2
** WCCYEARNR=1986
*---------------------------------------------------------------------------*
   47.0542  12.9575    3109.  -0.18 -0.55
24247	1986	1	604.8	-10.8	-7.4	0.2919	3.8	4.3
24247	1986	2	518.4	-10.2	-8.4	0.2903	5.9	4.1
24247	1986	3	2160	-14.2	-10.2	0.2136	7.5	0
24247	1986	4	777.6	-21.3	-13	0.1436	6.7	10.9
24247	1986	5	3024	-22	-13.2	0.129	11.1	0
24247	1986	6	604.8	-17.5	-12.3	0.181	7.5	18.3
24247	1986	7	2592	-19.3	-16.4	0.1128	9.2	1.4
24247	1986	8	2851.2	-17.5	-10	0.1502	8.4	0
24247	1986	9	1641.6	-13	-10.2	0.2469	8.4	11.1
24247	1986	10	2419.2	-17.8	-12.6	0.1803	13.1	8.4
24247	1986	11	864	-13	-6.8	0.2885	10.2	12.2
24247	1986	12	691.2	-17.4	-9.2	0.2086	7.5	19
24247	1986	13	518.4	-17.3	-12	0.1887	11.1	11.1
24247	1986	14	1900.8	-12	-8	0.269	12.1	9.1
24247	1986	15	691.2	-15.5	-9	0.2271	13.1	15.6
24247	1986	16	950.4	-18	-15.5	0.1534	6.7	15.9
24247	1986	17	777.6	-21.2	-17.6	0.1198	5.2	8.3
24247	1986	18	1641.6	-21	-8.7	0.1798	14.2	11.7
24247	1986	19	777.6	-8.8	-4.6	0.3703	12.1	8.1
24247	1986	20	691.2	-15.7	-6	0.2595	9.2	7
24247	1986	21	3110.4	-15.8	-12.3	0.1631	16.4	0
24247	1986	22	950.4	-14.2	-12	0.2075	8.4	1.2
24247	1986	23	1123.2	-13.6	-11	0.219	14.2	6.4
24247	1986	24	518.4	-18.5	-10.1	0.1922	3.8	15
24247	1986	25	604.8	-21.5	-18.5	0.115	4.5	10.1
24247	1986	26	691.2	-21.7	-19.8	0.1066	4.5	4.1
24247	1986	27	3196.8	-21	-18.8	0.1022	3.8	0
24247	1986	28	2505.6	-21.5	-14.5	0.1084	6.7	0
24247	1986	29	1555.2	-17.2	-13.8	0.1722	18.7	2.6
24247	1986	30	777.6	-18	-12	0.1776	20	4.7
24247	1986	31	604.8	-12.5	-9	0.2454	18.7	24.6
24247	1986	32	518.4	-13	-10.2	0.2444	6.7	14.6
24247	1986	33	518.4	-13	-10.2	0.2444	6.7	3.8
24247	1986	34	1468.8	-13.3	-11	0.2241	7.5	0
24247	1986	35	1296	-15.2	-7	0.2281	3.8	0
24247	1986	36	1296	-15.4	-11.8	0.1864	3.2	0
24247	1986	37	1296	-14.8	-11	0.195	4.5	0
24247	1986	38	1382.4	-19.1	-11.6	0.1725	3.8	1.1
24247	1986	39	1296	-27.3	-16.6	0.0959	3.2	3
24247	1986	40	950.4	-31.3	-27.3	0.0469	8.4	5.3
24247	1986	41	1123.2	-31.3	-17.4	0.0766	8.4	5.2
24247	1986	42	1641.6	-19.2	-17.4	0.1317	7.5	1.8
24247	1986	43	2592	-19.6	-18	0.1248	8.4	0.5
24247	1986	44	1728	-19.6	-14.6	0.141	5.2	0
24247	1986	45	1555.2	-16.8	-14.9	0.1441	11.1	0
24247	1986	46	1641.6	-16	-13.5	0.1871	7.5	0.1
24247	1986	47	1123.2	-15.3	-13.5	0.1926	3.2	1
24247	1986	48	2246.4	-15.2	-11.4	0.2086	10.2	1.8
24247	1986	49	1900.8	-13.3	-12	0.2176	9.2	0
24247	1986	50	1641.6	-12.5	-9.4	0.2601	5.9	2.4
24247	1986	51	1814.4	-14.9	-9.4	0.2338	2.6	0.8
24247	1986	52	1900.8	-15.5	-12.2	0.1931	9.2	0
24247	1986	53	1900.8	-15.9	-13.5	0.1018	6.7	0
24247	1986	54	1987.2	-15.5	-10	0.2112	8.4	1
24247	1986	55	1728	-18	-10.7	0.1833	5.9	1.9
24247	1986	56	1987.2	-20.2	-18	0.0351	6.7	0
24247	1986	57	1900.8	-23	-20	0.0581	5.2	0
24247	1986	58	1987.2	-23	-13.1	0.0517	3.8	0
24247	1986	59	1641.6	-13.5	-8.6	0.2106	5.9	1.2
24247	1986	60	1468.8	-11.6	-7.2	0.2971	15.3	2
24247	1986	61	1296	-9.5	-7	0.3284	3.2	0.2
24247	1986	62	2764.8	-9.2	-6.2	0.3359	3.8	7.3
24247	1986	63	2505.6	-16.8	-7.1	0.2351	9.2	0
24247	1986	64	1728	-14.4	-3.7	0.3084	5.9	0
24247	1986	65	2419.2	-8.3	-4.1	0.327	13.1	0.2
24247	1986	66	1296	-13.4	-8.3	0.2621	5.9	13.4
24247	1986	67	1382.4	-13.4	-6.5	0.2758	7.5	4
24247	1986	68	1468.8	-8.9	-5.8	0.3451	5.9	0.2
24247	1986	69	2764.8	-10.1	-7.4	0.2937	4.5	0
24247	1986	70	3283.2	-10	-5.8	0.2936	2.6	0
24247	1986	71	3196.8	-10.3	-7.2	0.2779	5.9	0
24247	1986	72	1555.2	-11	-8	0.2918	7.5	2.5
24247	1986	73	1987.2	-10.8	-8.8	0.282	3.2	0
24247	1986	74	3542.4	-12.5	-7.5	0.2604	6.7	0
24247	1986	75	3542.4	-12.5	-7.2	0.2462	7.5	0
24247	1986	76	1987.2	-13	-11	0.2366	5.2	0
24247	1986	77	3283.2	-13.2	-9	0.1599	3.2	0
24247	1986	78	1382.4	-14.1	-11.8	0.2168	5.9	1
24247	1986	79	2246.4	-15.6	-12	0.1939	6.7	5.2
24247	1986	80	1468.8	-16	-11.8	0.1986	6.7	13.3
24247	1986	81	2160	-18.2	-15.2	0.1557	5.2	1.4
24247	1986	82	1814.4	-17	-4	0.2558	10.2	4
24247	1986	83	1987.2	-10.2	-5.2	0.329	15.3	5.1
24247	1986	84	1382.4	-14.3	-9	0.2358	5.9	21.1
24247	1986	85	1814.4	-15.6	-7.2	0.2355	5.2	5.5
24247	1986	86	2937.6	-16.6	-5.8	0.2081	8.4	0
24247	1986	87	1468.8	-6.2	-0.2	0.2607	12.1	0.9
24247	1986	88	1641.6	-8.6	-2.1	0.4105	8.4	13.7
24247	1986	89	2073.6	-13.1	-8.6	0.2541	8.4	3.1
24247	1986	90	1555.2	-13.2	-7.2	0.2761	9.2	4
24247	1986	91	3024	-13.2	-7.6	0.2634	5.2	2.9
24247	1986	92	1641.6	-9.6	-6.6	0.3256	6.7	5.4
24247	1986	93	5529.6	-7.5	-5.9	0.3591	13.1	4
24247	1986	94	1382.4	-6.7	-5.2	0.3804	6.7	17.2
24247	1986	95	1555.2	-7	-5.5	0.3794	9.2	1.2
24247	1986	96	1987.2	-7.9	-5.4	0.368	14.2	0
24247	1986	97	1814.4	-6.8	-4.2	0.4018	18.7	0
24247	1986	98	2160	-5.3	-2.4	0.4506	8.4	7.3
24247	1986	99	1728	-5.5	-3	0.4372	9.2	6
24247	1986	100	2332.8	-11	-5	0.3181	5.2	2
24247	1986	101	2592	-12.5	-5.5	0.2911	4.5	10.5
24247	1986	102	1987.2	-12	-7.4	0.2843	5.9	6.5
24247	1986	103	2332.8	-16.7	-12	0.1954	6.7	7.1
24247	1986	104	4406.4	-19.2	-9	0.1604	7.5	0
24247	1986	105	3369.6	-14	-9	0.2412	10.2	3
24247	1986	106	2332.8	-10.5	-7	0.3158	7.5	1.8
24247	1986	107	1814.4	-11	-7.7	0.2982	11.1	14.3
24247	1986	108	1296	-11.2	-7.4	0.3024	6.7	14.3
24247	1986	109	2419.2	-12.2	-8.4	0.2739	6.7	8.7
24247	1986	110	2678.4	-15.4	-10.3	0.2163	6.7	3.5
24247	1986	111	2678.4	-11.8	-6.6	0.2957	12.1	0.3
24247	1986	112	6480	-7.4	-6	0.3628	14.2	1.9
24247	1986	113	6480	-6.6	-4.2	0.4008	13.1	2
24247	1986	114	6566.4	-5.1	-3.1	0.4422	13.1	0
24247	1986	115	2332.8	-5	-2.8	0.4489	9.2	0
24247	1986	116	3024	-5	-3.2	0.4422	13.1	0.4
24247	1986	117	2937.6	-5.1	-3.1	0.4422	10.2	2.1
24247	1986	118	1900.8	-4.6	-1.7	0.4845	5.9	4.1
24247	1986	119	2419.2	-4	-1.8	0.4887	5.2	12.1
24247	1986	120	2678.4	-2.9	-2	0.5053	5.9	10.4
24247	1986	121	6825.6	-2.4	-0.6	0.5366	2.6	1
24247	1986	122	6912	-1.6	-0.8	0.5429	6.7	0
24247	1986	123	16416	-2.4	-1.2	0.5088	7.5	0
24247	1986	124	21945.6	-4.2	-0.8	0.4882	6.7	0
24247	1986	125	19353.6	-5	-1	0.4606	5.9	0
24247	1986	126	22377.6	-4	-1.4	0.461	8.4	0.9
24247	1986	127	11318.4	-4.2	-1.5	0.4905	7.5	0.7
24247	1986	128	7084.8	-9.7	-2	0.3912	4.5	8.5
24247	1986	129	7171.2	-11	-6	0.3091	2.1	13
24247	1986	130	7171.2	-7.1	-2.5	0.4237	5.9	7
24247	1986	131	19180.8	-3.9	-0.2	0.5205	2.1	0.6
24247	1986	132	11059.2	-4	-1	0.4984	3.8	0
24247	1986	133	28857.6	-2	2.5	0.5475	3.8	0
24247	1986	134	25747.2	-0.8	2.5	0.5978	9.2	0
24247	1986	135	7344	-3	0.5	0.5577	10.2	0
24247	1986	136	12009.6	-2.5	1	0.5727	4.5	7.6
24247	1986	137	18057.6	-2	0.3	0.5628	2.6	0.3
24247	1986	138	25920	-0.2	7.5	0.4839	1.5	0
24247	1986	139	20649.6	2.5	6.4	0.6462	1.5	1.8
24247	1986	140	27043.2	1.7	7.1	0.6356	1.5	0
24247	1986	141	22032	4.3	6.5	0.7174	6.7	3.4
24247	1986	142	18921.6	0.1	4.6	0.7018	3.8	1
24247	1986	143	24278.4	1.6	5.5	0.7405	1.5	2.9
24247	1986	144	7603.2	-0.3	2.8	0.642	2.1	6
24247	1986	145	30844.8	-7	4.4	0.4612	2.1	0
24247	1986	146	28598.4	1.5	8.2	0.561	2.6	0
24247	1986	147	27043.2	2.5	5.8	0.6738	3.8	0
24247	1986	148	7689.6	0.3	4.7	0.7021	4.5	22.4
24247	1986	149	7689.6	-1.8	1.8	0.5866	2.6	25.3
24247	1986	150	7689.6	-9.5	-1	0.4013	5.2	18.7
24247	1986	151	7689.6	-10.3	-7	0.3119	3.2	5.5
24247	1986	152	8121.6	-10.5	-2	0.3756	3.2	0
24247	1986	153	8553.6	-5	-2	0.4484	3.2	4.1
24247	1986	154	20044.8	-4.3	-1.7	0.4606	1	3.2
24247	1986	155	12096	-7.2	-1.7	0.3955	7.5	38.2
24247	1986	156	11491.2	-10	-2.6	0.3665	1.5	2.4
24247	1986	157	15984	-12.1	-2	0.3424	1.5	0
24247	1986	158	11318.4	-7.3	-3	0.3918	6.7	4.4
24247	1986	159	18144	-7	-1	0.4319	1.5	0
24247	1986	160	13046.4	-6.2	-1.5	0.4276	5.2	0
24247	1986	161	29289.6	-4.8	2.1	0.454	3.8	0
24247	1986	162	17366.4	-1	2.8	0.6065	3.2	0
24247	1986	163	6739.2	-5.4	1.8	0.4981	7.5	0
24247	1986	164	6739.2	-5.8	-0.3	0.4589	11.1	0
24247	1986	165	6739.2	-1.7	1.4	0.5923	6.7	13.2
24247	1986	166	15552	-0.1	3.2	0.6218	6.7	0
24247	1986	167	8985.6	0.2	2.4	0.6578	6.7	1.1
24247	1986	168	12268.8	0.5	4.4	0.6704	4.5	0.5
24247	1986	169	26524.8	0.2	8	0.6551	2.1	0.7
24247	1986	170	9244.8	1	5.4	0.6917	4.5	0
24247	1986	171	24537.6	0.1	6.2	0.582	4.5	0
24247	1986	172	15379.2	0.8	5	0.7148	2.1	0
24247	1986	173	21081.6	0.8	8.2	0.6821	3.8	3.4
24247	1986	174	19612.8	2	8.4	0.7959	7.5	12.1
24247	1986	175	13651.2	-0.2	5.8	0.7321	5.9	1.2
24247	1986	176	26006.4	-1.2	3.3	0.6328	1.5	0
24247	1986	177	25315.2	-0.2	3.2	0.5107	6.7	0
24247	1986	178	31276.8	-0.6	4.2	0.3896	3.2	0
24247	1986	179	31536	0.5	5.8	0.4595	3.2	0
24247	1986	180	13996.8	-0.5	4.5	0.6422	6.7	5.5
24247	1986	181	6739.2	-2.6	0.8	0.5607	3.8	0
24247	1986	182	6739.2	-2.3	0.8	0.5727	4.5	0
24247	1986	183	28080	0	4.2	0.5899	0.6	0
24247	1986	184	25056	2.6	7	0.6622	0.6	0
24247	1986	185	10540.8	1	7.8	0.761	2.1	0
24247	1986	186	11664	3	7	0.8023	6.7	1.2
24247	1986	187	12096	2	6	0.7725	7.5	20.3
24247	1986	188	14256	-2.8	2	0.5875	3.8	5.1
24247	1986	189	6652.8	-3.6	0	0.5356	3.8	16
24247	1986	190	16848	-5.3	-0.1	0.4209	1	4.1
24247	1986	191	9072	-4.8	1	0.4891	4.5	0.4
24247	1986	192	13651.2	-1.8	3.2	0.5978	3.2	1.5
24247	1986	193	14342.4	-1	3.4	0.6397	2.6	6.6
24247	1986	194	8467.2	-1.3	0.8	0.594	1.5	1.5
24247	1986	195	16848	-3.8	3.5	0.5621	4.5	0
24247	1986	196	28771.2	-8	0.4	0.4154	5.2	0
24247	1986	197	29462.4	-0.6	6.5	0.5436	3.2	0
24247	1986	198	27907.2	1	5.6	0.5573	2.6	0
24247	1986	199	20390.4	-1.2	4.2	0.6332	2.6	6.1
24247	1986	200	6480	-1.2	2	0.629	4.5	6.7
24247	1986	201	9158.4	-2.2	3.3	0.6295	3.2	0.1
24247	1986	202	30326.4	-4.2	6.2	0.6043	2.6	0
24247	1986	203	27993.6	0	8.2	0.6797	3.2	3.1
24247	1986	204	26697.6	2	6	0.7806	10.2	3
24247	1986	205	6307.2	-5.3	4.2	0.5753	7.5	22
24247	1986	206	27648	-6.6	4.8	0.4749	3.8	0
24247	1986	207	19872	-2	5.6	0.6192	2.1	0
24247	1986	208	16070.4	-0.6	4.8	0.5828	2.6	0
24247	1986	209	24710.4	1.4	7.4	0.7527	2.1	0
24247	1986	210	22636.8	4	6.9	0.7199	3.8	2.1
24247	1986	211	16502.4	4.1	9.5	0.8593	3.2	3.4
24247	1986	212	19008	3.7	10.3	0.8211	5.9	2.4
24247	1986	213	16243.2	4	8.4	0.7866	5.2	23.8
24247	1986	214	23846.4	3.8	9.4	0.7112	2.1	0
24247	1986	215	25660.8	4.8	9.4	0.7965	4.5	0
24247	1986	216	19958.4	5.8	8.4	0.8974	2.1	13
24247	1986	217	6048	3	6.2	0.8311	3.8	0
24247	1986	218	28512	2.5	5.8	0.6081	3.8	0
24247	1986	219	27475.2	3.4	7.2	0.6055	3.8	6.6
24247	1986	220	9072	2	4.4	0.7301	3.8	2.2
24247	1986	221	23241.6	1.9	9.1	0.6321	2.6	1.3
24247	1986	222	17712	2.2	7.4	0.7482	4.5	9.1
24247	1986	223	19008	2.8	8.2	0.7224	8.4	2.6
24247	1986	224	5788.8	1	5.8	0.7639	8.4	7.1
24247	1986	225	5702.4	-0.5	5.2	0.6801	3.2	23.3
24247	1986	226	13564.8	-1.2	4	0.6625	4.5	0.5
24247	1986	227	24883.2	-1	6.8	0.5267	2.6	3.7
24247	1986	228	18316.8	1.5	7.2	0.75	3.2	0
24247	1986	229	20908.8	3.4	8.7	0.7973	3.2	1.9
24247	1986	230	5529.6	4.1	6.8	0.8818	6.7	12
24247	1986	231	14860.8	0.1	4.2	0.6562	5.9	13
24247	1986	232	10886.4	-2.2	3.9	0.6303	5.2	0.5
24247	1986	233	23932.8	-4	3.2	0.5697	5.2	0
24247	1986	234	16761.6	1.8	5.9	0.7	6.7	0
24247	1986	235	7603.2	-4.2	5.2	0.6209	8.4	26.3
24247	1986	236	5356.8	-4.4	-2.2	0.46	8.4	18.9
24247	1986	237	15292.8	-5.2	-1	0.4717	6.7	0
24247	1986	238	18057.6	-1.9	2.8	0.606	10.2	0
24247	1986	239	5184	0.4	2	0.653	7.5	5.6
24247	1986	240	5184	0.3	1.9	0.6484	10.2	10.5
24247	1986	241	12268.8	-7.3	0.9	0.4682	2.6	11.6
24247	1986	242	13392	-8.2	-3.4	0.3888	3.2	0
24247	1986	243	5961.6	-5.4	-3.4	0.4235	2.6	1.3
24247	1986	244	23241.6	-7.4	-1.6	0.4072	3.2	0
24247	1986	245	14169.6	-5	-0.5	0.4792	4.5	0
24247	1986	246	21254.4	-1.8	2.2	0.5021	10.2	11.2
24247	1986	247	9504	-6.4	1.1	0.5029	2.1	6.4
24247	1986	248	22809.6	-7.3	1.9	0.2806	2.1	0
24247	1986	249	22291.2	0.9	5.4	0.5284	1	0
24247	1986	250	14428.8	0.6	4	0.5984	1.5	0
24247	1986	251	14083.2	-0.4	3.5	0.615	3.2	11.4
24247	1986	252	14083.2	-1.7	2.1	0.6199	3.8	34.9
24247	1986	253	14515.2	-4.3	-1.6	0.4918	3.8	1.8
24247	1986	254	22636.8	-5.3	1	0.4019	4.5	0
24247	1986	255	18403.2	-0.4	3.3	0.5699	7.5	0
24247	1986	256	11923.2	0.8	3.8	0.6993	3.2	0
24247	1986	257	17452.8	1.6	5	0.6889	5.9	0
24247	1986	258	14515.2	2.6	6.6	0.7548	9.2	0
24247	1986	259	16243.2	3.2	6.3	0.7713	8.4	0
24247	1986	260	15033.6	2.4	7.6	0.7413	5.9	9.6
24247	1986	261	8294.4	0.9	5.5	0.7685	3.2	5.1
24247	1986	262	8294.4	-0.5	2	0.529	5.9	1.9
24247	1986	263	8294.4	0.4	1.4	0.5478	3.8	0
24247	1986	264	8294.4	-2.8	3.8	0.2851	3.2	0
24247	1986	265	8294.4	-1	4	0.3677	2.1	0
24247	1986	266	8294.4	0.9	6.1	0.2591	2.6	0
24247	1986	267	15292.8	2.7	5.8	0.571	3.2	0
24247	1986	268	7776	0.5	3.5	0.6986	3.8	1.4
24247	1986	269	9417.6	-1.4	0.7	0.5837	2.1	1
24247	1986	270	17193.6	-5.5	-1.2	0.3914	3.2	0.4
24247	1986	271	11923.2	-6.1	-3.2	0.4286	3.2	0
24247	1986	272	17625.6	-5	0.4	0.3045	3.2	0
24247	1986	273	17107.2	-0.5	3.5	0.2383	5.9	0
24247	1986	274	17280	2.7	5.2	0.47	7.5	0
24247	1986	275	16502.4	2.8	7.2	0.5756	2.1	0
24247	1986	276	16070.4	2	6.2	0.7042	3.2	0
24247	1986	277	15379.2	1	3.2	0.661	3.8	0
24247	1986	278	11664	1	5.4	0.6302	3.2	0
24247	1986	279	9763.2	1.2	3.6	0.6826	1.5	0
24247	1986	280	14947.2	-0.3	4.6	0.5635	3.8	0
24247	1986	281	7344	-3.4	2.5	0.5558	6.7	0.4
24247	1986	282	15552	-5.2	4	0.1287	3.2	0
24247	1986	283	15638.4	0	3.4	0.297	3.2	0
24247	1986	284	16934.4	0.8	4	0.5228	2.6	0
24247	1986	285	16761.6	-0.8	2.2	0.3535	7.5	0
24247	1986	286	14169.6	-1.2	2.8	0.2849	11.1	0
24247	1986	287	14256	0.8	5.2	0.3334	2.6	0
24247	1986	288	14083.2	1.8	4.8	0.3406	2.6	0
24247	1986	289	13824	0.3	3.6	0.3235	3.2	0
24247	1986	290	13824	-0.1	3.8	0.2863	2.1	0
24247	1986	291	13564.8	-0.6	2	0.4242	6.7	2.2
24247	1986	292	5356.8	-3.5	-0.1	0.4285	7.5	0.7
24247	1986	293	8985.6	-8.4	-3.2	0.3848	8.4	7.7
24247	1986	294	9417.6	-11.6	-4	0.3299	5.9	1
24247	1986	295	6480	-8.1	-0.4	0.4372	10.2	0.8
24247	1986	296	4233.6	-10.6	-1.3	0.3883	3.2	25.5
24247	1986	297	8553.6	-14	-10	0.2293	4.5	2.1
24247	1986	298	10713.6	-10.8	-5.8	0.2911	8.4	9.1
24247	1986	299	4406.4	-12.1	-8.7	0.2634	6.7	20.6
24247	1986	300	5961.6	-13.5	-11	0.2295	5.9	4.1
24247	1986	301	12441.6	-12	-5.2	0.2748	4.5	0
24247	1986	302	9590.4	-6	-1.4	0.2418	5.2	1.9
24247	1986	303	9849.6	-6.2	-4.2	0.4152	4.5	0
24247	1986	304	12441.6	-7.7	-3.3	0.2111	3.8	0
24247	1986	305	6912	-5.5	-3.5	0.3809	7.5	0.4
24247	1986	306	7948.8	-9.2	-3	0.3877	5.2	9.7
24247	1986	307	9936	-14.7	-9.2	0.2425	6.7	0
24247	1986	308	10886.4	-14.7	-12.4	0.1484	7.5	0
24247	1986	309	10454.4	-14	-7.6	0.1746	8.4	1.7
24247	1986	310	8553.6	-9.4	-6.7	0.3302	13.1	0
24247	1986	311	9417.6	-11	-4.8	0.27	12.1	0
24247	1986	312	10281.6	-4.9	-0.7	0.194	3.8	0
24247	1986	313	9849.6	-6.8	-3	0.3016	5.2	0
24247	1986	314	9849.6	-5.2	0.5	0.1131	2.1	0
24247	1986	315	9763.2	-1	2.1	0.1272	7.5	0
24247	1986	316	9417.6	-4	0.1	0.1854	6.7	0
24247	1986	317	9590.4	-5.6	-1.5	0.2022	11.1	0
24247	1986	318	9072	-7	-4.8	0.3779	12.1	0.5
24247	1986	319	6652.8	-5.2	-2.2	0.4045	5.2	0
24247	1986	320	6652.8	-3.6	-0.8	0.364	6.7	0
24247	1986	321	6652.8	-2.5	-0.9	0.3669	6.7	0.3
24247	1986	322	6652.8	-6.2	-1	0.4638	4.5	0
24247	1986	323	6652.8	-6.4	-3.9	0.2376	3.2	0
24247	1986	324	6652.8	-5.3	-4	0.3117	3.8	0
24247	1986	325	6652.8	-9.6	-5	0.3535	8.4	11.4
24247	1986	326	6652.8	-10.8	-6.6	0.3107	6.7	3.2
24247	1986	327	6652.8	-11.5	-6	0.3032	7.5	30.1
24247	1986	328	6652.8	-14.6	-9.7	0.2362	4.5	2.1
24247	1986	329	6652.8	-10	-1	0.2557	5.2	0
24247	1986	330	6652.8	-1.6	1.2	0.1746	5.9	0.8
24247	1986	331	6652.8	-15	-1.2	0.3057	5.2	0
24247	1986	332	6652.8	-15.4	-12.2	0.1054	8.4	0
24247	1986	333	6652.8	-12.2	-3.7	0.1378	7.5	0
24247	1986	334	6652.8	-4.2	-2.9	0.1458	5.2	0
24247	1986	335	6652.8	-3.4	-1	0.0988	2.6	0
24247	1986	336	6998.4	-6	-3	0.2671	3.8	0
24247	1986	337	6825.6	-5.8	0.6	0.1918	5.2	0
24247	1986	338	6912	-0.4	2	0.1878	3.2	0
24247	1986	339	6825.6	-1.8	0	0.246	7.5	0
24247	1986	340	5875.2	-3.8	-1.8	0.179	4.5	0
24247	1986	341	6825.6	-8.4	-3.6	0.1602	3.2	0
24247	1986	342	7257.6	-8	-6.2	0.2693	9.2	0
24247	1986	343	6393.6	-8.6	-6.2	0.2631	8.4	0
24247	1986	344	6307.2	-7.1	-5	0.2374	3.8	0
24247	1986	345	6739.2	-6.4	-4.3	0.156	2.1	0
24247	1986	346	5443.2	-9.8	-5.9	0.1186	5.2	0
24247	1986	347	6307.2	-10.2	-8.1	0.1744	6.7	0
24247	1986	348	3196.8	-9.8	-8.2	0.288	5.9	21.6
24247	1986	349	3283.2	-14.5	-9.8	0.2362	5.9	3.2
24247	1986	350	5356.8	-15.7	-7.8	0.2165	6.7	10
24247	1986	351	3456	-17	-15.2	0.162	5.2	17.2
24247	1986	352	3542.4	-16	-9.6	0.2195	12.1	7.9
24247	1986	353	3888	-19.5	-9.2	0.1894	7.5	25.1
24247	1986	354	3974.4	-20.8	-17.8	0.1209	4.5	18.1
24247	1986	355	4752	-20.2	-18.2	0.1219	4.5	7.2
24247	1986	356	3974.4	-21.4	-20	0.1071	5.9	8.1
24247	1986	357	4233.6	-25	-20.2	0.0886	8.4	4.8
24247	1986	358	3715.2	-26.1	-23.7	0.0729	6.7	6.6
24247	1986	359	4060.8	-26.8	-21.5	0.078	7.5	2.7
24247	1986	360	4838.4	-21.5	-12.9	0.1493	6.7	9
24247	1986	361	4579.2	-19.8	-14.6	0.1509	3.8	12.7
24247	1986	362	2592	-20	-15.4	0.1447	5.2	9.9
24247	1986	363	4233.6	-15.4	-8.2	0.238	8.4	12.4
24247	1986	364	5529.6	-10.8	-5.4	0.3223	9.2	0
24247	1986	365	6048	-11.6	-5.9	0.2937	6.7	2
