*---------------------------------------------------------------------------*
* Station name: SONNBLICK (TAWES)                       
* Year: 1980
* Author: Pedro Alencar                                   -999.000: NIL VALUE
* Source: ECAD 
* Comments: 
* Longitude: 47.0542, latitude: 47.0542, altitude: 3109 m.
*
* Column  Daily value
* 1       station number
* 2       year
* 3       day
* 4       irradiation                   (kJ m-2 d-1)
* 5       minimum temperature           (degrees Celsius)
* 6       maximum temperature           (degrees Celsius)
* 7       early morning vapour pressure (kPa)
* 8       mean wind speed (height: 2 m) (m s-1)
* 9       precipitation                 (mm d-1)
*
** WCCDESCRIPTION=GERMANY, SONNBLICK (TAWES)                       
** WCCFORMAT=2
** WCCYEARNR=1980
*---------------------------------------------------------------------------*
   47.0542  12.9575    3109.  -0.18 -0.55
24247	1980	1	5184	-21.2	-18.2	0.1103	4.5	6.2
24247	1980	2	3888	-23.3	-21.1	0.0877	5.9	12.2
24247	1980	3	2851.2	-25	-22.2	0.0747	8.4	6.9
24247	1980	4	7603.2	-25	-12.6	0.1151	8.4	11.3
24247	1980	5	3715.2	-12.8	-8.2	0.2503	5.9	12.8
24247	1980	6	6048	-16	-12.8	0.1765	5.2	3.9
24247	1980	7	7344	-17.4	-15.2	0.1491	3.2	4.7
24247	1980	8	7257.6	-18.2	-16.6	0.1374	3.8	0
24247	1980	9	8467.2	-18.6	-17.1	0.1067	3.8	0
24247	1980	10	8208	-19.1	-16.5	0.1072	3.2	0
24247	1980	11	8467.2	-22.6	-19	0.1026	8.4	1.1
24247	1980	12	3196.8	-22.4	-14	0.1343	12.1	3.2
24247	1980	13	7948.8	-18.4	-12	0.1127	2.6	0
24247	1980	14	8208	-12.9	-10.1	0.1067	12.1	0
24247	1980	15	3456	-13	-9.8	0.2432	9.2	2.7
24247	1980	16	5875.2	-12.2	-10	0.2465	3.2	0
24247	1980	17	7430.4	-13.9	-11.1	0.2179	7.5	0
24247	1980	18	7862.4	-14	-12.8	0.196	14.2	0
24247	1980	19	8726.4	-14.2	-12.2	0.2014	18.7	0
24247	1980	20	7257.6	-14.2	-11.4	0.2081	9.2	1.1
24247	1980	21	3369.6	-14	-12	0.2047	12.1	8.7
24247	1980	22	2592	-14	-12	0.2025	22.5	6.6
24247	1980	23	3628.8	-14.1	-11	0.21	5.9	13
24247	1980	24	6393.6	-14.4	-8.8	0.2393	7.5	2.7
24247	1980	25	5702.4	-12	-8.8	0.2578	4.5	14.1
24247	1980	26	10195.2	-16	-10.4	0.197	5.2	5.2
24247	1980	27	3456	-19	-15.5	0.1345	11.1	17.1
24247	1980	28	10281.6	-19.8	-10	0.0963	15.3	0
24247	1980	29	7776	-13.3	-10.2	0.2016	13.1	0
24247	1980	30	8640	-10.2	-7.3	0.1989	12.1	0
24247	1980	31	5702.4	-10.4	-8.2	0.2843	20	6.4
24247	1980	32	7257.6	-12.6	-9.4	0.2458	6.7	19.7
24247	1980	33	8467.2	-17.2	-12.6	0.1733	15.3	2
24247	1980	34	6739.2	-13.7	-12.6	0.2	7.5	6
24247	1980	35	5443.2	-13.4	-9.4	0.2355	11.1	12.2
24247	1980	36	6998.4	-11.4	-5	0.3033	5.9	13.2
24247	1980	37	9590.4	-12	-9.8	0.2318	8.4	0
24247	1980	38	6652.8	-11.8	-9.7	0.24	5.2	12.9
24247	1980	39	12182.4	-13.3	-7.4	0.2505	9.2	0
24247	1980	40	12009.6	-7.4	-2.1	0.1847	5.9	0
24247	1980	41	9331.2	-8.8	-2.4	0.2417	3.2	4.8
24247	1980	42	6566.4	-13.6	-8.6	0.2386	8.4	14.7
24247	1980	43	10454.4	-15.2	-10.8	0.2025	8.4	10.6
24247	1980	44	12873.6	-15.6	-9.2	0.1417	12.1	0
24247	1980	45	10281.6	-15.4	-10.2	0.1852	7.5	0.7
24247	1980	46	11750.4	-12	-8.6	0.2068	4.5	0
24247	1980	47	11059.2	-10.1	-6.5	0.2322	6.7	10.4
24247	1980	48	10281.6	-12	-10	0.2511	6.7	18
24247	1980	49	11577.6	-17.8	-11	0.1605	5.9	3
24247	1980	50	12960	-17.8	-12.4	0.1572	10.2	0
24247	1980	51	14428.8	-16	-13.8	0.1752	13.1	0
24247	1980	52	14947.2	-15	-10.8	0.1928	10.2	0
24247	1980	53	8640	-16.3	-12.9	0.1776	9.2	0
24247	1980	54	14688	-15	-10	0.1382	3.2	0
24247	1980	55	15120	-12	-9.2	0.1419	13.1	0
24247	1980	56	15379.2	-10	-5.4	0.1131	3.2	0
24247	1980	57	15897.6	-9.8	-7	0.0811	12.1	0
24247	1980	58	16243.2	-12.2	-9.4	0.0779	15.3	0
24247	1980	59	13219.2	-14.4	-11.8	0.2008	16.4	0
24247	1980	60	8467.2	-15.4	-13.8	0.1658	14.2	11.9
24247	1980	61	16502.4	-15	-8.8	0.1721	13.1	0
24247	1980	62	15897.6	-11	-6.3	0.0637	10.2	0.9
24247	1980	63	10022.4	-19	-7.3	0.2045	5.9	14.1
24247	1980	64	14947.2	-20.8	-14.8	0.1163	10.2	2.3
24247	1980	65	17452.8	-15.2	-7	0.1259	7.5	0
24247	1980	66	16329.6	-12.8	-7.8	0.218	8.4	0.5
24247	1980	67	14256	-13.7	-7.2	0.2623	4.5	14.2
24247	1980	68	11059.2	-16	-10	0.2047	4.5	9.7
24247	1980	69	11145.6	-15	-12	0.1944	11.1	17
24247	1980	70	10627.2	-14.2	-12	0.2008	6.7	4.2
24247	1980	71	16848	-16.3	-11.3	0.1876	3.2	3.1
24247	1980	72	13132.8	-14.8	-10.2	0.2108	6.7	2.2
24247	1980	73	6739.2	-12.8	-11	0.2189	12.1	4.2
24247	1980	74	7948.8	-13.2	-10.8	0.2195	12.1	7
24247	1980	75	13132.8	-12	-9	0.2475	11.1	3.9
24247	1980	76	14515.2	-10.7	-6.6	0.2864	6.7	1.1
24247	1980	77	19353.6	-12.4	-7.6	0.2204	5.9	0
24247	1980	78	19526.4	-8.8	-6.4	0.2141	5.9	0
24247	1980	79	18921.6	-9	-7.2	0.2758	6.7	0
24247	1980	80	11059.2	-11.1	-8.6	0.2751	11.1	3.8
24247	1980	81	16588.8	-12.8	-9	0.2478	3.2	1
24247	1980	82	14083.2	-12.3	-9.7	0.2405	13.1	0
24247	1980	83	15292.8	-11	-6.8	0.2934	5.2	0
24247	1980	84	16243.2	-11.6	-6.6	0.2919	2.6	0
24247	1980	85	16848	-12	-8.6	0.2627	6.7	0
24247	1980	86	14860.8	-12	-7.2	0.2747	4.5	4.9
24247	1980	87	12873.6	-9.6	-5.4	0.3272	5.9	3.2
24247	1980	88	16761.6	-6.4	-2.8	0.3737	5.9	0
24247	1980	89	14428.8	-7.8	-3.8	0.357	8.4	10.4
24247	1980	90	16329.6	-11	-7.6	0.2782	5.2	15.9
24247	1980	91	22723.2	-12	-7.8	0.2596	9.2	6.4
24247	1980	92	17107.2	-8.6	-3.8	0.3655	8.4	6.7
24247	1980	93	21513.6	-10.4	-3.8	0.3339	8.4	16
24247	1980	94	13737.6	-14.8	-8	0.2304	6.7	11.9
24247	1980	95	14774.4	-16.3	-12.8	0.1744	9.2	8.6
24247	1980	96	17193.6	-18.3	-14.8	0.146	9.2	14.1
24247	1980	97	19785.6	-19	-15.4	0.1398	8.4	1.7
24247	1980	98	19440	-16.8	-11	0.186	10.2	6.6
24247	1980	99	17625.6	-15	-9.7	0.2134	6.7	12.1
24247	1980	100	19180.8	-17.8	-10.4	0.183	7.5	9.3
24247	1980	101	19872	-18.4	-13	0.1585	10.2	10.8
24247	1980	102	23155.2	-15.4	-11	0.1926	5.9	0.7
24247	1980	103	26352	-13.1	-8.4	0.1402	4.5	0
24247	1980	104	25920	-11	-3.6	0.2828	5.2	0
24247	1980	105	27388.8	-8.3	-2.5	0.2454	6.7	0
24247	1980	106	26784	-7.2	-3.8	0.2638	7.5	0
24247	1980	107	26956.8	-5.3	-0.6	0.3787	2.1	0
24247	1980	108	27734.4	-6.3	-2	0.3282	3.2	0.4
24247	1980	109	19958.4	-7.1	-2.4	0.3953	3.8	2.4
24247	1980	110	16243.2	-7.1	-3.8	0.387	4.5	4.5
24247	1980	111	19008	-14.8	-6.4	0.2374	6.7	7.5
24247	1980	112	19958.4	-17.7	-10.5	0.183	12.1	11.1
24247	1980	113	15379.2	-15.9	-12.7	0.1841	10.2	14.8
24247	1980	114	17366.4	-16.1	-12.5	0.1841	5.2	16.8
24247	1980	115	20995.2	-14.2	-10.2	0.216	7.5	13.2
24247	1980	116	24624	-12.8	-8	0.2495	5.9	12.6
24247	1980	117	21686.4	-13	-7.6	0.2543	3.8	8.4
24247	1980	118	17539.2	-12.4	-7	0.2638	1.5	27.3
24247	1980	119	16329.6	-12.2	-7.6	0.2625	6.7	9.9
24247	1980	120	26524.8	-9.6	-7	0.278	3.8	0
24247	1980	121	24624	-8.7	-5.9	0.2899	5.9	0
24247	1980	122	17107.2	-8.4	-5.2	0.349	2.1	3
24247	1980	123	24883.2	-7	-2.8	0.3993	0.2	0.5
24247	1980	124	19440	-6.9	-2.9	0.3993	4.5	10.1
24247	1980	125	9072	-6	-3.6	0.4066	4.5	10.1
24247	1980	126	13305.6	-5.4	-1.8	0.4591	3.8	2.4
24247	1980	127	22809.6	-4.2	-2	0.462	6.7	0
24247	1980	128	22464	-5.4	-0.8	0.4572	1.5	0
24247	1980	129	10713.6	-5	-2.4	0.4371	7.5	6.9
24247	1980	130	22032	-7	-3	0.4005	5.9	10.8
24247	1980	131	13737.6	-8.3	-4.7	0.3497	9.2	2.6
24247	1980	132	19008	-8.2	-5.4	0.2792	5.2	0
24247	1980	133	31536	-6.2	-0.8	0.3257	3.8	0
24247	1980	134	31363.2	-5	-1	0.4214	5.9	0
24247	1980	135	17884.8	-5.4	-2	0.4464	1	8.3
24247	1980	136	21427.2	-9.6	-4.2	0.3208	4.5	1.5
24247	1980	137	28339.2	-10.6	-5.8	0.3099	7.5	3.7
24247	1980	138	25228.8	-8.2	-4.7	0.3586	7.5	0
24247	1980	139	20390.4	-6.7	-4.9	0.3769	7.5	3.3
24247	1980	140	20736	-5.6	-3.2	0.4279	5.2	5
24247	1980	141	19008	-6	-3.6	0.4195	6.7	1.5
24247	1980	142	26006.4	-5.2	-0.3	0.4892	1.5	2.7
24247	1980	143	19526.4	-5	-1	0.4802	1	3.8
24247	1980	144	27043.2	-5.2	-1.8	0.4484	5.9	2
24247	1980	145	15811.2	-7	-4	0.3856	5.2	8.3
24247	1980	146	30067.2	-8.2	-2.4	0.3956	2.6	0.4
24247	1980	147	26870.4	-6	0.7	0.4677	3.2	0
24247	1980	148	17971.2	-4.6	0	0.4594	5.9	4.7
24247	1980	149	15897.6	-4	-2.4	0.4682	5.9	1.1
24247	1980	150	15033.6	-5.7	-2.8	0.4239	5.9	4.5
24247	1980	151	27388.8	-6.8	-2	0.4191	5.2	16.9
24247	1980	152	22550.4	-7	-2.6	0.4066	5.9	10.6
24247	1980	153	22550.4	-7	-2.8	0.4036	8.4	18.3
24247	1980	154	19958.4	-8	-5.4	0.3369	10.2	13.6
24247	1980	155	19612.8	-7.8	-5.6	0.3517	13.1	12.2
24247	1980	156	20044.8	-6	-3.8	0.3993	8.4	2.4
24247	1980	157	14515.2	-3.8	-1.6	0.481	13.1	4.2
24247	1980	158	18576	-3.1	-1.8	0.49	11.1	9.6
24247	1980	159	16934.4	-2.9	0	0.5276	4.5	2.7
24247	1980	160	12787.2	-1.2	0.2	0.5715	5.2	7.3
24247	1980	161	17625.6	-1.2	0.7	0.546	9.2	3.8
24247	1980	162	18403.2	-1.8	0.7	0.5753	6.7	5.4
24247	1980	163	22896	-3	0.2	0.5461	5.2	0
24247	1980	164	29808	-0.8	4	0.5761	6.7	0
24247	1980	165	32659.2	2	8	0.6366	5.2	0
24247	1980	166	33609.6	2.8	7.2	0.6105	13.1	0
24247	1980	167	17798.4	-0.2	6.8	0.743	5.9	10.6
24247	1980	168	32313.6	-3.4	2.4	0.5715	2.6	1.7
24247	1980	169	16675.2	-0.8	3.4	0.6376	4.5	14.8
24247	1980	170	15379.2	-4.1	0	0.5047	4.5	6.2
24247	1980	171	24451.2	-4.1	-0.2	0.4854	5.2	4.4
24247	1980	172	15811.2	-1.2	1.2	0.5866	5.9	6.3
24247	1980	173	9072	-1.8	0	0.5436	9.2	5.9
24247	1980	174	7603.2	-3.6	-1.2	0.4867	6.7	11.1
24247	1980	175	4147.2	-3	-1	0.5066	6.7	17.9
24247	1980	176	25574.4	-6	-1	0.4484	9.2	0
24247	1980	177	14688	-6	0	0.4606	5.2	11.3
24247	1980	178	21686.4	-5.8	0.2	0.4575	5.2	18.4
24247	1980	179	16675.2	-6	-2.1	0.4167	9.2	12.2
24247	1980	180	21600	-6.2	-2.6	0.4059	5.9	2.5
24247	1980	181	12960	-3.4	0.4	0.5256	6.7	21.2
24247	1980	182	27129.6	-6.2	-0.6	0.447	4.5	0.9
24247	1980	183	7603.2	-3.6	-0.6	0.4976	7.5	7.1
24247	1980	184	10195.2	-5	-0.8	0.469	5.2	8.3
24247	1980	185	21254.4	-4.4	0	0.4992	5.9	26.3
24247	1980	186	19353.6	-4.4	0.4	0.4908	5.9	3.7
24247	1980	187	18403.2	-2.6	1	0.5187	5.2	0
24247	1980	188	17193.6	-1.6	1.2	0.5841	6.7	7.5
24247	1980	189	30931.2	-2.5	1.8	0.5718	7.5	0
24247	1980	190	9590.4	0.6	2	0.6443	14.2	5.7
24247	1980	191	4838.4	-1	1.2	0.597	10.2	15
24247	1980	192	23760	-4	-0.2	0.4924	3.8	0
24247	1980	193	20908.8	-3.8	0	0.505	4.5	1.1
24247	1980	194	20304	-4	-2	0.4606	5.2	2.2
24247	1980	195	12873.6	-3.6	-0.6	0.4976	5.9	2.7
24247	1980	196	13219.2	-0.7	1.2	0.6035	10.2	0
24247	1980	197	10281.6	0.2	1.6	0.626	16.4	0
24247	1980	198	11318.4	-2.3	1.4	0.5499	3.8	10.1
24247	1980	199	25833.6	-3.2	0.4	0.513	2.6	0
24247	1980	200	29289.6	-3.2	3.4	0.4493	3.2	0
24247	1980	201	17107.2	-0.8	3.4	0.6309	6.7	0
24247	1980	202	11577.6	1	3.4	0.6729	12.1	16.8
24247	1980	203	13737.6	-5	2.2	0.5185	11.1	29.4
24247	1980	204	26697.6	-5	-1.4	0.4441	9.2	1.6
24247	1980	205	32227.2	-2.4	3.8	0.5014	8.4	0
24247	1980	206	29635.2	0	4	0.621	6.7	0
24247	1980	207	31276.8	2	7.8	0.5456	1	0
24247	1980	208	28771.2	4	8	0.7852	3.8	0
24247	1980	209	8726.4	2.4	5	0.7802	7.5	0
24247	1980	210	22982.4	1.2	8.2	0.7515	3.8	0
24247	1980	211	24710.4	1.8	10	0.7427	5.2	11.8
24247	1980	212	16761.6	-0.2	7.4	0.7431	6.7	0
24247	1980	213	20736	1.5	9.1	0.7747	2.1	0
24247	1980	214	30067.2	2.2	7.6	0.5976	5.2	0
24247	1980	215	28684.8	4	9.6	0.721	5.9	0
24247	1980	216	26870.4	5.8	11.8	0.7584	8.4	0
24247	1980	217	17712	5.2	10.6	0.8945	4.5	1.5
24247	1980	218	17020.8	4	11.8	0.9371	5.2	5.2
24247	1980	219	18662.4	4.6	9.2	0.9249	3.2	0
24247	1980	220	30067.2	4.8	9.2	0.9213	8.4	0
24247	1980	221	10972.8	1.6	8	0.8342	5.9	10.9
24247	1980	222	17539.2	0.2	7	0.7352	5.2	0.9
24247	1980	223	23241.6	1	9.4	0.8136	3.8	0
24247	1980	224	15465.6	0.8	7	0.7429	3.2	4.7
24247	1980	225	7257.6	-0.3	4.3	0.6916	8.4	18.4
24247	1980	226	10195.2	-4	-0.2	0.5029	5.2	8.7
24247	1980	227	26611.2	-4	3.4	0.4185	5.9	0
24247	1980	228	28684.8	1.2	6.8	0.5692	2.1	0
24247	1980	229	9676.8	1.1	7.5	0.7391	3.8	14.3
24247	1980	230	16329.6	0	2.2	0.6616	12.1	3
24247	1980	231	15465.6	-0.8	2	0.6254	9.2	0
24247	1980	232	25660.8	-0.7	2.9	0.5227	5.9	2.3
24247	1980	233	9072	0	3.2	0.6721	5.9	7
24247	1980	234	26092.8	2.9	8.9	0.7055	8.4	0.7
24247	1980	235	25142.4	-0.6	5.4	0.5736	7.5	0.5
24247	1980	236	25660.8	-4.7	1.7	0.4764	4.5	9.6
24247	1980	237	24624	-6.5	-3.1	0.4195	3.8	2.4
24247	1980	238	26092.8	-5.3	1.5	0.3402	10.2	0
24247	1980	239	24624	0.8	6	0.5378	5.9	0
24247	1980	240	16675.2	2.2	7	0.6869	3.8	0
24247	1980	241	10195.2	3.2	5.6	0.761	5.2	8.7
24247	1980	242	9590.4	2.8	6	0.8112	6.7	3.9
24247	1980	243	12268.8	2.4	5.8	0.7943	5.9	26.5
24247	1980	244	14601.6	-2.4	2.4	0.5866	5.2	40
24247	1980	245	12355.2	-5.2	-2.2	0.4417	7.5	13.4
24247	1980	246	23673.6	-7.6	-5	0.2749	11.1	0
24247	1980	247	23328	-6.2	4.8	0.151	6.7	0
24247	1980	248	24192	4	6.4	0.4245	3.8	0
24247	1980	249	23673.6	3	5.2	0.5486	8.4	0.6
24247	1980	250	9936	-3.8	4	0.597	5.2	2.9
24247	1980	251	22723.2	-2	3.4	0.5721	5.9	0
24247	1980	252	18576	-0.2	2.5	0.5245	5.9	0
24247	1980	253	10368	-0.6	3	0.5464	2.6	30.2
24247	1980	254	7344	-6	-0.6	0.46	3.8	15.1
24247	1980	255	13046.4	-5.3	0	0.4828	6.7	14
24247	1980	256	19526.4	-3.8	3	0.4688	9.2	0
24247	1980	257	11059.2	-1.6	3.7	0.6328	6.7	1.7
24247	1980	258	14083.2	-3	-0.2	0.4837	8.4	0
24247	1980	259	20390.4	-2.4	2.4	0.3727	8.4	0
24247	1980	260	21081.6	-0.2	5.4	0.5598	6.7	0
24247	1980	261	20044.8	2.8	5	0.5975	5.2	0
24247	1980	262	15724.8	1.8	6	0.7106	7.5	0
24247	1980	263	21427.2	3.2	7.6	0.5649	4.5	0
24247	1980	264	19958.4	4	6.8	0.6008	11.1	0
24247	1980	265	20390.4	3.6	7	0.5877	7.5	0
24247	1980	266	17798.4	3.8	7.2	0.7314	4.5	9.1
24247	1980	267	3801.6	-1	4.4	0.6907	5.9	19.4
24247	1980	268	8640	-1.6	0.2	0.5806	5.2	0
24247	1980	269	18576	-2.6	1.8	0.5935	3.2	0
24247	1980	270	8294.4	-1.6	0.6	0.5597	3.8	6.1
24247	1980	271	19699.2	-4.2	1.4	0.5019	5.9	0
24247	1980	272	19440	-2.2	0	0.5188	5.2	0
24247	1980	273	14860.8	-2.2	0.8	0.4471	5.2	0
24247	1980	274	11232	-2.6	-1	0.4552	7.5	0
24247	1980	275	13824	-4.5	-1.9	0.3669	11.1	0
24247	1980	276	11145.6	-2.9	-0.3	0.4674	10.2	3.7
24247	1980	277	14515.2	-5	1	0.1953	10.2	0
24247	1980	278	11664	-0.6	2.8	0.2713	7.5	0
24247	1980	279	9763.2	-3	2.8	0.5217	5.2	0
24247	1980	280	6998.4	-2.6	-0.6	0.4511	9.2	0
24247	1980	281	7776	-3	-1	0.5277	12.1	6.4
24247	1980	282	2332.8	-3.8	-0.6	0.52	9.2	47.6
24247	1980	283	9158.4	-11.1	-3.7	0.3192	6.7	18.5
24247	1980	284	5529.6	-13	-10.8	0.2164	2.6	5.5
24247	1980	285	9417.6	-12.6	-4.6	0.3035	12.1	9.3
24247	1980	286	8553.6	-8	-3.8	0.3701	3.8	11.7
24247	1980	287	7689.6	-9.6	-7.8	0.2948	5.2	3.2
24247	1980	288	9331.2	-10.2	-8.2	0.2743	9.2	0
24247	1980	289	6912	-9	-5.4	0.3278	10.2	0
24247	1980	290	3196.8	-5.4	-1.2	0.4504	11.1	0
24247	1980	291	1555.2	-2.6	-0.8	0.5233	11.1	18.6
24247	1980	292	1468.8	-7	-2.6	0.3938	7.5	10.3
24247	1980	293	6480	-8.4	-5	0.3443	5.2	14.2
24247	1980	294	13478.4	-11.4	-6.6	0.2911	5.9	0
24247	1980	295	13737.6	-10.3	-4.7	0.2924	6.7	0
24247	1980	296	12700.8	-5.8	-2.8	0.3289	9.2	0
24247	1980	297	11232	-5.8	-2.6	0.3583	8.4	0
24247	1980	298	11404.8	-7.8	-5.3	0.3333	13.1	12.1
24247	1980	299	4060.8	-11.8	-4.2	0.3047	8.4	22.2
24247	1980	300	11491.2	-12.8	-5	0.128	9.2	2
24247	1980	301	12441.6	-5	0.8	0.2933	6.7	0
24247	1980	302	12096	-0.6	4	0.3454	4.5	0
24247	1980	303	12268.8	-3.2	2	0.3392	5.9	0.8
24247	1980	304	11577.6	-9.5	-2	0.2947	5.9	1.2
24247	1980	305	11750.4	-10.4	-4	0.1069	7.5	0
24247	1980	306	10540.8	-12.4	-6.8	0.1359	8.4	0
24247	1980	307	11577.6	-18.1	-12.2	0.1395	5.9	0.8
24247	1980	308	10108.8	-19	-15	0.1389	6.7	0.7
24247	1980	309	3888	-15.3	-8	0.2333	7.5	7.8
24247	1980	310	3888	-8	-5.8	0.3427	5.9	3.4
24247	1980	311	2419.2	-6	-3.4	0.4054	4.5	2.9
24247	1980	312	7171.2	-9	-5.7	0.3134	2.6	1
24247	1980	313	10886.4	-9.9	-7.1	0.2576	7.5	0
24247	1980	314	6048	-8.2	-4.5	0.3005	6.7	0.6
24247	1980	315	3542.4	-16.8	-8.2	0.2085	5.9	8.1
24247	1980	316	10540.8	-17	-10.2	0.0835	5.9	0
24247	1980	317	6739.2	-12.3	-9.9	0.2019	11.1	6.5
24247	1980	318	6998.4	-17.2	-10.6	0.1359	7.5	0
24247	1980	319	10195.2	-12.6	-3.8	0.0692	9.2	0
24247	1980	320	5788.8	-5	-1.6	0.3066	9.2	0.8
24247	1980	321	3283.2	-2.1	0.1	0.3692	9.2	0
24247	1980	322	8640	-6.2	-0.6	0.2568	9.2	0
24247	1980	323	3801.6	-7.8	-0.8	0.3912	8.4	12.1
24247	1980	324	6307.2	-12.1	-7.7	0.2596	7.5	16.9
24247	1980	325	8121.6	-10.9	-1.3	0.3257	8.4	0
24247	1980	326	7689.6	-1.7	0.7	0.3358	3.8	0
24247	1980	327	7689.6	-2.8	-1	0.303	6.7	0
24247	1980	328	8035.2	-1.2	3.4	0.2713	4.5	0
24247	1980	329	7948.8	0.6	3	0.2922	7.5	0
24247	1980	330	5875.2	-5	0.6	0.2808	4.5	0
24247	1980	331	5356.8	-8	-5	0.3196	11.1	12.7
24247	1980	332	3456	-14.2	-6.8	0.2475	5.9	14.1
24247	1980	333	4320	-18.4	-12.6	0.1575	8.4	9.5
24247	1980	334	3888	-21	-17.6	0.1116	6.7	10.6
24247	1980	335	3974.4	-22.6	-19.6	0.0932	12.1	9.2
24247	1980	336	4838.4	-24.4	-18.5	0.0959	16.4	2.5
24247	1980	337	7776	-19	-16.2	0.129	4.5	0.4
24247	1980	338	4752	-19	-14.2	0.1504	5.2	9.1
24247	1980	339	4752	-24.2	-19	0.0924	11.1	11.3
24247	1980	340	4233.6	-25.4	-17.4	0.0918	8.4	4.5
24247	1980	341	3024	-17.4	-13.4	0.1625	8.4	24.7
24247	1980	342	3024	-25.4	-17	0.0969	10.2	7.5
24247	1980	343	5097.6	-26.7	-25.3	0.0615	16.4	0
24247	1980	344	7516.8	-25.8	-12.4	0.0878	11.1	0
24247	1980	345	6220.8	-12.6	-7.4	0.146	14.2	0
24247	1980	346	6652.8	-8	-4.8	0.0834	10.2	0
24247	1980	347	4233.6	-9.4	-5.1	0.149	8.4	0
24247	1980	348	7344	-7.4	-5.2	0.2138	9.2	0
24247	1980	349	7084.8	-6.8	-4.6	0.3038	12.1	0
24247	1980	350	4492.8	-7.5	-3.5	0.349	9.2	12.6
24247	1980	351	2937.6	-15.2	-7.2	0.2237	6.7	14.1
24247	1980	352	7430.4	-15.6	-12	0.1707	5.9	0
24247	1980	353	6134.4	-16.8	-12.2	0.1433	9.2	6.5
24247	1980	354	3024	-18	-12.4	0.1671	9.2	20.7
24247	1980	355	1728	-12.6	-8.8	0.2436	6.7	10.4
24247	1980	356	2937.6	-14.5	-10.1	0.2119	7.5	24.5
24247	1980	357	3024	-17.1	-14.4	0.1597	12.1	20.2
24247	1980	358	4406.4	-17.1	-7	0.2259	9.2	15.9
24247	1980	359	5788.8	-8.2	-6	0.2621	9.2	0
24247	1980	360	6566.4	-6.4	-4.2	0.2019	5.9	0
24247	1980	361	2592	-17.2	-5.2	0.2445	8.4	19.7
24247	1980	362	1209.6	-20	-17.2	0.1269	9.2	11
24247	1980	363	4233.6	-20	-15.7	0.1338	7.5	1
24247	1980	364	6566.4	-15.7	-7	0.1516	5.9	0
24247	1980	365	6566.4	-7.3	-5.3	0.1909	8.4	0
24247	1980	366	5788.8	-6.4	-3.8	0.1548	8.4	0
