*---------------------------------------------------------------------------*
* Station name: SALZBURG-FLUGHAFEN                      
* Year: 1989
* Author: Pedro Alencar                                   -999.000: NIL VALUE
* Source: ECAD 
* Comments: 
* Longitude: 47.7892, latitude: 47.7892, altitude: 430 m.
*
* Column  Daily value
* 1       station number
* 2       year
* 3       day
* 4       irradiation                   (kJ m-2 d-1)
* 5       minimum temperature           (degrees Celsius)
* 6       maximum temperature           (degrees Celsius)
* 7       early morning vapour pressure (kPa)
* 8       mean wind speed (height: 2 m) (m s-1)
* 9       precipitation                 (mm d-1)
*
** WCCDESCRIPTION=GERMANY, SALZBURG-FLUGHAFEN                      
** WCCFORMAT=2
** WCCYEARNR=1989
*---------------------------------------------------------------------------*
   47.7892  13.0081    430.  -0.18 -0.55
24416	1989	1	2073.6	-1.6	2	0.4959	1	0
24416	1989	2	5356.8	-3	3.6	0.4808	1	0
24416	1989	3	2851.2	-5.8	-0.4	0.4669	1	0
24416	1989	4	5961.6	-7.2	3.7	0.4247	1	0
24416	1989	5	3196.8	-4.9	5.1	0.437	1	0
24416	1989	6	604.8	-0.1	5	0.583	1.5	15.8
24416	1989	7	172.8	3.1	5.7	0.8028	2.1	21.2
24416	1989	8	432	2.1	4.3	0.7455	0.6	14.9
24416	1989	9	5875.2	2.5	9.4	0.7545	1.5	0
24416	1989	10	5356.8	-0.5	8.6	0.661	1.5	0
24416	1989	11	2937.6	2.1	7.4	0.737	1	1.2
24416	1989	12	2937.6	-3.4	2.7	0.5897	1	2.7
24416	1989	13	2592	0.3	6.5	0.686	1	0
24416	1989	14	6480	-2	6.5	0.4957	1	2.4
24416	1989	15	3024	2.5	8.6	0.7883	1	0
24416	1989	16	5616	-0.9	7	0.6236	0.6	0
24416	1989	17	3801.6	-3	2.3	0.5659	1	0.2
24416	1989	18	3542.4	-1	3.2	0.5557	1	0
24416	1989	19	5616	-4.7	1.9	0.4964	1	0
24416	1989	20	5443.2	-4.7	2.9	0.4978	0.2	0
24416	1989	21	5356.8	-5.1	2	0.5019	0.2	0
24416	1989	22	2678.4	-4.3	0.6	0.5069	1	0.1
24416	1989	23	1814.4	-0.3	2.9	0.6175	1	0
24416	1989	24	7171.2	-2	3.2	0.5041	1	0
24416	1989	25	6912	-3.2	2.7	0.468	1	0
24416	1989	26	6307.2	-4.2	1.6	0.4612	1	0
24416	1989	27	5875.2	-4.1	1.5	0.4779	0.6	0
24416	1989	28	5875.2	-3.4	2.2	0.4796	1	0
24416	1989	29	7430.4	-5.3	3.1	0.468	1	0
24416	1989	30	5097.6	-5.1	2.1	0.4983	0.6	0
24416	1989	31	6739.2	-5	1.5	0.4623	0.6	0
24416	1989	32	5616	-3.5	2.5	0.5126	0.6	0
24416	1989	33	6307.2	-4.7	2.5	0.5244	1	0
24416	1989	34	2246.4	-3.2	-0.4	0.5141	1	0
24416	1989	35	3801.6	-3.2	0.8	0.5206	1	0
24416	1989	36	8121.6	-5.3	7.5	0.4697	1	1.6
24416	1989	37	4665.6	2.4	10	0.8151	1	0.1
24416	1989	38	8899.2	-1.4	10.5	0.6845	1	0
24416	1989	39	9072	-3.4	9.1	0.5848	1	0
24416	1989	40	3542.4	-1.9	3.3	0.5785	1	0
24416	1989	41	8294.4	-1.4	4.9	0.5823	1	0
24416	1989	42	7603.2	-0.8	3.3	0.5685	1.5	0
24416	1989	43	8467.2	-2.9	10.1	0.5297	1	5.3
24416	1989	44	2419.2	0.7	5.7	0.661	1.5	2.1
24416	1989	45	1123.2	-0.4	3.6	0.5761	2.6	4.3
24416	1989	46	4233.6	1.1	4.7	0.4815	1	0
24416	1989	47	950.4	1.7	4.7	0.6456	1	1.8
24416	1989	48	9763.2	1.4	6.7	0.5467	0.6	2.1
24416	1989	49	3110.4	0.2	8.7	0.6882	1	16.7
24416	1989	50	518.4	4.6	7.6	0.9036	1	0.5
24416	1989	51	864	4.7	8.6	0.8701	1	4.8
24416	1989	52	1987.2	3.8	8.2	0.888	1	6.9
24416	1989	53	5184	2.5	10.1	0.8016	1	0
24416	1989	54	11750.4	2.6	15.1	0.7269	1	0
24416	1989	55	6912	-0.6	17.4	0.5398	2.6	0
24416	1989	56	11664	5	15.9	0.569	2.6	7.4
24416	1989	57	4406.4	0.7	12.4	0.6893	1	1.6
24416	1989	58	10713.6	-1.6	8.3	0.4738	1.5	0
24416	1989	59	7603.2	0.6	8.6	0.6106	1.5	0.6
24416	1989	60	12787.2	0.6	10	0.5165	1	0
24416	1989	61	7603.2	2.7	10	0.5267	1.5	0
24416	1989	62	3888	3.8	9.9	0.6046	1	3
24416	1989	63	2764.8	4.2	8.9	0.8447	1.5	3
24416	1989	64	13737.6	1.9	13.2	0.6239	1	0
24416	1989	65	13996.8	0.6	16.3	0.7296	1.5	0
24416	1989	66	14947.2	1.7	18.6	0.6197	1	0.7
24416	1989	67	4492.8	4.4	11.4	0.6815	1.5	0.2
24416	1989	68	8294.4	4.4	9.7	0.5526	1.5	0
24416	1989	69	13046.4	0.3	13.3	0.6025	1	0
24416	1989	70	10800	5.3	16.6	0.8235	1.5	0
24416	1989	71	6739.2	5.5	15.8	0.7304	2.1	0
24416	1989	72	10627.2	5.4	20.2	0.9894	1	14.8
24416	1989	73	8726.4	4.2	12	0.6585	1	0
24416	1989	74	5443.2	1.7	10.7	0.6066	1.5	0.9
24416	1989	75	10627.2	6	17.4	0.8517	1	0
24416	1989	76	11750.4	5.5	16.7	0.9374	1.5	7
24416	1989	77	2073.6	3.1	9.8	0.9257	1	14.1
24416	1989	78	5184	0.3	6.7	0.6908	1	0
24416	1989	79	15033.6	-0.5	15.3	0.7101	1	0
24416	1989	80	3283.2	4.7	10.1	0.7307	2.1	0
24416	1989	81	3196.8	3	10.2	0.6625	1	0
24416	1989	82	2592	2.9	9.7	0.7444	2.1	2.9
24416	1989	83	18316.8	-1.4	12.2	0.538	1.5	0
24416	1989	84	4924.8	5	15.2	0.7782	2.1	0.4
24416	1989	85	15984	7.1	15.7	0.8754	1.5	0
24416	1989	86	19180.8	1.4	20.1	0.7998	1	0
24416	1989	87	18576	5	23.2	0.7875	1	0
24416	1989	88	14774.4	5.2	22.3	0.7855	1.5	0
24416	1989	89	17539.2	7	23.7	0.9406	1	0
24416	1989	90	14947.2	7.7	23	0.958	1	0
24416	1989	91	8812.8	6.4	17.7	1.0684	1.5	29.3
24416	1989	92	3801.6	5.5	9.7	0.9807	1	11.4
24416	1989	93	14083.2	4.7	10.6	0.8794	1	0
24416	1989	94	13564.8	4.2	15.3	0.9532	1	0
24416	1989	95	9763.2	5.8	16.3	0.8948	1.5	4.8
24416	1989	96	13824	5.7	14.3	0.7853	1	19.7
24416	1989	97	19353.6	3.5	16.6	0.6648	1	0
24416	1989	98	15724.8	3.8	20.6	0.5111	1.5	0.3
24416	1989	99	18489.6	7.3	17.4	0.8603	1	0
24416	1989	100	12700.8	5	19.6	0.9003	1	0
24416	1989	101	10886.4	5.2	19.6	1.0069	1	0
24416	1989	102	18921.6	5.1	22.9	0.6227	2.6	0
24416	1989	103	14601.6	8.8	18.9	1.0911	2.1	0.6
24416	1989	104	2937.6	6.9	10.2	1.0684	1	18.6
24416	1989	105	2592	5.3	7.4	0.9097	1	7.6
24416	1989	106	21600	2.4	17.6	0.7975	1	0
24416	1989	107	5702.4	6.2	17.6	1.2388	1	7.5
24416	1989	108	12182.4	3.4	10.8	0.7562	1.5	0
24416	1989	109	10454.4	1.9	12.1	0.8211	1	5.6
24416	1989	110	21340.8	4.8	16.8	0.8412	1	0
24416	1989	111	17798.4	4.8	19.7	0.8974	2.1	0
24416	1989	112	7603.2	4.8	19.8	0.9432	1	2
24416	1989	113	9936	3.8	10.1	0.7385	1	0.9
24416	1989	114	24105.6	2.3	19.6	0.6013	1	0
24416	1989	115	12873.6	6.8	19.6	0.8488	1	0
24416	1989	116	22809.6	12.6	24.2	0.7818	3.2	0
24416	1989	117	4579.2	4.2	17.8	1.1541	1.5	8.1
24416	1989	118	5270.4	1.4	6.8	0.6715	1	0
24416	1989	119	4579.2	3	7.2	0.7025	3.2	3.2
24416	1989	120	2764.8	2.7	5.5	0.7943	1	14.6
24416	1989	121	3283.2	3.5	6.8	0.8636	1	13.6
24416	1989	122	22377.6	4.2	16.6	0.7057	1	0
24416	1989	123	8467.2	4.1	15.2	0.851	1	0
24416	1989	124	19612.8	8	19.5	0.9426	1	0
24416	1989	125	22032	8.3	20.9	0.9129	1	0
24416	1989	126	4665.6	8.9	19.3	1.1571	4.5	4
24416	1989	127	20822.4	2.9	13.8	0.4611	2.1	0
24416	1989	128	26438.4	3.5	17.8	0.5766	1	0
24416	1989	129	24969.6	6.5	23.4	0.764	0.6	0
24416	1989	130	17884.8	9.3	23.4	1.0583	2.1	3.2
24416	1989	131	14774.4	11.7	19.2	1.3498	1.5	5.4
24416	1989	132	21254.4	10.6	21.7	1.3932	1.5	16.5
24416	1989	133	10108.8	10.5	16.3	1.1517	1	8.1
24416	1989	134	4492.8	8.3	14.7	1.2879	1	29.2
24416	1989	135	7171.2	7.4	12.3	1.0932	0.6	0
24416	1989	136	11404.8	8.9	16	1.0535	1	0
24416	1989	137	18316.8	8.9	21	1.0695	1	0
24416	1989	138	22550.4	8.6	23.4	0.9442	1	0
24416	1989	139	19353.6	9.9	23.9	1.1728	1.5	0
24416	1989	140	21168	11.1	19.7	1.0659	1	0.2
24416	1989	141	15984	12.3	22	1.5236	1	4
24416	1989	142	26870.4	8.9	21.9	0.7863	1.5	0
24416	1989	143	27734.4	5.9	23.6	0.7542	1.5	0
24416	1989	144	27388.8	6.4	24.3	0.749	1	0
24416	1989	145	27475.2	9.1	25.9	0.6989	1	0
24416	1989	146	26524.8	9.4	25.5	0.8361	1.5	0
24416	1989	147	21427.2	11.4	24.8	1.3894	1.5	8.6
24416	1989	148	26352	10.8	25.3	1.0336	2.1	0
24416	1989	149	24278.4	10.4	25.4	1.1263	1	3.3
24416	1989	150	16761.6	11.8	22.7	1.4349	1.5	1.6
24416	1989	151	9244.8	12.6	18.2	1.5203	1	8.9
24416	1989	152	17020.8	12	20.2	1.3523	1	6.2
24416	1989	153	11145.6	11.6	19.5	1.3232	1	2.6
24416	1989	154	14774.4	9	19.7	1.2576	1.5	10.5
24416	1989	155	10540.8	8.9	14.2	1.1289	1	1.1
24416	1989	156	8467.2	5.6	12.7	1.0894	1.5	14.1
24416	1989	157	13651.2	5.4	14	0.8899	1	0.1
24416	1989	158	15465.6	4.7	16.5	0.8301	1.5	0.5
24416	1989	159	20304	8.4	19.2	0.8511	1.5	0
24416	1989	160	29030.4	5.8	22.4	0.691	2.1	0
24416	1989	161	27561.6	8.6	24.8	0.7973	1.5	0
24416	1989	162	10713.6	12.2	22.2	1.548	1	20.3
24416	1989	163	15033.6	11.6	19.6	1.4514	1.5	4.9
24416	1989	164	3974.4	12.3	16.3	1.4164	1	2.8
24416	1989	165	22723.2	11.3	21.4	1.0769	1	0
24416	1989	166	24105.6	8.6	22.3	0.8415	1.5	9.4
24416	1989	167	17884.8	10.7	19.3	0.9708	1.5	0.2
24416	1989	168	4579.2	9.6	16.3	1.2825	1	3.4
24416	1989	169	3369.6	10.9	14.7	1.4176	1	13.3
24416	1989	170	14947.2	10.4	19.8	1.2856	1	0
24416	1989	171	13046.4	12	22	1.4511	1	1.9
24416	1989	172	15811.2	12.4	24.3	1.643	1	5
24416	1989	173	16416	13.3	23.3	1.4489	1	11.5
24416	1989	174	5702.4	11.6	22.2	1.7688	1	11.7
24416	1989	175	4233.6	10.8	15.1	1.3123	1	0.2
24416	1989	176	23846.4	13.3	25.2	1.3814	1	0
24416	1989	177	23241.6	12.8	27.2	1.2138	1	0
24416	1989	178	22118.4	14.2	26.8	1.3481	1	7.2
24416	1989	179	6134.4	12.4	20.2	1.6842	1.5	7.3
24416	1989	180	26870.4	8.4	22.4	0.8737	1	4.1
24416	1989	181	16502.4	13.1	21.7	1.4089	1.5	0
24416	1989	182	16588.8	12.4	24.2	1.7429	1	7.4
24416	1989	183	8640	13.3	19	1.6865	1	54.6
24416	1989	184	5270.4	13.5	17.2	1.6199	1	18.1
24416	1989	185	21427.2	13.6	25.3	1.5566	1.5	0.1
24416	1989	186	21945.6	15.2	27.3	1.7393	1	26
24416	1989	187	23414.4	15.8	27.4	1.6739	1	0
24416	1989	188	20649.6	14.7	27.9	1.5424	1.5	0.2
24416	1989	189	25228.8	17.3	28.7	1.6262	1	7.8
24416	1989	190	18835.2	17.4	26.5	1.9205	1	0
24416	1989	191	19008	16.3	27.1	1.8915	1	4.6
24416	1989	192	12096	15.5	22.3	1.6569	1	2.4
24416	1989	193	6480	17.1	21.8	1.895	1	0.5
24416	1989	194	14947.2	16.3	23.9	1.738	1	0.5
24416	1989	195	6566.4	14.7	19.6	1.6994	1	17.4
24416	1989	196	19699.2	11.8	20.5	0.9533	2.1	0
24416	1989	197	12182.4	13.4	22.8	1.0576	2.6	2
24416	1989	198	7603.2	13.5	20.5	1.3737	1	0.1
24416	1989	199	4060.8	10.9	17.2	1.5058	1	9.8
24416	1989	200	25228.8	10.9	20.6	0.8756	1	0
24416	1989	201	26697.6	8.8	24.5	0.9462	1.5	0
24416	1989	202	26524.8	11.7	26.9	1.0058	1.5	0
24416	1989	203	20995.2	12.5	27.3	1.1367	1	0
24416	1989	204	17625.6	16.5	29.4	1.8729	1	3.1
24416	1989	205	19612.8	18	29.6	2.3243	1.5	5
24416	1989	206	13996.8	17.7	26.5	1.9116	1	11.1
24416	1989	207	6912	16.5	21.6	1.8705	1	29.4
24416	1989	208	7948.8	16.2	21.2	1.9593	1.5	14.4
24416	1989	209	12873.6	14.8	22	1.7538	1	0.3
24416	1989	210	21340.8	15	23.4	1.4216	1	0
24416	1989	211	19094.4	12.8	26.9	1.457	1	12.4
24416	1989	212	4320	12.8	22	1.8653	2.1	15.5
24416	1989	213	1900.8	9.8	14.4	1.3258	1	7.7
24416	1989	214	5529.6	7.9	12.7	1.0766	1.5	12.2
24416	1989	215	5875.2	9.3	14.8	1.1949	1	1.6
24416	1989	216	22291.2	9	21.7	1.0799	1.5	0
24416	1989	217	23500.8	8.9	25.8	1.3451	1	0
24416	1989	218	16761.6	13.1	24.2	1.3307	1	10.6
24416	1989	219	18748.8	14.6	26.6	1.8166	1	11.8
24416	1989	220	12960	16.7	25.3	2.0356	1	22.5
24416	1989	221	11145.6	15.9	21.6	1.7062	1.5	1.7
24416	1989	222	21081.6	12.6	26.2	1.5518	1	0.3
24416	1989	223	18662.4	14.1	25.7	1.4615	1.5	0.3
24416	1989	224	16502.4	16	26.4	1.8848	1	7.5
24416	1989	225	18662.4	17	25.4	1.734	1	0
24416	1989	226	14601.6	15.8	26.3	1.7181	1	11.5
24416	1989	227	22118.4	16.5	28.5	1.7953	1.5	0
24416	1989	228	21686.4	16.4	32.3	1.9461	1	0
24416	1989	229	17193.6	16.6	27.5	1.8528	1.5	35.3
24416	1989	230	7862.4	15.1	21.6	1.8537	1	9.5
24416	1989	231	13996.8	15.8	22.4	1.788	1	0.9
24416	1989	232	22723.2	13.7	27.7	1.5841	1	0
24416	1989	233	22291.2	14.2	27.7	1.4354	1	0
24416	1989	234	20995.2	14.7	28.7	1.6842	1	0.9
24416	1989	235	11232	16.4	24.3	1.8366	1	3.1
24416	1989	236	13910.4	15.6	23.9	1.6778	1	0
24416	1989	237	17884.8	13.5	25.4	1.4213	1	1.5
24416	1989	238	4233.6	14.3	20.7	1.7773	1	1.8
24416	1989	239	9590.4	14.8	22.5	1.9961	1.5	13.9
24416	1989	240	5961.6	10.4	16	1.1823	1	6.5
24416	1989	241	2937.6	8.4	11.5	1.1128	1	5
24416	1989	242	6825.6	7.9	13.8	1.0648	1	0
24416	1989	243	21254.4	5.5	19.4	0.9092	1	0
24416	1989	244	20044.8	7.8	22.4	1.1485	1.5	0
24416	1989	245	7430.4	10.5	18.9	1.42	0.2	26
24416	1989	246	2851.2	10.5	14.3	1.3809	1.5	19.8
24416	1989	247	2851.2	10.1	12.4	1.2801	1	16.1
24416	1989	248	7430.4	8.6	14.7	1.1912	0.6	0.7
24416	1989	249	17539.2	7.4	19.4	1.075	1	0
24416	1989	250	16243.2	6	19.2	1.1514	1.5	0
24416	1989	251	17798.4	6.5	20.6	1.2096	1	0
24416	1989	252	13737.6	8	19.4	1.2684	1	0
24416	1989	253	14428.8	10.6	20.6	1.3983	1	0
24416	1989	254	16761.6	9.8	23.2	1.4059	1	0
24416	1989	255	11404.8	12.9	19.5	1.4896	1	0
24416	1989	256	13737.6	10.7	20.8	1.519	1.5	13.8
24416	1989	257	4665.6	12.1	17	1.5552	1	6
24416	1989	258	4060.8	11.5	15	1.4599	1	11.3
24416	1989	259	9158.4	13	20.5	1.6378	1	0
24416	1989	260	17539.2	10.6	24.6	1.5474	1	0
24416	1989	261	16848	12.2	26	1.6114	1.5	0
24416	1989	262	16502.4	13.7	27.2	1.7519	1	11.8
24416	1989	263	15120	14.6	24.6	1.8444	1.5	0
24416	1989	264	15897.6	12.8	24.3	1.7064	1	0
24416	1989	265	15552	12	25.3	1.6098	1	0
24416	1989	266	14774.4	11.6	22.6	1.5577	1.5	0
24416	1989	267	3110.4	15.1	20.9	1.7928	1	0.7
24416	1989	268	2073.6	14.5	17.9	1.6368	1	17
24416	1989	269	4320	11.8	16.4	1.4464	1	1.9
24416	1989	270	1728	9	14.3	1.3144	1	15.4
24416	1989	271	1296	7.4	9.2	1.0614	1	9
24416	1989	272	950.4	7.2	10.4	1.0979	1	9.1
24416	1989	273	7689.6	6.8	11.7	0.8634	1	2.1
24416	1989	274	2073.6	8.4	11.9	1.1898	0.6	1
24416	1989	275	6912	10.4	14	0.9654	1.5	0
24416	1989	276	2678.4	5.3	11.6	0.9285	1.5	3.7
24416	1989	277	15120	1.4	12.7	0.6732	1	0
24416	1989	278	14601.6	1.6	15.5	0.8235	0.2	0
24416	1989	279	11059.2	3.6	17.7	0.9867	1	9.2
24416	1989	280	1036.8	7.9	13.7	1.2295	1	12.4
24416	1989	281	4147.2	6.7	9.9	0.9301	1	0.8
24416	1989	282	6134.4	7	10.7	0.8631	1	2.7
24416	1989	283	1728	6.6	9	1.0048	1	4.2
24416	1989	284	5356.8	5.3	11.2	0.8615	2.1	15.1
24416	1989	285	2073.6	7	10.8	1.094	1	4
24416	1989	286	12787.2	3.3	15	0.8924	0.6	0
24416	1989	287	10800	4	16.4	0.858	1	8.7
24416	1989	288	4147.2	6.4	13.9	1.1402	1.5	3
24416	1989	289	12268.8	3.2	12.7	0.7586	1	0
24416	1989	290	12096	2.4	15.7	0.8058	1	0
24416	1989	291	11404.8	2.3	16.4	0.8927	1	0
24416	1989	292	10713.6	4.4	17.4	0.9902	1	0
24416	1989	293	9763.2	4	17.4	1.0542	1.5	0.3
24416	1989	294	6825.6	8.2	19.2	1.0492	1	0
24416	1989	295	9590.4	7	20	1.1438	1	0
24416	1989	296	10972.8	5.8	20.4	1.0843	1	0
24416	1989	297	1814.4	6.4	20.3	1.148	1	0
24416	1989	298	9763.2	6.2	19	1.1223	0.6	0
24416	1989	299	9417.6	6.7	20.2	1.1093	1	0
24416	1989	300	9763.2	6.8	21.7	1.2333	0.2	0
24416	1989	301	10454.4	6.3	24.2	0.6231	1.5	0
24416	1989	302	1555.2	8.3	17.6	1.357	1	6.8
24416	1989	303	1468.8	8.5	13.5	1.2591	1	3.5
24416	1989	304	1555.2	11.8	15.1	1.3404	1	5.3
24416	1989	305	7776	11.8	17.7	1.3575	1	0
24416	1989	306	4752	8.3	16.8	1.1767	1	0
24416	1989	307	8553.6	4.7	19.2	0.8938	1	0
24416	1989	308	777.6	6	10.7	1.0211	1	9.5
24416	1989	309	4838.4	2.3	10	0.8028	1	6.8
24416	1989	310	1814.4	2.4	10	0.853	1	5
24416	1989	311	1382.4	4	5.9	0.73	1.5	1.1
24416	1989	312	6998.4	-0.6	8.4	0.6056	1	10.5
24416	1989	313	1296	4.5	6.4	0.8458	1	10.6
24416	1989	314	8294.4	-0.6	8.1	0.6711	0.6	0
24416	1989	315	7776	-2.4	7.4	0.6289	1	0
24416	1989	316	2764.8	-0.5	4.8	0.6634	1	0
24416	1989	317	3628.8	0.8	3.4	0.6041	1	0
24416	1989	318	6566.4	-0.7	4.2	0.5823	1	0
24416	1989	319	5184	-2.4	5.3	0.5563	1	0
24416	1989	320	6048	0.7	7.5	0.6142	1	0
24416	1989	321	7084.8	-4.2	4.8	0.4871	1	0
24416	1989	322	6739.2	-7	4.8	0.4511	1	0
24416	1989	323	6393.6	-4.1	6.6	0.5283	1	0
24416	1989	324	6307.2	-3.2	7.7	0.5963	0.6	0
24416	1989	325	5356.8	-3.7	6.9	0.5829	1	0
24416	1989	326	4492.8	-0.6	12.3	0.6938	1.5	7.3
24416	1989	327	4320	-2.2	1.8	0.4577	1	0
24416	1989	328	7084.8	-4.6	3.2	0.331	1	0
24416	1989	329	777.6	-4.8	-0.5	0.4124	1	2.7
24416	1989	330	7084.8	-11.5	-0.7	0.2675	1	0
24416	1989	331	5961.6	-2	4.9	0.4274	1	0
24416	1989	332	1728	-4.5	4.8	0.488	0.6	0.2
24416	1989	333	6566.4	-5.2	2.9	0.4326	1	0
24416	1989	334	6307.2	-7.6	3.4	0.4138	1	0
24416	1989	335	5875.2	-8.3	1.6	0.4057	1	0
24416	1989	336	5529.6	-8.4	3.3	0.4155	0.6	0
24416	1989	337	4579.2	-7	3.2	0.4466	1	0
24416	1989	338	5270.4	-7.6	2.9	0.4319	1	0
24416	1989	339	5356.8	-6.9	0.6	0.4409	1	0
24416	1989	340	3974.4	-4.2	0	0.44	0.6	0
24416	1989	341	1209.6	-4.5	3.1	0.4993	1	0.6
24416	1989	342	2592	-5.1	0.7	0.4836	1	0
24416	1989	343	1468.8	-2.6	-0.2	0.4468	1	2.3
24416	1989	344	2937.6	-5.6	-0.2	0.4344	1.5	0
24416	1989	345	1555.2	-12.2	-1.4	0.3343	0.6	0.5
24416	1989	346	4924.8	-5.6	3.3	0.3876	1	4
24416	1989	347	1728	0.3	6.1	0.6456	1.5	0
24416	1989	348	4147.2	1.4	9.7	0.5165	1	0
24416	1989	349	2505.6	5.4	10.1	0.6957	1	3.4
24416	1989	350	3715.2	6.2	14.4	0.676	1.5	0
24416	1989	351	691.2	7.2	18.9	1.0507	1.5	14.1
24416	1989	352	4233.6	5.8	16.6	0.7044	2.1	0
24416	1989	353	345.6	2.8	14.8	0.9395	0.6	11.6
24416	1989	354	3715.2	2.2	10.2	0.5213	2.1	0
24416	1989	355	3715.2	7.2	13.8	0.6216	1	0
24416	1989	356	5356.8	4.2	14.4	0.7727	1	5.1
24416	1989	357	1036.8	0.1	7.3	0.6529	2.6	6.7
24416	1989	358	432	0	2.6	0.6242	1	10.4
24416	1989	359	4320	0.6	8.2	0.5018	3.2	0
24416	1989	360	5616	-4	8.2	0.6113	1	0
24416	1989	361	5443.2	-5.2	0.6	0.4439	0.6	0
24416	1989	362	5702.4	-6.4	0	0.3862	1	0
24416	1989	363	5702.4	-8.1	1.2	0.3506	0.6	0
24416	1989	364	3628.8	-6.7	-1.6	0.3731	1	0
24416	1989	365	4924.8	-7.5	-1.4	0.3911	1	0
