*---------------------------------------------------------------------------*
* Station name: SALZBURG-FLUGHAFEN                      
* Year: 2007
* Author: Pedro Alencar                                   -999.000: NIL VALUE
* Source: ECAD 
* Comments: 
* Longitude: 47.7892, latitude: 47.7892, altitude: 430 m.
*
* Column  Daily value
* 1       station number
* 2       year
* 3       day
* 4       irradiation                   (kJ m-2 d-1)
* 5       minimum temperature           (degrees Celsius)
* 6       maximum temperature           (degrees Celsius)
* 7       early morning vapour pressure (kPa)
* 8       mean wind speed (height: 2 m) (m s-1)
* 9       precipitation                 (mm d-1)
*
** WCCDESCRIPTION=GERMANY, SALZBURG-FLUGHAFEN                      
** WCCFORMAT=2
** WCCYEARNR=2007
*---------------------------------------------------------------------------*
   47.7892  13.0081    430.  -0.18 -0.55
24416	2007	1	950.4	1.5	11.5	0.6386	2.6	4.8
24416	2007	2	604.8	-0.7	9.8	0.693	2.1	2.3
24416	2007	3	1123.2	2.2	4.7	0.6258	1	0.5
24416	2007	4	1209.6	0.4	6.3	0.6059	2.6	1.4
24416	2007	5	1728	3	8.6	0.6085	2.6	0.5
24416	2007	6	1036.8	3.2	7.3	0.7365	1.5	1.8
24416	2007	7	1555.2	2.9	8.4	0.8211	1	1
24416	2007	8	5875.2	2.6	9.6	0.6871	2.1	0.2
24416	2007	9	950.4	3.5	7.9	0.7965	2.6	8.5
24416	2007	10	5702.4	5.4	12.5	0.9147	1.5	0.3
24416	2007	11	5702.4	6	12.2	0.9009	1	2.9
24416	2007	12	2592	6.4	13.3	0.7653	3.2	0
24416	2007	13	7689.6	5.4	14.1	0.7602	2.1	0
24416	2007	14	2592	2.3	12.9	0.7825	2.1	0
24416	2007	15	8208	-0.2	11.1	0.6839	0.2	0
24416	2007	16	6739.2	-2.6	8.1	0.5434	0.6	0
24416	2007	17	3542.4	0.2	11.6	0.5848	0.6	0
24416	2007	18	2332.8	3.8	13.7	0.6092	2.1	5.3
24416	2007	19	2073.6	9.9	19.5	1.3365	4.5	4.8
24416	2007	20	4665.6	8.6	13.8	0.9702	2.1	0.1
24416	2007	21	2419.2	4.1	12.9	0.732	2.1	3.4
24416	2007	22	2937.6	0.1	6.6	0.6059	1	0.9
24416	2007	23	1468.8	0.9	5.1	0.6744	0.6	1.4
24416	2007	24	3801.6	-3.1	1.1	0.4374	2.6	0.1
24416	2007	25	4147.2	-4.6	-2.5	0.3621	2.1	0.4
24416	2007	26	4924.8	-6.2	-2.9	0.3577	1	0.4
24416	2007	27	1468.8	-8.6	1.2	0.3999	3.2	0.7
24416	2007	28	4320	0.2	5.1	0.5248	2.1	0
24416	2007	29	1468.8	3.4	6.5	0.6083	3.8	0.4
24416	2007	30	7516.8	-1.3	6.4	0.5725	1.5	0
24416	2007	31	10108.8	-2.5	7.4	0.5611	1	0
24416	2007	32	2505.6	-0.1	5.3	0.6187	2.6	2
24416	2007	33	7516.8	-0.2	8.3	0.6202	0.2	0.8
24416	2007	34	5184	4.2	7.2	0.6226	3.2	0.6
24416	2007	35	7084.8	2.2	7.9	0.7001	1	0.4
24416	2007	36	10195.2	-2.2	11.6	0.521	1.5	7.7
24416	2007	37	1987.2	1.6	8.2	0.8054	1	8.4
24416	2007	38	8380.8	0.4	8	0.6927	1	0
24416	2007	39	7862.4	1.3	10.2	0.6431	0.6	5.7
24416	2007	40	10454.4	0.8	10.7	0.689	0.6	0
24416	2007	41	11664	-2.3	11.5	0.6021	0.2	0
24416	2007	42	6307.2	2.7	10	0.6895	1	9
24416	2007	43	2678.4	4.3	9.2	0.8072	2.1	4
24416	2007	44	3801.6	5.5	9.2	0.6359	2.6	0.2
24416	2007	45	10627.2	1.8	12.5	0.5868	2.6	3.6
24416	2007	46	2160	5.1	9.9	0.7979	2.6	1.6
24416	2007	47	12873.6	1.7	11.1	0.6342	0.6	0
24416	2007	48	13564.8	-3.2	12.5	0.6383	1	0
24416	2007	49	11750.4	-4	12.1	0.563	1	0
24416	2007	50	8294.4	-1	9.3	0.6163	1.5	0
24416	2007	51	10800	-1.3	13.1	0.6591	1.5	0
24416	2007	52	11491.2	-1.4	15.2	0.6663	1.5	0
24416	2007	53	10454.4	2.3	13	0.7014	0.6	0
24416	2007	54	8035.2	0.7	12.6	0.7332	0.2	0
24416	2007	55	9763.2	3.1	16.2	0.8989	1.5	2.3
24416	2007	56	7257.6	5.3	14.2	0.7722	2.1	1.1
24416	2007	57	4320	3.8	9.1	0.7714	1.5	3
24416	2007	58	1641.6	1.7	6.4	0.7018	2.1	8.9
24416	2007	59	3542.4	2.6	11.6	0.8268	1	3.1
24416	2007	60	3456	5.4	10.6	0.8792	2.6	9.5
24416	2007	61	4147.2	5.2	8.6	0.8056	2.1	7.2
24416	2007	62	4752	4.2	13.1	0.7171	2.6	2.9
24416	2007	63	12441.6	5.7	12.9	0.7492	1	0
24416	2007	64	8294.4	1.4	16.4	0.7749	2.1	2.5
24416	2007	65	14428.8	0	15.9	0.8227	0.6	0
24416	2007	66	13564.8	3.4	13.7	0.7902	2.1	4.6
24416	2007	67	2419.2	6.5	10.5	1.0093	1	6.8
24416	2007	68	8208	4.8	10.5	0.7224	1	0.2
24416	2007	69	1123.2	3.6	6.3	0.7561	1.5	9.2
24416	2007	70	18057.6	-0.1	11.4	0.6295	0.6	0
24416	2007	71	18403.2	-1.9	18.9	0.7431	1	0
24416	2007	72	17884.8	0.9	17.3	0.7277	1.5	0
24416	2007	73	16934.4	1.7	16.5	0.7739	1	0
24416	2007	74	16502.4	1.1	16.2	0.7619	2.1	0
24416	2007	75	15033.6	1.4	16	0.787	1	0
24416	2007	76	8812.8	4.1	13.1	0.737	2.6	0
24416	2007	77	16156.8	3.4	16.1	0.7964	0.6	11.4
24416	2007	78	3024	0.3	13.4	0.892	2.1	11
24416	2007	79	2937.6	0.3	2.1	0.6264	2.1	16.1
24416	2007	80	10540.8	-0.1	4.4	0.5492	1.5	3.5
24416	2007	81	11750.4	-1	6	0.5119	1.5	0
24416	2007	82	19008	-1.1	9	0.4781	2.1	4.2
24416	2007	83	9158.4	0.5	6.1	0.6192	1	0.2
24416	2007	84	20649.6	-1.8	13.5	0.6013	2.1	0
24416	2007	85	21772.8	0.5	16.3	0.6059	2.1	0
24416	2007	86	19526.4	2.6	14.9	0.564	2.6	0
24416	2007	87	21427.2	0.3	15.9	0.5397	2.1	0
24416	2007	88	18576	4.3	15.5	0.6825	2.1	0
24416	2007	89	17884.8	0.5	16.5	0.6544	1.5	0
24416	2007	90	9590.4	6.2	12.2	0.8372	1.5	0
24416	2007	91	17193.6	1.4	17.8	0.8362	2.1	0.7
24416	2007	92	20995.2	3.5	18.7	0.7658	1	0
24416	2007	93	13392	5.7	15.4	0.9674	1.5	0.8
24416	2007	94	6480	4.2	8.5	0.7374	2.1	0
24416	2007	95	22550.4	0.6	14.6	0.5634	1.5	0
24416	2007	96	23932.8	2	18.1	0.6894	1.5	0
24416	2007	97	18662.4	3.6	18.7	0.808	1	5.8
24416	2007	98	12268.8	7.7	14.6	0.9273	1	0
24416	2007	99	23068.8	2.9	19.3	0.7525	2.1	0
24416	2007	100	23155.2	5	19.9	0.7938	1.5	0
24416	2007	101	23673.6	4.3	20.6	0.8804	1.5	0
24416	2007	102	24364.8	4.6	23.4	1.0059	1.5	0
24416	2007	103	25315.2	6.3	27.4	1.0924	1	0
24416	2007	104	25574.4	8.2	26.2	0.9797	1.5	0
24416	2007	105	26006.4	6.1	24.8	0.859	1	0
24416	2007	106	17712	5.4	22.7	0.833	1	0
24416	2007	107	17884.8	4.8	24.3	0.8769	1	1.1
24416	2007	108	3715.2	8.7	17.7	1.1368	1	1.7
24416	2007	109	20822.4	3	18	0.7612	1	0
24416	2007	110	24969.6	3.9	19.7	0.7744	1.5	0
24416	2007	111	25920	4	19.9	0.824	2.1	0
24416	2007	112	26092.8	3.8	22.3	0.8256	2.1	0
24416	2007	113	24710.4	7.1	24.9	0.9079	2.1	0
24416	2007	114	4924.8	10.9	21.9	1.546	1	3.2
24416	2007	115	27475.2	7.5	23.4	1.0168	2.6	0
24416	2007	116	27907.2	5.5	26.2	0.8273	1	0
24416	2007	117	27561.6	13.4	26.1	0.8734	2.6	0
24416	2007	118	27129.6	8.5	25.5	0.9481	1.5	0
24416	2007	119	24019.2	9.4	24.5	1.0608	1	0
24416	2007	120	27129.6	7.5	19.4	0.8474	2.1	0
24416	2007	121	29289.6	3.6	19	0.7091	2.6	0
24416	2007	122	28339.2	2.7	20.6	0.7394	1.5	0
24416	2007	123	14428.8	6.1	17.9	0.9528	2.1	1.4
24416	2007	124	22204.8	5.5	22.6	0.881	2.1	0
24416	2007	125	22982.4	7.9	20.1	1.0378	2.1	23.9
24416	2007	126	5356.8	10.6	16.2	1.3821	1	17
24416	2007	127	16243.2	7.9	19.6	0.9269	1.5	0.2
24416	2007	128	9590.4	11.4	19	1.4319	2.1	44.6
24416	2007	129	3715.2	10.5	12.4	1.2431	1	38.3
24416	2007	130	24969.6	9.7	23.6	1.0787	1.5	0
24416	2007	131	21600	10.8	26.9	1.304	2.1	2.9
24416	2007	132	23846.4	11.8	23.5	1.27	1.5	2.1
24416	2007	133	28771.2	9.2	29.2	1.0662	1	0
24416	2007	134	24364.8	13.8	28.4	1.3238	1.5	0.1
24416	2007	135	5011.2	7.9	25.4	1.6086	1.5	19.4
24416	2007	136	24883.2	6.9	17.2	0.9138	1	2.8
24416	2007	137	8035.2	7.8	13.3	1.1329	1.5	10.7
24416	2007	138	25228.8	7.7	17.3	0.8398	2.1	0
24416	2007	139	31968	5	23.8	0.8193	2.1	0
24416	2007	140	31017.6	7.7	28.1	1.1263	1.5	0
24416	2007	141	30326.4	12.2	29.6	1.2583	1.5	0
24416	2007	142	25142.4	13.8	26.2	1.4472	1.5	0.2
24416	2007	143	20736	16.6	26.2	1.8571	1	0.1
24416	2007	144	29289.6	12.7	27.7	1.5124	2.1	0
24416	2007	145	24192	15.7	29.6	1.8941	1.5	7.8
24416	2007	146	26611.2	14.7	29.8	1.8219	1	4.1
24416	2007	147	24969.6	15.3	27.1	1.3068	1.5	0
24416	2007	148	17193.6	9.2	23.2	1.4712	1.5	31.6
24416	2007	149	4147.2	6.7	9.4	0.9575	0.6	14.7
24416	2007	150	20390.4	6.2	15.5	0.8181	0.6	0
24416	2007	151	26956.8	5	20.4	0.8362	1.5	0
24416	2007	152	19440	7.8	19.5	1.155	1.5	12.4
24416	2007	153	10454.4	11.8	18.3	1.3669	1.5	0.2
24416	2007	154	27561.6	13.3	23.7	1.4034	2.1	0
24416	2007	155	29030.4	11.5	24.4	1.3969	1	0
24416	2007	156	17539.2	13.3	22.9	1.7419	1.5	1
24416	2007	157	20736	12.3	26.3	1.3187	1	0
24416	2007	158	32400	14.3	28	1.2276	2.1	0
24416	2007	159	30844.8	14.1	28.7	1.3992	2.1	0
24416	2007	160	31190.4	12.6	28.6	1.3806	1.5	0
24416	2007	161	22032	15.3	25.8	1.7869	1	8.8
24416	2007	162	18835.2	13.5	25.3	1.5968	1	10.3
24416	2007	163	16761.6	15.9	22.9	1.8892	1	9
24416	2007	164	23846.4	14.6	25.3	1.6522	2.1	5.1
24416	2007	165	31449.6	15	28.8	1.4688	1.5	0
24416	2007	166	22896	17.9	29.9	1.8647	2.1	6.1
24416	2007	167	22550.4	13.5	22.6	1.4884	1.5	1.4
24416	2007	168	32918.4	14	27.4	1.1942	2.1	2.5
24416	2007	169	22723.2	17	26.3	1.679	2.6	1.1
24416	2007	170	30499.2	16.9	29	1.5374	2.1	0
24416	2007	171	30067.2	15.6	31.1	1.6323	1	6.3
24416	2007	172	13910.4	17.5	28.6	2.1654	1.5	2.2
24416	2007	173	13651.2	15.5	22.8	1.86	1	6.4
24416	2007	174	11404.8	12.8	19.5	1.2649	1	0
24416	2007	175	31276.8	12.9	26.5	1.3518	1.5	11.8
24416	2007	176	26611.2	16	29.1	1.8281	2.1	31
24416	2007	177	23414.4	9.7	21.6	1.0831	2.1	1.1
24416	2007	178	17280	12.1	19.2	1.3495	0.6	2.3
24416	2007	179	13910.4	11.4	18.9	1.049	1.5	0
24416	2007	180	28425.6	12.5	22.6	1.222	2.1	2.6
24416	2007	181	22204.8	14.1	23.7	1.4825	1	1.9
24416	2007	182	29376	12.3	29.3	1.2751	1.5	0.1
24416	2007	183	6480	14.4	26.4	2.1054	1	10.8
24416	2007	184	28857.6	11.7	25.5	1.4978	1.5	25.8
24416	2007	185	8294.4	11.2	17.1	1.3382	1	7.1
24416	2007	186	6134.4	11.7	16.8	1.1035	2.1	1.1
24416	2007	187	6652.8	11.8	19.2	1.2486	1.5	2.8
24416	2007	188	17971.2	13.9	23.7	1.4733	1	0
24416	2007	189	25747.2	12.9	26.7	1.6599	1.5	9.6
24416	2007	190	7689.6	11.1	20.8	1.6109	1.5	35.2
24416	2007	191	12182.4	8.5	16	1.1538	1	19.3
24416	2007	192	17712	9.8	18.5	1.1286	0.6	5.6
24416	2007	193	10368	11.2	18.2	1.3866	1	2.8
24416	2007	194	29894.4	12.4	25.8	1.2582	2.1	0
24416	2007	195	31708.8	13.1	31.7	1.3519	1	0
24416	2007	196	30758.4	15.9	34.7	1.8019	0.2	0
24416	2007	197	31190.4	20.3	34.9	1.6578	1.5	0
24416	2007	198	29635.2	17.4	31.3	1.6724	1	0
24416	2007	199	25228.8	17.8	28.5	1.8673	1.5	0
24416	2007	200	26265.6	20.5	32.2	2.3624	1.5	0
24416	2007	201	27388.8	19.3	33	2.064	2.1	11.4
24416	2007	202	29203.2	18	29.6	1.8241	1.5	0.3
24416	2007	203	11750.4	17.2	27	1.8054	1.5	0
24416	2007	204	27648	13.6	29.9	1.5854	0.6	0.1
24416	2007	205	4924.8	13.7	26.8	1.7542	0.2	14.1
24416	2007	206	23587.2	12.7	24.1	1.2256	1	0
24416	2007	207	30240	12.2	28	1.2918	1.5	0
24416	2007	208	15984	16.2	26.6	1.679	0.6	0
24416	2007	209	22032	15.7	27	1.5217	1.5	0
24416	2007	210	18403.2	17.8	24.9	1.7754	0.6	19.2
24416	2007	211	16502.4	11.4	20.7	1.1476	2.1	0.4
24416	2007	212	19785.6	8.3	18.4	0.949	1.5	0
24416	2007	213	29980.8	8	23.8	1.0825	2.1	0
24416	2007	214	19440	10.7	28.8	1.5859	0.6	30.6
24416	2007	215	4838.4	14.6	17.5	1.6212	1	11.2
24416	2007	216	14601.6	13.5	22.5	1.3189	1	0
24416	2007	217	20995.2	9.9	24.6	1.1204	1	0
24416	2007	218	20736	11.1	28.8	1.3264	1.5	0
24416	2007	219	18230.4	14.5	28.5	1.5869	2.1	0.1
24416	2007	220	8380.8	17.3	23.1	1.9614	1.5	0.2
24416	2007	221	6912	14.6	18	1.5362	1.5	6.1
24416	2007	222	13392	11.7	19.1	1.2931	1.5	0
24416	2007	223	3715.2	14.9	17.6	1.6973	1	31.3
24416	2007	224	14428.8	14.9	23.2	1.7385	1	4.9
24416	2007	225	18230.4	13.2	24.4	1.6466	0.6	0.9
24416	2007	226	18230.4	13.2	25.5	1.547	1	0
24416	2007	227	21772.8	16.1	30	1.7436	1.5	0
24416	2007	228	6566.4	18.1	25.3	1.8915	1	5.7
24416	2007	229	5270.4	13.1	19.1	1.6264	1	4.3
24416	2007	230	24624	10.8	22.7	1.3331	1	0
24416	2007	231	20908.8	11.8	25	1.6482	1	30.8
24416	2007	232	6307.2	13.4	16.9	1.4789	2.1	6.9
24416	2007	233	21427.2	13.9	22.7	1.5959	1	0
24416	2007	234	21513.6	14.9	24.9	1.5775	2.1	0
24416	2007	235	19958.4	13.2	23.5	1.6641	1	1.4
24416	2007	236	20649.6	12.8	25	1.5043	1	0
24416	2007	237	23500.8	14.3	27.1	1.6085	1	0
24416	2007	238	24624	14.4	28.9	1.6532	0.6	0
24416	2007	239	23241.6	13.8	27.7	1.6134	1	0
24416	2007	240	17107.2	16.4	23.2	1.4525	2.1	9.9
24416	2007	241	8294.4	14.1	21.9	1.731	1	23.9
24416	2007	242	4752	13.5	16.6	1.5548	1.5	3.6
24416	2007	243	12441.6	10.6	18.7	1.2156	0.6	2.3
24416	2007	244	4320	13.3	16.7	1.4817	1	7.3
24416	2007	245	15811.2	11	19.8	1.2931	0.6	0
24416	2007	246	9244.8	13.5	20.9	1.4892	1	20.3
24416	2007	247	6048	7.1	13.7	1.0838	1	29.3
24416	2007	248	8726.4	6.7	12.5	1.0034	2.1	31.4
24416	2007	249	1296	5.3	9.5	0.9263	1.5	65.1
24416	2007	250	3628.8	5.8	13	1.0136	1	2.6
24416	2007	251	2246.4	11.2	12.6	1.2806	0.6	7.5
24416	2007	252	3974.4	11.6	14.6	1.3553	0.6	5.6
24416	2007	253	16761.6	8.8	19	1.1422	1	17.6
24416	2007	254	4233.6	8.3	15.1	1.1265	1	12.6
24416	2007	255	12873.6	9.8	17.1	1.2325	0.6	0
24416	2007	256	21513.6	6	20.5	1.0949	1	0
24416	2007	257	17712	7.1	23.5	1.3196	1	6.3
24416	2007	258	7776	13.7	18.2	1.3756	0.6	0
24416	2007	259	20217.6	8	24.2	1.3888	0.6	0
24416	2007	260	12614.4	11.6	24.3	1.5407	0.6	4.4
24416	2007	261	1900.8	9.3	16.6	1.3272	1.5	23.1
24416	2007	262	10627.2	7.9	12.9	1.0334	1	0.1
24416	2007	263	20044.8	5.4	17.7	0.9929	1	0
24416	2007	264	19958.4	5.5	22.4	1.0981	1	0
24416	2007	265	19008	7.6	24.1	1.2949	1.5	0
24416	2007	266	18921.6	8.1	23.8	1.3394	1	0
24416	2007	267	18576	8.7	24.1	1.4156	1	0
24416	2007	268	3456	9.6	16.9	1.3382	0.6	8.9
24416	2007	269	1728	8.6	10.6	1.0751	1	6.7
24416	2007	270	8553.6	8.9	14	1.162	1	0.1
24416	2007	271	3542.4	8.7	11.6	1.0411	1.5	2.5
24416	2007	272	17971.2	8	19	1.082	1.5	0
24416	2007	273	14256	8.5	19.6	1.1053	1	0
24416	2007	274	16156.8	7.6	22.4	1.2944	0.2	0
24416	2007	275	14256	9.1	23	1.3662	1	0.8
24416	2007	276	14083.2	13.5	24.6	1.6504	1	0
24416	2007	277	3715.2	11.7	17.6	1.5153	0.6	3.2
24416	2007	278	3715.2	14.1	17	1.6232	0.6	10.1
24416	2007	279	3283.2	10.4	16	1.2278	0.6	0
24416	2007	280	12787.2	9.3	16.9	1.1294	1	0
24416	2007	281	12787.2	4.8	17.5	1.0465	1	0
24416	2007	282	13824	4.7	16.7	1.0285	0.2	0
24416	2007	283	8208	3.8	11.7	0.9381	1	0
24416	2007	284	13910.4	7.3	16	1.068	0.6	0
24416	2007	285	7862.4	3.9	14.5	0.8838	1	0
24416	2007	286	4147.2	8.7	13.4	1.1053	0.6	1.2
24416	2007	287	14601.6	2.6	14.9	0.9137	1	0
24416	2007	288	14688	0.8	19.4	0.9141	1.5	0
24416	2007	289	14083.2	4.4	20.3	1.0897	1	0
24416	2007	290	12528	5.6	20.4	1.1371	1	0.6
24416	2007	291	2073.6	5.9	13.5	1.0102	1	6.4
24416	2007	292	3542.4	1.7	7.1	0.6941	1	11.6
24416	2007	293	2246.4	0.4	2.9	0.6538	0.2	21.6
24416	2007	294	3110.4	0.2	2.7	0.6377	1	5.2
24416	2007	295	1555.2	0.5	3.1	0.5983	2.1	2.8
24416	2007	296	2505.6	0.6	3.6	0.6468	1	8.1
24416	2007	297	4060.8	1.1	6.1	0.6957	1	0
24416	2007	298	6220.8	-0.7	8.6	0.6887	0.6	0
24416	2007	299	5961.6	-0.1	10	0.73	0.2	0
24416	2007	300	2332.8	2.7	8.3	0.7404	0.6	0
24416	2007	301	5270.4	4.8	10.3	0.8526	1	0
24416	2007	302	10454.4	1.4	15.6	0.8319	1	0
24416	2007	303	2592	1.3	8.2	0.7799	1	8.2
24416	2007	304	4147.2	5.3	10	0.8899	1	0
24416	2007	305	10972.8	-0.4	10.5	0.7526	1	0
24416	2007	306	7862.4	-0.5	11.1	0.7213	1	0
24416	2007	307	5097.6	4.5	12.1	0.8425	0.6	4.7
24416	2007	308	1123.2	7.3	9.6	1.0059	0.6	2.1
24416	2007	309	10022.4	2.9	10.4	0.743	1.5	0
24416	2007	310	2160	-0.2	8.2	0.6017	1	6.4
24416	2007	311	1468.8	2.5	6.8	0.7489	1	4.9
24416	2007	312	1555.2	2.7	9.1	0.7519	1.5	1.5
24416	2007	313	1987.2	1.7	7.7	0.6234	2.6	3
24416	2007	314	518.4	1.3	5.3	0.6656	3.2	24.1
24416	2007	315	1123.2	0.2	11.6	0.7334	3.2	18.1
24416	2007	316	1728	1.5	4.4	0.4832	3.2	0.9
24416	2007	317	2851.2	0.7	4.8	0.4764	1	0.6
24416	2007	318	1382.4	0	2.1	0.6197	2.1	12.7
24416	2007	319	3024	-1.9	0.7	0.5205	1.5	2.5
24416	2007	320	7257.6	-6	0.3	0.4112	1	0
24416	2007	321	5097.6	-5.6	0.9	0.4062	1	0
24416	2007	322	3974.4	-3.1	0.4	0.465	1	0
24416	2007	323	8467.2	-6.4	7.3	0.5429	1	0
24416	2007	324	4838.4	-2.6	2.3	0.556	1	0
24416	2007	325	3456	-1.7	2.6	0.5997	1	0
24416	2007	326	3715.2	-2	2.9	0.5871	1	0
24416	2007	327	4579.2	0	10.4	0.7605	0.6	0.6
24416	2007	328	1468.8	1.4	6	0.7245	0.6	1.4
24416	2007	329	1468.8	4.1	6.8	0.7558	1.5	9.4
24416	2007	330	1987.2	0.5	6	0.6324	2.6	2.3
24416	2007	331	2332.8	0.7	3	0.5725	1.5	1.4
24416	2007	332	7689.6	-3.8	3.7	0.4931	1.5	0
24416	2007	333	6912	-5.1	2.9	0.4906	1	0
24416	2007	334	518.4	-2.6	2.4	0.552	0.2	10
24416	2007	335	4147.2	2	9.3	0.6934	2.1	2.9
24416	2007	336	6048	3.8	10.6	0.7411	2.1	2.5
24416	2007	337	1728	4.9	10.5	0.7248	1.5	1.4
24416	2007	338	777.6	1	6.5	0.6791	1.5	3.7
24416	2007	339	1814.4	2.8	6.6	0.7003	2.1	1.8
24416	2007	340	1728	2.1	7.1	0.7633	1	1.2
24416	2007	341	1814.4	3.6	9.9	0.7186	3.2	6.6
24416	2007	342	1036.8	1.8	8	0.7275	1	4.3
24416	2007	343	1036.8	-0.8	6.2	0.5638	2.1	0.7
24416	2007	344	1814.4	1.7	5.8	0.6472	2.1	2.8
24416	2007	345	432	2.4	4.3	0.6991	0.6	28.3
24416	2007	346	604.8	0.3	2.8	0.6355	1	28.7
24416	2007	347	1036.8	0.3	2.1	0.6264	1	3.3
24416	2007	348	2332.8	-1.4	1.4	0.5255	1.5	0.6
24416	2007	349	5702.4	-3.8	-0.7	0.3885	1.5	0
24416	2007	350	3628.8	-7	-1.7	0.3365	1	0
24416	2007	351	6134.4	-5	0.8	0.3772	1	0
24416	2007	352	5184	-9.4	-1.3	0.3407	0.6	0
24416	2007	353	5702.4	-9.3	1.4	0.3788	1	0
24416	2007	354	5616	-9.2	3	0.4037	0.6	0
24416	2007	355	4060.8	-9.2	-3.9	0.3483	1.5	0
24416	2007	356	3110.4	-6.4	-4.2	0.3791	1	0
24416	2007	357	3974.4	-7.2	-3.5	0.3695	1	0
24416	2007	358	3110.4	-7.6	-1.4	0.3897	1	0
24416	2007	359	4060.8	-7.4	-2.3	0.388	1	0
24416	2007	360	5616	-8.2	2	0.3647	1	0
24416	2007	361	5702.4	-8.3	2.2	0.3759	0.6	0
24416	2007	362	5529.6	-9.4	-1.4	0.364	1.5	0
24416	2007	363	6393.6	-9.4	6.1	0.3791	0.6	0.1
24416	2007	364	2160	-4.9	0.9	0.438	0.6	1.9
24416	2007	365	1728	0.2	2	0.6087	1	2.1
