*---------------------------------------------------------------------------*
* Station name: SALZBURG-FLUGHAFEN                      
* Year: 2003
* Author: Pedro Alencar                                   -999.000: NIL VALUE
* Source: ECAD 
* Comments: 
* Longitude: 47.7892, latitude: 47.7892, altitude: 430 m.
*
* Column  Daily value
* 1       station number
* 2       year
* 3       day
* 4       irradiation                   (kJ m-2 d-1)
* 5       minimum temperature           (degrees Celsius)
* 6       maximum temperature           (degrees Celsius)
* 7       early morning vapour pressure (kPa)
* 8       mean wind speed (height: 2 m) (m s-1)
* 9       precipitation                 (mm d-1)
*
** WCCDESCRIPTION=GERMANY, SALZBURG-FLUGHAFEN                      
** WCCFORMAT=2
** WCCYEARNR=2003
*---------------------------------------------------------------------------*
   47.7892  13.0081    430.  -0.18 -0.55
24416	2003	1	3024	0.4	7.3	0.7161	0.6	1
24416	2003	2	864	4	8.7	0.7182	1.5	2.2
24416	2003	3	2764.8	4.5	11.1	0.5711	2.1	3.6
24416	2003	4	3024	3.8	7.2	0.7856	0.6	9.8
24416	2003	5	864	-3.1	4.2	0.5532	2.1	0.9
24416	2003	6	1382.4	-3.7	-2.4	0.4149	3.2	2
24416	2003	7	1987.2	-6.5	-3.1	0.3724	1	1.9
24416	2003	8	5702.4	-14.2	-5.4	0.2471	0.6	0
24416	2003	9	1468.8	-14.2	-8.5	0.2159	1	5.5
24416	2003	10	3110.4	-9.4	-6.4	0.2868	2.1	1.2
24416	2003	11	5011.2	-16.2	-5.3	0.2319	0.2	0
24416	2003	12	5961.6	-16.5	-6.9	0.2049	0.2	0
24416	2003	13	2592	-18	-3.4	0.2247	0.2	15
24416	2003	14	1555.2	-3.4	2.7	0.5778	0.2	3.4
24416	2003	15	6220.8	-0.8	6	0.6261	1	0
24416	2003	16	950.4	-5	1.5	0.5107	0	0
24416	2003	17	6393.6	-5.4	5	0.4938	0.6	0
24416	2003	18	4406.4	-3.9	4.3	0.465	0.2	0
24416	2003	19	6912	-7.2	5.8	0.4355	0.2	0.2
24416	2003	20	6134.4	-3.4	6.2	0.4935	0.2	0
24416	2003	21	4233.6	-4.1	4.8	0.4826	1	3.6
24416	2003	22	2419.2	-1.9	3.7	0.6195	0.2	5.1
24416	2003	23	1123.2	1.1	3.4	0.6825	0.6	6.8
24416	2003	24	777.6	0.3	3.2	0.6655	0	22.5
24416	2003	25	2937.6	0.3	2.7	0.6264	0.6	0
24416	2003	26	1123.2	-1.2	1.3	0.5642	0	1.5
24416	2003	27	1123.2	-0.6	1.6	0.5955	0	25.2
24416	2003	28	2246.4	-0.6	9.4	0.6523	1.5	1.1
24416	2003	29	4924.8	0	4.5	0.5316	1.5	7
24416	2003	30	5184	-1	2.2	0.5807	1	1.6
24416	2003	31	3628.8	-2.6	-0.1	0.465	1	0.3
24416	2003	32	6998.4	-7.3	-1.3	0.3023	0	0
24416	2003	33	1382.4	-11.1	-2.8	0.2724	1	0.1
24416	2003	34	5443.2	-2.9	5.3	0.4198	2.1	2.8
24416	2003	35	1987.2	-0.8	2.6	0.5739	1.5	3.8
24416	2003	36	1987.2	-2.1	0.1	0.4487	0.6	3.8
24416	2003	37	1468.8	-2	-0.4	0.4702	1	4
24416	2003	38	7344	-4.6	2.6	0.3692	2.1	3.7
24416	2003	39	1468.8	-1.8	0.7	0.5577	0.6	16.9
24416	2003	40	7084.8	-3	0.7	0.5056	0.6	0
24416	2003	41	3369.6	-4.7	-1.8	0.3944	0.2	0
24416	2003	42	2764.8	-4.6	-2.5	0.3997	1	0
24416	2003	43	10368	-6.1	-1.4	0.3706	0.6	0
24416	2003	44	8812.8	-12.5	-2.9	0.281	1	0
24416	2003	45	4665.6	-11.4	-3.8	0.2867	0.2	0
24416	2003	46	7862.4	-15.2	-3.4	0.2329	0.6	0.2
24416	2003	47	9676.8	-6.4	-0.8	0.3467	0.6	0
24416	2003	48	10627.2	-14.2	0.7	0.2803	0.2	0
24416	2003	49	10886.4	-14.4	-0.6	0.2471	0.6	0
24416	2003	50	11145.6	-15.1	0.4	0.2712	0.6	0
24416	2003	51	11232	-12.6	2.7	0.3259	1	0
24416	2003	52	9158.4	-10.8	2.7	0.3759	0.6	0
24416	2003	53	10195.2	-9.4	3.4	0.4116	0.6	0
24416	2003	54	12355.2	-10.3	6.2	0.3943	0.6	0
24416	2003	55	12873.6	-10.1	7.1	0.3833	1	0
24416	2003	56	13046.4	-9.9	9.1	0.4036	1	0
24416	2003	57	13478.4	-5.8	11.3	0.4764	1	0
24416	2003	58	13392	-6.8	10.2	0.449	0.6	0
24416	2003	59	12700.8	-3.2	12	0.5352	0.2	0
24416	2003	60	5011.2	-0.7	8.9	0.5732	0.2	0.2
24416	2003	61	5616	0.2	7.7	0.6968	0.2	1.3
24416	2003	62	3715.2	2.5	6.4	0.663	0.6	1.7
24416	2003	63	14169.6	0.2	10.6	0.6098	0.6	0
24416	2003	64	9072	-2.8	10.3	0.5593	0.2	0
24416	2003	65	9936	-3.5	6.4	0.536	0.2	10.6
24416	2003	66	3628.8	2.8	6.9	0.7681	0.6	1.4
24416	2003	67	6825.6	-2.5	8.1	0.6201	0	0
24416	2003	68	6998.4	-1.2	11.4	0.5269	0.6	0
24416	2003	69	15552	0.4	18.1	0.6417	1	0
24416	2003	70	12009.6	4.8	20.2	0.6516	0.2	0
24416	2003	71	2332.8	4.7	14.8	1.0377	0.6	14.7
24416	2003	72	3024	2.2	5.8	0.6343	1	1.4
24416	2003	73	5616	-0.6	2.8	0.4433	1.5	0.7
24416	2003	74	11059.2	0.1	4.5	0.4975	1.5	0
24416	2003	75	10108.8	0.5	5.6	0.5095	1	0
24416	2003	76	16243.2	-1.7	10.8	0.4986	0.6	0
24416	2003	77	15984	-1.3	10.9	0.559	0.6	0
24416	2003	78	16416	-1.5	12.2	0.554	0.6	0
24416	2003	79	16761.6	2.3	14.4	0.6039	1	0
24416	2003	80	15206.4	-1.8	9.6	0.541	1.5	0
24416	2003	81	18057.6	-4.2	9.4	0.4198	2.1	0
24416	2003	82	18489.6	-4.5	14.2	0.4574	1	0
24416	2003	83	17971.2	-0.9	17.9	0.5989	0.6	0
24416	2003	84	17798.4	1.4	18.8	0.6794	0.6	0
24416	2003	85	16675.2	2.8	18.5	0.756	1.5	0
24416	2003	86	16761.6	3.1	20.5	0.6776	0.2	0
24416	2003	87	17280	4.9	20.8	0.7556	0.2	0
24416	2003	88	7603.2	8.2	17.4	0.9598	0.2	0.1
24416	2003	89	13824	8.9	19.2	1.0572	0.2	7.2
24416	2003	90	8380.8	9.3	16	0.9943	0.6	7.9
24416	2003	91	20217.6	0.6	17.6	0.6468	1	0
24416	2003	92	3542.4	4.1	12.4	0.8506	1	8.1
24416	2003	93	4924.8	2.6	5.7	0.7642	0.6	6.7
24416	2003	94	9331.2	1.4	8.2	0.645	1	0.4
24416	2003	95	2073.6	0.7	7.7	0.6515	3.2	6.5
24416	2003	96	10972.8	-1.3	5.9	0.5696	3.8	2.6
24416	2003	97	7257.6	-4.1	-0.1	0.4295	1.5	3.4
24416	2003	98	20476.8	-2.8	4.7	0.3861	1	1.8
24416	2003	99	11232	-2.8	5.8	0.5107	0.6	0.7
24416	2003	100	10022.4	-0.6	8.4	0.5329	1.5	0
24416	2003	101	17798.4	1.4	9.8	0.5637	1	0
24416	2003	102	13651.2	-0.7	12.6	0.5776	0.6	0
24416	2003	103	18144	5.2	17.2	0.7841	0.6	0
24416	2003	104	23155.2	1.1	21.2	0.6756	1	0
24416	2003	105	22982.4	8.4	20	0.7764	2.1	0
24416	2003	106	22550.4	4.2	22.2	0.8034	1	0
24416	2003	107	22204.8	4.2	18.3	0.7601	1.5	0
24416	2003	108	16502.4	3.1	16.2	0.6113	1.5	5.7
24416	2003	109	8640	4	13.1	0.8792	0.6	0.4
24416	2003	110	20908.8	4.4	22.4	0.5682	2.1	0
24416	2003	111	16848	4.4	19.4	0.6542	1	4
24416	2003	112	13046.4	8.9	16.8	1.126	1.5	3.4
24416	2003	113	19267.2	5.5	18.8	0.9481	2.1	0.3
24416	2003	114	22204.8	6.5	18.5	0.7819	0.6	0
24416	2003	115	23068.8	5.2	21.6	0.7985	0.2	0
24416	2003	116	20736	9	26.8	0.8806	2.6	4.2
24416	2003	117	12700.8	10.2	22.1	1.1549	3.8	0
24416	2003	118	20736	8.5	23.8	0.9716	1.5	0
24416	2003	119	22464	13.2	24.2	1.1196	2.6	0
24416	2003	120	16243.2	11.5	30.3	1.3323	0.6	7
24416	2003	121	17712	10.4	21.4	1.1186	1	0
24416	2003	122	16675.2	7.7	23.4	1.0939	0.6	8.9
24416	2003	123	15638.4	7.9	18.1	0.9276	1.5	0.2
24416	2003	124	26784	5.4	24.9	0.9458	0.2	0
24416	2003	125	26179.2	10.5	32	1.2604	1	0
24416	2003	126	24019.2	17.4	31.1	1.3299	1	0
24416	2003	127	24451.2	12.4	27.4	1.4151	2.1	0
24416	2003	128	20736	14.7	28.2	1.429	0.6	0.2
24416	2003	129	16588.8	11.6	24.7	1.6018	1.5	12
24416	2003	130	20044.8	12.5	22	1.376	0.6	34.6
24416	2003	131	15724.8	13	20.6	1.4902	1	4.6
24416	2003	132	13824	11.8	19.3	1.3761	1	0
24416	2003	133	11577.6	9.7	19.5	1.5104	1	33.2
24416	2003	134	12873.6	5.3	12.3	0.9621	1.5	1.6
24416	2003	135	14256	5.4	12.2	0.8376	1	0.8
24416	2003	136	27820.8	2.6	18.6	0.7663	1	0
24416	2003	137	24451.2	8.2	22.6	0.9436	2.1	17.5
24416	2003	138	18748.8	11	19.6	1.2848	1.5	0
24416	2003	139	25228.8	13.2	27.1	1.3664	1	3.9
24416	2003	140	4838.4	9.6	22.1	1.6726	0.6	23.8
24416	2003	141	15033.6	8.3	15.2	1.1853	1	8
24416	2003	142	13824	8.2	16.9	1.0169	0.2	1.6
24416	2003	143	18662.4	11.2	21.8	1.3684	0.6	0
24416	2003	144	29203.2	10.5	28.5	1.1089	1	0
24416	2003	145	24710.4	14.9	23.8	1.4797	2.1	0
24416	2003	146	8640	14.5	21.8	1.6434	1	0.4
24416	2003	147	16588.8	16.2	23.3	1.7008	1	0
24416	2003	148	21600	12.8	24.2	1.531	1	0
24416	2003	149	23328	11.9	25.6	1.5551	1	0
24416	2003	150	28598.4	13	27.2	1.2918	1	0
24416	2003	151	21081.6	14.4	28.4	1.7554	1	17.9
24416	2003	152	27907.2	14.3	25.9	1.4796	1	0
24416	2003	153	28598.4	12.3	26.1	1.1995	1	0
24416	2003	154	28252.8	13.8	27.9	1.4266	1	0
24416	2003	155	27648	15.2	30.5	1.5837	0.6	0
24416	2003	156	21340.8	18.7	31.6	2.2324	0.6	5.4
24416	2003	157	21254.4	17.5	26.2	2.0134	1	0.3
24416	2003	158	18230.4	17	26.1	1.8229	1	0
24416	2003	159	28339.2	17.4	30.9	1.5924	1	12.3
24416	2003	160	16243.2	17.5	27.2	2.0756	0.6	2.7
24416	2003	161	28512	15.4	30.3	1.6115	1	0.1
24416	2003	162	24796.8	16.4	29.5	1.817	1.5	0.1
24416	2003	163	28339.2	18.6	32.9	1.6854	1	0
24416	2003	164	24364.8	20.3	30.1	2.1431	1.5	0.8
24416	2003	165	27043.2	18.4	30	1.8684	1.5	21.2
24416	2003	166	18576	16.9	27.1	1.7944	1	0
24416	2003	167	21600	17	25.4	1.5832	1.5	0
24416	2003	168	28080	13.9	27.2	1.3764	0.6	8.3
24416	2003	169	9676.8	16.8	25.1	2.0789	0.6	8.4
24416	2003	170	7948.8	16.3	21.1	1.7009	0.6	0.2
24416	2003	171	10454.4	17.1	24.4	2.1513	1	5.6
24416	2003	172	28598.4	14.9	23	1.0935	2.6	0
24416	2003	173	29808	11.4	27	1.2217	1.5	0
24416	2003	174	27388.8	13.8	34	1.5391	1	0
24416	2003	175	23155.2	18	29.7	1.7706	1	0
24416	2003	176	18144	19.3	26.6	1.9567	0	0
24416	2003	177	22464	17.3	27	1.5978	1.5	4.4
24416	2003	178	13824	16	25.8	2.2205	2.6	8.5
24416	2003	179	22896	15.5	25.5	1.5647	1	0
24416	2003	180	28080	15.4	28.3	1.3859	0.6	0
24416	2003	181	26697.6	16.9	32.2	1.5386	0.6	0
24416	2003	182	23932.8	14.1	27.8	2.0789	2.1	29.2
24416	2003	183	24796.8	12.1	24	1.2197	2.1	2.3
24416	2003	184	9417.6	13.7	21.6	1.6127	2.1	4.2
24416	2003	185	10108.8	11.3	17.7	1.4183	1	9.2
24416	2003	186	7689.6	12.7	18.4	1.4996	0.6	4
24416	2003	187	17712	13.5	21.8	1.3305	1.5	0
24416	2003	188	29030.4	13	24.7	1.2171	0.6	0
24416	2003	189	21686.4	15.1	24.7	1.3687	1	0
24416	2003	190	22464	13.7	26.2	1.5823	1	0.4
24416	2003	191	22636.8	15.4	25.9	1.5307	1	0
24416	2003	192	25574.4	15.5	26.4	1.4849	1	0
24416	2003	193	17107.2	15.2	27.9	1.8229	1.5	1.2
24416	2003	194	26006.4	17.3	25.2	1.3108	2.1	0
24416	2003	195	29203.2	11	26.6	1.1699	1.5	0
24416	2003	196	28512	11.5	29.4	1.3439	1.5	0
24416	2003	197	26352	14.5	32.7	1.4535	1	7.1
24416	2003	198	18144	16.5	29.5	2.2711	1.5	18.5
24416	2003	199	18403.2	14.3	24.4	1.4349	0.6	0
24416	2003	200	28425.6	12.8	28.2	1.4203	1.5	0
24416	2003	201	27907.2	14.7	30.8	1.5466	1	0
24416	2003	202	22032	17.2	32.8	2.0862	2.1	3
24416	2003	203	26697.6	17.9	31.2	1.5694	1.5	2.8
24416	2003	204	19958.4	17.2	28.4	1.856	1	0
24416	2003	205	18403.2	14	29	1.7917	1.5	12.9
24416	2003	206	21945.6	15.2	25.1	1.5313	1.5	0
24416	2003	207	24192	15.8	29.7	1.4361	1.5	0
24416	2003	208	25747.2	17.7	34.5	1.7543	2.1	28.4
24416	2003	209	9331.2	17.7	24.9	2.2251	1	26.8
24416	2003	210	19353.6	13.8	23.1	1.3354	1.5	0
24416	2003	211	24537.6	13.7	26	1.4107	1	0
24416	2003	212	14515.2	13.1	23	1.385	0.6	20.3
24416	2003	213	15033.6	15.4	24.1	1.8617	0.2	0.2
24416	2003	214	24796.8	16.8	28.9	1.7782	1	0
24416	2003	215	25660.8	14.4	31.4	1.6443	1	0
24416	2003	216	24883.2	18	33.1	1.8942	1.5	0
24416	2003	217	24192	18.6	33.1	2.061	0.2	0
24416	2003	218	20476.8	19.2	31.2	2.0152	1.5	0
24416	2003	219	24019.2	19.3	30	1.8264	1.5	0
24416	2003	220	23328	20	32.3	1.7933	1	0
24416	2003	221	23241.6	17.6	31.6	1.7284	1	0
24416	2003	222	20908.8	18.9	32.8	2.1608	0.6	0.6
24416	2003	223	23241.6	17.4	30.5	1.6922	0.6	0
24416	2003	224	22550.4	17.6	33	1.7376	1	0
24416	2003	225	23328	19	34.9	1.7378	2.1	0
24416	2003	226	17020.8	19.9	31.3	1.867	2.1	6.9
24416	2003	227	7084.8	17	22.7	2.1276	2.1	11.1
24416	2003	228	22118.4	14.5	27.4	1.5839	0.6	0
24416	2003	229	19440	17.8	29.9	1.8886	0.6	0
24416	2003	230	16761.6	17.9	29.8	2.2723	0.6	10.7
24416	2003	231	15638.4	16.5	24.8	1.7493	0.2	0
24416	2003	232	20649.6	15.7	28.1	1.4688	1	0
24416	2003	233	21945.6	15.9	28.4	1.5712	1	0
24416	2003	234	18489.6	18.4	28	1.7595	0.6	0
24416	2003	235	22204.8	16.3	28.9	1.5326	1	0
24416	2003	236	22377.6	13.8	27.6	1.511	1	0
24416	2003	237	20044.8	13.8	25	1.5293	1.5	0
24416	2003	238	21686.4	11.7	26.9	1.2069	1	0
24416	2003	239	19353.6	14.7	27.4	1.4442	1	0
24416	2003	240	19612.8	14	28.1	1.5687	1.5	0.9
24416	2003	241	9936	16.3	26.8	2.0026	2.1	18.8
24416	2003	242	7862.4	12.9	21	1.6394	1	17
24416	2003	243	4924.8	11.5	15.4	1.4636	0.2	13.8
24416	2003	244	11923.2	9.3	17.2	1.0797	1.5	3.3
24416	2003	245	9158.4	9.8	14.8	1.1004	1	3.3
24416	2003	246	21427.2	5.5	17.4	0.8918	1	0
24416	2003	247	21427.2	5.4	20.8	0.9036	0.6	0
24416	2003	248	21254.4	6.9	22.8	1.1807	0.2	0
24416	2003	249	16070.4	8.7	21.8	1.2288	1	0
24416	2003	250	15033.6	11.8	22.6	1.4108	1	0
24416	2003	251	8985.6	12.8	19.4	1.4071	1	0.9
24416	2003	252	6998.4	14.7	18.5	1.6223	1	20.9
24416	2003	253	8380.8	12.4	18.8	1.3983	1.5	1.2
24416	2003	254	3628.8	9.7	14.8	1.2392	0.6	18.3
24416	2003	255	1728	9.8	12	1.1986	2.1	23
24416	2003	256	3974.4	11.3	14.8	1.3959	1	10.8
24416	2003	257	13910.4	10.4	17.3	1.2017	1	0
24416	2003	258	19008	5.4	19.2	1.0146	1.5	0
24416	2003	259	16934.4	7.4	20	1.2371	0.6	0
24416	2003	260	17625.6	8.6	22.1	1.289	0.6	0
24416	2003	261	17798.4	9.2	23.6	1.4156	1	0
24416	2003	262	17452.8	11.1	25	1.5297	0.6	0
24416	2003	263	17107.2	11.8	26	1.6351	1	0
24416	2003	264	16070.4	12.7	26	1.5694	0.6	0
24416	2003	265	15984	12.5	26.2	1.5694	0.2	0
24416	2003	266	7084.8	11.8	20.4	1.5898	1	26.8
24416	2003	267	5788.8	9.3	13.1	1.143	0.6	0.1
24416	2003	268	17971.2	3.4	16.6	0.9202	1	0
24416	2003	269	17366.4	4.7	20.2	1.0391	1.5	0
24416	2003	270	13651.2	10.4	20.2	1.3196	0.6	0.1
24416	2003	271	15465.6	8.6	20.6	1.3279	1	2.7
24416	2003	272	2246.4	10.9	16	1.4328	0.6	7.4
24416	2003	273	16070.4	5.2	16.8	1.0492	1	0
24416	2003	274	10713.6	5.4	18.1	1.1853	0.6	0.2
24416	2003	275	10195.2	10.8	22.4	1.4714	1	0
24416	2003	276	8380.8	10.5	20.6	1.6232	2.1	11.2
24416	2003	277	3888	12.5	15.5	1.421	1	27
24416	2003	278	2073.6	4.7	13.6	1.0894	2.1	39.2
24416	2003	279	9504	4.5	11.4	0.8762	2.1	0.9
24416	2003	280	2246.4	5.1	8.8	0.8982	1	17.4
24416	2003	281	950.4	2.8	8.2	0.6682	3.2	8.2
24416	2003	282	5011.2	4.6	11.8	0.8912	3.2	19.2
24416	2003	283	5788.8	7.7	14.8	1.1068	2.1	0.2
24416	2003	284	12787.2	9.6	17.3	1.2017	1.5	0
24416	2003	285	2073.6	9.4	12	1.1699	1	0.3
24416	2003	286	6307.2	7.6	12.8	1.0197	1	0
24416	2003	287	6307.2	3.7	11.6	0.7433	1.5	0
24416	2003	288	13392	-1	11.9	0.6749	1.5	0
24416	2003	289	12873.6	-1.3	9.6	0.6081	1.5	0
24416	2003	290	13046.4	-2.5	10.6	0.6283	1	0
24416	2003	291	12787.2	-3.4	12.6	0.6106	1	0
24416	2003	292	11232	-1.1	12.6	0.6615	1	0.1
24416	2003	293	5529.6	2.9	9.4	0.8406	1	1.4
24416	2003	294	2332.8	5.9	9	0.8675	2.1	1
24416	2003	295	2937.6	4.2	7.8	0.8132	1	0.3
24416	2003	296	1987.2	1	5.5	0.6402	2.1	7.8
24416	2003	297	6480	-1.3	1.5	0.5416	1.5	0
24416	2003	298	11577.6	-5.2	5	0.4974	0.2	0
24416	2003	299	9331.2	-3.5	6.1	0.5168	0.2	0
24416	2003	300	10972.8	-4.2	8	0.5325	1.5	0
24416	2003	301	11318.4	-3.7	9.3	0.5304	1.5	0
24416	2003	302	9504	-1.6	12.6	0.6772	1	2.8
24416	2003	303	2678.4	4	8	0.8787	0.6	0.9
24416	2003	304	6134.4	0.7	14.6	0.7119	2.6	0
24416	2003	305	1728	7.5	12.4	0.9905	2.6	13.2
24416	2003	306	6652.8	5.7	11.6	0.93	0.6	0
24416	2003	307	7862.4	1.4	14.9	0.8232	1	0
24416	2003	308	9331.2	3.2	14.9	0.8979	0.6	0
24416	2003	309	9072	0.5	13.1	0.8099	1.5	0
24416	2003	310	3110.4	-0.7	5.5	0.6172	1	0
24416	2003	311	8640	-1.6	9.2	0.6575	1.5	0
24416	2003	312	5788.8	-0.8	15.2	0.7005	0.6	0
24416	2003	313	8380.8	-0.3	14.4	0.834	0.2	0
24416	2003	314	1900.8	1.8	6	0.7348	1.5	0
24416	2003	315	8467.2	1.6	6.5	0.6691	1	0
24416	2003	316	7862.4	-0.6	7.6	0.6437	2.1	0.6
24416	2003	317	604.8	0.8	4.4	0.6997	1	4
24416	2003	318	2764.8	2.3	7	0.7489	0.6	0.2
24416	2003	319	6912	3.4	11.3	0.8308	1.5	0
24416	2003	320	6998.4	0.5	10.2	0.7417	0.6	7.3
24416	2003	321	1814.4	1.4	6.7	0.6691	1.5	1.3
24416	2003	322	2505.6	0.2	7.8	0.6343	1	0
24416	2003	323	7171.2	3.9	13.8	0.9199	0.6	0
24416	2003	324	3024	0.8	7.2	0.7562	0.6	0
24416	2003	325	4406.4	0.9	12	0.781	0.6	0
24416	2003	326	5875.2	1.2	13.2	0.8731	1	0
24416	2003	327	5616	2.2	14.8	0.8762	1	0
24416	2003	328	2851.2	4.7	11.4	0.8929	0.2	0
24416	2003	329	5270.4	1.1	11.4	0.8179	1	0
24416	2003	330	2764.8	2.3	5.5	0.759	1	0
24416	2003	331	1728	2.4	4.8	0.751	0.6	0
24416	2003	332	864	2.4	6	0.7422	1.5	9.1
24416	2003	333	4147.2	2.5	6.4	0.7301	1	0
24416	2003	334	4579.2	-1.9	9	0.6539	1.5	0
24416	2003	335	6220.8	-1.8	12.9	0.7067	0.6	0
24416	2003	336	3715.2	1.2	13.6	0.7307	1.5	0
24416	2003	337	4320	0.2	12.2	0.8435	0.2	0
24416	2003	338	2505.6	2	4.1	0.6844	1	0
24416	2003	339	3456	1.6	4.9	0.6787	0.6	0
24416	2003	340	2246.4	1.2	5.8	0.7301	1.5	8.9
24416	2003	341	6134.4	-2.8	1.7	0.5283	2.1	0
24416	2003	342	6480	-6.9	2.9	0.4063	1	0
24416	2003	343	5961.6	-6.6	5.4	0.4737	0.6	0
24416	2003	344	6134.4	-4.7	11.5	0.3897	2.6	0
24416	2003	345	2937.6	-2.6	5.6	0.5515	0.2	0
24416	2003	346	345.6	-2.3	5.6	0.647	0.6	0.9
24416	2003	347	2332.8	1.4	7.2	0.573	2.6	2.9
24416	2003	348	604.8	3.6	11.2	0.8645	2.1	10.8
24416	2003	349	2160	-0.5	5.5	0.5412	3.8	5.1
24416	2003	350	1296	-0.8	2.4	0.5568	5.9	2.3
24416	2003	351	2505.6	-0.9	3	0.5933	0.6	0
24416	2003	352	5529.6	-5.6	0.2	0.461	1.5	0
24416	2003	353	5616	-5.9	3.8	0.4867	0.6	0
24416	2003	354	4579.2	1.2	7.4	0.6394	1.5	0
24416	2003	355	1555.2	0.8	8.4	0.5936	3.2	2.5
24416	2003	356	2073.6	-0.2	6.8	0.5882	2.6	5.2
24416	2003	357	4406.4	-9.5	-0.1	0.321	1.5	0
24416	2003	358	6566.4	-12.2	-5.1	0.2196	1	0
24416	2003	359	5356.8	-12.6	-0.9	0.2619	1	0
24416	2003	360	4320	-8.6	2	0.3929	0.6	0
24416	2003	361	2592	-4.7	3.2	0.457	0.2	0
24416	2003	362	1814.4	-4.8	10.8	0.4471	2.1	3.3
24416	2003	363	3110.4	0	10.1	0.8051	1	1.9
24416	2003	364	1296	-1.9	1.5	0.542	1	2.5
24416	2003	365	1641.6	0.3	1.4	0.6238	1	5.7
