*---------------------------------------------------------------------------*
* Station name: INNSBRUCK-UNIV.                         
* Year: 2013
* Author: Pedro Alencar                                   -999.000: NIL VALUE
* Source: ECAD 
* Comments: 
* Longitude: 47.2594, latitude: 47.2594, altitude: 578 m.
*
* Column  Daily value
* 1       station number
* 2       year
* 3       day
* 4       irradiation                   (kJ m-2 d-1)
* 5       minimum temperature           (degrees Celsius)
* 6       maximum temperature           (degrees Celsius)
* 7       early morning vapour pressure (kPa)
* 8       mean wind speed (height: 2 m) (m s-1)
* 9       precipitation                 (mm d-1)
*
** WCCDESCRIPTION=GERMANY, INNSBRUCK-UNIV.                         
** WCCFORMAT=2
** WCCYEARNR=2013
*---------------------------------------------------------------------------*
   47.2594  11.3842    578.  -0.18 -0.55
24697	2013	1	4060.8	-0.7	6.5	0.5267	2.1	0.1
24697	2013	2	3715.2	0.5	4.4	0.634	1.5	0.5
24697	2013	3	2505.6	-3.1	3.6	0.448	1	6.2
24697	2013	4	1468.8	0.7	4.8	0.7221	0.6	15
24697	2013	5	432	3.4	5	0.7999	1.5	25.4
24697	2013	6	3024	3.3	6.9	0.8079	0.6	0.8
24697	2013	7	2246.4	3.2	5.7	0.7637	1	0
24697	2013	8	5616	1.4	8.9	0.7138	1	0
24697	2013	9	4838.4	-0.3	6.5	0.6487	1	0
24697	2013	10	2592	-0.8	3.2	0.5864	1	4.9
24697	2013	11	4320	0.3	3.6	0.6329	1.5	1
24697	2013	12	5529.6	-0.4	4.2	0.5886	1.5	0.1
24697	2013	13	4233.6	-3.2	1.6	0.4842	1.5	2.2
24697	2013	14	2937.6	-2.1	1	0.5342	1	2.9
24697	2013	15	5788.8	-1.8	2.1	0.5127	2.1	4
24697	2013	16	1814.4	-2.7	-0.9	0.4981	1	2.5
24697	2013	17	2592	-3.9	-1.6	0.4193	1.5	0.4
24697	2013	18	4233.6	-6.8	-2.1	0.3516	1	0.2
24697	2013	19	6480	-9.8	3.2	0.3689	1.5	0
24697	2013	20	5961.6	0.4	7	0.6369	5.2	0
24697	2013	21	1555.2	-1.1	3.7	0.6242	1.5	3.4
24697	2013	22	5875.2	-0.1	4.8	0.6222	1.5	0.8
24697	2013	23	8726.4	-3.5	4.4	0.4608	1.5	0
24697	2013	24	8208	-6.7	2.3	0.39	1	0.1
24697	2013	25	2332.8	-2.5	-0.1	0.4723	2.6	0.2
24697	2013	26	9158.4	-8.1	1.3	0.3329	1	0
24697	2013	27	7603.2	-8.2	3.7	0.3367	1	0
24697	2013	28	2764.8	-0.9	2.8	0.589	1	1.3
24697	2013	29	4233.6	-1.6	4.5	0.5767	1.5	3.1
24697	2013	30	5961.6	0	7.5	0.743	0.6	1.6
24697	2013	31	8035.2	-0.3	10.8	0.5857	1	0
24697	2013	32	2073.6	3.6	10.8	0.8934	2.1	2.9
24697	2013	33	1468.8	0.8	5.6	0.7147	2.6	7.5
24697	2013	34	4406.4	-1.9	2.1	0.5354	1.5	9.3
24697	2013	35	2073.6	-1.3	2.4	0.6104	1.5	4.7
24697	2013	36	5356.8	-1.1	4.9	0.6446	2.1	5.4
24697	2013	37	9590.4	-0.1	5.5	0.5786	1.5	1
24697	2013	38	5616	-1.5	3.1	0.5568	2.1	0
24697	2013	39	7776	-4.7	1.8	0.4561	2.6	2.8
24697	2013	40	8899.2	-5.5	1.3	0.3929	1	0.1
24697	2013	41	11836.8	-9.3	-0.5	0.2804	0.6	0
24697	2013	42	6307.2	-10	3.3	0.2721	2.6	0
24697	2013	43	3283.2	-4.7	2.9	0.515	2.1	3.7
24697	2013	44	7344	-3.8	0.6	0.4076	1.5	0.1
24697	2013	45	11404.8	-6.5	2.8	0.3895	1	0
24697	2013	46	7257.6	-5.5	3.2	0.4831	1.5	1.7
24697	2013	47	5184	-0.1	3.8	0.6004	0.6	0.2
24697	2013	48	10540.8	0	5.9	0.5361	2.1	0
24697	2013	49	12960	-3.1	5.7	0.4161	1.5	0
24697	2013	50	10022.4	-6.4	5.1	0.3671	1.5	1.3
24697	2013	51	5529.6	-1	3.1	0.5076	2.1	0.3
24697	2013	52	5961.6	-3.2	0	0.3968	3.2	0.7
24697	2013	53	10972.8	-5.7	-0.1	0.3505	3.2	0.3
24697	2013	54	11404.8	-7.2	0.7	0.3078	2.1	3.1
24697	2013	55	3888	-5.3	-1.9	0.4076	1	0.4
24697	2013	56	13046.4	-7.3	3.5	0.3987	2.1	0
24697	2013	57	7862.4	-5.5	4.7	0.4451	1.5	0
24697	2013	58	12096	-1.7	7.6	0.5814	1.5	0
24697	2013	59	14342.4	0.3	11.5	0.687	2.1	0
24697	2013	60	14342.4	-0.7	12.2	0.6707	1.5	0
24697	2013	61	11836.8	0.1	7.7	0.5894	2.1	0
24697	2013	62	15120	-3.9	11	0.5357	2.1	0
24697	2013	63	16156.8	-3.7	13.7	0.5233	1.5	0
24697	2013	64	11577.6	0.3	13.8	0.4622	7.5	0
24697	2013	65	7344	2.5	15.5	0.6425	3.2	0
24697	2013	66	14169.6	6.2	18.1	0.849	5.2	0
24697	2013	67	15552	4	17.7	0.8051	3.2	1.6
24697	2013	68	7862.4	7.2	13.8	1.0276	1.5	0.8
24697	2013	69	15292.8	5.7	15.5	0.8684	2.1	0.2
24697	2013	70	12268.8	3.8	14.5	0.8344	2.6	10.3
24697	2013	71	14947.2	3.9	15.9	0.7922	1	0
24697	2013	72	4838.4	1.9	10.6	0.7799	3.8	2
24697	2013	73	8985.6	-2.6	2	0.3766	2.1	0
24697	2013	74	10540.8	-4.1	1.8	0.3595	2.1	0
24697	2013	75	18662.4	-7.2	8.2	0.3358	2.1	0
24697	2013	76	14601.6	-0.8	8.3	0.4235	5.9	0
24697	2013	77	5961.6	3.7	10.3	0.701	2.1	0.5
24697	2013	78	18748.8	1	12.2	0.5748	2.1	0
24697	2013	79	10886.4	-1.4	12.6	0.6365	3.2	1
24697	2013	80	14947.2	2.4	11.3	0.6938	2.1	0
24697	2013	81	19612.8	-1.6	14	0.616	3.2	0
24697	2013	82	14860.8	0.8	11.3	0.6472	3.8	0
24697	2013	83	9244.8	-0.5	7.5	0.5574	3.8	0
24697	2013	84	6912	-0.9	4.6	0.5795	3.8	6.3
24697	2013	85	5097.6	-3.7	-0.9	0.4903	2.6	5.2
24697	2013	86	20476.8	-5.6	6.1	0.4729	2.6	0
24697	2013	87	14774.4	-3.3	11.1	0.5087	4.5	0
24697	2013	88	13132.8	3.4	11.6	0.8083	2.6	0.6
24697	2013	89	4579.2	2.7	6.6	0.7744	1	10.6
24697	2013	90	7084.8	1.6	5.5	0.646	2.1	0.8
24697	2013	91	21600	-0.7	10	0.5787	3.2	0
24697	2013	92	18662.4	-1.2	12.8	0.6546	3.8	0
24697	2013	93	15984	2.1	9.7	0.6591	3.2	0
24697	2013	94	19180.8	-1.4	15.4	0.6809	3.2	0
24697	2013	95	7689.6	3.3	9.4	0.7852	3.8	0.3
24697	2013	96	12787.2	2.2	10.8	0.7353	3.2	0.1
24697	2013	97	4665.6	2.2	5.7	0.6563	1.5	0.2
24697	2013	98	14774.4	-1.6	14.8	0.5845	2.6	0.2
24697	2013	99	17625.6	3.6	14.8	0.7675	3.2	0
24697	2013	100	18921.6	2.9	15.8	0.6695	2.1	0.1
24697	2013	101	14515.2	6.4	18.8	0.9036	4.5	0
24697	2013	102	6134.4	8	14.3	1.1127	3.2	7.5
24697	2013	103	23846.4	5.9	18.7	0.8717	1.5	0
24697	2013	104	22809.6	4.4	23.5	0.8435	1.5	0
24697	2013	105	23846.4	6.5	26.2	1.0212	2.1	0
24697	2013	106	12873.6	11.4	22.2	1.2036	1.5	0
24697	2013	107	20390.4	11.6	24.5	1.261	2.6	0
24697	2013	108	19440	9.2	27	1.2028	1.5	0
24697	2013	109	1728	7.9	21.4	1.5653	2.6	27.7
24697	2013	110	5356.8	3.6	10	0.8593	1	0
24697	2013	111	22636.8	4.8	22.5	1.0145	3.2	0.6
24697	2013	112	9676.8	8.6	15.3	1.0334	3.8	0
24697	2013	113	23328	9.6	20.6	1.0456	3.2	0
24697	2013	114	25574.4	7.3	24.7	0.9442	2.1	0
24697	2013	115	25660.8	7.6	26.2	0.9805	1.5	0
24697	2013	116	20736	8.7	24.6	1.0787	4.5	0
24697	2013	117	18230.4	15.3	20.8	1.1163	3.8	0
24697	2013	118	23846.4	9.3	22.4	1.187	4.5	0
24697	2013	119	9244.8	9.7	18.7	1.294	3.8	0
24697	2013	120	14083.2	9.6	22.3	1.1584	4.5	0
24697	2013	121	18403.2	9.9	26.2	1.4057	2.6	1
24697	2013	122	13478.4	12.3	21.7	1.5866	1.5	2.8
24697	2013	123	22809.6	11.5	24.4	1.3558	3.2	0.1
24697	2013	124	16675.2	11.2	20.4	1.3625	1.5	1.8
24697	2013	125	24364.8	7.9	22	1.0526	3.2	0
24697	2013	126	18748.8	9.1	22.5	1.2011	2.6	9.8
24697	2013	127	9417.6	12.6	18.1	1.4457	2.1	1.4
24697	2013	128	24364.8	11.1	24.4	1.278	2.6	0
24697	2013	129	22982.4	10.9	26.7	1.1483	1.5	0.2
24697	2013	130	3456	11.4	22.7	1.7663	1.5	16.6
24697	2013	131	10022.4	8.8	13.4	1.0826	2.1	6.7
24697	2013	132	13305.6	8.4	15.5	1.1033	3.8	2.4
24697	2013	133	15379.2	5.5	15.1	0.8638	2.1	0
24697	2013	134	27734.4	5.6	25	0.9897	2.6	0
24697	2013	135	21859.2	10.3	23.6	0.9837	2.6	0
24697	2013	136	21081.6	15.8	22.4	1.1258	2.1	1.3
24697	2013	137	14256	12.1	19.1	1.2567	3.2	1.8
24697	2013	138	28684.8	8.8	21.1	0.9337	3.8	0
24697	2013	139	18662.4	13.8	22.7	1.256	3.2	0.6
24697	2013	140	21081.6	8.3	18.3	0.9459	3.8	0.2
24697	2013	141	19872	7.9	19.6	0.9897	2.6	12.4
24697	2013	142	13737.6	7.2	16.7	0.9357	1.5	0.2
24697	2013	143	24278.4	6.9	16.8	0.874	2.6	1.6
24697	2013	144	9417.6	4.4	12.1	0.9051	1.5	3.7
24697	2013	145	11491.2	4.6	11.2	0.7348	2.1	0.7
24697	2013	146	14428.8	5.1	14.3	0.7576	2.1	0
24697	2013	147	17971.2	7.5	19.9	0.9552	2.6	0
24697	2013	148	22982.4	5.8	24	0.9307	3.2	0
24697	2013	149	5529.6	7.5	18.4	1.3421	2.1	12.1
24697	2013	150	8985.6	7.1	11.9	1.0323	2.1	5.3
24697	2013	151	5788.8	7.1	12.3	1.0462	2.1	22.7
24697	2013	152	7776	6.4	14.1	1.1728	1.5	41.1
24697	2013	153	5443.2	8.9	11	1.1495	2.6	18.8
24697	2013	154	11145.6	6.5	14.1	0.9764	2.1	0.2
24697	2013	155	19180.8	6.2	17	1.0099	3.2	0
24697	2013	156	27388.8	8.1	24.8	1.1211	3.2	0
24697	2013	157	25833.6	9.3	25.2	1.1401	2.6	0
24697	2013	158	28857.6	9.8	26.8	1.1549	3.2	0
24697	2013	159	28684.8	11.3	28.9	1.2918	1.5	0
24697	2013	160	15638.4	13.5	25.5	1.3352	3.2	0
24697	2013	161	11232	11.4	18.8	1.337	3.2	1.8
24697	2013	162	16934.4	11.1	22.2	1.2301	1	2.4
24697	2013	163	23241.6	12.4	24.1	1.2351	1.5	0
24697	2013	164	29721.6	10.3	30.5	1.2441	2.1	0
24697	2013	165	21340.8	15.7	26.3	1.837	3.2	1.6
24697	2013	166	20390.4	14.2	26.1	1.6963	2.6	6.7
24697	2013	167	24537.6	15.9	29.4	1.8941	2.1	0
24697	2013	168	29116.8	16.4	35.1	1.6854	2.1	0
24697	2013	169	25833.6	18.4	34.5	1.7909	2.1	0
24697	2013	170	27820.8	18.1	34.8	1.7909	3.8	0
24697	2013	171	28598.4	19.7	34.4	1.7837	3.8	0.1
24697	2013	172	25833.6	18.5	29.9	1.778	5.2	0
24697	2013	173	19440	17.7	25.7	1.9692	3.2	2.3
24697	2013	174	19872	14.5	25.8	1.7905	3.2	38.4
24697	2013	175	7171.2	7.4	14.6	1.1673	1.5	8.1
24697	2013	176	15552	10.1	17.1	1.1202	2.6	1.1
24697	2013	177	15379.2	10	17.4	1.0178	2.6	0
24697	2013	178	18662.4	7	18.5	0.9273	1.5	0.8
24697	2013	179	12873.6	9.5	16.5	1.0772	1	6.6
24697	2013	180	11923.2	9.2	14.9	1.2652	1	7.9
24697	2013	181	20131.2	11.5	21.1	1.2585	2.6	0
24697	2013	182	29289.6	9.5	27	1.256	2.6	0
24697	2013	183	25056	12.6	29.2	1.6037	1.5	4
24697	2013	184	13651.2	13.4	23.9	1.6312	2.1	6.5
24697	2013	185	24969.6	13.9	26.1	1.6106	2.1	2.4
24697	2013	186	16502.4	16.3	25.9	1.7983	2.6	0
24697	2013	187	23846.4	15.3	27.2	1.5629	4.5	0
24697	2013	188	26697.6	14.7	28.5	1.5967	3.8	0
24697	2013	189	23846.4	16.9	28.5	1.8723	2.6	0
24697	2013	190	21945.6	16.5	29.1	1.9945	1.5	0
24697	2013	191	25401.6	16.7	28.5	1.6968	2.6	0
24697	2013	192	27302.4	15.5	27.3	1.5773	4.5	0
24697	2013	193	27907.2	13.3	26.3	1.3602	4.5	0
24697	2013	194	27734.4	12.1	27.6	1.3182	3.8	0
24697	2013	195	28080	12.8	28.6	1.3892	2.6	0
24697	2013	196	26870.4	14.3	28.8	1.4634	3.2	0
24697	2013	197	28252.8	13.9	30.7	1.4512	2.6	0
24697	2013	198	27734.4	14.7	31.6	1.6127	3.8	0.4
24697	2013	199	20563.2	17.6	30.7	2.2835	1.5	6
24697	2013	200	23846.4	14.9	30	1.7628	2.1	0
24697	2013	201	27388.8	15.6	31.6	1.6279	3.2	0
24697	2013	202	25574.4	16.7	32	1.7028	2.6	0
24697	2013	203	25574.4	16.5	33.3	1.6339	1.5	0
24697	2013	204	26784	16.9	33.7	1.5123	1.5	3.9
24697	2013	205	17712	17.2	30.4	1.9124	2.1	11.7
24697	2013	206	26784	15.7	30.8	1.6224	2.1	0
24697	2013	207	24796.8	17.2	34.4	1.6904	2.1	0.2
24697	2013	208	22377.6	17.3	36.2	1.9629	2.6	0.8
24697	2013	209	22291.2	17.5	35.5	1.4853	3.2	0
24697	2013	210	14515.2	15.7	32.1	2.1903	2.1	10.6
24697	2013	211	20563.2	13.2	25.9	1.4074	1.5	0
24697	2013	212	26784	13.2	30.2	1.2955	3.2	0
24697	2013	213	27561.6	15	34.9	1.2606	2.1	0
24697	2013	214	26784	16.3	37.4	1.2341	2.1	0
24697	2013	215	22896	18.5	36.1	1.4118	2.6	1.1
24697	2013	216	20908.8	16.6	30.8	2.2519	2.6	3.8
24697	2013	217	23414.4	16.1	34.7	2.2011	2.1	9.8
24697	2013	218	22809.6	18	35.5	1.6825	2.6	0
24697	2013	219	14947.2	18	32.7	1.1296	1.5	0.3
24697	2013	220	17107.2	20.7	31.7	1.4593	3.8	0
24697	2013	221	6134.4	16.2	28	2.2567	1	34.7
24697	2013	222	21254.4	13.6	25	1.341	2.1	0
24697	2013	223	23846.4	12.1	26.8	1.2859	3.2	0
24697	2013	224	23846.4	14.7	29.4	1.5352	2.6	2.6
24697	2013	225	12182.4	15.7	23.5	1.7078	2.6	1.1
24697	2013	226	19785.6	14.8	23.3	1.1663	2.6	0
24697	2013	227	24537.6	12.3	26.5	1.147	2.6	0
24697	2013	228	24192	12	29.9	1.2374	2.6	0
24697	2013	229	19440	16.1	30.5	1.3418	2.1	0
24697	2013	230	17625.6	16.6	30.3	1.5845	2.1	5.8
24697	2013	231	5356.8	16.1	24.2	2.0496	2.6	29
24697	2013	232	11491.2	13	20.7	1.3991	1	0.1
24697	2013	233	23760	11.4	24.5	1.2531	2.6	0
24697	2013	234	23328	10.8	26.6	1.3134	2.6	0
24697	2013	235	16934.4	12.8	26.4	1.5256	1.5	0.6
24697	2013	236	18403.2	12.1	27.6	1.7113	2.1	25.5
24697	2013	237	12528	12.6	20.6	1.4525	2.1	5.2
24697	2013	238	14428.8	13.5	21.3	1.3692	2.6	0
24697	2013	239	11664	13.9	21.2	1.6426	1.5	10.6
24697	2013	240	10886.4	12.8	20.4	1.3582	1.5	0.1
24697	2013	241	21340.8	10.3	23.9	1.1293	1.5	0
24697	2013	242	21340.8	10	25.8	1.1673	2.6	0
24697	2013	243	20649.6	11.4	25.8	1.2196	1	0.4
24697	2013	244	10108.8	14.5	20.8	1.6127	1.5	3
24697	2013	245	9676.8	12.4	19.7	1.3115	1	0
24697	2013	246	22723.2	12.6	27.9	1.3275	1.5	0
24697	2013	247	21686.4	12	28.1	1.4517	1.5	0
24697	2013	248	21340.8	13.4	29.4	1.4755	2.1	0
24697	2013	249	20217.6	14.6	30.3	1.5729	2.1	0.1
24697	2013	250	19526.4	14.6	29.1	1.7781	1	0
24697	2013	251	12441.6	16.8	25.3	1.5936	4.5	11.1
24697	2013	252	9936	12.7	21.2	1.5044	1.5	2
24697	2013	253	9417.6	7.8	18.3	1.2158	2.6	12
24697	2013	254	16243.2	8.4	19.4	1.0311	1.5	0.1
24697	2013	255	10972.8	8.7	18.1	1.1825	1.5	10.6
24697	2013	256	6825.6	8.1	13.9	1.1541	0.6	4.2
24697	2013	257	10281.6	7.4	18.3	1.126	1	0
24697	2013	258	8380.8	10.4	19	1.303	1.5	0.6
24697	2013	259	4665.6	12.5	16.1	1.4978	0.6	16.9
24697	2013	260	14428.8	6.9	16.6	0.951	1.5	10.7
24697	2013	261	13046.4	6	18.1	1.1809	3.2	8
24697	2013	262	12355.2	9.5	16.7	1.1144	1.5	0.1
24697	2013	263	16156.8	7.4	20.4	1.1105	1	0
24697	2013	264	18576	8.2	20.8	1.1544	2.1	0
24697	2013	265	15033.6	6.9	20.3	1.089	1	0
24697	2013	266	18230.4	6.7	22.4	1.2078	1.5	0
24697	2013	267	17798.4	7.1	23.4	1.1769	1	0
24697	2013	268	17625.6	6.7	24.5	1.1151	1	0.5
24697	2013	269	4406.4	11.3	16.5	1.4436	0.6	5.4
24697	2013	270	4665.6	13.2	17.4	1.6321	1	9.7
24697	2013	271	12528	12.7	22.3	1.6375	1.5	0.1
24697	2013	272	9158.4	12.2	18.6	1.4504	3.2	10.3
24697	2013	273	2160	9.5	12.3	1.2117	2.6	0.7
24697	2013	274	6566.4	9.5	14.9	1.1784	2.6	0
24697	2013	275	14688	8.8	17.6	1.1217	3.2	0
24697	2013	276	15033.6	5.4	20.8	1.0993	1.5	0
24697	2013	277	5875.2	10.3	17	1.3891	1.5	2.2
24697	2013	278	4320	10.7	16.1	1.3974	1.5	5.7
24697	2013	279	12787.2	12.1	20.4	1.4206	1.5	0
24697	2013	280	14256	13.2	20.8	1.4511	3.2	0
24697	2013	281	10886.4	11.2	19.4	1.3022	2.6	0
24697	2013	282	4838.4	11.9	15.7	1.2294	1.5	0
24697	2013	283	3110.4	4.3	13.9	1.0626	1.5	61
24697	2013	284	7171.2	0.2	6.7	0.7275	1	2.3
24697	2013	285	13305.6	1.9	13.7	0.7509	1.5	1.6
24697	2013	286	14515.2	3.4	16.3	0.8867	1.5	0
24697	2013	287	9849.6	2.7	16.3	0.8543	2.1	0
24697	2013	288	10972.8	3.1	16.8	0.8805	2.1	12.8
24697	2013	289	10281.6	5.3	12.4	0.9767	2.6	0.5
24697	2013	290	13219.2	4.5	17.4	1.0327	1.5	0
24697	2013	291	13219.2	2	17.1	0.8572	1	0
24697	2013	292	11664	2.3	18.5	0.8443	2.6	0
24697	2013	293	8812.8	6.8	20.8	0.9299	3.2	0
24697	2013	294	11664	7.6	21.4	0.973	2.6	0
24697	2013	295	8812.8	8.4	22.5	0.9992	4.5	0
24697	2013	296	5011.2	11.8	23.1	1.2342	2.6	18.7
24697	2013	297	11404.8	10.3	18.6	1.348	1	0
24697	2013	298	10281.6	8.4	20.2	1.107	3.2	0
24697	2013	299	10800	6.8	21.2	1.2135	1.5	0
24697	2013	300	9590.4	9	20.5	1.2402	2.6	0
24697	2013	301	9676.8	9.1	22.2	1.1186	3.8	0
24697	2013	302	3196.8	8	18.4	1.2884	1.5	7.1
24697	2013	303	4924.8	8	11	1.0086	2.6	4.1
24697	2013	304	8899.2	5.8	14.5	0.9667	1	0
24697	2013	305	6652.8	5.2	13.6	0.99	1	0
24697	2013	306	6307.2	8.2	19	0.9335	3.2	2.5
24697	2013	307	2246.4	5.2	15.8	1.1798	2.6	7.6
24697	2013	308	6134.4	3.7	13.9	0.7923	3.2	1.1
24697	2013	309	7344	4.6	11.1	0.8278	1.5	1.4
24697	2013	310	777.6	4.2	7.1	0.885	0.6	10.5
24697	2013	311	8035.2	3.6	13	0.9848	1.5	0
24697	2013	312	8121.6	3.8	15.2	0.9492	1.5	4.7
24697	2013	313	2419.2	5.9	9.9	0.969	2.1	4.6
24697	2013	314	5270.4	3.9	8.9	0.7399	1.5	10.5
24697	2013	315	5702.4	1.3	7.5	0.7108	1.5	0.3
24697	2013	316	8726.4	-1	8.9	0.6482	1	0
24697	2013	317	1209.6	0.5	4.8	0.6209	2.1	0
24697	2013	318	2764.8	1.7	5.5	0.6878	1.5	10
24697	2013	319	2678.4	1	4.9	0.6796	1	0
24697	2013	320	1382.4	0.4	3.4	0.6306	1	0
24697	2013	321	2505.6	1.6	4.7	0.6816	1	0
24697	2013	322	6825.6	1.1	10.9	0.7478	2.6	0
24697	2013	323	2764.8	2.9	9	0.7825	2.6	1
24697	2013	324	1641.6	4.2	7.3	0.7993	1	3.7
24697	2013	325	4492.8	1.4	6.8	0.7042	2.6	0.4
24697	2013	326	6912	1.4	8.2	0.688	1.5	0.4
24697	2013	327	518.4	-0.6	1.7	0.5786	0.6	14.2
24697	2013	328	1728	0.2	2.5	0.6669	1	5.1
24697	2013	329	7603.2	-3.1	2.4	0.4348	2.1	0.5
24697	2013	330	4320	-3.8	0.3	0.4408	1.5	0.4
24697	2013	331	6912	-4.7	-0.3	0.3814	1.5	0
24697	2013	332	4320	-8.5	-1.1	0.3253	1	0
24697	2013	333	6048	-6.3	2.6	0.4215	1	0.5
24697	2013	334	4752	-1.5	4	0.5952	0.6	0.4
24697	2013	335	6566.4	-2.6	2.8	0.4185	1	0
24697	2013	336	6220.8	-6.9	1.1	0.3949	1	0
24697	2013	337	6048	-6.9	5.4	0.4628	1	0
24697	2013	338	6393.6	-5.6	6.9	0.4996	1	0
24697	2013	339	4406.4	-2.5	3.9	0.5271	1.5	0.4
24697	2013	340	3628.8	-2.2	9.5	0.3808	4.5	0.1
24697	2013	341	1728	0.1	4.9	0.4607	1.5	0
24697	2013	342	6480	-4.4	5.5	0.4578	1	0
24697	2013	343	4752	-5.4	2.9	0.4183	1	0
24697	2013	344	5616	-1.5	8.2	0.536	0.6	0
24697	2013	345	5875.2	-3.3	8.3	0.5558	1	0
24697	2013	346	5702.4	-4	7.4	0.5042	0.6	0
24697	2013	347	5702.4	-4.6	6.5	0.4843	1	0
24697	2013	348	5443.2	-5.5	4.8	0.4229	1	0.5
24697	2013	349	4492.8	-1.7	4.1	0.5731	1	0
24697	2013	350	5702.4	-4.2	7.2	0.5243	1.5	0
24697	2013	351	5097.6	-4	7.8	0.5255	1	0
24697	2013	352	2851.2	-4.2	3.2	0.4713	1	0
24697	2013	353	2246.4	-3.3	10.4	0.4412	4.5	0
24697	2013	354	3283.2	1.1	8.5	0.602	3.2	0.1
24697	2013	355	5356.8	-1	7.9	0.6336	1	0
24697	2013	356	2678.4	0.6	7.2	0.5975	2.1	0
24697	2013	357	5356.8	-0.9	8.5	0.6254	1.5	0
24697	2013	358	5184	-0.4	12.5	0.544	6.7	0
24697	2013	359	3196.8	11.4	13.7	0.6828	5.2	3.2
24697	2013	360	1468.8	4.4	12.7	0.8569	2.1	7.2
24697	2013	361	4924.8	1.8	7.3	0.7014	2.1	0.1
24697	2013	362	5788.8	0.3	12.1	0.5687	6.7	2.2
24697	2013	363	1468.8	2.7	10.4	0.9029	1.5	2
24697	2013	364	6048	-0.7	5.1	0.5655	1.5	0
24697	2013	365	5875.2	-4.4	3.4	0.4124	1.5	0
