*---------------------------------------------------------------------------*
* Station name: INNSBRUCK-UNIV.                         
* Year: 1990
* Author: Pedro Alencar                                   -999.000: NIL VALUE
* Source: ECAD 
* Comments: 
* Longitude: 47.2594, latitude: 47.2594, altitude: 578 m.
*
* Column  Daily value
* 1       station number
* 2       year
* 3       day
* 4       irradiation                   (kJ m-2 d-1)
* 5       minimum temperature           (degrees Celsius)
* 6       maximum temperature           (degrees Celsius)
* 7       early morning vapour pressure (kPa)
* 8       mean wind speed (height: 2 m) (m s-1)
* 9       precipitation                 (mm d-1)
*
** WCCDESCRIPTION=GERMANY, INNSBRUCK-UNIV.                         
** WCCFORMAT=2
** WCCYEARNR=1990
*---------------------------------------------------------------------------*
   47.2594  11.3842    578.  -0.18 -0.55
24697	1990	1	6048	-10.6	0.7	0.3089	1	0
24697	1990	2	5616	-10.7	0.6	0.2982	1	0
24697	1990	3	5529.6	-8.7	1.7	0.3493	0.6	0
24697	1990	4	5616	-10.1	1.3	0.322	1	0
24697	1990	5	4406.4	-10.4	0.2	0.2887	1	1.3
24697	1990	6	2073.6	-3	0.2	0.524	1	0
24697	1990	7	6393.6	-7.9	1.1	0.3852	1	0
24697	1990	8	5875.2	-11.3	-0.5	0.2992	1	0
24697	1990	9	5961.6	-11.4	-0.8	0.2869	1	0
24697	1990	10	5875.2	-11.7	-0.2	0.2941	1	0
24697	1990	11	6134.4	-11.2	1.1	0.3024	1	0
24697	1990	12	6048	-11	1.4	0.3082	1.5	0
24697	1990	13	6220.8	-11.3	1.3	0.3035	1	0
24697	1990	14	6393.6	-11.5	1.5	0.2993	1	0
24697	1990	15	6825.6	-11.1	1.5	0.2953	1	0
24697	1990	16	2764.8	-7.3	3.9	0.3993	1	0
24697	1990	17	6220.8	-4.6	7.9	0.5437	1	0
24697	1990	18	3628.8	-3.2	5.4	0.5954	1.5	0.7
24697	1990	19	6739.2	-2.1	3.8	0.5068	1.5	0
24697	1990	20	2332.8	-6.6	1.4	0.3533	1	0
24697	1990	21	4492.8	-0.1	7.5	0.621	1	0
24697	1990	22	7084.8	-4.6	7.2	0.4832	0.6	0
24697	1990	23	7084.8	-5.8	9	0.4046	2.6	0
24697	1990	24	3628.8	0.4	10.6	0.4876	2.6	0
24697	1990	25	5875.2	1.7	11.6	0.567	6.7	0
24697	1990	26	1814.4	2.2	10.6	0.8264	3.2	0
24697	1990	27	6480	-3.4	5.4	0.4335	1.5	0
24697	1990	28	5011.2	1	12.6	0.4939	5.2	1.3
24697	1990	29	5702.4	2	10.8	0.7976	2.1	0
24697	1990	30	5616	-1	9.5	0.6289	2.1	0
24697	1990	31	6825.6	-0.9	13.3	0.5307	7.5	0
24697	1990	32	5011.2	1.3	12	0.5377	3.2	0
24697	1990	33	3196.8	0.2	9.4	0.688	3.8	4.8
24697	1990	34	8380.8	0.3	11.6	0.5217	3.8	0
24697	1990	35	8985.6	-0.5	11.7	0.5364	1.5	0
24697	1990	36	9158.4	-2.6	11.6	0.48	1.5	0
24697	1990	37	9763.2	-3.6	15.3	0.4441	3.2	0
24697	1990	38	9244.8	-2.1	14.3	0.48	1.5	0
24697	1990	39	5529.6	0.7	11.6	0.5573	1	1.1
24697	1990	40	7084.8	1.9	9.7	0.5808	1.5	0
24697	1990	41	8899.2	-3.4	9	0.3511	5.9	0
24697	1990	42	2332.8	1.1	8.6	0.7767	2.1	1.9
24697	1990	43	4492.8	-1.6	4.3	0.5321	3.8	1.3
24697	1990	44	518.4	-2.5	1	0.5554	1	27.4
24697	1990	45	1209.6	0.2	2.7	0.6513	2.6	36.4
24697	1990	46	1036.8	0.9	7.2	0.767	1.5	20.1
24697	1990	47	4320	-1.5	3.4	0.5301	1	6.9
24697	1990	48	6480	0	6	0.6365	0.6	0
24697	1990	49	10627.2	-0.2	10.3	0.6914	1.5	0
24697	1990	50	8121.6	-1.6	12.2	0.6144	0.2	0
24697	1990	51	11577.6	-0.7	15.1	0.6903	1	0
24697	1990	52	11750.4	0.3	17.5	0.6951	1.5	0
24697	1990	53	11404.8	0.1	15.8	0.7052	1.5	0
24697	1990	54	11836.8	-0.5	17.8	0.6947	1	0
24697	1990	55	12355.2	-0.3	17.8	0.6768	1	0
24697	1990	56	12528	-0.7	18.4	0.6246	1.5	0
24697	1990	57	6825.6	2.6	15.3	0.6517	7.5	9
24697	1990	58	2073.6	2.3	12.6	0.9707	2.6	9.3
24697	1990	59	1123.2	0.8	3.8	0.6777	2.6	13.4
24697	1990	60	10627.2	1.1	9	0.3851	5.2	0.4
24697	1990	61	9417.6	-1.5	6.2	0.521	3.2	2.7
24697	1990	62	11750.4	-2.2	5.7	0.4021	2.6	0.2
24697	1990	63	14688	-4	9.4	0.4302	1.5	0
24697	1990	64	14688	-3.2	12.6	0.4953	2.1	0
24697	1990	65	12614.4	-3	17.3	0.4553	1.5	0
24697	1990	66	13996.8	1.3	18.5	0.5972	0.6	0
24697	1990	67	12009.6	0.7	18.7	0.6855	0.6	0
24697	1990	68	7948.8	2.5	16.6	0.6786	2.6	0
24697	1990	69	3888	9.2	13.8	0.8676	3.2	0.5
24697	1990	70	15292.8	1	22.5	0.7443	1	0
24697	1990	71	8640	3.2	15.8	0.7831	0.6	0
24697	1990	72	15033.6	3.2	19.8	0.8676	1.5	0
24697	1990	73	12182.4	2.6	17.1	0.8382	2.6	0
24697	1990	74	13651.2	8.3	17.5	1.0256	2.6	0
24697	1990	75	16156.8	3	19.6	0.8161	3.2	0
24697	1990	76	16502.4	1.2	20.7	0.6536	1.5	0
24697	1990	77	16761.6	2.5	21.5	0.6726	2.1	0
24697	1990	78	17193.6	2	20.4	0.6512	2.1	0
24697	1990	79	12528	2.2	18.8	0.7104	0.6	0
24697	1990	80	12787.2	8.6	22.6	1.0266	1	0
24697	1990	81	13305.6	7.3	24.1	0.9619	1	2.2
24697	1990	82	11404.8	8	17.1	1.0605	3.2	1.2
24697	1990	83	16329.6	3.4	19.1	0.8134	1.5	3.2
24697	1990	84	3369.6	2.7	15	1.0448	2.1	5.2
24697	1990	85	3974.4	1.4	3.3	0.6657	2.1	5.5
24697	1990	86	3974.4	0.6	6	0.6811	0.6	3.4
24697	1990	87	10022.4	2.2	11	0.7015	2.1	0.4
24697	1990	88	5702.4	3.8	9	0.7591	1.5	3.5
24697	1990	89	13132.8	3.6	12.3	0.78	3.2	0
24697	1990	90	16502.4	4.2	18.1	0.7815	1.5	0
24697	1990	91	19526.4	2	23.7	0.7111	1	0
24697	1990	92	19440	4.8	19.5	0.6792	5.9	0
24697	1990	93	13046.4	4.5	17.1	0.7377	6.7	5.9
24697	1990	94	5443.2	3.7	13.1	0.8813	2.6	0.5
24697	1990	95	7689.6	3.1	8.7	0.6405	2.1	0
24697	1990	96	9158.4	2.4	12.7	0.759	2.6	0.4
24697	1990	97	3024	4.7	9.3	0.9513	2.6	13.1
24697	1990	98	4665.6	2.3	7.4	0.6818	2.1	1
24697	1990	99	12096	2.8	11.1	0.7085	2.6	0.4
24697	1990	100	9763.2	3.9	11	0.6506	1.5	1.1
24697	1990	101	3196.8	0.4	6.5	0.6962	1.5	17
24697	1990	102	6652.8	0.3	6.5	0.7093	1.5	2
24697	1990	103	21340.8	-1	14.6	0.5729	1.5	0
24697	1990	104	19785.6	0.6	16.4	0.5657	3.8	0
24697	1990	105	8640	4.2	13	0.8375	3.2	5.8
24697	1990	106	14428.8	2.6	12.4	0.6321	2.1	0.1
24697	1990	107	22723.2	1	15.1	0.5164	2.1	3.9
24697	1990	108	19440	3.6	17	0.6885	2.1	2.2
24697	1990	109	20390.4	3.7	12.4	0.7531	1.5	0
24697	1990	110	23414.4	3.4	16	0.6013	1	0
24697	1990	111	20995.2	2.4	18	0.6093	2.6	0
24697	1990	112	22809.6	5.8	19.6	0.7629	4.5	0
24697	1990	113	9331.2	5.1	12.3	0.8657	1.5	0.7
24697	1990	114	15120	6.2	15.6	0.899	2.1	0.1
24697	1990	115	14083.2	6.1	16.3	0.917	2.1	1.1
24697	1990	116	13392	6.9	16.5	0.8242	3.8	0.4
24697	1990	117	9331.2	6.2	15.1	0.8073	2.1	1.1
24697	1990	118	15638.4	6.1	14.3	0.8704	3.2	0
24697	1990	119	23846.4	5	19.5	0.7692	3.8	0
24697	1990	120	20476.8	3.8	21.2	0.7529	2.6	0
24697	1990	121	24710.4	6.6	23.8	0.8798	3.2	0
24697	1990	122	23846.4	8.6	24.8	0.9872	3.8	0
24697	1990	123	23241.6	8.8	24.7	0.9903	4.5	0
24697	1990	124	24192	6.8	24	0.8737	3.8	0
24697	1990	125	25228.8	7.5	26.2	0.9008	2.6	0
24697	1990	126	18144	10	22.6	1.055	2.1	0
24697	1990	127	19785.6	8.2	23.9	0.9654	3.8	8.6
24697	1990	128	19958.4	10.1	22.9	1.3121	1.5	1.7
24697	1990	129	19785.6	9.7	24.3	1.0835	2.1	0
24697	1990	130	22896	11.6	26.7	1.1293	2.6	0
24697	1990	131	17366.4	10.4	23.2	1.0126	2.6	0
24697	1990	132	14774.4	9.9	18.2	1.1533	1.5	1.4
24697	1990	133	23846.4	6.9	25.5	0.9379	2.6	0
24697	1990	134	19872	12.4	23.4	1.372	3.2	3.7
24697	1990	135	18748.8	13	24.4	1.5717	1.5	2.7
24697	1990	136	23760	10.6	26.8	1.1842	2.1	0
24697	1990	137	20649.6	13.6	27.6	1.4533	3.2	0
24697	1990	138	12700.8	11	22.8	1.1344	2.6	0
24697	1990	139	22809.6	8.8	25	1.0575	3.2	0
24697	1990	140	15292.8	11.6	22.5	1.3005	2.6	0.1
24697	1990	141	14774.4	10	25	1.4578	0.6	16.3
24697	1990	142	22032	11.4	23.5	1.1546	1.5	0
24697	1990	143	17712	12.5	25.3	1.1991	2.1	0
24697	1990	144	5443.2	13	19.7	1.6525	2.1	3.5
24697	1990	145	6220.8	10.5	15.2	1.1852	2.1	0.9
24697	1990	146	22204.8	8.9	18.9	0.9042	4.5	0
24697	1990	147	21772.8	10.2	19.8	0.7834	3.8	0
24697	1990	148	20217.6	4.9	19.1	0.8687	2.1	6.1
24697	1990	149	20131.2	5.5	16.3	0.6905	2.6	0
24697	1990	150	26352	2.5	20.9	0.577	3.2	0
24697	1990	151	26265.6	4.4	22.8	0.6067	3.2	0
24697	1990	152	27043.2	6.5	26.8	0.8137	3.2	0
24697	1990	153	14774.4	9.4	25.6	1.3579	3.2	9.2
24697	1990	154	21513.6	9.4	20.5	0.9507	2.6	3.4
24697	1990	155	13132.8	10.6	20	1.389	2.1	5.4
24697	1990	156	19267.2	10.9	21.8	1.114	2.6	8.8
24697	1990	157	6998.4	11.9	17.6	1.3743	1.5	3.8
24697	1990	158	15292.8	11.7	22	1.3799	1.5	12.6
24697	1990	159	8035.2	11.1	15	1.2909	1.5	5.7
24697	1990	160	10195.2	8.8	15.3	1.223	2.6	6.8
24697	1990	161	12268.8	7	15.9	0.8918	2.1	1.4
24697	1990	162	23328	8.6	18.9	0.974	3.8	0
24697	1990	163	11145.6	8.9	16.7	1.1666	1	7.3
24697	1990	164	10713.6	11	16.1	1.1785	1.5	5.7
24697	1990	165	16416	11.1	20.8	1.2489	2.1	0.4
24697	1990	166	12528	9.7	19.3	1.3688	0.6	2.1
24697	1990	167	24451.2	10.5	22.6	1.0718	3.2	0
24697	1990	168	26352	10.5	26.2	1.0743	2.6	0
24697	1990	169	15033.6	11.9	24.6	1.6328	1.5	1.8
24697	1990	170	27302.4	11.4	29.5	1.128	2.6	0
24697	1990	171	23587.2	14.4	27.9	1.2026	5.2	20.2
24697	1990	172	24192	12.1	23.6	1.184	3.2	0
24697	1990	173	15379.2	13.7	24.7	1.4216	3.8	1.1
24697	1990	174	5788.8	11.8	15.4	1.1357	2.6	0
24697	1990	175	19526.4	8.4	23.6	1.0531	2.1	0
24697	1990	176	27129.6	10.8	28.8	1.1758	3.8	0
24697	1990	177	26006.4	13	32	1.4145	2.1	0
24697	1990	178	21945.6	15.5	32.4	1.9297	3.2	1.4
24697	1990	179	11750.4	16.8	23.9	1.932	1.5	11.8
24697	1990	180	19440	14.2	27	1.6955	2.6	1.2
24697	1990	181	23932.8	14.6	31.3	1.5654	2.1	10.1
24697	1990	182	18576	14.1	27.8	1.8809	2.1	9
24697	1990	183	10454.4	12.2	17.3	1.2067	2.1	4.7
24697	1990	184	17712	10	23.3	1.4382	1.5	21.9
24697	1990	185	14947.2	10.9	18.6	1.0391	2.1	0.4
24697	1990	186	17798.4	8.7	26.9	1.16	3.2	18.3
24697	1990	187	19353.6	10.2	20.4	0.9376	2.6	0
24697	1990	188	24105.6	9.5	21.5	1.02	1.5	15.7
24697	1990	189	8121.6	11.6	17.5	1.4559	1.5	5.4
24697	1990	190	18921.6	14.5	27.5	1.8866	1	31.4
24697	1990	191	6220.8	13.5	19.6	1.5232	2.1	2.3
24697	1990	192	28339.2	10.6	21.9	0.9963	3.2	0
24697	1990	193	29376	8	26.5	1.0025	2.6	0
24697	1990	194	28425.6	11.1	29.1	1.1978	2.6	0
24697	1990	195	26611.2	13.3	26.3	1.3372	3.8	0
24697	1990	196	26956.8	12.1	27.3	1.2602	4.5	0
24697	1990	197	23241.6	12.2	28.7	1.2959	2.1	0
24697	1990	198	15379.2	12.8	26.2	1.652	2.1	9.3
24697	1990	199	27648	13.9	24.5	1.1328	3.2	0
24697	1990	200	27561.6	10.3	25.8	1.075	3.2	0
24697	1990	201	27388.8	11.4	27.9	1.1421	3.2	0
24697	1990	202	27734.4	12.4	30.8	1.2876	3.2	0
24697	1990	203	26784	14	30.4	1.4424	3.2	0
24697	1990	204	24624	15.3	28.5	1.5475	4.5	0
24697	1990	205	23414.4	14	26.1	1.2175	3.8	0
24697	1990	206	26179.2	11.9	27.1	1.1315	3.8	0
24697	1990	207	23500.8	11.8	27.6	1.2144	3.2	0
24697	1990	208	26352	13.1	30	1.2837	2.1	0
24697	1990	209	25833.6	13.3	32.6	1.4256	2.6	0
24697	1990	210	22982.4	15.9	32.6	1.5415	3.2	0
24697	1990	211	20822.4	17.5	29.9	2.0764	2.6	4.9
24697	1990	212	15206.4	16.4	25.9	1.9041	2.1	3.9
24697	1990	213	18748.8	16.6	27.3	1.8153	2.6	0
24697	1990	214	23846.4	16.6	30.6	1.5116	2.6	0
24697	1990	215	24278.4	14.9	30.4	1.4	3.2	0
24697	1990	216	25660.8	13.5	30.3	1.2852	2.6	0
24697	1990	217	24192	13.9	32.8	1.3745	1.5	0
24697	1990	218	4492.8	16.4	26.5	2.169	1.5	28.3
24697	1990	219	5184	13.3	17.1	1.4319	2.6	0.7
24697	1990	220	20736	12.1	21.2	1.1354	3.2	0
24697	1990	221	24796.8	8.9	24.5	0.9492	2.6	0
24697	1990	222	24019.2	9.7	27.5	1.027	2.1	0
24697	1990	223	22723.2	14.2	28.5	1.2681	3.2	0
24697	1990	224	19008	12.9	31.3	1.4337	3.2	0.2
24697	1990	225	21945.6	11.4	30.7	1.2948	2.1	6.6
24697	1990	226	18057.6	14.1	26	1.7092	2.1	29.1
24697	1990	227	14342.4	14.7	22.7	1.5933	2.6	0
24697	1990	228	23068.8	12.8	28.5	1.4335	1	10.7
24697	1990	229	3369.6	11.8	22.3	1.6304	1.5	9.5
24697	1990	230	23155.2	10	22.8	0.9686	1.5	0
24697	1990	231	23587.2	12.6	25.8	1.3327	2.1	0
24697	1990	232	20822.4	11.9	30.6	1.3864	1.5	0.7
24697	1990	233	11577.6	15.8	22.9	1.3004	2.6	0.2
24697	1990	234	14860.8	13.2	20.3	1.1617	2.6	0
24697	1990	235	22896	9.6	25.5	1.2019	2.6	0
24697	1990	236	22982.4	10.4	28.7	1.362	1.5	0
24697	1990	237	19958.4	12.9	29.8	1.5978	2.1	7.2
24697	1990	238	18489.6	15.8	26	1.7517	2.6	0.9
24697	1990	239	20476.8	13.1	27.5	1.3554	2.6	0
24697	1990	240	20131.2	13.3	28	1.2877	2.1	0
24697	1990	241	19008	13.1	28.6	1.3774	1.5	0
24697	1990	242	18403.2	13.9	28.7	1.3907	1.5	0
24697	1990	243	6393.6	12.9	22.1	1.4777	2.1	0.1
24697	1990	244	5443.2	12.9	17.7	1.2848	2.6	0
24697	1990	245	11664	12.4	19.5	1.1946	1	0.1
24697	1990	246	3283.2	12.2	16	1.4946	1	3.6
24697	1990	247	11836.8	12.4	21.7	1.5916	1	6
24697	1990	248	11491.2	12	18.4	1.1731	2.6	0.2
24697	1990	249	17107.2	6.6	21.1	1.012	0.6	0.2
24697	1990	250	2851.2	8.8	15	1.2806	1	15.3
24697	1990	251	14515.2	6.9	17.6	1.054	1.5	0.1
24697	1990	252	20217.6	8.2	21.1	0.9991	2.1	0
24697	1990	253	15724.8	10.8	20.2	1.0552	0.6	4.7
24697	1990	254	14774.4	8.7	17.3	1.0473	1.5	0.6
24697	1990	255	11404.8	9.9	17.8	1.1227	1	0
24697	1990	256	16934.4	5	19.8	0.9782	1.5	0
24697	1990	257	18489.6	5.4	22.5	1.0981	1	0
24697	1990	258	9590.4	9.2	20.3	1.4246	1.5	1.1
24697	1990	259	14947.2	11.5	19.2	1.0799	3.8	0
24697	1990	260	17020.8	5.8	21.9	1.1859	2.1	4.1
24697	1990	261	5270.4	10.3	15	1.2283	1.5	0.5
24697	1990	262	15292.8	6.5	21.7	1.141	1	0
24697	1990	263	12268.8	8.9	19.6	1.2008	1	1.5
24697	1990	264	9331.2	9.9	22.2	0.9836	2.1	0
24697	1990	265	7430.4	9.8	20.8	1.3196	1.5	0.9
24697	1990	266	5875.2	11.9	17.3	1.4441	2.1	23
24697	1990	267	10368	10.4	16.8	1.1357	2.1	1.6
24697	1990	268	14774.4	5.4	16.8	0.8978	2.1	0
24697	1990	269	10627.2	6.5	16.7	0.9689	1.5	1.2
24697	1990	270	13132.8	9.5	17	1.0493	1.5	0.4
24697	1990	271	15552	8	18.2	0.9638	1.5	0
24697	1990	272	15984	5.1	22.1	1.0735	1	0
24697	1990	273	14428.8	8.3	23.9	1.2426	2.1	0.1
24697	1990	274	8726.4	13.4	21.4	1.5875	1.5	1.6
24697	1990	275	12787.2	14.3	21.2	1.5417	3.8	0.5
24697	1990	276	14083.2	10.8	25.3	1.3437	2.1	0
24697	1990	277	3024	10.5	18.8	1.4987	2.1	31.1
24697	1990	278	10368	8.6	15.4	1.0789	1	0
24697	1990	279	13478.4	5	17.8	0.9831	1.5	0
24697	1990	280	8726.4	6.2	16.4	1.0569	1	12
24697	1990	281	4924.8	7.8	14.2	1.0361	2.1	0.6
24697	1990	282	14083.2	3.6	14.5	0.8403	0.6	0
24697	1990	283	14169.6	2.5	18.4	0.8851	1.5	0
24697	1990	284	13910.4	3.3	20	0.9584	0.6	0
24697	1990	285	11664	5.2	25.4	0.9376	3.8	0
24697	1990	286	9936	15.3	24.7	0.9804	3.2	0
24697	1990	287	11923.2	9.5	22.2	1.223	1	0
24697	1990	288	12096	9.2	25.7	0.9953	5.9	0
24697	1990	289	7084.8	10.7	23.4	1.0675	4.5	0
24697	1990	290	4406.4	16.9	21.2	1.0563	3.2	0
24697	1990	291	10540.8	11	20	1.2662	2.6	0
24697	1990	292	11750.4	7.6	20.8	1.0837	3.2	0
24697	1990	293	4665.6	7.7	13.4	1.0819	1.5	4.6
24697	1990	294	9331.2	9.1	15.8	1.1401	3.8	0
24697	1990	295	9331.2	5.8	13.1	0.8514	2.1	0
24697	1990	296	12268.8	3.1	21	0.6185	3.2	0
24697	1990	297	10281.6	1.4	14.9	0.704	1	0
24697	1990	298	9763.2	1	15.3	0.7257	1	2.1
24697	1990	299	8380.8	7.6	16.4	0.8687	1.5	5.8
24697	1990	300	864	5.2	13.9	1.1072	1.5	10.8
24697	1990	301	10368	2.3	13	0.5967	2.6	0
24697	1990	302	4147.2	8.3	13	0.8585	3.2	4.1
24697	1990	303	8294.4	6.4	13.7	0.7387	2.6	0
24697	1990	304	6393.6	3.8	12.1	0.7479	1.5	7.5
24697	1990	305	5011.2	5.5	10	0.8959	1.5	11.9
24697	1990	306	3196.8	2.6	6.8	0.7601	1.5	1.1
24697	1990	307	2419.2	2.2	4.5	0.7146	1	3.3
24697	1990	308	2419.2	1.3	8.8	0.6738	2.1	1
24697	1990	309	2505.6	0.2	3.3	0.6447	2.1	6.1
24697	1990	310	9504	0.4	6.2	0.6037	2.1	0
24697	1990	311	9331.2	-1	5	0.494	1	0
24697	1990	312	9417.6	-4.1	7.1	0.5107	0.6	0
24697	1990	313	8985.6	-4	8.2	0.5189	1	0
24697	1990	314	8640	-3.7	8.7	0.5339	0.6	0
24697	1990	315	3628.8	-1.9	7.8	0.5587	0.2	1.4
24697	1990	316	5356.8	3.8	9.5	0.831	1	0
24697	1990	317	8121.6	2.6	10.2	0.7015	1.5	0
24697	1990	318	3369.6	-0.7	7.5	0.6002	1	3.7
24697	1990	319	1641.6	3.6	6.9	0.8253	0.6	4.6
24697	1990	320	6652.8	1.9	7.2	0.7183	2.1	0
24697	1990	321	5270.4	1.7	9.2	0.7289	1.5	0
24697	1990	322	7084.8	1.3	17.4	0.5638	5.2	0
24697	1990	323	3369.6	5.9	15	0.9357	2.6	0
24697	1990	324	5529.6	3.5	13.2	0.6807	5.2	0.2
24697	1990	325	1468.8	3.9	13.1	0.9982	3.2	9
24697	1990	326	3456	2.8	6.4	0.7548	1.5	11.6
24697	1990	327	3024	2.7	6.3	0.7074	2.6	0.6
24697	1990	328	6912	0.4	7.7	0.5957	2.6	0
24697	1990	329	2505.6	-0.1	12.1	0.8039	2.1	10.7
24697	1990	330	6480	2.4	9.6	0.6917	2.1	0
24697	1990	331	1900.8	-1.1	2.8	0.5458	0.6	4.5
24697	1990	332	1123.2	0.5	2.8	0.6194	1.5	0
24697	1990	333	2505.6	0.7	3.6	0.5564	1.5	0
24697	1990	334	1728	-2.4	2.7	0.5065	3.2	1.4
24697	1990	335	5875.2	-5	-0.2	0.3533	2.1	0
24697	1990	336	6048	-6	0.4	0.3233	1.5	0.3
24697	1990	337	2505.6	-2.5	1	0.4802	1.5	0
24697	1990	338	3196.8	-4.9	0.3	0.4284	1.5	1.2
24697	1990	339	864	-2.1	0.5	0.4784	3.2	2.7
24697	1990	340	5616	-4.7	-0.2	0.3726	0.6	0.6
24697	1990	341	6393.6	-10.1	-3.5	0.2756	1	0
24697	1990	342	6566.4	-12.1	-2.3	0.2779	1	0
24697	1990	343	4233.6	-7	11.3	0.4708	5.9	0.8
24697	1990	344	1814.4	-0.3	10.1	0.7534	2.6	2
24697	1990	345	5702.4	-3.4	2.8	0.5022	1.5	0
24697	1990	346	1296	-5.7	-1.3	0.4107	1	3.6
24697	1990	347	4406.4	-3.8	0.9	0.4726	0.6	0
24697	1990	348	2851.2	-3.3	-0.2	0.4569	1	0.6
24697	1990	349	3369.6	-3.5	0	0.4462	2.1	0
24697	1990	350	2851.2	-4	-1	0.4272	1.5	0.1
24697	1990	351	5184	-5.6	-0.6	0.355	1	0
24697	1990	352	5529.6	-9.1	-1.5	0.3132	0.6	0
24697	1990	353	4752	-7.7	0.5	0.3373	1.5	1.3
24697	1990	354	4665.6	-5.5	0.6	0.4288	0.6	0
24697	1990	355	3110.4	-7.1	1.1	0.3822	2.1	0.6
24697	1990	356	3196.8	-1.3	3.5	0.5954	0.6	0
24697	1990	357	3110.4	-1.9	2	0.5764	1	0
24697	1990	358	5184	-5.1	2.9	0.5018	1.5	0
24697	1990	359	5270.4	-6.7	3.1	0.391	2.6	0
24697	1990	360	604.8	-2.4	1.4	0.5185	3.2	4.1
24697	1990	361	2678.4	-0.4	3.5	0.6218	3.2	2.2
24697	1990	362	5529.6	-4	1.5	0.4908	1.5	0
24697	1990	363	3196.8	-4.9	5.4	0.448	4.5	0
24697	1990	364	5443.2	-1.6	7.1	0.5658	2.1	0
24697	1990	365	4233.6	-1.8	4.4	0.5504	1	2.3
