*---------------------------------------------------------------------------*
* Station name: INNSBRUCK-UNIV.                         
* Year: 2009
* Author: Pedro Alencar                                   -999.000: NIL VALUE
* Source: ECAD 
* Comments: 
* Longitude: 47.2594, latitude: 47.2594, altitude: 578 m.
*
* Column  Daily value
* 1       station number
* 2       year
* 3       day
* 4       irradiation                   (kJ m-2 d-1)
* 5       minimum temperature           (degrees Celsius)
* 6       maximum temperature           (degrees Celsius)
* 7       early morning vapour pressure (kPa)
* 8       mean wind speed (height: 2 m) (m s-1)
* 9       precipitation                 (mm d-1)
*
** WCCDESCRIPTION=GERMANY, INNSBRUCK-UNIV.                         
** WCCFORMAT=2
** WCCYEARNR=2009
*---------------------------------------------------------------------------*
   47.2594  11.3842    578.  -0.18 -0.55
24697	2009	1	0	-4	2.7	0.5536	0.6	0
24697	2009	2	0	-5.2	1.6	0.4392	2.1	0
24697	2009	3	0	-5.1	-0.8	0.359	1.5	0
24697	2009	4	0	-9.4	-1.5	0.273	1	0
24697	2009	5	0	-10	-2.5	0.3028	1	0
24697	2009	6	0	-6.1	-2.2	0.3551	1.5	0
24697	2009	7	0	-9.4	-2.4	0.3307	1.5	0
24697	2009	8	0	-7.1	-3.5	0.3214	1.5	0
24697	2009	9	0	-10.7	0.5	0.3138	0.6	0
24697	2009	10	0	-10.4	0.9	0.305	1.5	0
24697	2009	11	0	-10.2	2.3	0.3149	1	0
24697	2009	12	0	-8.9	5.2	0.3735	0.2	0
24697	2009	13	0	-7.5	5.7	0.4005	1	0
24697	2009	14	0	-4.8	3.8	0.436	2.1	1.6
24697	2009	15	0	-1.6	3	0.5914	1.5	0
24697	2009	16	0	-5.8	3.7	0.4641	1.5	0
24697	2009	17	0	-6.2	3.4	0.4137	1.5	0
24697	2009	18	0	-6.5	5.4	0.3874	3.2	0.5
24697	2009	19	0	-1	9.1	0.6691	4.5	0
24697	2009	20	0	0.1	5.4	0.7221	0.6	23.2
24697	2009	21	0	0.2	1.7	0.6414	1	2.7
24697	2009	22	0	-1.1	3.2	0.5933	1	0
24697	2009	23	0	-4.2	6.4	0.5359	4.5	7.2
24697	2009	24	0	-3.5	1.8	0.5169	1.5	0.3
24697	2009	25	0	-2.4	1.9	0.552	2.1	0
24697	2009	26	0	-6.3	2	0.4071	3.8	0
24697	2009	27	0	-4	0.9	0.4691	1	3.6
24697	2009	28	0	-2.1	1.1	0.5302	1	0
24697	2009	29	0	-2.1	2.1	0.5071	1.5	0
24697	2009	30	0	-1	1.5	0.504	1.5	0
24697	2009	31	0	-3.3	0.5	0.4357	2.1	0
24697	2009	32	0	-5.1	2.8	0.3652	3.8	0
24697	2009	33	0	-3.6	12.2	0.4401	5.9	0
24697	2009	34	0	2.8	12.2	0.6528	3.2	0
24697	2009	35	0	-2	9.8	0.5491	1.5	0
24697	2009	36	0	-1.9	11.9	0.5058	3.8	0
24697	2009	37	0	1	13	0.6209	5.9	0
24697	2009	38	0	3.1	11.7	0.5763	5.9	6.2
24697	2009	39	0	1.6	8.6	0.8255	2.1	2.7
24697	2009	40	0	-1.6	5.1	0.4506	1	0
24697	2009	41	0	0.7	9.4	0.3938	5.9	0
24697	2009	42	0	-0.5	8.2	0.7	4.5	2.5
24697	2009	43	0	-2.8	3	0.4247	3.2	2.7
24697	2009	44	0	-3.7	-0.8	0.4766	2.1	1.9
24697	2009	45	0	-4.7	1.5	0.4185	3.2	2.2
24697	2009	46	0	-4.8	1.7	0.3655	1	0
24697	2009	47	0	-7.2	2.8	0.3172	1.5	0
24697	2009	48	0	-1	2.2	0.6318	5.2	13
24697	2009	49	0	-10.2	1.9	0.3192	1.5	0
24697	2009	50	0	-9.4	-1	0.2699	1	0
24697	2009	51	0	-9.1	-1.2	0.3585	0.6	3
24697	2009	52	0	-2.2	4.3	0.5999	1.5	3.5
24697	2009	53	0	-0.1	3.8	0.6423	1	1.8
24697	2009	54	0	0.4	4.2	0.6489	2.1	7.8
24697	2009	55	0	0.3	1.8	0.6592	2.1	7.9
24697	2009	56	0	-3.4	5.1	0.5458	0.6	0
24697	2009	57	0	-4.5	2.8	0.4767	1.5	2.5
24697	2009	58	0	0.3	5.4	0.7047	1	0.3
24697	2009	59	0	0.9	12	0.7617	1	0
24697	2009	60	0	0	13.6	0.6519	1.5	0.1
24697	2009	61	0	2.8	9	0.8076	1.5	1.9
24697	2009	62	0	3.4	7.1	0.772	1.5	0.2
24697	2009	63	0	0.5	13.8	0.5666	5.2	0
24697	2009	64	0	1.5	10.6	0.8723	1	3.6
24697	2009	65	0	1.6	4.5	0.7148	0.6	1
24697	2009	66	0	1.3	5.6	0.618	2.6	0
24697	2009	67	0	-3.2	8.3	0.433	1.5	1.7
24697	2009	68	0	0.3	8.3	0.5979	7.5	1.5
24697	2009	69	0	0.4	8.5	0.5623	3.8	5.4
24697	2009	70	0	1.3	8.1	0.6491	4.5	1.6
24697	2009	71	0	0.3	6.8	0.6302	0.6	16.8
24697	2009	72	0	0.3	7.5	0.7429	2.6	1.3
24697	2009	73	0	1.1	13.8	0.6919	1	0.1
24697	2009	74	0	3.1	11	0.8139	2.6	1.1
24697	2009	75	0	3	12.7	0.6474	2.6	0
24697	2009	76	0	-0.3	12.5	0.5836	1	0
24697	2009	77	0	0	13.6	0.4445	2.1	0
24697	2009	78	0	-1.2	10.3	0.5747	1	1.4
24697	2009	79	0	-1.7	4.7	0.4153	1.5	0
24697	2009	80	0	-2.6	6	0.3177	1.5	0
24697	2009	81	0	-4.1	12.1	0.3578	2.1	0
24697	2009	82	0	1.5	15.9	0.4834	7.5	2.9
24697	2009	83	0	0.2	12.2	0.5781	6.7	3.5
24697	2009	84	0	-0.7	6.3	0.5977	3.2	3.9
24697	2009	85	0	0.7	10.4	0.6071	2.6	0.3
24697	2009	86	0	2.2	15.1	0.7395	4.5	0
24697	2009	87	0	1.1	16.1	0.6477	7.5	1.2
24697	2009	88	0	2.7	12.3	0.9844	0.6	17.7
24697	2009	89	0	0.4	8.5	0.6546	2.1	0
24697	2009	90	0	3.1	10.1	0.682	1.5	0
24697	2009	91	0	3.6	22.1	0.8889	3.8	0
24697	2009	92	0	3.6	20.9	0.7692	4.5	0
24697	2009	93	0	6.3	21.9	0.7714	3.8	0
24697	2009	94	0	6	20.2	0.8584	1.5	0
24697	2009	95	0	7.9	20.1	0.958	2.6	0
24697	2009	96	0	4.5	22.7	0.7934	1.5	0
24697	2009	97	0	4.6	22.5	0.7288	2.1	0
24697	2009	98	0	5.3	21.9	0.7934	0.6	0
24697	2009	99	0	6.4	23.5	0.8998	1	0
24697	2009	100	0	6.6	21.8	0.7602	5.2	0
24697	2009	101	0	5.8	22	0.7297	3.8	0
24697	2009	102	0	5.4	23.6	0.7916	1.5	0
24697	2009	103	0	5.3	22.9	0.8357	3.2	0
24697	2009	104	0	5.5	22.5	0.8303	1.5	0
24697	2009	105	0	5.1	23.4	0.8114	3.2	0
24697	2009	106	0	8.1	19.5	0.8511	5.9	6.9
24697	2009	107	0	6.1	17.4	0.7994	1.5	0
24697	2009	108	0	3.9	18.4	0.6093	1.5	0
24697	2009	109	0	4.8	20.9	0.6963	2.6	0
24697	2009	110	0	9.6	22.7	0.8616	1.5	0
24697	2009	111	0	7.1	21.1	0.9	2.6	0
24697	2009	112	0	7	21	0.8782	1.5	1.2
24697	2009	113	0	4.2	17.6	1.1205	3.2	6.9
24697	2009	114	0	3.5	18.8	0.6358	2.6	0
24697	2009	115	0	3.9	21.4	0.5995	5.9	0
24697	2009	116	0	8.5	18.9	0.7203	5.9	0
24697	2009	117	0	9.7	20.3	0.8516	6.7	0
24697	2009	118	0	12.6	21.4	0.9868	5.2	5.9
24697	2009	119	0	6	13.9	0.9294	2.6	5.8
24697	2009	120	0	5.5	12.3	0.8661	1.5	0.7
24697	2009	121	0	5.4	20.7	0.9456	3.8	8.5
24697	2009	122	0	8.4	15	1.3325	2.6	3.3
24697	2009	123	0	5.6	20.9	0.8516	1	3.6
24697	2009	124	0	8.2	17.7	1.2974	1.5	3.1
24697	2009	125	0	5	15.2	0.7164	1.5	3.3
24697	2009	126	0	7.4	20.8	0.9321	1	1.5
24697	2009	127	0	6.5	26.6	0.6958	2.6	0
24697	2009	128	0	6.9	27.8	0.7715	2.1	0.3
24697	2009	129	0	10.6	27.5	1.0783	4.5	0
24697	2009	130	0	12.2	26.7	1.0829	4.5	0
24697	2009	131	0	13.3	27	1.2251	3.8	0
24697	2009	132	0	11.6	22.5	1.6304	2.1	10.2
24697	2009	133	0	12.1	21.1	1.6035	1	4.4
24697	2009	134	0	13.1	24.4	1.3175	3.2	0
24697	2009	135	0	11.7	19.9	1.0039	4.5	0
24697	2009	136	0	12.8	21.4	1.1488	3.2	0
24697	2009	137	0	8.4	28.8	0.9628	3.2	0
24697	2009	138	0	14.5	25.8	1.6963	2.1	5.7
24697	2009	139	0	12.3	23	1.391	1	0
24697	2009	140	0	12	28.9	1.032	3.8	0
24697	2009	141	0	12	28.4	1.2761	3.2	0.3
24697	2009	142	0	14.8	25.9	1.5742	1	1.2
24697	2009	143	0	11.6	28.9	1.3038	2.6	0.7
24697	2009	144	0	15.3	26.6	1.8066	2.6	0.1
24697	2009	145	0	12.9	32.9	1.2262	2.1	0
24697	2009	146	0	13.7	30.6	1.2516	3.2	7.4
24697	2009	147	0	12.3	26.6	1.2859	4.5	0
24697	2009	148	0	8.8	17.4	0.9337	2.1	3
24697	2009	149	0	10	19.1	0.9431	3.8	0.2
24697	2009	150	0	8.1	20.9	0.94	3.8	0
24697	2009	151	0	10.5	21	1.0365	3.8	0
24697	2009	152	0	7.4	20.6	0.9899	2.6	0
24697	2009	153	0	9.9	21	1.2972	1.5	8.2
24697	2009	154	0	9.9	23.2	1.1659	2.1	0
24697	2009	155	0	11	22.2	1.0753	3.8	0
24697	2009	156	0	6.6	24.8	1.0153	3.2	0.1
24697	2009	157	0	12	24.5	1.4234	4.5	13.5
24697	2009	158	0	8.5	20.4	1.1671	2.1	1.3
24697	2009	159	0	12.4	22.2	1.2423	2.6	0
24697	2009	160	0	14.7	21.9	1.2389	5.2	6.7
24697	2009	161	0	12	22.4	1.2541	2.6	0.2
24697	2009	162	0	12.1	24.3	1.2103	3.8	2.1
24697	2009	163	0	12.4	25.3	0.9128	5.2	0.9
24697	2009	164	0	12.4	26.3	1.3004	3.2	0
24697	2009	165	0	10.9	32.8	1.229	2.1	0
24697	2009	166	0	17.9	28.3	1.6643	2.6	6.7
24697	2009	167	0	15.2	24	1.9355	2.6	1
24697	2009	168	0	12.1	26.8	1.331	2.1	0
24697	2009	169	0	13.3	32.5	1.3377	2.6	0
24697	2009	170	0	14.8	27.1	1.9799	1	18.5
24697	2009	171	0	11.4	17.8	1.2283	1.5	0.8
24697	2009	172	0	10.9	15.7	1.0832	1.5	1.7
24697	2009	173	0	9.8	16.5	1.0576	2.6	7.8
24697	2009	174	0	8.5	12.5	1.1291	2.6	6.1
24697	2009	175	0	10.4	15.4	1.2634	1.5	0.9
24697	2009	176	0	12.2	22.2	1.45	2.1	1.2
24697	2009	177	0	13.8	22.7	1.5281	2.6	8.3
24697	2009	178	0	15.4	21.3	1.8537	1.5	0.8
24697	2009	179	0	15.3	24.8	1.7326	2.1	0
24697	2009	180	0	17.2	24.8	1.8122	2.6	1.5
24697	2009	181	0	15.5	25.6	1.6179	3.2	0
24697	2009	182	0	13.6	26.8	1.9378	1.5	10.2
24697	2009	183	0	13.2	30	1.7512	2.1	10.8
24697	2009	184	0	14.3	20.6	1.7717	0.6	3.1
24697	2009	185	0	15.2	26.1	1.8465	2.1	7.1
24697	2009	186	0	15.7	26.9	1.7446	1	3.6
24697	2009	187	0	16.3	22.8	1.7706	2.1	4
24697	2009	188	0	13.7	22.1	1.6792	1.5	18.1
24697	2009	189	0	11.4	23.5	1.0949	2.1	0
24697	2009	190	0	11.5	23.3	1.1311	2.6	0.6
24697	2009	191	0	12.5	19.4	1.267	2.6	0.3
24697	2009	192	0	12.1	20.7	1.2107	2.6	0
24697	2009	193	0	8.9	21.3	1.1827	1.5	0.3
24697	2009	194	0	14.2	28.4	1.6182	2.6	0
24697	2009	195	23587.2	16.8	30.6	1.8717	3.8	0.1
24697	2009	196	15206.4	18.5	25.5	2.0847	1.5	3.6
24697	2009	197	24278.4	17.9	32	2.0485	2.6	0.1
24697	2009	198	16934.4	18.4	27.6	1.9066	3.2	29.8
24697	2009	199	3196.8	7.9	22.2	1.589	2.6	25.3
24697	2009	200	24019.2	7.8	23.6	1.1222	1.5	0
24697	2009	201	22982.4	12.8	25	1.3081	2.1	0
24697	2009	202	23760	12.8	30.6	1.3732	1.5	0
24697	2009	203	23414.4	15.4	31.9	1.7203	2.1	0.2
24697	2009	204	21513.6	17.2	32	1.6975	4.5	17.4
24697	2009	205	12182.4	16	27.6	2.0855	1.5	18.9
24697	2009	206	20217.6	14.4	22.5	1.293	2.6	0
24697	2009	207	31276.8	9.6	26.2	1.1468	2.6	0
24697	2009	208	27561.6	11.7	31.3	1.4078	2.1	7.4
24697	2009	209	19094.4	15.7	26.7	1.734	2.6	0
24697	2009	210	28771.2	12.7	29.8	1.5629	2.1	0
24697	2009	211	18316.8	16.1	27.8	2.0257	3.8	4.4
24697	2009	212	17625.6	16.1	24	1.6624	2.6	0
24697	2009	213	23587.2	15.4	30.5	1.7331	2.6	0
24697	2009	214	18921.6	16.4	29.7	2.1936	3.8	11.6
24697	2009	215	7084.8	14.8	20	1.8455	2.6	37.1
24697	2009	216	4492.8	14.1	16.6	1.4806	2.1	0.1
24697	2009	217	24278.4	13.8	25.7	1.4709	2.1	0
24697	2009	218	25142.4	13.6	28.4	1.4895	2.6	0
24697	2009	219	24796.8	14.6	30.2	1.6493	3.2	0
24697	2009	220	19180.8	16	28.7	2.0486	2.1	18.8
24697	2009	221	18057.6	15.8	26.8	1.7952	1.5	0.2
24697	2009	222	9763.2	15.9	22.9	1.8892	1.5	6.2
24697	2009	223	16502.4	15.4	25.6	1.7092	1.5	0.1
24697	2009	224	24019.2	14.9	27.3	1.5486	2.1	0
24697	2009	225	22464	13.8	27.9	1.648	2.6	7.3
24697	2009	226	21513.6	14.7	26.1	1.6269	2.1	0
24697	2009	227	24278.4	14	31.2	1.6968	1.5	0
24697	2009	228	23760	16.3	32.6	1.7436	1.5	0
24697	2009	229	23587.2	14.6	31.9	1.6509	1	3.1
24697	2009	230	22896	16.1	30.4	1.8502	2.1	0
24697	2009	231	22982.4	16.7	32.2	1.8659	2.1	0
24697	2009	232	23155.2	17	34.7	1.8283	1.5	0
24697	2009	233	15897.6	17.9	29.3	2.5	1.5	15.5
24697	2009	234	5875.2	13.4	21.9	1.774	1.5	5.5
24697	2009	235	20563.2	12.1	24.1	1.4516	2.6	0
24697	2009	236	22291.2	12.7	30.3	1.5358	2.1	0
24697	2009	237	20649.6	15.9	30.6	1.9071	3.8	0
24697	2009	238	13046.4	17	26.1	1.9769	1.5	7.8
24697	2009	239	20649.6	15.8	29.4	1.8063	1	0.2
24697	2009	240	19699.2	16.7	30.3	1.9071	2.6	16.5
24697	2009	241	5616	12.9	24.5	1.8516	1.5	3
24697	2009	242	22809.6	10.5	22.8	1.1544	2.1	0
24697	2009	243	21859.2	9.7	26.7	1.3773	2.1	0
24697	2009	244	21427.2	13.8	30.5	1.5978	1.5	5.1
24697	2009	245	16588.8	17.1	26.6	2.0134	2.6	6.7
24697	2009	246	11491.2	14.8	24.5	1.7131	2.6	12.4
24697	2009	247	6307.2	13.2	19.5	1.6339	0.6	6.1
24697	2009	248	21859.2	8.3	19.8	0.9611	1.5	0
24697	2009	249	21168	7	21	0.9899	2.1	0
24697	2009	250	19180.8	7.7	24	1.187	1	0
24697	2009	251	19958.4	8.2	24.6	1.1921	1.5	0
24697	2009	252	18489.6	8.9	23.8	1.2811	2.1	0
24697	2009	253	16156.8	10.6	24.3	1.5527	1.5	6.2
24697	2009	254	7948.8	13.8	19.5	1.6086	1.5	6.6
24697	2009	255	14860.8	12.9	21.4	1.4454	2.1	0
24697	2009	256	9936	13.6	18.7	1.5399	1.5	13.4
24697	2009	257	3801.6	8.8	14.4	1.2555	2.1	6.8
24697	2009	258	17539.2	7.1	22.5	1.0088	3.2	0
24697	2009	259	8208	10.4	18.6	1.3688	2.1	2.8
24697	2009	260	11923.2	13.1	21.4	1.4939	1	3.7
24697	2009	261	16416	14.8	24.6	1.6955	2.6	0
24697	2009	262	17712	12.6	26.5	1.5209	3.8	0
24697	2009	263	17798.4	11.9	24.7	1.4699	2.6	0.3
24697	2009	264	16761.6	15.8	25.2	1.637	2.1	0
24697	2009	265	16502.4	14	25.4	1.581	1	0
24697	2009	266	16416	13.3	25.6	1.5115	1.5	0
24697	2009	267	13910.4	14.1	24.5	1.5422	1	0
24697	2009	268	14947.2	15.1	23.4	1.5597	2.1	0.4
24697	2009	269	16588.8	13.4	23	1.5025	3.2	0
24697	2009	270	13564.8	9.8	23.8	1.3947	0.6	0
24697	2009	271	13910.4	13.5	23.9	1.5071	1.5	0
24697	2009	272	15552	10.2	23.7	1.3887	1	0
24697	2009	273	15465.6	9	22.5	1.2509	2.1	0
24697	2009	274	12528	10.2	22.2	1.3241	1.5	0.1
24697	2009	275	13996.8	10.7	19.5	1.1485	2.1	0.4
24697	2009	276	15120	8.3	20.8	1.1416	1	0
24697	2009	277	15379.2	6.4	21.7	1.1533	1.5	0
24697	2009	278	10713.6	6.8	19.4	1.0993	1	0
24697	2009	279	8985.6	9.5	21.2	1.3064	1	0.1
24697	2009	280	13910.4	12.9	26.8	1.6651	1	0
24697	2009	281	9072	13.7	23.8	1.5767	1.5	0.5
24697	2009	282	8985.6	14.9	20.3	1.5474	1.5	3.2
24697	2009	283	7689.6	13	19.3	1.4666	1.5	1.2
24697	2009	284	12787.2	10.8	18.4	1.2117	2.1	10.8
24697	2009	285	6480	5	13.2	1.0049	1.5	24
24697	2009	286	4406.4	2.2	6.9	0.7268	2.1	12.3
24697	2009	287	11059.2	0.8	7.1	0.5429	2.6	0
24697	2009	288	7516.8	0.3	6.8	0.6066	2.1	2
24697	2009	289	4838.4	0	5.9	0.6343	1	7.7
24697	2009	290	3715.2	3.2	6.3	0.7627	2.1	3.7
24697	2009	291	4752	2.8	6.7	0.6942	2.1	0.9
24697	2009	292	13219.2	2	9.2	0.6728	1.5	0
24697	2009	293	12787.2	-2.3	12.2	0.6344	1	0
24697	2009	294	7603.2	1.1	15.9	0.6211	5.9	0
24697	2009	295	4406.4	8.5	16.4	1.1979	2.6	2.2
24697	2009	296	5529.6	8.3	12.7	1.0276	1.5	10.2
24697	2009	297	9763.2	7.6	13.7	1.0379	1	0
24697	2009	298	5616	5.6	13.6	0.9437	1	0
24697	2009	299	8553.6	3.9	14	0.9033	1	0
24697	2009	300	10540.8	7.2	15.8	0.9897	1	0
24697	2009	301	9504	2.2	14.2	0.7934	1	0
24697	2009	302	10454.4	1.7	16.1	0.8547	1	0
24697	2009	303	6825.6	4.4	13	0.8769	2.1	0
24697	2009	304	9072	1	12	0.7644	1	0
24697	2009	305	9936	0.3	14.6	0.7642	1	0
24697	2009	306	1814.4	2.6	10.4	0.8418	2.6	9.6
24697	2009	307	6566.4	3.4	9.7	0.7961	2.6	0.3
24697	2009	308	2592	3.3	7.8	0.7974	2.6	3.2
24697	2009	309	9849.6	0.8	10.5	0.7117	1	0
24697	2009	310	3110.4	0.6	6.1	0.6913	1	0.7
24697	2009	311	9158.4	1.5	12.6	0.6632	2.6	0
24697	2009	312	4665.6	2.3	7.4	0.7077	2.1	1.3
24697	2009	313	5011.2	3.5	8.9	0.7582	1.5	0.6
24697	2009	314	2073.6	4.2	6.4	0.7391	1	1
24697	2009	315	3542.4	3.5	7.7	0.7183	0.6	0
24697	2009	316	5875.2	-0.7	6.8	0.5627	1.5	0
24697	2009	317	6652.8	0.7	11.8	0.7703	1	0
24697	2009	318	3974.4	2.6	14.7	0.7731	3.8	0
24697	2009	319	3801.6	4.6	13.3	0.949	1.5	0.3
24697	2009	320	3801.6	6.2	12.2	1.0117	1.5	0
24697	2009	321	7689.6	3.7	15.9	0.8232	2.6	0.7
24697	2009	322	5184	7.3	13.4	1.0676	1	2.6
24697	2009	323	7257.6	4.9	12.3	0.8263	1.5	0
24697	2009	324	3974.4	0.3	11.2	0.7258	0.6	0
24697	2009	325	6307.2	0.9	13.2	0.7235	0.6	0
24697	2009	326	6048	-0.1	12.9	0.6342	1	0.6
24697	2009	327	6912	3.4	12.7	0.7961	1	0.7
24697	2009	328	2160	5.9	9.9	0.9477	2.1	1.2
24697	2009	329	5961.6	3.1	10.2	0.7625	1	0
24697	2009	330	5443.2	1.5	10.4	0.6987	0.6	0
24697	2009	331	5443.2	0.7	9.4	0.6738	1	0.3
24697	2009	332	6048	3.1	9.6	0.7757	1.5	0
24697	2009	333	4579.2	0.8	13.1	0.5589	3.8	0.1
24697	2009	334	1123.2	5.7	13.2	0.8751	3.8	25.3
24697	2009	335	1468.8	2.1	5.7	0.7106	1	2.3
24697	2009	336	5443.2	1.6	6.6	0.6142	2.1	0
24697	2009	337	5443.2	-2.2	5.5	0.53	1	1.7
24697	2009	338	950.4	-1	1.4	0.5765	0.6	6.3
24697	2009	339	4579.2	0.7	4	0.6005	1	0
24697	2009	340	3283.2	-1.5	3.2	0.5523	1	0.1
24697	2009	341	2678.4	1.8	6.7	0.72	0.6	1.2
24697	2009	342	1382.4	3.4	6.4	0.7534	0.6	4.9
24697	2009	343	4752	1.4	7.6	0.6569	1.5	0
24697	2009	344	2592	-2.3	3.8	0.5225	1	0.6
24697	2009	345	1036.8	0.2	4	0.6255	1.5	5.4
24697	2009	346	1641.6	0.5	2.2	0.5523	1.5	0.3
24697	2009	347	4320	-1.3	2	0.445	3.2	0
24697	2009	348	3283.2	-3.6	-0.7	0.3444	2.6	0.2
24697	2009	349	3196.8	-5.6	-2.1	0.3081	1	0.5
24697	2009	350	5097.6	-5.3	-1.1	0.3041	1	0.1
24697	2009	351	2246.4	-6.2	-2.9	0.2835	1.5	0
24697	2009	352	5788.8	-10.2	-4.1	0.2253	1	0
24697	2009	353	3715.2	-10.9	-5.4	0.2416	1	0.3
24697	2009	354	5616	-13.4	-5.4	0.2251	1	0
24697	2009	355	4233.6	-9.4	4.2	0.3079	1.5	0
24697	2009	356	4406.4	-0.8	7	0.5342	2.6	0.2
24697	2009	357	1296	1.3	5.2	0.671	3.2	2.2
24697	2009	358	3628.8	1.4	13.8	0.7408	5.2	0
24697	2009	359	259.2	2.4	13.7	0.9682	2.1	15
24697	2009	360	5011.2	-2.9	2.6	0.4775	1	0
24697	2009	361	4060.8	-4.6	2.1	0.435	1	0
24697	2009	362	5184	-3.5	3.3	0.4489	1.5	0
24697	2009	363	3456	-2.8	4.3	0.4967	2.6	0
24697	2009	364	3715.2	0.5	6.6	0.6224	2.6	0
24697	2009	365	2332.8	-0.8	4.9	0.6232	0.6	0.9
