*---------------------------------------------------------------------------*
* Station name: SALZBURG-FLUGHAFEN                      
* Year: 2011
* Author: Pedro Alencar                                   -999.000: NIL VALUE
* Source: ECAD 
* Comments: 
* Longitude: 47.7892, latitude: 47.7892, altitude: 430 m.
*
* Column  Daily value
* 1       station number
* 2       year
* 3       day
* 4       irradiation                   (kJ m-2 d-1)
* 5       minimum temperature           (degrees Celsius)
* 6       maximum temperature           (degrees Celsius)
* 7       early morning vapour pressure (kPa)
* 8       mean wind speed (height: 2 m) (m s-1)
* 9       precipitation                 (mm d-1)
*
** WCCDESCRIPTION=GERMANY, SALZBURG-FLUGHAFEN                      
** WCCFORMAT=2
** WCCYEARNR=2011
*---------------------------------------------------------------------------*
   47.7892  13.0081    430.  -0.18 -0.55
24789	2011	1	1296	-1.1	-0.1	0.4913	1	0.4
24789	2011	2	1641.6	-1.2	1.2	0.4888	0.2	2.8
24789	2011	3	3024	-7	1.2	0.4147	1	0.1
24789	2011	4	4924.8	-13.4	-2.9	0.2482	0.6	0
24789	2011	5	6307.2	-12.7	-0.3	0.2858	1	0
24789	2011	6	3196.8	-9	4.1	0.3318	0	0.2
24789	2011	7	3715.2	0.4	10	0.6279	0.6	0
24789	2011	8	2678.4	0.8	9.1	0.7213	1	0
24789	2011	9	4665.6	-0.5	10.6	0.5776	1	0.8
24789	2011	10	518.4	0.7	3.2	0.6751	0.6	0.4
24789	2011	11	1382.4	1.1	3	0.6445	1	0.4
24789	2011	12	1209.6	1.2	5.2	0.6763	1	15.9
24789	2011	13	345.6	3.3	8.9	0.8754	0.6	56
24789	2011	14	1555.2	6.3	10	1.0073	1	2.6
24789	2011	15	1641.6	5	10.7	0.7959	1	0.4
24789	2011	16	5961.6	2.7	12.3	0.7461	0.2	0
24789	2011	17	5702.4	-1	11.6	0.7124	0	0
24789	2011	18	5875.2	-0.8	11.2	0.6632	0.2	2.9
24789	2011	19	691.2	1	4.9	0.6947	0.6	5.6
24789	2011	20	2937.6	-1.6	2	0.5331	1	6
24789	2011	21	3283.2	-1.9	1.7	0.4853	1	0
24789	2011	22	7171.2	-8.1	-0.1	0.3294	0.6	0
24789	2011	23	7171.2	-7.1	-1.3	0.3045	1	5.5
24789	2011	24	345.6	-4.4	0	0.4836	0.6	15.7
24789	2011	25	1987.2	-1.1	0.8	0.5621	0.6	4.1
24789	2011	26	1987.2	-0.1	2.7	0.6175	0.6	4.5
24789	2011	27	2160	0.2	2.1	0.5976	0.6	0
24789	2011	28	7776	-5.1	2.1	0.4654	1	0
24789	2011	29	8035.2	-12.2	-1	0.3022	0.2	0
24789	2011	30	6739.2	-12.6	-2.6	0.2936	0.6	0
24789	2011	31	2505.6	-9.6	-3.6	0.3171	1	0
24789	2011	32	2073.6	-5.8	-4.1	0.3639	1	0
24789	2011	33	2937.6	-6.3	-2.9	0.3563	1	0
24789	2011	34	8553.6	-12.2	3.2	0.3196	1	0
24789	2011	35	6652.8	-0.8	7.4	0.5805	0.2	0
24789	2011	36	8985.6	-4.3	9.3	0.5777	0.6	0
24789	2011	37	8899.2	-5.3	10	0.5354	0.2	0
24789	2011	38	9763.2	-4.1	12.7	0.5481	0.2	0
24789	2011	39	8726.4	-3.8	12.7	0.6126	1	0
24789	2011	40	9244.8	-3.9	8.1	0.5899	0.2	0
24789	2011	41	9763.2	-5.3	10.3	0.5119	0.2	0.1
24789	2011	42	3196.8	0.6	10.9	0.588	0.2	3.3
24789	2011	43	1036.8	2.4	10.9	0.9092	0.6	9.6
24789	2011	44	2851.2	1.1	6.2	0.7299	1	2.7
24789	2011	45	4492.8	-0.3	3.7	0.6216	0.6	0
24789	2011	46	9072	0.8	5.9	0.6369	1	0
24789	2011	47	4060.8	-0.1	3.9	0.5886	0.2	0
24789	2011	48	2678.4	-0.4	3.3	0.5699	1	0
24789	2011	49	1555.2	1.6	3.5	0.6238	1	2.1
24789	2011	50	864	1.2	3	0.661	0.2	1.1
24789	2011	51	3024	-1.4	2.4	0.5259	1.5	3.3
24789	2011	52	4060.8	-3.3	0.6	0.4373	1.5	0.5
24789	2011	53	4492.8	-5.9	-2.6	0.3391	1	0.8
24789	2011	54	10713.6	-5.2	0.3	0.3114	0.6	0
24789	2011	55	13132.8	-9.7	5.7	0.3219	0.6	0
24789	2011	56	12787.2	-3.7	5.1	0.3792	1.5	0
24789	2011	57	12700.8	-6.3	7.2	0.4229	0.6	0
24789	2011	58	3369.6	-2.9	4	0.5659	0.6	3.4
24789	2011	59	9072	0.3	8	0.6985	0.2	0
24789	2011	60	7516.8	-3.9	3.6	0.4775	1	0
24789	2011	61	12787.2	-5.3	6.5	0.3957	1.5	0
24789	2011	62	8812.8	-5.1	5	0.4383	0.6	0
24789	2011	63	12441.6	-4.7	6	0.5124	0.6	0
24789	2011	64	12873.6	-4.7	8.6	0.5274	0.6	0
24789	2011	65	4665.6	-3.7	3.9	0.4431	0.6	0
24789	2011	66	15379.2	-2.8	5.9	0.2938	2.1	0
24789	2011	67	14860.8	-7.5	11.6	0.4249	1	0
24789	2011	68	11404.8	-1.8	14.3	0.6467	0.6	0
24789	2011	69	4838.4	5.1	12.1	0.7817	0.6	0.2
24789	2011	70	9158.4	1.8	13.4	0.7199	0.2	0
24789	2011	71	13478.4	-2.1	17.5	0.7038	0.6	0
24789	2011	72	2937.6	3	16.4	0.481	2.6	0
24789	2011	73	11404.8	7.8	18	0.8472	1	0
24789	2011	74	14860.8	0.3	21.3	0.8283	0.2	0
24789	2011	75	6048	10.4	19.2	0.8071	3.2	0.3
24789	2011	76	3024	7.3	14.9	1.175	1.5	20.6
24789	2011	77	691.2	4	7.4	0.8423	1	12.2
24789	2011	78	3542.4	2.7	6.3	0.7327	1.5	0.7
24789	2011	79	16416	-2.9	9	0.4791	0.6	0
24789	2011	80	17452.8	-1.8	9.9	0.4896	1.5	0
24789	2011	81	17193.6	-2.7	14.8	0.5722	1	0
24789	2011	82	17884.8	-0.8	17.3	0.6107	0.6	0
24789	2011	83	17193.6	1	19.4	0.771	0.6	0
24789	2011	84	16675.2	2.6	19.9	0.7734	1	0
24789	2011	85	7948.8	2.6	16.4	0.9492	1	13.2
24789	2011	86	6652.8	5.9	12.2	1.0015	1.5	8.2
24789	2011	87	15292.8	6.2	14.1	0.9295	0.6	0
24789	2011	88	17366.4	4.9	17.4	0.7815	0.6	0
24789	2011	89	17625.6	2.6	18.7	0.756	1	0.2
24789	2011	90	14688	7.2	18	0.9328	0.2	7.8
24789	2011	91	5443.2	9.9	16.5	1.2884	0.6	1.2
24789	2011	92	19440	6.2	23	1.0789	0.2	0
24789	2011	93	19612.8	6.4	25.2	1.0219	0.6	0
24789	2011	94	3715.2	8.7	16.9	1.1813	1.5	8.7
24789	2011	95	8553.6	6.4	13.7	0.8618	1	0
24789	2011	96	13305.6	8.7	20.4	1.0423	0.6	0
24789	2011	97	19872	9.2	26.9	1.075	0.6	0
24789	2011	98	9331.2	11.4	22.3	1.2074	2.1	0.3
24789	2011	99	18489.6	12.3	20.9	0.8866	1.5	0
24789	2011	100	21254.4	3.3	19	0.7153	1	0
24789	2011	101	19785.6	3.5	21.2	0.8316	0.6	0
24789	2011	102	3196.8	6.4	15.9	1.0597	1	10.4
24789	2011	103	5788.8	1.6	7.8	0.6832	1.5	2.3
24789	2011	104	12182.4	3.8	12.7	0.7852	1	0.1
24789	2011	105	8035.2	2.3	9.7	0.8132	0.2	1.7
24789	2011	106	14169.6	-1.1	12.9	0.5941	1	0
24789	2011	107	23500.8	0.6	17.2	0.6154	2.1	0
24789	2011	108	22723.2	0.8	20.1	0.6701	1.5	0
24789	2011	109	22550.4	2.7	21.6	0.7217	1	0
24789	2011	110	22723.2	3.1	24.1	0.7779	1	0
24789	2011	111	22377.6	5.8	25.4	0.8673	1	0
24789	2011	112	23587.2	6.5	26.5	0.881	0.6	0
24789	2011	113	22896	10.1	26.8	0.8903	1	0
24789	2011	114	17625.6	9.6	24.3	1.138	1	0
24789	2011	115	19353.6	8.7	20.8	0.9553	0.6	0
24789	2011	116	15120	7.7	18.1	0.9513	1	0
24789	2011	117	13996.8	4.1	19.1	0.9826	2.1	0
24789	2011	118	14342.4	7	19.2	1.1445	1	3.5
24789	2011	119	17971.2	9.7	19.3	0.907	2.6	0
24789	2011	120	23500.8	5.1	22	0.8684	1.5	0
24789	2011	121	5529.6	5.8	16.2	1.1148	1	7.3
24789	2011	122	20476.8	6.7	20.6	1.1706	1.5	7.1
24789	2011	123	2678.4	7	12.9	1.0884	1	5.1
24789	2011	124	16588.8	2.9	13.1	0.6862	0.6	0
24789	2011	125	25574.4	1.4	17.7	0.6072	1.5	0
24789	2011	126	25574.4	1.3	23	0.7217	1	0
24789	2011	127	25228.8	4.1	25.1	0.7801	1	0
24789	2011	128	21168	2.9	22.9	0.7878	1.5	0
24789	2011	129	26179.2	5	22.9	0.7321	2.1	0
24789	2011	130	25488	4.5	26.5	0.7914	0.6	0
24789	2011	131	22550.4	8.5	26.9	1.092	1	0
24789	2011	132	15292.8	10	26.3	1.5186	0.6	27.4
24789	2011	133	23068.8	11.4	21.3	1.0954	1	0
24789	2011	134	14342.4	9	20.4	1.2696	1.5	39.8
24789	2011	135	4060.8	6.8	16.9	1.2348	1	17.3
24789	2011	136	8294.4	5.6	13.3	0.9579	0.6	2.1
24789	2011	137	21686.4	8.9	21.1	1.0048	1.5	0
24789	2011	138	26524.8	8.6	26.1	1.1077	0.6	0
24789	2011	139	25315.2	9	27.8	1.3101	1	5.8
24789	2011	140	27648	11.1	26.5	1.2349	2.1	0
24789	2011	141	23760	13.3	26.3	1.5447	1.5	1.2
24789	2011	142	25401.6	9.9	27.2	1.4931	0.6	1.2
24789	2011	143	19353.6	13.7	24.6	1.5057	1	0
24789	2011	144	26784	11.2	27.8	1.1541	1	0.1
24789	2011	145	23328	14.7	24.6	1.2791	1	0
24789	2011	146	23500.8	9.8	30.6	1.5361	1	20.1
24789	2011	147	2246.4	8.6	19.3	1.4642	0.6	37.7
24789	2011	148	10972.8	6.2	15.1	1.0123	1.5	4.2
24789	2011	149	25142.4	7.6	23.7	0.9588	1.5	0
24789	2011	150	27302.4	8.7	29.2	1.2903	1	0
24789	2011	151	21340.8	13.1	27.7	1.6269	1	5.3
24789	2011	152	6998.4	12.1	16.8	1.2493	1.5	4.3
24789	2011	153	2851.2	13.4	16.5	1.5449	0	0.4
24789	2011	154	23414.4	11.5	24.8	1.5602	1	0.1
24789	2011	155	27907.2	14	27.5	1.2956	2.6	0
24789	2011	156	23414.4	13.3	29.2	1.4116	1	0
24789	2011	157	20390.4	13	29.1	1.6434	1.5	0
24789	2011	158	20736	10.9	26.6	1.3607	1.5	0.9
24789	2011	159	15984	13.1	22.3	1.4358	1	16.2
24789	2011	160	6480	11.2	18.4	1.3787	1	2.1
24789	2011	161	20822.4	12.5	23.1	1.3228	0.6	0
24789	2011	162	8726.4	13.6	19.8	1.6326	0.6	12.4
24789	2011	163	16588.8	11.5	21.1	1.3141	1	0
24789	2011	164	11059.2	9.7	19.5	1.4441	1	6
24789	2011	165	14601.6	12.2	21.7	1.4466	1	1.1
24789	2011	166	23932.8	12.9	27	1.3496	1	0
24789	2011	167	19267.2	14.3	28.3	1.7699	1	11.8
24789	2011	168	20304	13.9	24.2	1.6284	1.5	7.1
24789	2011	169	3456	9.9	21.3	1.6284	1	20.7
24789	2011	170	12182.4	9.4	16.9	1.1633	1	1.3
24789	2011	171	11923.2	9.5	19.5	1.2534	1	1.4
24789	2011	172	22204.8	14.5	28.1	1.6435	2.1	0
24789	2011	173	22982.4	16.9	31.7	1.9706	1.5	12.5
24789	2011	174	8899.2	15	21.9	1.9077	0.6	34.5
24789	2011	175	10713.6	12.1	18.1	1.4056	1.5	2.5
24789	2011	176	9936	11.5	17.4	1.2493	1	5.1
24789	2011	177	10368	12.5	22.4	1.6522	1	5.8
24789	2011	178	27907.2	12	28.4	1.4179	1	0
24789	2011	179	27820.8	12.6	28.9	1.3201	1	0
24789	2011	180	28080	12.5	29.4	1.3117	1	9.6
24789	2011	181	4579.2	13	25	1.8647	1	12
24789	2011	182	15206.4	9	20.2	1.2781	1	0.6
24789	2011	183	15120	10.1	16.8	1.0939	1.5	0.3
24789	2011	184	6566.4	10.3	16.1	1.2126	0.2	2.9
24789	2011	185	24019.2	11.9	25.9	1.4825	1.5	0
24789	2011	186	18576	13.7	25.5	1.7989	1	16.7
24789	2011	187	25833.6	14.6	29.4	1.4514	1.5	0.3
24789	2011	188	22550.4	16.5	29.8	1.8673	1.5	0.4
24789	2011	189	19353.6	14.5	26.1	1.5456	2.6	0.2
24789	2011	190	26611.2	15.4	29.9	1.7568	0.6	2
24789	2011	191	23846.4	17.7	29.8	2.0533	1.5	5.3
24789	2011	192	20908.8	17	25.9	1.7607	1	0
24789	2011	193	26438.4	14	30.7	1.6982	1.5	0
24789	2011	194	16761.6	19.2	28.7	2.3453	1	19.1
24789	2011	195	5788.8	14.5	22.3	1.7116	1	0.5
24789	2011	196	11145.6	13.5	19.4	1.3453	1.5	0.2
24789	2011	197	26956.8	10.2	27.1	1.2663	1	0
24789	2011	198	22118.4	12.6	31.6	1.7257	1	4
24789	2011	199	11577.6	12.4	20.1	1.2545	1	0.2
24789	2011	200	25660.8	9.8	28.1	1.1591	1	14.7
24789	2011	201	2678.4	11.2	24.8	1.9165	0.2	37.6
24789	2011	202	10540.8	12	20.8	1.397	1	7.6
24789	2011	203	10022.4	13.3	19.3	1.4991	1	7.2
24789	2011	204	6739.2	12.4	17.3	1.5181	0.2	6
24789	2011	205	3369.6	10.6	13	1.2307	1	11
24789	2011	206	16070.4	10.1	19.1	1.1453	1	0
24789	2011	207	20995.2	8.9	23.2	1.1476	1	0
24789	2011	208	25920	9.7	25.8	1.1766	0.6	0
24789	2011	209	16329.6	14.8	24.5	1.736	1	2.7
24789	2011	210	12182.4	14	23.1	1.6851	0.6	1.2
24789	2011	211	2678.4	13.3	16.8	1.4523	0.2	2.1
24789	2011	212	17452.8	13.1	21.8	1.3934	1	0
24789	2011	213	19699.2	14.1	23.1	1.562	1	0
24789	2011	214	24624	10.9	27.6	1.426	1	0
24789	2011	215	18748.8	12.5	28.6	1.811	1	21.3
24789	2011	216	7257.6	16.2	21	1.9471	1	12.2
24789	2011	217	18662.4	13.2	26.5	1.7113	0.6	6.6
24789	2011	218	22032	17	29.1	2.1373	0.6	3.6
24789	2011	219	4924.8	15.8	24.2	2.0307	1.5	16.8
24789	2011	220	5097.6	14	17.5	1.5904	1	14.4
24789	2011	221	12096	12.2	19.1	1.3317	1	6.2
24789	2011	222	12700.8	10.2	18.7	1.1836	1	3
24789	2011	223	23155.2	8.6	25.8	1.1561	1	0
24789	2011	224	19699.2	13.1	27.5	1.5218	2.1	0.8
24789	2011	225	13996.8	15.7	24.5	1.8319	0.6	3.2
24789	2011	226	23068.8	13.3	30.9	1.5399	0.6	18.4
24789	2011	227	6912	17	24.1	2.125	1	3.8
24789	2011	228	18921.6	16.7	26.5	1.8542	1	0
24789	2011	229	22723.2	14.3	29.5	1.7311	0.6	0
24789	2011	230	22118.4	15.8	31.6	1.901	0.2	8.4
24789	2011	231	16243.2	17.6	29.5	1.9419	1.5	3.6
24789	2011	232	19440	18.8	29	2.1311	1	0
24789	2011	233	21427.2	16.5	32.8	2.0122	0.6	0
24789	2011	234	20995.2	17.8	33.7	2.0819	0.6	0
24789	2011	235	21600	16.9	34.3	1.9325	0.6	0
24789	2011	236	20390.4	17.2	33.3	2.0853	0.6	0.2
24789	2011	237	20995.2	17.6	33.3	2.1427	1.5	0
24789	2011	238	21168	15.8	34.1	1.5127	2.1	0
24789	2011	239	3196.8	10.3	29.4	1.9195	2.1	14.4
24789	2011	240	21945.6	8.6	23.2	1.1547	1	0
24789	2011	241	18662.4	9.8	24.2	1.3737	0.6	0.1
24789	2011	242	9936	14.4	20.8	1.5072	0.6	0
24789	2011	243	20131.2	9.4	25.1	1.3956	0.2	0
24789	2011	244	8035.2	11.9	21.1	1.5558	1	0.3
24789	2011	245	10022.4	12.1	23.3	1.6987	0.6	0.2
24789	2011	246	19958.4	12.1	29.8	1.7571	1	0
24789	2011	247	12009.6	15.1	27.7	1.9334	0.2	3.9
24789	2011	248	3369.6	12.9	23	1.8694	1	21.8
24789	2011	249	20131.2	11.5	23.9	1.4762	0.2	0
24789	2011	250	12182.4	11.3	23	1.2892	0.6	1.3
24789	2011	251	2246.4	12.3	19.3	1.5955	0.6	5
24789	2011	252	10022.4	13	22.4	1.638	0.6	0.1
24789	2011	253	18921.6	12.2	29.1	1.9194	0.2	0
24789	2011	254	18662.4	14.2	31.2	1.9824	0.6	0.7
24789	2011	255	11318.4	16.3	24.3	1.8785	0.2	0
24789	2011	256	17798.4	12.1	26.5	1.5422	0.2	0
24789	2011	257	5270.4	13.5	21.1	1.755	0.6	5
24789	2011	258	9417.6	13.9	19.9	1.5381	0.2	0
24789	2011	259	16761.6	11.2	24.4	1.6077	1	0.1
24789	2011	260	14428.8	11.6	26.8	1.6659	0.6	8
24789	2011	261	4838.4	9	20.2	1.4772	0.6	22.7
24789	2011	262	2246.4	5.3	9.2	0.927	1	24.5
24789	2011	263	6652.8	5.5	13.7	0.9676	1.5	1.9
24789	2011	264	16934.4	5.4	20.1	1.1775	0.2	0
24789	2011	265	14774.4	6.8	21.2	1.2135	0.6	0
24789	2011	266	15292.8	9.8	22.4	1.3157	0.6	0
24789	2011	267	15897.6	7.2	23.3	1.3846	0.2	0
24789	2011	268	15465.6	8.3	24.7	1.4621	0.2	0
24789	2011	269	15206.4	9	24.7	1.5333	0.2	0
24789	2011	270	13824	10.2	24.7	1.6124	0.2	0
24789	2011	271	14688	8.6	24.7	1.4761	0.2	0
24789	2011	272	14428.8	7.8	23.1	1.3323	0.2	0
24789	2011	273	14601.6	6	25.3	1.3672	0.2	0
24789	2011	274	14688	7.9	24.7	1.4621	0.2	0
24789	2011	275	14601.6	8.6	25.1	1.4758	0.2	0
24789	2011	276	14083.2	7.7	24.9	1.4436	0.6	0
24789	2011	277	13651.2	9.6	25	1.4986	0.2	0
24789	2011	278	9763.2	8.4	22.5	1.3674	0.6	0
24789	2011	279	13392	9.9	23.8	1.4566	0.2	30.4
24789	2011	280	2073.6	6.3	16	1.1657	0.6	6.6
24789	2011	281	3110.4	3.5	7.9	0.7782	1	22.1
24789	2011	282	5875.2	3.3	10	0.831	0.6	1.9
24789	2011	283	1036.8	2.4	8.6	0.8307	1.5	37.2
24789	2011	284	9244.8	8.5	20.5	1.3523	0.2	0
24789	2011	285	6307.2	8.3	16.9	0.9619	1.5	4.4
24789	2011	286	3456	7.6	14.6	1.1882	1	7
24789	2011	287	9849.6	2.4	13.7	0.8176	1	0
24789	2011	288	12700.8	-2.1	14.3	0.7153	0.2	0
24789	2011	289	12096	-1.4	15.3	0.7784	0.2	0
24789	2011	290	11664	-1.1	16.4	0.827	0.6	0
24789	2011	291	11923.2	4.2	20.8	1.028	0.6	0
24789	2011	292	6220.8	4	15.4	1.0222	2.1	11.8
24789	2011	293	3024	2.3	7.2	0.7884	0.2	1.4
24789	2011	294	8035.2	1.1	11	0.7692	0.6	0
24789	2011	295	11318.4	-3.6	10.7	0.6302	0.2	0
24789	2011	296	10886.4	-3.7	12.9	0.6785	0.6	0
24789	2011	297	11059.2	-2.5	15.1	0.6203	1	0
24789	2011	298	6480	-0.3	17.1	0.8152	1	0.7
24789	2011	299	1468.8	9.6	17.4	1.4066	1	2.3
24789	2011	300	10195.2	5.8	17.1	1.1215	0.6	0
24789	2011	301	9590.4	1.9	15.7	0.9168	0.2	0
24789	2011	302	9590.4	0.3	14.1	0.8528	0.2	0
24789	2011	303	9331.2	2.4	16.4	0.9311	0.2	0
24789	2011	304	9244.8	0.7	13.6	0.86	1	0
24789	2011	305	8640	3.8	13.4	0.938	1	0
24789	2011	306	8380.8	3.5	11.8	0.8794	1	0
24789	2011	307	8380.8	0.8	12.9	0.8226	0.6	0
24789	2011	308	7257.6	0	16.6	0.8863	0.6	0
24789	2011	309	7689.6	4.1	22.9	1.1747	0.2	0
24789	2011	310	6566.4	4	17.7	1.0648	0	0
24789	2011	311	8553.6	7.3	21	0.6933	3.2	0
24789	2011	312	7689.6	2.7	21.3	0.8547	1.5	0
24789	2011	313	8121.6	4.3	18.9	1.0235	0.2	0
24789	2011	314	1728	2.6	7.6	0.7904	1	0
24789	2011	315	1296	3.3	6.3	0.7482	0.6	0
24789	2011	316	7344	-2.6	11.1	0.6786	0.2	0
24789	2011	317	5529.6	-3.3	7.1	0.6166	0.2	0
24789	2011	318	4406.4	-3.7	3.9	0.5539	1	0
24789	2011	319	3110.4	-0.5	3.8	0.5919	1	0
24789	2011	320	2246.4	-0.1	2.6	0.5484	1	0
24789	2011	321	7430.4	-4.7	9.2	0.5675	0.6	0
24789	2011	322	6739.2	-2.8	10.9	0.6283	0.6	0
24789	2011	323	3715.2	-4.7	3.6	0.5401	0.6	0
24789	2011	324	6480	-2.8	7.8	0.6143	0.2	0
24789	2011	325	6739.2	-3.8	10.3	0.6247	0	0
24789	2011	326	2419.2	-5	1.8	0.5109	0.6	0
24789	2011	327	1036.8	-0.9	0.5	0.554	1	0
24789	2011	328	3283.2	-0.8	3	0.5756	0.6	0
24789	2011	329	5270.4	-2	4.8	0.5746	1	0
24789	2011	330	3110.4	-3.9	7.2	0.5988	0.2	0.1
24789	2011	331	6393.6	-3	12.6	0.5676	0.6	0
24789	2011	332	4924.8	1.2	10.9	0.7316	0.6	0
24789	2011	333	6048	-3.8	9.8	0.6213	0.6	0
24789	2011	334	2678.4	-2.8	10.6	0.5733	0.2	0
24789	2011	335	5616	-2.3	13	0.6523	0.2	0
24789	2011	336	4752	-2.3	13	0.6255	0.6	0.6
24789	2011	337	1382.4	0.7	7	0.7241	0.6	2
24789	2011	338	1900.8	4.7	10	0.7795	0.6	3.4
24789	2011	339	1296	3.4	9.4	0.663	1	1
24789	2011	340	1382.4	-1.7	5.2	0.61	0.6	11.3
24789	2011	341	432	0.4	5.8	0.6716	1.5	16.2
24789	2011	342	3888	1.4	8.3	0.5437	1.5	0.1
24789	2011	343	4924.8	-0.4	8.7	0.5177	1.5	0
24789	2011	344	1641.6	2.6	5.6	0.7288	0.6	5.9
24789	2011	345	3974.4	0.9	7.5	0.6927	0.6	0
24789	2011	346	3110.4	-2.8	5.8	0.5924	0.2	8.2
24789	2011	347	3456	-1.5	7.8	0.5667	1	0
24789	2011	348	4838.4	0.6	11.5	0.6754	1	2.5
24789	2011	349	1296	1	8.5	0.7627	0.6	1.2
24789	2011	350	604.8	-0.4	13	0.5917	2.1	1.7
24789	2011	351	864	0.5	8.5	0.6821	1	1.8
24789	2011	352	3542.4	-1.7	4	0.5445	0.2	1.2
24789	2011	353	2937.6	-3	1.6	0.5226	0.6	0.2
24789	2011	354	4579.2	-6.4	0.9	0.3794	2.6	8.9
24789	2011	355	1036.8	-2.4	2.5	0.5335	0.2	9.1
24789	2011	356	1209.6	0.2	2.1	0.6175	1	23.3
24789	2011	357	1123.2	0.9	3.8	0.6801	0.6	4.7
24789	2011	358	950.4	0.4	5.6	0.6289	1.5	1.6
24789	2011	359	2678.4	1.6	4.6	0.5189	1	0
24789	2011	360	2419.2	1.8	6.4	0.5978	0.6	0
24789	2011	361	5184	-2.7	7.1	0.5942	0.2	0
24789	2011	362	5184	-4.5	5.6	0.515	0.6	0
24789	2011	363	777.6	-3	4	0.4625	0.6	2.1
24789	2011	364	1209.6	-0.4	3.6	0.5761	1	3.7
24789	2011	365	1468.8	0.2	2.4	0.6108	2.1	33
