*---------------------------------------------------------------------------*
* Station name: INNSBRUCK-UNIV                          
* Year: 2009
* Author: Pedro Alencar                                   -999.000: NIL VALUE
* Source: ECAD 
* Comments: 
* Longitude: 47.26, latitude: 47.26, altitude: 578 m.
*
* Column  Daily value
* 1       station number
* 2       year
* 3       day
* 4       irradiation                   (kJ m-2 d-1)
* 5       minimum temperature           (degrees Celsius)
* 6       maximum temperature           (degrees Celsius)
* 7       early morning vapour pressure (kPa)
* 8       mean wind speed (height: 2 m) (m s-1)
* 9       precipitation                 (mm d-1)
*
** WCCDESCRIPTION=GERMANY, INNSBRUCK-UNIV                          
** WCCFORMAT=2
** WCCYEARNR=2009
*---------------------------------------------------------------------------*
   47.26  11.3842    578.  -0.18 -0.55
24814	2009	1	0	-3.6	3.2	0.5781	0.6	0.3
24814	2009	2	0	-6.1	2	0.4364	2.1	0
24814	2009	3	0	-7.2	-0.1	0.3734	1.5	0
24814	2009	4	0	-10.8	-1.4	0.2753	1	0
24814	2009	5	0	-11.3	-1.9	0.306	1	0
24814	2009	6	0	-7	-1.6	0.3689	1.5	0
24814	2009	7	0	-10.6	-1.6	0.3334	1.5	0
24814	2009	8	0	-7.2	-2.6	0.3441	1.5	0
24814	2009	9	0	-12.4	1.4	0.3125	0.6	0
24814	2009	10	0	-11.8	2.1	0.3155	1.5	0
24814	2009	11	0	-11.6	3.4	0.3249	1	0
24814	2009	12	0	-10.4	5.8	0.3819	0.2	0
24814	2009	13	0	-9.2	6.1	0.4037	1	0
24814	2009	14	0	-6.6	3.4	0.4239	2.1	1.2
24814	2009	15	0	-1.9	3.3	0.5849	1.5	0
24814	2009	16	0	-7.5	4.5	0.449	1.5	0
24814	2009	17	0	-7.7	4.2	0.4139	1.5	0
24814	2009	18	0	-8.1	2.6	0.3644	3.2	0.7
24814	2009	19	0	-2.1	7.9	0.632	4.5	0
24814	2009	20	0	-1.3	2	0.564	0.6	21.9
24814	2009	21	0	0.2	1.8	0.6043	1	2.2
24814	2009	22	0	-2.3	3.9	0.5503	1	0
24814	2009	23	0	-5.2	5	0.5095	4.5	7.4
24814	2009	24	0	-4.5	1.2	0.4711	1.5	0.1
24814	2009	25	0	-3.9	1.6	0.5056	2.1	0
24814	2009	26	0	-7.1	0.6	0.3895	3.8	0
24814	2009	27	0	-5.8	0.2	0.4227	1	2
24814	2009	28	0	-2.5	1.3	0.503	1	0.2
24814	2009	29	0	-2.7	2.3	0.5058	1.5	0
24814	2009	30	0	-1.2	1.3	0.4967	1.5	0
24814	2009	31	0	-3.6	0.3	0.444	2.1	0
24814	2009	32	0	-5.1	2.4	0.3875	3.8	0
24814	2009	33	0	-4.9	11.3	0.4458	5.9	0
24814	2009	34	0	1.8	12.1	0.6986	3.2	0
24814	2009	35	0	-2.8	9.1	0.5284	1.5	0
24814	2009	36	0	-3	12.1	0.4986	3.8	0
24814	2009	37	0	0	12.8	0.6246	5.9	0
24814	2009	38	0	1.5	11.9	0.569	5.9	8.5
24814	2009	39	0	1.2	7.5	0.7	2.1	3.6
24814	2009	40	0	-2	5.9	0.4782	1	0
24814	2009	41	0	-0.8	8.9	0.4733	5.9	0
24814	2009	42	0	-0.7	7.5	0.608	4.5	1.1
24814	2009	43	0	-3.1	2.5	0.4125	3.2	0.5
24814	2009	44	0	-4.2	-1.1	0.4073	2.1	0.5
24814	2009	45	0	-5.4	1.4	0.3747	3.2	2.4
24814	2009	46	0	-6.2	1.9	0.3392	1	0
24814	2009	47	0	-8.6	2.2	0.3041	1.5	0.3
24814	2009	48	0	-1.3	2.3	0.5005	5.2	13.3
24814	2009	49	0	-11.2	2.2	0.3109	1.5	0
24814	2009	50	0	-10.6	-0.8	0.2678	1	0
24814	2009	51	0	-10.4	-1.4	0.3031	0.6	1.9
24814	2009	52	0	-2.5	3.8	0.506	1.5	3.2
24814	2009	53	0	-0.3	4	0.5516	1	1.3
24814	2009	54	0	0	3.6	0.5496	2.1	4.8
24814	2009	55	0	0.1	1.5	0.5374	2.1	7.4
24814	2009	56	0	-4.3	5.4	0.4515	0.6	0
24814	2009	57	0	-6.6	2.7	0.3973	1.5	2.5
24814	2009	58	0	0.1	5	0.5871	1	0
24814	2009	59	0	0.4	11.4	0.6684	1	0
24814	2009	60	0	-2.2	12.9	0.5808	1.5	0.1
24814	2009	61	0	1.9	8.6	0.6744	1.5	1.5
24814	2009	62	0	3.1	7.5	0.6679	1.5	0.1
24814	2009	63	0	-1.4	13.4	0.5235	5.2	0
24814	2009	64	0	0.2	10.8	0.7133	1	7.9
24814	2009	65	0	1.5	5.7	0.6562	0.6	0.4
24814	2009	66	0	1.1	5.1	0.6181	2.6	0
24814	2009	67	0	-4.5	8.4	0.4641	1.5	1.4
24814	2009	68	0	-0.3	7.8	0.5193	7.5	0.7
24814	2009	69	0	0	8.3	0.5834	3.8	5.4
24814	2009	70	0	0.6	7.6	0.6387	4.5	1.2
24814	2009	71	0	-0.8	6.5	0.6073	0.6	16.4
24814	2009	72	0	0	7.8	0.7429	2.6	2.2
24814	2009	73	0	0.7	13.8	0.7334	1	0
24814	2009	74	0	1.2	11.1	0.8123	2.6	1.5
24814	2009	75	0	2.3	13	0.7014	2.6	0
24814	2009	76	0	-1.9	12.3	0.619	1	0
24814	2009	77	0	-1.5	13.2	0.4626	2.1	0
24814	2009	78	0	-2.5	9.9	0.5892	1	2.3
24814	2009	79	0	-2.4	3.1	0.445	1.5	0
24814	2009	80	0	-3.2	5.9	0.3637	1.5	0
24814	2009	81	0	-5.8	12	0.3892	2.1	0
24814	2009	82	0	0.3	15.2	0.5692	7.5	3
24814	2009	83	0	0	10	0.5756	6.7	0.7
24814	2009	84	0	-1.1	5.7	0.5984	3.2	3.2
24814	2009	85	0	0.4	10.5	0.6389	2.6	0.4
24814	2009	86	0	1.7	15.1	0.7932	4.5	0
24814	2009	87	0	-0.1	16.8	0.6807	7.5	1.1
24814	2009	88	0	2.5	11.9	0.934	0.6	22.1
24814	2009	89	0	0.2	8.2	0.6762	2.1	0.1
24814	2009	90	0	2.1	9.6	0.6938	1.5	0
24814	2009	91	0	2.6	21.7	0.9198	3.8	0
24814	2009	92	0	2.1	19.9	0.7869	4.5	0
24814	2009	93	0	4.7	21.3	0.8229	3.8	0
24814	2009	94	0	4.5	20	0.9259	1.5	0
24814	2009	95	0	6.3	20.1	1.0307	2.6	0
24814	2009	96	0	2.6	21.7	0.8349	1.5	0
24814	2009	97	0	3.5	22.1	0.8122	2.1	0
24814	2009	98	0	3.2	21.3	0.7407	0.6	0
24814	2009	99	0	5.4	22.8	0.8196	1	0
24814	2009	100	0	4.9	21.4	0.7252	5.2	0
24814	2009	101	0	3.9	21.3	0.6996	3.8	0
24814	2009	102	0	3.3	22.9	0.7831	1.5	0
24814	2009	103	0	3.4	22.3	0.8	3.2	0
24814	2009	104	0	3.6	22.2	0.8324	1.5	0
24814	2009	105	0	3.1	23.2	0.7856	3.2	0
24814	2009	106	0	6.5	20	0.8516	5.9	7.5
24814	2009	107	0	5.8	16.9	0.8591	1.5	0
24814	2009	108	0	2.2	18.3	0.6862	1.5	0
24814	2009	109	0	3.8	20.2	0.7706	2.6	0
24814	2009	110	0	8	22.3	0.9286	1.5	0
24814	2009	111	0	5.6	21.2	0.9521	2.6	0
24814	2009	112	0	5.9	20.5	0.9095	1.5	1.4
24814	2009	113	0	3.9	16.1	1.0307	3.2	12
24814	2009	114	0	2.8	17.7	0.6862	2.6	0
24814	2009	115	0	2.3	20.9	0.6823	5.9	0
24814	2009	116	0	5.9	18.2	0.7872	5.9	0
24814	2009	117	0	8.4	20.8	0.9627	6.7	0
24814	2009	118	0	12.5	20.8	1.0408	5.2	3.9
24814	2009	119	0	6	13.2	0.9078	2.6	2.5
24814	2009	120	0	5.6	12.2	0.8775	1.5	0.8
24814	2009	121	0	4.2	20.2	0.9796	3.8	8.8
24814	2009	122	0	8.6	15.6	1.2553	2.6	6.1
24814	2009	123	0	5	20.2	0.9036	1	1
24814	2009	124	0	7.8	15.8	1.1892	1.5	9.7
24814	2009	125	0	4.9	15	0.7826	1.5	3.1
24814	2009	126	0	7.1	20	1.008	1	1.4
24814	2009	127	0	5.2	26.1	0.8523	2.6	0
24814	2009	128	0	5.1	26.7	0.866	2.1	0.1
24814	2009	129	0	10.1	25.9	1.1334	4.5	0
24814	2009	130	0	11	26.5	1.1663	4.5	0
24814	2009	131	0	11.1	26.5	1.2999	3.8	0
24814	2009	132	0	10.8	23.1	1.5816	2.1	10
24814	2009	133	0	11.6	20.4	1.4889	1	4.6
24814	2009	134	0	12.7	25	1.3692	3.2	0
24814	2009	135	0	10.7	20.5	1.062	4.5	0
24814	2009	136	0	12	20.3	1.1366	3.2	0
24814	2009	137	0	7	27.9	1.055	3.2	0
24814	2009	138	0	13.1	22.7	1.5154	2.1	6.2
24814	2009	139	0	12.1	22.7	1.4883	1	0.1
24814	2009	140	0	11.1	28.1	1.1613	3.8	0
24814	2009	141	0	10.4	28.3	1.3228	3.2	0.1
24814	2009	142	0	14.3	26.5	1.6508	1	1.7
24814	2009	143	0	10.1	28.1	1.3245	2.6	0.4
24814	2009	144	0	14.4	26.2	1.7358	2.6	0.2
24814	2009	145	0	11.7	32	1.3597	2.1	0
24814	2009	146	0	11.7	29.8	1.2712	3.2	8
24814	2009	147	0	12.2	22.3	1.1794	4.5	0
24814	2009	148	0	7.8	16.9	0.9606	2.1	2.8
24814	2009	149	0	10	18.5	0.925	3.8	0.6
24814	2009	150	0	7.1	19.7	0.9521	3.8	0
24814	2009	151	0	9.2	20.8	1.0389	3.8	0
24814	2009	152	0	6	20.8	0.9521	2.6	0
24814	2009	153	0	7.7	20.5	1.2214	1.5	8.8
24814	2009	154	0	10.1	23.1	1.2073	2.1	0.2
24814	2009	155	0	9.5	22.6	0.9836	3.8	0.1
24814	2009	156	0	5.2	24.3	0.9218	3.2	0
24814	2009	157	0	12	24.5	1.4862	4.5	13.3
24814	2009	158	0	7.5	20.4	1.1141	2.1	0.9
24814	2009	159	0	11.6	22.1	1.1883	2.6	0
24814	2009	160	0	13	21.8	1.27	5.2	5.6
24814	2009	161	0	11.6	22	1.2418	2.6	0.1
24814	2009	162	0	10.8	23.3	1.2228	3.8	2.5
24814	2009	163	0	11.1	24.2	0.887	5.2	0.8
24814	2009	164	0	11.4	25.9	1.2234	3.2	0
24814	2009	165	0	9.3	31.9	1.09	2.1	0
24814	2009	166	0	16.9	27.8	1.7791	2.6	8.9
24814	2009	167	0	14.7	23.3	1.733	2.6	1.1
24814	2009	168	0	11.1	25.8	1.3142	2.1	0
24814	2009	169	0	11.5	31.7	1.3649	2.6	0
24814	2009	170	0	14.4	26.5	2.0159	1	25.1
24814	2009	171	0	10.8	18	1.1961	1.5	0.5
24814	2009	172	0	10.3	15.7	1.0922	1.5	1.3
24814	2009	173	0	8.7	16.2	1.1113	2.6	7
24814	2009	174	0	7.9	12	1.0761	2.6	4.3
24814	2009	175	0	10.4	15.2	1.27	1.5	0.6
24814	2009	176	0	11.2	22.1	1.4382	2.1	4.3
24814	2009	177	0	12.4	22.4	1.5081	2.6	11.3
24814	2009	178	0	14.8	20.3	1.6627	1.5	0.4
24814	2009	179	0	15.5	23.2	1.6815	2.1	0.3
24814	2009	180	0	16.1	23	1.7252	2.6	2.7
24814	2009	181	0	14.7	25	1.5957	3.2	1.5
24814	2009	182	0	13.6	26.2	1.9254	2.1	7.9
24814	2009	183	0	12.1	29.1	1.6955	1.5	8.5
24814	2009	184	0	13.4	20.4	1.6919	1	2.5
24814	2009	185	0	14.5	25.9	1.796	2.1	1.3
24814	2009	186	0	15	26.7	1.6726	1	3.1
24814	2009	187	0	16.1	22.8	1.8048	2.1	5.2
24814	2009	188	0	13.3	21.2	1.6119	1.5	13.7
24814	2009	189	0	11	22.7	1.0541	4.5	0.1
24814	2009	190	0	9.9	23.1	1.1434	2.1	0.6
24814	2009	191	0	12.2	19.1	1.2607	2.6	0.5
24814	2009	192	0	11.5	19.8	1.1719	2.1	0
24814	2009	193	0	7.7	21.1	1.1798	1	0.3
24814	2009	194	0	13.6	27.7	1.6279	2.6	0
24814	2009	195	23587.2	15.8	29.2	1.7681	5.2	0.1
24814	2009	196	15206.4	17.5	24.8	2.0043	2.1	4.5
24814	2009	197	24278.4	16.9	30.9	2.0423	2.6	0
24814	2009	198	16934.4	17.3	26.3	1.6684	5.2	27.7
24814	2009	199	3196.8	7.6	22.4	1.5669	2.1	23.2
24814	2009	200	24019.2	7.8	22.4	1.1313	2.1	0
24814	2009	201	22982.4	11.8	24.4	1.3272	2.1	0
24814	2009	202	23760	11.5	30.6	1.3695	3.2	0.3
24814	2009	203	23414.4	13.9	31.7	1.6621	3.2	0.4
24814	2009	204	21513.6	16	31.9	1.6625	5.2	13.5
24814	2009	205	12182.4	15.5	27	2.0418	1.5	16.5
24814	2009	206	20217.6	14	22.5	1.3397	2.6	0
24814	2009	207	0	8.1	24.8	1.1024	2.6	0
24814	2009	208	27561.6	10.4	30	1.347	2.6	10.7
24814	2009	209	19094.4	15.4	26.5	1.7571	2.6	0
24814	2009	210	28771.2	11.1	28.7	1.5079	2.1	0
24814	2009	211	18316.8	15.2	26.9	1.8924	3.8	6.3
24814	2009	212	17625.6	15.9	23.5	1.6497	2.1	0
24814	2009	213	23587.2	14.3	29	1.6274	2.6	0
24814	2009	214	18921.6	15.7	28.9	2.0962	4.5	6.9
24814	2009	215	7084.8	14.5	19.4	1.7359	1	44
24814	2009	216	4492.8	13.9	16.6	1.5057	2.1	0.2
24814	2009	217	24278.4	13.4	25.2	1.5198	2.6	0
24814	2009	218	25142.4	12.2	28.2	1.4888	2.1	0
24814	2009	219	24796.8	13	29.6	1.5424	2.6	0
24814	2009	220	19180.8	14.4	28	1.8848	1.5	26.5
24814	2009	221	18057.6	15.5	25.6	1.7386	0.6	0.4
24814	2009	222	9763.2	15	22.3	1.8029	2.1	7.9
24814	2009	223	16502.4	15	24.2	1.594	1.5	0
24814	2009	224	24019.2	14.1	26	1.5219	1.5	0
24814	2009	225	22464	12.4	26.6	1.5615	2.6	8.2
24814	2009	226	21513.6	14.6	25.3	1.6056	1.5	0
24814	2009	227	24278.4	12.8	30.2	1.6381	1	0
24814	2009	228	23760	15	31.7	1.6895	1	0
24814	2009	229	23587.2	14.1	30.6	1.6173	1.5	3.3
24814	2009	230	22896	14.9	29.6	1.7415	2.1	0
24814	2009	231	22982.4	15.2	30.9	1.7436	2.1	0
24814	2009	232	23155.2	15.1	33.2	1.7126	1.5	0
24814	2009	233	15897.6	16.4	28.7	2.3738	1.5	26.3
24814	2009	234	5875.2	13.2	21.2	1.7439	1	9.9
24814	2009	235	20563.2	11.8	23	1.3891	2.6	0
24814	2009	236	22291.2	11	29.2	1.4327	0.6	0
24814	2009	237	20649.6	14.4	28.8	1.7769	3.8	0
24814	2009	238	13046.4	16.5	25.6	1.9173	1.5	7
24814	2009	239	20649.6	15.5	28.2	1.7519	1	0.3
24814	2009	240	19699.2	16.1	29.2	1.7843	2.6	21.9
24814	2009	241	5616	11.9	24.1	1.7722	2.6	5.7
24814	2009	242	22809.6	9.4	22.5	1.1403	1	0
24814	2009	243	21859.2	8.3	25.3	1.28	2.1	0
24814	2009	244	21427.2	12.5	28.9	1.5598	1	6.3
24814	2009	245	16588.8	16.6	25.3	1.9056	3.2	9.3
24814	2009	246	11491.2	14.3	23.7	1.6453	2.6	15
24814	2009	247	6307.2	12.9	19.3	1.6081	2.1	6.7
24814	2009	248	21859.2	8.4	19.4	0.9518	2.6	0
24814	2009	249	21168	5.9	20.4	0.982	1.5	0
24814	2009	250	19180.8	6.1	22.9	1.0884	1	0
24814	2009	251	19958.4	6.9	23.5	1.1214	1.5	0
24814	2009	252	18489.6	7.2	22.6	1.1676	1.5	0
24814	2009	253	16156.8	8.8	24	1.4342	1.5	4.9
24814	2009	254	7948.8	13.4	19.1	1.5497	1.5	7.4
24814	2009	255	14860.8	12.5	20.2	1.3925	2.1	0
24814	2009	256	9936	12.9	18.8	1.5107	2.1	23.3
24814	2009	257	3801.6	8.6	13.9	1.2001	1.5	7.6
24814	2009	258	17539.2	6.9	22	0.9863	5.9	0
24814	2009	259	8208	9.6	18.1	1.3124	2.1	1.8
24814	2009	260	11923.2	12.9	21.3	1.5188	1.5	2
24814	2009	261	16416	14.4	23.9	1.6829	2.6	0
24814	2009	262	17712	11.9	26.2	1.4744	5.2	0
24814	2009	263	17798.4	10.4	23.7	1.3587	2.1	0
24814	2009	264	16761.6	15.3	24	1.5989	2.6	0
24814	2009	265	16502.4	13.6	25.3	1.5341	1	0
24814	2009	266	16416	12.3	24.8	1.5144	1.5	0
24814	2009	267	13910.4	12.7	23.8	1.5281	1	0
24814	2009	268	14947.2	14.4	22.9	1.6527	1.5	2.5
24814	2009	269	16588.8	12.9	22.4	1.4716	2.6	0
24814	2009	270	13564.8	8.4	21.9	1.3069	0.2	0
24814	2009	271	13910.4	12.2	23.5	1.4698	1.5	0
24814	2009	272	15552	8.7	22.6	1.2784	1.5	0
24814	2009	273	15465.6	7.4	21.6	1.1709	1.5	0
24814	2009	274	12268.8	9	21.3	1.2897	1	0
24814	2009	275	13910.4	10.1	18.5	1.0908	2.1	0.1
24814	2009	276	14860.8	7.6	20	1.119	1	0
24814	2009	277	15120	5	20.4	1.0563	2.1	0
24814	2009	278	10540.8	4.8	18.8	1.0233	2.1	0
24814	2009	279	9331.2	8	20.9	1.2493	2.1	0.2
24814	2009	280	13651.2	11.2	25.9	1.5571	0.6	0
24814	2009	281	8726.4	12.5	23	1.5417	2.1	0.7
24814	2009	282	8640	14.4	19	1.5187	2.6	4.6
24814	2009	283	8035.2	12.9	18.7	1.488	1.5	1.2
24814	2009	284	12441.6	10.4	17.6	1.1815	2.1	11.5
24814	2009	285	7516.8	4.6	12.7	0.9748	5.9	20.8
24814	2009	286	4579.2	1.7	8.3	0.6802	2.6	9.7
24814	2009	287	11750.4	0.6	7.3	0.5834	1	0
24814	2009	288	8380.8	0.3	5.6	0.5889	1.5	1.1
24814	2009	289	5270.4	-0.2	5.5	0.6357	1	5.8
24814	2009	290	3456	2.9	5.9	0.7527	1.5	1.6
24814	2009	291	4579.2	2.7	6.3	0.7243	1.5	0.4
24814	2009	292	11750.4	1.5	8.4	0.6518	1.5	0
24814	2009	293	12182.4	-3.9	11.6	0.5874	0.6	0
24814	2009	294	8294.4	-0.6	15.7	0.6031	3.2	0
24814	2009	295	3974.4	7.4	16.7	1.209	2.6	1.9
24814	2009	296	5702.4	7.7	12.4	1.0095	1.5	9.3
24814	2009	297	9417.6	7.1	13.2	1.0163	1	0
24814	2009	298	5356.8	4.7	13.3	0.9408	0.6	0
24814	2009	299	8035.2	2.3	13.3	0.8567	1.5	0
24814	2009	300	9849.6	6	15	0.9515	1	0
24814	2009	301	8985.6	0.4	13.7	0.7436	1.5	0
24814	2009	302	9676.8	-0.1	15.6	0.8116	1	0
24814	2009	303	6134.4	2.7	12.2	0.8158	2.6	0
24814	2009	304	8640	-0.3	11.5	0.7274	1	0
24814	2009	305	9417.6	-1	14.1	0.7379	1.5	0.1
24814	2009	306	1814.4	0.3	11.1	0.8057	4.5	9.7
24814	2009	307	7084.8	3.1	8.7	0.7705	2.1	0.2
24814	2009	308	2592	2.2	7.5	0.7853	3.2	3.1
24814	2009	309	9158.4	-0.7	9.8	0.6761	1.5	0
24814	2009	310	3024	-0.5	6	0.6849	1	0.4
24814	2009	311	8467.2	1.1	12.1	0.682	3.2	0
24814	2009	312	4060.8	1.3	6.9	0.6715	2.6	1.4
24814	2009	313	5443.2	3.6	8.5	0.7692	1	0.5
24814	2009	314	1987.2	3.9	6.1	0.75	1	0.2
24814	2009	315	4060.8	3.5	7.5	0.7224	0.6	0
24814	2009	316	5356.8	-2.5	6	0.5338	2.6	0
24814	2009	317	6220.8	-0.9	11.4	0.7454	0.6	0
24814	2009	318	3801.6	0.8	14.5	0.827	4.5	0
24814	2009	319	3801.6	2.9	10.3	0.8281	2.6	0.4
24814	2009	320	3628.8	5.3	11.7	0.9871	2.1	0
24814	2009	321	6998.4	2.2	15	0.8933	3.2	0.8
24814	2009	322	4665.6	5.7	12.7	1.0349	0.6	2.6
24814	2009	323	6739.2	4	11.5	0.8222	1.5	0
24814	2009	324	3974.4	-1.4	10.4	0.699	1	0
24814	2009	325	5961.6	-1.1	12.6	0.689	1.5	0
24814	2009	326	5702.4	-2.1	12.5	0.6279	0.6	0.5
24814	2009	327	6566.4	1.4	12.2	0.7704	1.5	0.4
24814	2009	328	2246.4	4.7	9.5	0.8873	2.1	0.7
24814	2009	329	5443.2	2.4	9.4	0.7798	1.5	0
24814	2009	330	5097.6	0.1	9.9	0.6977	1	0
24814	2009	331	5184	-0.9	8.6	0.6437	1	0.3
24814	2009	332	5356.8	1.5	8.9	0.7517	1	0
24814	2009	333	4752	-0.6	12.8	0.5365	8.4	0.3
24814	2009	334	1036.8	5.5	13.1	0.8663	6.7	25.5
24814	2009	335	1209.6	2.1	5.5	0.7296	0.6	1.4
24814	2009	336	5097.6	-0.3	5.6	0.5839	2.1	0
24814	2009	337	5184	-3.9	5.3	0.5271	1	1.1
24814	2009	338	1123.2	-2.7	0.9	0.5493	0.2	8
24814	2009	339	4406.4	-0.2	3.8	0.6052	1	0
24814	2009	340	3196.8	-3	2.5	0.534	1	0
24814	2009	341	2678.4	1.1	6.1	0.7115	1	0.5
24814	2009	342	1468.8	2.1	6.2	0.7396	1	5.9
24814	2009	343	5443.2	0.1	6.8	0.6336	1	0
24814	2009	344	2678.4	-4.1	3.2	0.5026	1.5	0.6
24814	2009	345	1209.6	-1.1	3.7	0.6108	2.6	4.7
24814	2009	346	1468.8	0.3	2	0.5644	2.1	0.1
24814	2009	347	3715.2	-1.3	1.2	0.4444	2.6	0
24814	2009	348	2505.6	-3.9	-1.1	0.3509	3.2	0
24814	2009	349	3196.8	-5.6	-2.3	0.3149	1.5	0.2
24814	2009	350	4838.4	-5.4	-1.5	0.308	1	0
24814	2009	351	2332.8	-6.3	-3.6	0.2835	1.5	0
24814	2009	352	5356.8	-11	-4.4	0.2262	1	0
24814	2009	353	3456	-11.4	-5.7	0.2438	1	0.7
24814	2009	354	5184	-14.6	-5.6	0.23	1.5	0.2
24814	2009	355	4060.8	-10.2	4.2	0.3185	3.8	0
24814	2009	356	4147.2	-2.4	5.8	0.5526	5.9	0.2
24814	2009	357	1296	0.3	4.9	0.6555	3.8	2.1
24814	2009	358	3369.6	0.6	13.8	0.7512	6.7	0.1
24814	2009	359	259.2	1.4	13.8	0.9703	2.6	15.9
24814	2009	360	4665.6	-3.9	2.1	0.4635	1.5	0
24814	2009	361	3888	-5.7	1.8	0.4449	1	0
24814	2009	362	4838.4	-5.2	2.4	0.4468	1.5	0
24814	2009	363	3369.6	-3.9	3.9	0.501	3.2	0
24814	2009	364	3628.8	-0.7	6.1	0.6083	3.8	0
24814	2009	365	2332.8	-2.8	4.5	0.5978	1.5	1
