*---------------------------------------------------------------------------*
* Station name: INNSBRUCK-UNIV                          
* Year: 2004
* Author: Pedro Alencar                                   -999.000: NIL VALUE
* Source: ECAD 
* Comments: 
* Longitude: 47.26, latitude: 47.26, altitude: 578 m.
*
* Column  Daily value
* 1       station number
* 2       year
* 3       day
* 4       irradiation                   (kJ m-2 d-1)
* 5       minimum temperature           (degrees Celsius)
* 6       maximum temperature           (degrees Celsius)
* 7       early morning vapour pressure (kPa)
* 8       mean wind speed (height: 2 m) (m s-1)
* 9       precipitation                 (mm d-1)
*
** WCCDESCRIPTION=GERMANY, INNSBRUCK-UNIV                          
** WCCFORMAT=2
** WCCYEARNR=2004
*---------------------------------------------------------------------------*
   47.26  11.3842    578.  -0.18 -0.55
24814	2004	1	2160	-3.6	0.9	0.4982	1.5	0.8
24814	2004	2	3110.4	-3.4	-0.4	0.4731	1	0.4
24814	2004	3	3369.6	-4.3	-1.5	0.3949	2.6	0
24814	2004	4	2332.8	-6.5	-4	0.3392	1.5	3
24814	2004	5	3542.4	-5.1	4.7	0.4757	2.1	0
24814	2004	6	3196.8	-1.1	2.7	0.6021	0.6	7
24814	2004	7	2505.6	-0.7	2.8	0.6263	0	3.5
24814	2004	8	4233.6	-1.8	3.3	0.5935	1	0.8
24814	2004	9	2419.2	-2.2	2.6	0.5889	2.1	15.3
24814	2004	10	3110.4	-0.2	3.5	0.6332	0.6	0
24814	2004	11	3974.4	-3.2	2.8	0.5359	3.8	5.7
24814	2004	12	3196.8	1.5	5.1	0.7276	3.8	3.7
24814	2004	13	604.8	0.4	3.7	0.6728	3.8	15.4
24814	2004	14	6998.4	1.4	9.3	0.7059	0.6	0
24814	2004	15	777.6	-0.5	3.5	0.5175	2.6	0.1
24814	2004	16	4665.6	-4.8	4.7	0.4444	3.2	0
24814	2004	17	1728	-1.8	3.9	0.5801	2.6	1
24814	2004	18	1382.4	-2.1	1.8	0.5862	0.6	3.2
24814	2004	19	6393.6	-4.3	3	0.4545	0.6	2.1
24814	2004	20	1209.6	-2.5	1.6	0.5677	0.6	9.4
24814	2004	21	3628.8	-3.2	1.1	0.481	3.2	1.3
24814	2004	22	7689.6	-5	0.4	0.3974	0.6	0
24814	2004	23	7516.8	-11.7	0.2	0.3305	0.2	0
24814	2004	24	7171.2	-12.9	-1.3	0.2908	0.6	3.1
24814	2004	25	3715.2	-5.1	1.2	0.4979	1.5	0.4
24814	2004	26	5097.6	-9.1	0	0.3184	2.1	0
24814	2004	27	3542.4	-5.4	0.8	0.4645	2.1	0.4
24814	2004	28	8035.2	-2.4	1.1	0.4895	2.1	0
24814	2004	29	4492.8	-10.7	0.3	0.3031	1.5	0
24814	2004	30	9072	-11.4	2.9	0.3034	1	0
24814	2004	31	8812.8	-10.8	5	0.3258	2.1	0
24814	2004	32	7344	-4.8	8.7	0.5133	2.1	0
24814	2004	33	6393.6	-6.3	7.7	0.4757	0.6	0
24814	2004	34	8294.4	-3.1	11.5	0.635	0.2	0
24814	2004	35	5443.2	-4.6	6.1	0.5354	0.2	0
24814	2004	36	9763.2	-6	13.4	0.5653	0.2	0
24814	2004	37	9244.8	-4	12.5	0.5958	0.6	0
24814	2004	38	3628.8	-2.7	6.3	0.5635	0.6	0.9
24814	2004	39	3542.4	-1.9	6.1	0.5899	4.5	2
24814	2004	40	9936	-0.8	3.2	0.3865	6.7	0
24814	2004	41	9936	-6.3	3.2	0.3764	1	1.5
24814	2004	42	2764.8	-3.2	3.7	0.5849	2.6	10.4
24814	2004	43	2851.2	-1.8	2.4	0.5932	2.1	5.6
24814	2004	44	5875.2	-2.8	3.6	0.5472	1	0
24814	2004	45	8380.8	-0.2	6.3	0.6464	1	0
24814	2004	46	3974.4	0.4	4.7	0.6238	0.6	0
24814	2004	47	8553.6	0.7	8	0.675	0.6	0
24814	2004	48	11404.8	-3.9	9.8	0.5587	1	0
24814	2004	49	7430.4	-3.2	5.8	0.5705	1	0.6
24814	2004	50	6825.6	-1.1	3.6	0.4615	3.2	0
24814	2004	51	12182.4	-4.8	11	0.4655	3.8	0
24814	2004	52	3369.6	-0.6	13.3	0.5937	5.9	0
24814	2004	53	7862.4	3.9	15.3	0.7884	3.2	0
24814	2004	54	1814.4	-1.9	10.6	0.775	1.5	14.4
24814	2004	55	8553.6	-5.5	-0.1	0.4426	0.6	1.6
24814	2004	56	13996.8	-11.6	2.6	0.3371	2.1	0
24814	2004	57	10713.6	-9.7	3.9	0.3949	0.6	4.2
24814	2004	58	6393.6	-3.1	0.3	0.4633	0.6	3.4
24814	2004	59	8294.4	-8.9	-0.6	0.305	0.6	0.3
24814	2004	60	9331.2	-5.2	1.5	0.4536	2.6	0.3
24814	2004	61	7430.4	-5	-0.8	0.4147	2.6	0.2
24814	2004	62	10540.8	-9.3	2.7	0.3306	0.6	0
24814	2004	63	13392	-5.5	8.2	0.5119	1.5	0
24814	2004	64	13824	-7	9.4	0.4598	0.6	0
24814	2004	65	14860.8	-6.6	7	0.434	3.2	0
24814	2004	66	8899.2	-3.6	9.2	0.5155	3.2	3.3
24814	2004	67	5097.6	0.4	5.2	0.6948	0.6	5.7
24814	2004	68	6048	-0.9	1.7	0.5975	0.6	3.8
24814	2004	69	11404.8	-2.1	4.2	0.4483	2.1	0
24814	2004	70	15984	-6.5	7.4	0.3851	3.2	0
24814	2004	71	10972.8	-1.4	7.6	0.5189	1.5	0
24814	2004	72	14601.6	-3.2	12.8	0.4816	3.8	0
24814	2004	73	14774.4	-0.3	16.2	0.5877	5.9	0
24814	2004	74	12355.2	2	14.6	0.7441	2.6	0
24814	2004	75	16588.8	-1	19.4	0.7093	0.6	0
24814	2004	76	17625.6	-1.4	20.9	0.724	0.2	0
24814	2004	77	18144	-0.7	23.4	0.8054	0.2	0
24814	2004	78	18057.6	0	24.4	0.795	1	0
24814	2004	79	17452.8	1.7	21.4	0.8569	1	0
24814	2004	80	11491.2	5.6	19.2	0.935	2.1	0
24814	2004	81	17798.4	3.6	19.5	0.9113	8.4	5.6
24814	2004	82	13824	4.1	13.4	0.8235	3.8	2.7
24814	2004	83	3715.2	1.5	6.8	0.7724	1.5	11.5
24814	2004	84	4752	0.6	5.3	0.6569	5.2	2.1
24814	2004	85	7862.4	1.2	5.1	0.6586	3.2	0.7
24814	2004	86	6912	0	3.5	0.6447	1	0.5
24814	2004	87	20476.8	-2.9	8.1	0.5156	1.5	0
24814	2004	88	19526.4	-2.6	12.2	0.5934	2.1	0
24814	2004	89	20476.8	-2.4	17	0.6542	1.5	0
24814	2004	90	21081.6	-1.8	19.4	0.5886	4.5	0
24814	2004	91	18230.4	2.1	18.9	0.6851	4.5	0
24814	2004	92	20044.8	2.3	20.2	0.8001	2.1	0
24814	2004	93	19699.2	3.8	19.3	0.7209	5.2	0
24814	2004	94	16848	6.4	18.9	0.9505	2.1	0
24814	2004	95	12528	8	16.8	1.1508	1	4.4
24814	2004	96	11836.8	6.8	13.3	0.8495	2.1	2.3
24814	2004	97	8640	4.3	10.2	0.8353	1	0.9
24814	2004	98	15292.8	2.4	10.2	0.6967	2.1	0.5
24814	2004	99	21513.6	-2.1	12.7	0.561	2.1	0
24814	2004	100	12009.6	-0.6	10.8	0.5796	1.5	2.5
24814	2004	101	7862.4	4.1	9	0.8835	2.1	10.4
24814	2004	102	13478.4	2.8	10.8	0.7704	2.6	0.9
24814	2004	103	11404.8	3.1	10.7	0.6862	1.5	0.9
24814	2004	104	6048	3.5	8	0.7809	0.2	0.5
24814	2004	105	20217.6	3.8	14	0.7293	1	0
24814	2004	106	17193.6	1.5	17.3	0.7307	3.8	0
24814	2004	107	24105.6	2.4	17.6	0.7116	6.7	0
24814	2004	108	11404.8	5.3	17.3	0.8295	1	1.2
24814	2004	109	20476.8	8.2	19.5	0.9804	5.9	0
24814	2004	110	3456	4.7	14.1	1.0489	3.8	8.8
24814	2004	111	25056	1.8	16	0.7635	1.5	0
24814	2004	112	24796.8	6.2	22.4	0.8791	1.5	0
24814	2004	113	24969.6	4.1	24.1	0.7875	2.6	0
24814	2004	114	18144	6.7	23.4	1.0081	3.8	15.4
24814	2004	115	10713.6	9.3	17.3	1.068	1	0.9
24814	2004	116	9158.4	5.8	11	0.8373	1.5	0
24814	2004	117	25401.6	4.4	18	0.8107	2.1	0
24814	2004	118	22896	3.5	21.4	0.7649	1.5	0
24814	2004	119	24364.8	5.8	22.8	0.814	3.2	0
24814	2004	120	24883.2	7.3	22.4	0.8097	3.2	0
24814	2004	121	10627.2	14.2	19.6	0.8652	4.5	0
24814	2004	122	19872	9.9	20.5	1.0868	4.5	16.2
24814	2004	123	16243.2	9.8	17	1.1825	1.5	3.7
24814	2004	124	16416	5.5	18.4	0.7821	2.6	0
24814	2004	125	6393.6	8.6	16.9	0.8684	2.6	0
24814	2004	126	9936	8.4	17.2	0.8712	4.5	9.8
24814	2004	127	11232	5.4	11.8	0.8152	1	2.6
24814	2004	128	17798.4	4	13.4	0.7195	3.2	0.1
24814	2004	129	22204.8	4.8	15.6	0.7212	2.1	0
24814	2004	130	11404.8	5.9	11.2	0.8124	2.1	0.6
24814	2004	131	12441.6	6.4	14	0.858	2.1	0
24814	2004	132	23846.4	2.8	19.8	0.7225	1	0
24814	2004	133	23500.8	4.6	21.4	0.8977	3.2	0.9
24814	2004	134	6912	9.2	13.3	1.0801	2.1	0.6
24814	2004	135	14083.2	7.5	15	0.8267	2.6	0
24814	2004	136	22723.2	7.1	20.3	0.8143	1	5.2
24814	2004	137	8640	9.5	16.9	1.3339	1.5	10.3
24814	2004	138	27907.2	3.9	22.1	0.8528	1.5	0
24814	2004	139	27907.2	5.6	26.1	0.8992	1.5	0
24814	2004	140	27648	9.9	26.4	0.9153	2.1	0
24814	2004	141	28684.8	7.9	29.1	0.9568	1.5	1.1
24814	2004	142	12009.6	13.4	24	1.9593	1	21.9
24814	2004	143	4233.6	7.9	13.7	1.1648	0.6	4.3
24814	2004	144	17625.6	5.7	12.6	0.7417	2.1	2.7
24814	2004	145	29548.8	1.2	18	0.6331	2.6	0
24814	2004	146	29980.8	2.4	22.2	0.7145	2.1	0
24814	2004	147	20476.8	5.5	24	0.9888	1	1.5
24814	2004	148	14774.4	6.7	18.4	1.2057	0.6	16.7
24814	2004	149	10195.2	9.4	14.3	1.1238	2.6	0.4
24814	2004	150	26352	6.8	19	0.7878	2.1	0
24814	2004	151	29808	4.3	23.4	0.6799	2.1	0
24814	2004	152	12700.8	8.8	20.9	1.1976	0.6	7.9
24814	2004	153	13824	9.8	16.7	1.2166	1.5	6.8
24814	2004	154	14515.2	10.6	17.7	1.2737	2.1	5.7
24814	2004	155	5875.2	10.3	13.3	1.1754	2.6	11.1
24814	2004	156	8467.2	10	16.4	1.3187	1	2.6
24814	2004	157	12700.8	10.9	17	1.321	1	3.7
24814	2004	158	27648	9.5	20.2	1.1301	2.6	0.2
24814	2004	159	30067.2	6.8	26	1.0431	3.2	0
24814	2004	160	27907.2	10.1	29.2	1.1878	1	0
24814	2004	161	29116.8	10.9	31.8	1.2427	2.1	0
24814	2004	162	26697.6	13.2	32.3	1.3809	3.2	4.3
24814	2004	163	15984	14.5	27	1.9068	1.5	6.5
24814	2004	164	9763.2	13.8	18.9	1.5968	1	9.4
24814	2004	165	11491.2	10.4	14.9	1.1844	0.6	1.3
24814	2004	166	27216	10.1	21.3	1.0688	2.6	0
24814	2004	167	18921.6	8.5	23.3	1.1547	2.1	0.4
24814	2004	168	9504	13.5	18.8	1.4849	1.5	0.2
24814	2004	169	29030.4	7.5	27.6	0.9816	1.5	0
24814	2004	170	12960	11.5	23	1.258	2.1	0
24814	2004	171	15292.8	10	22	1.5616	2.6	15.8
24814	2004	172	7257.6	10.5	13	1.1577	2.6	11.4
24814	2004	173	24451.2	8.4	21.3	1.0289	2.1	0
24814	2004	174	17452.8	11.1	20.2	1.4383	2.6	5.4
24814	2004	175	17539.2	11.6	25.3	1.5686	2.1	8.3
24814	2004	176	23500.8	14.8	24.1	1.5115	2.6	7.3
24814	2004	177	16934.4	12.4	20.2	1.4621	3.2	2.3
24814	2004	178	27734.4	10	25.5	1.2172	2.6	0
24814	2004	179	16848	14.1	28.1	1.5486	1.5	4.7
24814	2004	180	24624	16.6	26.2	1.8317	3.2	0
24814	2004	181	25488	15.6	24.5	1.2175	2.6	0
24814	2004	182	28857.6	10	26.9	1.1658	2.6	0
24814	2004	183	10972.8	13.4	24.5	1.6839	2.1	6.3
24814	2004	184	11750.4	13.8	18	1.5877	2.1	3.8
24814	2004	185	27648	10.1	23.4	1.2569	3.2	0
24814	2004	186	22982.4	14.4	25	1.6039	2.6	0.3
24814	2004	187	18835.2	13.1	27.2	1.5078	0.6	1.3
24814	2004	188	8812.8	15.3	22.8	1.8705	2.6	0.4
24814	2004	189	18057.6	12.6	27.3	1.5358	5.2	0
24814	2004	190	19353.6	17.3	29	1.6127	5.9	24.4
24814	2004	191	17625.6	11.3	25.4	1.7273	1.5	8.5
24814	2004	192	16675.2	10.4	17	1.2527	0.6	13.1
24814	2004	193	15897.6	9.9	17.8	1.2492	1.5	0.5
24814	2004	194	17712	10.1	18.1	1.2856	2.6	1.5
24814	2004	195	13564.8	10	17.4	1.2058	0.6	0.4
24814	2004	196	24364.8	10.7	21	1.2769	0.6	1.9
24814	2004	197	15120	12.6	22.6	1.688	1.5	0.4
24814	2004	198	21427.2	12.4	27	1.581	1.5	0.2
24814	2004	199	22204.8	12	29.7	1.5742	2.6	3.6
24814	2004	200	21772.8	14.4	29.8	1.7788	2.1	0.2
24814	2004	201	18144	17.8	27.8	2.2161	1	1.8
24814	2004	202	22204.8	14.7	30.5	1.6968	6.7	2.9
24814	2004	203	21945.6	13.5	29.3	1.7299	2.1	6.8
24814	2004	204	22032	16	30.5	1.964	1.5	0.2
24814	2004	205	14774.4	16.4	27.8	2.0443	3.2	3.3
24814	2004	206	6048	15	22.6	2.0799	1	9.8
24814	2004	207	25142.4	15.5	25.7	1.6471	2.1	0
24814	2004	208	16934.4	12.3	23.4	1.4494	1	3.7
24814	2004	209	16675.2	12.8	20.3	1.4479	1.5	0.1
24814	2004	210	28512	8.9	22.7	1.0398	2.6	0
24814	2004	211	27388.8	8	25.7	1.1308	1.5	0
24814	2004	212	25142.4	10.6	28.6	1.389	2.6	0
24814	2004	213	24278.4	13.5	29.7	1.5452	2.1	0
24814	2004	214	21168	13.9	29.5	1.451	3.8	0
24814	2004	215	24451.2	14.2	28.4	1.5424	3.2	0
24814	2004	216	24105.6	14.1	29.1	1.5452	2.6	0
24814	2004	217	23932.8	14	29.1	1.4378	2.1	0
24814	2004	218	23155.2	15	31	1.7944	2.1	0
24814	2004	219	21772.8	15.5	29.6	1.7735	1.5	0.7
24814	2004	220	15552	16.6	27.2	1.8097	1	0.6
24814	2004	221	18748.8	12.7	28.1	1.8183	2.6	0.1
24814	2004	222	25315.2	11.5	29.8	1.3363	2.6	0
24814	2004	223	21686.4	13.5	29.8	1.3949	3.2	0
24814	2004	224	11232	18.1	27.1	2.0799	1	0
24814	2004	225	21600	16.6	32.4	1.8102	3.8	4.9
24814	2004	226	24710.4	15.4	27.8	1.6482	2.6	0
24814	2004	227	7862.4	12.6	19.1	1.3488	1.5	2.1
24814	2004	228	23500.8	13.2	23.7	1.611	1.5	0
24814	2004	229	19440	9.9	29.6	1.356	2.1	5.1
24814	2004	230	17020.8	15.4	27.7	1.5661	3.8	0.1
24814	2004	231	17452.8	16.2	29.6	1.4771	4.5	0
24814	2004	232	14860.8	15.5	30.1	1.6621	3.8	5.9
24814	2004	233	5961.6	15.6	24.8	2.1741	0.6	12.3
24814	2004	234	7344	12	15.7	1.4705	1	5.6
24814	2004	235	23068.8	10.7	22	1.2625	2.1	0
24814	2004	236	18662.4	10.4	27.1	1.3391	1.5	0.1
24814	2004	237	8467.2	15	23.2	1.9867	1	11.1
24814	2004	238	15120	14	22.8	1.775	0.6	31.2
24814	2004	239	8294.4	11.8	16.2	1.469	2.1	5.4
24814	2004	240	22204.8	11.1	21.5	1.3326	1.5	0
24814	2004	241	20995.2	8	25.5	1.3331	1	6.9
24814	2004	242	11836.8	14.3	22.3	1.7429	1.5	2.3
24814	2004	243	17712	12.6	24.5	1.6424	3.2	18.2
24814	2004	244	7344	11.8	19.3	1.5702	0.6	0.6
24814	2004	245	20649.6	11.9	22.2	1.3975	0.6	0
24814	2004	246	20822.4	9.1	25.8	1.4532	0.6	0
24814	2004	247	17280	11.7	27.5	1.7989	0.6	12.1
24814	2004	248	13305.6	14.3	24.5	1.9791	0.6	5
24814	2004	249	19699.2	11.9	25.4	1.5239	2.1	0
24814	2004	250	19872	10.2	26.5	1.5377	1	0
24814	2004	251	19440	11	26.6	1.5382	0.6	0
24814	2004	252	19008	10.8	24.6	1.274	1.5	0
24814	2004	253	19180.8	9.3	23.4	1.1883	2.1	0
24814	2004	254	19699.2	7.9	26.6	1.3956	1	0
24814	2004	255	12960	10	25.1	1.5024	1	0
24814	2004	256	3715.2	12.7	19	1.7085	1.5	7.1
24814	2004	257	18057.6	11.7	23.3	1.2581	3.2	0
24814	2004	258	12441.6	9.7	24.1	1.3074	3.8	7.4
24814	2004	259	3542.4	12.2	18.8	1.6531	0.2	10.9
24814	2004	260	4492.8	10.5	14.5	1.3176	0.2	0.1
24814	2004	261	17366.4	9.3	19.8	1.2574	1.5	0
24814	2004	262	18230.4	6.4	23.4	1.2692	1.5	0
24814	2004	263	17020.8	7.8	23.2	1.1783	1.5	0
24814	2004	264	15292.8	10.7	22.7	1.4048	1	0
24814	2004	265	13132.8	9.6	21	1.2154	1.5	0
24814	2004	266	8467.2	5	16	0.8246	1	3.8
24814	2004	267	10108.8	9.4	19.6	1.4513	0.6	19.1
24814	2004	268	10108.8	8.4	16	1.1642	1.5	3
24814	2004	269	5097.6	6.7	9.6	0.964	0.2	3.2
24814	2004	270	6480	7.4	11.9	0.9468	0.2	3.2
24814	2004	271	15465.6	7.3	17.3	1.129	1.5	0
24814	2004	272	10713.6	7.4	18.4	1.2486	0.6	0
24814	2004	273	9072	6.3	17	1.1364	1.5	1
24814	2004	274	11404.8	10.7	19.1	1.4384	0.2	1.5
24814	2004	275	7171.2	11.6	17	1.514	0.2	3
24814	2004	276	13996.8	10.7	21.3	1.4344	0.6	0
24814	2004	277	13996.8	11.8	20.8	1.4806	1	0
24814	2004	278	12441.6	7.5	22.3	1.3199	0.6	0
24814	2004	279	13824	7.6	24.5	1.3297	1.5	0
24814	2004	280	12355.2	8.2	23.9	1.4026	1	2.6
24814	2004	281	8899.2	13.8	20.3	1.5722	1	0
24814	2004	282	11491.2	10.3	24.6	1.5527	0.6	7.8
24814	2004	283	9849.6	11.5	19.2	1.4806	3.2	0.5
24814	2004	284	3974.4	9.5	15.5	1.3611	1.5	8.9
24814	2004	285	4924.8	6.9	10.3	0.9827	2.1	0
24814	2004	286	6825.6	7.9	13.1	1.091	1	0
24814	2004	287	10454.4	5	16.4	0.9899	1	0
24814	2004	288	10972.8	4.8	17.3	0.8159	4.5	0
24814	2004	289	11923.2	7	16.4	0.8654	3.8	9.5
24814	2004	290	5961.6	3.9	13.4	0.986	1.5	3.2
24814	2004	291	9763.2	2	11.7	0.7334	0.6	0
24814	2004	292	11664	3.2	16	0.8481	2.6	0
24814	2004	293	5529.6	4	13.3	0.8852	3.2	0.2
24814	2004	294	8640	7.2	20.1	1.0458	2.6	0
24814	2004	295	6220.8	9.9	18.2	1.3936	3.2	1.9
24814	2004	296	7603.2	11.2	19.2	1.4836	0.2	0
24814	2004	297	9849.6	5.6	19.5	1.1767	0.6	0
24814	2004	298	10886.4	6.2	20.7	1.1555	2.1	0
24814	2004	299	8812.8	6.1	19.1	1.1514	1	0
24814	2004	300	7948.8	7.3	16.3	1.1616	3.2	6.7
24814	2004	301	4233.6	9.2	12.4	1.1519	1.5	1.1
24814	2004	302	4665.6	6.2	17.5	0.8186	3.8	0
24814	2004	303	8726.4	7.2	19.8	0.9738	5.9	0
24814	2004	304	7430.4	6.4	18.8	1.0494	2.6	3.1
24814	2004	305	3110.4	5.9	12.1	1.0555	0.2	9.5
24814	2004	306	4320	5.7	12.7	1.0117	2.6	2.4
24814	2004	307	3888	8.9	13.7	1.1773	2.1	0.8
24814	2004	308	3715.2	7.1	13.6	1.1304	0.6	0
24814	2004	309	6134.4	8.6	17.1	1.2445	3.2	0
24814	2004	310	2937.6	5.5	12.1	1.064	0.6	1.6
24814	2004	311	2332.8	6.5	10.7	0.871	0.6	0
24814	2004	312	1036.8	1.8	6.7	0.7696	1.5	10.4
24814	2004	313	4060.8	0.5	3.7	0.6539	1.5	5.8
24814	2004	314	6134.4	-1.3	4.2	0.5428	2.1	1.1
24814	2004	315	3196.8	-1	2.3	0.5572	1	1.5
24814	2004	316	6566.4	-1	5.3	0.6134	1	0
24814	2004	317	6998.4	-1.6	10.3	0.7167	1	0
24814	2004	318	1468.8	1.1	4.9	0.682	1	5.7
24814	2004	319	3715.2	-2	2.7	0.564	2.6	0.3
24814	2004	320	6048	-3	3.2	0.5108	0.6	0
24814	2004	321	5961.6	-6.8	4.9	0.4618	1	0
24814	2004	322	3196.8	-3.6	3.6	0.4888	0.2	0
24814	2004	323	4665.6	-4.9	5.4	0.5351	1	0
24814	2004	324	1382.4	-2.8	5	0.5094	3.8	2.1
24814	2004	325	4147.2	-1.4	2.6	0.5105	2.6	1
24814	2004	326	6652.8	-6.1	4	0.4188	1	0
24814	2004	327	4406.4	-5.8	5.3	0.45	1	0
24814	2004	328	3974.4	-0.4	7.3	0.7118	1.5	1.2
24814	2004	329	2764.8	1.8	5.4	0.6799	1.5	0
24814	2004	330	5356.8	-1.9	6.7	0.5882	1	0
24814	2004	331	5702.4	-4.9	8	0.5398	1	0
24814	2004	332	3024	-3.8	4.8	0.5575	0.2	0
24814	2004	333	4492.8	-5	6.2	0.5041	1.5	0
24814	2004	334	2073.6	-0.5	4.7	0.5757	0.2	0
24814	2004	335	2419.2	-2.2	2.8	0.5745	2.1	0
24814	2004	336	4233.6	-0.5	9.9	0.6661	3.2	0
24814	2004	337	4838.4	-2.2	9	0.5612	3.2	0
24814	2004	338	4752	-3.1	8.6	0.603	0.6	0
24814	2004	339	4752	-4	7	0.5583	0.6	0
24814	2004	340	4838.4	-5.6	4.6	0.5008	0.6	0
24814	2004	341	2419.2	-3.1	2.1	0.5067	1	0
24814	2004	342	4320	-5.9	7.1	0.5169	1	0
24814	2004	343	3974.4	-5.8	4.2	0.4957	0.6	0
24814	2004	344	3888	-6.5	6.2	0.5137	0.2	0
24814	2004	345	4233.6	-6.9	7.4	0.4729	1.5	0
24814	2004	346	4147.2	-7.4	8.1	0.4763	1	0
24814	2004	347	4060.8	-7.2	7.7	0.4791	1	0
24814	2004	348	3888	-7.6	6.7	0.4553	0.6	0
24814	2004	349	3974.4	-8	6.1	0.4276	1.5	0
24814	2004	350	3801.6	-8.6	5.7	0.4177	1	0
24814	2004	351	3888	-8.6	5.9	0.3875	3.8	0
24814	2004	352	2505.6	-1.4	5.1	0.6004	1.5	0
24814	2004	353	2419.2	-2.6	5.2	0.5638	2.1	0
24814	2004	354	1296	-5.7	-0.7	0.4538	4.5	1.7
24814	2004	355	4320	-8.9	0.1	0.3794	1.5	0
24814	2004	356	4147.2	-14.4	-1.8	0.2957	0.6	0
24814	2004	357	4320	-14.6	-5.1	0.2404	1	0
24814	2004	358	3542.4	-8.9	3.8	0.4307	1	0
24814	2004	359	4924.8	-7.9	5.7	0.4962	2.1	0
24814	2004	360	4233.6	-5.5	9.2	0.5585	4.5	2.3
24814	2004	361	1036.8	-1.4	8.3	0.7744	0.2	6.3
24814	2004	362	950.4	0.2	1.5	0.6108	1	1.5
24814	2004	363	2764.8	-0.4	1.2	0.5724	0.6	6
24814	2004	364	3369.6	-1.1	1.9	0.5409	0.6	0.1
24814	2004	365	5184	-8.4	-0.2	0.3689	1.5	0
24814	2004	366	4579.2	-11.3	-0.1	0.3478	0.6	0
