*---------------------------------------------------------------------------*
* Station name: INNSBRUCK-UNIV                          
* Year: 1991
* Author: Pedro Alencar                                   -999.000: NIL VALUE
* Source: ECAD 
* Comments: 
* Longitude: 47.26, latitude: 47.26, altitude: 578 m.
*
* Column  Daily value
* 1       station number
* 2       year
* 3       day
* 4       irradiation                   (kJ m-2 d-1)
* 5       minimum temperature           (degrees Celsius)
* 6       maximum temperature           (degrees Celsius)
* 7       early morning vapour pressure (kPa)
* 8       mean wind speed (height: 2 m) (m s-1)
* 9       precipitation                 (mm d-1)
*
** WCCDESCRIPTION=GERMANY, INNSBRUCK-UNIV                          
** WCCFORMAT=2
** WCCYEARNR=1991
*---------------------------------------------------------------------------*
   47.26  11.3842    578.  -0.18 -0.55
24814	1991	1	1382.4	0.4	3.9	0.699	0.6	5
24814	1991	2	1468.8	-1	1.8	0.585	3.2	7.6
24814	1991	3	5356.8	0.9	9.1	0.7936	0	0.5
24814	1991	4	5184	0.3	6.1	0.6533	2.1	8.9
24814	1991	5	5788.8	-1	5.5	0.625	0.6	0
24814	1991	6	3196.8	-2.5	3.6	0.5341	0.6	0
24814	1991	7	3542.4	-0.5	5.8	0.6135	2.6	0.2
24814	1991	8	5529.6	0.5	8	0.72	0.6	0
24814	1991	9	5616	-1	11.4	0.5217	2.6	0
24814	1991	10	5270.4	-1.2	8.5	0.5474	3.8	0
24814	1991	11	4406.4	0.4	10.7	0.6705	2.6	0
24814	1991	12	1382.4	-0.1	5.9	0.7072	1	7.4
24814	1991	13	2505.6	0.6	3.9	0.6609	1	1.2
24814	1991	14	4838.4	0.4	5.3	0.6073	3.2	0
24814	1991	15	3974.4	-0.2	2.6	0.5731	3.2	0
24814	1991	16	7084.8	-3.3	4	0.3572	2.6	0
24814	1991	17	7257.6	-6.9	3.6	0.3628	0.6	0
24814	1991	18	7257.6	-8	3.8	0.3614	1	0
24814	1991	19	7689.6	-8.7	4.1	0.351	0.6	0
24814	1991	20	7689.6	-8.4	3.6	0.3586	0.6	0
24814	1991	21	5443.2	-9	0.1	0.312	1	0
24814	1991	22	6739.2	-5.4	3.9	0.4049	0.6	0
24814	1991	23	7689.6	-9.6	3	0.3018	0.6	0
24814	1991	24	7689.6	-10.9	0.2	0.2833	1	0
24814	1991	25	7689.6	-10.6	4	0.2875	1	0
24814	1991	26	8035.2	-9.1	5.3	0.3349	0.2	0
24814	1991	27	2937.6	-8.2	-1.6	0.3696	0.6	0
24814	1991	28	6307.2	-5	0.7	0.3601	1.5	0
24814	1991	29	8380.8	-10.6	4.5	0.2831	0.6	0
24814	1991	30	6566.4	-8.2	0.3	0.3103	0.6	0
24814	1991	31	8726.4	-11.6	2.2	0.2631	1	0
24814	1991	32	8467.2	-11.4	2.4	0.2758	0.6	0
24814	1991	33	8726.4	-11	4.2	0.2711	1.5	0
24814	1991	34	9158.4	-11.5	4.3	0.2624	1.5	0
24814	1991	35	5529.6	-6.5	1.6	0.3369	1.5	0
24814	1991	36	5616	-7.4	-1.1	0.29	2.6	0.1
24814	1991	37	6566.4	-9.9	-5.8	0.2439	3.2	0
24814	1991	38	8035.2	-13	-3.4	0.1978	4.5	0
24814	1991	39	9158.4	-5.6	7.7	0.3362	3.8	1
24814	1991	40	9504	-9.6	5	0.3303	2.6	0
24814	1991	41	7948.8	-4.2	6.9	0.4648	1.5	11.6
24814	1991	42	8208	-7.5	1	0.3895	0	0.2
24814	1991	43	8380.8	-11.8	-1.3	0.2809	0.6	0.1
24814	1991	44	8985.6	-9.6	-0.3	0.2751	1.5	0
24814	1991	45	11750.4	-11.3	2.4	0.2681	2.1	0
24814	1991	46	9849.6	-6.2	1.2	0.3153	0.2	3.8
24814	1991	47	950.4	-4	0.1	0.5032	1	4
24814	1991	48	10022.4	-7.8	3.4	0.4056	1	0
24814	1991	49	10540.8	-12.8	5.4	0.3487	0.6	0
24814	1991	50	12096	-9.5	7.8	0.425	0.6	0
24814	1991	51	12441.6	-8.6	9.3	0.4262	0.2	0
24814	1991	52	11491.2	-7.1	9.3	0.4433	0.2	0
24814	1991	53	6825.6	-4.9	5.5	0.4871	1	0
24814	1991	54	8121.6	-5.8	7.1	0.4099	1	0.2
24814	1991	55	12873.6	-1.9	14.5	0.6203	0.2	0
24814	1991	56	12787.2	-1.2	15.7	0.6112	0.2	0
24814	1991	57	13132.8	-1.1	15.1	0.6409	0.6	0
24814	1991	58	12960	-2.2	14.9	0.5746	1	0
24814	1991	59	9849.6	-1	9.5	0.6207	0.6	0
24814	1991	60	11836.8	-1.9	13.8	0.4844	3.2	0
24814	1991	61	10972.8	-0.3	15.2	0.537	3.2	0
24814	1991	62	8899.2	1.2	13	0.6755	1.5	0.3
24814	1991	63	12700.8	1.5	16.7	0.5775	3.8	0
24814	1991	64	8553.6	2.7	15.7	0.5582	5.2	0
24814	1991	65	11577.6	5.1	15.5	0.6134	5.2	0
24814	1991	66	7948.8	4.9	15.9	0.6553	5.2	0
24814	1991	67	5616	12.7	18.6	0.657	8.4	0.1
24814	1991	68	4320	12.2	18.4	0.7292	5.2	0.9
24814	1991	69	6048	6.6	12.2	0.825	1	0.1
24814	1991	70	6307.2	4.2	11.8	0.7612	1	0.1
24814	1991	71	13651.2	4.1	16.7	0.6931	0.6	0
24814	1991	72	15120	0.1	17.1	0.6365	1	0
24814	1991	73	15206.4	-0.3	18.5	0.6006	0	0
24814	1991	74	6998.4	4.2	14.5	0.6343	0.6	0
24814	1991	75	14947.2	0.8	17.3	0.6216	2.1	0
24814	1991	76	12441.6	1.5	17	0.6067	0.6	2.1
24814	1991	77	3715.2	7.3	12.1	1.0703	0	4.2
24814	1991	78	12355.2	6.4	16.2	0.8027	0.6	3.3
24814	1991	79	9936	7.8	14.5	1.0995	1.5	2.5
24814	1991	80	10281.6	5.8	18.6	0.7524	3.8	0
24814	1991	81	14256	4.6	17.3	0.9542	2.6	8.7
24814	1991	82	11923.2	4.2	12.8	0.8319	0.2	1.2
24814	1991	83	13392	3.7	19.4	0.6937	6.7	0
24814	1991	84	9504	6.2	16.8	1.0303	3.2	0
24814	1991	85	3542.4	5.6	10.4	0.9649	1.5	15.1
24814	1991	86	2246.4	2.4	5.6	0.7562	1	3.1
24814	1991	87	9504	-0.6	6.1	0.5807	2.6	1.2
24814	1991	88	8985.6	-0.7	3.3	0.49	2.1	0
24814	1991	89	13219.2	-2.5	7.7	0.4493	0.6	0
24814	1991	90	18230.4	-2.5	13.3	0.556	2.1	0
24814	1991	91	18835.2	1	15.7	0.5709	1.5	0
24814	1991	92	14601.6	1.7	17.8	0.6395	1.5	0
24814	1991	93	14428.8	4	19.7	0.9157	2.6	3.1
24814	1991	94	11750.4	6.8	15.9	0.7517	4.5	0
24814	1991	95	10713.6	4.6	13.7	0.9387	2.6	13.8
24814	1991	96	8467.2	4.6	10.3	0.8365	0.6	0
24814	1991	97	17107.2	1.4	15	0.6412	2.1	0.1
24814	1991	98	13219.2	5.3	15.1	0.6591	1.5	0
24814	1991	99	15897.6	5.8	15.5	0.7304	0.2	0
24814	1991	100	19958.4	1.9	18.7	0.6509	2.1	0
24814	1991	101	21168	3.7	16.6	0.5329	1	0
24814	1991	102	21427.2	1.1	19.4	0.5739	2.6	0
24814	1991	103	11664	3.6	15.1	0.787	1	1.9
24814	1991	104	17625.6	4	16.9	0.6449	2.1	0
24814	1991	105	21081.6	2.7	19.3	0.682	3.2	0
24814	1991	106	21427.2	2.9	21.4	0.6509	1.5	2
24814	1991	107	3542.4	-0.8	17.1	1.0181	2.1	2.3
24814	1991	108	8812.8	-0.9	3.8	0.6242	1.5	1.9
24814	1991	109	13132.8	-0.6	5.7	0.5504	2.1	0
24814	1991	110	20736	-1.6	9.5	0.4619	2.1	1.4
24814	1991	111	12960	0.4	7	0.5175	1.5	0
24814	1991	112	22982.4	-1.8	11.3	0.3771	3.2	0
24814	1991	113	9417.6	2.7	7.9	0.6679	2.6	0.2
24814	1991	114	20822.4	0.4	9.8	0.4742	3.2	0
24814	1991	115	22291.2	-1.2	13.3	0.4127	3.2	0
24814	1991	116	21772.8	-0.2	14.5	0.4148	5.9	0
24814	1991	117	18230.4	0.9	17.1	0.5851	1.5	0
24814	1991	118	21686.4	2.4	18.1	0.6238	3.8	0.4
24814	1991	119	11232	6.1	13.9	0.8712	3.2	0.8
24814	1991	120	12096	4.4	15.6	0.7853	2.1	0
24814	1991	121	15033.6	4.9	18	0.7972	2.1	8
24814	1991	122	4147.2	6.4	12.6	1.0916	0.6	8.5
24814	1991	123	3369.6	4.1	7.2	0.8668	0.6	19.6
24814	1991	124	10454.4	2.1	8.2	0.6874	3.2	9
24814	1991	125	19526.4	0.6	12.1	0.632	1.5	6
24814	1991	126	9072	3.9	10.3	0.8369	0.2	7.2
24814	1991	127	9331.2	5.5	10.6	0.7961	1	0.5
24814	1991	128	20822.4	3.2	16.4	0.6659	1	0
24814	1991	129	18057.6	4.9	17.9	0.6868	2.6	0
24814	1991	130	11059.2	7	17	0.9668	2.6	0.8
24814	1991	131	5443.2	8.5	12.9	1.0799	0.2	18.2
24814	1991	132	5270.4	7.1	9.8	0.9617	1.5	2.7
24814	1991	133	11664	6.6	13.9	0.8734	0.6	0
24814	1991	134	18921.6	5.1	19	0.7732	1.5	4.2
24814	1991	135	10281.6	6.6	14.1	0.9043	1.5	4.2
24814	1991	136	11404.8	2.8	9.2	0.673	3.2	3
24814	1991	137	11145.6	2	8.3	0.6786	2.6	10.3
24814	1991	138	9072	2	8.5	0.7188	0.6	2.5
24814	1991	139	17452.8	4.3	12.8	0.6566	1.5	1.8
24814	1991	140	17539.2	5.1	15.2	0.8923	0.6	2.9
24814	1991	141	25056	2.6	22.9	0.7801	1	0
24814	1991	142	24019.2	7	25.6	0.8143	1	6.3
24814	1991	143	13996.8	12.1	21.4	1.0284	1.5	1.1
24814	1991	144	10368	4.9	14.6	0.9291	0.6	5.2
24814	1991	145	13910.4	2.9	13.8	0.6368	3.2	8.9
24814	1991	146	8553.6	5.9	11.7	1.0187	1	6.6
24814	1991	147	20131.2	5.2	14.6	0.6947	1	0
24814	1991	148	24364.8	1.7	18.4	0.5909	2.6	0
24814	1991	149	24278.4	4.3	20.8	0.7118	1.5	0
24814	1991	150	22550.4	5.6	21.8	0.7516	2.6	0
24814	1991	151	25228.8	6.5	23.6	0.7518	1.5	0
24814	1991	152	23241.6	7.5	25.3	0.8568	2.1	0
24814	1991	153	22550.4	8.9	25	1.1958	0.2	2.1
24814	1991	154	9676.8	10.3	15.7	1.3016	1	9
24814	1991	155	4320	9	13.6	1.1506	1.5	2.6
24814	1991	156	26956.8	7.9	16.9	0.8056	2.1	0
24814	1991	157	17193.6	7.9	19	1.0014	5.9	6.2
24814	1991	158	16761.6	8.3	19.4	0.8381	3.2	1.3
24814	1991	159	9676.8	10.2	17.1	1.155	2.1	1.4
24814	1991	160	18403.2	9.2	22.1	0.9588	0.6	0
24814	1991	161	9331.2	11.7	19.2	1.3498	0.6	9.9
24814	1991	162	23068.8	10.6	20.7	1.0299	1.5	0
24814	1991	163	23328	8.5	27.9	0.8973	2.6	0
24814	1991	164	17712	13.9	25.5	1.1456	2.6	16.6
24814	1991	165	20563.2	11.7	20.7	1.1954	3.2	0
24814	1991	166	22896	12.7	27.1	1.2759	3.2	0.1
24814	1991	167	10713.6	14.9	25.1	1.4705	3.8	19.4
24814	1991	168	1641.6	6.9	15.4	1.2319	2.6	60.8
24814	1991	169	20390.4	4.3	17.5	0.8208	0.6	9.7
24814	1991	170	11318.4	8.4	15.2	0.9541	1	0
24814	1991	171	18316.8	5.8	19.7	0.7948	4.5	0.5
24814	1991	172	25747.2	10.2	23.5	1.0733	1.5	0
24814	1991	173	27129.6	9.3	29.3	1.0058	3.2	0.8
24814	1991	174	21600	16	27.4	1.3992	2.6	4.4
24814	1991	175	18921.6	14.5	26.6	1.3281	2.6	0.2
24814	1991	176	24969.6	16.7	28.6	1.5372	1.5	0
24814	1991	177	21427.2	15.5	28.6	1.8793	2.6	18.5
24814	1991	178	4838.4	11.7	17.6	1.532	2.6	35.9
24814	1991	179	16502.4	8	20.3	0.8867	1.5	0
24814	1991	180	12873.6	8.7	17.1	0.7432	2.1	0
24814	1991	181	27388.8	6	22.5	0.7465	1	0
24814	1991	182	26870.4	8	26.4	0.8818	2.6	0
24814	1991	183	26956.8	10.5	28.6	0.9534	3.8	0
24814	1991	184	23068.8	12.1	28.5	1.2602	3.2	0
24814	1991	185	24019.2	15.3	27.6	1.6331	2.1	1.2
24814	1991	186	21859.2	16.9	29.1	1.5701	1	0
24814	1991	187	24019.2	16.2	30	1.354	3.2	0
24814	1991	188	24105.6	15.1	31.2	1.7542	2.1	33.6
24814	1991	189	17366.4	18.3	29.4	1.8886	1.5	13.1
24814	1991	190	10108.8	16	22.7	1.8833	1.5	5.4
24814	1991	191	23241.6	16.2	28.6	1.5952	2.1	0
24814	1991	192	25401.6	15.6	32.4	1.3399	2.6	0
24814	1991	193	23500.8	17.2	32.7	1.3867	1	5.4
24814	1991	194	17539.2	17.4	28.2	1.9391	1.5	2.2
24814	1991	195	3369.6	15.3	22.4	1.9777	2.1	36.8
24814	1991	196	21859.2	14	24.5	1.27	1	0
24814	1991	197	24710.4	12.7	27.6	1.3664	2.1	4.5
24814	1991	198	10281.6	15	23.2	1.8984	2.1	13.9
24814	1991	199	20736	13.1	23.6	1.306	1	0.6
24814	1991	200	16156.8	14.5	25.3	1.4615	1.5	0
24814	1991	201	22464	18	28.2	1.5232	2.1	0.1
24814	1991	202	17280	16	24.6	1.3554	2.1	0
24814	1991	203	22896	14.1	26.2	1.2486	3.2	0
24814	1991	204	24192	12.4	29.7	1.3446	2.1	0.7
24814	1991	205	12355.2	16.9	25.6	1.8906	2.6	22.2
24814	1991	206	6393.6	13.3	17.3	1.58	2.1	16.7
24814	1991	207	11059.2	10.2	18.6	1.2781	2.6	4.7
24814	1991	208	7603.2	11.3	17	1.3382	1.5	4.9
24814	1991	209	7776	12	17.6	1.3787	1	0
24814	1991	210	21600	12.2	25.5	1.4127	1.5	0
24814	1991	211	22809.6	13.2	28.8	1.3157	3.2	0
24814	1991	212	7430.4	15.2	26	1.6229	2.1	14.3
24814	1991	213	4838.4	13.3	18.9	1.5715	2.1	4.9
24814	1991	214	2592	13.1	16.7	1.5061	0.6	6
24814	1991	215	8467.2	13.1	21	1.5334	0	0.5
24814	1991	216	15724.8	11.7	24.1	1.5154	0.2	1.6
24814	1991	217	21859.2	13.7	25.9	1.4063	1	0
24814	1991	218	22291.2	12	28	1.2605	2.1	0
24814	1991	219	21600	12.8	31	1.1278	0.6	0
24814	1991	220	21168	14.1	30.7	1.2708	2.6	4
24814	1991	221	19440	15.4	27.1	1.5881	2.6	0.1
24814	1991	222	19267.2	19.1	27	1.7998	2.1	0
24814	1991	223	21859.2	15.3	29.7	1.5505	0	8.6
24814	1991	224	18489.6	17.5	28	2.2094	1.5	1.2
24814	1991	225	22204.8	15.3	28.2	1.4814	1.5	0
24814	1991	226	16243.2	15.3	25.3	1.5931	1	2.7
24814	1991	227	17625.6	14	25.1	1.4074	1.5	0
24814	1991	228	20304	11.9	28.2	1.2644	1.5	0
24814	1991	229	20217.6	14.7	27.7	1.2817	1	0
24814	1991	230	15033.6	13.9	23.2	1.3438	3.2	0
24814	1991	231	20563.2	10	23.4	0.9492	2.6	0
24814	1991	232	18403.2	8.9	24.2	1.053	2.1	0
24814	1991	233	21513.6	11.6	26.7	1.1736	1.5	0
24814	1991	234	20736	11.1	29.3	1.347	2.1	0
24814	1991	235	11232	14.1	25.7	1.6702	1.5	4.4
24814	1991	236	13046.4	14.5	24.3	1.7317	1	1.6
24814	1991	237	8812.8	16.3	22.9	1.9128	1.5	1.2
24814	1991	238	17625.6	11.7	25	1.4113	0.6	0
24814	1991	239	20217.6	13.8	24.1	1.2684	1.5	0
24814	1991	240	17280	9.7	23.5	1.0564	2.6	0
24814	1991	241	15638.4	8.6	21.3	1.2563	3.2	2.8
24814	1991	242	20390.4	9	22.1	0.9704	1.5	0
24814	1991	243	20390.4	6.8	25	0.9923	2.6	0
24814	1991	244	18835.2	10.3	26.7	1.0844	1.5	0
24814	1991	245	17971.2	11.6	26.6	1.2362	1	0
24814	1991	246	19440	11.1	26.7	1.1773	1	0
24814	1991	247	18403.2	10.5	27	1.1231	1	0
24814	1991	248	16848	10	26.7	1.0954	0.2	0
24814	1991	249	17193.6	10.5	25.6	1.1163	1.5	0
24814	1991	250	16588.8	11.9	21.8	1.0541	2.1	0
24814	1991	251	19267.2	8	22.1	0.8372	1.5	0
24814	1991	252	18576	7.2	24.4	0.9501	1.5	0
24814	1991	253	17884.8	7.1	27	0.9511	2.1	0
24814	1991	254	8640	12.2	23.3	1.2172	1.5	1.3
24814	1991	255	9590.4	14.6	22.7	1.481	0.2	4
24814	1991	256	6998.4	14.8	19.5	1.504	2.6	0.2
24814	1991	257	15206.4	13.3	24.2	1.4039	2.6	0
24814	1991	258	9072	15.1	23.1	1.3024	1	0.2
24814	1991	259	11577.6	12.9	22.7	1.2414	1	0.2
24814	1991	260	9590.4	12.6	21.7	1.465	2.1	0.2
24814	1991	261	9763.2	12.2	22.5	1.2462	1	0
24814	1991	262	16502.4	8.5	26.1	1.1634	1.5	0
24814	1991	263	9244.8	10.3	21.6	1.3394	1	0.6
24814	1991	264	11059.2	13.5	23.2	1.2639	2.6	0
24814	1991	265	9676.8	8.7	25.4	1.4169	1.5	17.9
24814	1991	266	12096	13.2	20.3	1.1998	2.6	0
24814	1991	267	15379.2	8.2	23	1.0974	1	0
24814	1991	268	15552	7.7	27	0.9099	5.9	0
24814	1991	269	6998.4	13.4	24.1	0.7127	12.1	9.8
24814	1991	270	3110.4	8.5	21	1.0559	3.2	18.3
24814	1991	271	10022.4	5	17.9	0.6351	3.2	0
24814	1991	272	9244.8	15.9	21.4	0.6868	11.1	0
24814	1991	273	8899.2	12.7	22.9	1.0175	3.2	6
24814	1991	274	12441.6	8.3	17.8	1.0807	1	0.1
24814	1991	275	13737.6	8.9	17.6	0.6843	4.5	0.2
24814	1991	276	14169.6	2.7	17.6	0.756	1	0
24814	1991	277	13132.8	3.2	21.1	0.9198	0.2	0
24814	1991	278	13392	4.6	22.9	0.9897	0.6	0
24814	1991	279	9676.8	7.1	19.4	0.9276	2.1	0.4
24814	1991	280	10195.2	9.4	19.5	1.0685	2.1	0
24814	1991	281	8294.4	9.6	17.8	1.0805	1	0
24814	1991	282	12441.6	8.5	21.5	0.9878	1.5	0
24814	1991	283	12268.8	5.5	20.4	0.9842	1.5	0
24814	1991	284	10540.8	5.4	22.2	0.8196	3.8	0
24814	1991	285	6393.6	12.1	20.3	1.3793	2.6	0.1
24814	1991	286	11491.2	7.7	19.1	0.9828	4.5	0
24814	1991	287	9849.6	3.9	18.4	0.7153	4.5	0
24814	1991	288	8380.8	7.4	18.1	1.0009	2.6	0
24814	1991	289	8640	9.6	17.9	1.0526	0.6	0
24814	1991	290	7084.8	3.2	17.7	0.6954	3.8	7.5
24814	1991	291	3888	5.4	16.2	1.1519	2.1	1.9
24814	1991	292	1987.2	2.3	6.1	0.7504	1	6.8
24814	1991	293	6480	2.6	7.4	0.6453	1	0.4
24814	1991	294	6220.8	2.7	6.9	0.6364	0.2	1.5
24814	1991	295	7862.4	0.9	6.6	0.6072	0.2	1
24814	1991	296	7776	-2.1	7.7	0.4781	1	0
24814	1991	297	9936	-1.3	10.9	0.602	0.2	0
24814	1991	298	6048	2.2	9.5	0.6291	2.1	0
24814	1991	299	9417.6	-0.4	12	0.6822	2.1	0
24814	1991	300	9676.8	-0.7	13.4	0.5363	3.8	0
24814	1991	301	9244.8	-0.3	13.6	0.6648	1.5	0
24814	1991	302	6220.8	-0.5	7	0.6479	2.6	0
24814	1991	303	7257.6	0.2	9.1	0.6553	1	0
24814	1991	304	7344	-1.4	9	0.6094	1	0
24814	1991	305	8985.6	-4	12.2	0.5568	0	0
24814	1991	306	5011.2	-2.2	10.4	0.5405	0.2	0
24814	1991	307	8640	-1.2	16.7	0.5797	2.1	0
24814	1991	308	2851.2	3.6	14.2	0.9116	5.2	9.1
24814	1991	309	6998.4	2.9	10.7	0.6914	0.2	0.4
24814	1991	310	2246.4	2.9	5.9	0.7694	1	2.5
24814	1991	311	2246.4	-2.2	2.9	0.5828	1.5	8.8
24814	1991	312	4320	0.4	7.6	0.7644	0.6	0
24814	1991	313	2419.2	3.6	7.1	0.7864	1.5	3
24814	1991	314	4924.8	0.9	5.3	0.641	1.5	0
24814	1991	315	6480	-4	5.8	0.4174	1.5	0
24814	1991	316	6652.8	-1.6	9	0.5414	0.6	0
24814	1991	317	3801.6	-0.6	13.2	0.5058	7.5	10.9
24814	1991	318	345.6	0	12.3	0.8878	1.5	18.5
24814	1991	319	4492.8	-2.2	4.2	0.5123	3.2	0
24814	1991	320	1209.6	-0.3	3.4	0.6423	0.2	11.5
24814	1991	321	1641.6	0	2.2	0.6153	1	0.3
24814	1991	322	4320	-3	3.1	0.4599	1.5	0
24814	1991	323	6652.8	-1.5	7.5	0.6289	2.1	0.4
24814	1991	324	1555.2	0	5.1	0.7046	1	1.5
24814	1991	325	432	1.3	3	0.6848	0.2	3.7
24814	1991	326	2160	0.7	4	0.6295	1	0
24814	1991	327	3283.2	1.5	4.3	0.632	1	0
24814	1991	328	3801.6	1	4.8	0.632	1.5	0
24814	1991	329	4492.8	-1	6.3	0.6431	0.2	0
24814	1991	330	5529.6	-1.2	6.5	0.6357	0.6	0
24814	1991	331	5443.2	-4.2	6.6	0.5797	0	0
24814	1991	332	5875.2	-3.5	7.6	0.5807	0.2	0
24814	1991	333	5788.8	-4.1	7.8	0.5585	0.6	0
24814	1991	334	5961.6	-5	8.4	0.518	1	0
24814	1991	335	5961.6	-6.1	5.1	0.4595	0.6	0
24814	1991	336	5529.6	-7	5.3	0.4422	1.5	0
24814	1991	337	4492.8	-6.1	2.1	0.4486	0.6	0
24814	1991	338	5270.4	-8.4	3.6	0.3842	1	0
24814	1991	339	2937.6	-6.6	-0.4	0.3965	0.2	1.2
24814	1991	340	3196.8	-4.8	1.1	0.4375	0.6	0.9
24814	1991	341	2678.4	-5.6	0.3	0.4073	1	0.1
24814	1991	342	4147.2	-4	2.4	0.4842	0.6	0.4
24814	1991	343	4147.2	-5.2	0.5	0.4319	2.6	0.3
24814	1991	344	4838.4	-11.3	-3.7	0.2889	1.5	0
24814	1991	345	5270.4	-13	-1.2	0.2621	0.2	0
24814	1991	346	5270.4	-12.9	0.3	0.2711	0.2	0
24814	1991	347	5011.2	-11.8	2.3	0.305	0	0
24814	1991	348	5616	-10.5	3.4	0.3433	0.6	0
24814	1991	349	5702.4	-11.3	1.6	0.3155	0.6	0
24814	1991	350	4579.2	-11.6	0.4	0.3142	0.2	0
24814	1991	351	1987.2	-10.6	1.6	0.3503	2.1	2.5
24814	1991	352	864	-0.2	5.2	0.6143	3.2	13.9
24814	1991	353	345.6	-0.1	1	0.606	0.2	13.9
24814	1991	354	1382.4	-2.4	4.1	0.5393	1.5	3
24814	1991	355	0	-1.8	-0.1	0.5473	0.6	52.3
24814	1991	356	0	-1.1	3.5	0.6464	0	71.7
24814	1991	357	2505.6	-0.6	3.6	0.6605	0	0.3
24814	1991	358	2073.6	-2.6	2.3	0.5016	2.6	1.1
24814	1991	359	864	-0.3	0.6	0.5868	2.1	1.5
24814	1991	360	2246.4	-4.4	0.3	0.3996	0.6	1.6
24814	1991	361	950.4	-2	5.8	0.4905	10.2	4.2
24814	1991	362	5529.6	-3.5	2.8	0.4706	0.6	0
24814	1991	363	5702.4	-8.2	0.6	0.3	1	0
24814	1991	364	4924.8	-7.8	1.3	0.3847	1	0
24814	1991	365	4233.6	-8	-1	0.3765	0.6	0
