*---------------------------------------------------------------------------*
* Station name: INNSBRUCK-UNIV                          
* Year: 2020
* Author: Pedro Alencar                                   -999.000: NIL VALUE
* Source: ECAD 
* Comments: 
* Longitude: 47.26, latitude: 47.26, altitude: 578 m.
*
* Column  Daily value
* 1       station number
* 2       year
* 3       day
* 4       irradiation                   (kJ m-2 d-1)
* 5       minimum temperature           (degrees Celsius)
* 6       maximum temperature           (degrees Celsius)
* 7       early morning vapour pressure (kPa)
* 8       mean wind speed (height: 2 m) (m s-1)
* 9       precipitation                 (mm d-1)
*
** WCCDESCRIPTION=GERMANY, INNSBRUCK-UNIV                          
** WCCFORMAT=2
** WCCYEARNR=2020
*---------------------------------------------------------------------------*
   47.26  11.3842    578.  -0.18 -0.55
24814	2020	1	4492.8	-4	4.1	0.5458	1	0
24814	2020	2	6048	-6.5	6.1	0.4757	1	0
24814	2020	3	3024	-5.4	2.5	0.4671	0.6	0
24814	2020	4	2505.6	-3.1	3.8	0.5452	2.1	2.1
24814	2020	5	6393.6	-0.8	7.2	0.6148	1	0
24814	2020	6	6307.2	-5.5	5.3	0.4307	1.5	0
24814	2020	7	4320	-5.5	4.6	0.473	1	0
24814	2020	8	3196.8	-6.2	3.4	0.3971	1	0
24814	2020	9	5184	-2.8	8.2	0.5563	1	0
24814	2020	10	6480	-4.8	8.3	0.5199	1	0
24814	2020	11	5270.4	-1.8	7.4	0.6051	1	0
24814	2020	12	7171.2	-6.3	6.2	0.414	1	0
24814	2020	13	4924.8	-6.7	3.8	0.4122	1	0
24814	2020	14	6825.6	-7.2	6.9	0.411	1.5	0
24814	2020	15	6912	-5.2	11.4	0.4731	1	0
24814	2020	16	6566.4	-3.9	8.4	0.4885	1.5	0
24814	2020	17	7257.6	-3.4	9	0.4781	1	1.1
24814	2020	18	1814.4	-2.5	2.2	0.5621	0.2	5.8
24814	2020	19	5356.8	-0.5	3.5	0.5788	1.5	3
24814	2020	20	7516.8	-7.2	1.7	0.4043	2.1	0
24814	2020	21	7689.6	-10	3.6	0.3765	1	0
24814	2020	22	7862.4	-8.5	7.1	0.4413	0.6	0
24814	2020	23	8035.2	-8	6.3	0.4307	0.6	0
24814	2020	24	7516.8	-7.2	8	0.4403	1	0
24814	2020	25	3715.2	-4.5	3.5	0.4595	1	0
24814	2020	26	5788.8	-4.1	7.8	0.5027	1.5	0
24814	2020	27	7516.8	-2.2	9.2	0.5495	1	0
24814	2020	28	2678.4	1.2	6.4	0.6094	5.9	6.9
24814	2020	29	2246.4	0.2	5.5	0.7122	1	6.9
24814	2020	30	8294.4	0.1	4.7	0.639	2.1	0.4
24814	2020	31	6912	0.8	11.8	0.8493	1.5	0
24814	2020	32	8640	-1.6	11.5	0.6344	3.2	1.5
24814	2020	33	2678.4	1.3	7.9	0.7972	1.5	6.6
24814	2020	34	1555.2	4.6	8.5	0.9029	2.1	14.6
24814	2020	35	2505.6	0.4	9.1	0.7285	5.9	8.7
24814	2020	36	1987.2	-0.4	2.4	0.4992	6.7	1.6
24814	2020	37	10281.6	-8.9	3.8	0.3901	1	0
24814	2020	38	10368	-8.6	5.8	0.4413	1	0
24814	2020	39	9849.6	-7.3	7.1	0.4792	1	0
24814	2020	40	10195.2	-5.6	11.1	0.4541	2.6	0
24814	2020	41	3196.8	2.5	11.6	0.7637	3.8	2.1
24814	2020	42	5875.2	3.2	9.6	0.7015	7.5	3.5
24814	2020	43	5356.8	-1	5.3	0.5136	2.6	0.7
24814	2020	44	10281.6	-2.9	10.4	0.3995	5.9	0.7
24814	2020	45	7689.6	3	9.2	0.7624	2.1	0.2
24814	2020	46	11318.4	-2.7	12.3	0.5762	2.6	0
24814	2020	47	7603.2	-2.1	13.9	0.5756	2.6	0
24814	2020	48	9676.8	1.4	15.2	0.6128	3.8	0.3
24814	2020	49	12873.6	1.7	12.6	0.5767	3.2	0
24814	2020	50	6307.2	-2.3	8.1	0.6094	3.2	0.2
24814	2020	51	8121.6	-2.1	9.4	0.5712	1	0.2
24814	2020	52	10022.4	-2	12.1	0.4813	3.2	0
24814	2020	53	12700.8	-0.9	17.1	0.5613	1.5	0
24814	2020	54	4492.8	1.1	19.5	0.8012	3.2	4.3
24814	2020	55	7948.8	4.6	20.5	1.2493	2.6	1.1
24814	2020	56	6652.8	1.5	12.1	0.8099	3.2	3.4
24814	2020	57	10195.2	1	8.6	0.5762	6.7	0
24814	2020	58	8380.8	-0.5	6.2	0.5248	3.8	2.2
24814	2020	59	14774.4	0.3	7.2	0.4714	5.2	0
24814	2020	60	10627.2	-0.3	11.3	0.4063	7.5	0
24814	2020	61	13392	2	13.6	0.6452	3.2	0.3
24814	2020	62	8812.8	-1.3	11.2	0.5388	5.2	2.1
24814	2020	63	6307.2	2.6	10.4	0.716	3.8	0.1
24814	2020	64	11059.2	-0.4	8.1	0.515	1.5	0
24814	2020	65	6998.4	-2.1	8.6	0.5399	2.6	0
24814	2020	66	11664	2.8	11.8	0.5724	6.7	0.2
24814	2020	67	7084.8	3.1	8.5	0.6453	2.1	0.4
24814	2020	68	15206.4	-0.2	11.1	0.5669	1	0
24814	2020	69	5875.2	-0.4	7.4	0.6045	1.5	0.2
24814	2020	70	2505.6	0.1	5.7	0.6997	2.6	13
24814	2020	71	16329.6	1.1	17.6	0.9162	1.5	0
24814	2020	72	17280	-0.4	19	0.8078	1.5	0.3
24814	2020	73	10886.4	6.2	12	0.7739	3.2	0.2
24814	2020	74	12268.8	-1.3	11.1	0.6235	1.5	0
24814	2020	75	17971.2	1.1	13.8	0.537	4.5	0
24814	2020	76	18748.8	-0.6	19.9	0.5753	2.6	0
24814	2020	77	15984	0.1	18.8	0.6622	1.5	0
24814	2020	78	18403.2	2.4	19.8	0.7525	2.1	0
24814	2020	79	18921.6	1.4	22	0.7968	1	0
24814	2020	80	18403.2	1.6	20.9	0.7734	1.5	0.8
24814	2020	81	10627.2	6.4	15.4	1.0293	3.2	0
24814	2020	82	15638.4	2.5	9	0.588	5.2	0
24814	2020	83	20304	-2.1	6.5	0.3078	5.2	0
24814	2020	84	20476.8	-5.6	7.9	0.3054	3.2	0
24814	2020	85	18921.6	-3.7	8.4	0.3473	4.5	0
24814	2020	86	13132.8	-3.2	9.4	0.3816	2.1	0
24814	2020	87	19612.8	-2.3	19.2	0.5306	2.6	0
24814	2020	88	18835.2	1	19	0.6135	2.6	0
24814	2020	89	14083.2	1.4	14.5	0.7373	3.8	5.7
24814	2020	90	6566.4	0.8	6.3	0.6224	2.1	0.2
24814	2020	91	19958.4	-4.7	6.2	0.3484	2.1	0
24814	2020	92	22723.2	-4.4	12.1	0.3862	1.5	0
24814	2020	93	22723.2	-3	17.3	0.4654	2.1	0
24814	2020	94	20390.4	0.5	15.7	0.5505	2.6	0
24814	2020	95	22291.2	0.3	16.8	0.5565	2.6	0
24814	2020	96	23500.8	-0.5	20.9	0.5471	2.6	0
24814	2020	97	23932.8	1.9	21.8	0.5133	3.8	0
24814	2020	98	23155.2	1.6	21.8	0.6456	2.1	0
24814	2020	99	23500.8	3.9	23.4	0.6555	1.5	0
24814	2020	100	21513.6	4.6	21.8	0.6973	1.5	0
24814	2020	101	23587.2	4.1	24.6	0.7676	1.5	0
24814	2020	102	24105.6	3.8	23	0.7525	2.1	0
24814	2020	103	23155.2	6.4	23.8	0.7542	1.5	0
24814	2020	104	17884.8	8.2	21.4	0.7566	2.6	5.5
24814	2020	105	23760	3.3	15.8	0.6667	3.8	0
24814	2020	106	25315.2	-2.2	19.8	0.4754	2.6	0
24814	2020	107	22464	1.9	24.5	0.6063	2.1	0
24814	2020	108	23760	4	26	0.7664	2.6	0
24814	2020	109	21859.2	7.4	25.5	0.953	2.6	0.5
24814	2020	110	19699.2	9.7	21.3	1.108	3.8	0.8
24814	2020	111	13910.4	9.6	20.1	1.0627	3.2	0
24814	2020	112	18403.2	7.1	20.8	0.9072	4.5	0
24814	2020	113	27388.8	3.1	23.8	0.6009	3.2	0
24814	2020	114	26265.6	3.8	23.1	0.6779	3.2	0
24814	2020	115	23328	5	23.1	0.6888	3.8	0
24814	2020	116	14515.2	7.6	20.9	0.8276	2.1	0
24814	2020	117	23587.2	7.1	22.6	0.894	1.5	0.2
24814	2020	118	11664	9.6	17.2	1.121	2.6	1.8
24814	2020	119	16675.2	4.1	20.3	0.9654	2.1	2.1
24814	2020	120	8812.8	8.5	15.4	1.1731	2.1	2.9
24814	2020	121	17971.2	6.2	19.5	0.9334	1.5	8.9
24814	2020	122	16243.2	7.6	16.1	1.0128	2.6	8.2
24814	2020	123	14428.8	8.3	15.3	1.0648	2.6	1.9
24814	2020	124	28080	4	16.6	0.7511	2.1	0
24814	2020	125	22118.4	6	19.4	0.8802	2.6	0
24814	2020	126	5443.2	8.7	15.5	1.2553	2.6	9.2
24814	2020	127	27043.2	6.4	17	0.8105	3.8	0
24814	2020	128	29030.4	2.3	22.8	0.7264	1.5	0
24814	2020	129	26697.6	6.3	26.6	0.9156	3.2	0
24814	2020	130	21859.2	11	26.3	1.2449	2.1	0
24814	2020	131	15292.8	12.9	23.1	1.1334	5.9	0.4
24814	2020	132	16156.8	16.5	21	0.9719	6.7	7
24814	2020	133	24969.6	4	17.2	0.7918	2.1	0.2
24814	2020	134	11059.2	5.5	18.7	1.1001	1.5	0
24814	2020	135	16588.8	8.3	18.2	1.0797	2.1	6.9
24814	2020	136	3542.4	9	12.5	1.1351	2.6	3.5
24814	2020	137	11145.6	7.1	14.4	1.0577	1	1.6
24814	2020	138	23068.8	9.6	22.2	1.1186	2.6	0
24814	2020	139	29116.8	6.7	25.4	1.0019	2.6	0
24814	2020	140	16329.6	8.8	22.5	1.0654	1.5	0.2
24814	2020	141	8726.4	10.8	19.1	1.2393	1.5	0
24814	2020	142	27216	8.5	23.9	1.0115	2.6	0
24814	2020	143	22896	8.7	27.1	0.942	2.1	0
24814	2020	144	21340.8	13.6	30.2	1.4688	2.1	3.3
24814	2020	145	27216	5.9	19.9	0.7283	2.6	0
24814	2020	146	16502.4	10.9	19.6	0.9	2.1	0.3
24814	2020	147	20390.4	10	19.4	0.9355	3.2	0
24814	2020	148	31449.6	5.2	22	0.7001	3.2	0
24814	2020	149	9590.4	7.1	18.1	1.0348	1	4.3
24814	2020	150	25574.4	6	18.2	0.8462	3.2	0
24814	2020	151	13910.4	6	16.5	0.8001	2.1	0
24814	2020	152	22982.4	5.8	18.7	0.7977	3.8	0
24814	2020	153	31276.8	6.1	24.7	0.8213	3.2	0
24814	2020	154	26870.4	7.7	24.3	0.8171	3.2	0
24814	2020	155	26265.6	8.1	27.2	0.8467	2.6	3.4
24814	2020	156	11664	10.5	21.9	1.2322	4.5	7.9
24814	2020	157	23587.2	10.2	20.6	1.1184	2.1	0
24814	2020	158	18230.4	10.8	24.2	1.3379	2.6	1.2
24814	2020	159	9244.8	10.3	18.3	1.3838	2.1	21.7
24814	2020	160	13651.2	9.4	16.5	1.1632	3.2	5.3
24814	2020	161	14515.2	10.5	18.4	1.3315	1.5	22.4
24814	2020	162	10195.2	11.7	16.4	1.4417	2.1	26
24814	2020	163	29635.2	8.9	20.9	1.1169	5.2	0
24814	2020	164	31536	8.5	26	0.9828	6.7	0
24814	2020	165	31968	11.2	27.6	1.1695	4.5	0
24814	2020	166	5097.6	15	24.6	1.8444	2.1	0.6
24814	2020	167	6220.8	13.7	17.2	1.4725	2.1	0.7
24814	2020	168	13651.2	12.6	19.6	1.4253	1.5	0.2
24814	2020	169	24364.8	12.9	24.2	1.4078	5.9	0
24814	2020	170	23500.8	12.7	23.1	1.3106	2.1	21.8
24814	2020	171	10368	11	17.6	1.3187	1.5	2
24814	2020	172	12960	11.9	20.8	1.4668	0.6	0.9
24814	2020	173	8640	12.5	19.8	1.4299	1.5	0.6
24814	2020	174	10195.2	13.2	20.6	1.4804	0.6	0
24814	2020	175	29808	11	27	1.2504	3.2	0
24814	2020	176	30585.6	12	26.9	1.1957	3.2	0
24814	2020	177	22032	12.3	23	1.2498	2.6	0
24814	2020	178	13651.2	10.9	23	1.4466	5.2	0.9
24814	2020	179	28684.8	12.2	30.5	1.6485	5.9	4.7
24814	2020	180	24019.2	14.5	28.1	1.6688	1.5	7.9
24814	2020	181	11923.2	15.9	25.5	1.9984	1.5	7.7
24814	2020	182	27993.6	13.4	28.1	1.4668	2.1	0
24814	2020	183	21168	14.8	29.2	2.0319	2.1	10.9
24814	2020	184	18921.6	15	27.6	1.9722	2.1	20.2
24814	2020	185	9936	14.9	19.7	1.4789	2.1	0.1
24814	2020	186	27388.8	14.1	26.4	1.3749	2.6	0
24814	2020	187	29808	12.7	29.9	1.3907	2.6	0
24814	2020	188	20476.8	14.5	28.1	1.6688	3.2	0.8
24814	2020	189	31449.6	10.4	23.3	0.9774	3.2	0
24814	2020	190	29116.8	9.8	27.1	1.0598	2.6	0
24814	2020	191	29980.8	11.9	28.9	1.268	2.6	0
24814	2020	192	22464	14.2	32	1.8053	3.2	17.1
24814	2020	193	7603.2	15.2	18.4	1.6048	1	4.4
24814	2020	194	29635.2	12.3	23.1	1.2336	3.8	0
24814	2020	195	26870.4	9.5	25.2	1.1077	2.6	0
24814	2020	196	28598.4	10.6	26	1.0709	2.6	0
24814	2020	197	15552	12.5	22.8	1.4716	2.1	2.8
24814	2020	198	10972.8	14.1	19.7	1.5958	1.5	9.2
24814	2020	199	10454.4	12.9	17.7	1.5105	2.1	7
24814	2020	200	12614.4	11.8	20.1	1.4118	2.6	0
24814	2020	201	21254.4	13.4	24.8	1.5452	1	0
24814	2020	202	29462.4	12.1	28.7	1.3159	3.2	0
24814	2020	203	20131.2	13.8	29.7	1.5334	4.5	2.5
24814	2020	204	21513.6	15.5	26.1	1.9127	1.5	5.4
24814	2020	205	24883.2	14.9	28.6	1.8193	1	4.7
24814	2020	206	11750.4	14.8	22.6	1.6794	3.8	0.1
24814	2020	207	18662.4	14.3	24.5	1.5518	2.6	0
24814	2020	208	19872	12.7	24.9	1.4949	2.6	1.5
24814	2020	209	28166.4	12.9	29.1	1.5143	2.1	0
24814	2020	210	25747.2	15.2	34.9	1.8705	2.1	0.8
24814	2020	211	24537.6	18.7	27.8	1.8217	3.2	0
24814	2020	212	26870.4	15.5	31.7	1.7733	2.6	0
24814	2020	213	27302.4	17	33.3	1.6584	2.1	0
24814	2020	214	22982.4	17.2	33.9	2.1228	3.8	4.7
24814	2020	215	13305.6	16.5	25	2.029	2.1	19.5
24814	2020	216	6739.2	14.9	19.9	1.7661	3.2	25.1
24814	2020	217	7516.8	10.7	14.9	1.2995	2.6	4.7
24814	2020	218	24624	10.9	21.2	1.2387	2.6	0
24814	2020	219	27129.6	10.2	27.5	1.4779	2.6	0
24814	2020	220	27043.2	14.3	30.5	1.5952	2.6	0
24814	2020	221	26697.6	14.8	31.1	1.5933	3.2	0
24814	2020	222	26352	15.4	30.9	1.5844	2.6	0
24814	2020	223	25228.8	15.6	32.2	1.5983	2.6	4
24814	2020	224	24537.6	14.7	30.5	1.7242	1.5	0
24814	2020	225	21427.2	16.4	31.2	1.7065	1.5	0
24814	2020	226	13305.6	17.5	27.1	2.2037	2.1	20.5
24814	2020	227	14083.2	15.7	24.6	1.9083	1.5	4
24814	2020	228	22896	15.8	26.5	1.854	3.2	0
24814	2020	229	20822.4	14.3	29.5	2.0458	2.1	32
24814	2020	230	10195.2	14	21.7	1.6944	2.6	1.9
24814	2020	231	15811.2	15.4	22.9	1.7936	3.2	2.8
24814	2020	232	22636.8	13.2	25.2	1.5326	1	0
24814	2020	233	20476.8	14	30.2	1.6195	1	0
24814	2020	234	24624	15.9	35.3	1.8343	2.1	0
24814	2020	235	10195.2	17.4	27.3	2.2912	2.1	8.6
24814	2020	236	12355.2	16.5	22.4	1.692	1	0
24814	2020	237	17539.2	14.6	23.2	1.4389	2.1	0
24814	2020	238	21772.8	10.4	26.6	1.2971	0.6	0
24814	2020	239	23846.4	13	30.6	1.0949	2.1	0
24814	2020	240	22204.8	11.1	25.4	1.1723	2.6	0
24814	2020	241	12096	11.2	24	1.6478	1.5	15.7
24814	2020	242	5270.4	14.2	19.1	1.7221	2.1	11.9
24814	2020	243	7344	13	17.7	1.498	1	6
24814	2020	244	9763.2	8.7	16.3	1.1728	1	1.6
24814	2020	245	12960	11.4	17.8	1.3279	1.5	3.6
24814	2020	246	15811.2	11.5	19.8	1.4027	1.5	2.3
24814	2020	247	23155.2	8.9	23.1	1.1258	0.6	0
24814	2020	248	20822.4	9.9	26.6	1.3397	0.6	0
24814	2020	249	19785.6	11	28.6	1.6599	1.5	12.8
24814	2020	250	8208	14.8	19.8	1.7944	2.6	34.9
24814	2020	251	9158.4	11.4	17.1	1.3144	1.5	0
24814	2020	252	21427.2	11.1	23.7	1.4883	1	0
24814	2020	253	21081.6	10.5	26.6	1.5144	1	0
24814	2020	254	16675.2	14.5	25	1.6088	2.1	0
24814	2020	255	17798.4	15.4	26.6	1.7129	2.1	0
24814	2020	256	19526.4	14	27	1.7333	1.5	0
24814	2020	257	18230.4	16.1	26.9	1.8173	1.5	0
24814	2020	258	19008	10.7	27.5	1.4569	1	0
24814	2020	259	19612.8	12.7	28.8	1.5157	1	0
24814	2020	260	18489.6	12.3	28.1	1.4888	1	6.7
24814	2020	261	13219.2	14.7	23.5	1.7218	1	1.2
24814	2020	262	17366.4	14.6	24.2	1.5743	2.1	0
24814	2020	263	17971.2	10.4	27	1.4856	1	0
24814	2020	264	16761.6	12.5	25.5	1.6234	1.5	0
24814	2020	265	15292.8	13.7	23.6	1.6527	1.5	0
24814	2020	266	15120	12.8	24.9	1.5648	1.5	0.1
24814	2020	267	7084.8	14.7	20.6	1.6732	1.5	1
24814	2020	268	13219.2	13.5	21.8	1.3708	3.2	13.5
24814	2020	269	864	3.5	20.7	1.2694	3.2	47.1
24814	2020	270	4406.4	2.9	8.3	0.8001	1	1
24814	2020	271	18144	1.3	16.3	0.781	1.5	0
24814	2020	272	4320	3.7	10	0.8524	1	0.5
24814	2020	273	9244.8	5	14.1	0.9881	0.6	0.3
24814	2020	274	13046.4	9.1	19.3	1.2293	0.6	0
24814	2020	275	13651.2	5.7	21.3	1.1747	1	0
24814	2020	276	7171.2	9.4	20.1	1.0726	3.2	0.2
24814	2020	277	4233.6	9.4	21.7	1.2703	6.7	6.8
24814	2020	278	16416	5.6	17.2	0.8485	4.5	0.1
24814	2020	279	5875.2	8.6	15.5	1.1949	1	3.2
24814	2020	280	8467.2	6.8	16.9	1.1515	2.6	3.3
24814	2020	281	7862.4	9.2	14	1.0781	1.5	0.1
24814	2020	282	12009.6	6.2	17.8	1.0789	0.6	0
24814	2020	283	12268.8	4.2	18.6	1.0101	0.6	0
24814	2020	284	6652.8	4.1	14.8	1.017	2.1	10.1
24814	2020	285	2419.2	5.2	8.3	0.9154	1.5	14.4
24814	2020	286	8208	3.3	9.4	0.7757	1	0.4
24814	2020	287	7862.4	4.5	11.4	0.8227	2.1	0
24814	2020	288	13910.4	-1.5	13.3	0.6591	1.5	0
24814	2020	289	2246.4	1.8	7	0.6941	1	7.1
24814	2020	290	4924.8	4	8.5	0.8179	0.6	3.9
24814	2020	291	8553.6	5.8	11.8	0.8942	1.5	0.7
24814	2020	292	9849.6	5.5	13.3	0.9547	1.5	0.6
24814	2020	293	12182.4	1.5	14.6	0.8284	0.6	0
24814	2020	294	9763.2	0.9	16.3	0.7705	3.8	0
24814	2020	295	10713.6	4.1	20.4	0.7549	4.5	0
24814	2020	296	7257.6	3.8	17.3	0.9674	2.6	0
24814	2020	297	6652.8	7.4	18.6	1.1071	3.2	4.9
24814	2020	298	5184	10	14.7	1.2617	1	0.6
24814	2020	299	10627.2	4.1	18.4	0.9467	2.6	0
24814	2020	300	6480	6.1	18.6	1.1614	4.5	36.8
24814	2020	301	6220.8	0.2	7.3	0.7271	0.6	2.8
24814	2020	302	7516.8	1.3	12.1	0.8044	1	0
24814	2020	303	2246.4	3.7	8.7	0.8814	1	4.6
24814	2020	304	9417.6	6.4	14.4	1.0838	1	0
24814	2020	305	8294.4	5.5	15	0.9981	1.5	0
24814	2020	306	3369.6	1.8	10.9	0.8236	0.6	0
24814	2020	307	8208	8.5	19.5	1.2135	1	0
24814	2020	308	2678.4	9.2	15	1.2412	2.1	2
24814	2020	309	3196.8	8.2	13	1.0217	1.5	0
24814	2020	310	2764.8	7.8	10.4	0.9471	2.1	0.1
24814	2020	311	9072	4.3	15.6	0.9783	1.5	0
24814	2020	312	9158.4	-0.2	15.6	0.7773	1.5	0
24814	2020	313	8294.4	-0.2	15	0.7616	1	0
24814	2020	314	8467.2	-0.8	13.9	0.7379	1	0
24814	2020	315	7862.4	-0.8	12.8	0.7478	0.6	0
24814	2020	316	6566.4	-1.1	12	0.7378	1	0
24814	2020	317	6480	-2.3	11.7	0.6918	1	0
24814	2020	318	8121.6	-2.1	11.9	0.6755	1	0
24814	2020	319	7516.8	-1.1	12.5	0.705	1	0
24814	2020	320	7776	-1.5	13.2	0.6753	2.6	0.7
24814	2020	321	4060.8	2.6	10.7	0.8701	1	0.4
24814	2020	322	5702.4	-0.4	11.2	0.7443	1	0
24814	2020	323	7516.8	-1.9	13	0.7249	1	0
24814	2020	324	6134.4	-1.8	12.6	0.7353	1	6.4
24814	2020	325	2419.2	2.2	7.8	0.7762	1.5	2.8
24814	2020	326	7603.2	-2.5	5.9	0.5388	1	0
24814	2020	327	6912	-4.9	7.4	0.4949	1	0
24814	2020	328	4233.6	-2.2	6.5	0.5849	1	0
24814	2020	329	6825.6	-4.5	8.3	0.5465	0.6	0
24814	2020	330	6912	-5.1	10	0.5393	1	0
24814	2020	331	6652.8	-4.8	8.5	0.5376	0.6	0
24814	2020	332	6566.4	-5.1	7.9	0.5341	1.5	0
24814	2020	333	6566.4	-5.2	6.5	0.4932	1	0
24814	2020	334	864	-2.2	0.2	0.4885	1.5	0
24814	2020	335	5011.2	-3.4	2.8	0.4603	1	0
24814	2020	336	2073.6	-6.9	0	0.379	1	0
24814	2020	337	1123.2	-1.4	1	0.5119	1.5	0.1
24814	2020	338	4320	-2.4	1.9	0.504	3.2	0.3
24814	2020	339	4060.8	-3.6	9.3	0.5098	5.9	15.7
24814	2020	340	4060.8	0.3	4.6	0.6996	2.1	67.2
24814	2020	341	1036.8	0.3	4.9	0.7144	3.2	23.6
24814	2020	342	1814.4	0.1	3.1	0.6515	1	0.8
24814	2020	343	3456	-2.7	2.4	0.5439	3.8	0.2
24814	2020	344	1382.4	-1.2	1.2	0.5927	0.6	7.6
24814	2020	345	3974.4	-1.8	4	0.5954	0.6	0
24814	2020	346	4838.4	-5.8	2.8	0.4599	4.5	0
24814	2020	347	3628.8	-2.1	3.1	0.5195	2.6	1.3
24814	2020	348	2678.4	0	4.3	0.6634	0.6	0.3
24814	2020	349	5356.8	-2	4.9	0.5902	2.1	0
24814	2020	350	2419.2	-0.6	7.3	0.6758	3.2	0
24814	2020	351	3196.8	-0.3	8.6	0.7149	1.5	0
24814	2020	352	5443.2	-2.3	8.2	0.5965	2.1	0
24814	2020	353	5529.6	-4.6	6.6	0.5189	1.5	0
24814	2020	354	5702.4	-5.1	6.8	0.4808	3.2	0
24814	2020	355	4147.2	-4.4	5.4	0.5195	1	0
24814	2020	356	3369.6	-2.3	4.9	0.5772	1	1.8
24814	2020	357	3196.8	-0.2	7	0.7405	2.1	0
24814	2020	358	2764.8	0.5	7.2	0.7483	2.1	0
24814	2020	359	1123.2	0.2	4.7	0.6996	1	2.7
24814	2020	360	1209.6	0.8	4.2	0.6874	2.1	2.6
24814	2020	361	6393.6	-2.7	2.5	0.4853	1.5	0
24814	2020	362	5356.8	-8	0.2	0.3161	4.5	0
24814	2020	363	1987.2	-2.3	6.1	0.4905	3.8	0.8
24814	2020	364	5616	-4.2	3.2	0.489	3.2	0
24814	2020	365	3542.4	-3.2	1.3	0.4276	2.6	0
24814	2020	366	5702.4	-5.8	1.7	0.3365	3.2	0
