*---------------------------------------------------------------------------*
* Station name: SONNBLICK (TAWES)                       
* Year: 2010
* Author: Pedro Alencar                                   -999.000: NIL VALUE
* Source: ECAD 
* Comments: 
* Longitude: 47.0539, latitude: 47.0539, altitude: 3109 m.
*
* Column  Daily value
* 1       station number
* 2       year
* 3       day
* 4       irradiation                   (kJ m-2 d-1)
* 5       minimum temperature           (degrees Celsius)
* 6       maximum temperature           (degrees Celsius)
* 7       early morning vapour pressure (kPa)
* 8       mean wind speed (height: 2 m) (m s-1)
* 9       precipitation                 (mm d-1)
*
** WCCDESCRIPTION=GERMANY, SONNBLICK (TAWES)                       
** WCCFORMAT=2
** WCCYEARNR=2010
*---------------------------------------------------------------------------*
   47.0539  12.9575    3109.  -0.18 -0.55
24847	2010	1	5616	-11.5	-7.9	0.2608	7.5	5.6
24847	2010	2	2678.4	-23.1	-10.9	0.1357	8.4	12.3
24847	2010	3	6912	-24.1	-19.1	0.0902	8.4	0
24847	2010	4	4492.8	-20.8	-16.4	0.1156	11.1	0
24847	2010	5	5184	-16.8	-12.6	0.1566	13.1	2.5
24847	2010	6	4579.2	-13.4	-9.7	0.2226	4.5	7.4
24847	2010	7	4320	-15.5	-12.7	0.1768	9.2	2.4
24847	2010	8	3283.2	-16.3	-7.2	0.224	11.1	3.6
24847	2010	9	3715.2	-9.2	-6.3	0.3107	5.2	3.2
24847	2010	10	6480	-12.5	-8.9	0.2409	3.2	0.7
24847	2010	11	4579.2	-13.3	-11.2	0.2104	7.5	1.7
24847	2010	12	7603.2	-13.5	-10.6	0.2138	5.2	0
24847	2010	13	8208	-13.3	-9.8	0.1695	5.9	0
24847	2010	14	6652.8	-13.3	-10.6	0.1665	3.8	0
24847	2010	15	8035.2	-13.2	-10.9	0.1798	9.2	0
24847	2010	16	8121.6	-13.3	-7.5	0.097	7.5	1.8
24847	2010	17	6652.8	-11.4	-6.8	0.2796	5.2	10.7
24847	2010	18	6393.6	-15.8	-10.6	0.1948	5.9	8.5
24847	2010	19	6825.6	-16.2	-13.1	0.1729	8.4	0
24847	2010	20	8726.4	-15.8	-13.2	0.1254	5.9	3.4
24847	2010	21	6998.4	-15.9	-14	0.1687	11.1	5
24847	2010	22	8726.4	-16.2	-13.2	0.1722	11.1	0.4
24847	2010	23	9072	-13.5	-8.1	0.1101	7.5	0
24847	2010	24	6566.4	-9.3	-7.2	0.0952	3.8	0
24847	2010	25	7257.6	-12.9	-8.6	0.151	3.8	0.1
24847	2010	26	6566.4	-17.4	-12.1	0.1774	2.1	2.3
24847	2010	27	9331.2	-17.3	-13	0.1018	8.4	2
24847	2010	28	4579.2	-18.4	-10.7	0.1783	5.9	24.2
24847	2010	29	7171.2	-20.1	-16.2	0.1304	12.1	3.2
24847	2010	30	6825.6	-18.9	-14.9	0.1466	5.2	9.8
24847	2010	31	7430.4	-24.3	-18.7	0.0943	10.2	3
24847	2010	32	10281.6	-24.2	-21.2	0.0848	7.5	4.4
24847	2010	33	8208	-22.5	-18.7	0.0997	7.5	3
24847	2010	34	7257.6	-19.4	-9.9	0.1788	9.2	9.1
24847	2010	35	9072	-12.8	-6.7	0.1927	10.2	0
24847	2010	36	4320	-10.9	-6.4	0.2896	16.4	13.7
24847	2010	37	5616	-13.1	-9.8	0.2346	10.2	15.5
24847	2010	38	6566.4	-16.9	-12.8	0.174	13.1	11
24847	2010	39	11664	-17.3	-12	0.1769	5.9	0
24847	2010	40	10972.8	-15.3	-12.9	0.1789	7.5	0
24847	2010	41	6825.6	-17.7	-11.7	0.1722	5.9	9.4
24847	2010	42	8553.6	-19.8	-12.6	0.1538	7.5	2.5
24847	2010	43	12355.2	-16.8	-12.7	0.1715	3.8	0
24847	2010	44	11059.2	-17	-13.2	0.1685	6.7	0
24847	2010	45	12960	-16.8	-13.7	0.1496	5.2	0
24847	2010	46	13305.6	-16.6	-15.2	0.1382	9.2	0
24847	2010	47	13910.4	-17.4	-12	0.1683	13.1	0
24847	2010	48	11750.4	-14.8	-8.4	0.2318	14.2	0
24847	2010	49	10713.6	-8.6	-5.5	0.3388	7.5	1
24847	2010	50	4752	-9.8	-6.7	0.3054	15.3	8.3
24847	2010	51	7171.2	-18	-6.6	0.2095	11.1	12
24847	2010	52	14688	-18.6	-16.3	0.1369	11.1	0
24847	2010	53	12441.6	-17	-10.3	0.192	16.4	0
24847	2010	54	11145.6	-11.9	-7.4	0.2707	6.7	0
24847	2010	55	8899.2	-10.1	-6.8	0.2974	5.2	1.3
24847	2010	56	7430.4	-10.6	-8.4	0.2739	8.4	3.5
24847	2010	57	6912	-11.9	-6.8	0.2772	10.2	8.6
24847	2010	58	15379.2	-17.6	-11.5	0.1764	13.1	0
24847	2010	59	9936	-13.1	-6.1	0.2747	20	1.7
24847	2010	60	16070.4	-12.7	-6.8	0.2306	7.5	0
24847	2010	61	11059.2	-12.8	-9.8	0.2297	4.5	0.5
24847	2010	62	14515.2	-13.8	-8.8	0.0981	8.4	1.2
24847	2010	63	10281.6	-15.2	-10.4	0.2081	7.5	12.7
24847	2010	64	11232	-23.2	-15.1	0.117	5.9	7.4
24847	2010	65	11059.2	-24.7	-14.5	0.1139	4.5	8.1
24847	2010	66	18230.4	-22.8	-18.9	0.101	4.5	0
24847	2010	67	18662.4	-24.1	-21.7	0.0775	7.5	0.5
24847	2010	68	18316.8	-25.2	-16.2	0.1024	9.2	0
24847	2010	69	12873.6	-16.7	-10	0.1968	16.4	0.4
24847	2010	70	16243.2	-14.9	-7.5	0.2367	3.2	0
24847	2010	71	17539.2	-17.9	-13.7	0.1554	9.2	0
24847	2010	72	14860.8	-17.9	-13.6	0.1453	9.2	1
24847	2010	73	19612.8	-16.6	-13.5	0.1426	12.1	2.5
24847	2010	74	10972.8	-17.4	-13.9	0.161	4.5	11.3
24847	2010	75	12096	-15.5	-10.9	0.1992	5.2	19.3
24847	2010	76	19008	-14.5	-8	0.1943	9.2	0
24847	2010	77	18835.2	-10.2	-5.7	0.158	7.5	0
24847	2010	78	19180.8	-7.2	-2.5	0.1237	4.5	0
24847	2010	79	17452.8	-4.6	-0.5	0.3192	5.9	0
24847	2010	80	17366.4	-3.4	-0.7	0.4364	5.9	0
24847	2010	81	13132.8	-4.7	-0.7	0.4309	3.2	0
24847	2010	82	20822.4	-7	-2.8	0.3356	2.6	0
24847	2010	83	22118.4	-6.1	-4.2	0.2959	11.1	0
24847	2010	84	12182.4	-6.8	-4.2	0.3856	15.3	0
24847	2010	85	6998.4	-6.5	-3.6	0.399	15.3	17.6
24847	2010	86	20908.8	-12.3	-5.1	0.2885	5.9	5.4
24847	2010	87	16329.6	-10.8	-7.2	0.2849	5.2	11.7
24847	2010	88	12528	-8.9	-5	0.3378	11.1	6.5
24847	2010	89	9849.6	-7.1	-5.7	0.3524	16.4	22
24847	2010	90	17798.4	-12.2	-5.8	0.2818	3.2	4.6
24847	2010	91	12441.6	-14.5	-6.9	0.2436	11.1	10.9
24847	2010	92	21081.6	-16.1	-7.9	0.2195	4.5	0
24847	2010	93	20044.8	-13.2	-8	0.2456	12.1	0.4
24847	2010	94	11318.4	-9.2	-6.3	0.3141	12.1	21.3
24847	2010	95	15811.2	-12.3	-6.9	0.2658	11.1	11.8
24847	2010	96	24624	-13.6	-6.6	0.2555	9.2	0
24847	2010	97	25228.8	-6.9	-3.8	0.2997	4.5	0
24847	2010	98	25747.2	-5.2	-3.4	0.3289	4.5	0
24847	2010	99	23846.4	-8.1	-3.5	0.2777	6.7	1.4
24847	2010	100	16329.6	-10.7	-5.2	0.3059	3.8	13.7
24847	2010	101	18316.8	-14.9	-9.4	0.2145	5.2	6.5
24847	2010	102	23328	-14.6	-6.8	0.2436	3.8	2.4
24847	2010	103	20476.8	-12.2	-3.1	0.3165	4.5	5
24847	2010	104	17193.6	-10.5	-8.3	0.2701	5.9	8.3
24847	2010	105	26870.4	-11.5	-5.7	0.2716	2.6	0
24847	2010	106	21254.4	-11.3	-3.4	0.3169	3.8	2.2
24847	2010	107	23587.2	-9.3	-2.9	0.3606	4.5	0.5
24847	2010	108	16243.2	-8.1	-4.8	0.3472	11.1	7.6
24847	2010	109	17280	-8.8	-6.3	0.319	7.5	0.5
24847	2010	110	25401.6	-8.8	-3.7	0.3564	2.6	5
24847	2010	111	23068.8	-8.4	-3.6	0.3204	8.4	0
24847	2010	112	24969.6	-8.4	-1.9	0.346	6.7	0
24847	2010	113	20995.2	-6.1	-1.5	0.4246	4.5	0
24847	2010	114	27216	-4	0.1	0.4449	2.6	0
24847	2010	115	28166.4	-3.3	2	0.4429	2.6	0.3
24847	2010	116	21254.4	-5.4	1.3	0.4784	2.6	0.5
24847	2010	117	15897.6	-6.4	-1.7	0.4258	2.1	0.6
24847	2010	118	29462.4	-8.2	-0.5	0.1727	3.2	0
24847	2010	119	29030.4	-2.7	2.2	0.348	8.4	0
24847	2010	120	23414.4	-0.4	2.9	0.5618	7.5	0
24847	2010	121	12700.8	-1.3	0.9	0.5721	5.9	2.4
24847	2010	122	11836.8	-2.5	-0.8	0.509	11.1	2.9
24847	2010	123	16502.4	-2.8	-0.4	0.5109	8.4	5.3
24847	2010	124	12787.2	-3.2	-0.8	0.4961	11.1	13
24847	2010	125	12355.2	-2.1	-0.2	0.5337	10.2	19.3
24847	2010	126	20217.6	-5.4	-1.5	0.4359	9.2	6.4
24847	2010	127	17798.4	-7.7	-3.9	0.361	7.5	0
24847	2010	128	21427.2	-6.9	-3	0.3851	2.6	6
24847	2010	129	18921.6	-6.2	-1.2	0.4185	5.9	6.1
24847	2010	130	18230.4	-4	-0.2	0.4872	8.4	1.8
24847	2010	131	17971.2	-4.1	-0.1	0.4872	12.1	0
24847	2010	132	17971.2	-3.9	0.8	0.5073	4.5	0.1
24847	2010	133	17452.8	-3.7	0.8	0.5111	3.2	8.4
24847	2010	134	19008	-4.3	-0.2	0.4818	4.5	9.4
24847	2010	135	16156.8	-8.8	-3.2	0.3633	10.2	31.4
24847	2010	136	17107.2	-9.4	-7.4	0.2888	7.5	32.7
24847	2010	137	16416	-7.9	-4.9	0.341	12.1	30
24847	2010	138	18835.2	-10	-4.5	0.3158	5.9	11.7
24847	2010	139	23760	-10.6	-7.7	0.2693	6.7	14
24847	2010	140	22464	-8.1	-4.3	0.3463	9.2	8.3
24847	2010	141	21600	-5.6	-2.7	0.4046	8.4	7.2
24847	2010	142	24969.6	-3.8	-1.2	0.4628	5.9	0.6
24847	2010	143	18576	-2.8	-0.8	0.4927	7.5	1.4
24847	2010	144	33004.8	-3.4	1.8	0.415	7.5	0
24847	2010	145	32054.4	-0.8	4.7	0.5204	5.9	4
24847	2010	146	13996.8	-0.7	2.8	0.6197	7.5	13.8
24847	2010	147	12787.2	-1.9	0.7	0.5439	7.5	6.7
24847	2010	148	17539.2	-3.1	0.6	0.5075	5.2	1
24847	2010	149	16675.2	-1.8	1.1	0.5599	5.2	4.5
24847	2010	150	19785.6	-2.1	0.2	0.5131	5.9	13.9
24847	2010	151	15811.2	-9.1	-1.3	0.3696	4.5	41.6
24847	2010	152	23414.4	-8.7	-3.8	0.3488	8.4	21.9
24847	2010	153	17625.6	-5.5	-3.9	0.3968	9.2	20.9
24847	2010	154	20131.2	-4.9	-1.8	0.4439	7.5	6.6
24847	2010	155	28944	-2.9	-0.1	0.5147	10.2	0
24847	2010	156	34300.8	-4.5	2.3	0.5075	4.5	0
24847	2010	157	26956.8	1.1	5.7	0.5768	5.9	0.1
24847	2010	158	14256	1.8	4.4	0.7173	4.5	0
24847	2010	159	17971.2	1.8	4.3	0.692	6.7	0
24847	2010	160	20304	1.4	5	0.6533	11.1	0
24847	2010	161	26870.4	2.4	7.5	0.6518	15.3	0
24847	2010	162	30585.6	3.6	7.7	0.666	15.3	0
24847	2010	163	26179.2	4.6	8.7	0.655	12.1	2.7
24847	2010	164	11491.2	3.2	6.8	0.811	9.2	6.5
24847	2010	165	12960	0.3	3.9	0.661	4.5	13.2
24847	2010	166	10281.6	1.1	3.1	0.6752	6.7	6.3
24847	2010	167	11923.2	1.2	3.5	0.6946	5.9	5.3
24847	2010	168	13737.6	0	2.9	0.631	10.2	3.6
24847	2010	169	13824	-2	1.4	0.556	4.5	7.4
24847	2010	170	11836.8	-3.5	3.2	0.5681	3.8	14.1
24847	2010	171	18489.6	-6.5	-3.2	0.4051	10.2	9.4
24847	2010	172	21254.4	-6	-4	0.4005	10.2	1.5
24847	2010	173	20908.8	-5.4	-3.7	0.4187	12.1	1.2
24847	2010	174	32745.6	-5.5	-1.2	0.463	9.2	0
24847	2010	175	33782.4	-4	0.3	0.4856	5.9	0
24847	2010	176	20995.2	-2.9	1.4	0.5438	7.5	0.5
24847	2010	177	15811.2	-0.6	1.9	0.6277	5.9	0
24847	2010	178	28425.6	-0.5	3.9	0.6493	5.9	0
24847	2010	179	26179.2	1.5	5.1	0.6889	6.7	0
24847	2010	180	27388.8	1.4	5.1	0.671	5.2	0
24847	2010	181	18921.6	1.4	5	0.7455	5.9	0
24847	2010	182	30672	2.7	7.6	0.705	2.6	0.5
24847	2010	183	32486.4	4.3	8.6	0.7617	3.2	0
24847	2010	184	30412.8	5.1	8.9	0.8712	3.8	0
24847	2010	185	17625.6	3.7	7.9	0.8943	5.9	8.8
24847	2010	186	10800	2.5	5	0.767	4.5	9.1
24847	2010	187	12182.4	0.1	4	0.687	4.5	9.4
24847	2010	188	11491.2	-1.6	1.1	0.546	5.9	0
24847	2010	189	33004.8	0.4	7.4	0.5733	5.9	0
24847	2010	190	32918.4	5.2	9.5	0.7898	5.2	0
24847	2010	191	27993.6	6.5	11.4	0.8232	4.5	0
24847	2010	192	25315.2	6.2	11.1	0.8628	4.5	5.1
24847	2010	193	21513.6	6.3	11.3	0.8942	2.1	0.8
24847	2010	194	22204.8	4.7	11.4	0.8391	3.2	4.2
24847	2010	195	24451.2	6.2	11.8	0.8604	5.9	0
24847	2010	196	22204.8	7.1	12.5	1.1017	3.8	0
24847	2010	197	30758.4	7.6	13	0.9013	5.9	0
24847	2010	198	20476.8	7	12.8	1.0604	3.2	9.5
24847	2010	199	10540.8	-0.6	7.4	0.7639	8.4	3.1
24847	2010	200	20649.6	0.9	9.3	0.8167	2.6	0
24847	2010	201	28252.8	2.9	10.6	0.8072	2.1	0
24847	2010	202	19094.4	4.9	10.6	0.8222	2.6	0
24847	2010	203	25660.8	6.8	11.5	0.9387	5.2	0
24847	2010	204	7689.6	4.7	9	0.9217	5.2	31.2
24847	2010	205	13651.2	-2.8	4.8	0.6371	10.2	14
24847	2010	206	15552	-2.5	-0.7	0.5272	7.5	2.1
24847	2010	207	16502.4	-4	-0.3	0.501	5.9	0
24847	2010	208	15638.4	-1.8	0.8	0.5715	5.2	2.3
24847	2010	209	18144	-1.7	1.6	0.5783	3.2	0
24847	2010	210	8380.8	-1.9	2.8	0.6123	5.9	19.7
24847	2010	211	12700.8	-3.2	-0.9	0.51	7.5	6.2
24847	2010	212	29203.2	-2.5	3.9	0.6235	3.2	0
24847	2010	213	27648	1.6	9.2	0.6456	2.1	0
24847	2010	214	25747.2	5	8.6	0.8593	7.5	10
24847	2010	215	10800	0.6	6.1	0.7612	4.5	5.8
24847	2010	216	18662.4	-2.8	5.5	0.6466	2.6	1
24847	2010	217	7948.8	-0.3	3.2	0.6581	5.9	13
24847	2010	218	18144	-1.8	0.6	0.5673	7.5	2.9
24847	2010	219	13046.4	-2	1.4	0.5859	7.5	0.5
24847	2010	220	19699.2	0.1	5.7	0.6546	3.8	3.2
24847	2010	221	26352	0.2	6.7	0.6962	5.2	0
24847	2010	222	19353.6	1.8	8.7	0.7987	2.6	3.5
24847	2010	223	11404.8	3	7.8	0.8339	1.5	10
24847	2010	224	4838.4	2.1	4.5	0.7585	8.4	8.1
24847	2010	225	7603.2	1.3	4.4	0.7272	6.7	8.7
24847	2010	226	14515.2	1.4	4.8	0.7173	10.2	19.6
24847	2010	227	9590.4	1.1	3.9	0.7094	8.4	8.3
24847	2010	228	11232	-1.6	1.6	0.5927	7.5	6.5
24847	2010	229	11491.2	-1.6	3	0.6171	5.9	5.8
24847	2010	230	7776	0.8	3.4	0.6965	7.5	5.7
24847	2010	231	18316.8	2.6	6.5	0.8113	3.8	0
24847	2010	232	22032	3.1	8.5	0.8389	4.5	0
24847	2010	233	23500.8	2.9	6.9	0.8314	4.5	0
24847	2010	234	26611.2	5.3	11.6	0.7738	3.8	0
24847	2010	235	16761.6	4.4	9.9	0.8397	7.5	0.2
24847	2010	236	7948.8	3.1	7.7	0.8698	4.5	23.4
24847	2010	237	10281.6	2.8	6.8	0.8342	5.2	0
24847	2010	238	25660.8	4.1	10.5	0.8484	6.7	0
24847	2010	239	8467.2	1.5	9.2	0.7864	5.9	17.4
24847	2010	240	11750.4	-2.6	3.9	0.6148	5.2	23.1
24847	2010	241	16934.4	-6.3	-0.4	0.4582	4.5	16.2
24847	2010	242	10454.4	-7.1	-0.8	0.4335	5.2	36.6
24847	2010	243	13219.2	-7.5	-4.5	0.3672	12.1	12
24847	2010	244	18057.6	-7.2	-2.9	0.399	5.2	0
24847	2010	245	24710.4	-5.3	0.4	0.49	4.5	0
24847	2010	246	15379.2	-2.1	1.5	0.5679	5.2	0
24847	2010	247	13996.8	-2	0.7	0.5536	4.5	6.2
24847	2010	248	24105.6	-4.3	1.3	0.5037	5.9	0
24847	2010	249	24710.4	-3.8	0.2	0.5088	6.7	0.6
24847	2010	250	7344	-1.2	2.5	0.6277	14.2	0.8
24847	2010	251	8899.2	0.8	2.3	0.6697	12.1	8.2
24847	2010	252	12960	-3.8	1.6	0.5469	3.8	6
24847	2010	253	13564.8	-3.8	-0.8	0.5006	9.2	0.5
24847	2010	254	14428.8	-2.9	0.2	0.5425	6.7	0
24847	2010	255	22032	-3.6	1.4	0.468	5.2	0.9
24847	2010	256	10540.8	-2.2	0.9	0.5653	6.7	5.1
24847	2010	257	11664	-3	1.4	0.5303	4.5	0.2
24847	2010	258	12787.2	0.7	4.2	0.685	7.5	3
24847	2010	259	7689.6	0.3	2.7	0.6673	8.4	6.6
24847	2010	260	4838.4	-0.1	2.3	0.6484	6.7	37.2
24847	2010	261	9676.8	-2.2	1.3	0.5558	5.9	7.8
24847	2010	262	17366.4	-4.8	-1.4	0.462	7.5	0
24847	2010	263	20822.4	-4.4	1.5	0.4726	4.5	0
24847	2010	264	17366.4	-1.5	3.2	0.5393	3.8	0
24847	2010	265	20044.8	1.1	5.3	0.6148	3.2	0
24847	2010	266	19267.2	1.2	3.3	0.5604	7.5	0
24847	2010	267	7776	-1.5	1.5	0.5927	12.1	9.6
24847	2010	268	10886.4	-4.4	-0.3	0.4834	5.9	10
24847	2010	269	15120	-7.1	-1	0.4393	6.7	1.2
24847	2010	270	16243.2	-4.9	-1.6	0.4665	4.5	0.7
24847	2010	271	15897.6	-6.3	-1.9	0.4332	3.8	1.4
24847	2010	272	12873.6	-7.5	-2.3	0.4036	3.8	1.5
24847	2010	273	17107.2	-7.6	-2.8	0.3779	4.5	0
24847	2010	274	10368	-4.7	-0.1	0.4969	4.5	2.5
24847	2010	275	11318.4	-4.4	0.3	0.4942	5.9	0
24847	2010	276	16761.6	-0.2	3.2	0.463	9.2	0
24847	2010	277	10022.4	-1.8	3.1	0.5572	15.3	1.6
24847	2010	278	4838.4	0.2	2.4	0.6175	5.2	10.7
24847	2010	279	10713.6	0.1	2.5	0.6376	4.5	0
24847	2010	280	16761.6	1.2	4.9	0.5399	3.8	0
24847	2010	281	17020.8	1.4	3.6	0.5851	4.5	0
24847	2010	282	16502.4	-0.1	2.3	0.3308	4.5	0
24847	2010	283	16675.2	-2.5	0.4	0.4584	3.8	0
24847	2010	284	17107.2	-5.4	-0.1	0.2296	8.4	0
24847	2010	285	16588.8	-2.3	0.7	0.317	2.1	0
24847	2010	286	14169.6	-1.7	1.8	0.2085	3.8	0
24847	2010	287	15984	-3.9	0.2	0.1974	7.5	0
24847	2010	288	15724.8	-4.1	-1.2	0.352	3.2	0
24847	2010	289	8899.2	-7.9	-3.5	0.3917	3.8	5.7
24847	2010	290	8985.6	-9.1	-5.1	0.3482	3.8	8.3
24847	2010	291	12268.8	-8.9	-3.9	0.3675	3.8	0
24847	2010	292	14860.8	-7.7	-4.2	0.3451	5.9	0
24847	2010	293	9763.2	-12	-7	0.2888	4.5	15
24847	2010	294	13132.8	-13.8	-9.9	0.2148	5.2	3.3
24847	2010	295	12528	-10.3	-4.2	0.1561	9.2	0
24847	2010	296	9244.8	-7.1	-3.9	0.345	11.1	2.1
24847	2010	297	4665.6	-7.4	-5.5	0.3699	10.2	15.1
24847	2010	298	3888	-13.2	-5.5	0.2772	10.2	25.1
24847	2010	299	11232	-15.4	-13	0.1836	13.1	1
24847	2010	300	13132.8	-14.2	-5.7	0.1379	10.2	0
24847	2010	301	9676.8	-6	-1.9	0.4381	6.7	1.1
24847	2010	302	12700.8	-6.5	2.2	0.1148	7.5	0
24847	2010	303	12096	-3.5	2.1	0.3832	15.3	4.6
24847	2010	304	2851.2	-7	-2.7	0.4179	16.4	21.2
24847	2010	305	4233.6	-3.2	-2.3	0.4892	9.2	6.9
24847	2010	306	4838.4	-2.7	-0.5	0.5326	2.6	1.3
24847	2010	307	11145.6	-4.7	-2	0.4582	2.6	0
24847	2010	308	10108.8	-5.1	0.8	0.4384	6.7	0
24847	2010	309	10454.4	-0.8	3.3	0.2742	7.5	0
24847	2010	310	11232	-1.3	1.8	0.2987	5.9	0
24847	2010	311	3974.4	-6.8	-1.2	0.4137	15.3	10.2
24847	2010	312	3456	-10.6	-4.3	0.332	10.2	18.2
24847	2010	313	3888	-11	-7.6	0.2813	12.1	3.3
24847	2010	314	6048	-9.7	-8	0.2914	13.1	0.1
24847	2010	315	5356.8	-9.9	-7.6	0.2937	7.5	0
24847	2010	316	6825.6	-9.6	-1.3	0.3952	14.2	0
24847	2010	317	7516.8	-3.1	0	0.3873	12.1	0
24847	2010	318	9590.4	-1.5	0.5	0.3712	16.4	0
24847	2010	319	6739.2	-2.3	0	0.5506	14.2	3
24847	2010	320	3715.2	-4.8	-2.1	0.4596	6.7	6.9
24847	2010	321	6998.4	-5.4	-3.3	0.4251	6.7	0
24847	2010	322	6048	-7.7	-5.3	0.3534	5.9	10.1
24847	2010	323	6393.6	-8.5	-5.4	0.3414	3.2	7.1
24847	2010	324	8553.6	-11.1	-8.1	0.257	14.2	0
24847	2010	325	3628.8	-9.8	-6.6	0.3066	13.1	17
24847	2010	326	4320	-9.7	-6.5	0.3123	8.4	6.7
24847	2010	327	7862.4	-13.7	-9.4	0.2276	4.5	14.1
24847	2010	328	4492.8	-16.1	-11.8	0.1832	3.8	4.9
24847	2010	329	7948.8	-16.9	-9.8	0.1924	8.4	0
24847	2010	330	3369.6	-19.5	-14.5	0.1389	9.2	8.9
24847	2010	331	6825.6	-21.2	-17.8	0.111	11.1	0
24847	2010	332	3456	-18	-10	0.1845	8.4	0.8
24847	2010	333	3628.8	-16.4	-9.7	0.1972	3.2	18
24847	2010	334	6566.4	-18.4	-12.8	0.158	11.1	5.9
24847	2010	335	3110.4	-13.3	-7.5	0.2551	11.1	14.5
24847	2010	336	4233.6	-13.1	-9.2	0.2377	4.5	7.2
24847	2010	337	4147.2	-15.6	-8.6	0.2202	2.1	4.3
24847	2010	338	5529.6	-15.3	-8.7	0.2195	2.1	0
24847	2010	339	4665.6	-15.5	-11.4	0.1908	15.3	5.4
24847	2010	340	3542.4	-14.5	-6.7	0.2483	23.9	10.4
24847	2010	341	5443.2	-6.8	-4.5	0.3852	14.2	1.1
24847	2010	342	2592	-5	-3.2	0.4377	12.1	4.8
24847	2010	343	3974.4	-19.8	-3.9	0.2197	5.9	31.1
24847	2010	344	2419.2	-20.1	-18.3	0.1139	5.2	8.2
24847	2010	345	3542.4	-19	-10.4	0.1742	8.4	13.2
24847	2010	346	4579.2	-16.8	-12.1	0.1738	7.5	8.8
24847	2010	347	4579.2	-25.3	-14.9	0.1041	8.4	4.8
24847	2010	348	3024	-25.9	-24.7	0.0633	10.2	1.1
24847	2010	349	4579.2	-25.7	-24.6	0.0641	8.4	4
24847	2010	350	7689.6	-26.5	-22.3	0.0695	7.5	0
24847	2010	351	5011.2	-22.3	-16	0.1144	7.5	6.3
24847	2010	352	3801.6	-23.7	-17	0.1031	7.5	0.6
24847	2010	353	6393.6	-23.7	-16.1	0.1173	17.5	0
24847	2010	354	7689.6	-16.4	-10	0.2169	15.3	0
24847	2010	355	5788.8	-11.4	-8.9	0.2771	16.4	2.9
24847	2010	356	1382.4	-10.6	-5.6	0.3256	17.5	1.4
24847	2010	357	1555.2	-6.1	-4.6	0.4023	13.1	13.2
24847	2010	358	1728	-6.1	-4.3	0.4069	5.9	13
24847	2010	359	3715.2	-13.2	-5.8	0.2918	4.5	5.1
24847	2010	360	4233.6	-23.9	-9.8	0.1489	11.1	3.8
24847	2010	361	6480	-23.3	-19.6	0.0992	7.5	0
24847	2010	362	5443.2	-19.6	-13.6	0.1571	5.9	3.5
24847	2010	363	5788.8	-15	-9.5	0.2343	8.4	3.7
24847	2010	364	7689.6	-12	-10	0.222	5.2	0
24847	2010	365	7344	-10.7	-7.4	0.145	5.9	0
