*---------------------------------------------------------------------------*
* Station name: SONNBLICK (TAWES)                       
* Year: 2017
* Author: Pedro Alencar                                   -999.000: NIL VALUE
* Source: ECAD 
* Comments: 
* Longitude: 47.0539, latitude: 47.0539, altitude: 3109 m.
*
* Column  Daily value
* 1       station number
* 2       year
* 3       day
* 4       irradiation                   (kJ m-2 d-1)
* 5       minimum temperature           (degrees Celsius)
* 6       maximum temperature           (degrees Celsius)
* 7       early morning vapour pressure (kPa)
* 8       mean wind speed (height: 2 m) (m s-1)
* 9       precipitation                 (mm d-1)
*
** WCCDESCRIPTION=GERMANY, SONNBLICK (TAWES)                       
** WCCFORMAT=2
** WCCYEARNR=2017
*---------------------------------------------------------------------------*
   47.0539  12.9575    3109.  -0.18 -0.55
24847	2017	1	7516.8	-7	-4.1	0.1051	4.5	0
24847	2017	2	7257.6	-11.7	-5.7	0.1458	6.7	5
24847	2017	3	7257.6	-19.1	-11.4	0.1515	8.4	1.7
24847	2017	4	3715.2	-17	-9.4	0.1948	8.4	21.5
24847	2017	5	3542.4	-23.3	-15.6	0.1141	10.2	10.5
24847	2017	6	3542.4	-27	-22.8	0.064	11.1	0.5
24847	2017	7	7084.8	-28.7	-17.9	0.0683	14.2	4.9
24847	2017	8	4233.6	-18.7	-14.2	0.1489	12.1	2.5
24847	2017	9	7776	-18.2	-15.7	0.1282	11.1	0
24847	2017	10	8380.8	-18.1	-14.4	0.0843	5.9	1.6
24847	2017	11	7344	-18.3	-12.8	0.1477	7.5	14.3
24847	2017	12	4924.8	-13.3	-10.2	0.2265	12.1	19.1
24847	2017	13	3024	-20.7	-10.3	0.1722	11.1	16
24847	2017	14	4406.4	-21	-16.5	0.1267	6.7	14.6
24847	2017	15	7516.8	-21	-17.2	0.1108	3.2	1.2
24847	2017	16	6048	-21.9	-20	0.099	9.2	6.8
24847	2017	17	7603.2	-23.9	-19.7	0.0929	12.1	0
24847	2017	18	7862.4	-19.7	-15.2	0.1369	5.9	0
24847	2017	19	9244.8	-16.3	-13.3	0.1572	5.2	0
24847	2017	20	9331.2	-14.9	-11	0.1265	10.2	0
24847	2017	21	9590.4	-12.2	-7.7	0.1006	4.5	0
24847	2017	22	9504	-11.9	-8.9	0.1248	14.2	0
24847	2017	23	9590.4	-11.7	-9.6	0.0897	3.8	0
24847	2017	24	9849.6	-14.4	-10.4	0.0874	8.4	0
24847	2017	25	9936	-13.7	-7.6	0.1114	3.8	0
24847	2017	26	10022.4	-9.9	-7.2	0.1155	8.4	0
24847	2017	27	10281.6	-10	-5.5	0.0853	12.1	0
24847	2017	28	10281.6	-8.3	-5.5	0.1021	7.5	0
24847	2017	29	10713.6	-8.5	-7.1	0.102	4.5	0
24847	2017	30	10108.8	-9.1	-6.5	0.1972	5.2	0.9
24847	2017	31	6048	-8.3	-6.8	0.3259	9.2	8.3
24847	2017	32	10454.4	-10	-7.4	0.2948	9.2	1.4
24847	2017	33	4752	-8.7	-6.9	0.2925	13.1	0.7
24847	2017	34	4492.8	-8.2	-6.3	0.3371	13.1	0
24847	2017	35	6739.2	-10.4	-8.2	0.2782	7.5	12.3
24847	2017	36	7344	-12.7	-7.8	0.2413	12.1	10.7
24847	2017	37	5443.2	-13	-7.4	0.262	10.2	6.3
24847	2017	38	12096	-14.3	-11.6	0.192	5.9	0
24847	2017	39	11664	-12.5	-9.8	0.2324	3.8	0
24847	2017	40	11664	-13.5	-9.9	0.1874	8.4	0
24847	2017	41	5616	-13.2	-9.6	0.2355	14.2	1.8
24847	2017	42	9504	-11.1	-9.4	0.2553	14.2	0.1
24847	2017	43	11664	-11.6	-6	0.2013	5.2	0
24847	2017	44	12873.6	-8.8	-6.8	0.2313	7.5	0
24847	2017	45	13046.4	-8.5	-2.3	0.1472	4.5	0
24847	2017	46	13478.4	-4.5	-2.2	0.1814	6.7	0
24847	2017	47	13824	-6.7	-3.3	0.2108	5.9	0
24847	2017	48	7516.8	-12.4	-6.7	0.2639	4.5	9
24847	2017	49	9072	-13.9	-11.7	0.2012	7.5	2.4
24847	2017	50	14601.6	-13.8	-9.4	0.0982	9.2	1.6
24847	2017	51	12268.8	-13.8	-8	0.1892	10.2	1
24847	2017	52	7948.8	-9.2	-4.8	0.3437	4.5	30.5
24847	2017	53	13651.2	-7.5	-4.7	0.3024	11.1	0
24847	2017	54	13132.8	-6.3	-4	0.2918	14.2	4
24847	2017	55	7776	-14.6	-6	0.2571	7.5	9.5
24847	2017	56	15638.4	-16.8	-7.4	0.1887	8.4	0
24847	2017	57	10281.6	-7.5	-0.7	0.2572	5.9	0
24847	2017	58	13564.8	-9.1	-4.1	0.2574	14.2	0
24847	2017	59	3888	-11.1	-8.1	0.2806	16.4	20.8
24847	2017	60	14515.2	-15.9	-8.7	0.2	8.4	3.5
24847	2017	61	12268.8	-14.1	-5.4	0.2685	7.5	1.3
24847	2017	62	12787.2	-14.3	-8.4	0.1876	13.1	0
24847	2017	63	6480	-9	-7.1	0.3202	21.2	3.1
24847	2017	64	9417.6	-11.1	-7.6	0.2772	9.2	7.9
24847	2017	65	12787.2	-14.6	-10.6	0.2068	11.1	10.2
24847	2017	66	9504	-14	-10.8	0.2149	11.1	12.1
24847	2017	67	17020.8	-14.8	-8.8	0.1934	6.7	16.9
24847	2017	68	9072	-8.8	-5.1	0.3414	5.2	56.3
24847	2017	69	10627.2	-14.4	-6.8	0.251	8.4	11.1
24847	2017	70	19353.6	-15.8	-9.6	0.1521	13.1	0
24847	2017	71	19526.4	-12.2	-9.4	0.1101	11.1	0
24847	2017	72	20044.8	-12.6	-9.1	0.1204	8.4	0
24847	2017	73	15724.8	-12.1	-7.8	0.2241	12.1	0
24847	2017	74	17798.4	-10.8	-5.5	0.2945	12.1	0
24847	2017	75	20131.2	-8.5	-5.5	0.1628	7.5	0
24847	2017	76	20822.4	-6.3	-2.8	0.2835	6.7	0
24847	2017	77	11145.6	-6.2	-2.8	0.3853	10.2	22.8
24847	2017	78	17539.2	-6.2	-2.9	0.41	9.2	6.3
24847	2017	79	19872	-5.3	-0.8	0.371	8.4	0
24847	2017	80	17625.6	-3.7	-0.9	0.4077	9.2	0
24847	2017	81	7948.8	-5.6	-3.7	0.4242	7.5	0
24847	2017	82	10972.8	-6.6	-3.7	0.4001	10.2	0
24847	2017	83	16761.6	-6.2	-1.5	0.3494	6.7	0
24847	2017	84	17712	-3.9	-0.6	0.4403	5.9	0
24847	2017	85	14688	-8.4	-2.3	0.3448	7.5	0
24847	2017	86	23328	-11.6	-1.5	0.1611	3.2	0
24847	2017	87	23414.4	-4.3	-0.4	0.2982	3.2	0
24847	2017	88	21859.2	-7.4	-3.7	0.3518	5.2	0
24847	2017	89	23068.8	-6.6	0.3	0.3489	3.2	0
24847	2017	90	21945.6	-3.6	0.1	0.4032	7.5	0
24847	2017	91	12700.8	-5.1	-1.4	0.4328	12.1	0
24847	2017	92	20217.6	-8.4	-2	0.3114	5.2	0
24847	2017	93	18576	-6	-2.3	0.4271	4.5	13.1
24847	2017	94	13651.2	-7.9	-1.7	0.3981	3.8	7.4
24847	2017	95	23587.2	-8.4	-2.4	0.3722	5.2	10
24847	2017	96	17366.4	-12.1	-6.8	0.269	7.5	9.4
24847	2017	97	16243.2	-12.2	-6	0.2919	14.2	6.6
24847	2017	98	23760	-7.2	-3.7	0.3707	6.7	0
24847	2017	99	26265.6	-4.9	-1	0.3639	5.2	0
24847	2017	100	21168	-4.9	0.1	0.3996	5.9	0
24847	2017	101	18057.6	-7.1	-3.1	0.4058	3.8	0
24847	2017	102	23068.8	-8.8	-2	0.2781	9.2	0
24847	2017	103	17366.4	-5.9	-3.3	0.3867	11.1	0.1
24847	2017	104	24969.6	-6.8	-1.1	0.3286	5.2	0
24847	2017	105	13910.4	-7	-2.8	0.4036	5.2	16
24847	2017	106	17798.4	-10.1	-5	0.319	2.1	29.7
24847	2017	107	20390.4	-12.2	-5.7	0.2829	5.9	20.8
24847	2017	108	18835.2	-14.5	-8.1	0.2374	8.4	10.7
24847	2017	109	20390.4	-17	-13.9	0.16	13.1	8.4
24847	2017	110	17366.4	-17.9	-15.4	0.1464	12.1	0.4
24847	2017	111	27302.4	-18.6	-8.8	0.1742	10.2	0
24847	2017	112	21686.4	-9.9	-6.2	0.2935	8.4	6.3
24847	2017	113	27129.6	-12.5	-8.1	0.2292	10.2	0
24847	2017	114	29203.2	-10.5	-2.5	0.3008	8.4	0
24847	2017	115	12873.6	-7.3	-4	0.3892	13.1	20
24847	2017	116	8035.2	-6	-4.3	0.4043	13.1	23.5
24847	2017	117	9936	-5.5	-2.6	0.4439	10.2	25
24847	2017	118	17539.2	-12.8	-3.5	0.3045	8.4	23
24847	2017	119	29289.6	-13.2	-6.8	0.2604	5.9	0
24847	2017	120	11404.8	-10.3	-4.8	0.2115	12.1	0
24847	2017	121	23068.8	-7.7	-3.2	0.3259	8.4	16.9
24847	2017	122	23932.8	-10.8	-5.9	0.2998	7.5	1
24847	2017	123	16675.2	-9.1	-4.6	0.3404	10.2	4.8
24847	2017	124	17366.4	-8.4	-4.6	0.3497	5.9	4.8
24847	2017	125	28944	-8.3	-3.4	0.3636	4.5	1
24847	2017	126	22291.2	-6.5	-2	0.3837	11.1	5.6
24847	2017	127	19526.4	-5.5	-2.6	0.4393	9.2	9.6
24847	2017	128	20736	-5.6	-2.3	0.4381	5.2	16.7
24847	2017	129	27216	-8	-4.6	0.3627	3.2	8.8
24847	2017	130	32313.6	-8.8	-2.2	0.3409	9.2	0
24847	2017	131	17020.8	-5.7	-2.4	0.4393	13.1	1.1
24847	2017	132	16588.8	-3.6	-0.6	0.5238	8.4	9.9
24847	2017	133	24710.4	-3.4	0.5	0.5386	3.8	2.1
24847	2017	134	19612.8	-2.1	1.4	0.5778	3.2	5.3
24847	2017	135	20908.8	-3.2	-1.3	0.5129	8.4	2.2
24847	2017	136	32659.2	-6.1	-0.5	0.3977	4.5	0
24847	2017	137	30758.4	-4.4	2.5	0.5359	5.9	0
24847	2017	138	29980.8	0.4	5.2	0.6201	4.5	0
24847	2017	139	22550.4	-0.9	2.6	0.5068	9.2	1
24847	2017	140	19267.2	-6	-0.3	0.47	8.4	1.5
24847	2017	141	24796.8	-6	0.2	0.469	6.7	0
24847	2017	142	26092.8	-1.7	1.8	0.5642	4.5	2.2
24847	2017	143	19872	-2.4	0.8	0.5591	4.5	8.6
24847	2017	144	9504	-2.5	-0.3	0.5516	4.5	18.6
24847	2017	145	17884.8	-6	-1.6	0.4523	9.2	0
24847	2017	146	32313.6	-6.1	0	0.4491	8.4	0
24847	2017	147	34646.4	-2.4	3.5	0.4387	5.2	0
24847	2017	148	34646.4	1.5	6	0.4314	3.8	0
24847	2017	149	34214.4	2.6	6.4	0.4632	3.8	0
24847	2017	150	20563.2	2.8	7.4	0.7113	5.2	1.2
24847	2017	151	17107.2	1.7	7.5	0.7548	2.6	0
24847	2017	152	15724.8	1.6	7.2	0.7861	2.1	13.2
24847	2017	153	16761.6	0.7	5.7	0.7224	1.5	9.1
24847	2017	154	21340.8	0.3	6.3	0.7198	4.5	0.8
24847	2017	155	13219.2	-0.9	4.8	0.7032	8.4	4
24847	2017	156	12355.2	-1.1	1.9	0.629	10.2	0.2
24847	2017	157	6652.8	-1	1.4	0.6199	9.2	21.4
24847	2017	158	18230.4	-6.7	-0.7	0.451	3.8	8.8
24847	2017	159	32054.4	-8.7	3.3	0.2655	5.2	0
24847	2017	160	27820.8	1	6.8	0.6298	5.9	3.9
24847	2017	161	27216	-1.9	3.1	0.6062	3.8	0
24847	2017	162	34905.6	0	8.1	0.4651	7.5	0
24847	2017	163	23241.6	4.9	10.8	0.8808	5.2	0
24847	2017	164	34300.8	3.9	9.9	0.8155	3.2	0
24847	2017	165	24364.8	4.3	7.8	0.7785	4.5	0
24847	2017	166	30067.2	2.4	8.3	0.7059	3.8	0.1
24847	2017	167	12355.2	1.4	6.1	0.743	4.5	4
24847	2017	168	14688	-3	1.8	0.579	7.5	0
24847	2017	169	32918.4	-4.1	6.3	0.4433	4.5	0
24847	2017	170	35078.4	3.5	7.8	0.5383	3.8	0
24847	2017	171	29980.8	5	9.8	0.8336	2.6	3.6
24847	2017	172	20649.6	3.9	8.4	0.85	3.8	0.2
24847	2017	173	29203.2	4.7	12.7	0.8994	2.6	1.1
24847	2017	174	20044.8	5.5	9.8	0.7433	5.9	0
24847	2017	175	23155.2	4.7	13.1	0.7635	5.9	17.1
24847	2017	176	10886.4	0.8	8.6	0.7686	3.8	19.5
24847	2017	177	30153.6	0.2	10.6	0.7084	3.8	0.5
24847	2017	178	7689.6	3.4	8	0.9064	11.1	7.7
24847	2017	179	8121.6	0.7	5.4	0.7376	12.1	8.3
24847	2017	180	8208	-0.2	2.5	0.664	9.2	18.6
24847	2017	181	6739.2	-1.8	0.9	0.5913	8.4	11.9
24847	2017	182	17020.8	-3.3	1.4	0.5701	3.8	10.3
24847	2017	183	14947.2	-2.6	0.8	0.5722	5.2	17.7
24847	2017	184	20131.2	-0.7	1.5	0.629	2.6	5.2
24847	2017	185	31190.4	-1.2	6.7	0.6402	4.5	0
24847	2017	186	28166.4	2.8	9	0.7705	4.5	8.9
24847	2017	187	26438.4	2.5	10.6	0.7088	1.5	0
24847	2017	188	20736	5.7	9.8	0.8643	2.6	7.2
24847	2017	189	17107.2	3.6	8.7	0.8312	5.2	2.5
24847	2017	190	17193.6	4.3	9.9	0.8066	6.7	24.7
24847	2017	191	6220.8	3.7	6.9	0.8905	12.1	15
24847	2017	192	12873.6	0.8	6.7	0.791	3.8	2.8
24847	2017	193	13824	1.7	7.2	0.8056	7.5	13.1
24847	2017	194	25574.4	0.8	7.5	0.8218	2.1	8
24847	2017	195	15292.8	-0.1	4.4	0.7133	3.2	16.7
24847	2017	196	15120	-3.4	0.3	0.5455	3.8	16
24847	2017	197	20822.4	-3.8	1.1	0.5481	5.9	0
24847	2017	198	32227.2	-2.4	6.2	0.6797	4.5	0
24847	2017	199	23760	3.7	10.3	0.9513	4.5	14.4
24847	2017	200	24019.2	2.5	9.4	0.708	3.8	1
24847	2017	201	12268.8	3.1	8.9	0.8974	5.2	18.5
24847	2017	202	18489.6	3.2	6.6	0.7708	8.4	4.3
24847	2017	203	10022.4	2.9	9.4	0.9067	4.5	1.8
24847	2017	204	12355.2	3.3	8.6	0.9036	5.9	25
24847	2017	205	6912	-1.5	5.9	0.7159	6.7	27.3
24847	2017	206	22896	-2.6	0.7	0.5701	4.5	6
24847	2017	207	11059.2	-2.7	-0.2	0.5496	7.5	16.3
24847	2017	208	21513.6	-4	2.5	0.5554	5.9	0.1
24847	2017	209	21600	1.4	7.1	0.8027	5.2	0.1
24847	2017	210	26870.4	2.7	9.4	0.8348	5.9	0
24847	2017	211	17625.6	5.1	10	0.9046	2.6	5.7
24847	2017	212	29289.6	4.5	11.4	0.7266	5.9	0
24847	2017	213	26870.4	7.3	12.2	0.8446	9.2	0
24847	2017	214	20217.6	6.6	12.1	0.881	3.2	5.7
24847	2017	215	23760	7	13.3	1.0039	4.5	6.8
24847	2017	216	18662.4	7.8	14.3	1.1448	5.9	21.4
24847	2017	217	13219.2	7	12.9	1.2229	5.2	8.4
24847	2017	218	5702.4	1.7	8.7	0.8843	5.9	23.4
24847	2017	219	29462.4	0.3	6.5	0.6626	5.9	0
24847	2017	220	13737.6	2	6.8	0.7945	12.1	0.7
24847	2017	221	3542.4	4.3	6.2	0.8874	15.3	0.1
24847	2017	222	3801.6	3.3	6.4	0.863	12.1	15.5
24847	2017	223	3715.2	-0.2	4.3	0.7082	7.5	29.6
24847	2017	224	11923.2	-2.1	0.7	0.5806	5.9	3.8
24847	2017	225	21254.4	-1.9	3.4	0.6451	5.9	0
24847	2017	226	17107.2	1.1	6.2	0.7537	3.8	0
24847	2017	227	19180.8	3	8.1	0.7974	3.2	3.8
24847	2017	228	12355.2	2.6	7.6	0.8431	2.6	3.8
24847	2017	229	17193.6	3.3	8.4	0.7956	2.6	0
24847	2017	230	10627.2	5.1	8	0.9029	9.2	13.7
24847	2017	231	3974.4	-1.2	6.4	0.7365	3.8	35.1
24847	2017	232	15552	-2.7	-0.1	0.5461	5.2	2.4
24847	2017	233	19699.2	-3.5	0	0.5268	3.2	0
24847	2017	234	25488	-3.4	3	0.4878	4.5	0
24847	2017	235	13478.4	-0.9	3.9	0.5583	4.5	0
24847	2017	236	21686.4	2.8	9.1	0.7173	5.9	0.8
24847	2017	237	14601.6	2.9	9.2	0.8254	2.1	0
24847	2017	238	12268.8	4.8	9.8	0.8075	5.2	4.1
24847	2017	239	17452.8	2.8	9.2	0.673	5.9	4
24847	2017	240	13046.4	1.1	7.3	0.6927	4.5	1.3
24847	2017	241	26006.4	1.7	8.1	0.5456	4.5	0
24847	2017	242	24451.2	5.1	12	0.7902	3.8	0
24847	2017	243	17193.6	7.1	10.2	0.9412	5.9	0.5
24847	2017	244	3283.2	-1.8	7.5	0.7497	5.2	19
24847	2017	245	7084.8	-4.6	1.3	0.5415	6.7	20.4
24847	2017	246	12614.4	-5	-1.8	0.466	6.7	6.5
24847	2017	247	22723.2	-6.3	-1.9	0.4151	4.5	0.3
24847	2017	248	12441.6	-3.9	0.4	0.5322	7.5	0.3
24847	2017	249	9676.8	-0.5	3.4	0.6784	3.8	6.3
24847	2017	250	14860.8	-1.9	1.1	0.5935	5.9	0.1
24847	2017	251	18921.6	-2.7	1.8	0.5381	9.2	0
24847	2017	252	7430.4	-1.2	0.9	0.6044	12.1	5.2
24847	2017	253	4492.8	-0.8	0.4	0.6022	9.2	15.5
24847	2017	254	6825.6	-0.8	2.4	0.6474	6.7	11
24847	2017	255	8899.2	-5.2	-0.3	0.4892	5.2	18.5
24847	2017	256	19180.8	-6.5	0.9	0.4376	14.2	0
24847	2017	257	10886.4	-6.8	0.6	0.4669	13.1	12
24847	2017	258	7776	-7.7	-2.6	0.3668	13.1	9.8
24847	2017	259	6307.2	-3.4	-1.2	0.5161	9.2	5.5
24847	2017	260	13392	-6	-2.8	0.4323	1.5	7.4
24847	2017	261	12873.6	-6	-1.7	0.446	3.2	16.8
24847	2017	262	8121.6	-7.8	-4.3	0.3736	12.1	24.1
24847	2017	263	5356.8	-7.9	-6.3	0.3482	11.1	8.9
24847	2017	264	14169.6	-7.6	-4.4	0.3594	9.2	0.4
24847	2017	265	17539.2	-6	-0.6	0.4073	10.2	0
24847	2017	266	19612.8	-2.8	0.4	0.459	6.7	1.6
24847	2017	267	9936	-4	-1.1	0.5066	4.5	4
24847	2017	268	11318.4	-5.3	-1.1	0.4779	3.8	0
24847	2017	269	13392	-4.7	-0.9	0.4874	3.2	1
24847	2017	270	10281.6	-3	-1	0.5013	5.2	0
24847	2017	271	16329.6	-2.7	0.8	0.553	4.5	0
24847	2017	272	12700.8	-2.8	0.2	0.5445	5.9	1.1
24847	2017	273	15552	-1.6	1	0.556	3.2	0
24847	2017	274	7516.8	-1.4	0.7	0.5956	3.2	1.4
24847	2017	275	17366.4	-2.1	1	0.5283	5.2	0
24847	2017	276	5529.6	-4.9	2.2	0.5481	10.2	15.3
24847	2017	277	14515.2	-6.3	1.5	0.1742	9.2	0
24847	2017	278	16934.4	-0.3	3.9	0.4522	10.2	2.8
24847	2017	279	12441.6	-10.5	0.9	0.4023	5.2	13.4
24847	2017	280	15033.6	-10	-6.5	0.2496	9.2	2
24847	2017	281	9504	-7.4	-3.7	0.3841	5.9	10.4
24847	2017	282	12355.2	-7.3	-3.4	0.3736	5.2	1.2
24847	2017	283	12096	-7.3	-2.7	0.3836	5.2	1.2
24847	2017	284	15292.8	-4.9	0.2	0.3702	5.9	0
24847	2017	285	15811.2	-2.7	0.5	0.3609	5.9	0
24847	2017	286	12873.6	-1.4	2.9	0.1935	8.4	0
24847	2017	287	15379.2	0.3	4.6	0.3935	3.2	0
24847	2017	288	15292.8	2.7	5.7	0.4453	4.5	0
24847	2017	289	12355.2	2.9	5.7	0.3654	4.5	0
24847	2017	290	13996.8	3.1	5.6	0.2583	7.5	0
24847	2017	291	14688	0.4	4.7	0.4257	5.2	0
24847	2017	292	14688	-0.8	1.7	0.3851	2.6	0
24847	2017	293	13996.8	-0.6	2.8	0.3771	3.2	0
24847	2017	294	8985.6	-0.5	1.7	0.4659	5.2	0.4
24847	2017	295	4752	-9.6	0	0.4109	8.4	24.8
24847	2017	296	7084.8	-10.1	-8.2	0.2877	14.2	17.1
24847	2017	297	7776	-9.3	-6.8	0.2968	14.2	0.5
24847	2017	298	7776	-7.9	1.7	0.2967	11.1	0
24847	2017	299	11318.4	0.2	2.9	0.3963	7.5	0
24847	2017	300	4924.8	-9.6	0.9	0.3941	7.5	23.6
24847	2017	301	12096	-11.1	-5.4	0.2233	15.3	2.4
24847	2017	302	3628.8	-11	-2.8	0.35	6.7	36.9
24847	2017	303	8726.4	-13.5	-10.8	0.2097	12.1	0
24847	2017	304	9158.4	-13.3	-6.1	0.2432	9.2	0
24847	2017	305	5443.2	-7.6	-3.3	0.3911	9.2	1
24847	2017	306	7689.6	-5	-0.9	0.3492	7.5	0.8
24847	2017	307	9590.4	-6.8	-1.1	0.3012	7.5	0.1
24847	2017	308	8899.2	-4.2	1	0.2609	7.5	0
24847	2017	309	4147.2	-5.1	-3.2	0.445	13.1	20.6
24847	2017	310	4579.2	-11.1	-4.3	0.3187	10.2	13.8
24847	2017	311	8899.2	-10.2	-3.6	0.3537	9.2	2.7
24847	2017	312	6566.4	-9.1	-6	0.3086	4.5	0
24847	2017	313	10195.2	-9	-6.3	0.3131	4.5	0
24847	2017	314	8640	-8.7	-7	0.2676	5.2	7.6
24847	2017	315	6566.4	-9.5	-6.9	0.3132	9.2	9.5
24847	2017	316	4752	-7.7	-5.1	0.3637	13.1	23
24847	2017	317	3801.6	-15.3	-7.1	0.2419	14.2	11.3
24847	2017	318	9590.4	-16.5	-8.6	0.1727	11.1	0
24847	2017	319	9331.2	-13.8	-4.3	0.2437	5.2	0
24847	2017	320	9676.8	-6.3	-4.5	0.3476	4.5	0
24847	2017	321	9158.4	-10.3	-4.8	0.3017	7.5	0
24847	2017	322	9590.4	-13.1	-9.2	0.1619	8.4	1.7
24847	2017	323	5270.4	-16.3	-10.2	0.2028	4.5	20.4
24847	2017	324	7603.2	-16.5	-9.1	0.2035	8.4	10.1
24847	2017	325	6393.6	-9.4	-4.5	0.3523	6.7	10.4
24847	2017	326	8294.4	-7.2	-2.5	0.1834	6.7	0
24847	2017	327	8467.2	-6.1	0	0.249	10.2	0
24847	2017	328	7776	-6.9	-3.8	0.2751	8.4	0
24847	2017	329	4233.6	-10.5	-4.1	0.3323	14.2	21.9
24847	2017	330	4060.8	-18.2	-10.5	0.1793	10.2	9.3
24847	2017	331	6652.8	-18.5	-12	0.1571	11.1	0
24847	2017	332	5184	-12.1	-8.1	0.2555	7.5	1.1
24847	2017	333	3283.2	-12.2	-9.7	0.2441	8.4	9.8
24847	2017	334	4838.4	-17.1	-10.1	0.1907	6.7	7.8
24847	2017	335	7084.8	-18	-11.8	0.1713	4.5	0
24847	2017	336	8035.2	-16.4	-12.3	0.1612	6.7	0
24847	2017	337	8121.6	-18.7	-15.5	0.1314	8.4	5
24847	2017	338	7344	-18.9	-13	0.157	7.5	25.2
24847	2017	339	5961.6	-14.2	-10.4	0.2167	12.1	5.3
24847	2017	340	6998.4	-10.9	-7.8	0.1988	5.9	0
24847	2017	341	7776	-8.7	-6.3	0.181	9.2	0
24847	2017	342	3628.8	-15.5	-8	0.2265	12.1	11.6
24847	2017	343	5184	-22	-15.5	0.117	12.1	3
24847	2017	344	4838.4	-21.6	-14.2	0.1213	23.9	5.2
24847	2017	345	1382.4	-14.5	-6.2	0.2672	24	10.9
24847	2017	346	2764.8	-10.8	-5.7	0.3054	9.5	14.9
24847	2017	347	5875.2	-14.4	-10.7	0.203	12.1	0.4
24847	2017	348	5270.4	-14	-10.8	0.2149	12.1	6.5
24847	2017	349	3542.4	-15.3	-10.2	0.2089	7.5	12.7
24847	2017	350	5011.2	-16.6	-14.8	0.1621	5.2	7.1
24847	2017	351	3283.2	-18.5	-15.8	0.1404	7.5	9
24847	2017	352	7171.2	-20.5	-18	0.1014	10.2	0.2
24847	2017	353	6998.4	-18.7	-14.5	0.1303	10.2	7
24847	2017	354	4492.8	-17.6	-15.6	0.147	10.2	1.9
24847	2017	355	5443.2	-16.1	-7.6	0.2025	13.1	10.7
24847	2017	356	4320	-10.8	-8.2	0.2799	11.1	12.8
24847	2017	357	5184	-11.5	-7.2	0.2681	16.4	0.3
24847	2017	358	7084.8	-8.4	-1.8	0.1506	14.2	0
24847	2017	359	7257.6	-3.5	-0.6	0.142	7.5	0
24847	2017	360	6220.8	-10.8	-1.7	0.299	13.1	6
24847	2017	361	2419.2	-11.2	-9.4	0.2627	17.5	21.6
24847	2017	362	3542.4	-17.3	-9.7	0.1944	8.4	16.2
24847	2017	363	7516.8	-21	-17.3	0.1063	9.2	0
24847	2017	364	3715.2	-18.1	-7.8	0.2033	10.2	16.5
24847	2017	365	6825.6	-7.9	-3.7	0.2618	11.1	0
