*---------------------------------------------------------------------------*
* Station name: SONNBLICK (TAWES)                       
* Year: 2006
* Author: Pedro Alencar                                   -999.000: NIL VALUE
* Source: ECAD 
* Comments: 
* Longitude: 47.0539, latitude: 47.0539, altitude: 3109 m.
*
* Column  Daily value
* 1       station number
* 2       year
* 3       day
* 4       irradiation                   (kJ m-2 d-1)
* 5       minimum temperature           (degrees Celsius)
* 6       maximum temperature           (degrees Celsius)
* 7       early morning vapour pressure (kPa)
* 8       mean wind speed (height: 2 m) (m s-1)
* 9       precipitation                 (mm d-1)
*
** WCCDESCRIPTION=GERMANY, SONNBLICK (TAWES)                       
** WCCFORMAT=2
** WCCYEARNR=2006
*---------------------------------------------------------------------------*
   47.0539  12.9575    3109.  -0.18 -0.55
24847	2006	1	3542.4	-14	-8.8	0.2509	7.5	9.7
24847	2006	2	3801.6	-15.5	-13.8	0.1906	12.1	10.3
24847	2006	3	3456	-17	-15.2	0.169	13.1	3.5
24847	2006	4	7430.4	-17.2	-13	0.1818	5.9	0
24847	2006	5	3715.2	-14	-11.8	0.22	11.1	4.5
24847	2006	6	5270.4	-12.3	-9.5	0.2638	10.2	3.3
24847	2006	7	7430.4	-12.8	-10.8	0.238	3.2	0
24847	2006	8	7862.4	-15.1	-12.6	0.1994	8.4	0
24847	2006	9	7948.8	-14.8	-9.8	0.15	8.4	0
24847	2006	10	7776	-11	-8.8	0.1904	3.2	0
24847	2006	11	8121.6	-12.1	-8.1	0.1136	6.7	0
24847	2006	12	8121.6	-12.8	-9.3	0.1211	4.5	0
24847	2006	13	8208	-12.4	-6	0.0884	5.2	0
24847	2006	14	8121.6	-9	-6.6	0.136	5.2	0
24847	2006	15	8380.8	-15.4	-9	0.132	14.2	0
24847	2006	16	8553.6	-17	-12.5	0.1423	8.4	0.6
24847	2006	17	5529.6	-17	-12.7	0.1856	14.2	5.1
24847	2006	18	3628.8	-15.8	-11.4	0.2057	8.4	18.4
24847	2006	19	8467.2	-18.5	-8.8	0.1301	15.3	0.2
24847	2006	20	8121.6	-9	-3.1	0.2919	8.4	2
24847	2006	21	8553.6	-15.2	-5	0.2782	5.9	10.1
24847	2006	22	4838.4	-17.4	-15.2	0.1696	10.2	6.1
24847	2006	23	9504	-21.9	-17.4	0.1263	12.1	0
24847	2006	24	9504	-19.8	-12.5	0.0937	9.2	0
24847	2006	25	8208	-13.2	-8.7	0.1088	7.5	0
24847	2006	26	7257.6	-20.4	-12.2	0.1319	12.1	0
24847	2006	27	8035.2	-19.8	-14.6	0.1588	11.1	2.9
24847	2006	28	4924.8	-15.4	-9.6	0.2343	13.1	0.2
24847	2006	29	9763.2	-10.7	-6.4	0.3079	8.4	0
24847	2006	30	9417.6	-7.7	-4.6	0.2549	3.8	0
24847	2006	31	9676.8	-6.6	-5.1	0.1304	11.1	0
24847	2006	32	10195.2	-6.2	2.5	0.1014	4.5	0
24847	2006	33	10713.6	-6.6	1	0.194	4.5	0
24847	2006	34	10800	-9.1	-6.4	0.0853	4.5	0
24847	2006	35	11059.2	-14.9	-8.4	0.1556	8.4	1.4
24847	2006	36	11059.2	-21.5	-14.6	0.1138	12.1	4.1
24847	2006	37	6652.8	-22.5	-19.6	0.1073	12.1	5.9
24847	2006	38	8294.4	-20.8	-12.2	0.1634	16.4	3.7
24847	2006	39	7776	-14.1	-10.1	0.2347	10.2	9.5
24847	2006	40	8640	-18.8	-14.1	0.1607	6.7	8.7
24847	2006	41	10713.6	-20.7	-17.4	0.1262	6.7	12.6
24847	2006	42	8985.6	-21.5	-19.2	0.1116	10.2	0.6
24847	2006	43	12614.4	-20.8	-16.6	0.0951	8.4	0
24847	2006	44	12009.6	-18.8	-14.4	0.1337	9.2	0
24847	2006	45	13132.8	-15.3	-12.4	0.1574	6.7	0
24847	2006	46	9072	-13.5	-9.5	0.226	10.2	3
24847	2006	47	8812.8	-11.4	-6.3	0.3133	8.4	9
24847	2006	48	10886.4	-13.1	-8.8	0.2601	4.5	0
24847	2006	49	5961.6	-14.4	-11	0.2282	18.7	6
24847	2006	50	9331.2	-14.3	-10.8	0.2333	16.4	4
24847	2006	51	7603.2	-11.7	-9.8	0.2696	8.4	3.2
24847	2006	52	11404.8	-12.6	-10.3	0.255	5.9	0
24847	2006	53	10800	-12.7	-10.3	0.2539	5.9	0
24847	2006	54	10627.2	-14.2	-11.7	0.2214	8.4	2.2
24847	2006	55	8812.8	-16.8	-10	0.2156	14.2	3.4
24847	2006	56	11145.6	-16.8	-8.3	0.2287	9.2	3.1
24847	2006	57	13132.8	-15.7	-11.9	0.2023	6.7	2.2
24847	2006	58	16588.8	-21.4	-15.6	0.1067	5.9	0
24847	2006	59	14256	-18.6	-14.1	0.1433	2.1	1.6
24847	2006	60	14169.6	-21.2	-16.8	0.1308	6.7	1.7
24847	2006	61	16502.4	-21.7	-19.7	0.1129	7.5	0.4
24847	2006	62	13046.4	-22.3	-14.4	0.1398	22.5	14.4
24847	2006	63	10108.8	-14.6	-8.8	0.2424	17.5	18.4
24847	2006	64	7689.6	-20.5	-8.2	0.1934	11.1	20
24847	2006	65	11318.4	-22.6	-19.7	0.1086	8.4	7.4
24847	2006	66	10886.4	-21.8	-20	0.1052	5.9	7.5
24847	2006	67	17280	-22.6	-9.2	0.1417	11.1	13.7
24847	2006	68	14256	-10	-6.5	0.3054	7.5	11.5
24847	2006	69	10022.4	-16.6	-9	0.2241	5.9	29
24847	2006	70	15724.8	-17.9	-15.2	0.1644	7.5	7.5
24847	2006	71	13564.8	-26	-15.7	0.1138	11.1	10.6
24847	2006	72	19267.2	-26.4	-15.2	0.0945	16.4	1.2
24847	2006	73	14256	-17.4	-11.4	0.1966	11.1	1.7
24847	2006	74	17884.8	-12.8	-9	0.2291	3.8	0.9
24847	2006	75	18489.6	-15	-11	0.207	4.5	0
24847	2006	76	17193.6	-16	-12.4	0.1734	6.7	0.8
24847	2006	77	20736	-14.8	-9.6	0.192	5.2	0
24847	2006	78	21600	-10.8	-4.2	0.1358	3.2	0
24847	2006	79	21772.8	-7.8	-4	0.2165	5.2	0
24847	2006	80	17452.8	-9.3	-6	0.3269	7.5	0.4
24847	2006	81	18921.6	-9.3	-5.4	0.3451	2.6	1.6
24847	2006	82	14774.4	-10.5	-8	0.3036	8.4	0
24847	2006	83	16070.4	-10.3	-7.4	0.3133	14.2	0.3
24847	2006	84	17712	-8.7	-4.5	0.3694	7.5	1.7
24847	2006	85	14515.2	-9.8	-1.9	0.3912	10.2	5.4
24847	2006	86	20649.6	-3.2	0.9	0.4494	6.7	0
24847	2006	87	8553.6	-6.1	-1	0.4702	10.2	18.7
24847	2006	88	18144	-12.2	-6.1	0.306	6.7	9.5
24847	2006	89	15984	-12.5	-4.5	0.2834	14.2	10.8
24847	2006	90	21427.2	-6.6	-2.6	0.4041	11.1	0
24847	2006	91	20044.8	-8.6	-4.5	0.3371	7.5	1.6
24847	2006	92	19440	-8.6	-4.2	0.3713	4.5	0.4
24847	2006	93	12441.6	-11.6	-7	0.2994	5.2	15.3
24847	2006	94	22636.8	-14.2	-9	0.2318	7.5	3.2
24847	2006	95	11923.2	-10.6	-9	0.2849	15.3	16.4
24847	2006	96	16848	-16.3	-9.1	0.2005	8.4	4.9
24847	2006	97	25833.6	-16.3	-9	0.1134	3.2	0
24847	2006	98	26524.8	-10.6	-6	0.2911	8.4	0
24847	2006	99	20995.2	-8.1	-4.1	0.314	8.4	0
24847	2006	100	12528	-6.9	-4.8	0.3952	14.2	19.7
24847	2006	101	20476.8	-14.8	-5.8	0.2767	10.2	4.7
24847	2006	102	18489.6	-15.8	-9.6	0.2282	8.4	8.7
24847	2006	103	22204.8	-14.4	-7.9	0.2585	11.1	4.7
24847	2006	104	22723.2	-8.6	-3.7	0.3283	12.1	1.6
24847	2006	105	17971.2	-4.7	-0.8	0.4193	10.2	0.9
24847	2006	106	16934.4	-6.2	-3.2	0.4226	5.2	3.2
24847	2006	107	19008	-7.8	-3.3	0.3841	5.2	9
24847	2006	108	20822.4	-8.2	-4.7	0.3774	5.2	2.9
24847	2006	109	19612.8	-7.8	-3.2	0.4059	4.5	0
24847	2006	110	27820.8	-8.4	-5.4	0.3136	4.5	0
24847	2006	111	27475.2	-7	-3.3	0.3543	4.5	0
24847	2006	112	27388.8	-6	-2.6	0.3778	4.5	0
24847	2006	113	19526.4	-4.8	-1.3	0.4735	5.9	1
24847	2006	114	17539.2	-4.6	-0.3	0.5002	5.2	0.3
24847	2006	115	17712	-4.2	0.9	0.5144	3.2	0
24847	2006	116	22550.4	-3.5	1.7	0.5207	3.2	1.4
24847	2006	117	14428.8	-4.4	-1	0.501	8.4	19.4
24847	2006	118	22636.8	-4.6	-0.6	0.5048	2.6	8.6
24847	2006	119	17625.6	-10	-3	0.376	3.8	46.1
24847	2006	120	25920	-14.1	-3.9	0.3035	6.7	0
24847	2006	121	26092.8	-13	-4.8	0.2996	7.5	1.3
24847	2006	122	22118.4	-6.9	-2	0.4395	2.6	0.5
24847	2006	123	29721.6	-6.3	-1	0.4341	4.5	0
24847	2006	124	24451.2	-4.9	-1.6	0.4328	5.9	1.5
24847	2006	125	23500.8	-5.8	-2.3	0.4529	6.7	0.4
24847	2006	126	29030.4	-6.8	-2.4	0.3954	3.2	0
24847	2006	127	27734.4	-7.4	-3.4	0.3803	2.1	0.5
24847	2006	128	21945.6	-6.6	-1.2	0.4581	6.7	4.3
24847	2006	129	17884.8	-4.6	-1.5	0.4833	5.2	4.8
24847	2006	130	23587.2	-7.5	-4	0.3902	8.4	0.2
24847	2006	131	30067.2	-7.7	-3.1	0.3763	5.2	0
24847	2006	132	28080	-6.2	0.1	0.41	5.9	0.4
24847	2006	133	18316.8	-3.5	0	0.5107	7.5	4.5
24847	2006	134	22809.6	-4.5	-1.2	0.4905	4.5	4.6
24847	2006	135	30326.4	-6.8	0.4	0.4151	6.7	0
24847	2006	136	22550.4	-1.9	3	0.6168	5.2	7.5
24847	2006	137	27302.4	-3.2	0.8	0.5318	9.2	4
24847	2006	138	20822.4	-0.5	4.1	0.64	9.2	19
24847	2006	139	17712	-0.8	3	0.6484	5.9	17.4
24847	2006	140	17625.6	-5.2	-0.8	0.4851	14.2	0
24847	2006	141	12700.8	-2.7	0.1	0.5556	6.7	9
24847	2006	142	17712	-1.3	0.9	0.5841	14.2	0
24847	2006	143	13996.8	-1.1	1.2	0.6132	7.5	8.2
24847	2006	144	14169.6	-6.6	-0.4	0.472	2.1	4.7
24847	2006	145	24364.8	-9.2	-1.7	0.3789	9.2	2.7
24847	2006	146	21686.4	-4.7	0.6	0.51	3.8	12.8
24847	2006	147	20304	-0.6	2	0.6428	3.8	3.2
24847	2006	148	16243.2	-0.5	2.3	0.6195	6.7	7.3
24847	2006	149	15638.4	-5.2	-0.5	0.4905	7.5	22
24847	2006	150	18662.4	-11.1	-4	0.3467	6.7	9.5
24847	2006	151	26006.4	-13.1	-7.4	0.2806	4.5	10.5
24847	2006	152	25660.8	-11.8	-6.2	0.3066	5.2	18.1
24847	2006	153	20217.6	-12.3	-8.8	0.2657	12.1	29.4
24847	2006	154	20476.8	-9.7	-7.3	0.3124	15.3	17.2
24847	2006	155	22291.2	-8.2	-4.8	0.3685	7.5	17.5
24847	2006	156	24364.8	-10.2	-4.2	0.3384	6.7	1.5
24847	2006	157	26956.8	-7.8	-5.3	0.3708	5.2	18.4
24847	2006	158	20822.4	-10	-6.2	0.3256	6.7	1.6
24847	2006	159	26870.4	-8.8	-4.6	0.3591	5.9	0
24847	2006	160	22464	-7	-4.4	0.3917	6.7	0
24847	2006	161	15379.2	-5.6	-2.2	0.4535	12.1	10.1
24847	2006	162	33350.4	-5.9	-1.3	0.4544	5.9	0
24847	2006	163	34300.8	-3.7	2.2	0.4397	4.5	0
24847	2006	164	31190.4	0	3.1	0.6082	6.7	0
24847	2006	165	30672	0.2	3.9	0.6303	5.2	0
24847	2006	166	33436.8	0.8	6.2	0.3847	3.2	0
24847	2006	167	22982.4	3.4	7.7	0.8064	4.5	0.3
24847	2006	168	21859.2	1.9	7.4	0.783	5.2	10.1
24847	2006	169	27907.2	2.2	8.5	0.7953	6.7	3.4
24847	2006	170	25747.2	3.2	9.1	0.7273	3.8	3
24847	2006	171	29721.6	2.3	9.5	0.6962	5.9	0
24847	2006	172	20044.8	6.1	9.5	0.899	9.2	3.1
24847	2006	173	11404.8	3.9	7.2	0.897	7.5	8.8
24847	2006	174	12441.6	3	6.3	0.8425	3.2	0.6
24847	2006	175	24278.4	3.8	9.7	0.8268	3.2	6.2
24847	2006	176	11577.6	4	7.7	0.8974	9.2	8.5
24847	2006	177	20995.2	3.2	9.1	0.8312	5.9	0
24847	2006	178	19526.4	5.3	10.3	0.8884	3.2	6.5
24847	2006	179	21081.6	3.8	7.5	0.812	7.5	23.9
24847	2006	180	9244.8	0.3	7	0.7696	6.7	14.9
24847	2006	181	13910.4	-1.4	2.8	0.6364	7.5	1.3
24847	2006	182	15120	-1.2	2.6	0.6299	5.2	2.2
24847	2006	183	25488	-1.8	5.3	0.6724	3.2	0
24847	2006	184	24710.4	1.4	7.5	0.7469	2.1	0
24847	2006	185	20563.2	2.9	7.6	0.8696	3.8	0.2
24847	2006	186	24105.6	3.6	7.9	0.8085	4.5	2.2
24847	2006	187	12787.2	3.3	7.1	0.8578	10.2	6.5
24847	2006	188	21859.2	1.7	8.1	0.8574	3.8	3.6
24847	2006	189	15984	2.1	6.6	0.825	4.5	6.1
24847	2006	190	17452.8	2	7.1	0.8282	3.2	6.6
24847	2006	191	27820.8	1.1	6.2	0.6744	4.5	0
24847	2006	192	22896	2.7	9.8	0.7894	1	0
24847	2006	193	12009.6	3.7	7.9	0.9127	7.5	6
24847	2006	194	27388.8	2.8	7.3	0.7789	3.8	0
24847	2006	195	16761.6	3.1	6.6	0.8544	3.8	1.2
24847	2006	196	19872	1.9	5.7	0.7938	4.5	0
24847	2006	197	29376	1.9	6.8	0.6417	7.5	0
24847	2006	198	32745.6	1.5	6.1	0.4811	5.9	0
24847	2006	199	31708.8	2.4	9.1	0.5604	2.1	0
24847	2006	200	29980.8	5.6	12.7	0.7881	1	0
24847	2006	201	20649.6	7.4	12.8	1.0376	2.6	0
24847	2006	202	16070.4	6.4	11.4	0.98	3.8	2.5
24847	2006	203	18835.2	4	10.3	0.8397	2.6	6.3
24847	2006	204	19180.8	4.8	9.6	1.0152	4.5	7.6
24847	2006	205	19872	3.7	10.1	0.9647	2.1	1.4
24847	2006	206	22032	5.1	9.3	0.802	3.8	0
24847	2006	207	21513.6	5.6	10.3	0.9723	3.8	11.2
24847	2006	208	14601.6	4.9	10.7	0.9942	3.2	0
24847	2006	209	17280	5.9	9.9	0.9371	5.2	28
24847	2006	210	8899.2	2.8	7	0.866	3.8	12
24847	2006	211	21340.8	2.6	5.8	0.8081	5.9	0.7
24847	2006	212	13996.8	3.9	8.6	0.875	4.5	5
24847	2006	213	9676.8	3.8	6.4	0.8694	3.8	16
24847	2006	214	16156.8	-0.6	4.2	0.6887	4.5	18.9
24847	2006	215	6220.8	-2.5	1	0.5785	5.9	22.2
24847	2006	216	12787.2	-4.2	-1.5	0.4905	10.2	5.7
24847	2006	217	16502.4	-3	-0.7	0.5283	5.9	8.7
24847	2006	218	13305.6	-2.2	-0.4	0.5501	5.9	20
24847	2006	219	7948.8	-1.4	0	0.5748	13.1	8.9
24847	2006	220	13737.6	-1.8	0.7	0.5753	7.5	1.5
24847	2006	221	15811.2	-0.4	1.2	0.629	2.6	7
24847	2006	222	15379.2	-1.8	0.4	0.5806	3.2	7.6
24847	2006	223	13824	-4.2	0.1	0.5258	2.1	8.5
24847	2006	224	13132.8	-4.5	-2	0.4809	4.5	10.3
24847	2006	225	15811.2	-6.2	-0.9	0.4561	5.9	4.9
24847	2006	226	14515.2	-3.4	0.4	0.5421	5.2	10.5
24847	2006	227	18576	-4.2	0.5	0.5176	9.2	0
24847	2006	228	11059.2	-1.2	1.3	0.6132	17.5	1.6
24847	2006	229	12528	0	3.8	0.6867	10.2	4
24847	2006	230	9244.8	1.8	5.3	0.7878	10.2	2.8
24847	2006	231	10800	1.5	6	0.783	13.1	0
24847	2006	232	13392	-1.2	5.5	0.7133	5.2	5.6
24847	2006	233	20304	-1.7	1.2	0.594	3.2	2
24847	2006	234	19008	-0.4	2	0.628	5.9	1.3
24847	2006	235	23932.8	-0.7	3.8	0.6697	5.9	0
24847	2006	236	12960	0.8	5.3	0.7452	6.7	25.4
24847	2006	237	18489.6	-5.2	1	0.5134	5.9	0.3
24847	2006	238	14428.8	-2.8	1.1	0.5685	3.8	7.1
24847	2006	239	14515.2	-2.4	0.2	0.5582	4.5	23
24847	2006	240	9849.6	-3.9	-0.7	0.5058	7.5	18.8
24847	2006	241	17798.4	-7.3	-1	0.4405	6.7	6.9
24847	2006	242	13651.2	-7.2	-4.6	0.3897	4.5	29.1
24847	2006	243	19612.8	-6.6	-0.9	0.4308	5.2	0
24847	2006	244	24624	-5.4	4.4	0.4301	3.2	0
24847	2006	245	19094.4	1.7	5.6	0.6506	2.6	0
24847	2006	246	12009.6	1.9	5.8	0.7483	5.2	0
24847	2006	247	22636.8	4.5	9	0.8958	3.8	0
24847	2006	248	22809.6	2.8	7.8	0.7213	5.2	0
24847	2006	249	23414.4	4.7	10.1	0.494	3.8	2
24847	2006	250	14601.6	5.2	9.3	0.9066	3.2	24
24847	2006	251	13046.4	-0.8	6.3	0.5732	6.7	2
24847	2006	252	23673.6	1.2	6.5	0.3299	3.8	0
24847	2006	253	22723.2	3.2	7.1	0.4935	1	0
24847	2006	254	16675.2	2.9	6.6	0.5828	3.2	0
24847	2006	255	21772.8	2.3	5.8	0.6038	3.2	0
24847	2006	256	21859.2	1.8	4.9	0.6447	5.9	0
24847	2006	257	8035.2	-0.3	2.2	0.6283	13.1	0.5
24847	2006	258	4060.8	-1	3.1	0.6592	13.1	12.2
24847	2006	259	8035.2	0.7	3.7	0.7015	7.5	2.3
24847	2006	260	9244.8	-0.7	1.8	0.6359	5.2	2.5
24847	2006	261	6998.4	-0.5	1.6	0.6231	5.2	16.1
24847	2006	262	7430.4	-1.2	0.3	0.5795	5.2	10.1
24847	2006	263	18403.2	-2.4	1	0.5167	5.9	0
24847	2006	264	20476.8	-0.8	5.9	0.367	4.5	0
24847	2006	265	20390.4	5.6	9.3	0.4234	2.1	0
24847	2006	266	20476.8	4.2	7.3	0.3951	3.8	0
24847	2006	267	20044.8	0.6	7.1	0.6196	5.9	0
24847	2006	268	16588.8	2	5.1	0.5672	6.7	0
24847	2006	269	7516.8	-0.8	2.8	0.6503	5.2	7.8
24847	2006	270	11059.2	-1.3	0.2	0.5811	5.9	0
24847	2006	271	13996.8	-2.2	2	0.5702	2.1	0
24847	2006	272	11232	-0.6	2.5	0.6218	5.2	0
24847	2006	273	7948.8	0.4	2.9	0.6676	4.5	0
24847	2006	274	14083.2	0.2	4.3	0.6035	5.9	0.6
24847	2006	275	3715.2	1.8	2.9	0.7235	7.5	0.5
24847	2006	276	3283.2	1.2	2.4	0.6957	18.7	13.5
24847	2006	277	5097.6	-5.2	2.3	0.5386	7.5	16.4
24847	2006	278	12614.4	-6.5	-2.3	0.4279	3.2	0.2
24847	2006	279	17280	-8.3	-1.3	0.3167	7.5	0
24847	2006	280	11836.8	-3.2	0	0.5055	7.5	6.9
24847	2006	281	16761.6	-7.7	2.2	0.3045	6.7	0
24847	2006	282	16761.6	1	4	0.3803	3.8	0
24847	2006	283	16416	1.2	3.3	0.4023	5.9	0
24847	2006	284	15984	1.1	2.7	0.4765	4.5	0
24847	2006	285	15292.8	-0.2	1.4	0.485	6.7	0
24847	2006	286	14688	-1.5	-0.2	0.5341	7.5	0
24847	2006	287	8812.8	-1.8	-0.6	0.5373	3.8	0
24847	2006	288	15465.6	-6	-0.5	0.3463	4.5	0
24847	2006	289	15206.4	-3.9	-2	0.2459	7.5	0
24847	2006	290	15292.8	-2.2	3.9	0.1559	2.6	0
24847	2006	291	13651.2	1.4	3	0.2362	7.5	0
24847	2006	292	13046.4	-0.5	2.4	0.4712	13.1	0
24847	2006	293	4579.2	-2.8	-0.5	0.5415	14.2	0.6
24847	2006	294	8985.6	-3.6	0.1	0.473	2.6	0
24847	2006	295	10195.2	-1.6	-0.2	0.515	9.2	0
24847	2006	296	7862.4	-3	0.6	0.5373	16.4	4
24847	2006	297	2246.4	-0.6	1.2	0.6244	13.1	14.5
24847	2006	298	11491.2	-3.9	2.6	0.4487	9.2	0
24847	2006	299	12096	1.1	7.2	0.5259	10.2	0
24847	2006	300	12614.4	3.9	5.7	0.5418	6.7	0.8
24847	2006	301	8726.4	-1.2	3.9	0.6062	7.5	1.4
24847	2006	302	6220.8	-2.7	-0.1	0.5405	5.2	31.4
24847	2006	303	9417.6	-7.8	-2.7	0.3806	11.1	2.3
24847	2006	304	10800	-4.3	2.4	0.382	5.9	0
24847	2006	305	8467.2	-12.5	0.5	0.3829	7.5	29.4
24847	2006	306	8467.2	-20.4	-12.5	0.1675	7.5	16.3
24847	2006	307	4924.8	-19.1	-16.5	0.1495	10.2	9.8
24847	2006	308	8380.8	-19	-11.7	0.1818	16.4	0
24847	2006	309	10108.8	-12.4	-6.8	0.2836	15.3	1.8
24847	2006	310	7344	-8.4	-2.9	0.2367	17.5	0
24847	2006	311	10800	-4.6	3.1	0.1735	4.5	0
24847	2006	312	10800	-2.4	2	0.3854	6.7	0
24847	2006	313	5356.8	-6.8	-2.4	0.4302	7.5	24
24847	2006	314	7948.8	-15.1	-6.8	0.2096	8.4	3.4
24847	2006	315	5184	-10.1	-3.2	0.1227	11.1	8.5
24847	2006	316	5011.2	-13.3	-5.3	0.3024	7.5	29
24847	2006	317	7603.2	-14.2	-3.9	0.3023	12.1	3.1
24847	2006	318	6739.2	-5.1	-1.4	0.4761	8.4	0.6
24847	2006	319	9331.2	-2.3	0.4	0.4618	7.5	0
24847	2006	320	9417.6	-4	0.2	0.4094	14.2	0
24847	2006	321	8985.6	-4.1	0.1	0.3852	15.3	0
24847	2006	322	5702.4	-4.8	-2.5	0.4621	11.1	1.3
24847	2006	323	5011.2	-6.3	-3.3	0.4195	9.2	1
24847	2006	324	4320	-9.3	-6	0.3372	8.4	1
24847	2006	325	8121.6	-10	-4.8	0.1789	8.4	5.3
24847	2006	326	3628.8	-12.8	-7.6	0.2761	9.2	9.1
24847	2006	327	7257.6	-13.9	-2.7	0.2584	8.4	0
24847	2006	328	7516.8	-4.5	-2.2	0.4201	11.1	1
24847	2006	329	6998.4	-4.4	3.6	0.4451	12.1	0
24847	2006	330	8380.8	0.3	2.9	0.3017	7.5	0
24847	2006	331	8294.4	0.1	1.5	0.2201	7.5	0
24847	2006	332	7171.2	-1.5	0.6	0.2188	9.2	0
24847	2006	333	7776	-7.1	-1.3	0.318	3.8	0
24847	2006	334	7948.8	-7.5	-0.3	0.2245	3.8	0
24847	2006	335	7948.8	-2.1	-0.3	0.1847	5.9	0
24847	2006	336	7862.4	-3.3	-1.3	0.16	12.1	0
24847	2006	337	6739.2	-5.5	-2.9	0.2732	8.4	0
24847	2006	338	4233.6	-6.8	-5.3	0.3775	10.2	2.9
24847	2006	339	4060.8	-6.8	-2.6	0.3968	11.1	0.2
24847	2006	340	3715.2	-5.3	-3.2	0.4462	14.2	4.6
24847	2006	341	2073.6	-4.9	-4.2	0.4362	16.4	7.1
24847	2006	342	3196.8	-6.4	-4.7	0.4043	18.7	8.4
24847	2006	343	1814.4	-8.6	-5.7	0.3576	5.9	26.4
24847	2006	344	4406.4	-13.6	-8.4	0.2617	5.2	3.6
24847	2006	345	7603.2	-14.4	-11.7	0.1143	5.2	0
24847	2006	346	4406.4	-12.9	-3.9	0.2726	5.9	0
24847	2006	347	7257.6	-8	-4.8	0.2273	6.7	0
24847	2006	348	6998.4	-5.3	0.5	0.2203	3.8	0
24847	2006	349	7084.8	-1.7	-0.3	0.2158	10.2	0
24847	2006	350	6998.4	-6.8	-1.4	0.3474	10.2	0
24847	2006	351	4752	-7.2	-6.2	0.3591	5.2	4.6
24847	2006	352	3196.8	-15.7	-7	0.2493	9.2	4.6
24847	2006	353	3888	-17.2	-15.2	0.1624	14.2	0.3
24847	2006	354	7171.2	-15.9	-11.6	0.0889	9.2	0.6
24847	2006	355	5875.2	-15.5	-12.4	0.1957	13.1	1.6
24847	2006	356	7084.8	-15	-7.4	0.1353	7.5	0
24847	2006	357	6998.4	-7.5	-5.1	0.1833	5.9	0
24847	2006	358	6825.6	-7.3	-3.1	0.3446	5.2	0
24847	2006	359	7084.8	-8.6	-6	0.1308	8.4	0
24847	2006	360	6998.4	-8.6	-5.5	0.2018	4.5	0
24847	2006	361	7171.2	-7.1	-5.6	0.194	4.5	0
24847	2006	362	7084.8	-8.5	-6.5	0.1183	5.9	4.2
24847	2006	363	4665.6	-10.8	-8.5	0.2913	4.5	1.4
24847	2006	364	7171.2	-9.1	-2.9	0.1289	5.2	0
24847	2006	365	5616	-6.4	-3.9	0.2209	11.1	0
